202.00000 1.00000 0.99984 0.99893 1.00000 0.00000 0.12631 0.28561 0.20874 0.00000 0.00188 0.00658 0.62715 0.27282 0.23077 0.48052 0.00701 0.99339 0.57744 0.38452 0.00000 0.27835 0.62791 1.00000 0.01985 0.01431
202.00000 2.00000 0.00007 0.00000 1.00000 1.00000 0.97613 0.92852 0.89189 1.00000 0.99875 0.96211 0.99873 0.88089 0.94872 0.91721 0.96363 0.99328 0.70007 0.08379 1.00000 0.91753 1.00000 1.00000 0.97343 0.97871
202.00000 3.00000 0.99985 0.99988 1.00000 0.00000 0.12089 0.28439 0.24717 0.00000 0.00188 0.00511 0.62719 0.28156 0.23077 0.46834 0.00677 0.99336 0.58016 0.38158 0.00000 0.27835 0.62791 1.00000 0.01177 0.01083
202.00000 4.00000 0.99998 1.00000 1.00000 0.00000 0.11915 0.27921 0.23125 0.00000 0.00188 0.00499 0.62726 0.27398 0.23077 0.46104 0.00613 0.99333 0.57145 0.41510 0.00000 0.28866 0.62791 1.00000 0.01615 0.01013
202.00000 5.00000 0.99998 0.99762 1.00000 0.00000 0.12787 0.27551 0.20524 0.00000 0.00188 0.00479 0.62728 0.28023 0.23077 0.47403 0.00582 0.99339 0.57059 0.39123 0.00000 0.25773 0.62791 1.00000 0.01413 0.02038
202.00000 6.00000 0.83314 0.99905 1.00000 0.06027 0.18441 0.30070 0.23235 0.14659 0.14492 0.13480 0.65034 0.29135 0.23077 0.45211 0.13283 0.99303 0.52692 0.38324 0.00000 0.31959 0.65116 1.00000 0.16280 0.15776
202.00000 7.00000 0.47627 0.83135 1.00000 0.62699 0.65990 0.64953 0.51428 0.50794 0.49875 0.45801 0.86316 0.60750 0.38462 0.64854 0.45601 0.99295 0.52016 0.35027 0.00000 0.64948 0.86469 1.00000 0.47830 0.48873
202.00000 8.00000 0.23806 0.29762 1.00000 0.59794 0.63090 0.68728 0.66418 0.61718 0.61481 0.59677 0.85263 0.65851 0.84615 0.74188 0.59556 0.99311 0.69248 0.15187 1.00000 0.68041 0.85412 1.00000 0.62630 0.62310
202.00000 9.00000 0.00005 0.00000 1.00000 1.00000 0.97641 0.92998 0.89980 1.00000 0.99875 0.96413 0.99871 0.88072 0.94872 0.91477 0.96388 0.99308 0.70909 0.07102 1.00000 0.92784 1.00000 1.00000 0.96905 0.97582
202.00000 10.00000 0.00006 0.00238 1.00000 1.00000 0.97824 0.90805 0.90669 1.00000 0.99875 0.96252 0.99869 0.88581 0.94872 0.90260 0.96427 0.99317 0.69466 0.07677 1.00000 0.90722 1.00000 1.00000 0.97410 0.97394
202.00000 11.00000 0.99985 0.99893 1.00000 0.00000 0.12392 0.31229 0.23790 0.00000 0.00188 0.00605 0.62730 0.27474 0.23077 0.46347 0.00477 0.99333 0.58064 0.38902 0.00000 0.27835 0.62791 1.00000 0.01682 0.01220
202.00000 12.00000 0.23824 0.29691 1.00000 0.59794 0.63108 0.67291 0.66240 0.61718 0.61481 0.59663 0.85272 0.65593 0.84615 0.72403 0.59551 0.99306 0.69959 0.13859 1.00000 0.67010 0.85412 1.00000 0.62630 0.62823
202.00000 13.00000 0.23804 0.29715 1.00000 0.59794 0.62869 0.67335 0.65397 0.61718 0.61481 0.59502 0.85265 0.65553 0.84615 0.74026 0.59614 0.99314 0.70246 0.15405 1.00000 0.69072 0.85412 1.00000 0.62328 0.63565
202.00000 14.00000 0.23819 0.29774 1.00000 0.59794 0.63090 0.68974 0.66622 0.61718 0.61543 0.59504 0.85268 0.65266 0.84615 0.73539 0.59756 0.99308 0.70070 0.14028 1.00000 0.68041 0.85412 1.00000 0.61689 0.63110
202.00000 15.00000 0.47609 0.83349 1.00000 0.62699 0.65889 0.63327 0.53030 0.50794 0.49875 0.45629 0.86331 0.61006 0.38462 0.64610 0.45706 0.99300 0.52230 0.34346 0.00000 0.62887 0.86469 1.00000 0.48234 0.48718
202.00000 16.00000 0.59531 0.73634 0.00000 0.23809 0.01019 0.03821 0.04602 0.29318 0.20954 0.09180 0.00131 0.02131 0.02564 0.03490 0.09003 0.00187 0.05925 0.92265 0.00000 0.04124 0.00000 0.00000 0.13690 0.13845
202.00000 17.00000 0.83313 0.99929 1.00000 0.06027 0.17725 0.32633 0.22632 0.14659 0.14492 0.13305 0.65017 0.29399 0.23077 0.45455 0.13449 0.99308 0.52877 0.38539 0.00000 0.31959 0.65116 1.00000 0.15607 0.16385
202.00000 18.00000 0.99978 0.99762 1.00000 0.00000 0.12603 0.29906 0.23442 0.00000 0.00188 0.00598 0.62719 0.27930 0.23077 0.47240 0.00716 0.99325 0.57422 0.39788 0.00000 0.26804 0.62791 1.00000 0.01917 0.01986
202.00000 19.00000 0.47615 0.83135 1.00000 0.62699 0.65412 0.64035 0.53265 0.50794 0.49875 0.45787 0.86325 0.60992 0.38462 0.66071 0.45643 0.99311 0.51971 0.36550 0.00000 0.64948 0.86469 1.00000 0.48436 0.48608
202.00000 20.00000 0.99995 0.99941 1.00000 0.00000 0.13191 0.27962 0.22008 0.00000 0.00188 0.00538 0.62711 0.27854 0.23077 0.46185 0.00457 0.99325 0.56775 0.40286 0.00000 0.28866 0.62791 1.00000 0.01850 0.01545
202.00000 21.00000 0.23810 0.29869 1.00000 0.59794 0.62943 0.68452 0.65704 0.61718 0.61481 0.59622 0.85259 0.64548 0.84615 0.72159 0.59475 0.99297 0.69510 0.15360 1.00000 0.68041 0.85412 1.00000 0.62361 0.62149
202.00000 22.00000 0.59527 0.73824 0.00000 0.23809 0.01010 0.02676 0.06617 0.29318 0.20954 0.08922 0.00127 0.01869 0.02564 0.03084 0.08911 0.00185 0.06774 0.92344 0.00000 0.04124 0.00000 0.00000 0.13757 0.14002
202.00000 23.00000 0.23808 0.29869 1.00000 0.59794 0.63026 0.67596 0.65214 0.61718 0.61481 0.59332 0.85257 0.65415 0.84615 0.73133 0.59746 0.99319 0.67377 0.14191 1.00000 0.67010 0.85412 1.00000 0.62361 0.62944
202.00000 24.00000 0.99988 0.99774 1.00000 0.00000 0.12420 0.27435 0.20898 0.00000 0.00188 0.00412 0.62732 0.27541 0.23077 0.45860 0.00667 0.99333 0.58040 0.38428 0.00000 0.28866 0.62791 1.00000 0.01715 0.01556
202.00000 25.00000 0.23821 0.29691 1.00000 0.59794 0.63136 0.69260 0.65546 0.61718 0.61481 0.59564 0.85255 0.65225 0.84615 0.73539 0.59644 0.99314 0.67651 0.14454 1.00000 0.68041 0.85412 1.00000 0.62429 0.62277
202.00000 26.00000 0.47627 0.83135 1.00000 0.62699 0.65743 0.63262 0.51070 0.50794 0.49937 0.45603 0.86331 0.60847 0.38462 0.66558 0.45625 0.99308 0.51689 0.34512 0.00000 0.62887 0.86469 1.00000 0.48873 0.48813
202.00000 27.00000 0.59519 0.73634 0.00000 0.23809 0.00753 0.03626 0.02327 0.29318 0.20954 0.09012 0.00129 0.02042 0.02564 0.03166 0.08911 0.00187 0.06435 0.92417 0.00000 0.04124 0.00000 0.00000 0.14396 0.14822
202.00000 28.00000 0.00004 0.00000 1.00000 1.00000 0.98127 0.92809 0.88149 1.00000 0.99875 0.96330 0.99859 0.88212 0.94872 0.89773 0.96434 0.99311 0.70484 0.07185 1.00000 0.91753 1.00000 1.00000 0.96737 0.97338
202.00000 29.00000 0.99976 0.99857 1.00000 0.00000 0.13035 0.28531 0.24162 0.00000 0.00188 0.00637 0.62717 0.27812 0.23077 0.46510 0.00569 0.99330 0.58059 0.39822 0.00000 0.28866 0.62791 1.00000 0.01715 0.01362
202.00000 30.00000 0.59528 0.73812 0.00000 0.23809 0.01331 0.03986 0.04463 0.29318 0.20954 0.08874 0.00129 0.01007 0.02564 0.04708 0.08810 0.00179 0.05131 0.90843 0.00000 0.04124 0.00000 0.00000 0.14934 0.14108
202.00000 31.00000 0.83324 0.99762 1.00000 0.06027 0.18056 0.30897 0.23132 0.14659 0.14492 0.13689 0.65036 0.29289 0.23077 0.46753 0.13317 0.99311 0.51733 0.38791 0.00000 0.28866 0.65116 1.00000 0.15540 0.16325
202.00000 32.00000 0.00003 0.00226 1.00000 1.00000 0.98238 0.92455 0.89588 1.00000 0.99875 0.96314 0.99859 0.87956 0.94872 0.89610 0.96415 0.99314 0.71241 0.06597 1.00000 0.92784 1.00000 1.00000 0.98116 0.97315
202.00000 33.00000 0.83327 0.99762 1.00000 0.06027 0.18019 0.31596 0.24256 0.14659 0.14492 0.13340 0.65024 0.29482 0.23077 0.45211 0.13349 0.99325 0.52651 0.37764 0.00000 0.29897 0.65116 1.00000 0.15607 0.15962
202.00000 34.00000 0.00001 0.00000 1.00000 1.00000 0.98247 0.92056 0.91392 1.00000 0.99875 0.96314 0.99865 0.87786 0.94872 0.88961 0.96285 0.99317 0.71003 0.07026 1.00000 0.91753 1.00000 1.00000 0.96704 0.97542
202.00000 35.00000 0.99985 0.99762 1.00000 0.00000 0.13145 0.28950 0.22263 0.00000 0.00188 0.00561 0.62724 0.27577 0.23077 0.44237 0.00472 0.99328 0.57782 0.39864 0.00000 0.28866 0.62791 1.00000 0.01278 0.01801
202.00000 36.00000 0.59511 0.73634 0.00000 0.23809 0.01404 0.02141 0.04047 0.29318 0.20954 0.08989 0.00139 0.01992 0.02564 0.02922 0.08783 0.00190 0.07053 0.91991 0.00000 0.03093 0.00000 0.00000 0.13656 0.14103
202.00000 37.00000 0.47627 0.83242 1.00000 0.62699 0.65541 0.62806 0.51738 0.50794 0.49875 0.45764 0.86312 0.60671 0.35897 0.64367 0.45559 0.99306 0.53108 0.34702 0.00000 0.64948 0.86469 1.00000 0.47730 0.49136
202.00000 38.00000 0.47607 0.83159 1.00000 0.62699 0.65219 0.62739 0.53998 0.50794 0.49875 0.45539 0.86329 0.60285 0.38462 0.65341 0.45633 0.99297 0.51865 0.33747 0.00000 0.62887 0.86469 1.00000 0.48200 0.48503
202.00000 39.00000 0.99988 0.99834 1.00000 0.00000 0.12135 0.27222 0.22560 0.00000 0.00188 0.00716 0.62722 0.27554 0.23077 0.47646 0.00540 0.99333 0.57258 0.39161 0.00000 0.26804 0.62791 1.00000 0.01345 0.01115
202.00000 40.00000 0.47625 0.83266 1.00000 0.62699 0.66027 0.65992 0.52276 0.50794 0.49937 0.45640 0.86337 0.60565 0.38462 0.65990 0.45704 0.99314 0.51290 0.32516 0.00000 0.63918 0.86469 1.00000 0.48570 0.48707
202.00000 41.00000 0.23808 0.29691 1.00000 0.59794 0.62897 0.68596 0.64503 0.61718 0.61481 0.59392 0.85261 0.65475 0.84615 0.73214 0.59526 0.99311 0.67956 0.14717 1.00000 0.67010 0.85412 1.00000 0.62597 0.62322
202.00000 42.00000 0.23807 0.29691 1.00000 0.59794 0.62989 0.68558 0.67414 0.61718 0.61481 0.59488 0.85268 0.64834 0.84615 0.74269 0.59553 0.99308 0.68343 0.14436 1.00000 0.67010 0.85412 1.00000 0.62126 0.62779
202.00000 43.00000 0.99996 1.00000 1.00000 0.00000 0.12888 0.29031 0.22270 0.00000 0.00188 0.00603 0.62711 0.27295 0.23077 0.45617 0.00618 0.99330 0.57246 0.39469 0.00000 0.27835 0.62791 1.00000 0.01009 0.01968
202.00000 44.00000 0.00002 0.00107 1.00000 1.00000 0.97981 0.92620 0.87952 1.00000 0.99875 0.96376 0.99867 0.88411 0.94872 0.91396 0.96471 0.99308 0.71236 0.06251 1.00000 0.90722 1.00000 1.00000 0.97141 0.97321
202.00000 45.00000 0.99979 0.99774 1.00000 0.00000 0.11961 0.27683 0.21703 0.00000 0.00188 0.00543 0.62713 0.27271 0.23077 0.44399 0.00481 0.99317 0.58449 0.38418 0.00000 0.26804 0.62791 1.00000 0.00639 0.01284
202.00000 46.00000 0.00006 0.00107 1.00000 1.00000 0.98063 0.92850 0.89216 1.00000 0.99875 0.96390 0.99869 0.88546 0.94872 0.90828 0.96373 0.99317 0.70481 0.06985 1.00000 0.91753 1.00000 1.00000 0.97141 0.97267
202.00000 47.00000 0.99993 0.99762 1.00000 0.00000 0.12677 0.26430 0.22431 0.00000 0.00188 0.00630 0.62724 0.27730 0.23077 0.45617 0.00430 0.99308 0.57513 0.39687 0.00000 0.29897 0.62791 1.00000 0.01110 0.01749
202.00000 48.00000 0.00003 0.00178 1.00000 1.00000 0.97944 0.91351 0.88339 1.00000 0.99812 0.96438 0.99880 0.88445 0.94872 0.90179 0.96339 0.99330 0.69914 0.07594 1.00000 0.92784 1.00000 1.00000 0.97141 0.97772
202.00000 49.00000 0.83321 0.99822 1.00000 0.06027 0.18001 0.29917 0.22664 0.14659 0.14492 0.13457 0.65036 0.29732 0.23077 0.45211 0.13285 0.99325 0.52718 0.38314 0.00000 0.32990 0.65116 1.00000 0.16011 0.16197
202.00000 50.00000 0.47614 0.83135 1.00000 0.62699 0.65513 0.65272 0.52079 0.50794 0.49875 0.45872 0.86331 0.60747 0.35897 0.65990 0.45679 0.99319 0.51153 0.34834 0.00000 0.62887 0.86469 1.00000 0.48470 0.48890
202.00000 51.00000 0.00003 0.00012 1.00000 1.00000 0.98072 0.92204 0.88800 1.00000 0.99875 0.96436 0.99863 0.88215 0.94872 0.88474 0.96459 0.99317 0.69959 0.05708 1.00000 0.92784 1.00000 1.00000 0.97040 0.97250
202.00000 52.00000 0.99999 0.99774 1.00000 0.00000 0.12392 0.28680 0.21614 0.00000 0.00188 0.00658 0.62717 0.28247 0.23077 0.45049 0.00550 0.99328 0.56510 0.38743 0.00000 0.26804 0.62791 1.00000 0.01715 0.01415
202.00000 53.00000 0.83315 0.99762 1.00000 0.06027 0.17992 0.32063 0.24484 0.14659 0.14492 0.13462 0.65045 0.29461 0.23077 0.46104 0.13366 0.99314 0.54135 0.38608 0.00000 0.31959 0.65116 1.00000 0.16650 0.15904
202.00000 54.00000 0.99982 0.99941 1.00000 0.00000 0.12466 0.27535 0.21122 0.00000 0.00188 0.00561 0.62722 0.27332 0.23077 0.47078 0.00469 0.99325 0.56828 0.39511 0.00000 0.28866 0.62791 1.00000 0.02254 0.01949
202.00000 55.00000 0.00005 0.00000 1.00000 1.00000 0.97613 0.90544 0.90839 1.00000 0.99875 0.96070 0.99867 0.87923 0.94872 0.91477 0.96447 0.99311 0.71602 0.07739 1.00000 0.92784 1.00000 1.00000 0.97275 0.97379
202.00000 56.00000 0.47625 0.83207 1.00000 0.62699 0.65531 0.61575 0.53239 0.50794 0.49875 0.45698 0.86335 0.60964 0.38462 0.65747 0.45647 0.99311 0.51071 0.33394 0.00000 0.62887 0.86469 1.00000 0.47965 0.48694
202.00000 57.00000 0.59529 0.73682 0.00000 0.23809 0.01120 0.03246 0.04587 0.29318 0.20954 0.09088 0.00116 0.01818 0.02564 0.03409 0.09013 0.00196 0.06432 0.91870 0.00000 0.05155 0.00000 0.00000 0.13320 0.13605
202.00000 58.00000 0.59523 0.73658 0.00000 0.23809 0.00551 0.03475 0.04179 0.29318 0.20954 0.09111 0.00137 0.01728 0.02564 0.04789 0.08847 0.00187 0.06673 0.93140 0.00000 0.05155 0.00000 0.00000 0.14094 0.14327
202.00000 59.00000 0.23810 0.29703 1.00000 0.59794 0.63172 0.69822 0.67013 0.61718 0.61481 0.59771 0.85272 0.65951 0.84615 0.74594 0.59512 0.99300 0.68553 0.13810 1.00000 0.69072 0.85412 1.00000 0.62664 0.62778
202.00000 60.00000 0.83328 0.99762 1.00000 0.06027 0.18175 0.33038 0.25587 0.14659 0.14492 0.13413 0.65034 0.29414 0.23077 0.45049 0.13307 0.99300 0.53630 0.37881 0.00000 0.30928 0.65116 1.00000 0.15843 0.15987
202.00000 61.00000 0.59509 0.73682 0.00000 0.23809 0.01019 0.04774 0.04155 0.29318 0.20954 0.08904 0.00129 0.01561 0.02564 0.05357 0.08859 0.00176 0.06817 0.91839 0.00000 0.05155 0.00000 0.00000 0.13623 0.14419
202.00000 62.00000 1.00000 0.99762 1.00000 0.00000 0.12594 0.28183 0.22339 0.00000 0.00188 0.00520 0.62722 0.27624 0.23077 0.45860 0.00572 0.99330 0.57258 0.40587 0.00000 0.28866 0.62791 1.00000 0.01783 0.01857
202.00000 63.00000 0.99979 0.99762 1.00000 0.00000 0.12466 0.29144 0.21251 0.00000 0.00188 0.00561 0.62722 0.27501 0.23077 0.45373 0.00513 0.99339 0.58554 0.40109 0.00000 0.28866 0.62791 1.00000 0.01547 0.01824
202.00000 64.00000 0.23820 0.29691 1.00000 0.59794 0.63310 0.67969 0.67174 0.61718 0.61481 0.59629 0.85268 0.65867 0.84615 0.73539 0.59683 0.99317 0.68747 0.14561 1.00000 0.68041 0.85412 1.00000 0.62967 0.62752
202.00000 65.00000 0.99978 0.99762 1.00000 0.00000 0.11942 0.27327 0.22868 0.00000 0.00188 0.00628 0.62730 0.27705 0.23077 0.45292 0.00604 0.99330 0.57932 0.39649 0.00000 0.27835 0.62791 1.00000 0.01884 0.02549
202.00000 66.00000 0.47605 0.83135 1.00000 0.62699 0.65715 0.62104 0.53121 0.50794 0.49875 0.45576 0.86327 0.61124 0.35897 0.65747 0.45667 0.99306 0.52649 0.34457 0.00000 0.62887 0.86469 1.00000 0.48705 0.48334
202.00000 67.00000 0.99986 0.99762 1.00000 0.00000 0.12640 0.29236 0.21960 0.00000 0.00188 0.00453 0.62732 0.27727 0.23077 0.47240 0.00577 0.99314 0.57840 0.38815 0.00000 0.27835 0.62791 1.00000 0.01446 0.02241
202.00000 68.00000 0.47625 0.83135 1.00000 0.62699 0.65587 0.65590 0.50936 0.50794 0.49875 0.45576 0.86331 0.60596 0.38462 0.66477 0.45559 0.99306 0.52875 0.34709 0.00000 0.62887 0.86469 1.00000 0.48739 0.48684
202.00000 69.00000 0.47626 0.83314 1.00000 0.62699 0.65265 0.63543 0.49802 0.50794 0.49812 0.45493 0.86327 0.60605 0.38462 0.65909 0.45508 0.99308 0.52863 0.34522 0.00000 0.62887 0.86469 1.00000 0.49008 0.48972
202.00000 70.00000 0.00007 0.00000 1.00000 1.00000 0.97742 0.94589 0.90297 1.00000 0.99875 0.96395 0.99867 0.88819 0.94872 0.91071 0.96486 0.99319 0.70383 0.07251 1.00000 0.92784 1.00000 1.00000 0.97881 0.98031
202.00000 71.00000 0.59532 0.73634 0.00000 0.23809 0.00698 0.02514 0.04487 0.29318 0.20954 0.09081 0.00129 0.01571 0.02564 0.04221 0.08923 0.00190 0.06290 0.91393 0.00000 0.02062 0.00000 0.00000 0.14363 0.14332
202.00000 72.00000 0.99998 0.99762 1.00000 0.00000 0.12300 0.29341 0.21273 0.00000 0.00188 0.00589 0.62728 0.27843 0.23077 0.47484 0.00459 0.99339 0.56114 0.39009 0.00000 0.28866 0.62791 1.00000 0.01514 0.02065
202.00000 73.00000 0.99991 0.99786 1.00000 0.00000 0.12475 0.28153 0.22548 0.00000 0.00188 0.00467 0.62719 0.27301 0.23077 0.46834 0.00582 0.99319 0.57544 0.38933 0.00000 0.28866 0.62791 1.00000 0.01446 0.01664
202.00000 74.00000 0.00004 0.00000 1.00000 1.00000 0.97999 0.92145 0.88889 1.00000 0.99875 0.96275 0.99880 0.88212 0.94872 0.90422 0.96488 0.99322 0.70724 0.06919 1.00000 0.92784 1.00000 1.00000 0.96973 0.97121
202.00000 75.00000 0.83332 0.99762 1.00000 0.06027 0.17845 0.32557 0.24025 0.14659 0.14492 0.13494 0.65036 0.30585 0.23077 0.45455 0.13573 0.99317 0.53894 0.38968 0.00000 0.30928 0.65116 1.00000 0.16482 0.16367
202.00000 76.00000 0.83316 0.99988 1.00000 0.06027 0.17845 0.29722 0.23670 0.14659 0.14492 0.13584 0.65051 0.30209 0.23077 0.46104 0.13344 0.99333 0.52560 0.38452 0.00000 0.31959 0.65116 1.00000 0.15641 0.15924
202.00000 77.00000 0.83327 0.99762 1.00000 0.06027 0.18368 0.33276 0.21979 0.14659 0.14492 0.13347 0.65038 0.29799 0.23077 0.46023 0.13263 0.99314 0.54087 0.38172 0.00000 0.31959 0.65116 1.00000 0.15876 0.16086
202.00000 78.00000 0.59516 0.73777 0.00000 0.23809 0.00597 0.03508 0.02937 0.29318 0.20954 0.08874 0.00129 0.01057 0.02564 0.04870 0.08827 0.00193 0.06550 0.92206 0.00000 0.05155 0.00000 0.00000 0.14295 0.14836
202.00000 79.00000 0.83335 0.99857 1.00000 0.06027 0.18175 0.30546 0.21261 0.14659 0.14492 0.13328 0.65049 0.30130 0.23077 0.45211 0.13412 0.99322 0.54507 0.37477 0.00000 0.30928 0.65116 1.00000 0.16078 0.15708
202.00000 80.00000 0.47625 0.83135 1.00000 0.62699 0.65642 0.62655 0.51435 0.50794 0.49875 0.45714 0.86333 0.60750 0.35897 0.64692 0.45684 0.99319 0.52067 0.33571 0.00000 0.64948 0.86469 1.00000 0.48369 0.48267
202.00000 81.00000 0.99984 0.99762 1.00000 0.00000 0.12833 0.29398 0.22678 0.00000 0.00188 0.00722 0.62719 0.27395 0.23077 0.45860 0.00442 0.99328 0.57819 0.38791 0.00000 0.28866 0.62791 1.00000 0.01345 0.01872
202.00000 82.00000 0.83330 0.99917 1.00000 0.06027 0.17992 0.32744 0.23199 0.14659 0.14492 0.13379 0.65032 0.30055 0.23077 0.46023 0.13390 0.99314 0.53327 0.38037 0.00000 0.31959 0.65116 1.00000 0.15809 0.16581
202.00000 83.00000 0.99999 0.99762 1.00000 0.00000 0.12723 0.28683 0.20430 0.00000 0.00188 0.00676 0.62711 0.27351 0.23077 0.46510 0.00428 0.99322 0.57489 0.39061 0.00000 0.28866 0.62791 1.00000 0.01682 0.01716
202.00000 84.00000 0.99977 0.99762 1.00000 0.00000 0.12585 0.28429 0.20351 0.00000 0.00188 0.00619 0.62711 0.28016 0.23077 0.46347 0.00457 0.99328 0.56429 0.39151 0.00000 0.26804 0.62791 1.00000 0.01682 0.01897
202.00000 85.00000 0.99983 0.99762 1.00000 0.00000 0.12420 0.26598 0.23021 0.00000 0.00188 0.00688 0.62724 0.27292 0.23077 0.47240 0.00574 0.99341 0.57128 0.38923 0.00000 0.28866 0.62791 1.00000 0.01076 0.01843
202.00000 86.00000 0.00007 0.00000 1.00000 1.00000 0.97834 0.92261 0.89624 1.00000 0.99875 0.96496 0.99869 0.88782 0.94872 0.91234 0.96637 0.99322 0.72674 0.07832 1.00000 0.91753 1.00000 1.00000 0.98049 0.97553
202.00000 87.00000 0.47613 0.83135 1.00000 0.62699 0.65596 0.61321 0.52619 0.50794 0.49812 0.45642 0.86320 0.60880 0.38462 0.66234 0.45557 0.99295 0.51259 0.33820 0.00000 0.62887 0.86469 1.00000 0.47965 0.48037
202.00000 88.00000 0.83321 0.99810 1.00000 0.06027 0.18239 0.32933 0.23002 0.14659 0.14492 0.13411 0.65026 0.30126 0.23077 0.46753 0.13410 0.99339 0.52793 0.37362 0.00000 0.30928 0.65116 1.00000 0.16044 0.15841
202.00000 89.00000 0.99996 0.99881 1.00000 0.00000 0.12906 0.28939 0.21119 0.00000 0.00188 0.00462 0.62726 0.28123 0.23077 0.46023 0.00528 0.99333 0.57383 0.38985 0.00000 0.26804 0.62791 1.00000 0.02018 0.01666
202.00000 90.00000 0.23812 0.29691 1.00000 0.59794 0.63347 0.69857 0.66639 0.61718 0.61481 0.59794 0.85263 0.65727 0.84615 0.75568 0.59663 0.99317 0.67894 0.15402 1.00000 0.67010 0.85412 1.00000 0.62025 0.62503
202.00000 91.00000 0.99993 0.99762 1.00000 0.00000 0.12346 0.28842 0.22560 0.00000 0.00188 0.00465 0.62726 0.27406 0.23077 0.47240 0.00472 0.99339 0.57124 0.40154 0.00000 0.27835 0.62791 1.00000 0.01917 0.01755
202.00000 92.00000 0.47626 0.83230 1.00000 0.62699 0.65715 0.64216 0.52900 0.50794 0.49875 0.45716 0.86333 0.60426 0.38462 0.65422 0.45682 0.99306 0.52372 0.34975 0.00000 0.64948 0.86469 1.00000 0.47797 0.48657
202.00000 93.00000 0.47624 0.83135 1.00000 0.62699 0.65642 0.63738 0.50952 0.50794 0.49875 0.45755 0.86325 0.60952 0.38462 0.65260 0.45640 0.99328 0.50949 0.34508 0.00000 0.65979 0.86469 1.00000 0.48671 0.48420
202.00000 94.00000 0.83313 0.99810 1.00000 0.06027 0.18047 0.30400 0.21669 0.14659 0.14492 0.13503 0.65032 0.30296 0.23077 0.45049 0.13564 0.99333 0.52896 0.38559 0.00000 0.30928 0.65116 1.00000 0.15910 0.16086
202.00000 95.00000 0.47623 0.83135 1.00000 0.62699 0.66312 0.64605 0.52648 0.50794 0.49875 0.45776 0.86352 0.60940 0.38462 0.65584 0.45762 0.99325 0.52651 0.34038 0.00000 0.63918 0.86469 1.00000 0.48503 0.48660
202.00000 96.00000 0.99980 0.99762 1.00000 0.00000 0.12310 0.29212 0.23293 0.00000 0.00188 0.00557 0.62722 0.28044 0.23077 0.47078 0.00679 0.99352 0.58057 0.40054 0.00000 0.27835 0.62791 1.00000 0.01009 0.01530
202.00000 97.00000 0.47611 0.83135 1.00000 0.62699 0.65568 0.62728 0.50938 0.50794 0.49812 0.45587 0.86337 0.60018 0.38462 0.65503 0.45767 0.99317 0.51506 0.35996 0.00000 0.61856 0.86469 1.00000 0.48234 0.48567
202.00000 98.00000 0.23808 0.29691 1.00000 0.59794 0.63081 0.69433 0.65880 0.61718 0.61481 0.59734 0.85278 0.65418 0.84615 0.73782 0.59675 0.99311 0.69380 0.14516 1.00000 0.69072 0.85412 1.00000 0.62328 0.62540
202.00000 99.00000 0.47626 0.83135 1.00000 0.62699 0.66220 0.63333 0.51747 0.50794 0.49875 0.45866 0.86333 0.61915 0.35897 0.66640 0.45606 0.99330 0.53190 0.34761 0.00000 0.63918 0.86469 1.00000 0.48335 0.48890
202.00000 100.00000 0.59517 0.73777 0.00000 0.23809 0.01423 0.05392 0.05099 0.29318 0.20954 0.08922 0.00133 0.01897 0.02564 0.03247 0.08945 0.00185 0.07519 0.91625 0.00000 0.03093 0.00000 0.00000 0.14632 0.13472
202.00000 101.00000 0.00006 0.00000 1.00000 1.00000 0.97834 0.89002 0.89497 1.00000 0.99875 0.96420 0.99876 0.88308 0.94872 0.88636 0.96522 0.99336 0.71150 0.06334 1.00000 0.92784 1.00000 1.00000 0.97444 0.97703
202.00000 102.00000 0.47624 0.83361 1.00000 0.62699 0.65339 0.62285 0.51930 0.50794 0.49875 0.45635 0.86342 0.61335 0.38462 0.63961 0.45721 0.99311 0.52574 0.33557 0.00000 0.62887 0.86469 1.00000 0.48369 0.48931
202.00000 103.00000 0.59523 0.73634 0.00000 0.23809 0.01019 0.04323 0.04251 0.29318 0.20954 0.09021 0.00137 0.01733 0.02564 0.03734 0.08915 0.00182 0.07659 0.91206 0.00000 0.06186 0.00000 0.00000 0.14060 0.13884
202.00000 104.00000 0.23811 0.29691 1.00000 0.59794 0.63705 0.68731 0.67638 0.61718 0.61481 0.59626 0.85268 0.65200 0.84615 0.74026 0.59541 0.99336 0.69216 0.14575 1.00000 0.69072 0.85412 1.00000 0.62159 0.62265
202.00000 105.00000 0.23807 0.29857 1.00000 0.59794 0.62970 0.69803 0.66459 0.61718 0.61481 0.59785 0.85263 0.65894 0.84615 0.75406 0.59744 0.99319 0.68954 0.13700 1.00000 0.68041 0.85412 1.00000 0.62462 0.62360
202.00000 106.00000 0.47626 0.83135 1.00000 0.62699 0.66165 0.64691 0.52168 0.50794 0.49875 0.45808 0.86337 0.61023 0.38462 0.66153 0.45801 0.99314 0.52841 0.34304 0.00000 0.61856 0.86469 1.00000 0.48604 0.48984
202.00000 107.00000 0.99986 0.99762 1.00000 0.00000 0.12190 0.28186 0.24323 0.00000 0.00188 0.00667 0.62734 0.27597 0.23077 0.47159 0.00472 0.99330 0.57600 0.37397 0.00000 0.28866 0.62791 1.00000 0.01715 0.01899
202.00000 108.00000 1.00000 0.99762 1.00000 0.00000 0.12420 0.28051 0.22781 0.00000 0.00188 0.00594 0.62732 0.28094 0.23077 0.45617 0.00528 0.99347 0.59184 0.40109 0.00000 0.28866 0.62791 1.00000 0.01110 0.02192
202.00000 109.00000 0.00006 0.00000 1.00000 1.00000 0.97613 0.92906 0.91445 1.00000 0.99875 0.96606 0.99873 0.89101 0.94872 0.91883 0.96688 0.99322 0.69926 0.07005 1.00000 0.92784 1.00000 1.00000 0.97208 0.97229
202.00000 110.00000 0.23823 0.29751 1.00000 0.59794 0.62925 0.69978 0.67095 0.61718 0.61481 0.59682 0.85263 0.65307 0.84615 0.73377 0.59578 0.99322 0.69365 0.14267 1.00000 0.70103 0.85412 1.00000 0.62126 0.62592
202.00000 111.00000 0.23823 0.29798 1.00000 0.59794 0.62980 0.68922 0.64890 0.61718 0.61481 0.59794 0.85280 0.65995 0.84615 0.71672 0.59734 0.99325 0.70046 0.14046 1.00000 0.67010 0.85412 1.00000 0.62765 0.62754
202.00000 112.00000 0.47607 0.83207 1.00000 0.62699 0.65678 0.63622 0.53950 0.50794 0.49875 0.45709 0.86346 0.61127 0.38462 0.65909 0.45765 0.99330 0.52439 0.34062 0.00000 0.63918 0.86469 1.00000 0.48705 0.48841
202.00000 113.00000 0.47617 0.83254 1.00000 0.62699 0.65559 0.63452 0.53417 0.50794 0.49875 0.45778 0.86337 0.60621 0.38462 0.66558 0.45779 0.99330 0.52387 0.34221 0.00000 0.62887 0.86469 1.00000 0.48436 0.48732
202.00000 114.00000 0.59526 0.73824 0.00000 0.23809 0.01230 0.04342 0.03629 0.29318 0.20954 0.09026 0.00135 0.02197 0.02564 0.03166 0.08820 0.00187 0.07041 0.91213 0.00000 0.04124 0.00000 0.00000 0.14228 0.14405
202.00000 115.00000 0.23801 0.29691 1.00000 0.59794 0.62934 0.69276 0.66355 0.61718 0.61481 0.59564 0.85276 0.65967 0.84615 0.74675 0.59793 0.99317 0.69457 0.13928 1.00000 0.67010 0.85412 1.00000 0.62193 0.62641
202.00000 116.00000 0.23820 0.29691 1.00000 0.59794 0.63494 0.69138 0.67501 0.61718 0.61481 0.59877 0.85280 0.65851 0.84615 0.73864 0.59656 0.99325 0.69555 0.13163 1.00000 0.69072 0.85412 1.00000 0.62126 0.62702
202.00000 117.00000 0.99991 0.99857 1.00000 0.00000 0.12567 0.27770 0.22616 0.00000 0.00188 0.00752 0.62730 0.27902 0.23077 0.46591 0.00579 0.99336 0.57876 0.38054 0.00000 0.27835 0.62791 1.00000 0.01682 0.02086
202.00000 118.00000 0.83327 0.99917 1.00000 0.06027 0.18212 0.32655 0.24287 0.14659 0.14492 0.13538 0.65036 0.30465 0.23077 0.44643 0.13180 0.99333 0.53173 0.36944 0.00000 0.31959 0.65116 1.00000 0.16280 0.16458
202.00000 119.00000 0.00001 0.00000 1.00000 1.00000 0.97485 0.92758 0.91099 1.00000 0.99875 0.96528 0.99876 0.88782 0.94872 0.89610 0.96527 0.99322 0.72155 0.06711 1.00000 0.90722 1.00000 1.00000 0.97713 0.97879
202.00000 120.00000 0.59510 0.73824 0.00000 0.23809 0.00789 0.05644 0.02200 0.29318 0.20954 0.09051 0.00139 0.01870 0.02564 0.04140 0.08928 0.00174 0.06233 0.92019 0.00000 0.03093 0.00000 0.00000 0.14060 0.14657
202.00000 121.00000 0.47628 0.83314 1.00000 0.62699 0.66064 0.65020 0.53623 0.50794 0.49875 0.45854 0.86342 0.61574 0.38462 0.64854 0.45638 0.99333 0.52269 0.34183 0.00000 0.64948 0.86469 1.00000 0.48671 0.48726
202.00000 122.00000 0.00003 0.00000 1.00000 1.00000 0.98026 0.94529 0.89125 1.00000 0.99875 0.96669 0.99876 0.88351 0.94872 0.91315 0.96591 0.99328 0.70592 0.05784 1.00000 0.93814 1.00000 1.00000 0.97511 0.97414
202.00000 123.00000 0.83322 0.99762 1.00000 0.06027 0.17927 0.32660 0.22868 0.14659 0.14492 0.13409 0.65060 0.30605 0.25641 0.46347 0.13564 0.99339 0.54647 0.37380 0.00000 0.30928 0.65116 1.00000 0.16145 0.16289
202.00000 124.00000 0.23802 0.29762 1.00000 0.59794 0.63108 0.68795 0.66516 0.61718 0.61481 0.59573 0.85270 0.65472 0.84615 0.75325 0.59800 0.99322 0.69370 0.15301 1.00000 0.68041 0.85412 1.00000 0.62260 0.62684
202.00000 125.00000 0.99990 0.99976 1.00000 0.00000 0.12135 0.28761 0.22135 0.00000 0.00188 0.00577 0.62734 0.27915 0.23077 0.47403 0.00521 0.99358 0.58848 0.39729 0.00000 0.28866 0.62791 1.00000 0.01816 0.01211
202.00000 126.00000 0.47624 0.83135 1.00000 0.62699 0.65642 0.63611 0.52379 0.50794 0.49875 0.45539 0.86333 0.60991 0.38462 0.63961 0.45613 0.99325 0.51622 0.34439 0.00000 0.62887 0.86469 1.00000 0.48470 0.48400
202.00000 127.00000 0.47619 0.83135 1.00000 0.62699 0.65587 0.64788 0.53306 0.50794 0.49812 0.45785 0.86350 0.61330 0.38462 0.65179 0.45772 0.99308 0.52694 0.34069 0.00000 0.63918 0.86469 1.00000 0.48873 0.49049
202.00000 128.00000 0.00007 0.00000 1.00000 1.00000 0.97705 0.93184 0.90739 1.00000 0.99812 0.96682 0.99884 0.88899 0.94872 0.90666 0.96811 0.99325 0.70445 0.07895 1.00000 0.92784 1.00000 1.00000 0.97713 0.96777
202.00000 129.00000 0.83332 0.99917 1.00000 0.06027 0.18478 0.31353 0.24806 0.14659 0.14492 0.13494 0.65057 0.29852 0.23077 0.47321 0.13383 0.99330 0.53332 0.37418 0.00000 0.29897 0.65116 1.00000 0.15607 0.15918
202.00000 130.00000 0.59522 0.73634 0.00000 0.23809 0.01331 0.03818 0.03175 0.29318 0.20891 0.08987 0.00137 0.01498 0.02564 0.04627 0.08911 0.00215 0.08339 0.91016 0.00000 0.05155 0.00000 0.00000 0.13959 0.13685
202.00000 131.00000 0.99985 0.99762 1.00000 0.00000 0.12768 0.28650 0.23053 0.00000 0.00188 0.00536 0.62732 0.27916 0.23077 0.47240 0.00494 0.99352 0.57953 0.39172 0.00000 0.27835 0.62791 1.00000 0.01312 0.01736
202.00000 132.00000 0.83326 0.99762 1.00000 0.06027 0.17881 0.30805 0.24136 0.14659 0.14492 0.13551 0.65053 0.30042 0.23077 0.46023 0.13358 0.99319 0.54094 0.37663 0.00000 0.32990 0.65116 1.00000 0.16044 0.16418
202.00000 133.00000 0.83335 0.99762 1.00000 0.06027 0.18221 0.31785 0.21902 0.14659 0.14429 0.13443 0.65032 0.29886 0.23077 0.44968 0.13339 0.99347 0.53812 0.38286 0.00000 0.31959 0.65116 1.00000 0.15674 0.15865
202.00000 134.00000 0.47607 0.83183 1.00000 0.62699 0.65320 0.62871 0.52309 0.50794 0.49812 0.45661 0.86333 0.61503 0.38462 0.66071 0.45733 0.99330 0.52766 0.33657 0.00000 0.63918 0.86469 1.00000 0.48470 0.48696
202.00000 135.00000 0.59531 0.73634 0.00000 0.23809 0.00799 0.03130 0.03118 0.29318 0.20954 0.09113 0.00135 0.01708 0.02564 0.03490 0.08962 0.00201 0.05461 0.90670 0.00000 0.04124 0.00000 0.00000 0.14262 0.14854
202.00000 136.00000 0.99992 0.99774 1.00000 0.00000 0.12062 0.31472 0.22313 0.00000 0.00188 0.00670 0.62730 0.27638 0.23077 0.47403 0.00538 0.99350 0.58083 0.39355 0.00000 0.28866 0.62791 1.00000 0.01749 0.01631
202.00000 137.00000 0.59522 0.73824 0.00000 0.23809 0.00597 0.03405 0.05262 0.29318 0.20954 0.08846 0.00143 0.01111 0.02564 0.04058 0.08925 0.00187 0.09092 0.90774 0.00000 0.04124 0.00000 0.00000 0.14531 0.14024
202.00000 138.00000 0.99986 0.99976 1.00000 0.00000 0.12557 0.27119 0.23372 0.00000 0.00188 0.00522 0.62730 0.27772 0.23077 0.48539 0.00657 0.99344 0.59112 0.38604 0.00000 0.28866 0.62791 1.00000 0.01816 0.00775
202.00000 139.00000 0.83332 0.99941 1.00000 0.06027 0.18423 0.31483 0.24155 0.14659 0.14492 0.13367 0.65053 0.30297 0.23077 0.46266 0.13542 0.99344 0.54572 0.37518 0.00000 0.31959 0.65116 1.00000 0.16179 0.16118
202.00000 140.00000 0.47615 0.83135 1.00000 0.62699 0.65550 0.64397 0.53217 0.50794 0.49875 0.45826 0.86344 0.60874 0.38462 0.65747 0.45850 0.99328 0.52221 0.32761 0.00000 0.64948 0.86469 1.00000 0.48133 0.48937
202.00000 141.00000 0.99982 0.99941 1.00000 0.00000 0.12190 0.27894 0.23572 0.00000 0.00188 0.00612 0.62728 0.28241 0.23077 0.47240 0.00584 0.99339 0.59232 0.37726 0.00000 0.26804 0.62791 1.00000 0.02254 0.01984
202.00000 142.00000 0.00004 0.00107 1.00000 1.00000 0.97870 0.93878 0.91010 1.00000 0.99812 0.96438 0.99880 0.89415 0.94872 0.90909 0.96657 0.99317 0.71643 0.06362 1.00000 0.91753 1.00000 1.00000 0.97578 0.97467
202.00000 143.00000 0.59522 0.73789 0.00000 0.23809 0.01111 0.03608 0.05082 0.29318 0.20954 0.09148 0.00146 0.02429 0.02564 0.05438 0.08954 0.00204 0.06995 0.90438 0.00000 0.04124 0.00000 0.00000 0.14060 0.13809
202.00000 144.00000 0.59516 0.73634 0.00000 0.23809 0.00991 0.05163 0.04222 0.29318 0.20954 0.09175 0.00139 0.01956 0.02564 0.04383 0.08930 0.00198 0.06497 0.91497 0.00000 0.05155 0.00000 0.00000 0.14363 0.14356
202.00000 145.00000 0.83323 0.99762 1.00000 0.06027 0.18451 0.32323 0.23329 0.14659 0.14492 0.13703 0.65051 0.30425 0.25641 0.46591 0.13630 0.99333 0.54101 0.37708 0.00000 0.31959 0.65116 1.00000 0.16179 0.16113
202.00000 146.00000 0.23817 0.29774 1.00000 0.59794 0.63154 0.68137 0.67813 0.61718 0.61418 0.59783 0.85274 0.66279 0.84615 0.75893 0.59766 0.99333 0.69452 0.14104 1.00000 0.68041 0.85412 1.00000 0.62529 0.62417
202.00000 147.00000 0.23809 0.29691 1.00000 0.59794 0.62989 0.69408 0.67129 0.61718 0.61481 0.59919 0.85280 0.65658 0.84615 0.74594 0.59864 0.99330 0.69637 0.14447 1.00000 0.67010 0.85412 1.00000 0.62126 0.62517
202.00000 148.00000 0.83324 0.99762 1.00000 0.06027 0.18496 0.33600 0.22995 0.14659 0.14492 0.13708 0.65062 0.30911 0.23077 0.46997 0.13595 0.99350 0.54969 0.36318 0.00000 0.31959 0.65116 1.00000 0.16044 0.15881
202.00000 149.00000 0.47609 0.83135 1.00000 0.62699 0.65724 0.64000 0.53227 0.50794 0.49875 0.45863 0.86339 0.62142 0.38462 0.65909 0.45887 0.99330 0.53288 0.33747 0.00000 0.63918 0.86469 1.00000 0.48772 0.48656
202.00000 150.00000 0.83326 0.99976 1.00000 0.06027 0.17891 0.31483 0.24073 0.14659 0.14429 0.13581 0.65060 0.30213 0.23077 0.45455 0.13600 0.99344 0.56340 0.36833 0.00000 0.31959 0.65116 1.00000 0.15573 0.16259
202.00000 151.00000 0.00006 0.00000 1.00000 1.00000 0.98137 0.91016 0.88171 1.00000 0.99812 0.96763 0.99876 0.88492 0.94872 0.91234 0.96710 0.99328 0.72246 0.07407 1.00000 0.91753 1.00000 1.00000 0.97175 0.97225
202.00000 152.00000 0.59528 0.73824 0.00000 0.23809 0.00863 0.04904 0.03711 0.29318 0.20891 0.09083 0.00160 0.01770 0.02564 0.05276 0.08984 0.00209 0.06415 0.90877 0.00000 0.05155 0.00000 0.00000 0.13959 0.14545
202.00000 153.00000 0.83330 0.99786 1.00000 0.06027 0.17404 0.31034 0.24100 0.14659 0.14429 0.13489 0.65051 0.30161 0.23077 0.45860 0.13510 0.99352 0.54305 0.36546 0.00000 0.30928 0.65116 1.00000 0.15809 0.16508
202.00000 154.00000 0.47610 0.83361 1.00000 0.62699 0.65577 0.65080 0.52218 0.50794 0.49812 0.45907 0.86350 0.61700 0.38462 0.65990 0.45804 0.99336 0.53293 0.34394 0.00000 0.63918 0.86469 1.00000 0.48974 0.48598
202.00000 155.00000 0.59528 0.73729 0.00000 0.23809 0.00661 0.03818 0.04155 0.29318 0.20954 0.09180 0.00160 0.02813 0.02564 0.03734 0.09020 0.00209 0.07387 0.89843 0.00000 0.04124 0.00000 0.00000 0.13959 0.14522
202.00000 156.00000 0.99988 0.99988 1.00000 0.00000 0.12521 0.28121 0.21182 0.00000 0.00188 0.00759 0.62738 0.28583 0.23077 0.46834 0.00533 0.99358 0.59309 0.37888 0.00000 0.29897 0.62791 1.00000 0.00908 0.01959
202.00000 157.00000 0.47612 0.83135 1.00000 0.62699 0.66174 0.64729 0.52590 0.50794 0.49812 0.45921 0.86344 0.60878 0.38462 0.66396 0.45694 0.99344 0.52305 0.33796 0.00000 0.62887 0.86469 1.00000 0.48503 0.48739
202.00000 158.00000 0.59509 0.73658 0.00000 0.23809 0.00652 0.03456 0.03103 0.29318 0.20954 0.09178 0.00154 0.01382 0.02564 0.04221 0.09055 0.00196 0.07223 0.91192 0.00000 0.03093 0.00000 0.00000 0.14161 0.13793
202.00000 159.00000 0.47615 0.83290 1.00000 0.62699 0.65577 0.63614 0.53847 0.50794 0.49875 0.45978 0.86363 0.61507 0.38462 0.66396 0.45985 0.99347 0.54784 0.34156 0.00000 0.62887 0.86469 1.00000 0.48234 0.49351
202.00000 160.00000 0.00002 0.00000 1.00000 1.00000 0.97953 0.92361 0.91337 1.00000 0.99812 0.96749 0.99876 0.89446 0.94872 0.92045 0.96926 0.99336 0.70688 0.05753 1.00000 0.91753 1.00000 1.00000 0.96973 0.97443
202.00000 161.00000 0.23823 0.29869 1.00000 0.59794 0.63512 0.67810 0.68161 0.61718 0.61481 0.60004 0.85289 0.66469 0.84615 0.75325 0.59873 0.99350 0.70717 0.13738 1.00000 0.67010 0.85412 1.00000 0.62227 0.63364
202.00000 162.00000 0.99987 0.99762 1.00000 0.00000 0.12842 0.28877 0.23070 0.00000 0.00188 0.00704 0.62747 0.27625 0.25641 0.47727 0.00650 0.99366 0.59288 0.38892 0.00000 0.28866 0.62791 1.00000 0.01446 0.01962
202.00000 163.00000 0.83313 0.99869 1.00000 0.06027 0.18276 0.32017 0.23975 0.14659 0.14492 0.13742 0.65064 0.30654 0.25641 0.46104 0.13732 0.99366 0.56970 0.38400 0.00000 0.29897 0.65116 1.00000 0.16078 0.16200
202.00000 164.00000 0.59527 0.73705 0.00000 0.23809 0.00569 0.04526 0.05940 0.29318 0.20891 0.09309 0.00156 0.02502 0.02564 0.04383 0.09152 0.00223 0.08608 0.90248 0.00000 0.06186 0.00000 0.00000 0.14161 0.13781
202.00000 165.00000 0.23810 0.29691 1.00000 0.59794 0.63686 0.69146 0.66665 0.61718 0.61418 0.59863 0.85282 0.66529 0.84615 0.73133 0.60018 0.99336 0.70310 0.13810 1.00000 0.70103 0.85412 1.00000 0.62832 0.63032
202.00000 166.00000 0.83316 0.99762 1.00000 0.06027 0.18469 0.31966 0.22258 0.14659 0.14492 0.13701 0.65076 0.31660 0.25641 0.46104 0.13598 0.99375 0.56486 0.36937 0.00000 0.31959 0.65116 1.00000 0.16044 0.15986
202.00000 167.00000 0.23814 0.29691 1.00000 0.59794 0.62842 0.72322 0.66679 0.61718 0.61418 0.59946 0.85293 0.66541 0.84615 0.75731 0.59873 0.99372 0.70933 0.13751 1.00000 0.69072 0.85412 1.00000 0.62159 0.62885
202.00000 168.00000 0.59512 0.73634 0.00000 0.23809 0.00514 0.05549 0.03620 0.29318 0.20891 0.09484 0.00162 0.02706 0.02564 0.03815 0.08967 0.00204 0.07976 0.91396 0.00000 0.04124 0.00000 0.00000 0.14598 0.14084
202.00000 169.00000 0.83331 0.99762 1.00000 0.06027 0.17927 0.33108 0.23000 0.14659 0.14429 0.13650 0.65060 0.30451 0.25641 0.47890 0.13669 0.99361 0.55464 0.36726 0.00000 0.31959 0.65116 1.00000 0.16179 0.15866
202.00000 170.00000 0.23821 0.29691 1.00000 0.59794 0.63797 0.68722 0.66242 0.61718 0.61481 0.60054 0.85299 0.65999 0.84615 0.75487 0.60000 0.99361 0.71255 0.14322 1.00000 0.69072 0.85412 1.00000 0.62496 0.62532
202.00000 171.00000 0.83336 0.99798 1.00000 0.06027 0.18322 0.32182 0.24986 0.14659 0.14429 0.13623 0.65072 0.29878 0.25641 0.46185 0.13718 0.99375 0.55558 0.36639 0.00000 0.32990 0.65116 1.00000 0.16751 0.16112
202.00000 172.00000 0.99980 0.99762 1.00000 0.00000 0.12668 0.29552 0.21996 0.00000 0.00188 0.00653 0.62751 0.28700 0.25641 0.47971 0.00814 0.99366 0.60447 0.38739 0.00000 0.29897 0.62791 1.00000 0.01345 0.01489
202.00000 173.00000 0.47615 0.83135 1.00000 0.62699 0.66073 0.64580 0.52314 0.50794 0.49812 0.46199 0.86365 0.61864 0.38462 0.66964 0.46097 0.99369 0.54370 0.33709 0.00000 0.64948 0.86469 1.00000 0.48840 0.48748
202.00000 174.00000 0.47612 0.83135 1.00000 0.62699 0.66000 0.64275 0.52710 0.50794 0.49812 0.46038 0.86365 0.61619 0.38462 0.64854 0.46031 0.99375 0.54873 0.32284 0.00000 0.62887 0.86469 1.00000 0.48705 0.48742
202.00000 175.00000 0.83332 0.99762 1.00000 0.06027 0.17992 0.33025 0.25214 0.14659 0.14429 0.13678 0.65078 0.31175 0.25641 0.46104 0.13742 0.99375 0.55904 0.36629 0.00000 0.34021 0.65116 1.00000 0.16112 0.16057
202.00000 176.00000 0.47614 0.83135 1.00000 0.62699 0.65302 0.64748 0.54389 0.50794 0.49812 0.46300 0.86375 0.61898 0.38462 0.65909 0.46021 0.99355 0.54366 0.34073 0.00000 0.65979 0.86469 1.00000 0.48739 0.48955
202.00000 177.00000 0.47606 0.83135 1.00000 0.62699 0.65798 0.64772 0.53724 0.50794 0.49812 0.46080 0.86363 0.62155 0.38462 0.66234 0.45850 0.99355 0.55356 0.32640 0.00000 0.63918 0.86469 1.00000 0.48806 0.49515
202.00000 178.00000 0.83323 0.99893 1.00000 0.06027 0.18469 0.33127 0.25889 0.14659 0.14492 0.13765 0.65074 0.31076 0.25641 0.47078 0.13776 0.99386 0.57790 0.36200 0.00000 0.32990 0.65116 1.00000 0.15607 0.16282
202.00000 179.00000 0.59530 0.73872 0.00000 0.23809 0.01166 0.04820 0.05361 0.29318 0.20891 0.09254 0.00158 0.02476 0.02564 0.04545 0.09118 0.00234 0.09032 0.91227 0.00000 0.04124 0.00000 0.00000 0.14665 0.13930
202.00000 180.00000 0.59524 0.73789 0.00000 0.23809 0.01395 0.04388 0.03975 0.29318 0.20891 0.09481 0.00143 0.02489 0.02564 0.05601 0.09177 0.00248 0.10020 0.88923 0.00000 0.05155 0.00000 0.00000 0.14464 0.14160
202.00000 181.00000 0.00006 0.00000 1.00000 1.00000 0.98228 0.93849 0.89615 1.00000 0.99812 0.97241 0.99899 0.89590 0.97436 0.91153 0.97456 0.99341 0.73232 0.05480 1.00000 0.92784 1.00000 1.00000 0.97578 0.97553
202.00000 182.00000 0.99980 0.99798 1.00000 0.00000 0.12796 0.30403 0.24391 0.00000 0.00188 0.00759 0.62764 0.28728 0.25641 0.50000 0.00777 0.99375 0.61918 0.37522 0.00000 0.29897 0.62791 1.00000 0.01413 0.01736
202.00000 183.00000 0.59524 0.73729 0.00000 0.23809 0.01001 0.04385 0.04974 0.29318 0.20954 0.09486 0.00167 0.02711 0.02564 0.04951 0.09091 0.00234 0.09299 0.89888 0.00000 0.03093 0.00000 0.00000 0.14699 0.14465
202.00000 184.00000 0.00001 0.00012 1.00000 1.00000 0.97815 0.94022 0.91012 1.00000 0.99812 0.97297 0.99901 0.89933 0.94872 0.93344 0.97368 0.99372 0.73920 0.04224 1.00000 0.93814 1.00000 1.00000 0.97746 0.97698
202.00000 185.00000 0.00006 0.00083 1.00000 1.00000 0.97944 0.93557 0.91474 1.00000 0.99812 0.97313 0.99888 0.89610 0.94872 0.93588 0.97414 0.99339 0.73136 0.05770 1.00000 0.93814 1.00000 1.00000 0.97780 0.97243
202.00000 186.00000 0.47608 0.83135 1.00000 0.62699 0.65761 0.63757 0.53364 0.50794 0.49812 0.46229 0.86386 0.62354 0.38462 0.68101 0.46141 0.99388 0.54303 0.33118 0.00000 0.65979 0.86469 1.00000 0.48503 0.48725
202.00000 187.00000 0.99981 0.99881 1.00000 0.00000 0.12759 0.28434 0.23615 0.00000 0.00125 0.00835 0.62766 0.29197 0.25641 0.48052 0.00748 0.99386 0.62072 0.36802 0.00000 0.28866 0.62791 1.00000 0.02018 0.01934
202.00000 188.00000 0.99981 0.99869 1.00000 0.00000 0.12319 0.28745 0.24194 0.00000 0.00188 0.00734 0.62755 0.29029 0.25641 0.48133 0.00719 0.99386 0.62180 0.37394 0.00000 0.28866 0.62791 1.00000 0.01715 0.02096
202.00000 189.00000 0.23815 0.29929 1.00000 0.59794 0.63806 0.70618 0.65399 0.61718 0.61481 0.60160 0.85306 0.67025 0.84615 0.76136 0.60176 0.99375 0.71806 0.12669 1.00000 0.67010 0.85412 1.00000 0.63068 0.62995
202.00000 190.00000 0.23810 0.29691 1.00000 0.59794 0.63888 0.69948 0.69197 0.61718 0.61418 0.60222 0.85303 0.67181 0.84615 0.76542 0.60313 0.99369 0.74086 0.12292 1.00000 0.70103 0.85412 1.00000 0.62899 0.62922
202.00000 191.00000 0.00000 0.00000 1.00000 1.00000 0.97953 0.93519 0.89862 1.00000 0.99812 0.97409 0.99892 0.90855 0.94872 0.91477 0.97463 0.99375 0.74521 0.03501 1.00000 0.92784 1.00000 1.00000 0.97578 0.97812
202.00000 192.00000 0.99992 0.99774 1.00000 0.00000 0.12879 0.29298 0.24624 0.00000 0.00188 0.00918 0.62779 0.29081 0.25641 0.49513 0.00953 0.99383 0.61716 0.36830 0.00000 0.27835 0.62791 1.00000 0.01951 0.01699
202.00000 193.00000 0.23822 0.29691 1.00000 0.59794 0.63778 0.69549 0.69132 0.61718 0.61418 0.60445 0.85310 0.66965 0.84615 0.76948 0.60406 0.99386 0.72410 0.12240 1.00000 0.70103 0.85412 1.00000 0.63269 0.62773
202.00000 194.00000 0.23812 0.29834 1.00000 0.59794 0.63402 0.70572 0.67818 0.61718 0.61418 0.60360 0.85310 0.67093 0.84615 0.76136 0.60294 0.99380 0.73537 0.13585 1.00000 0.69072 0.85412 1.00000 0.62597 0.63063
202.00000 195.00000 0.47618 0.83135 1.00000 0.62699 0.65651 0.65517 0.53047 0.50794 0.49812 0.46441 0.86396 0.62226 0.38462 0.68182 0.46351 0.99399 0.56821 0.32699 0.00000 0.65979 0.86469 1.00000 0.49310 0.48958
202.00000 196.00000 0.99988 0.99822 1.00000 0.00000 0.12557 0.29973 0.24162 0.00000 0.00188 0.00886 0.62776 0.29434 0.25641 0.47727 0.00980 0.99405 0.62178 0.36837 0.00000 0.29897 0.62791 1.00000 0.01985 0.01995
202.00000 197.00000 0.59517 0.73682 0.00000 0.23809 0.01019 0.04885 0.04222 0.29318 0.20891 0.09468 0.00173 0.03021 0.02564 0.06575 0.09221 0.00253 0.10378 0.90850 0.00000 0.06186 0.00000 0.00000 0.14295 0.14669
202.00000 198.00000 0.00005 0.00000 1.00000 1.00000 0.98632 0.92461 0.92453 1.00000 0.99812 0.97667 0.99899 0.90180 0.94872 0.93263 0.97659 0.99363 0.75209 0.04906 1.00000 0.95876 1.00000 1.00000 0.97881 0.98170
202.00000 199.00000 0.23822 0.29715 1.00000 0.59794 0.64017 0.70491 0.67763 0.61718 0.61418 0.60537 0.85329 0.67021 0.84615 0.75974 0.60440 0.99402 0.74422 0.11935 1.00000 0.70103 0.85412 1.00000 0.62630 0.62829
202.00000 200.00000 0.23811 0.29691 1.00000 0.59794 0.63787 0.70129 0.69963 0.61718 0.61418 0.60685 0.85331 0.67179 0.84615 0.76380 0.60602 0.99397 0.73787 0.12233 1.00000 0.70103 0.85412 1.00000 0.63034 0.62933
202.00000 201.00000 0.47620 0.83171 1.00000 0.62699 0.65935 0.65280 0.55220 0.50794 0.49812 0.46409 0.86396 0.63053 0.38462 0.67776 0.46454 0.99391 0.55953 0.31820 0.00000 0.67010 0.86469 1.00000 0.49378 0.49228
202.00000 202.00000 0.00001 0.00000 1.00000 1.00000 0.98100 0.95736 0.92814 1.00000 0.99812 0.97513 0.99905 0.91004 0.97436 0.94643 0.97654 0.99347 0.75750 0.04186 1.00000 0.94845 1.00000 1.00000 0.98015 0.98231
202.00000 203.00000 0.00006 0.00131 1.00000 1.00000 0.98045 0.93044 0.90911 1.00000 0.99812 0.97642 0.99907 0.90629 0.97436 0.93831 0.97769 0.99372 0.75776 0.03017 1.00000 0.94845 1.00000 1.00000 0.98150 0.98710
202.00000 204.00000 0.59517 0.73634 0.00000 0.23809 0.01019 0.05152 0.05423 0.29318 0.20891 0.09431 0.00188 0.03715 0.02564 0.05438 0.09233 0.00259 0.10049 0.89355 0.00000 0.06186 0.00000 0.00000 0.15203 0.14441
202.00000 205.00000 0.47629 0.83135 1.00000 0.62699 0.66055 0.64688 0.56613 0.50794 0.49875 0.46703 0.86424 0.63055 0.41026 0.68101 0.46583 0.99413 0.58893 0.31620 0.00000 0.64948 0.86469 1.00000 0.49041 0.48767
202.00000 206.00000 0.83336 0.99881 1.00000 0.06027 0.19212 0.33322 0.27616 0.14659 0.14492 0.14207 0.65119 0.32845 0.25641 0.49188 0.13996 0.99430 0.59331 0.34571 0.00000 0.31959 0.65116 1.00000 0.16145 0.16619
202.00000 207.00000 0.83317 0.99762 1.00000 0.06027 0.18708 0.33638 0.24708 0.14659 0.14429 0.14136 0.65110 0.32541 0.25641 0.49513 0.14004 0.99449 0.59747 0.33315 0.00000 0.34021 0.65116 1.00000 0.16515 0.16117
202.00000 208.00000 0.47619 0.83135 1.00000 0.62699 0.66330 0.68288 0.54041 0.50794 0.49875 0.46731 0.86428 0.62601 0.41026 0.70049 0.46730 0.99438 0.59107 0.32806 0.00000 0.64948 0.86469 1.00000 0.49075 0.49114
202.00000 209.00000 0.23809 0.29786 1.00000 0.59794 0.63686 0.71358 0.67931 0.61718 0.61481 0.60722 0.85350 0.67963 0.84615 0.77597 0.60748 0.99432 0.75353 0.10742 1.00000 0.70103 0.85412 1.00000 0.63068 0.63244
202.00000 210.00000 0.59525 0.73753 0.00000 0.23809 0.01129 0.04374 0.04890 0.29318 0.20891 0.09484 0.00177 0.03187 0.02564 0.06088 0.09419 0.00265 0.10785 0.89165 0.00000 0.07216 0.00000 0.00000 0.14060 0.14093
202.00000 211.00000 0.83331 0.99762 1.00000 0.06027 0.18900 0.34842 0.25462 0.14659 0.14429 0.13933 0.65119 0.32926 0.28205 0.49269 0.13972 0.99430 0.58915 0.34356 0.00000 0.35052 0.65116 1.00000 0.16986 0.16288
202.00000 212.00000 0.00005 0.00166 1.00000 1.00000 0.98843 0.95318 0.94478 1.00000 0.99812 0.97893 0.99932 0.91841 0.97436 0.94643 0.98196 0.99386 0.76502 0.03262 1.00000 0.93814 1.00000 1.00000 0.98352 0.98840
202.00000 213.00000 0.99993 0.99929 1.00000 0.00000 0.12925 0.29574 0.27054 0.00000 0.00188 0.00987 0.62785 0.30284 0.28205 0.50325 0.01053 0.99424 0.65951 0.35764 0.00000 0.30928 0.62791 1.00000 0.01715 0.01956
202.00000 214.00000 0.83324 0.99988 1.00000 0.06027 0.17836 0.33575 0.27109 0.14659 0.14492 0.14071 0.65129 0.33117 0.28205 0.49919 0.14138 0.99457 0.61228 0.34962 0.00000 0.34021 0.65116 1.00000 0.16280 0.16392
202.00000 215.00000 0.00003 0.00154 1.00000 1.00000 0.98963 0.93654 0.95038 1.00000 0.99812 0.97998 0.99920 0.91099 0.97436 0.93750 0.98145 0.99386 0.77387 0.04494 1.00000 0.94845 1.00000 1.00000 0.98755 0.98539
202.00000 216.00000 0.00004 0.00000 1.00000 1.00000 0.98449 0.95158 0.94293 1.00000 0.99875 0.98136 0.99932 0.91938 0.97436 0.94724 0.98451 0.99413 0.79044 0.05514 1.00000 0.95876 1.00000 1.00000 0.98655 0.99069
202.00000 217.00000 0.83319 0.99762 1.00000 0.06027 0.18524 0.35088 0.26451 0.14659 0.14429 0.14152 0.65135 0.33066 0.28205 0.50162 0.14187 0.99468 0.61647 0.33692 0.00000 0.35052 0.65116 1.00000 0.16515 0.16126
202.00000 218.00000 0.23813 0.29798 1.00000 0.59794 0.63999 0.72943 0.69528 0.61718 0.61481 0.60970 0.85369 0.67947 0.87179 0.78247 0.60971 0.99460 0.76541 0.11084 1.00000 0.73196 0.85412 1.00000 0.63774 0.63589
202.00000 219.00000 0.99988 0.99762 1.00000 0.00000 0.12723 0.28105 0.24487 0.00000 0.00125 0.01045 0.62802 0.30863 0.28205 0.51786 0.01100 0.99438 0.66071 0.34301 0.00000 0.31959 0.62791 1.00000 0.01278 0.02798
202.00000 220.00000 0.23821 0.29786 1.00000 0.59794 0.63576 0.70580 0.70811 0.61718 0.61418 0.61032 0.85360 0.68614 0.87179 0.77760 0.60973 0.99457 0.77474 0.11264 1.00000 0.71134 0.85412 1.00000 0.63976 0.63511
202.00000 221.00000 0.99996 0.99917 1.00000 0.00000 0.12117 0.30362 0.24321 0.00000 0.00125 0.01072 0.62793 0.30640 0.28205 0.50406 0.00965 0.99443 0.67117 0.36231 0.00000 0.31959 0.62791 1.00000 0.01581 0.02127
202.00000 222.00000 0.00000 0.00000 1.00000 1.00000 0.98733 0.94934 0.94860 1.00000 0.99812 0.98576 0.99939 0.91802 0.97436 0.95617 0.98671 0.99413 0.78880 0.02736 1.00000 0.95876 1.00000 1.00000 0.97746 0.98960
202.00000 223.00000 0.59512 0.73634 0.00000 0.23809 0.01698 0.07050 0.05291 0.29318 0.20891 0.09670 0.00209 0.03908 0.02564 0.07143 0.09482 0.00287 0.11701 0.89213 0.00000 0.06186 0.00000 0.00000 0.14834 0.14693
202.00000 224.00000 0.47615 0.83349 1.00000 0.62699 0.65816 0.66068 0.55578 0.50794 0.49749 0.47126 0.86443 0.64527 0.41026 0.71266 0.46842 0.99471 0.60016 0.31212 1.00000 0.67010 0.86469 1.00000 0.49748 0.49313
202.00000 225.00000 0.00001 0.00000 1.00000 1.00000 0.98614 0.96654 0.95482 1.00000 0.99812 0.98608 0.99935 0.92467 0.97436 0.95536 0.98727 0.99410 0.78452 0.04158 1.00000 0.97938 1.00000 1.00000 0.98520 0.98886
202.00000 226.00000 0.99993 0.99964 1.00000 0.00000 0.13099 0.30014 0.26788 0.00000 0.00125 0.01120 0.62814 0.31656 0.28205 0.52597 0.01242 0.99457 0.68331 0.34885 0.00000 0.32990 0.62791 1.00000 0.01514 0.01300
202.00000 227.00000 0.99981 0.99941 1.00000 0.00000 0.12328 0.31696 0.26091 0.00000 0.00188 0.01426 0.62804 0.31445 0.28205 0.51623 0.01266 0.99446 0.68435 0.32301 0.00000 0.31959 0.62791 1.00000 0.01951 0.01772
202.00000 228.00000 0.99996 0.99762 1.00000 0.00000 0.12934 0.31105 0.27335 0.00000 0.00188 0.01394 0.62812 0.31673 0.28205 0.51380 0.01320 0.99452 0.68733 0.33183 0.00000 0.30928 0.62791 1.00000 0.02254 0.02475
202.00000 229.00000 0.23823 0.29751 1.00000 0.59794 0.63769 0.72338 0.71728 0.61718 0.61481 0.61370 0.85390 0.69261 0.87179 0.80195 0.61308 0.99490 0.78481 0.10164 1.00000 0.71134 0.85412 1.00000 0.64009 0.63956
202.00000 230.00000 0.00001 0.00000 1.00000 1.00000 0.99128 0.97224 0.95095 1.00000 0.99875 0.98859 0.99951 0.93070 0.97436 0.97727 0.99115 0.99432 0.81126 0.02743 1.00000 0.95876 1.00000 1.00000 0.99428 0.98807
202.00000 231.00000 0.47608 0.83135 1.00000 0.62699 0.66293 0.68010 0.57207 0.50794 0.49875 0.47389 0.86485 0.65499 0.41026 0.71997 0.47248 0.99529 0.62272 0.29108 1.00000 0.65979 0.86469 1.00000 0.49781 0.49951
202.00000 232.00000 0.83332 0.99762 1.00000 0.06027 0.18680 0.38487 0.28426 0.14659 0.14492 0.14525 0.65184 0.34905 0.30769 0.51461 0.14649 0.99521 0.64436 0.32782 0.00000 0.36082 0.65116 1.00000 0.16784 0.16772
202.00000 233.00000 0.99986 0.99857 1.00000 0.00000 0.13172 0.31286 0.29612 0.00000 0.00125 0.01443 0.62814 0.32405 0.28205 0.51542 0.01298 0.99452 0.70007 0.32851 0.00000 0.32990 0.62791 1.00000 0.02725 0.01947
202.00000 234.00000 0.99997 0.99810 1.00000 0.00000 0.13503 0.32668 0.28003 0.00000 0.00188 0.01606 0.62810 0.31955 0.30769 0.52273 0.01359 0.99465 0.70313 0.31796 0.00000 0.34021 0.62791 1.00000 0.02321 0.02223
202.00000 235.00000 0.00003 0.00000 1.00000 1.00000 0.99220 0.94950 0.95667 1.00000 0.99875 0.99301 0.99960 0.93300 0.97436 0.98214 0.99264 0.99443 0.81744 0.01920 1.00000 0.96907 1.00000 1.00000 0.98957 0.99478
202.00000 236.00000 0.00003 0.00059 1.00000 1.00000 0.99468 0.97543 0.95927 1.00000 0.99812 0.99119 0.99966 0.93676 0.97436 0.98133 0.99245 0.99432 0.80376 0.02169 1.00000 0.95876 1.00000 1.00000 0.98924 0.99184
202.00000 237.00000 0.59517 0.73741 0.00000 0.23809 0.02029 0.08047 0.07251 0.29318 0.20891 0.09900 0.00241 0.04411 0.02564 0.08929 0.09702 0.00336 0.14466 0.85595 0.00000 0.07216 0.00000 0.00000 0.15002 0.14691
202.00000 238.00000 0.00004 0.00000 1.00000 1.00000 0.98623 0.95866 0.95110 1.00000 0.99812 0.99519 0.99979 0.94543 1.00000 0.98945 0.99565 0.99457 0.83752 0.01840 1.00000 0.97938 1.00000 1.00000 0.99327 0.99424
202.00000 239.00000 0.83324 0.99762 1.00000 0.06027 0.18827 0.37018 0.29321 0.14659 0.14429 0.14750 0.65211 0.35003 0.30769 0.52516 0.14495 0.99567 0.67322 0.30924 0.00000 0.35052 0.65116 1.00000 0.16852 0.16638
202.00000 240.00000 0.23808 0.29857 1.00000 0.59794 0.64265 0.73586 0.71495 0.61718 0.61481 0.61911 0.85441 0.71453 0.87179 0.81737 0.61829 0.99551 0.80253 0.09496 1.00000 0.73196 0.85412 1.00000 0.63808 0.63919
202.00000 241.00000 0.23820 0.29691 1.00000 0.59794 0.64402 0.73815 0.73397 0.61718 0.61481 0.61989 0.85443 0.71537 0.87179 0.80682 0.61983 0.99559 0.82384 0.08797 1.00000 0.73196 0.85412 1.00000 0.63707 0.64088
