100.00000 1.00000 0.99977 0.99762 1.00000 0.00000 0.12814 0.27419 0.21996 0.00000 0.00125 0.00283 0.62709 0.27252 0.23077 0.46591 0.00425 0.99317 0.56345 0.41331 0.00000 0.28866 0.62791 1.00000 0.01245 0.01418
100.00000 2.00000 0.23821 0.29822 1.00000 0.59794 0.63227 0.66859 0.64575 0.61718 0.61418 0.59419 0.85244 0.64781 0.84615 0.72403 0.59436 0.99286 0.69226 0.13696 1.00000 0.69072 0.85412 1.00000 0.62563 0.61954
100.00000 3.00000 0.59518 0.73634 0.00000 0.23809 0.01037 0.04126 0.04542 0.29318 0.20891 0.09012 0.00127 0.01154 0.00000 0.02679 0.08735 0.00176 0.05576 0.92566 0.00000 0.04124 0.00000 0.00000 0.13892 0.14073
100.00000 4.00000 0.23815 0.29691 1.00000 0.59794 0.63209 0.67267 0.67258 0.61718 0.61418 0.59369 0.85251 0.64895 0.84615 0.72403 0.59216 0.99284 0.68233 0.15592 1.00000 0.67010 0.85412 1.00000 0.62193 0.62175
100.00000 5.00000 0.83325 0.99774 1.00000 0.06027 0.17936 0.30991 0.20968 0.14659 0.14492 0.13400 0.65013 0.29924 0.23077 0.44481 0.13346 0.99308 0.52235 0.38386 0.00000 0.29897 0.65116 1.00000 0.15977 0.16227
100.00000 6.00000 0.99986 0.99881 1.00000 0.00000 0.12126 0.29603 0.20857 0.00000 0.00125 0.00497 0.62722 0.27015 0.23077 0.45617 0.00396 0.99325 0.55287 0.41597 0.00000 0.27835 0.62791 1.00000 0.01615 0.01386
100.00000 7.00000 0.99985 0.99762 1.00000 0.00000 0.12612 0.28048 0.22373 0.00000 0.00125 0.00299 0.62726 0.26769 0.23077 0.45536 0.00330 0.99317 0.56227 0.40531 0.00000 0.28866 0.62791 1.00000 0.01917 0.01074
100.00000 8.00000 0.23800 0.29822 1.00000 0.59794 0.63218 0.67726 0.65503 0.61718 0.61418 0.59323 0.85251 0.64412 0.84615 0.72403 0.59284 0.99292 0.67398 0.15367 1.00000 0.68041 0.85412 1.00000 0.61453 0.62070
100.00000 9.00000 0.23814 0.29905 1.00000 0.59794 0.63347 0.68112 0.65070 0.61718 0.61418 0.59396 0.85246 0.64925 0.84615 0.72321 0.59324 0.99286 0.67180 0.15530 1.00000 0.65979 0.85412 1.00000 0.62159 0.62554
100.00000 10.00000 0.00001 0.00000 1.00000 1.00000 0.97522 0.91864 0.88255 1.00000 0.99749 0.96139 0.99857 0.87946 0.94872 0.89610 0.95985 0.99322 0.69474 0.07372 1.00000 0.91753 1.00000 1.00000 0.96805 0.97235
100.00000 11.00000 0.47626 0.83135 1.00000 0.62699 0.65935 0.64413 0.51168 0.50794 0.49812 0.45541 0.86314 0.61533 0.35897 0.65179 0.45425 0.99275 0.51468 0.35605 0.00000 0.62887 0.86469 1.00000 0.48503 0.49171
100.00000 12.00000 0.00005 0.00214 1.00000 1.00000 0.97843 0.91192 0.87861 1.00000 0.99749 0.96047 0.99852 0.87901 0.94872 0.89854 0.96141 0.99303 0.69014 0.06808 1.00000 0.91753 1.00000 1.00000 0.96737 0.97174
100.00000 13.00000 0.83320 0.99762 1.00000 0.06027 0.18184 0.29676 0.23677 0.14659 0.14429 0.13236 0.65024 0.29540 0.23077 0.44805 0.13297 0.99308 0.52221 0.37968 0.00000 0.30928 0.65116 1.00000 0.15775 0.15210
100.00000 14.00000 0.99999 0.99762 1.00000 0.00000 0.13200 0.29325 0.22368 0.00000 0.00125 0.00262 0.62719 0.26580 0.23077 0.45455 0.00481 0.99317 0.56866 0.40106 0.00000 0.27835 0.62791 1.00000 0.01917 0.01475
100.00000 15.00000 0.47615 0.83242 1.00000 0.62699 0.65660 0.62447 0.52122 0.50794 0.49749 0.45373 0.86304 0.60624 0.35897 0.64042 0.45286 0.99289 0.49963 0.35052 0.00000 0.63918 0.86469 1.00000 0.47561 0.48463
100.00000 16.00000 0.23809 0.29691 1.00000 0.59794 0.63053 0.67213 0.64881 0.61718 0.61418 0.59341 0.85249 0.64949 0.84615 0.74351 0.59365 0.99295 0.67297 0.15824 1.00000 0.68041 0.85412 1.00000 0.61756 0.62378
100.00000 17.00000 0.59515 0.73848 0.00000 0.23809 0.00679 0.02309 0.02988 0.29318 0.20891 0.08906 0.00118 0.01270 0.02564 0.02679 0.08739 0.00168 0.04922 0.92019 0.00000 0.04124 0.00000 0.00000 0.13791 0.13231
100.00000 18.00000 0.47627 0.83135 1.00000 0.62699 0.65623 0.63379 0.53256 0.50794 0.49749 0.45449 0.86310 0.60516 0.35897 0.65990 0.45217 0.99275 0.49515 0.34858 0.00000 0.62887 0.86469 1.00000 0.48066 0.48057
100.00000 19.00000 0.83315 0.99941 1.00000 0.06027 0.18304 0.32946 0.24386 0.14659 0.14429 0.13358 0.65015 0.29747 0.23077 0.44481 0.13302 0.99300 0.51992 0.38632 0.00000 0.30928 0.65116 1.00000 0.15843 0.15557
100.00000 20.00000 0.59528 0.73634 0.00000 0.23809 0.00643 0.05457 0.04871 0.29318 0.20891 0.08938 0.00122 0.01199 0.02564 0.02841 0.08727 0.00174 0.05240 0.92590 0.00000 0.04124 0.00000 0.00000 0.13824 0.14860
100.00000 21.00000 0.99995 0.99952 1.00000 0.00000 0.12346 0.25904 0.21982 0.00000 0.00125 0.00396 0.62713 0.26361 0.23077 0.46023 0.00196 0.99311 0.56222 0.39967 0.00000 0.27835 0.62791 1.00000 0.01816 0.01404
100.00000 22.00000 0.47621 0.83135 1.00000 0.62699 0.65201 0.63638 0.50311 0.50794 0.49812 0.45318 0.86293 0.60535 0.35897 0.66153 0.45401 0.99275 0.51494 0.33844 0.00000 0.59794 0.86469 1.00000 0.48301 0.48689
100.00000 23.00000 0.99980 0.99762 1.00000 0.00000 0.12319 0.26393 0.22299 0.00000 0.00125 0.00462 0.62715 0.26852 0.23077 0.46023 0.00386 0.99314 0.55904 0.40497 0.00000 0.27835 0.62791 1.00000 0.00807 0.02066
100.00000 24.00000 0.59521 0.73634 0.00000 0.23809 0.01322 0.00489 0.03372 0.29318 0.20891 0.08991 0.00122 0.01340 0.02564 0.02597 0.08825 0.00171 0.05148 0.91991 0.00000 0.04124 0.00000 0.00000 0.13488 0.14085
100.00000 25.00000 0.23804 0.29691 1.00000 0.59794 0.62796 0.69616 0.65510 0.61718 0.61418 0.59327 0.85255 0.64672 0.84615 0.74513 0.59414 0.99286 0.68846 0.15391 1.00000 0.67010 0.85412 1.00000 0.62529 0.62406
100.00000 26.00000 0.23807 0.29715 1.00000 0.59794 0.63328 0.67526 0.66317 0.61718 0.61418 0.59399 0.85246 0.64932 0.84615 0.73539 0.59455 0.99295 0.67447 0.14814 1.00000 0.67010 0.85412 1.00000 0.62462 0.62105
100.00000 27.00000 0.83324 0.99762 1.00000 0.06027 0.18267 0.31350 0.21468 0.14659 0.14429 0.13216 0.65019 0.29776 0.23077 0.43912 0.13143 0.99300 0.52615 0.37262 0.00000 0.31959 0.65116 1.00000 0.16011 0.15736
100.00000 28.00000 0.00003 0.00048 1.00000 1.00000 0.97678 0.90708 0.88964 1.00000 0.99749 0.96100 0.99857 0.88052 0.94872 0.88961 0.96053 0.99292 0.68711 0.06068 1.00000 0.90722 1.00000 1.00000 0.97107 0.97372
100.00000 29.00000 0.23810 0.29691 1.00000 0.59794 0.63338 0.67532 0.64914 0.61718 0.61418 0.59389 0.85251 0.65221 0.84615 0.73052 0.59372 0.99281 0.68550 0.15820 1.00000 0.67010 0.85412 1.00000 0.61588 0.62915
100.00000 30.00000 0.23823 0.29739 1.00000 0.59794 0.62897 0.68771 0.65452 0.61718 0.61418 0.59341 0.85240 0.65353 0.84615 0.72321 0.59409 0.99286 0.66918 0.14931 1.00000 0.69072 0.85412 1.00000 0.62059 0.62413
100.00000 31.00000 0.99999 0.99762 1.00000 0.00000 0.12098 0.26447 0.23514 0.00000 0.00188 0.00334 0.62715 0.27214 0.23077 0.46916 0.00386 0.99322 0.55806 0.40607 0.00000 0.26804 0.62791 1.00000 0.01547 0.01495
100.00000 32.00000 0.23805 0.29691 1.00000 0.59794 0.63071 0.67710 0.67446 0.61718 0.61418 0.59371 0.85249 0.64950 0.84615 0.72240 0.59280 0.99273 0.66949 0.14983 1.00000 0.68041 0.85412 1.00000 0.61419 0.62675
100.00000 33.00000 0.83330 0.99762 1.00000 0.06027 0.18267 0.29900 0.22777 0.14659 0.14429 0.13190 0.65019 0.29382 0.23077 0.45211 0.13275 0.99292 0.52574 0.39660 0.00000 0.30928 0.65116 1.00000 0.16280 0.16249
100.00000 34.00000 0.83323 0.99762 1.00000 0.06027 0.18093 0.31407 0.22402 0.14659 0.14429 0.13280 0.65022 0.29004 0.23077 0.46834 0.13060 0.99308 0.51788 0.39670 0.00000 0.31959 0.65116 1.00000 0.15843 0.16131
100.00000 35.00000 0.47615 0.83135 1.00000 0.62699 0.65495 0.64634 0.51961 0.50794 0.49749 0.45352 0.86306 0.60487 0.35897 0.64692 0.45403 0.99284 0.50008 0.33256 0.00000 0.61856 0.86469 1.00000 0.48369 0.48548
100.00000 36.00000 0.99995 0.99810 1.00000 0.00000 0.12466 0.26142 0.21419 0.00000 0.00125 0.00508 0.62730 0.27373 0.23077 0.45536 0.00264 0.99317 0.55710 0.40023 0.00000 0.27835 0.62791 1.00000 0.01480 0.01732
100.00000 37.00000 0.23809 0.29762 1.00000 0.59794 0.63384 0.67872 0.66132 0.61718 0.61418 0.59412 0.85251 0.64802 0.84615 0.73620 0.59434 0.99300 0.68218 0.15627 1.00000 0.68041 0.85412 1.00000 0.62159 0.62217
100.00000 38.00000 0.23802 0.29905 1.00000 0.59794 0.62860 0.67991 0.67664 0.61718 0.61418 0.59661 0.85244 0.64759 0.84615 0.73458 0.59382 0.99303 0.67160 0.15606 1.00000 0.68041 0.85412 1.00000 0.62227 0.63005
100.00000 39.00000 0.00006 0.00000 1.00000 1.00000 0.97834 0.91778 0.90359 1.00000 0.99749 0.96057 0.99867 0.87915 0.94872 0.91477 0.96104 0.99308 0.69457 0.07549 1.00000 0.92784 1.00000 1.00000 0.96771 0.97171
100.00000 40.00000 0.23803 0.29810 1.00000 0.59794 0.63154 0.69468 0.64532 0.61718 0.61418 0.59332 0.85253 0.65066 0.84615 0.73052 0.59431 0.99286 0.67456 0.15471 1.00000 0.67010 0.85412 1.00000 0.62260 0.63061
100.00000 41.00000 0.23804 0.29691 1.00000 0.59794 0.63237 0.66808 0.65224 0.61718 0.61418 0.59182 0.85249 0.65247 0.84615 0.73377 0.59172 0.99303 0.67694 0.15772 1.00000 0.65979 0.85412 1.00000 0.62227 0.63083
100.00000 42.00000 0.47609 0.83230 1.00000 0.62699 0.65495 0.62860 0.51795 0.50794 0.49749 0.45415 0.86310 0.60602 0.35897 0.65016 0.45376 0.99278 0.51127 0.36013 0.00000 0.62887 0.86469 1.00000 0.48503 0.48043
100.00000 43.00000 0.99980 0.99762 1.00000 0.00000 0.12778 0.28404 0.22491 0.00000 0.00125 0.00566 0.62728 0.26700 0.23077 0.45617 0.00315 0.99341 0.57547 0.40341 0.00000 0.27835 0.62791 1.00000 0.02085 0.02308
100.00000 44.00000 0.00004 0.00000 1.00000 1.00000 0.97889 0.92885 0.89932 1.00000 0.99749 0.96105 0.99844 0.87294 0.94872 0.89610 0.96131 0.99314 0.69459 0.06320 1.00000 0.92784 1.00000 1.00000 0.97477 0.97911
100.00000 45.00000 0.83320 0.99762 1.00000 0.06027 0.18469 0.33538 0.22580 0.14659 0.14429 0.13236 0.65028 0.28608 0.23077 0.44805 0.13060 0.99311 0.53096 0.38726 0.00000 0.29897 0.65116 1.00000 0.16011 0.15573
100.00000 46.00000 0.47623 0.83135 1.00000 0.62699 0.65513 0.63254 0.54891 0.50794 0.49749 0.45279 0.86312 0.60404 0.35897 0.64935 0.45479 0.99278 0.51100 0.34169 0.00000 0.61856 0.86469 1.00000 0.48671 0.48096
100.00000 47.00000 0.23802 0.29691 1.00000 0.59794 0.63797 0.67119 0.65034 0.61718 0.61418 0.59359 0.85253 0.64903 0.84615 0.72808 0.59416 0.99308 0.67891 0.13523 1.00000 0.67010 0.85412 1.00000 0.60982 0.62564
100.00000 48.00000 0.99977 0.99893 1.00000 0.00000 0.12631 0.27281 0.20817 0.00000 0.00125 0.00566 0.62717 0.27068 0.23077 0.47159 0.00508 0.99325 0.56068 0.40082 0.00000 0.27835 0.62791 1.00000 0.01850 0.01521
100.00000 49.00000 0.23811 0.29751 1.00000 0.59794 0.63035 0.66163 0.64996 0.61718 0.61418 0.59290 0.85251 0.65082 0.84615 0.72646 0.59270 0.99289 0.67132 0.13305 1.00000 0.67010 0.85412 1.00000 0.61857 0.62325
100.00000 50.00000 0.83320 0.99905 1.00000 0.06027 0.18083 0.30035 0.23783 0.14659 0.14429 0.13091 0.65015 0.28808 0.23077 0.44481 0.13031 0.99297 0.52014 0.39635 0.00000 0.31959 0.65116 1.00000 0.16044 0.15498
100.00000 51.00000 0.99991 0.99762 1.00000 0.00000 0.12915 0.28990 0.23716 0.00000 0.00125 0.00338 0.62722 0.27012 0.23077 0.45779 0.00442 0.99328 0.55075 0.40639 0.00000 0.29897 0.62791 1.00000 0.00908 0.01282
100.00000 52.00000 0.83331 0.99762 1.00000 0.06027 0.17891 0.31656 0.21285 0.14659 0.14429 0.13340 0.65032 0.29021 0.23077 0.45860 0.13143 0.99306 0.53012 0.39182 0.00000 0.29897 0.65116 1.00000 0.14934 0.16171
100.00000 53.00000 0.00006 0.00131 1.00000 1.00000 0.96989 0.90600 0.90520 1.00000 0.99749 0.96153 0.99848 0.87812 0.94872 0.88880 0.96195 0.99295 0.69587 0.06715 1.00000 0.91753 1.00000 1.00000 0.96939 0.97451
100.00000 54.00000 0.59510 0.73765 0.00000 0.23809 0.01193 0.05087 0.04143 0.29318 0.20891 0.08943 0.00118 0.01670 0.00000 0.02516 0.08766 0.00163 0.05432 0.92057 0.00000 0.02062 0.00000 0.00000 0.13757 0.13355
100.00000 55.00000 0.59513 0.73634 0.00000 0.23809 0.01285 0.03254 0.04539 0.29318 0.20891 0.08938 0.00135 0.01539 0.02564 0.03653 0.08720 0.00165 0.06865 0.93704 0.00000 0.02062 0.00000 0.00000 0.13623 0.14318
100.00000 56.00000 0.00007 0.00000 1.00000 1.00000 0.97990 0.90201 0.90842 1.00000 0.99812 0.96057 0.99852 0.88057 0.94872 0.90828 0.96056 0.99303 0.69377 0.07372 1.00000 0.91753 1.00000 1.00000 0.97141 0.96938
100.00000 57.00000 0.23817 0.29691 1.00000 0.59794 0.63099 0.70024 0.67844 0.61718 0.61418 0.59389 0.85246 0.64816 0.84615 0.74026 0.59363 0.99297 0.68954 0.15326 1.00000 0.68041 0.85412 1.00000 0.62429 0.62615
100.00000 58.00000 0.59527 0.73753 0.00000 0.23809 0.00569 0.05033 0.03663 0.29318 0.20891 0.08858 0.00124 0.01507 0.02564 0.02922 0.08664 0.00165 0.05872 0.92621 0.00000 0.04124 0.00000 0.00000 0.13791 0.14836
100.00000 59.00000 0.59530 0.73634 0.00000 0.23809 0.00395 0.03845 0.03913 0.29318 0.20891 0.08828 0.00124 0.01963 0.02564 0.02922 0.08793 0.00187 0.04920 0.91337 0.00000 0.03093 0.00000 0.00000 0.13724 0.13169
100.00000 60.00000 0.99992 0.99798 1.00000 0.00000 0.12640 0.29201 0.21201 0.00000 0.00125 0.00433 0.62715 0.27249 0.23077 0.44886 0.00479 0.99322 0.55474 0.40009 0.00000 0.26804 0.62791 1.00000 0.01312 0.01877
100.00000 61.00000 0.99994 1.00000 1.00000 0.00000 0.12053 0.27608 0.22111 0.00000 0.00125 0.00543 0.62719 0.26738 0.23077 0.44318 0.00384 0.99325 0.56234 0.41244 0.00000 0.27835 0.62791 1.00000 0.01312 0.01228
100.00000 62.00000 0.47609 0.83290 1.00000 0.62699 0.65522 0.63138 0.50695 0.50794 0.49749 0.45440 0.86312 0.60212 0.35897 0.65179 0.45352 0.99278 0.50388 0.34643 0.00000 0.62887 0.86469 1.00000 0.48100 0.48219
100.00000 63.00000 0.59525 0.73777 0.00000 0.23809 0.00900 0.03635 0.02856 0.29318 0.20891 0.08899 0.00131 0.01185 0.02564 0.02273 0.08732 0.00168 0.05418 0.93074 0.00000 0.05155 0.00000 0.00000 0.13757 0.14030
100.00000 64.00000 0.59527 0.73836 0.00000 0.23809 0.00753 0.03238 0.03175 0.29318 0.20891 0.08897 0.00122 0.00952 0.02564 0.03571 0.08886 0.00176 0.05689 0.92531 0.00000 0.02062 0.00000 0.00000 0.13555 0.14153
100.00000 65.00000 0.83314 0.99762 1.00000 0.06027 0.18047 0.32171 0.21002 0.14659 0.14429 0.13241 0.65026 0.29336 0.23077 0.44318 0.13092 0.99292 0.52415 0.38587 0.00000 0.31959 0.65116 1.00000 0.16044 0.16551
100.00000 66.00000 0.47620 0.83266 1.00000 0.62699 0.65357 0.65093 0.53717 0.50794 0.49749 0.45346 0.86301 0.60174 0.35897 0.63799 0.45210 0.99275 0.51531 0.35342 0.00000 0.63918 0.86469 1.00000 0.47662 0.48022
100.00000 67.00000 0.59525 0.73634 0.00000 0.23809 0.01368 0.02760 0.04285 0.29318 0.20891 0.08966 0.00120 0.01515 0.02564 0.03734 0.08793 0.00179 0.07500 0.92202 0.00000 0.03093 0.00000 0.00000 0.13824 0.13719
100.00000 68.00000 0.23823 0.29881 1.00000 0.59794 0.62273 0.68334 0.66091 0.61718 0.61418 0.59353 0.85257 0.65309 0.84615 0.72646 0.59250 0.99295 0.66215 0.13641 1.00000 0.68041 0.85412 1.00000 0.61789 0.61697
100.00000 69.00000 0.99982 0.99762 1.00000 0.00000 0.12502 0.27011 0.22731 0.00000 0.00125 0.00370 0.62703 0.27223 0.23077 0.46753 0.00396 0.99333 0.55573 0.40220 0.00000 0.27835 0.62791 1.00000 0.01951 0.01425
100.00000 70.00000 0.47626 0.83135 1.00000 0.62699 0.65357 0.64448 0.53383 0.50794 0.49749 0.45380 0.86299 0.60159 0.35897 0.63555 0.45471 0.99284 0.51112 0.34245 0.00000 0.62887 0.86469 1.00000 0.48100 0.48700
100.00000 71.00000 0.99994 0.99762 1.00000 0.00000 0.12713 0.26263 0.21331 0.00000 0.00125 0.00577 0.62715 0.28222 0.23077 0.45292 0.00408 0.99328 0.56429 0.40293 0.00000 0.26804 0.62791 1.00000 0.01345 0.01702
100.00000 72.00000 0.99984 0.99988 1.00000 0.00000 0.12383 0.25434 0.23660 0.00000 0.00125 0.00566 0.62728 0.26900 0.23077 0.45779 0.00330 0.99311 0.56575 0.41403 0.00000 0.27835 0.62791 1.00000 0.01783 0.02054
100.00000 73.00000 0.59522 0.73682 0.00000 0.23809 0.00817 0.01326 0.02623 0.29318 0.20891 0.09017 0.00127 0.01355 0.02564 0.02516 0.08805 0.00182 0.06151 0.92576 0.00000 0.03093 0.00000 0.00000 0.13824 0.14400
100.00000 74.00000 0.99990 0.99964 1.00000 0.00000 0.12153 0.26676 0.22608 0.00000 0.00125 0.00375 0.62726 0.27335 0.23077 0.45373 0.00379 0.99333 0.56412 0.40479 0.00000 0.24742 0.62791 1.00000 0.00841 0.01595
100.00000 75.00000 0.47606 0.83135 1.00000 0.62699 0.65761 0.63144 0.52420 0.50794 0.49749 0.45309 0.86301 0.60172 0.35897 0.64773 0.45146 0.99267 0.49917 0.35045 0.00000 0.61856 0.86469 1.00000 0.47830 0.48162
100.00000 76.00000 0.00003 0.00107 1.00000 1.00000 0.97724 0.90319 0.88267 1.00000 0.99812 0.96167 0.99850 0.88149 0.94872 0.89205 0.96104 0.99314 0.69779 0.08209 1.00000 0.92784 1.00000 1.00000 0.96670 0.97529
100.00000 77.00000 0.99993 0.99762 1.00000 0.00000 0.12310 0.27732 0.22659 0.00000 0.00125 0.00490 0.62715 0.26803 0.23077 0.47971 0.00550 0.99333 0.55534 0.39878 0.00000 0.26804 0.62791 1.00000 0.01379 0.01690
100.00000 78.00000 0.00007 0.00238 1.00000 1.00000 0.97935 0.90484 0.89271 1.00000 0.99749 0.96059 0.99861 0.88015 0.94872 0.88636 0.96119 0.99308 0.68464 0.06694 1.00000 0.91753 1.00000 1.00000 0.97242 0.97935
100.00000 79.00000 0.23804 0.29774 1.00000 0.59794 0.62824 0.67221 0.65291 0.61718 0.61418 0.59297 0.85246 0.65006 0.84615 0.74351 0.59443 0.99289 0.68026 0.14827 1.00000 0.68041 0.85412 1.00000 0.62630 0.61966
100.00000 80.00000 0.99999 0.99774 1.00000 0.00000 0.12539 0.28899 0.21561 0.00000 0.00125 0.00566 0.62730 0.27037 0.23077 0.46347 0.00408 0.99339 0.56347 0.38860 0.00000 0.27835 0.62791 1.00000 0.01514 0.01174
100.00000 81.00000 0.99985 0.99762 1.00000 0.00000 0.12925 0.27349 0.22486 0.00000 0.00125 0.00366 0.62726 0.26411 0.23077 0.47646 0.00367 0.99322 0.56434 0.38310 0.00000 0.28866 0.62791 1.00000 0.01682 0.01942
100.00000 82.00000 0.00005 0.00095 1.00000 1.00000 0.98247 0.91292 0.90434 1.00000 0.99749 0.96013 0.99850 0.88105 0.94872 0.90179 0.96153 0.99297 0.69200 0.07012 1.00000 0.91753 1.00000 1.00000 0.97242 0.97201
100.00000 83.00000 0.47612 0.83373 1.00000 0.62699 0.65798 0.63695 0.54606 0.50794 0.49749 0.45548 0.86306 0.60831 0.35897 0.64773 0.45413 0.99281 0.50290 0.34813 0.00000 0.62887 0.86469 1.00000 0.47730 0.48003
100.00000 84.00000 0.23823 0.29881 1.00000 0.59794 0.63356 0.69649 0.65882 0.61718 0.61418 0.59330 0.85257 0.65330 0.84615 0.73377 0.59407 0.99300 0.67793 0.15813 1.00000 0.68041 0.85412 1.00000 0.62193 0.62346
100.00000 85.00000 0.59523 0.73741 0.00000 0.23809 0.00496 0.04158 0.05957 0.29318 0.20891 0.09116 0.00135 0.01547 0.02564 0.02922 0.08813 0.00174 0.05030 0.92022 0.00000 0.05155 0.00000 0.00000 0.13892 0.14387
100.00000 86.00000 0.99981 0.99893 1.00000 0.00000 0.12300 0.28737 0.22721 0.00000 0.00188 0.00373 0.62715 0.27188 0.23077 0.47159 0.00530 0.99333 0.57489 0.39417 0.00000 0.29897 0.62791 1.00000 0.01312 0.01722
100.00000 87.00000 0.59527 0.73634 0.00000 0.23809 0.00744 0.02549 0.02455 0.29318 0.20891 0.08897 0.00118 0.01458 0.02564 0.02922 0.08832 0.00165 0.05773 0.92496 0.00000 0.04124 0.00000 0.00000 0.13925 0.13653
100.00000 88.00000 1.00000 0.99857 1.00000 0.00000 0.12713 0.28642 0.21208 0.00000 0.00125 0.00554 0.62713 0.27695 0.23077 0.44643 0.00406 0.99347 0.57232 0.38483 0.00000 0.27835 0.62791 1.00000 0.01413 0.01548
100.00000 89.00000 0.99981 0.99869 1.00000 0.00000 0.12153 0.29255 0.20514 0.00000 0.00125 0.00495 0.62715 0.26808 0.23077 0.44399 0.00411 0.99308 0.56333 0.39763 0.00000 0.27835 0.62791 1.00000 0.01345 0.01586
100.00000 90.00000 0.99998 0.99762 1.00000 0.00000 0.12548 0.28850 0.22416 0.00000 0.00125 0.00550 0.62728 0.27535 0.23077 0.45211 0.00457 0.99325 0.57042 0.40386 0.00000 0.27835 0.62791 1.00000 0.01446 0.01872
100.00000 91.00000 0.47625 0.83278 1.00000 0.62699 0.65605 0.62787 0.51759 0.50794 0.49749 0.45502 0.86308 0.60756 0.35897 0.63555 0.45386 0.99292 0.52117 0.33737 0.00000 0.61856 0.86469 1.00000 0.48268 0.47681
100.00000 92.00000 0.59510 0.73765 0.00000 0.23809 0.00679 0.04607 0.04448 0.29318 0.20891 0.08994 0.00120 0.01700 0.02564 0.02192 0.08629 0.00182 0.05737 0.92071 0.00000 0.05155 0.00000 0.00000 0.13555 0.14162
100.00000 93.00000 0.47616 0.83135 1.00000 0.62699 0.65706 0.64799 0.51714 0.50794 0.49749 0.45548 0.86314 0.60245 0.35897 0.65584 0.45491 0.99284 0.51470 0.34138 0.00000 0.63918 0.86469 1.00000 0.47292 0.48046
100.00000 94.00000 0.99995 0.99834 1.00000 0.00000 0.12429 0.29082 0.21480 0.00000 0.00125 0.00426 0.62728 0.27409 0.23077 0.45860 0.00386 0.99333 0.56030 0.40106 0.00000 0.26804 0.62791 1.00000 0.01446 0.01932
100.00000 95.00000 0.47624 0.83171 1.00000 0.62699 0.65770 0.63570 0.49893 0.50794 0.49749 0.45493 0.86310 0.60591 0.35897 0.64205 0.45298 0.99289 0.51800 0.34491 0.00000 0.63918 0.86469 1.00000 0.48369 0.48402
100.00000 96.00000 0.00001 0.00000 1.00000 1.00000 0.97558 0.91651 0.89278 1.00000 0.99749 0.96112 0.99857 0.88387 0.94872 0.89692 0.96100 0.99297 0.71344 0.07050 1.00000 0.92784 1.00000 1.00000 0.97208 0.97510
100.00000 97.00000 0.47625 0.83361 1.00000 0.62699 0.65559 0.64818 0.51925 0.50794 0.49749 0.45663 0.86320 0.59927 0.35897 0.63799 0.45489 0.99281 0.50699 0.35135 0.00000 0.62887 0.86469 1.00000 0.48234 0.48307
100.00000 98.00000 0.47625 0.83373 1.00000 0.62699 0.65669 0.63905 0.51238 0.50794 0.49749 0.45500 0.86320 0.60173 0.35897 0.64205 0.45398 0.99295 0.51959 0.34457 0.00000 0.63918 0.86469 1.00000 0.47999 0.48717
100.00000 99.00000 0.47607 0.83135 1.00000 0.62699 0.65825 0.64286 0.51949 0.50794 0.49749 0.45516 0.86316 0.60359 0.35897 0.63799 0.45320 0.99267 0.51141 0.34709 0.00000 0.61856 0.86469 1.00000 0.48671 0.48300
100.00000 100.00000 0.23805 0.29846 1.00000 0.59794 0.63402 0.68452 0.65022 0.61718 0.61418 0.59587 0.85255 0.64876 0.84615 0.72565 0.59343 0.99292 0.69438 0.14561 1.00000 0.69072 0.85412 1.00000 0.61722 0.62082
100.00000 101.00000 0.99995 0.99941 1.00000 0.00000 0.12310 0.28674 0.20795 0.00000 0.00125 0.00393 0.62728 0.26705 0.23077 0.46916 0.00379 0.99330 0.57710 0.40324 0.00000 0.27835 0.62791 1.00000 0.01278 0.02006
100.00000 102.00000 0.99980 0.99822 1.00000 0.00000 0.12888 0.28259 0.21547 0.00000 0.00125 0.00451 0.62728 0.26960 0.23077 0.45698 0.00323 0.99339 0.56102 0.40435 0.00000 0.27835 0.62791 1.00000 0.01850 0.01220
100.00000 103.00000 0.83320 0.99810 1.00000 0.06027 0.18221 0.33935 0.21782 0.14659 0.14429 0.13232 0.65022 0.29838 0.23077 0.44805 0.13268 0.99306 0.51819 0.39916 0.00000 0.29897 0.65116 1.00000 0.15843 0.16133
100.00000 104.00000 0.59517 0.73634 0.00000 0.23809 0.01065 0.03289 0.03812 0.29318 0.20891 0.08881 0.00124 0.01462 0.02564 0.02192 0.08932 0.00163 0.05449 0.93635 0.00000 0.03093 0.00000 0.00000 0.13690 0.14422
100.00000 105.00000 0.99988 0.99857 1.00000 0.00000 0.12447 0.26938 0.22147 0.00000 0.00125 0.00410 0.62715 0.27520 0.23077 0.46510 0.00354 0.99330 0.55640 0.40099 0.00000 0.26804 0.62791 1.00000 0.01850 0.01585
100.00000 106.00000 0.59515 0.73634 0.00000 0.23809 0.01019 0.03151 0.04539 0.29318 0.20891 0.08805 0.00122 0.01731 0.02564 0.05032 0.08771 0.00179 0.05865 0.91964 0.00000 0.04124 0.00000 0.00000 0.13824 0.13334
100.00000 107.00000 0.99992 0.99834 1.00000 0.00000 0.12264 0.28261 0.21744 0.00000 0.00125 0.00396 0.62728 0.27151 0.23077 0.48133 0.00516 0.99319 0.56482 0.40210 0.00000 0.28866 0.62791 1.00000 0.01850 0.01424
100.00000 108.00000 0.99982 0.99762 1.00000 0.00000 0.12961 0.27127 0.21501 0.00000 0.00125 0.00479 0.62719 0.26964 0.23077 0.46429 0.00477 0.99344 0.55611 0.40428 0.00000 0.26804 0.62791 1.00000 0.01345 0.01269
100.00000 109.00000 0.83322 0.99941 1.00000 0.06027 0.17340 0.32512 0.24686 0.14659 0.14429 0.13416 0.65034 0.29628 0.23077 0.45617 0.13322 0.99317 0.52002 0.36965 0.00000 0.30928 0.65116 1.00000 0.15843 0.15760
100.00000 110.00000 0.00004 0.00000 1.00000 1.00000 0.97659 0.93590 0.89245 1.00000 0.99749 0.96080 0.99854 0.88397 0.94872 0.89854 0.96119 0.99311 0.69339 0.06926 1.00000 0.91753 1.00000 1.00000 0.97309 0.97415
100.00000 111.00000 0.99985 0.99762 1.00000 0.00000 0.12429 0.28718 0.22829 0.00000 0.00125 0.00550 0.62713 0.27476 0.23077 0.46429 0.00445 0.99350 0.57559 0.40563 0.00000 0.26804 0.62791 1.00000 0.01413 0.01109
100.00000 112.00000 0.47606 0.83135 1.00000 0.62699 0.65109 0.63208 0.51637 0.50794 0.49749 0.45352 0.86312 0.60779 0.35897 0.66477 0.45515 0.99297 0.52685 0.34713 0.00000 0.62887 0.86469 1.00000 0.48436 0.48490
100.00000 113.00000 0.00004 0.00143 1.00000 1.00000 0.97797 0.91994 0.88233 1.00000 0.99749 0.96109 0.99857 0.88428 0.94872 0.89935 0.96239 0.99319 0.70056 0.06210 1.00000 0.90722 1.00000 1.00000 0.96838 0.96937
100.00000 114.00000 0.83317 0.99905 1.00000 0.06027 0.17698 0.31132 0.23480 0.14659 0.14429 0.13450 0.65028 0.29707 0.23077 0.45373 0.13302 0.99314 0.53286 0.37103 0.00000 0.29897 0.65116 1.00000 0.15876 0.15452
100.00000 115.00000 0.99977 0.99905 1.00000 0.00000 0.12576 0.28196 0.22587 0.00000 0.00125 0.00398 0.62717 0.27588 0.23077 0.45292 0.00376 0.99341 0.56388 0.41254 0.00000 0.27835 0.62791 1.00000 0.01749 0.01177
100.00000 116.00000 0.99982 0.99762 1.00000 0.00000 0.12365 0.29406 0.20360 0.00000 0.00125 0.00589 0.62730 0.27879 0.23077 0.45617 0.00462 0.99350 0.56794 0.40701 0.00000 0.27835 0.62791 1.00000 0.01245 0.01531
100.00000 117.00000 0.00004 0.00226 1.00000 1.00000 0.97733 0.90174 0.88075 1.00000 0.99749 0.96236 0.99861 0.88085 0.94872 0.90422 0.96275 0.99289 0.69474 0.06106 1.00000 0.90722 1.00000 1.00000 0.97006 0.97519
100.00000 118.00000 0.23823 0.29703 1.00000 0.59794 0.62787 0.68471 0.66881 0.61718 0.61418 0.59603 0.85251 0.64906 0.84615 0.73701 0.59543 0.99292 0.67927 0.13592 1.00000 0.67010 0.85412 1.00000 0.62126 0.62993
100.00000 119.00000 0.99985 0.99881 1.00000 0.00000 0.12530 0.30038 0.20949 0.00000 0.00125 0.00617 0.62728 0.27685 0.23077 0.46510 0.00587 0.99330 0.57244 0.39476 0.00000 0.27835 0.62791 1.00000 0.01110 0.01591
100.00000 120.00000 0.83329 0.99762 1.00000 0.06027 0.18239 0.30205 0.24960 0.14659 0.14429 0.13365 0.65024 0.29488 0.23077 0.45536 0.13332 0.99317 0.53327 0.38964 0.00000 0.30928 0.65116 1.00000 0.15977 0.15805
100.00000 121.00000 0.23816 0.29739 1.00000 0.59794 0.63246 0.67756 0.66963 0.61718 0.61418 0.59656 0.85257 0.65499 0.84615 0.73539 0.59578 0.99297 0.70334 0.14447 1.00000 0.68041 0.85412 1.00000 0.62159 0.62317
100.00000 122.00000 0.99977 0.99762 1.00000 0.00000 0.12420 0.27800 0.23521 0.00000 0.00125 0.00529 0.62717 0.27704 0.23077 0.45779 0.00401 0.99330 0.56910 0.40144 0.00000 0.28866 0.62791 1.00000 0.01917 0.01827
100.00000 123.00000 0.83316 0.99762 1.00000 0.06027 0.18313 0.30681 0.23240 0.14659 0.14429 0.13466 0.65030 0.30108 0.23077 0.44399 0.13317 0.99311 0.53317 0.37954 0.00000 0.30928 0.65116 1.00000 0.15876 0.16112
100.00000 124.00000 0.99998 0.99762 1.00000 0.00000 0.12860 0.28799 0.22111 0.00000 0.00125 0.00589 0.62726 0.27203 0.23077 0.45455 0.00428 0.99339 0.57419 0.39826 0.00000 0.26804 0.62791 1.00000 0.01648 0.01786
100.00000 125.00000 0.83318 0.99762 1.00000 0.06027 0.18460 0.33789 0.21948 0.14659 0.14429 0.13220 0.65028 0.29569 0.23077 0.45049 0.13283 0.99319 0.54267 0.38660 0.00000 0.29897 0.65116 1.00000 0.15843 0.16109
100.00000 126.00000 0.23806 0.29691 1.00000 0.59794 0.62759 0.68334 0.66701 0.61718 0.61418 0.59500 0.85263 0.65548 0.84615 0.73133 0.59607 0.99308 0.69481 0.14893 1.00000 0.68041 0.85412 1.00000 0.62395 0.62403
100.00000 127.00000 0.47609 0.83135 1.00000 0.62699 0.65137 0.63470 0.51726 0.50794 0.49749 0.45723 0.86323 0.60489 0.38462 0.66558 0.45413 0.99300 0.52552 0.33758 0.00000 0.62887 0.86469 1.00000 0.47629 0.48464
100.00000 128.00000 0.00002 0.00012 1.00000 1.00000 0.98182 0.92536 0.89915 1.00000 0.99749 0.96107 0.99857 0.87963 0.94872 0.89935 0.96126 0.99314 0.68940 0.06442 1.00000 0.91753 1.00000 1.00000 0.97511 0.96865
100.00000 129.00000 0.83322 0.99846 1.00000 0.06027 0.17808 0.32333 0.24520 0.14659 0.14429 0.13144 0.65026 0.29925 0.23077 0.45779 0.13175 0.99311 0.53195 0.38162 0.00000 0.30928 0.65116 1.00000 0.15876 0.16329
100.00000 130.00000 0.47619 0.83254 1.00000 0.62699 0.65467 0.62774 0.52057 0.50794 0.49749 0.45606 0.86320 0.61091 0.35897 0.65260 0.45542 0.99303 0.51502 0.34097 0.00000 0.61856 0.86469 1.00000 0.48335 0.47994
100.00000 131.00000 0.83318 0.99786 1.00000 0.06027 0.18285 0.31172 0.22275 0.14659 0.14429 0.13349 0.65036 0.29929 0.23077 0.46347 0.13180 0.99319 0.53048 0.37529 0.00000 0.30928 0.65116 1.00000 0.16179 0.16462
100.00000 132.00000 0.99984 0.99762 1.00000 0.00000 0.12475 0.30543 0.20925 0.00000 0.00125 0.00518 0.62741 0.27913 0.23077 0.48458 0.00499 0.99319 0.57282 0.39092 0.00000 0.27835 0.62791 1.00000 0.01682 0.01900
100.00000 133.00000 0.83320 0.99762 1.00000 0.06027 0.17771 0.31053 0.24837 0.14659 0.14429 0.13278 0.65041 0.30015 0.23077 0.44886 0.13283 0.99322 0.52490 0.38494 0.00000 0.29897 0.65116 1.00000 0.15876 0.15893
100.00000 134.00000 0.99997 0.99762 1.00000 0.00000 0.12998 0.29349 0.23228 0.00000 0.00125 0.00587 0.62717 0.28182 0.23077 0.47727 0.00425 0.99328 0.57513 0.40102 0.00000 0.26804 0.62791 1.00000 0.01312 0.01373
100.00000 135.00000 0.00005 0.00000 1.00000 1.00000 0.97696 0.94329 0.90287 1.00000 0.99749 0.96178 0.99873 0.88938 0.94872 0.91234 0.96236 0.99317 0.70125 0.06708 1.00000 0.92784 1.00000 1.00000 0.96838 0.96964
100.00000 136.00000 0.23802 0.29691 1.00000 0.59794 0.63503 0.66878 0.66057 0.61718 0.61418 0.59330 0.85255 0.65581 0.84615 0.75000 0.59600 0.99306 0.69878 0.14938 1.00000 0.68041 0.85412 1.00000 0.62395 0.62745
100.00000 137.00000 0.59529 0.73753 0.00000 0.23809 0.00918 0.04374 0.03944 0.29318 0.20891 0.08996 0.00139 0.02409 0.02564 0.04708 0.09018 0.00187 0.05598 0.91784 0.00000 0.06186 0.00000 0.00000 0.14834 0.13766
100.00000 138.00000 0.99983 0.99762 1.00000 0.00000 0.12456 0.26220 0.23053 0.00000 0.00125 0.00209 0.62734 0.27670 0.23077 0.46347 0.00379 0.99333 0.57746 0.39732 0.00000 0.28866 0.62791 1.00000 0.01446 0.01677
100.00000 139.00000 0.00005 0.00000 1.00000 1.00000 0.98155 0.91961 0.90470 1.00000 0.99749 0.96296 0.99873 0.88693 0.94872 0.90422 0.96522 0.99311 0.70825 0.07341 1.00000 0.90722 1.00000 1.00000 0.97679 0.97512
100.00000 140.00000 0.47618 0.83135 1.00000 0.62699 0.65779 0.64275 0.52204 0.50794 0.49749 0.45560 0.86331 0.61039 0.38462 0.64448 0.45567 0.99317 0.52259 0.33723 0.00000 0.63918 0.86469 1.00000 0.48402 0.49222
100.00000 141.00000 0.83334 0.99762 1.00000 0.06027 0.17992 0.31515 0.23274 0.14659 0.14429 0.13337 0.65036 0.30145 0.23077 0.44968 0.13405 0.99322 0.53118 0.37926 0.00000 0.30928 0.65116 1.00000 0.15910 0.15839
100.00000 142.00000 0.23800 0.29893 1.00000 0.59794 0.63007 0.68363 0.66266 0.61718 0.61418 0.59550 0.85253 0.65275 0.84615 0.74919 0.59553 0.99314 0.69353 0.13924 1.00000 0.70103 0.85412 1.00000 0.61958 0.62823
100.00000 143.00000 0.83333 0.99774 1.00000 0.06027 0.17918 0.31348 0.24095 0.14659 0.14429 0.13335 0.65028 0.29914 0.23077 0.44237 0.13459 0.99328 0.53382 0.37068 0.00000 0.31959 0.65116 1.00000 0.15809 0.15715
100.00000 144.00000 0.47610 0.83290 1.00000 0.62699 0.64944 0.62342 0.51394 0.50794 0.49749 0.45617 0.86329 0.61083 0.38462 0.64123 0.45550 0.99311 0.51836 0.33945 0.00000 0.61856 0.86469 1.00000 0.48032 0.49389
100.00000 145.00000 0.47617 0.83135 1.00000 0.62699 0.65798 0.65849 0.53352 0.50794 0.49749 0.45670 0.86337 0.59899 0.38462 0.67370 0.45589 0.99319 0.52218 0.34373 0.00000 0.63918 0.86469 1.00000 0.48200 0.48701
100.00000 146.00000 0.23801 0.29691 1.00000 0.59794 0.62851 0.70208 0.66997 0.61718 0.61418 0.59663 0.85278 0.65340 0.84615 0.74188 0.59656 0.99322 0.70476 0.14814 1.00000 0.69072 0.85412 1.00000 0.62025 0.62592
100.00000 147.00000 0.59519 0.73741 0.00000 0.23809 0.00780 0.03437 0.04977 0.29318 0.20891 0.09079 0.00143 0.02105 0.02564 0.03977 0.08876 0.00187 0.06704 0.91548 0.00000 0.04124 0.00000 0.00000 0.14262 0.14077
100.00000 148.00000 0.83324 0.99762 1.00000 0.06027 0.18083 0.30959 0.23821 0.14659 0.14429 0.13510 0.65034 0.30431 0.23077 0.46834 0.13390 0.99325 0.54238 0.38051 0.00000 0.30928 0.65116 1.00000 0.16179 0.16193
100.00000 149.00000 0.23817 0.29715 1.00000 0.59794 0.62833 0.66862 0.64770 0.61718 0.61418 0.59668 0.85261 0.65713 0.84615 0.74513 0.59666 0.99322 0.68784 0.14603 1.00000 0.68041 0.85412 1.00000 0.62799 0.62583
100.00000 150.00000 0.99984 0.99762 1.00000 0.00000 0.12530 0.27457 0.21941 0.00000 0.00125 0.00476 0.62741 0.27306 0.23077 0.46834 0.00506 0.99339 0.58480 0.39106 0.00000 0.27835 0.62791 1.00000 0.01312 0.01686
100.00000 151.00000 0.99987 0.99857 1.00000 0.00000 0.12218 0.27721 0.23680 0.00000 0.00125 0.00476 0.62743 0.28315 0.23077 0.47808 0.00594 0.99352 0.57708 0.40092 0.00000 0.28866 0.62791 1.00000 0.01749 0.01711
100.00000 152.00000 0.59526 0.73634 0.00000 0.23809 0.00643 0.04266 0.05027 0.29318 0.20891 0.09086 0.00133 0.01937 0.02564 0.04302 0.08928 0.00198 0.07704 0.91130 0.00000 0.04124 0.00000 0.00000 0.13892 0.13846
100.00000 153.00000 0.47612 0.83135 1.00000 0.62699 0.65706 0.64332 0.50054 0.50794 0.49749 0.45748 0.86329 0.61307 0.38462 0.66234 0.45596 0.99314 0.52552 0.34723 0.00000 0.62887 0.86469 1.00000 0.48167 0.48837
100.00000 154.00000 0.00006 0.00000 1.00000 1.00000 0.97531 0.94170 0.89816 1.00000 0.99749 0.96666 0.99869 0.88307 0.94872 0.90584 0.96637 0.99317 0.71183 0.06808 1.00000 0.93814 1.00000 1.00000 0.96670 0.97629
100.00000 155.00000 0.59518 0.73634 0.00000 0.23809 0.00982 0.03154 0.03860 0.29318 0.20891 0.09169 0.00139 0.02043 0.02564 0.03247 0.08884 0.00215 0.07620 0.92285 0.00000 0.04124 0.00000 0.00000 0.13993 0.13284
100.00000 156.00000 0.23803 0.29715 1.00000 0.59794 0.63292 0.67083 0.67076 0.61718 0.61418 0.59557 0.85261 0.66199 0.84615 0.74513 0.59646 0.99322 0.70000 0.14883 1.00000 0.68041 0.85412 1.00000 0.62395 0.62971
100.00000 157.00000 0.83325 0.99988 1.00000 0.06027 0.17909 0.32773 0.23701 0.14659 0.14429 0.13676 0.65043 0.30179 0.23077 0.45617 0.13486 0.99333 0.53562 0.36999 0.00000 0.29897 0.65116 1.00000 0.15910 0.16721
100.00000 158.00000 0.99980 0.99762 1.00000 0.00000 0.12392 0.27999 0.22481 0.00000 0.00125 0.00812 0.62732 0.27565 0.23077 0.48133 0.00406 0.99347 0.58776 0.38854 0.00000 0.28866 0.62791 1.00000 0.01547 0.02009
100.00000 159.00000 0.99978 0.99762 1.00000 0.00000 0.12723 0.27673 0.22997 0.00000 0.00125 0.00467 0.62726 0.26912 0.23077 0.47240 0.00503 0.99339 0.57559 0.38297 0.00000 0.27835 0.62791 1.00000 0.01379 0.01625
100.00000 160.00000 0.47623 0.83135 1.00000 0.62699 0.65816 0.65706 0.51776 0.50794 0.49686 0.45553 0.86327 0.60922 0.38462 0.65747 0.45533 0.99314 0.51790 0.34567 0.00000 0.62887 0.86469 1.00000 0.48268 0.48699
100.00000 161.00000 0.59517 0.73634 0.00000 0.23809 0.01294 0.04523 0.05320 0.29318 0.20891 0.09127 0.00139 0.02265 0.02564 0.03653 0.08998 0.00201 0.07144 0.91832 0.00000 0.04124 0.00000 0.00000 0.14430 0.14368
100.00000 162.00000 0.99993 0.99857 1.00000 0.00000 0.13016 0.28439 0.21362 0.00000 0.00125 0.00695 0.62747 0.28036 0.23077 0.46834 0.00547 0.99339 0.58937 0.37760 0.00000 0.27835 0.62791 1.00000 0.01379 0.01356
100.00000 163.00000 0.00003 0.00000 1.00000 1.00000 0.98522 0.91024 0.90116 1.00000 0.99749 0.96609 0.99876 0.89295 0.94872 0.90179 0.96796 0.99328 0.71652 0.06635 1.00000 0.91753 1.00000 1.00000 0.97309 0.97353
100.00000 164.00000 0.23806 0.29822 1.00000 0.59794 0.63264 0.69119 0.68171 0.61718 0.61418 0.59573 0.85270 0.65240 0.84615 0.73458 0.59565 0.99308 0.69137 0.14727 1.00000 0.69072 0.85412 1.00000 0.62193 0.62963
100.00000 165.00000 0.99986 0.99810 1.00000 0.00000 0.12135 0.29444 0.22810 0.00000 0.00125 0.00591 0.62730 0.28268 0.23077 0.46753 0.00591 0.99333 0.57934 0.38559 0.00000 0.27835 0.62791 1.00000 0.02254 0.01498
100.00000 166.00000 0.47626 0.83135 1.00000 0.62699 0.66091 0.64545 0.53409 0.50794 0.49749 0.45670 0.86331 0.61055 0.38462 0.65341 0.45694 0.99317 0.52973 0.35131 0.00000 0.62887 0.86469 1.00000 0.48705 0.48454
100.00000 167.00000 0.23802 0.29691 1.00000 0.59794 0.63475 0.67829 0.67131 0.61718 0.61418 0.59767 0.85270 0.66027 0.84615 0.74594 0.59693 0.99322 0.70823 0.14042 1.00000 0.70103 0.85412 1.00000 0.62731 0.62222
100.00000 168.00000 0.59513 0.73717 0.00000 0.23809 0.00762 0.03807 0.03043 0.29318 0.20891 0.09001 0.00158 0.02152 0.02564 0.04627 0.08972 0.00196 0.06954 0.91777 0.00000 0.04124 0.00000 0.00000 0.14094 0.14273
100.00000 169.00000 0.23819 0.29691 1.00000 0.59794 0.63787 0.68293 0.66425 0.61718 0.61418 0.59882 0.85278 0.66342 0.84615 0.75000 0.59866 0.99355 0.71046 0.13395 1.00000 0.69072 0.85412 1.00000 0.62159 0.62936
100.00000 170.00000 0.23813 0.29739 1.00000 0.59794 0.62906 0.67216 0.66992 0.61718 0.61355 0.59629 0.85259 0.65720 0.84615 0.74269 0.59619 0.99341 0.68606 0.13689 1.00000 0.68041 0.85412 1.00000 0.62193 0.62625
100.00000 171.00000 0.00003 0.00000 1.00000 1.00000 0.98091 0.91597 0.90157 1.00000 0.99812 0.96685 0.99884 0.88862 0.94872 0.92776 0.96610 0.99325 0.71753 0.05625 1.00000 0.91753 1.00000 1.00000 0.97511 0.97867
100.00000 172.00000 0.83328 0.99762 1.00000 0.06027 0.18138 0.33100 0.22805 0.14659 0.14429 0.13607 0.65049 0.30106 0.23077 0.47240 0.13517 0.99341 0.55539 0.37345 0.00000 0.32990 0.65116 1.00000 0.15876 0.16194
100.00000 173.00000 0.23807 0.29691 1.00000 0.59794 0.64219 0.70969 0.68627 0.61718 0.61418 0.59787 0.85291 0.66142 0.84615 0.75406 0.59685 0.99344 0.71150 0.14201 1.00000 0.70103 0.85412 1.00000 0.62967 0.62778
100.00000 174.00000 0.59516 0.73634 0.00000 0.23809 0.00872 0.03030 0.04398 0.29318 0.20891 0.09263 0.00141 0.01957 0.02564 0.04464 0.08837 0.00201 0.07714 0.91538 0.00000 0.04124 0.00000 0.00000 0.14262 0.13999
100.00000 175.00000 0.00004 0.00000 1.00000 1.00000 0.98054 0.91213 0.90330 1.00000 0.99749 0.96542 0.99873 0.89429 0.94872 0.90422 0.96791 0.99328 0.71027 0.05784 1.00000 0.94845 1.00000 1.00000 0.97410 0.97586
100.00000 176.00000 0.99989 0.99762 1.00000 0.00000 0.12686 0.28483 0.24631 0.00000 0.00125 0.00635 0.62738 0.27840 0.23077 0.47646 0.00560 0.99363 0.58273 0.37902 0.00000 0.29897 0.62791 1.00000 0.01715 0.01494
100.00000 177.00000 0.99980 0.99917 1.00000 0.00000 0.12686 0.27376 0.23264 0.00000 0.00125 0.00633 0.62743 0.28086 0.23077 0.48701 0.00613 0.99363 0.59394 0.38428 0.00000 0.26804 0.62791 1.00000 0.01682 0.01497
100.00000 178.00000 0.83332 0.99846 1.00000 0.06027 0.18377 0.32422 0.25990 0.14659 0.14429 0.13420 0.65066 0.30738 0.25641 0.45292 0.13464 0.99350 0.54724 0.36574 0.00000 0.32990 0.65116 1.00000 0.16145 0.16365
100.00000 179.00000 0.23823 0.29691 1.00000 0.59794 0.63283 0.68115 0.67090 0.61718 0.61418 0.59873 0.85272 0.66453 0.84615 0.74919 0.59908 0.99336 0.70517 0.14357 1.00000 0.68041 0.85412 1.00000 0.62731 0.62447
100.00000 180.00000 0.83320 0.99762 1.00000 0.06027 0.18331 0.30692 0.24052 0.14659 0.14429 0.13641 0.65057 0.30577 0.25641 0.46510 0.13539 0.99344 0.55710 0.37148 0.00000 0.31959 0.65116 1.00000 0.16650 0.16096
100.00000 181.00000 0.00003 0.00143 1.00000 1.00000 0.98036 0.93538 0.88125 1.00000 0.99749 0.96931 0.99884 0.89491 0.94872 0.90584 0.96864 0.99336 0.72097 0.06096 1.00000 0.93814 1.00000 1.00000 0.97511 0.97925
100.00000 182.00000 0.47613 0.83135 1.00000 0.62699 0.65522 0.63357 0.53561 0.50794 0.49749 0.45785 0.86361 0.60912 0.35897 0.67776 0.45779 0.99350 0.53134 0.33474 0.00000 0.64948 0.86469 1.00000 0.47965 0.48402
100.00000 183.00000 0.99999 0.99762 1.00000 0.00000 0.12622 0.29412 0.22308 0.00000 0.00125 0.00716 0.62745 0.28371 0.23077 0.47808 0.00640 0.99377 0.59761 0.40147 0.00000 0.26804 0.62791 1.00000 0.01850 0.02035
100.00000 184.00000 0.59509 0.73812 0.00000 0.23809 0.00845 0.03143 0.02906 0.29318 0.20891 0.09164 0.00158 0.01953 0.02564 0.03409 0.09047 0.00204 0.07591 0.91365 0.00000 0.05155 0.00000 0.00000 0.13824 0.14162
100.00000 185.00000 0.23819 0.29691 1.00000 0.59794 0.64008 0.68034 0.67972 0.61718 0.61418 0.59930 0.85293 0.65907 0.84615 0.74919 0.59927 0.99330 0.71073 0.12063 1.00000 0.69072 0.85412 1.00000 0.62866 0.62257
100.00000 186.00000 0.47607 0.83325 1.00000 0.62699 0.65678 0.64440 0.53371 0.50794 0.49749 0.46054 0.86358 0.62087 0.38462 0.67370 0.45933 0.99347 0.52692 0.32876 0.00000 0.64948 0.86469 1.00000 0.48470 0.48941
100.00000 187.00000 0.99993 0.99762 1.00000 0.00000 0.12585 0.29066 0.23694 0.00000 0.00125 0.00676 0.62747 0.29206 0.23077 0.47808 0.00811 0.99369 0.60158 0.38127 0.00000 0.31959 0.62791 1.00000 0.00975 0.01731
100.00000 188.00000 0.59511 0.73717 0.00000 0.23809 0.00835 0.05068 0.05262 0.29318 0.20891 0.09187 0.00141 0.02213 0.02564 0.04383 0.09143 0.00215 0.07041 0.90272 0.00000 0.04124 0.00000 0.00000 0.14329 0.14229
100.00000 189.00000 0.99978 0.99762 1.00000 0.00000 0.12502 0.28156 0.23348 0.00000 0.00125 0.00594 0.62743 0.28679 0.23077 0.47971 0.00481 0.99366 0.58045 0.38587 0.00000 0.29897 0.62791 1.00000 0.01850 0.01730
100.00000 190.00000 0.59531 0.73789 0.00000 0.23809 0.01010 0.03945 0.04506 0.29318 0.20891 0.09143 0.00154 0.02060 0.02564 0.04627 0.08842 0.00229 0.08171 0.90846 0.00000 0.05155 0.00000 0.00000 0.14396 0.14203
100.00000 191.00000 0.99991 0.99952 1.00000 0.00000 0.13081 0.28915 0.24621 0.00000 0.00125 0.00697 0.62757 0.28519 0.23077 0.47808 0.00635 0.99388 0.60048 0.38321 0.00000 0.30928 0.62791 1.00000 0.01749 0.00890
100.00000 192.00000 0.59518 0.73634 0.00000 0.23809 0.01570 0.04234 0.04170 0.29318 0.20891 0.09017 0.00156 0.02950 0.02564 0.06737 0.09135 0.00231 0.08443 0.91203 0.00000 0.04124 0.00000 0.00000 0.14834 0.14027
100.00000 193.00000 1.00000 0.99762 1.00000 0.00000 0.12355 0.29123 0.23965 0.00000 0.00125 0.00745 0.62751 0.29054 0.25641 0.48052 0.00716 0.99388 0.59386 0.36913 0.00000 0.28866 0.62791 1.00000 0.01177 0.01574
100.00000 194.00000 0.83318 0.99762 1.00000 0.06027 0.18065 0.33451 0.24379 0.14659 0.14429 0.13639 0.65074 0.30789 0.25641 0.46266 0.13581 0.99372 0.56198 0.36975 0.00000 0.31959 0.65116 1.00000 0.16650 0.15877
100.00000 195.00000 0.47620 0.83135 1.00000 0.62699 0.66202 0.66214 0.53203 0.50794 0.49686 0.46070 0.86356 0.62056 0.38462 0.67938 0.45950 0.99358 0.53719 0.33675 0.00000 0.63918 0.86469 1.00000 0.48301 0.48722
100.00000 196.00000 0.83324 0.99762 1.00000 0.06027 0.18028 0.32476 0.23764 0.14659 0.14429 0.13689 0.65068 0.30660 0.25641 0.46834 0.13666 0.99372 0.57239 0.36332 0.00000 0.31959 0.65116 1.00000 0.16482 0.16610
100.00000 197.00000 0.83329 0.99976 1.00000 0.06027 0.18616 0.32052 0.24559 0.14659 0.14429 0.13715 0.65083 0.30832 0.25641 0.45536 0.13669 0.99372 0.55849 0.36875 0.00000 0.31959 0.65116 1.00000 0.15304 0.15908
100.00000 198.00000 0.99980 0.99798 1.00000 0.00000 0.12713 0.27886 0.22404 0.00000 0.00125 0.00900 0.62753 0.28927 0.25641 0.48133 0.00780 0.99366 0.59939 0.39289 0.00000 0.28866 0.62791 1.00000 0.01547 0.01783
100.00000 199.00000 0.59527 0.73634 0.00000 0.23809 0.00845 0.05395 0.03430 0.29318 0.20891 0.09279 0.00167 0.02918 0.02564 0.05844 0.09106 0.00218 0.08782 0.90365 0.00000 0.02062 0.00000 0.00000 0.14464 0.14249
100.00000 200.00000 0.47626 0.83135 1.00000 0.62699 0.65412 0.64453 0.53767 0.50794 0.49749 0.46050 0.86375 0.61709 0.38462 0.67127 0.46151 0.99366 0.55039 0.33190 0.00000 0.64948 0.86469 1.00000 0.48940 0.49005
100.00000 201.00000 0.83323 0.99762 1.00000 0.06027 0.18634 0.33160 0.23499 0.14659 0.14429 0.13752 0.65072 0.31930 0.25641 0.46834 0.13566 0.99377 0.57027 0.36017 0.00000 0.31959 0.65116 1.00000 0.15506 0.16808
100.00000 202.00000 0.23806 0.29691 1.00000 0.59794 0.63778 0.71137 0.68932 0.61718 0.61418 0.60015 0.85295 0.67031 0.84615 0.77192 0.60137 0.99361 0.71873 0.13731 1.00000 0.69072 0.85412 1.00000 0.62193 0.63265
100.00000 203.00000 0.47628 0.83135 1.00000 0.62699 0.65632 0.64756 0.51872 0.50794 0.49749 0.45987 0.86380 0.61934 0.38462 0.66640 0.46161 0.99375 0.55308 0.32159 0.00000 0.65979 0.86469 1.00000 0.48705 0.48681
100.00000 204.00000 0.83316 0.99810 1.00000 0.06027 0.18359 0.31280 0.23312 0.14659 0.14429 0.13625 0.65097 0.30890 0.25641 0.48377 0.13762 0.99399 0.56667 0.36034 0.00000 0.32990 0.65116 1.00000 0.16078 0.16662
100.00000 205.00000 0.59530 0.73634 0.00000 0.23809 0.00789 0.03192 0.04636 0.29318 0.20891 0.09313 0.00167 0.02949 0.02564 0.05195 0.09084 0.00212 0.09296 0.90289 0.00000 0.04124 0.00000 0.00000 0.13724 0.14346
100.00000 206.00000 0.47612 0.83230 1.00000 0.62699 0.66303 0.64807 0.53911 0.50794 0.49749 0.46236 0.86382 0.61912 0.38462 0.69481 0.46271 0.99375 0.55380 0.32184 0.00000 0.63918 0.86469 1.00000 0.48604 0.48853
100.00000 207.00000 0.59522 0.73634 0.00000 0.23809 0.01313 0.05128 0.05198 0.29318 0.20891 0.09382 0.00179 0.02927 0.02564 0.05682 0.09133 0.00229 0.10652 0.89995 0.00000 0.05155 0.00000 0.00000 0.14665 0.13941
100.00000 208.00000 0.00001 0.00000 1.00000 1.00000 0.98430 0.94913 0.93424 1.00000 0.99749 0.97350 0.99897 0.89978 0.94872 0.93019 0.97478 0.99352 0.74213 0.05798 1.00000 0.93814 1.00000 1.00000 0.98116 0.98196
100.00000 209.00000 0.99979 0.99762 1.00000 0.00000 0.12346 0.29809 0.24052 0.00000 0.00125 0.00934 0.62760 0.28896 0.25641 0.49756 0.00701 0.99399 0.61659 0.37176 0.00000 0.29897 0.62791 1.00000 0.01379 0.01773
100.00000 210.00000 0.00006 0.00000 1.00000 1.00000 0.98164 0.94707 0.92088 1.00000 0.99812 0.97308 0.99897 0.90016 0.97436 0.92938 0.97409 0.99352 0.74552 0.05390 1.00000 0.93814 1.00000 1.00000 0.97175 0.98155
100.00000 211.00000 0.83324 0.99822 1.00000 0.06027 0.18386 0.33748 0.23699 0.14659 0.14429 0.13805 0.65083 0.31419 0.25641 0.48945 0.13793 0.99383 0.56568 0.36722 0.00000 0.31959 0.65116 1.00000 0.16852 0.15858
100.00000 212.00000 0.83323 0.99762 1.00000 0.06027 0.18423 0.35663 0.24275 0.14659 0.14429 0.13940 0.65089 0.31670 0.25641 0.46266 0.13652 0.99402 0.57888 0.35993 0.00000 0.31959 0.65116 1.00000 0.16616 0.16040
100.00000 213.00000 0.99997 0.99762 1.00000 0.00000 0.12484 0.30521 0.24487 0.00000 0.00125 0.01047 0.62776 0.29541 0.25641 0.48214 0.00841 0.99394 0.61882 0.37470 0.00000 0.28866 0.62791 1.00000 0.01884 0.02097
100.00000 214.00000 0.23803 0.29703 1.00000 0.59794 0.63347 0.68722 0.68109 0.61718 0.61418 0.60471 0.85318 0.67302 0.84615 0.76461 0.60350 0.99394 0.73706 0.12094 1.00000 0.69072 0.85412 1.00000 0.62933 0.62641
100.00000 215.00000 0.23806 0.29691 1.00000 0.59794 0.63659 0.69141 0.69799 0.61718 0.61418 0.60225 0.85312 0.66881 0.84615 0.76461 0.60431 0.99397 0.73035 0.12977 1.00000 0.68041 0.85412 1.00000 0.63202 0.62916
100.00000 216.00000 0.83329 0.99762 1.00000 0.06027 0.18423 0.33578 0.23656 0.14659 0.14429 0.13747 0.65097 0.31964 0.25641 0.48539 0.13789 0.99419 0.58129 0.34882 0.00000 0.32990 0.65116 1.00000 0.15910 0.16266
100.00000 217.00000 0.83336 0.99762 1.00000 0.06027 0.18157 0.34534 0.26192 0.14659 0.14429 0.13809 0.65108 0.32094 0.25641 0.47727 0.13837 0.99405 0.58538 0.35197 0.00000 0.35052 0.65116 1.00000 0.15641 0.16734
100.00000 218.00000 0.83329 0.99762 1.00000 0.06027 0.18570 0.33187 0.24967 0.14659 0.14429 0.13770 0.65110 0.32048 0.25641 0.47890 0.13859 0.99410 0.58509 0.35951 0.00000 0.31959 0.65116 1.00000 0.15977 0.15935
100.00000 219.00000 0.00003 0.00083 1.00000 1.00000 0.98770 0.94629 0.92434 1.00000 0.99749 0.97522 0.99899 0.90619 0.97436 0.94399 0.97712 0.99380 0.75478 0.04490 1.00000 0.93814 1.00000 1.00000 0.97141 0.98497
100.00000 220.00000 0.23810 0.29751 1.00000 0.59794 0.63402 0.71998 0.70287 0.61718 0.61355 0.60466 0.85331 0.67679 0.84615 0.76623 0.60487 0.99399 0.73581 0.11721 1.00000 0.71134 0.85412 1.00000 0.63303 0.63286
100.00000 221.00000 0.99983 0.99822 1.00000 0.00000 0.13163 0.30951 0.23473 0.00000 0.00125 0.00821 0.62770 0.29570 0.25641 0.49188 0.00985 0.99394 0.62570 0.36422 0.00000 0.29897 0.62791 1.00000 0.02018 0.01258
100.00000 222.00000 0.00000 0.00000 1.00000 1.00000 0.98339 0.95496 0.91767 1.00000 0.99749 0.97497 0.99924 0.89965 0.97436 0.93019 0.97717 0.99386 0.75555 0.06490 1.00000 0.93814 1.00000 1.00000 0.98419 0.98008
100.00000 223.00000 0.47611 0.83135 1.00000 0.62699 0.65825 0.65571 0.54637 0.50794 0.49686 0.46498 0.86394 0.62636 0.38462 0.67938 0.46310 0.99386 0.57999 0.30665 0.00000 0.65979 0.86469 1.00000 0.48974 0.48744
100.00000 224.00000 0.00001 0.00000 1.00000 1.00000 0.98586 0.94664 0.92451 1.00000 0.99749 0.97662 0.99909 0.91086 0.97436 0.94318 0.97893 0.99377 0.76529 0.04605 1.00000 0.92784 1.00000 1.00000 0.98116 0.97895
100.00000 225.00000 0.23821 0.29881 1.00000 0.59794 0.63558 0.69830 0.69643 0.61718 0.61418 0.60586 0.85346 0.67318 0.87179 0.76542 0.60570 0.99430 0.75310 0.12565 1.00000 0.69072 0.85412 1.00000 0.62933 0.62495
100.00000 226.00000 0.00004 0.00000 1.00000 1.00000 0.97687 0.94678 0.93220 1.00000 0.99749 0.97543 0.99913 0.90296 0.97436 0.94643 0.97803 0.99372 0.75870 0.06002 1.00000 0.94845 1.00000 1.00000 0.97881 0.98557
100.00000 227.00000 0.47610 0.83373 1.00000 0.62699 0.66247 0.67070 0.54711 0.50794 0.49749 0.46459 0.86413 0.63658 0.38462 0.70130 0.46574 0.99416 0.58225 0.30395 0.00000 0.64948 0.86469 1.00000 0.49546 0.49273
100.00000 228.00000 0.47617 0.83135 1.00000 0.62699 0.65908 0.68587 0.53943 0.50794 0.49749 0.46448 0.86420 0.63002 0.38462 0.69318 0.46554 0.99419 0.57523 0.30952 0.00000 0.62887 0.86469 1.00000 0.48873 0.48963
100.00000 229.00000 0.00002 0.00107 1.00000 1.00000 0.98889 0.96144 0.94538 1.00000 0.99749 0.98014 0.99911 0.90635 0.97436 0.93831 0.98042 0.99386 0.78356 0.03951 1.00000 0.95876 1.00000 1.00000 0.98116 0.98916
100.00000 230.00000 0.00004 0.00000 1.00000 1.00000 0.97981 0.94192 0.91625 1.00000 0.99749 0.97874 0.99920 0.91390 0.97436 0.93994 0.98035 0.99386 0.76988 0.04937 1.00000 0.91753 1.00000 1.00000 0.98217 0.97993
100.00000 231.00000 0.47609 0.83219 1.00000 0.62699 0.66229 0.64526 0.56575 0.50794 0.49749 0.46625 0.86428 0.63843 0.41026 0.70049 0.46478 0.99443 0.58290 0.30648 0.00000 0.67010 0.86469 1.00000 0.48470 0.49546
100.00000 232.00000 0.23820 0.29691 1.00000 0.59794 0.63613 0.71269 0.69072 0.61718 0.61418 0.60678 0.85344 0.67107 0.87179 0.77435 0.60682 0.99432 0.75567 0.12810 1.00000 0.72165 0.85412 1.00000 0.63303 0.63069
100.00000 233.00000 0.99981 0.99762 1.00000 0.00000 0.12860 0.30962 0.25075 0.00000 0.00125 0.00927 0.62793 0.30001 0.25641 0.50081 0.00968 0.99421 0.64777 0.35698 0.00000 0.30928 0.62791 1.00000 0.01413 0.01921
100.00000 234.00000 0.00003 0.00119 1.00000 1.00000 0.98678 0.95121 0.92482 1.00000 0.99749 0.97989 0.99939 0.91158 0.97436 0.95779 0.98150 0.99386 0.78118 0.02806 1.00000 0.96907 1.00000 1.00000 0.97982 0.98705
100.00000 235.00000 1.00000 0.99786 1.00000 0.00000 0.12952 0.29525 0.27073 0.00000 0.00125 0.00934 0.62800 0.30813 0.28205 0.51299 0.01110 0.99443 0.65583 0.34740 0.00000 0.32990 0.62791 1.00000 0.02388 0.01700
100.00000 236.00000 0.00002 0.00000 1.00000 1.00000 0.98724 0.94751 0.92259 1.00000 0.99749 0.98104 0.99922 0.91891 0.97436 0.95373 0.98135 0.99405 0.76750 0.04494 1.00000 0.95876 1.00000 1.00000 0.98318 0.98803
100.00000 237.00000 0.00002 0.00000 1.00000 1.00000 0.98219 0.94143 0.91687 1.00000 0.99749 0.98245 0.99937 0.92100 0.97436 0.95617 0.98311 0.99416 0.77996 0.04902 1.00000 0.94845 1.00000 1.00000 0.97780 0.98434
100.00000 238.00000 0.83316 0.99774 1.00000 0.06027 0.18533 0.34423 0.25668 0.14659 0.14429 0.14127 0.65140 0.33244 0.28205 0.50000 0.14089 0.99487 0.62652 0.34294 0.00000 0.35052 0.65116 1.00000 0.16078 0.16088
100.00000 239.00000 0.00004 0.00000 1.00000 1.00000 0.98596 0.94348 0.92883 1.00000 0.99749 0.98148 0.99947 0.92225 0.97436 0.95860 0.98240 0.99402 0.77575 0.03114 1.00000 0.93814 1.00000 1.00000 0.98285 0.98189
100.00000 240.00000 0.83322 0.99929 1.00000 0.06027 0.18827 0.33883 0.27811 0.14659 0.14429 0.14099 0.65152 0.33119 0.28205 0.49513 0.14038 0.99468 0.62770 0.34854 0.00000 0.35052 0.65116 1.00000 0.16616 0.16473
100.00000 241.00000 0.00006 0.00059 1.00000 1.00000 0.98375 0.94529 0.93969 1.00000 0.99749 0.98399 0.99930 0.92426 0.97436 0.96347 0.98499 0.99402 0.79722 0.01370 1.00000 0.94845 1.00000 1.00000 0.98352 0.98803
100.00000 242.00000 0.59527 0.73634 0.00000 0.23809 0.01157 0.06254 0.06093 0.29318 0.20891 0.09569 0.00203 0.03902 0.02564 0.05844 0.09502 0.00295 0.12590 0.87394 0.00000 0.07216 0.00000 0.00000 0.14464 0.14490
100.00000 243.00000 0.99983 0.99762 1.00000 0.00000 0.12888 0.30978 0.26569 0.00000 0.00125 0.01325 0.62814 0.31398 0.28205 0.52029 0.01139 0.99454 0.67093 0.33654 0.00000 0.29897 0.62791 1.00000 0.01547 0.02177
100.00000 244.00000 0.99985 0.99762 1.00000 0.00000 0.12475 0.31947 0.25908 0.00000 0.00125 0.01231 0.62812 0.31171 0.28205 0.52273 0.01085 0.99452 0.68341 0.33633 0.00000 0.32990 0.62791 1.00000 0.01615 0.01882
100.00000 245.00000 0.83318 0.99762 1.00000 0.06027 0.19029 0.34332 0.28382 0.14659 0.14429 0.14311 0.65165 0.33981 0.28205 0.50081 0.14277 0.99499 0.63169 0.33616 0.00000 0.36082 0.65116 1.00000 0.16784 0.16916
100.00000 246.00000 0.47618 0.83135 1.00000 0.62699 0.66119 0.67607 0.57473 0.50794 0.49749 0.47117 0.86472 0.64489 0.41026 0.70455 0.47089 0.99493 0.60553 0.29945 1.00000 0.68041 0.86469 1.00000 0.49344 0.49581
100.00000 247.00000 0.59517 0.73634 0.00000 0.23809 0.01487 0.06205 0.08056 0.29318 0.20828 0.09896 0.00222 0.04745 0.02564 0.07711 0.09497 0.00303 0.13081 0.88400 0.00000 0.05155 0.00000 0.00000 0.14194 0.14296
100.00000 248.00000 0.83335 0.99952 1.00000 0.06027 0.18377 0.36133 0.28707 0.14659 0.14429 0.14522 0.65169 0.33953 0.28205 0.51867 0.14395 0.99515 0.63756 0.33332 0.00000 0.35052 0.65116 1.00000 0.16414 0.16890
100.00000 249.00000 0.59528 0.73812 0.00000 0.23809 0.00890 0.07045 0.07049 0.29318 0.20891 0.09741 0.00209 0.03978 0.02564 0.06006 0.09531 0.00320 0.14454 0.86622 0.00000 0.06186 0.00000 0.00000 0.14497 0.14490
100.00000 250.00000 0.99993 0.99893 1.00000 0.00000 0.12787 0.32549 0.27616 0.00000 0.00125 0.01249 0.62823 0.31849 0.28205 0.52841 0.01271 0.99468 0.69411 0.34142 0.00000 0.32990 0.62791 1.00000 0.02085 0.02659
100.00000 251.00000 0.00002 0.00036 1.00000 1.00000 0.98807 0.95258 0.95057 1.00000 0.99812 0.98974 0.99958 0.93300 0.97436 0.98295 0.99184 0.99441 0.81730 0.02999 1.00000 0.95876 1.00000 1.00000 0.98722 0.99392
100.00000 252.00000 0.47608 0.83230 1.00000 0.62699 0.66009 0.65636 0.58230 0.50794 0.49749 0.47391 0.86498 0.65259 0.41026 0.70942 0.47373 0.99534 0.63541 0.28946 1.00000 0.69072 0.86469 1.00000 0.48705 0.50549
100.00000 253.00000 0.99986 0.99786 1.00000 0.00000 0.12557 0.33497 0.26917 0.00000 0.00125 0.01187 0.62812 0.31607 0.28205 0.51867 0.01300 0.99482 0.69510 0.33249 0.00000 0.31959 0.62791 1.00000 0.02052 0.02204
100.00000 254.00000 0.99993 0.99762 1.00000 0.00000 0.13090 0.31799 0.26989 0.00000 0.00125 0.01302 0.62825 0.32202 0.28205 0.53166 0.01378 0.99482 0.69938 0.34190 0.00000 0.32990 0.62791 1.00000 0.01917 0.01958
100.00000 255.00000 0.00007 0.00024 1.00000 1.00000 0.99532 0.97937 0.94550 1.00000 0.99749 0.98999 0.99968 0.93777 0.97436 0.95779 0.99233 0.99435 0.81078 0.02525 1.00000 0.96907 1.00000 1.00000 0.98890 0.98893
100.00000 256.00000 0.99995 0.99762 1.00000 0.00000 0.12392 0.34799 0.27266 0.00000 0.00125 0.01321 0.62823 0.32485 0.30769 0.52110 0.01508 0.99482 0.70474 0.31229 0.00000 0.32990 0.62791 1.00000 0.02859 0.02153
100.00000 257.00000 0.00004 0.00071 1.00000 1.00000 0.98770 0.97983 0.96157 1.00000 0.99812 0.99413 0.99960 0.93926 0.97436 0.97159 0.99357 0.99454 0.81821 0.01986 1.00000 0.96907 1.00000 1.00000 0.99294 0.99556
100.00000 258.00000 0.23817 0.29691 1.00000 0.59794 0.64017 0.72368 0.71961 0.61718 0.61418 0.61699 0.85430 0.71343 0.87179 0.79545 0.61679 0.99540 0.79987 0.10064 1.00000 0.72165 0.85412 1.00000 0.63875 0.63957
100.00000 259.00000 0.47627 0.83171 1.00000 0.62699 0.66211 0.69003 0.58290 0.50794 0.49749 0.47656 0.86527 0.65439 0.43590 0.72321 0.47573 0.99554 0.62974 0.28946 1.00000 0.68041 0.86469 1.00000 0.49344 0.49960
100.00000 260.00000 0.00002 0.00000 1.00000 1.00000 0.98697 0.98121 0.95982 1.00000 0.99749 0.99294 0.99968 0.93943 0.97436 0.98864 0.99516 0.99454 0.83459 0.01751 1.00000 0.95876 1.00000 1.00000 0.99159 0.99437
100.00000 261.00000 0.99997 0.99762 1.00000 0.00000 0.13099 0.33189 0.29742 0.00000 0.00125 0.01604 0.62842 0.33644 0.30769 0.52841 0.01540 0.99501 0.71804 0.31623 0.00000 0.31959 0.62791 1.00000 0.02489 0.02007
