25.00000 1.00000 0.99994 0.99762 1.00000 0.00000 0.12185 0.28027 0.23401 0.00000 0.00000 0.00396 0.62683 0.26011 0.24324 0.47476 0.00340 0.99245 0.53161 0.37581 0.00000 0.28125 0.62791 1.00000 0.00960 0.01718
25.00000 2.00000 0.23810 0.29691 1.00000 0.59794 0.63740 0.71096 0.68295 0.61718 0.61509 0.61422 0.85351 0.63519 0.89189 0.72231 0.61519 0.99339 0.64345 0.11317 1.00000 0.68750 0.85412 1.00000 0.62723 0.63094
25.00000 3.00000 0.83326 0.99762 1.00000 0.06027 0.18506 0.32602 0.24171 0.14659 0.14403 0.13763 0.65037 0.28620 0.24324 0.46580 0.13651 0.99278 0.49572 0.35439 0.00000 0.31250 0.65116 1.00000 0.15741 0.16015
25.00000 4.00000 0.99982 0.99881 1.00000 0.00000 0.12955 0.27022 0.24758 0.00000 0.00000 0.00508 0.62700 0.26738 0.24324 0.47394 0.00304 0.99253 0.53989 0.37354 0.00000 0.28125 0.62791 1.00000 0.01440 0.01744
25.00000 5.00000 0.23809 0.29691 1.00000 0.59794 0.63758 0.68468 0.67621 0.61718 0.61509 0.61579 0.85334 0.63405 0.89189 0.73616 0.61532 0.99347 0.63993 0.10786 1.00000 0.68750 0.85412 1.00000 0.63203 0.62904
25.00000 6.00000 0.47624 0.83171 1.00000 0.62699 0.65868 0.64372 0.53988 0.50794 0.49937 0.47313 0.86386 0.59480 0.40541 0.66857 0.47150 0.99333 0.47991 0.31627 0.00000 0.63542 0.86469 1.00000 0.48697 0.48866
25.00000 7.00000 0.99995 0.99762 1.00000 0.00000 0.12818 0.27268 0.24758 0.00000 0.00000 0.00489 0.62696 0.26008 0.24324 0.46987 0.00345 0.99253 0.54099 0.37138 0.00000 0.28125 0.62791 1.00000 0.01886 0.02339
25.00000 8.00000 0.99989 0.99917 1.00000 0.00000 0.12616 0.26244 0.23880 0.00000 0.00063 0.00537 0.62692 0.26383 0.24324 0.48371 0.00469 0.99234 0.54320 0.38507 0.00000 0.27083 0.62791 1.00000 0.01097 0.01981
25.00000 9.00000 0.59527 0.73634 0.00000 0.23809 0.01193 0.05624 0.05389 0.29318 0.20881 0.09145 0.00089 0.01110 0.02703 0.03909 0.08987 0.00113 0.03620 0.93146 0.00000 0.04167 0.00000 0.00000 0.13855 0.14209
25.00000 10.00000 0.99992 0.99857 1.00000 0.00000 0.12377 0.28929 0.23519 0.00000 0.00063 0.00394 0.62689 0.26634 0.24324 0.46906 0.00261 0.99248 0.53642 0.37354 0.00000 0.28125 0.62791 1.00000 0.00960 0.01501
25.00000 11.00000 0.00003 0.00131 1.00000 1.00000 0.98293 0.94030 0.92011 1.00000 1.00000 0.99332 0.99930 0.86718 1.00000 0.90798 0.99607 0.99341 0.66666 0.03178 1.00000 0.95833 1.00000 1.00000 0.98731 0.98255
25.00000 12.00000 0.99992 0.99798 1.00000 0.00000 0.12607 0.29481 0.22712 0.00000 0.00000 0.00384 0.62702 0.26022 0.24324 0.46987 0.00462 0.99264 0.54499 0.37870 0.00000 0.29167 0.62791 1.00000 0.01406 0.02075
25.00000 13.00000 0.99981 0.99762 1.00000 0.00000 0.12900 0.30841 0.24077 0.00000 0.00000 0.00477 0.62692 0.26777 0.24324 0.47394 0.00444 0.99231 0.53789 0.38976 0.00000 0.26042 0.62791 1.00000 0.01200 0.02238
25.00000 14.00000 0.47614 0.83135 1.00000 0.62699 0.65878 0.64432 0.55603 0.50794 0.49937 0.47377 0.86390 0.58325 0.40541 0.66450 0.47224 0.99319 0.49500 0.33154 0.00000 0.64583 0.86469 1.00000 0.49074 0.49219
25.00000 15.00000 0.99997 0.99964 1.00000 0.00000 0.12974 0.30186 0.23591 0.00000 0.00000 0.00363 0.62694 0.26977 0.24324 0.47720 0.00406 0.99245 0.53349 0.37991 0.00000 0.28125 0.62791 1.00000 0.01578 0.01840
25.00000 16.00000 0.47619 0.83147 1.00000 0.62699 0.66089 0.64456 0.54337 0.50794 0.50000 0.47096 0.86398 0.59501 0.40541 0.67345 0.47257 0.99319 0.48436 0.33209 0.00000 0.66667 0.86469 1.00000 0.48731 0.49853
25.00000 17.00000 0.59523 0.73634 0.00000 0.23809 0.00954 0.04061 0.05291 0.29318 0.20818 0.09291 0.00084 0.01470 0.02703 0.03094 0.08999 0.00138 0.04989 0.93885 0.00000 0.04167 0.00000 0.00000 0.14438 0.14404
25.00000 18.00000 0.23815 0.29691 1.00000 0.59794 0.63309 0.68834 0.69715 0.61718 0.61509 0.61453 0.85332 0.63352 0.89189 0.75000 0.61410 0.99344 0.64852 0.12295 1.00000 0.68750 0.85412 1.00000 0.62894 0.63062
25.00000 19.00000 0.47607 0.83135 1.00000 0.62699 0.65327 0.65461 0.53127 0.50794 0.50000 0.47298 0.86400 0.59261 0.40541 0.65391 0.47110 0.99322 0.49062 0.32202 0.00000 0.63542 0.86469 1.00000 0.49143 0.48349
25.00000 20.00000 0.83321 0.99798 1.00000 0.06027 0.17928 0.33853 0.24294 0.14659 0.14403 0.13773 0.65027 0.28935 0.24324 0.46010 0.13692 0.99281 0.48443 0.35237 0.00000 0.31250 0.65116 1.00000 0.16049 0.15837
25.00000 21.00000 0.83332 0.99846 1.00000 0.06027 0.18286 0.32591 0.24975 0.14659 0.14403 0.13682 0.65037 0.28399 0.24324 0.46254 0.13575 0.99278 0.48962 0.35083 0.00000 0.31250 0.65116 1.00000 0.15981 0.16736
25.00000 22.00000 0.00004 0.00000 1.00000 1.00000 0.98128 0.93729 0.92247 1.00000 1.00000 0.99513 0.99945 0.86356 1.00000 0.91450 0.99503 0.99325 0.66052 0.04137 1.00000 0.91667 1.00000 1.00000 0.98560 0.98035
25.00000 23.00000 0.00007 0.00000 1.00000 1.00000 0.98229 0.93729 0.92035 1.00000 1.00000 0.99403 0.99932 0.86243 1.00000 0.92101 0.99467 0.99336 0.66637 0.03270 1.00000 0.91667 1.00000 1.00000 0.98148 0.98177
25.00000 24.00000 0.23813 0.29774 1.00000 0.59794 0.63639 0.69278 0.67677 0.61718 0.61509 0.61541 0.85326 0.63686 0.89189 0.75407 0.61499 0.99355 0.63184 0.11365 1.00000 0.67708 0.85412 1.00000 0.63477 0.63158
25.00000 25.00000 0.99978 0.99834 1.00000 0.00000 0.12625 0.27983 0.24915 0.00000 0.00000 0.00484 0.62685 0.26073 0.24324 0.46661 0.00320 0.99259 0.53901 0.38221 0.00000 0.29167 0.62791 1.00000 0.01200 0.02213
25.00000 26.00000 0.23821 0.29905 1.00000 0.59794 0.63465 0.68861 0.70211 0.61718 0.61572 0.61622 0.85334 0.63693 0.89189 0.73371 0.61446 0.99341 0.63605 0.11072 1.00000 0.69792 0.85412 1.00000 0.63066 0.63573
25.00000 27.00000 0.83316 0.99786 1.00000 0.06027 0.18754 0.33176 0.25504 0.14659 0.14403 0.13675 0.65042 0.28945 0.24324 0.45928 0.13651 0.99270 0.48877 0.36072 0.00000 0.32292 0.65116 1.00000 0.16187 0.16546
25.00000 28.00000 0.99985 0.99798 1.00000 0.00000 0.12680 0.29525 0.24243 0.00000 0.00063 0.00439 0.62696 0.26610 0.24324 0.48860 0.00289 0.99250 0.53994 0.36779 0.00000 0.28125 0.62791 1.00000 0.01235 0.01495
25.00000 29.00000 0.00004 0.00000 1.00000 1.00000 0.98018 0.92781 0.91917 1.00000 1.00000 0.99501 0.99949 0.86471 1.00000 0.92020 0.99447 0.99347 0.65861 0.04529 1.00000 0.93750 1.00000 1.00000 0.98148 0.98387
25.00000 30.00000 0.99991 0.99762 1.00000 0.00000 0.12992 0.30397 0.23790 0.00000 0.00000 0.00289 0.62692 0.26721 0.24324 0.45765 0.00396 0.99250 0.51640 0.38068 0.00000 0.28125 0.62791 1.00000 0.01475 0.01878
25.00000 31.00000 0.00004 0.00166 1.00000 1.00000 0.98156 0.92163 0.92505 1.00000 1.00000 0.99387 0.99945 0.86404 1.00000 0.92264 0.99632 0.99339 0.65750 0.03672 1.00000 0.93750 1.00000 1.00000 0.99005 0.98515
25.00000 32.00000 0.99990 0.99869 1.00000 0.00000 0.12368 0.28701 0.24373 0.00000 0.00000 0.00389 0.62694 0.26699 0.24324 0.45847 0.00358 0.99267 0.53577 0.38375 0.00000 0.28125 0.62791 1.00000 0.01337 0.01854
25.00000 33.00000 0.59511 0.73634 0.00000 0.23809 0.01229 0.05052 0.05989 0.29318 0.20818 0.09338 0.00093 0.01614 0.02703 0.05293 0.08989 0.00105 0.05077 0.92970 0.00000 0.04167 0.00000 0.00000 0.14506 0.14665
25.00000 34.00000 0.99999 0.99762 1.00000 0.00000 0.12487 0.27536 0.25731 0.00000 0.00000 0.00387 0.62694 0.26810 0.24324 0.47557 0.00408 0.99242 0.54806 0.37606 0.00000 0.30208 0.62791 1.00000 0.01372 0.02010
25.00000 35.00000 0.59510 0.73634 0.00000 0.23809 0.00642 0.03817 0.06179 0.29318 0.20881 0.09207 0.00082 0.01180 0.02703 0.04072 0.09032 0.00096 0.03780 0.93468 0.00000 0.03125 0.00000 0.00000 0.14369 0.14475
25.00000 36.00000 0.47614 0.83171 1.00000 0.62699 0.65153 0.64686 0.53192 0.50794 0.49937 0.47177 0.86377 0.59094 0.40541 0.65147 0.47079 0.99328 0.48662 0.32330 0.00000 0.63542 0.86469 1.00000 0.49348 0.50042
25.00000 37.00000 0.23820 0.29834 1.00000 0.59794 0.63189 0.67769 0.68702 0.61718 0.61509 0.61651 0.85328 0.63906 0.89189 0.74186 0.61565 0.99361 0.63717 0.12416 1.00000 0.67708 0.85412 1.00000 0.63237 0.63542
25.00000 38.00000 0.00000 0.00000 1.00000 1.00000 0.98073 0.94279 0.90478 1.00000 1.00000 0.99554 0.99941 0.85799 1.00000 0.91450 0.99696 0.99339 0.67435 0.04152 1.00000 0.93750 1.00000 1.00000 0.98594 0.98036
25.00000 39.00000 0.23807 0.29691 1.00000 0.59794 0.63272 0.68054 0.66882 0.61718 0.61509 0.61379 0.85332 0.63695 0.89189 0.75896 0.61608 0.99347 0.65611 0.11687 1.00000 0.68750 0.85412 1.00000 0.62860 0.62946
25.00000 40.00000 0.47620 0.83135 1.00000 0.62699 0.65960 0.64990 0.54552 0.50794 0.49937 0.47205 0.86384 0.59772 0.40541 0.66612 0.47153 0.99328 0.49196 0.31583 0.00000 0.63542 0.86469 1.00000 0.49691 0.49297
25.00000 41.00000 0.47611 0.83135 1.00000 0.62699 0.65731 0.64191 0.54864 0.50794 0.49937 0.47236 0.86381 0.58883 0.40541 0.67182 0.47130 0.99325 0.48224 0.33059 0.00000 0.63542 0.86469 1.00000 0.49177 0.49354
25.00000 42.00000 0.23824 0.29929 1.00000 0.59794 0.62795 0.69400 0.69326 0.61718 0.61509 0.61501 0.85338 0.63505 0.89189 0.75407 0.61575 0.99352 0.65454 0.11533 1.00000 0.68750 0.85412 1.00000 0.63237 0.63425
25.00000 43.00000 0.99989 0.99964 1.00000 0.00000 0.12763 0.29278 0.22551 0.00000 0.00063 0.00699 0.62696 0.26956 0.24324 0.47801 0.00406 0.99256 0.53563 0.37786 0.00000 0.28125 0.62791 1.00000 0.01646 0.01689
25.00000 44.00000 0.23810 0.29929 1.00000 0.59794 0.63538 0.71256 0.68596 0.61718 0.61509 0.61632 0.85334 0.62653 0.89189 0.73860 0.61420 0.99344 0.64340 0.12467 1.00000 0.67708 0.85412 1.00000 0.62860 0.63916
25.00000 45.00000 0.47618 0.83135 1.00000 0.62699 0.66290 0.65954 0.54386 0.50794 0.49937 0.47411 0.86390 0.59123 0.40541 0.66531 0.47176 0.99319 0.48024 0.32389 0.00000 0.65625 0.86469 1.00000 0.48388 0.49338
25.00000 46.00000 0.23802 0.29691 1.00000 0.59794 0.64125 0.69457 0.67713 0.61718 0.61509 0.61584 0.85326 0.63603 0.89189 0.74104 0.61398 0.99361 0.63553 0.11365 1.00000 0.69792 0.85412 1.00000 0.62586 0.63252
25.00000 47.00000 0.23814 0.29798 1.00000 0.59794 0.63198 0.70698 0.68498 0.61718 0.61509 0.61644 0.85332 0.63883 0.89189 0.73616 0.61395 0.99361 0.65195 0.10417 1.00000 0.69792 0.85412 1.00000 0.62894 0.63619
25.00000 48.00000 0.83315 0.99964 1.00000 0.06027 0.17956 0.31396 0.26874 0.14659 0.14403 0.13828 0.65025 0.28544 0.24324 0.45277 0.13765 0.99278 0.51073 0.36779 0.00000 0.31250 0.65116 1.00000 0.15466 0.16771
25.00000 49.00000 0.99983 0.99762 1.00000 0.00000 0.12625 0.29446 0.23232 0.00000 0.00000 0.00511 0.62677 0.26287 0.24324 0.47720 0.00457 0.99237 0.53499 0.36489 0.00000 0.28125 0.62791 1.00000 0.01475 0.01814
25.00000 50.00000 0.00004 0.00000 1.00000 1.00000 0.97789 0.93431 0.92678 1.00000 1.00000 0.99609 0.99943 0.86199 1.00000 0.91531 0.99485 0.99347 0.66306 0.02929 1.00000 0.96875 1.00000 1.00000 0.98045 0.98618
25.00000 51.00000 0.99993 0.99869 1.00000 0.00000 0.13221 0.30866 0.24782 0.00000 0.00000 0.00389 0.62687 0.26230 0.24324 0.47557 0.00325 0.99264 0.53280 0.36614 0.00000 0.26042 0.62791 1.00000 0.01646 0.01741
25.00000 52.00000 0.00003 0.00000 1.00000 1.00000 0.97862 0.92889 0.91997 1.00000 1.00000 0.99492 0.99939 0.86285 1.00000 0.91287 0.99556 0.99355 0.66533 0.03515 1.00000 0.93750 1.00000 1.00000 0.98457 0.98017
25.00000 53.00000 0.47623 0.83135 1.00000 0.62699 0.65969 0.64803 0.56824 0.50794 0.50000 0.47198 0.86386 0.59220 0.40541 0.67182 0.47059 0.99330 0.48769 0.33253 0.00000 0.64583 0.86469 1.00000 0.49074 0.49640
25.00000 54.00000 0.59509 0.73634 0.00000 0.23809 0.01229 0.03259 0.07050 0.29318 0.20818 0.09128 0.00080 0.01203 0.02703 0.04805 0.09058 0.00138 0.05429 0.93252 0.00000 0.05208 0.00000 0.00000 0.14060 0.15019
25.00000 55.00000 0.83328 0.99798 1.00000 0.06027 0.18791 0.31597 0.24306 0.14659 0.14403 0.13799 0.65035 0.29232 0.24324 0.44951 0.13699 0.99267 0.49633 0.36391 0.00000 0.33333 0.65116 1.00000 0.16015 0.16856
25.00000 56.00000 0.99992 0.99762 1.00000 0.00000 0.12386 0.29462 0.24354 0.00000 0.00000 0.00413 0.62679 0.25878 0.24324 0.45847 0.00416 0.99259 0.53216 0.37090 0.00000 0.27083 0.62791 1.00000 0.01372 0.01565
25.00000 57.00000 0.47627 0.83135 1.00000 0.62699 0.66300 0.64361 0.54479 0.50794 0.50000 0.47084 0.86377 0.59056 0.40541 0.66775 0.47127 0.99303 0.47798 0.33630 0.00000 0.66667 0.86469 1.00000 0.49829 0.49055
25.00000 58.00000 0.99994 0.99798 1.00000 0.00000 0.12442 0.32361 0.23831 0.00000 0.00000 0.00253 0.62696 0.26348 0.24324 0.47394 0.00350 0.99245 0.54080 0.37141 0.00000 0.28125 0.62791 1.00000 0.01578 0.02335
25.00000 59.00000 0.83326 0.99762 1.00000 0.06027 0.18772 0.33314 0.24645 0.14659 0.14403 0.13851 0.65027 0.28977 0.24324 0.45765 0.13641 0.99261 0.51071 0.37017 0.00000 0.32292 0.65116 1.00000 0.16427 0.16949
25.00000 60.00000 0.99977 0.99762 1.00000 0.00000 0.13001 0.27945 0.24330 0.00000 0.00063 0.00365 0.62692 0.26364 0.24324 0.47964 0.00157 0.99259 0.53858 0.36684 0.00000 0.28125 0.62791 1.00000 0.01132 0.02399
25.00000 61.00000 0.83319 0.99762 1.00000 0.06027 0.18451 0.32997 0.23480 0.14659 0.14403 0.13813 0.65033 0.29134 0.24324 0.46173 0.13601 0.99261 0.50378 0.36043 0.00000 0.30208 0.65116 1.00000 0.15501 0.16508
25.00000 62.00000 0.83328 0.99774 1.00000 0.06027 0.18286 0.31749 0.26515 0.14659 0.14403 0.13851 0.65046 0.29209 0.24324 0.47150 0.13710 0.99281 0.50381 0.35929 0.00000 0.32292 0.65116 1.00000 0.16495 0.16019
25.00000 63.00000 0.99990 0.99762 1.00000 0.00000 0.12515 0.28503 0.23718 0.00000 0.00063 0.00580 0.62694 0.27110 0.24324 0.46661 0.00421 0.99256 0.53080 0.37313 0.00000 0.29167 0.62791 1.00000 0.00823 0.02266
25.00000 64.00000 0.83323 0.99917 1.00000 0.06027 0.18093 0.31359 0.25798 0.14659 0.14403 0.13677 0.65035 0.28394 0.24324 0.48616 0.13626 0.99281 0.50071 0.36768 0.00000 0.32292 0.65116 1.00000 0.15604 0.16177
25.00000 65.00000 0.59527 0.73634 0.00000 0.23809 0.01688 0.04437 0.05921 0.29318 0.20881 0.09377 0.00087 0.01384 0.02703 0.03257 0.08984 0.00138 0.04256 0.93556 0.00000 0.05208 0.00000 0.00000 0.14643 0.14352
25.00000 66.00000 0.47609 0.83135 1.00000 0.62699 0.65933 0.65028 0.55767 0.50794 0.50000 0.47124 0.86390 0.59263 0.40541 0.65879 0.47224 0.99336 0.49179 0.33110 0.00000 0.63542 0.86469 1.00000 0.49246 0.49098
25.00000 67.00000 0.23823 0.29691 1.00000 0.59794 0.62914 0.70909 0.69865 0.61718 0.61509 0.61546 0.85326 0.63614 0.89189 0.74430 0.61517 0.99358 0.66102 0.12595 1.00000 0.67708 0.85412 1.00000 0.62860 0.63197
25.00000 68.00000 0.99990 0.99952 1.00000 0.00000 0.12735 0.30183 0.25069 0.00000 0.00000 0.00344 0.62689 0.26297 0.24324 0.47150 0.00325 0.99261 0.53737 0.37701 0.00000 0.28125 0.62791 1.00000 0.01303 0.01643
25.00000 69.00000 0.23811 0.29846 1.00000 0.59794 0.63877 0.69346 0.67689 0.61718 0.61509 0.61348 0.85334 0.63690 0.89189 0.74104 0.61522 0.99363 0.64588 0.11841 1.00000 0.68750 0.85412 1.00000 0.62963 0.62911
25.00000 70.00000 0.00005 0.00036 1.00000 1.00000 0.97853 0.93978 0.92560 1.00000 1.00000 0.99554 0.99935 0.85956 1.00000 0.91938 0.99584 0.99361 0.66706 0.03665 1.00000 0.92708 1.00000 1.00000 0.98731 0.98923
25.00000 71.00000 0.99996 0.99881 1.00000 0.00000 0.13056 0.29194 0.25324 0.00000 0.00000 0.00418 0.62689 0.26499 0.24324 0.48453 0.00446 0.99256 0.53030 0.38595 0.00000 0.27083 0.62791 1.00000 0.01715 0.02081
25.00000 72.00000 0.59524 0.73860 0.00000 0.23809 0.01138 0.05193 0.06383 0.29318 0.20881 0.09272 0.00087 0.01456 0.02703 0.03502 0.08946 0.00130 0.03923 0.94259 0.00000 0.04167 0.00000 0.00000 0.14300 0.15016
25.00000 73.00000 0.99981 0.99762 1.00000 0.00000 0.13203 0.30410 0.24411 0.00000 0.00000 0.00422 0.62698 0.26586 0.24324 0.46580 0.00315 0.99250 0.54922 0.38148 0.00000 0.29167 0.62791 1.00000 0.01269 0.02720
25.00000 74.00000 0.99980 0.99846 1.00000 0.00000 0.13258 0.27729 0.24111 0.00000 0.00000 0.00408 0.62700 0.26685 0.24324 0.47557 0.00269 0.99259 0.54534 0.37932 0.00000 0.28125 0.62791 1.00000 0.01235 0.02357
25.00000 75.00000 0.47628 0.83135 1.00000 0.62699 0.65804 0.64597 0.54318 0.50794 0.49937 0.47134 0.86388 0.59897 0.40541 0.66775 0.47196 0.99336 0.48719 0.31396 0.00000 0.65625 0.86469 1.00000 0.49177 0.49644
25.00000 76.00000 0.99980 0.99762 1.00000 0.00000 0.13157 0.31139 0.23670 0.00000 0.00000 0.00406 0.62698 0.26354 0.24324 0.46906 0.00238 0.99259 0.53994 0.37390 0.00000 0.29167 0.62791 1.00000 0.01509 0.02315
25.00000 77.00000 0.99996 0.99786 1.00000 0.00000 0.12873 0.28075 0.24505 0.00000 0.00000 0.00291 0.62696 0.26681 0.24324 0.47720 0.00261 0.99256 0.52749 0.37969 0.00000 0.28125 0.62791 1.00000 0.01132 0.01567
25.00000 78.00000 0.00004 0.00190 1.00000 1.00000 0.98587 0.94328 0.90668 1.00000 1.00000 0.99527 0.99943 0.86177 1.00000 0.90635 0.99460 0.99330 0.66157 0.03548 1.00000 0.94792 1.00000 1.00000 0.98594 0.98001
25.00000 79.00000 0.83325 0.99893 1.00000 0.06027 0.19066 0.31965 0.26465 0.14659 0.14403 0.13734 0.65037 0.29309 0.24324 0.46336 0.13570 0.99286 0.50397 0.36823 0.00000 0.31250 0.65116 1.00000 0.15672 0.17070
25.00000 80.00000 0.59514 0.73646 0.00000 0.23809 0.01119 0.05765 0.05447 0.29318 0.20881 0.09384 0.00093 0.01376 0.02703 0.03420 0.09002 0.00138 0.05022 0.94848 0.00000 0.04167 0.00000 0.00000 0.13580 0.14769
25.00000 81.00000 0.23823 0.29691 1.00000 0.59794 0.63437 0.68636 0.68288 0.61718 0.61572 0.61300 0.85343 0.63525 0.89189 0.75163 0.61545 0.99352 0.64388 0.11859 1.00000 0.69792 0.85412 1.00000 0.63374 0.63637
25.00000 82.00000 0.00004 0.00000 1.00000 1.00000 0.98110 0.93084 0.92343 1.00000 1.00000 0.99532 0.99949 0.86198 1.00000 0.90147 0.99493 0.99352 0.66326 0.03288 1.00000 0.92708 1.00000 1.00000 0.98320 0.98825
25.00000 83.00000 0.47619 0.83135 1.00000 0.62699 0.65740 0.63367 0.55652 0.50794 0.50000 0.47162 0.86386 0.59407 0.40541 0.66124 0.47110 0.99339 0.48446 0.33319 0.00000 0.63542 0.86469 1.00000 0.49108 0.49504
25.00000 84.00000 0.83333 0.99762 1.00000 0.06027 0.18947 0.31908 0.24445 0.14659 0.14403 0.13708 0.65046 0.28910 0.24324 0.46173 0.13781 0.99283 0.51421 0.36277 0.00000 0.33333 0.65116 1.00000 0.15501 0.16203
25.00000 85.00000 0.23811 0.29917 1.00000 0.59794 0.63639 0.71860 0.68529 0.61718 0.61572 0.61503 0.85338 0.63953 0.89189 0.75733 0.61565 0.99358 0.64371 0.12149 1.00000 0.67708 0.85412 1.00000 0.63306 0.63256
25.00000 86.00000 0.23803 0.29929 1.00000 0.59794 0.63409 0.69801 0.67766 0.61718 0.61509 0.61703 0.85334 0.63902 0.89189 0.75489 0.61451 0.99341 0.65078 0.12943 1.00000 0.68750 0.85412 1.00000 0.63649 0.62842
25.00000 87.00000 0.23803 0.29762 1.00000 0.59794 0.63465 0.70256 0.68705 0.61718 0.61509 0.61410 0.85341 0.63442 0.89189 0.75163 0.61446 0.99350 0.64871 0.13089 1.00000 0.67708 0.85412 1.00000 0.63443 0.62776
25.00000 88.00000 0.99995 0.99964 1.00000 0.00000 0.13341 0.29378 0.24671 0.00000 0.00063 0.00547 0.62698 0.27143 0.24324 0.46743 0.00439 0.99272 0.54425 0.38141 0.00000 0.30208 0.62791 1.00000 0.01475 0.01299
25.00000 89.00000 0.23822 0.29917 1.00000 0.59794 0.63584 0.67187 0.68028 0.61718 0.61509 0.61346 0.85328 0.63295 0.89189 0.74511 0.61537 0.99347 0.64400 0.11039 1.00000 0.69792 0.85412 1.00000 0.63066 0.63502
25.00000 90.00000 0.23823 0.29822 1.00000 0.59794 0.63373 0.69097 0.69728 0.61718 0.61509 0.61451 0.85336 0.63850 0.89189 0.73941 0.61446 0.99358 0.65397 0.10922 1.00000 0.69792 0.85412 1.00000 0.63374 0.63310
25.00000 91.00000 0.83322 0.99762 1.00000 0.06027 0.18240 0.32556 0.25317 0.14659 0.14403 0.13684 0.65035 0.29327 0.24324 0.46580 0.13743 0.99278 0.49055 0.34824 0.00000 0.32292 0.65116 1.00000 0.15569 0.16389
25.00000 92.00000 0.83330 0.99762 1.00000 0.06027 0.18378 0.31987 0.25586 0.14659 0.14403 0.13773 0.65029 0.29283 0.24324 0.45928 0.13585 0.99289 0.51219 0.36061 0.00000 0.31250 0.65116 1.00000 0.16049 0.16462
25.00000 93.00000 0.99982 0.99869 1.00000 0.00000 0.13221 0.29148 0.24014 0.00000 0.00000 0.00508 0.62704 0.26559 0.24324 0.47720 0.00327 0.99256 0.54889 0.38210 0.00000 0.29167 0.62791 1.00000 0.01097 0.01587
25.00000 94.00000 0.23806 0.29691 1.00000 0.59794 0.64070 0.71177 0.67402 0.61718 0.61509 0.61341 0.85343 0.63770 0.89189 0.75244 0.61575 0.99358 0.64652 0.12430 1.00000 0.67708 0.85412 1.00000 0.62551 0.63674
25.00000 95.00000 0.99983 0.99762 1.00000 0.00000 0.13047 0.31740 0.25252 0.00000 0.00063 0.00430 0.62700 0.26590 0.24324 0.48534 0.00419 0.99261 0.54168 0.36457 0.00000 0.28125 0.62791 1.00000 0.01578 0.02548
25.00000 96.00000 0.23814 0.29751 1.00000 0.59794 0.63033 0.68961 0.69292 0.61718 0.61572 0.61453 0.85336 0.63436 0.89189 0.74919 0.61390 0.99374 0.65083 0.10816 1.00000 0.70833 0.85412 1.00000 0.63374 0.63726
25.00000 97.00000 0.99994 0.99762 1.00000 0.00000 0.12882 0.29040 0.25649 0.00000 0.00000 0.00427 0.62696 0.26882 0.24324 0.49674 0.00419 0.99237 0.54106 0.38679 0.00000 0.27083 0.62791 1.00000 0.01680 0.02846
25.00000 98.00000 0.99979 0.99762 1.00000 0.00000 0.13093 0.30077 0.24380 0.00000 0.00000 0.00334 0.62687 0.26890 0.24324 0.47801 0.00439 0.99250 0.54827 0.39096 0.00000 0.28125 0.62791 1.00000 0.01749 0.02200
25.00000 99.00000 0.99999 0.99762 1.00000 0.00000 0.13102 0.29736 0.24041 0.00000 0.00000 0.00365 0.62706 0.27035 0.24324 0.46987 0.00340 0.99270 0.53889 0.36530 0.00000 0.29167 0.62791 1.00000 0.00857 0.02027
25.00000 100.00000 0.47617 0.83290 1.00000 0.62699 0.66300 0.66932 0.56236 0.50794 0.50000 0.47141 0.86384 0.58600 0.40541 0.67020 0.46950 0.99328 0.48489 0.32297 0.00000 0.66667 0.86469 1.00000 0.48937 0.49609
25.00000 101.00000 0.59530 0.73634 0.00000 0.23809 0.01551 0.05041 0.05392 0.29318 0.20818 0.09305 0.00084 0.01852 0.02703 0.04642 0.09007 0.00121 0.04582 0.94706 0.00000 0.04167 0.00000 0.00000 0.14335 0.14648
25.00000 102.00000 0.59524 0.73646 0.00000 0.23809 0.00807 0.04104 0.06453 0.29318 0.20818 0.09250 0.00101 0.02463 0.02703 0.05293 0.09159 0.00135 0.03330 0.94270 0.00000 0.02083 0.00000 0.00000 0.13546 0.14948
25.00000 103.00000 0.59526 0.73634 0.00000 0.23809 0.01156 0.04876 0.05331 0.29318 0.20881 0.09446 0.00095 0.01413 0.02703 0.03827 0.08951 0.00132 0.05722 0.93322 0.00000 0.04167 0.00000 0.00000 0.14026 0.14237
25.00000 104.00000 0.00006 0.00107 1.00000 1.00000 0.98275 0.92190 0.92327 1.00000 1.00000 0.99348 0.99956 0.86146 1.00000 0.93974 0.99409 0.99358 0.66304 0.02724 1.00000 0.94792 1.00000 1.00000 0.97840 0.98789
25.00000 105.00000 0.00000 0.00226 1.00000 1.00000 0.98082 0.91600 0.92536 1.00000 1.00000 0.99554 0.99939 0.85977 1.00000 0.91042 0.99399 0.99358 0.66202 0.02091 1.00000 0.94792 1.00000 1.00000 0.98251 0.98173
25.00000 106.00000 0.59511 0.73634 0.00000 0.23809 0.00771 0.04077 0.07194 0.29318 0.20881 0.09293 0.00089 0.01601 0.02703 0.05619 0.09032 0.00135 0.05074 0.94252 0.00000 0.05208 0.00000 0.00000 0.13786 0.14651
25.00000 107.00000 0.47612 0.83135 1.00000 0.62699 0.66355 0.67509 0.55006 0.50794 0.49937 0.47150 0.86415 0.59761 0.40541 0.67101 0.47102 0.99330 0.47986 0.33824 0.00000 0.66667 0.86469 1.00000 0.48800 0.49712
25.00000 108.00000 0.83314 0.99762 1.00000 0.06027 0.18378 0.31789 0.25032 0.14659 0.14403 0.13792 0.65035 0.29289 0.24324 0.46987 0.13661 0.99295 0.49962 0.35772 0.00000 0.31250 0.65116 1.00000 0.15878 0.16203
25.00000 109.00000 0.59528 0.73658 0.00000 0.23809 0.01000 0.05179 0.06754 0.29318 0.20818 0.09350 0.00093 0.01786 0.02703 0.04397 0.09030 0.00130 0.04548 0.94874 0.00000 0.05208 0.00000 0.00000 0.13957 0.14405
25.00000 110.00000 0.00003 0.00071 1.00000 1.00000 0.98064 0.95189 0.92767 1.00000 1.00000 0.99575 0.99947 0.86560 1.00000 0.91938 0.99429 0.99358 0.65985 0.02724 1.00000 0.93750 1.00000 1.00000 0.98251 0.97889
25.00000 111.00000 0.99998 0.99798 1.00000 0.00000 0.12414 0.28847 0.26173 0.00000 0.00063 0.00449 0.62694 0.26378 0.24324 0.47394 0.00249 0.99259 0.54134 0.37932 0.00000 0.28125 0.62791 1.00000 0.00995 0.01726
25.00000 112.00000 0.47614 0.83337 1.00000 0.62699 0.65988 0.64456 0.55541 0.50794 0.49937 0.46886 0.86400 0.59341 0.37838 0.66694 0.47120 0.99344 0.48208 0.33959 0.00000 0.64583 0.86469 1.00000 0.48457 0.49531
25.00000 113.00000 0.99995 0.99762 1.00000 0.00000 0.13194 0.29457 0.23415 0.00000 0.00063 0.00461 0.62670 0.26137 0.24324 0.49104 0.00205 0.99253 0.53299 0.37786 0.00000 0.29167 0.62791 1.00000 0.01406 0.01829
25.00000 114.00000 0.59516 0.73634 0.00000 0.23809 0.01330 0.05323 0.06836 0.29318 0.20818 0.09200 0.00095 0.01696 0.02703 0.04397 0.08926 0.00135 0.06710 0.94431 0.00000 0.05208 0.00000 0.00000 0.14163 0.14634
25.00000 115.00000 0.83332 0.99762 1.00000 0.06027 0.18571 0.35067 0.27057 0.14659 0.14403 0.13835 0.65033 0.28792 0.24324 0.48697 0.13606 0.99272 0.49317 0.36980 0.00000 0.32292 0.65116 1.00000 0.15638 0.16178
25.00000 116.00000 0.59530 0.73872 0.00000 0.23809 0.00780 0.05188 0.06889 0.29318 0.20818 0.09269 0.00074 0.01149 0.02703 0.03990 0.09073 0.00132 0.03765 0.93728 0.00000 0.05208 0.00000 0.00000 0.14369 0.14556
25.00000 117.00000 0.47617 0.83135 1.00000 0.62699 0.66722 0.63890 0.54840 0.50794 0.50000 0.47096 0.86405 0.59540 0.40541 0.66694 0.47056 0.99350 0.49364 0.32469 0.00000 0.66667 0.86469 1.00000 0.49143 0.48799
25.00000 118.00000 0.23815 0.29691 1.00000 0.59794 0.63960 0.69533 0.69374 0.61718 0.61509 0.61477 0.85336 0.63834 0.89189 0.76384 0.61418 0.99372 0.65752 0.11559 1.00000 0.70833 0.85412 1.00000 0.62277 0.63279
25.00000 119.00000 0.47609 0.83135 1.00000 0.62699 0.65960 0.65307 0.56092 0.50794 0.50000 0.47134 0.86407 0.59247 0.40541 0.68893 0.47163 0.99336 0.49812 0.33370 0.00000 0.65625 0.86469 1.00000 0.49383 0.49453
25.00000 120.00000 0.47613 0.83135 1.00000 0.62699 0.65979 0.66193 0.55076 0.50794 0.50000 0.47022 0.86400 0.59514 0.40541 0.68811 0.47105 0.99339 0.49422 0.32718 0.00000 0.63542 0.86469 1.00000 0.48868 0.49407
25.00000 121.00000 0.23806 0.29691 1.00000 0.59794 0.63841 0.69094 0.70382 0.61718 0.61509 0.61546 0.85351 0.63657 0.89189 0.75733 0.61628 0.99385 0.65616 0.13302 1.00000 0.69792 0.85412 1.00000 0.62997 0.63116
25.00000 122.00000 0.23814 0.29691 1.00000 0.59794 0.63841 0.69771 0.71177 0.61718 0.61509 0.61489 0.85349 0.63852 0.89189 0.74756 0.61491 0.99361 0.66178 0.10754 1.00000 0.68750 0.85412 1.00000 0.62380 0.62980
25.00000 123.00000 0.59528 0.73634 0.00000 0.23809 0.01716 0.06193 0.06708 0.29318 0.20818 0.09186 0.00091 0.01774 0.02703 0.04723 0.09010 0.00130 0.05215 0.93490 0.00000 0.06250 0.00000 0.00000 0.13923 0.14143
25.00000 124.00000 0.99991 0.99917 1.00000 0.00000 0.12542 0.31242 0.25639 0.00000 0.00063 0.00334 0.62698 0.26104 0.24324 0.47557 0.00355 0.99261 0.55512 0.38254 0.00000 0.29167 0.62791 1.00000 0.01406 0.02279
25.00000 125.00000 0.99988 0.99952 1.00000 0.00000 0.12790 0.30145 0.25658 0.00000 0.00000 0.00413 0.62700 0.26735 0.24324 0.49186 0.00208 0.99248 0.53535 0.38891 0.00000 0.28125 0.62791 1.00000 0.01646 0.01736
25.00000 126.00000 0.23804 0.29691 1.00000 0.59794 0.64189 0.71123 0.69821 0.61718 0.61509 0.61310 0.85347 0.64256 0.89189 0.76629 0.61562 0.99366 0.66061 0.10644 1.00000 0.70833 0.85412 1.00000 0.63237 0.62665
25.00000 127.00000 0.83321 0.99798 1.00000 0.06027 0.18809 0.34238 0.23728 0.14659 0.14403 0.13768 0.65042 0.29237 0.24324 0.47638 0.13702 0.99292 0.50195 0.36936 0.00000 0.32292 0.65116 1.00000 0.16084 0.16143
25.00000 128.00000 0.99982 0.99762 1.00000 0.00000 0.13029 0.29392 0.24777 0.00000 0.00000 0.00406 0.62702 0.26634 0.24324 0.46987 0.00320 0.99256 0.55467 0.40162 0.00000 0.30208 0.62791 1.00000 0.01235 0.02261
25.00000 129.00000 0.47610 0.83207 1.00000 0.62699 0.66290 0.66350 0.54530 0.50794 0.50000 0.47079 0.86405 0.58891 0.40541 0.68404 0.47034 0.99347 0.48591 0.32272 1.00000 0.66667 0.86469 1.00000 0.49417 0.49346
25.00000 130.00000 0.59522 0.73800 0.00000 0.23809 0.01046 0.07338 0.07389 0.29318 0.20881 0.09155 0.00091 0.02146 0.02703 0.06433 0.09037 0.00135 0.05565 0.95467 0.00000 0.05208 0.00000 0.00000 0.13923 0.14537
25.00000 131.00000 0.47617 0.83302 1.00000 0.62699 0.66199 0.66025 0.55204 0.50794 0.50000 0.47146 0.86398 0.59668 0.40541 0.67752 0.46892 0.99366 0.48729 0.31488 1.00000 0.64583 0.86469 1.00000 0.49143 0.49438
25.00000 132.00000 0.47624 0.83135 1.00000 0.62699 0.66401 0.65659 0.54691 0.50794 0.50000 0.47057 0.86392 0.59546 0.40541 0.67671 0.47079 0.99350 0.49217 0.32023 0.00000 0.64583 0.86469 1.00000 0.48731 0.49762
25.00000 133.00000 0.59518 0.73705 0.00000 0.23809 0.01496 0.05477 0.06338 0.29318 0.20881 0.09105 0.00093 0.02103 0.02703 0.04235 0.09111 0.00124 0.04894 0.94870 0.00000 0.04167 0.00000 0.00000 0.14232 0.14399
25.00000 134.00000 0.23809 0.29691 1.00000 0.59794 0.64070 0.71085 0.68741 0.61718 0.61572 0.61314 0.85353 0.64765 0.89189 0.76059 0.61494 0.99369 0.65638 0.12452 1.00000 0.67708 0.85412 1.00000 0.63374 0.63425
25.00000 135.00000 0.99982 0.99810 1.00000 0.00000 0.13139 0.30568 0.25942 0.00000 0.00063 0.00420 0.62709 0.26643 0.24324 0.48779 0.00327 0.99264 0.55263 0.38536 0.00000 0.29167 0.62791 1.00000 0.01783 0.02025
25.00000 136.00000 0.83318 0.99762 1.00000 0.06027 0.19075 0.36741 0.27947 0.14659 0.14403 0.13732 0.65035 0.28763 0.24324 0.48127 0.13682 0.99300 0.51350 0.36098 0.00000 0.34375 0.65116 1.00000 0.15604 0.15945
25.00000 137.00000 0.99990 0.99762 1.00000 0.00000 0.13001 0.30140 0.24893 0.00000 0.00000 0.00332 0.62698 0.26754 0.24324 0.49919 0.00424 0.99253 0.54313 0.39203 0.00000 0.27083 0.62791 1.00000 0.01612 0.02106
25.00000 138.00000 0.00003 0.00119 1.00000 1.00000 0.98394 0.94598 0.94045 1.00000 1.00000 0.99401 0.99947 0.86786 1.00000 0.92671 0.99434 0.99366 0.67242 0.05327 1.00000 0.93750 1.00000 1.00000 0.97599 0.98121
25.00000 139.00000 0.99985 0.99762 1.00000 0.00000 0.13120 0.30028 0.25367 0.00000 0.00063 0.00384 0.62702 0.26738 0.24324 0.49104 0.00299 0.99256 0.54382 0.38243 0.00000 0.30208 0.62791 1.00000 0.01509 0.01749
25.00000 140.00000 0.00007 0.00107 1.00000 1.00000 0.98697 0.93943 0.94389 1.00000 1.00000 0.99508 0.99962 0.86413 1.00000 0.92264 0.99439 0.99361 0.68170 0.03742 1.00000 0.93750 1.00000 1.00000 0.97702 0.98101
25.00000 141.00000 0.23810 0.29881 1.00000 0.59794 0.63309 0.70649 0.71706 0.61718 0.61572 0.61474 0.85351 0.64050 0.89189 0.77362 0.61367 0.99377 0.66023 0.13573 1.00000 0.70833 0.85412 1.00000 0.62346 0.62731
25.00000 142.00000 0.00004 0.00119 1.00000 1.00000 0.98504 0.95468 0.93826 1.00000 1.00000 0.99527 0.99958 0.86365 1.00000 0.91612 0.99472 0.99363 0.68527 0.03636 1.00000 0.94792 1.00000 1.00000 0.98320 0.98187
25.00000 143.00000 0.59521 0.73694 0.00000 0.23809 0.01239 0.05724 0.06963 0.29318 0.20881 0.09281 0.00101 0.01617 0.02703 0.05049 0.09075 0.00152 0.05643 0.96287 0.00000 0.04167 0.00000 0.00000 0.13580 0.14098
25.00000 144.00000 0.47616 0.83171 1.00000 0.62699 0.66492 0.64681 0.58723 0.50794 0.49937 0.47079 0.86400 0.59694 0.37838 0.68078 0.46970 0.99350 0.49279 0.34366 0.00000 0.66667 0.86469 1.00000 0.49108 0.49090
25.00000 145.00000 0.83317 0.99786 1.00000 0.06027 0.18965 0.34468 0.26539 0.14659 0.14403 0.13701 0.65046 0.28974 0.24324 0.47964 0.13565 0.99297 0.51847 0.37877 0.00000 0.32292 0.65116 1.00000 0.15878 0.16614
25.00000 146.00000 0.00000 0.00071 1.00000 1.00000 0.98431 0.92280 0.94577 1.00000 1.00000 0.99232 0.99951 0.86286 1.00000 0.94544 0.99325 0.99363 0.65859 0.04840 1.00000 0.95833 1.00000 1.00000 0.97497 0.98258
25.00000 147.00000 0.99999 0.99762 1.00000 0.00000 0.13120 0.31638 0.25812 0.00000 0.00063 0.00382 0.62709 0.26905 0.24324 0.49104 0.00393 0.99253 0.55003 0.39719 0.00000 0.29167 0.62791 1.00000 0.01715 0.01731
25.00000 148.00000 0.00005 0.00214 1.00000 1.00000 0.98385 0.94195 0.93528 1.00000 1.00000 0.99158 0.99949 0.86808 1.00000 0.93567 0.99376 0.99363 0.67235 0.05477 1.00000 0.93750 1.00000 1.00000 0.98182 0.98006
25.00000 149.00000 0.00005 0.00166 1.00000 1.00000 0.98376 0.96841 0.93504 1.00000 1.00000 0.99396 0.99958 0.86438 1.00000 0.94137 0.99302 0.99372 0.66221 0.04954 1.00000 0.95833 1.00000 1.00000 0.98011 0.98051
25.00000 150.00000 0.59527 0.73705 0.00000 0.23809 0.01229 0.06696 0.06980 0.29318 0.20881 0.09183 0.00101 0.01775 0.02703 0.06596 0.08997 0.00146 0.05443 0.95643 0.00000 0.04167 0.00000 0.00000 0.14438 0.13724
25.00000 151.00000 0.00007 0.00000 1.00000 1.00000 0.98771 0.93642 0.96062 1.00000 1.00000 0.99212 0.99958 0.86971 1.00000 0.93322 0.99214 0.99358 0.67611 0.05298 1.00000 0.92708 1.00000 1.00000 0.98182 0.98485
25.00000 152.00000 0.47606 0.83290 1.00000 0.62699 0.66859 0.66447 0.55553 0.50794 0.50000 0.47139 0.86396 0.60571 0.40541 0.68160 0.47092 0.99341 0.49245 0.33688 0.00000 0.64583 0.86469 1.00000 0.49040 0.48532
25.00000 153.00000 0.99980 0.99762 1.00000 0.00000 0.13001 0.31042 0.24748 0.00000 0.00063 0.00599 0.62706 0.27038 0.24324 0.50000 0.00325 0.99264 0.53756 0.38668 0.00000 0.30208 0.62791 1.00000 0.00960 0.01927
25.00000 154.00000 0.99983 0.99762 1.00000 0.00000 0.13763 0.30467 0.25408 0.00000 0.00063 0.00368 0.62696 0.27077 0.24324 0.49104 0.00292 0.99253 0.54786 0.37610 0.00000 0.29167 0.62791 1.00000 0.00789 0.01617
25.00000 155.00000 0.47624 0.83135 1.00000 0.62699 0.66373 0.67520 0.57854 0.50794 0.50000 0.47062 0.86403 0.59977 0.37838 0.69218 0.47018 0.99366 0.49936 0.34267 1.00000 0.64583 0.86469 1.00000 0.48834 0.48881
25.00000 156.00000 0.99986 0.99798 1.00000 0.00000 0.13295 0.30811 0.27394 0.00000 0.00063 0.00446 0.62692 0.27128 0.24324 0.49267 0.00297 0.99286 0.54851 0.39419 0.00000 0.29167 0.62791 1.00000 0.00960 0.01952
25.00000 157.00000 0.59511 0.73634 0.00000 0.23809 0.01431 0.07200 0.09072 0.29318 0.20881 0.09236 0.00103 0.02018 0.02703 0.06026 0.09007 0.00152 0.06174 0.96104 0.00000 0.05208 0.00000 0.00000 0.14095 0.14083
25.00000 158.00000 0.99993 0.99762 1.00000 0.00000 0.12955 0.29538 0.24655 0.00000 0.00063 0.00465 0.62713 0.27389 0.24324 0.49430 0.00345 0.99270 0.54717 0.38327 0.00000 0.30208 0.62791 1.00000 0.01372 0.01787
25.00000 159.00000 0.99978 0.99834 1.00000 0.00000 0.13377 0.31052 0.25596 0.00000 0.00063 0.00480 0.62702 0.27289 0.24324 0.47801 0.00388 0.99261 0.54151 0.39338 0.00000 0.29167 0.62791 1.00000 0.01029 0.01299
25.00000 160.00000 0.47628 0.83266 1.00000 0.62699 0.66015 0.64974 0.56184 0.50794 0.50000 0.47196 0.86415 0.60148 0.40541 0.67915 0.46975 0.99363 0.47508 0.34282 1.00000 0.65625 0.86469 1.00000 0.48697 0.49200
25.00000 161.00000 0.00001 0.00000 1.00000 1.00000 0.98394 0.92391 0.93347 1.00000 1.00000 0.99086 0.99956 0.86550 1.00000 0.95033 0.99333 0.99352 0.67589 0.04906 1.00000 0.94792 1.00000 1.00000 0.97702 0.97788
25.00000 162.00000 0.59529 0.73634 0.00000 0.23809 0.01349 0.04313 0.06525 0.29318 0.20881 0.09128 0.00091 0.01689 0.02703 0.05863 0.09093 0.00135 0.06222 0.94772 0.00000 0.05208 0.00000 0.00000 0.13923 0.14477
25.00000 163.00000 0.47625 0.83135 1.00000 0.62699 0.66346 0.67937 0.56812 0.50794 0.50000 0.47115 0.86409 0.60289 0.40541 0.68730 0.47036 0.99366 0.48579 0.33784 0.00000 0.66667 0.86469 1.00000 0.48937 0.48805
25.00000 164.00000 0.47606 0.83135 1.00000 0.62699 0.66465 0.67303 0.56754 0.50794 0.50000 0.47017 0.86411 0.60293 0.40541 0.67834 0.46996 0.99347 0.49536 0.35841 0.00000 0.65625 0.86469 1.00000 0.48834 0.49396
25.00000 165.00000 0.99991 0.99810 1.00000 0.00000 0.13662 0.30679 0.27107 0.00000 0.00063 0.00320 0.62711 0.26758 0.24324 0.49349 0.00276 0.99261 0.55567 0.39528 0.00000 0.29167 0.62791 1.00000 0.01475 0.01640
25.00000 166.00000 0.83329 0.99822 1.00000 0.06027 0.19029 0.33788 0.27223 0.14659 0.14403 0.13732 0.65054 0.29233 0.24324 0.49267 0.13474 0.99314 0.50269 0.37196 0.00000 0.36458 0.65116 1.00000 0.15912 0.16651
25.00000 167.00000 0.83332 0.99762 1.00000 0.06027 0.18837 0.35915 0.26958 0.14659 0.14403 0.13711 0.65056 0.29646 0.24324 0.47964 0.13575 0.99325 0.51104 0.37764 0.00000 0.33333 0.65116 1.00000 0.15844 0.16199
25.00000 168.00000 0.47625 0.83278 1.00000 0.62699 0.66254 0.68135 0.56323 0.50794 0.50000 0.47065 0.86405 0.60370 0.40541 0.67834 0.47034 0.99352 0.49643 0.33458 1.00000 0.65625 0.86469 1.00000 0.48765 0.48753
25.00000 169.00000 0.99976 0.99798 1.00000 0.00000 0.13377 0.31424 0.27697 0.00000 0.00000 0.00336 0.62706 0.26745 0.24324 0.50651 0.00398 0.99259 0.55758 0.39334 0.00000 0.30208 0.62791 1.00000 0.00892 0.02126
25.00000 170.00000 0.83322 0.99762 1.00000 0.06027 0.19470 0.34785 0.26970 0.14659 0.14403 0.13675 0.65061 0.30209 0.24324 0.49674 0.13707 0.99311 0.51604 0.37119 0.00000 0.34375 0.65116 1.00000 0.15706 0.16400
25.00000 171.00000 0.83316 0.99762 1.00000 0.06027 0.19149 0.31724 0.27981 0.14659 0.14403 0.13524 0.65058 0.29870 0.24324 0.48779 0.13527 0.99314 0.50621 0.38371 0.00000 0.32292 0.65116 1.00000 0.15672 0.16300
25.00000 172.00000 0.47615 0.83135 1.00000 0.62699 0.66492 0.67712 0.56995 0.50794 0.50000 0.46938 0.86422 0.59903 0.37838 0.69055 0.47115 0.99366 0.49726 0.35556 1.00000 0.66667 0.86469 1.00000 0.48525 0.48603
25.00000 173.00000 0.47624 0.83135 1.00000 0.62699 0.66694 0.66829 0.55825 0.50794 0.50000 0.47067 0.86422 0.60344 0.40541 0.69137 0.47029 0.99383 0.50269 0.33553 1.00000 0.67708 0.86469 1.00000 0.48560 0.48672
25.00000 174.00000 0.99996 0.99952 1.00000 0.00000 0.13212 0.32168 0.28583 0.00000 0.00063 0.00422 0.62723 0.27146 0.24324 0.50163 0.00406 0.99272 0.55919 0.38576 0.00000 0.29167 0.62791 1.00000 0.01646 0.01795
25.00000 175.00000 0.59527 0.73634 0.00000 0.23809 0.01642 0.04678 0.07267 0.29318 0.20881 0.09143 0.00106 0.01528 0.02703 0.06107 0.08903 0.00165 0.05377 0.97646 0.00000 0.06250 0.00000 0.00000 0.13340 0.14401
25.00000 176.00000 0.83322 0.99762 1.00000 0.06027 0.18910 0.34043 0.27933 0.14659 0.14403 0.13615 0.65069 0.29707 0.24324 0.49756 0.13646 0.99314 0.51502 0.37947 0.00000 0.33333 0.65116 1.00000 0.16049 0.15528
25.00000 177.00000 0.99997 0.99905 1.00000 0.00000 0.13772 0.31188 0.26332 0.00000 0.00063 0.00406 0.62715 0.27234 0.24324 0.50733 0.00289 0.99281 0.55372 0.39873 0.00000 0.30208 0.62791 1.00000 0.00754 0.01264
25.00000 178.00000 0.59528 0.73836 0.00000 0.23809 0.01771 0.06751 0.07671 0.29318 0.20881 0.09257 0.00099 0.02115 0.02703 0.05782 0.08880 0.00146 0.06329 0.95621 0.00000 0.06250 0.00000 0.00000 0.13752 0.14494
25.00000 179.00000 0.00001 0.00000 1.00000 1.00000 0.98881 0.94569 0.95602 1.00000 1.00000 0.99055 0.99966 0.88010 1.00000 0.95521 0.99252 0.99377 0.66590 0.05759 1.00000 0.94792 1.00000 1.00000 0.97531 0.97694
25.00000 180.00000 0.99986 0.99762 1.00000 0.00000 0.13634 0.29159 0.27685 0.00000 0.00000 0.00344 0.62696 0.27013 0.24324 0.51792 0.00218 0.99261 0.55622 0.41352 0.00000 0.31250 0.62791 1.00000 0.01303 0.01742
25.00000 181.00000 0.99990 0.99952 1.00000 0.00000 0.13598 0.32821 0.27129 0.00000 0.00063 0.00458 0.62700 0.27189 0.24324 0.52036 0.00198 0.99275 0.55927 0.39503 0.00000 0.31250 0.62791 1.00000 0.01166 0.02424
25.00000 182.00000 0.83330 0.99762 1.00000 0.06027 0.19451 0.35162 0.28313 0.14659 0.14403 0.13601 0.65061 0.29708 0.24324 0.49756 0.13502 0.99339 0.51692 0.38108 0.00000 0.34375 0.65116 1.00000 0.16324 0.15990
25.00000 183.00000 0.23822 0.29691 1.00000 0.59794 0.64511 0.72109 0.71068 0.61718 0.61572 0.61300 0.85376 0.65373 0.89189 0.78013 0.61413 0.99402 0.66954 0.13752 1.00000 0.71875 0.85412 1.00000 0.62689 0.62363
25.00000 184.00000 0.23819 0.29774 1.00000 0.59794 0.64134 0.72280 0.73285 0.61718 0.61572 0.61188 0.85376 0.64465 0.89189 0.78990 0.61169 0.99402 0.65107 0.14466 1.00000 0.71875 0.85412 1.00000 0.63203 0.62769
25.00000 185.00000 0.59516 0.73634 0.00000 0.23809 0.01587 0.05513 0.08022 0.29318 0.20881 0.09236 0.00103 0.02274 0.02703 0.07248 0.08918 0.00160 0.05603 0.96269 0.00000 0.06250 0.00000 0.00000 0.13683 0.14342
25.00000 186.00000 0.83332 0.99988 1.00000 0.06027 0.19194 0.31876 0.29067 0.14659 0.14403 0.13632 0.65073 0.29876 0.24324 0.50081 0.13514 0.99314 0.50593 0.39558 0.00000 0.33333 0.65116 1.00000 0.16324 0.16034
25.00000 187.00000 0.59529 0.73765 0.00000 0.23809 0.01110 0.07599 0.08458 0.29318 0.20881 0.09102 0.00116 0.02646 0.02703 0.08469 0.08911 0.00160 0.06917 0.96771 0.00000 0.05208 0.00000 0.00000 0.13580 0.13764
25.00000 188.00000 0.00002 0.00024 1.00000 1.00000 0.99138 0.94791 0.96905 1.00000 1.00000 0.99079 0.99964 0.86958 1.00000 0.94625 0.99133 0.99380 0.67454 0.05920 1.00000 0.95833 1.00000 1.00000 0.97874 0.97485
25.00000 189.00000 0.59521 0.73634 0.00000 0.23809 0.01624 0.05383 0.09678 0.29318 0.20881 0.09248 0.00099 0.01652 0.02703 0.07818 0.08832 0.00154 0.04172 0.97335 0.00000 0.05208 0.00000 0.00000 0.13580 0.14645
25.00000 190.00000 0.59522 0.73634 0.00000 0.23809 0.01798 0.07320 0.08071 0.29318 0.20881 0.09093 0.00114 0.02423 0.02703 0.08062 0.08956 0.00154 0.05384 0.97360 0.00000 0.06250 0.00000 0.00000 0.13992 0.14706
25.00000 191.00000 0.83324 0.99762 1.00000 0.06027 0.19295 0.35912 0.27839 0.14659 0.14403 0.13718 0.65063 0.29671 0.24324 0.49023 0.13550 0.99330 0.52340 0.39587 0.00000 0.32292 0.65116 1.00000 0.15638 0.16125
25.00000 192.00000 0.59520 0.73634 0.00000 0.23809 0.01459 0.06485 0.09548 0.29318 0.20881 0.09066 0.00118 0.01832 0.02703 0.07655 0.08906 0.00160 0.07636 0.96203 0.00000 0.07292 0.00000 0.00000 0.14026 0.14293
25.00000 193.00000 0.23811 0.29798 1.00000 0.59794 0.64189 0.71475 0.72125 0.61718 0.61572 0.61162 0.85385 0.64796 0.89189 0.78176 0.61205 0.99416 0.66749 0.17220 1.00000 0.69792 0.85412 1.00000 0.61866 0.62778
25.00000 194.00000 0.23817 0.29905 1.00000 0.59794 0.64887 0.72632 0.72298 0.61718 0.61572 0.61241 0.85370 0.64691 0.89189 0.78339 0.61215 0.99419 0.67118 0.14338 1.00000 0.71875 0.85412 1.00000 0.61934 0.62411
25.00000 195.00000 0.47619 0.83135 1.00000 0.62699 0.66630 0.67813 0.60415 0.50794 0.50000 0.46986 0.86434 0.60376 0.37838 0.71091 0.46747 0.99394 0.50559 0.36987 1.00000 0.67708 0.86469 1.00000 0.48594 0.48358
25.00000 196.00000 0.47620 0.83314 1.00000 0.62699 0.66483 0.68430 0.59881 0.50794 0.50000 0.46933 0.86441 0.60450 0.40541 0.70847 0.46871 0.99396 0.51752 0.37376 1.00000 0.67708 0.86469 1.00000 0.48663 0.48316
25.00000 197.00000 0.83329 0.99762 1.00000 0.06027 0.19360 0.37269 0.29392 0.14659 0.14403 0.13572 0.65086 0.30178 0.24324 0.50896 0.13461 0.99350 0.53166 0.39554 0.00000 0.34375 0.65116 1.00000 0.15158 0.16120
25.00000 198.00000 0.00004 0.00000 1.00000 1.00000 0.99202 0.97855 0.97218 1.00000 1.00000 0.99167 0.99968 0.87490 1.00000 0.95358 0.99148 0.99374 0.68456 0.04408 1.00000 0.95833 1.00000 1.00000 0.96948 0.97116
25.00000 199.00000 0.59527 0.73634 0.00000 0.23809 0.01505 0.06594 0.08634 0.29318 0.20881 0.09207 0.00116 0.02810 0.02703 0.08469 0.08895 0.00176 0.07471 0.98671 0.00000 0.06250 0.00000 0.00000 0.13752 0.13491
25.00000 200.00000 0.99998 0.99762 1.00000 0.00000 0.13965 0.31353 0.29379 0.00000 0.00063 0.00100 0.62709 0.27442 0.24324 0.52117 0.00413 0.99264 0.55831 0.41868 0.00000 0.30208 0.62791 1.00000 0.00823 0.01107
25.00000 201.00000 0.99992 0.99762 1.00000 0.00000 0.13928 0.33098 0.28809 0.00000 0.00063 0.00341 0.62704 0.27653 0.24324 0.51221 0.00287 0.99264 0.54270 0.40971 0.00000 0.32292 0.62791 1.00000 0.01063 0.01378
25.00000 202.00000 0.59527 0.73765 0.00000 0.23809 0.01771 0.08249 0.09739 0.29318 0.20881 0.09062 0.00112 0.02784 0.02703 0.07410 0.08941 0.00163 0.07976 0.97704 0.00000 0.06250 0.00000 0.00000 0.13683 0.14087
25.00000 203.00000 0.83328 0.99774 1.00000 0.06027 0.19194 0.36153 0.30015 0.14659 0.14403 0.13555 0.65069 0.29788 0.24324 0.52036 0.13461 0.99330 0.51426 0.40393 0.00000 0.35417 0.65116 1.00000 0.16118 0.16002
25.00000 204.00000 0.23803 0.29691 1.00000 0.59794 0.63997 0.72873 0.74486 0.61718 0.61572 0.61334 0.85383 0.65096 0.89189 0.79886 0.61116 0.99419 0.68222 0.16886 1.00000 0.73958 0.85412 1.00000 0.61728 0.62366
25.00000 205.00000 0.23819 0.29846 1.00000 0.59794 0.64621 0.71521 0.72279 0.61718 0.61572 0.61057 0.85404 0.65386 0.89189 0.80212 0.61083 0.99421 0.66842 0.16114 1.00000 0.73958 0.85412 1.00000 0.62586 0.62303
