11.00000 1.00000 0.47627 0.83207 1.00000 0.62699 0.65648 0.61750 0.53832 0.50794 0.49937 0.47353 0.86386 0.59820 0.40541 0.64821 0.47305 0.99339 0.51195 0.30671 0.00000 0.62500 0.86469 1.00000 0.49760 0.49971
11.00000 2.00000 0.23819 0.29727 1.00000 0.59794 0.63134 0.66545 0.65783 0.61718 0.61509 0.61649 0.85309 0.64561 0.89189 0.73616 0.61626 0.99330 0.69101 0.10135 1.00000 0.68750 0.85412 1.00000 0.63889 0.63501
11.00000 3.00000 0.59512 0.73634 0.00000 0.23809 0.00872 0.04757 0.05577 0.29318 0.20881 0.09398 0.00133 0.02598 0.02703 0.02280 0.09037 0.00193 0.06779 0.90385 0.00000 0.03125 0.00000 0.00000 0.14506 0.14766
11.00000 4.00000 0.83327 0.99834 1.00000 0.06027 0.18424 0.31559 0.26453 0.14659 0.14403 0.13830 0.65077 0.29802 0.24324 0.43893 0.13740 0.99363 0.53563 0.34077 0.00000 0.32292 0.65116 1.00000 0.16084 0.16337
11.00000 5.00000 0.00003 0.00000 1.00000 1.00000 0.98101 0.91396 0.91000 1.00000 1.00000 0.99702 0.99922 0.87251 1.00000 0.87948 0.99777 0.99322 0.69203 0.02083 1.00000 0.92708 1.00000 1.00000 0.99005 0.98685
11.00000 6.00000 0.23808 0.29786 1.00000 0.59794 0.63446 0.67921 0.68798 0.61718 0.61509 0.61720 0.85309 0.65368 0.89189 0.73208 0.61697 0.99341 0.67275 0.10702 1.00000 0.66667 0.85412 1.00000 0.63443 0.63490
11.00000 7.00000 0.83328 0.99846 1.00000 0.06027 0.18616 0.32453 0.22905 0.14659 0.14403 0.13758 0.65090 0.29142 0.24324 0.44218 0.13814 0.99347 0.53563 0.34974 0.00000 0.31250 0.65116 1.00000 0.16084 0.16636
11.00000 8.00000 0.83319 0.99762 1.00000 0.06027 0.18167 0.31052 0.24026 0.14659 0.14403 0.13925 0.65088 0.29776 0.24324 0.44870 0.13841 0.99347 0.53108 0.35710 0.00000 0.32292 0.65116 1.00000 0.16084 0.17324
11.00000 9.00000 0.83315 0.99762 1.00000 0.06027 0.18103 0.29936 0.23059 0.14659 0.14403 0.13878 0.65088 0.30077 0.24324 0.44463 0.13781 0.99344 0.53332 0.33861 0.00000 0.31250 0.65116 1.00000 0.16152 0.16688
11.00000 10.00000 0.59524 0.73634 0.00000 0.23809 0.00899 0.03462 0.05201 0.29318 0.20818 0.09193 0.00135 0.01925 0.02703 0.03420 0.09070 0.00182 0.06676 0.93087 0.00000 0.03125 0.00000 0.00000 0.14472 0.14964
11.00000 11.00000 0.00001 0.00000 1.00000 1.00000 0.97789 0.91432 0.90517 1.00000 1.00000 0.99616 0.99918 0.87433 1.00000 0.89577 0.99642 0.99314 0.70469 0.02010 1.00000 0.91667 1.00000 1.00000 0.99520 0.99118
11.00000 12.00000 0.23806 0.29703 1.00000 0.59794 0.63070 0.67848 0.68960 0.61718 0.61509 0.61665 0.85315 0.64944 0.89189 0.71580 0.61725 0.99341 0.68741 0.11244 1.00000 0.68750 0.85412 1.00000 0.63409 0.63736
11.00000 13.00000 0.23817 0.29691 1.00000 0.59794 0.62978 0.67393 0.65390 0.61718 0.61509 0.61801 0.85298 0.63853 0.89189 0.72313 0.61565 0.99325 0.68939 0.09201 1.00000 0.68750 0.85412 1.00000 0.64026 0.63387
11.00000 14.00000 0.23805 0.29762 1.00000 0.59794 0.63263 0.64852 0.66307 0.61718 0.61509 0.61584 0.85311 0.64628 0.89189 0.72394 0.61598 0.99325 0.68856 0.09106 1.00000 0.66667 0.85412 1.00000 0.63683 0.63627
11.00000 15.00000 0.99992 0.99762 1.00000 0.00000 0.12946 0.29825 0.23526 0.00000 0.00000 0.00649 0.62763 0.27125 0.24324 0.46173 0.00429 0.99336 0.57293 0.35867 0.00000 0.28125 0.62791 1.00000 0.01715 0.02222
11.00000 16.00000 0.83320 0.99762 1.00000 0.06027 0.18011 0.32372 0.24383 0.14659 0.14403 0.13978 0.65075 0.30097 0.24324 0.44870 0.13778 0.99336 0.52849 0.34659 0.00000 0.31250 0.65116 1.00000 0.15638 0.16750
11.00000 17.00000 0.00001 0.00000 1.00000 1.00000 0.97945 0.93488 0.90555 1.00000 0.99937 0.99630 0.99920 0.86895 1.00000 0.88844 0.99660 0.99311 0.70084 0.02215 1.00000 0.92708 1.00000 1.00000 0.98765 0.99117
11.00000 18.00000 0.59510 0.73789 0.00000 0.23809 0.01294 0.04814 0.05449 0.29318 0.20881 0.09253 0.00133 0.02080 0.02703 0.03013 0.09159 0.00185 0.07017 0.93128 0.00000 0.03125 0.00000 0.00000 0.14300 0.14708
11.00000 19.00000 0.59511 0.73812 0.00000 0.23809 0.01275 0.02996 0.05459 0.29318 0.20818 0.09374 0.00139 0.02303 0.02703 0.01873 0.09017 0.00196 0.06334 0.93314 0.00000 0.04167 0.00000 0.00000 0.14232 0.14388
11.00000 20.00000 0.99981 0.99762 1.00000 0.00000 0.12414 0.28362 0.23109 0.00000 0.00063 0.00482 0.62763 0.27164 0.24324 0.47883 0.00429 0.99344 0.58126 0.35179 0.00000 0.28125 0.62791 1.00000 0.01372 0.01825
11.00000 21.00000 0.99998 0.99762 1.00000 0.00000 0.12717 0.27964 0.23405 0.00000 0.00063 0.00375 0.62751 0.27331 0.24324 0.46336 0.00490 0.99350 0.55986 0.35786 0.00000 0.28125 0.62791 1.00000 0.01337 0.02311
11.00000 22.00000 0.47624 0.83135 1.00000 0.62699 0.65373 0.63335 0.54857 0.50794 0.49937 0.47287 0.86392 0.60617 0.40541 0.64658 0.47262 0.99333 0.51459 0.31056 0.00000 0.62500 0.86469 1.00000 0.49348 0.50332
11.00000 23.00000 0.99990 0.99762 1.00000 0.00000 0.12726 0.30484 0.22496 0.00000 0.00000 0.00313 0.62753 0.27094 0.24324 0.46010 0.00373 0.99339 0.57669 0.36222 0.00000 0.29167 0.62791 1.00000 0.01372 0.02118
11.00000 24.00000 0.23813 0.29691 1.00000 0.59794 0.63318 0.69457 0.66339 0.61718 0.61509 0.61763 0.85307 0.64749 0.89189 0.71743 0.61469 0.99330 0.67899 0.09798 1.00000 0.68750 0.85412 1.00000 0.63546 0.63646
11.00000 25.00000 0.99989 0.99762 1.00000 0.00000 0.12616 0.28644 0.24053 0.00000 0.00063 0.00477 0.62751 0.27532 0.24324 0.46173 0.00401 0.99347 0.57643 0.37119 0.00000 0.27083 0.62791 1.00000 0.01406 0.01904
11.00000 26.00000 0.00002 0.00178 1.00000 1.00000 0.98037 0.92851 0.89522 1.00000 1.00000 0.99726 0.99911 0.87431 1.00000 0.90065 0.99685 0.99308 0.71129 0.02266 1.00000 0.92708 1.00000 1.00000 0.98697 0.98890
11.00000 27.00000 0.83328 0.99762 1.00000 0.06027 0.18268 0.31180 0.24209 0.14659 0.14403 0.13851 0.65094 0.29674 0.24324 0.44951 0.13869 0.99341 0.53608 0.34904 0.00000 0.29167 0.65116 1.00000 0.16084 0.17176
11.00000 28.00000 0.00003 0.00000 1.00000 1.00000 0.97743 0.90324 0.90423 1.00000 1.00000 0.99640 0.99913 0.87417 1.00000 0.87541 0.99795 0.99317 0.68918 0.01036 1.00000 0.91667 1.00000 1.00000 0.98971 0.99146
11.00000 29.00000 0.47614 0.83242 1.00000 0.62699 0.65437 0.64993 0.52857 0.50794 0.49937 0.47399 0.86394 0.60174 0.40541 0.64169 0.47292 0.99341 0.50685 0.31726 0.00000 0.63542 0.86469 1.00000 0.49143 0.50005
11.00000 30.00000 0.59523 0.73634 0.00000 0.23809 0.01092 0.04941 0.05471 0.29318 0.20818 0.09219 0.00131 0.02817 0.02703 0.01954 0.08926 0.00176 0.06269 0.91542 0.00000 0.04167 0.00000 0.00000 0.14300 0.14915
11.00000 31.00000 0.99980 0.99762 1.00000 0.00000 0.12643 0.27761 0.24342 0.00000 0.00000 0.00609 0.62763 0.27489 0.24324 0.43730 0.00517 0.99330 0.55896 0.36413 0.00000 0.27083 0.62791 1.00000 0.01440 0.02108
11.00000 32.00000 0.00002 0.00000 1.00000 1.00000 0.97679 0.90855 0.88771 1.00000 1.00000 0.99785 0.99922 0.87262 1.00000 0.90228 0.99703 0.99325 0.70398 0.04053 1.00000 0.91667 1.00000 1.00000 0.98491 0.99269
11.00000 33.00000 0.47625 0.83278 1.00000 0.62699 0.65731 0.63018 0.52742 0.50794 0.49937 0.47198 0.86394 0.60072 0.40541 0.65717 0.47196 0.99339 0.50774 0.31752 0.00000 0.64583 0.86469 1.00000 0.49760 0.49181
11.00000 34.00000 0.00000 0.00000 1.00000 1.00000 0.97917 0.92626 0.89159 1.00000 1.00000 0.99697 0.99918 0.87338 1.00000 0.88762 0.99734 0.99339 0.69793 0.01743 1.00000 0.91667 1.00000 1.00000 0.98697 0.98738
11.00000 35.00000 0.83328 0.99762 1.00000 0.06027 0.17974 0.29598 0.23049 0.14659 0.14403 0.13947 0.65084 0.29990 0.24324 0.44055 0.13583 0.99347 0.52283 0.35398 0.00000 0.31250 0.65116 1.00000 0.16289 0.16987
11.00000 36.00000 0.83332 0.99976 1.00000 0.06027 0.18249 0.31258 0.24570 0.14659 0.14403 0.13832 0.65090 0.29718 0.24324 0.43648 0.13725 0.99347 0.52009 0.34582 0.00000 0.30208 0.65116 1.00000 0.15947 0.16949
11.00000 37.00000 0.23807 0.29691 1.00000 0.59794 0.62758 0.68281 0.67874 0.61718 0.61509 0.61510 0.85305 0.64963 0.89189 0.72720 0.61570 0.99317 0.69765 0.10362 1.00000 0.67708 0.85412 1.00000 0.63032 0.63599
11.00000 38.00000 0.47627 0.83195 1.00000 0.62699 0.65336 0.65106 0.53488 0.50794 0.49937 0.47258 0.86386 0.60515 0.40541 0.64007 0.47008 0.99347 0.51195 0.31140 0.00000 0.63542 0.86469 1.00000 0.49657 0.49706
11.00000 39.00000 0.99987 0.99917 1.00000 0.00000 0.13010 0.30635 0.21884 0.00000 0.00000 0.00628 0.62768 0.27375 0.24324 0.45033 0.00411 0.99352 0.56876 0.36746 0.00000 0.28125 0.62791 1.00000 0.01543 0.02370
11.00000 40.00000 0.83324 0.99762 1.00000 0.06027 0.18635 0.32063 0.23711 0.14659 0.14403 0.13763 0.65090 0.29863 0.24324 0.43160 0.13664 0.99361 0.53694 0.34728 0.00000 0.30208 0.65116 1.00000 0.16495 0.16721
11.00000 41.00000 0.23816 0.29691 1.00000 0.59794 0.62831 0.68942 0.68100 0.61718 0.61509 0.61613 0.85313 0.64551 0.89189 0.71906 0.61669 0.99322 0.68396 0.10307 1.00000 0.66667 0.85412 1.00000 0.63340 0.63071
11.00000 42.00000 0.99991 0.99762 1.00000 0.00000 0.12267 0.29977 0.23904 0.00000 0.00000 0.00515 0.62755 0.27262 0.24324 0.45358 0.00396 0.99352 0.56836 0.35786 0.00000 0.28125 0.62791 1.00000 0.01063 0.02033
11.00000 43.00000 0.99982 0.99762 1.00000 0.00000 0.12506 0.26813 0.23685 0.00000 0.00063 0.00558 0.62753 0.27657 0.24324 0.45847 0.00449 0.99355 0.58040 0.35662 0.00000 0.27083 0.62791 1.00000 0.01303 0.02081
11.00000 44.00000 0.99998 0.99810 1.00000 0.00000 0.12726 0.28950 0.22479 0.00000 0.00063 0.00570 0.62768 0.27252 0.24324 0.44463 0.00216 0.99347 0.56941 0.36522 0.00000 0.26042 0.62791 1.00000 0.01097 0.01900
11.00000 45.00000 0.99986 0.99822 1.00000 0.00000 0.12827 0.27330 0.23535 0.00000 0.00000 0.00709 0.62759 0.26791 0.24324 0.45765 0.00472 0.99350 0.57010 0.36402 0.00000 0.28125 0.62791 1.00000 0.01235 0.02342
11.00000 46.00000 0.99991 0.99976 1.00000 0.00000 0.12680 0.28885 0.23641 0.00000 0.00000 0.00389 0.62768 0.27556 0.24324 0.46173 0.00492 0.99336 0.57281 0.35563 0.00000 0.29167 0.62791 1.00000 0.01955 0.02893
11.00000 47.00000 0.00005 0.00036 1.00000 1.00000 0.97670 0.94420 0.89965 1.00000 1.00000 0.99761 0.99922 0.87608 1.00000 0.89821 0.99731 0.99317 0.70241 0.02768 1.00000 0.93750 1.00000 1.00000 0.98594 0.98825
11.00000 48.00000 0.47614 0.83135 1.00000 0.62699 0.66318 0.63424 0.54268 0.50794 0.49937 0.47418 0.86394 0.59732 0.40541 0.65147 0.47280 0.99344 0.52478 0.31437 0.00000 0.64583 0.86469 1.00000 0.49657 0.49516
11.00000 49.00000 0.23802 0.29691 1.00000 0.59794 0.63088 0.67525 0.65424 0.61718 0.61509 0.61725 0.85319 0.64569 0.89189 0.71743 0.61659 0.99344 0.68798 0.10922 1.00000 0.67708 0.85412 1.00000 0.62757 0.63798
11.00000 50.00000 0.23812 0.29798 1.00000 0.59794 0.63391 0.68292 0.67629 0.61718 0.61509 0.61634 0.85313 0.64896 0.89189 0.73860 0.61694 0.99328 0.67830 0.10757 1.00000 0.68750 0.85412 1.00000 0.63409 0.63997
11.00000 51.00000 0.83329 1.00000 1.00000 0.06027 0.18405 0.32418 0.25865 0.14659 0.14403 0.13794 0.65082 0.29412 0.27027 0.45684 0.13682 0.99341 0.52216 0.34607 0.00000 0.30208 0.65116 1.00000 0.16221 0.16381
11.00000 52.00000 0.59508 0.73848 0.00000 0.23809 0.01138 0.04779 0.04448 0.29318 0.20881 0.09274 0.00137 0.02053 0.02703 0.03257 0.09078 0.00179 0.06350 0.92545 0.00000 0.02083 0.00000 0.00000 0.14506 0.14909
11.00000 53.00000 0.99996 0.99762 1.00000 0.00000 0.12662 0.27347 0.22724 0.00000 0.00063 0.00437 0.62759 0.27371 0.24324 0.47638 0.00327 0.99333 0.56733 0.35735 0.00000 0.28125 0.62791 1.00000 0.01509 0.02545
11.00000 54.00000 0.99978 0.99762 1.00000 0.00000 0.12469 0.28931 0.22869 0.00000 0.00000 0.00542 0.62753 0.27686 0.24324 0.45928 0.00505 0.99347 0.56683 0.36024 0.00000 0.27083 0.62791 1.00000 0.02023 0.02022
11.00000 55.00000 0.99978 0.99893 1.00000 0.00000 0.12873 0.27195 0.23225 0.00000 0.00063 0.00508 0.62766 0.27651 0.24324 0.47068 0.00490 0.99350 0.57769 0.36823 0.00000 0.28125 0.62791 1.00000 0.01406 0.02314
11.00000 56.00000 0.83321 1.00000 1.00000 0.06027 0.17726 0.31751 0.23266 0.14659 0.14403 0.13863 0.65092 0.30080 0.24324 0.45114 0.13834 0.99339 0.52747 0.35896 0.00000 0.30208 0.65116 1.00000 0.16289 0.16967
11.00000 57.00000 0.00001 0.00000 1.00000 1.00000 0.97614 0.89032 0.88755 1.00000 1.00000 0.99632 0.99911 0.87405 1.00000 0.89088 0.99825 0.99322 0.71281 0.03559 1.00000 0.92708 1.00000 1.00000 0.98765 0.99008
11.00000 58.00000 0.59508 0.73836 0.00000 0.23809 0.01156 0.04202 0.03360 0.29318 0.20881 0.09360 0.00141 0.01655 0.02703 0.02687 0.09093 0.00198 0.07076 0.94010 0.00000 0.04167 0.00000 0.00000 0.14403 0.14524
11.00000 59.00000 0.59525 0.73741 0.00000 0.23809 0.00697 0.04237 0.05365 0.29318 0.20881 0.09126 0.00141 0.01497 0.02703 0.02687 0.09083 0.00185 0.07117 0.93395 0.00000 0.04167 0.00000 0.00000 0.14746 0.14616
11.00000 60.00000 0.00005 0.00000 1.00000 1.00000 0.97862 0.91386 0.90093 1.00000 1.00000 0.99422 0.99918 0.87580 1.00000 0.89332 0.99597 0.99297 0.69246 0.02460 1.00000 0.91667 1.00000 1.00000 0.98457 0.99017
11.00000 61.00000 0.83316 0.99988 1.00000 0.06027 0.18506 0.31708 0.24590 0.14659 0.14403 0.13854 0.65086 0.30164 0.24324 0.45195 0.13854 0.99322 0.53430 0.34575 0.00000 0.30208 0.65116 1.00000 0.16118 0.17217
11.00000 62.00000 0.99990 0.99893 1.00000 0.00000 0.12864 0.27344 0.22378 0.00000 0.00000 0.00403 0.62761 0.27495 0.24324 0.45603 0.00457 0.99347 0.57647 0.35885 0.00000 0.27083 0.62791 1.00000 0.01612 0.02194
11.00000 63.00000 0.59515 0.73705 0.00000 0.23809 0.00918 0.03912 0.05594 0.29318 0.20881 0.09272 0.00133 0.02669 0.02703 0.00244 0.08989 0.00209 0.07609 0.93003 0.00000 0.03125 0.00000 0.00000 0.13820 0.14298
11.00000 64.00000 0.47627 0.83230 1.00000 0.62699 0.66180 0.62378 0.53184 0.50794 0.49937 0.47396 0.86394 0.59999 0.40541 0.65147 0.47244 0.99319 0.51752 0.32572 0.00000 0.63542 0.86469 1.00000 0.49040 0.49625
11.00000 65.00000 0.99993 0.99929 1.00000 0.00000 0.12102 0.28395 0.23947 0.00000 0.00000 0.00494 0.62766 0.27491 0.24324 0.45928 0.00391 0.99355 0.58647 0.36753 0.00000 0.26042 0.62791 1.00000 0.01029 0.02087
11.00000 66.00000 0.83324 0.99762 1.00000 0.06027 0.18268 0.34154 0.21646 0.14659 0.14403 0.13825 0.65092 0.29641 0.24324 0.44625 0.13654 0.99341 0.52847 0.35300 0.00000 0.32292 0.65116 1.00000 0.15775 0.16771
11.00000 67.00000 0.59514 0.73717 0.00000 0.23809 0.00817 0.04359 0.04929 0.29318 0.20818 0.09293 0.00133 0.02230 0.02703 0.03420 0.09096 0.00187 0.05974 0.93040 0.00000 0.03125 0.00000 0.00000 0.14163 0.14858
11.00000 68.00000 0.99987 1.00000 1.00000 0.00000 0.12900 0.30568 0.23728 0.00000 0.00063 0.00652 0.62770 0.27694 0.24324 0.44951 0.00370 0.99355 0.57041 0.34234 0.00000 0.31250 0.62791 1.00000 0.01612 0.02152
11.00000 69.00000 0.83335 0.99762 1.00000 0.06027 0.18002 0.30925 0.23913 0.14659 0.14403 0.13844 0.65084 0.29833 0.24324 0.43648 0.13710 0.99358 0.53039 0.34959 0.00000 0.31250 0.65116 1.00000 0.16667 0.17011
11.00000 70.00000 0.00002 0.00166 1.00000 1.00000 0.97862 0.93539 0.91147 1.00000 0.99937 0.99912 0.99924 0.87024 1.00000 0.90635 0.99817 0.99311 0.70291 0.02947 1.00000 0.93750 1.00000 1.00000 0.99314 0.99073
11.00000 71.00000 0.47623 0.83135 1.00000 0.62699 0.66162 0.63096 0.54234 0.50794 0.49937 0.47361 0.86400 0.60454 0.40541 0.65391 0.47285 0.99328 0.51530 0.30620 0.00000 0.63542 0.86469 1.00000 0.49863 0.49446
11.00000 72.00000 0.47625 0.83266 1.00000 0.62699 0.65547 0.64827 0.52636 0.50794 0.49937 0.47406 0.86386 0.60137 0.40541 0.66287 0.47300 0.99344 0.52173 0.31506 0.00000 0.63542 0.86469 1.00000 0.49623 0.49487
11.00000 73.00000 0.99990 0.99952 1.00000 0.00000 0.12964 0.27994 0.23126 0.00000 0.00063 0.00575 0.62761 0.28294 0.24324 0.46010 0.00436 0.99344 0.55781 0.37727 0.00000 0.26042 0.62791 1.00000 0.01509 0.01856
11.00000 74.00000 0.83324 0.99988 1.00000 0.06027 0.17910 0.31334 0.23896 0.14659 0.14403 0.13913 0.65096 0.29872 0.27027 0.46336 0.13661 0.99341 0.53577 0.34025 0.00000 0.30208 0.65116 1.00000 0.16392 0.17047
11.00000 75.00000 0.23808 0.29810 1.00000 0.59794 0.63428 0.67750 0.66517 0.61718 0.61509 0.61603 0.85315 0.65109 0.89189 0.71580 0.61705 0.99333 0.67989 0.11585 1.00000 0.67708 0.85412 1.00000 0.63100 0.64223
11.00000 76.00000 0.83319 0.99762 1.00000 0.06027 0.18148 0.31061 0.25324 0.14659 0.14403 0.13775 0.65086 0.29623 0.27027 0.43404 0.13781 0.99344 0.54289 0.35658 0.00000 0.32292 0.65116 1.00000 0.16667 0.16635
11.00000 77.00000 0.99994 0.99762 1.00000 0.00000 0.12864 0.29866 0.22582 0.00000 0.00063 0.00570 0.62766 0.27512 0.24324 0.46498 0.00431 0.99369 0.58273 0.35570 0.00000 0.28125 0.62791 1.00000 0.01852 0.01974
11.00000 78.00000 0.83335 0.99762 1.00000 0.06027 0.18332 0.33192 0.24845 0.14659 0.14403 0.13825 0.65073 0.30284 0.24324 0.44870 0.13743 0.99341 0.52168 0.35358 0.00000 0.32292 0.65116 1.00000 0.16598 0.16407
11.00000 79.00000 0.23812 0.29822 1.00000 0.59794 0.63107 0.67921 0.65770 0.61718 0.61509 0.61622 0.85322 0.65061 0.89189 0.71661 0.61715 0.99330 0.67823 0.10541 1.00000 0.67708 0.85412 1.00000 0.63786 0.63805
11.00000 80.00000 0.99988 0.99881 1.00000 0.00000 0.12680 0.28484 0.24554 0.00000 0.00000 0.00611 0.62755 0.28233 0.24324 0.46580 0.00467 0.99352 0.56265 0.36991 0.00000 0.28125 0.62791 1.00000 0.01337 0.02417
11.00000 81.00000 0.00004 0.00000 1.00000 1.00000 0.98055 0.93623 0.89831 1.00000 1.00000 0.99470 0.99913 0.87021 1.00000 0.88029 0.99858 0.99333 0.68984 0.02369 1.00000 0.88542 1.00000 1.00000 0.98971 0.98973
11.00000 82.00000 0.47625 0.83242 1.00000 0.62699 0.65364 0.63904 0.54229 0.50794 0.49937 0.47425 0.86390 0.59687 0.40541 0.65147 0.47297 0.99341 0.51707 0.31499 0.00000 0.62500 0.86469 1.00000 0.49623 0.50391
11.00000 83.00000 0.23821 0.29691 1.00000 0.59794 0.62914 0.67593 0.67588 0.61718 0.61509 0.61608 0.85317 0.65061 0.89189 0.72883 0.61639 0.99333 0.68937 0.10212 1.00000 0.67708 0.85412 1.00000 0.63443 0.63797
11.00000 84.00000 0.59513 0.73634 0.00000 0.23809 0.00844 0.03289 0.03931 0.29318 0.20818 0.09439 0.00135 0.02245 0.02703 0.03502 0.09121 0.00201 0.05900 0.92128 0.00000 0.05208 0.00000 0.00000 0.13957 0.14809
11.00000 85.00000 0.23811 0.29715 1.00000 0.59794 0.63345 0.67975 0.66755 0.61718 0.61509 0.61634 0.85322 0.65312 0.89189 0.73371 0.61529 0.99328 0.69613 0.10292 1.00000 0.66667 0.85412 1.00000 0.63786 0.63554
11.00000 86.00000 0.00007 0.00178 1.00000 1.00000 0.97807 0.90958 0.91198 1.00000 1.00000 0.99575 0.99926 0.87003 1.00000 0.88599 0.99746 0.99330 0.70172 0.02563 1.00000 0.92708 1.00000 1.00000 0.99108 0.99007
11.00000 87.00000 0.99985 0.99810 1.00000 0.00000 0.12552 0.28246 0.23887 0.00000 0.00000 0.00482 0.62766 0.27206 0.24324 0.46661 0.00294 0.99344 0.58607 0.37203 0.00000 0.28125 0.62791 1.00000 0.02058 0.02501
11.00000 88.00000 0.47623 0.83135 1.00000 0.62699 0.65199 0.63746 0.52597 0.50794 0.49937 0.47332 0.86377 0.60456 0.40541 0.63029 0.47160 0.99347 0.52423 0.32107 0.00000 0.63542 0.86469 1.00000 0.49863 0.49733
11.00000 89.00000 0.99988 0.99976 1.00000 0.00000 0.12809 0.30890 0.22356 0.00000 0.00063 0.00430 0.62759 0.27767 0.24324 0.45358 0.00391 0.99347 0.57709 0.36281 0.00000 0.26042 0.62791 1.00000 0.01235 0.02349
11.00000 90.00000 0.47605 0.83135 1.00000 0.62699 0.65300 0.62961 0.52737 0.50794 0.49937 0.47532 0.86394 0.60658 0.40541 0.64984 0.47041 0.99328 0.52537 0.30697 0.00000 0.64583 0.86469 1.00000 0.49040 0.49833
11.00000 91.00000 0.99994 0.99988 1.00000 0.00000 0.12698 0.27813 0.23899 0.00000 0.00000 0.00482 0.62766 0.27608 0.24324 0.47476 0.00444 0.99352 0.57121 0.37474 0.00000 0.29167 0.62791 1.00000 0.00926 0.01745
11.00000 92.00000 0.59521 0.73634 0.00000 0.23809 0.01119 0.03037 0.04698 0.29318 0.20818 0.09360 0.00131 0.02008 0.02703 0.02362 0.09037 0.00196 0.06084 0.94101 0.00000 0.03125 0.00000 0.00000 0.14609 0.14414
11.00000 93.00000 0.59528 0.73741 0.00000 0.23809 0.01101 0.07043 0.03894 0.29318 0.20818 0.09422 0.00141 0.02245 0.02703 0.02280 0.08994 0.00201 0.06636 0.93021 0.00000 0.04167 0.00000 0.00000 0.14266 0.14896
11.00000 94.00000 0.99992 0.99762 1.00000 0.00000 0.12396 0.29389 0.21928 0.00000 0.00000 0.00365 0.62766 0.27351 0.24324 0.44951 0.00340 0.99350 0.58004 0.35398 0.00000 0.29167 0.62791 1.00000 0.02058 0.01815
11.00000 95.00000 0.59521 0.73634 0.00000 0.23809 0.00651 0.03150 0.05069 0.29318 0.20818 0.09293 0.00148 0.02805 0.02703 0.02524 0.08974 0.00204 0.06303 0.92014 0.00000 0.03125 0.00000 0.00000 0.13615 0.15136
11.00000 96.00000 0.83333 0.99786 1.00000 0.06027 0.18580 0.30394 0.25105 0.14659 0.14403 0.13737 0.65084 0.29909 0.24324 0.43322 0.13697 0.99352 0.53746 0.35135 0.00000 0.31250 0.65116 1.00000 0.16221 0.17216
11.00000 97.00000 0.83329 0.99762 1.00000 0.06027 0.18350 0.30600 0.22358 0.14659 0.14403 0.13863 0.65094 0.30422 0.24324 0.44218 0.13745 0.99366 0.54737 0.33385 0.00000 0.32292 0.65116 1.00000 0.17181 0.16334
11.00000 98.00000 0.99998 0.99762 1.00000 0.00000 0.12478 0.28598 0.24026 0.00000 0.00000 0.00475 0.62776 0.28454 0.24324 0.45684 0.00454 0.99366 0.58645 0.36515 0.00000 0.26042 0.62791 1.00000 0.01852 0.01895
11.00000 99.00000 0.59522 0.73634 0.00000 0.23809 0.00890 0.04031 0.03372 0.29318 0.20881 0.09334 0.00137 0.02453 0.02703 0.03257 0.08842 0.00196 0.06460 0.92560 0.00000 0.05208 0.00000 0.00000 0.14163 0.14240
11.00000 100.00000 0.83315 0.99798 1.00000 0.06027 0.18249 0.32572 0.25851 0.14659 0.14403 0.13968 0.65088 0.29894 0.24324 0.43485 0.13765 0.99344 0.54432 0.34959 0.00000 0.31250 0.65116 1.00000 0.16289 0.16743
11.00000 101.00000 0.59520 0.73634 0.00000 0.23809 0.01129 0.05166 0.04954 0.29318 0.20818 0.09405 0.00141 0.02653 0.02703 0.02606 0.08923 0.00207 0.07428 0.93695 0.00000 0.03125 0.00000 0.00000 0.14060 0.14530
11.00000 102.00000 0.83318 0.99917 1.00000 0.06027 0.18249 0.33314 0.25687 0.14659 0.14403 0.14057 0.65096 0.29631 0.24324 0.44381 0.13575 0.99363 0.54199 0.34490 0.00000 0.32292 0.65116 1.00000 0.16187 0.16626
11.00000 103.00000 0.83315 0.99762 1.00000 0.06027 0.18130 0.32101 0.24476 0.14659 0.14403 0.13644 0.65099 0.30085 0.24324 0.45603 0.13770 0.99358 0.53370 0.35885 0.00000 0.31250 0.65116 1.00000 0.16701 0.16171
11.00000 104.00000 0.47616 0.83135 1.00000 0.62699 0.65878 0.65223 0.52195 0.50794 0.49937 0.47296 0.86390 0.60606 0.40541 0.67752 0.47277 0.99328 0.52366 0.31678 0.00000 0.63542 0.86469 1.00000 0.49211 0.49821
11.00000 105.00000 0.00002 0.00000 1.00000 1.00000 0.98009 0.93870 0.91000 1.00000 1.00000 0.99542 0.99911 0.87723 1.00000 0.89984 0.99698 0.99336 0.70446 0.02958 1.00000 0.92708 1.00000 1.00000 0.98834 0.98794
11.00000 106.00000 0.00003 0.00000 1.00000 1.00000 0.97679 0.95159 0.91506 1.00000 1.00000 0.99749 0.99932 0.87243 1.00000 0.88925 0.99729 0.99314 0.70310 0.01399 1.00000 0.92708 1.00000 1.00000 0.98868 0.98582
11.00000 107.00000 0.99984 0.99762 1.00000 0.00000 0.12203 0.30798 0.24344 0.00000 0.00000 0.00432 0.62772 0.27382 0.24324 0.46661 0.00327 0.99344 0.57517 0.36570 0.00000 0.29167 0.62791 1.00000 0.01372 0.02773
11.00000 108.00000 0.00005 0.00000 1.00000 1.00000 0.97578 0.91768 0.89770 1.00000 1.00000 0.99621 0.99930 0.87562 1.00000 0.89251 0.99729 0.99325 0.69417 0.01190 1.00000 0.92708 1.00000 1.00000 0.99040 0.99038
11.00000 109.00000 0.83316 0.99822 1.00000 0.06027 0.18075 0.32813 0.24289 0.14659 0.14403 0.13949 0.65099 0.30115 0.27027 0.44870 0.13768 0.99366 0.54856 0.33926 0.00000 0.31250 0.65116 1.00000 0.15569 0.17103
11.00000 110.00000 0.99992 0.99762 1.00000 0.00000 0.12790 0.28690 0.23540 0.00000 0.00000 0.00518 0.62772 0.27730 0.24324 0.45195 0.00434 0.99361 0.57021 0.37240 0.00000 0.27083 0.62791 1.00000 0.01303 0.02482
11.00000 111.00000 0.23804 0.29834 1.00000 0.59794 0.63116 0.69018 0.67934 0.61718 0.61509 0.61474 0.85322 0.65148 0.89189 0.73616 0.61641 0.99330 0.70236 0.10878 1.00000 0.67708 0.85412 1.00000 0.63409 0.64321
11.00000 112.00000 0.23815 0.29834 1.00000 0.59794 0.63465 0.67804 0.66091 0.61718 0.61509 0.61598 0.85328 0.64652 0.89189 0.74104 0.61509 0.99328 0.69641 0.11625 1.00000 0.67708 0.85412 1.00000 0.63649 0.63233
11.00000 113.00000 0.47622 0.83135 1.00000 0.62699 0.65731 0.63906 0.54472 0.50794 0.49937 0.47248 0.86394 0.60359 0.40541 0.65717 0.47295 0.99344 0.52882 0.31946 0.00000 0.62500 0.86469 1.00000 0.49280 0.49840
11.00000 114.00000 0.99986 0.99881 1.00000 0.00000 0.12653 0.27038 0.23008 0.00000 0.00000 0.00504 0.62785 0.28181 0.24324 0.46417 0.00401 0.99372 0.56969 0.37899 0.00000 0.27083 0.62791 1.00000 0.01886 0.02067
11.00000 115.00000 0.99995 0.99762 1.00000 0.00000 0.12854 0.30023 0.23971 0.00000 0.00063 0.00504 0.62768 0.27920 0.27027 0.45765 0.00411 0.99361 0.57524 0.38320 0.00000 0.28125 0.62791 1.00000 0.01680 0.01663
11.00000 116.00000 0.83320 0.99762 1.00000 0.06027 0.18240 0.31960 0.25528 0.14659 0.14403 0.13658 0.65096 0.30010 0.24324 0.44625 0.13636 0.99369 0.53815 0.37357 0.00000 0.31250 0.65116 1.00000 0.16049 0.16549
11.00000 117.00000 0.47608 0.83135 1.00000 0.62699 0.65887 0.64025 0.55346 0.50794 0.49937 0.47401 0.86394 0.60341 0.40541 0.64821 0.47229 0.99322 0.52568 0.30591 0.00000 0.63542 0.86469 1.00000 0.49451 0.49233
11.00000 118.00000 0.47610 0.83349 1.00000 0.62699 0.65547 0.65020 0.53389 0.50794 0.49937 0.47294 0.86392 0.60524 0.40541 0.63599 0.47084 0.99330 0.52221 0.31323 0.00000 0.64583 0.86469 1.00000 0.49280 0.49415
11.00000 119.00000 0.47611 0.83135 1.00000 0.62699 0.65208 0.64670 0.53006 0.50794 0.49937 0.47494 0.86400 0.60154 0.40541 0.65879 0.47254 0.99347 0.52104 0.31462 0.00000 0.63542 0.86469 1.00000 0.48525 0.49643
11.00000 120.00000 0.23802 0.29846 1.00000 0.59794 0.63409 0.68368 0.67713 0.61718 0.61509 0.61844 0.85317 0.64909 0.89189 0.74349 0.61519 0.99330 0.69967 0.09395 1.00000 0.68750 0.85412 1.00000 0.63512 0.63074
11.00000 121.00000 0.83333 0.99822 1.00000 0.06027 0.17956 0.32391 0.25521 0.14659 0.14403 0.13954 0.65105 0.30208 0.24324 0.45277 0.13755 0.99377 0.55603 0.33363 0.00000 0.30208 0.65116 1.00000 0.16187 0.16557
11.00000 122.00000 0.59518 0.73824 0.00000 0.23809 0.01092 0.02731 0.06347 0.29318 0.20881 0.09207 0.00148 0.02804 0.02703 0.04072 0.09070 0.00226 0.07881 0.93940 0.00000 0.04167 0.00000 0.00000 0.13752 0.14102
11.00000 123.00000 0.47627 0.83325 1.00000 0.62699 0.65795 0.65117 0.53933 0.50794 0.49937 0.47306 0.86388 0.60210 0.40541 0.66042 0.47297 0.99339 0.53349 0.32583 0.00000 0.63542 0.86469 1.00000 0.48697 0.49651
11.00000 124.00000 0.59517 0.73634 0.00000 0.23809 0.01165 0.03887 0.03505 0.29318 0.20818 0.09157 0.00146 0.03020 0.02703 0.03013 0.09027 0.00207 0.08066 0.93582 0.00000 0.03125 0.00000 0.00000 0.13374 0.14828
11.00000 125.00000 0.59516 0.73634 0.00000 0.23809 0.01129 0.03876 0.04441 0.29318 0.20881 0.09331 0.00156 0.02571 0.02703 0.02524 0.09174 0.00212 0.07412 0.93461 0.00000 0.03125 0.00000 0.00000 0.14369 0.14238
11.00000 126.00000 0.47612 0.83135 1.00000 0.62699 0.66208 0.64410 0.52968 0.50794 0.49937 0.47115 0.86405 0.61097 0.40541 0.64902 0.47143 0.99336 0.54451 0.32645 0.00000 0.62500 0.86469 1.00000 0.49074 0.48889
11.00000 127.00000 0.99997 0.99976 1.00000 0.00000 0.12946 0.27106 0.22628 0.00000 0.00063 0.00527 0.62791 0.27990 0.24324 0.46580 0.00353 0.99380 0.58245 0.38038 0.00000 0.27083 0.62791 1.00000 0.01989 0.02616
11.00000 128.00000 0.99982 0.99762 1.00000 0.00000 0.12919 0.30437 0.22450 0.00000 0.00000 0.00473 0.62778 0.28465 0.27027 0.48534 0.00335 0.99380 0.59002 0.37024 0.00000 0.27083 0.62791 1.00000 0.01852 0.01332
11.00000 129.00000 0.83318 0.99762 1.00000 0.06027 0.18662 0.33745 0.24696 0.14659 0.14403 0.13799 0.65092 0.30352 0.27027 0.43648 0.13717 0.99369 0.54667 0.33601 0.00000 0.31250 0.65116 1.00000 0.16152 0.16748
11.00000 130.00000 0.00005 0.00190 1.00000 1.00000 0.97899 0.93461 0.90281 1.00000 1.00000 0.99811 0.99916 0.88368 1.00000 0.91287 0.99698 0.99322 0.71705 0.01948 1.00000 0.92708 1.00000 1.00000 0.98560 0.99183
11.00000 131.00000 0.83324 0.99762 1.00000 0.06027 0.18993 0.32225 0.23150 0.14659 0.14403 0.13808 0.65101 0.30543 0.24324 0.45195 0.13806 0.99374 0.55177 0.35812 0.00000 0.31250 0.65116 1.00000 0.16187 0.16615
11.00000 132.00000 0.00003 0.00000 1.00000 1.00000 0.98266 0.94105 0.91056 1.00000 1.00000 0.99310 0.99916 0.88091 1.00000 0.90554 0.99655 0.99319 0.72193 0.03226 1.00000 0.93750 1.00000 1.00000 0.98628 0.98906
11.00000 133.00000 0.59530 0.73634 0.00000 0.23809 0.00963 0.04145 0.04431 0.29318 0.20881 0.09162 0.00154 0.02718 0.02703 0.02769 0.09015 0.00229 0.07243 0.92897 0.00000 0.04167 0.00000 0.00000 0.13957 0.14811
11.00000 134.00000 0.83336 0.99988 1.00000 0.06027 0.18176 0.34284 0.23249 0.14659 0.14403 0.13663 0.65101 0.30525 0.27027 0.45684 0.13654 0.99355 0.54534 0.36032 0.00000 0.31250 0.65116 1.00000 0.16941 0.16542
11.00000 135.00000 0.59521 0.73694 0.00000 0.23809 0.00899 0.04345 0.06164 0.29318 0.20881 0.09303 0.00156 0.02462 0.02703 0.03339 0.09040 0.00207 0.07478 0.92472 0.00000 0.04167 0.00000 0.00000 0.13752 0.14519
11.00000 136.00000 0.99999 0.99964 1.00000 0.00000 0.12708 0.30058 0.23545 0.00000 0.00063 0.00501 0.62761 0.27774 0.24324 0.45521 0.00380 0.99394 0.57205 0.36171 0.00000 0.28125 0.62791 1.00000 0.01372 0.02472
11.00000 137.00000 0.99998 0.99762 1.00000 0.00000 0.12799 0.29549 0.24411 0.00000 0.00063 0.00518 0.62787 0.28675 0.24324 0.47150 0.00419 0.99374 0.57476 0.36720 0.00000 0.27083 0.62791 1.00000 0.01097 0.02171
11.00000 138.00000 0.99986 0.99762 1.00000 0.00000 0.13038 0.27645 0.24339 0.00000 0.00000 0.00480 0.62787 0.28522 0.24324 0.46824 0.00386 0.99341 0.57378 0.36680 0.00000 0.29167 0.62791 1.00000 0.01783 0.01506
11.00000 139.00000 0.59510 0.73789 0.00000 0.23809 0.00954 0.03500 0.05091 0.29318 0.20881 0.09219 0.00158 0.03361 0.02703 0.04072 0.08992 0.00223 0.08040 0.92344 0.00000 0.04167 0.00000 0.00000 0.14129 0.13963
11.00000 140.00000 0.83321 0.99762 1.00000 0.06027 0.18396 0.32913 0.24462 0.14659 0.14403 0.13863 0.65109 0.30425 0.24324 0.44625 0.13715 0.99383 0.53363 0.34637 0.00000 0.32292 0.65116 1.00000 0.15981 0.16754
11.00000 141.00000 0.47616 0.83219 1.00000 0.62699 0.65997 0.63944 0.53767 0.50794 0.49937 0.47287 0.86400 0.61076 0.40541 0.65147 0.47310 0.99350 0.52206 0.31781 0.00000 0.63542 0.86469 1.00000 0.49588 0.50462
11.00000 142.00000 0.83326 0.99762 1.00000 0.06027 0.18194 0.31548 0.23639 0.14659 0.14403 0.13830 0.65103 0.30338 0.27027 0.44625 0.13732 0.99363 0.54006 0.35446 0.00000 0.30208 0.65116 1.00000 0.16392 0.16571
11.00000 143.00000 0.83321 0.99762 1.00000 0.06027 0.18589 0.32204 0.24597 0.14659 0.14403 0.13672 0.65111 0.30663 0.24324 0.45440 0.13674 0.99366 0.54020 0.36024 0.00000 0.32292 0.65116 1.00000 0.15844 0.16437
11.00000 144.00000 0.23810 0.29727 1.00000 0.59794 0.63510 0.68029 0.67650 0.61718 0.61509 0.61529 0.85319 0.65263 0.89189 0.71336 0.61570 0.99333 0.68211 0.10926 1.00000 0.69792 0.85412 1.00000 0.62963 0.63758
11.00000 145.00000 0.47627 0.83314 1.00000 0.62699 0.65602 0.64621 0.52518 0.50794 0.49937 0.47327 0.86392 0.60402 0.40541 0.64984 0.47110 0.99361 0.53280 0.32268 0.00000 0.63542 0.86469 1.00000 0.49040 0.49436
11.00000 146.00000 0.59509 0.73634 0.00000 0.23809 0.01275 0.04421 0.04330 0.29318 0.20818 0.09171 0.00160 0.02646 0.02703 0.01384 0.09098 0.00212 0.07997 0.93065 0.00000 0.04167 0.00000 0.00000 0.13992 0.14465
11.00000 147.00000 0.59509 0.73717 0.00000 0.23809 0.00853 0.01953 0.04660 0.29318 0.20881 0.09183 0.00158 0.02781 0.02703 0.03990 0.09015 0.00223 0.08238 0.95233 0.00000 0.04167 0.00000 0.00000 0.13409 0.15263
11.00000 148.00000 0.23809 0.29905 1.00000 0.59794 0.63382 0.71467 0.65397 0.61718 0.61509 0.61656 0.85328 0.65237 0.89189 0.72964 0.61504 0.99330 0.69529 0.10918 1.00000 0.67708 0.85412 1.00000 0.62586 0.63245
11.00000 149.00000 0.83320 0.99810 1.00000 0.06027 0.18534 0.32626 0.23971 0.14659 0.14403 0.13947 0.65109 0.30505 0.24324 0.44951 0.13651 0.99380 0.53827 0.34889 0.00000 0.31250 0.65116 1.00000 0.15741 0.16886
11.00000 150.00000 0.59526 0.73860 0.00000 0.23809 0.00927 0.04183 0.05627 0.29318 0.20881 0.09224 0.00165 0.02787 0.02703 0.02606 0.08938 0.00231 0.08907 0.93915 0.00000 0.03125 0.00000 0.00000 0.14232 0.14574
11.00000 151.00000 0.99985 0.99988 1.00000 0.00000 0.12478 0.29552 0.22739 0.00000 0.00000 0.00678 0.62793 0.27893 0.24324 0.46417 0.00380 0.99363 0.58633 0.38100 0.00000 0.27083 0.62791 1.00000 0.01680 0.02182
11.00000 152.00000 0.00006 0.00036 1.00000 1.00000 0.97991 0.94279 0.89638 1.00000 1.00000 0.99539 0.99924 0.88124 1.00000 0.92101 0.99604 0.99336 0.71205 0.03552 1.00000 0.93750 1.00000 1.00000 0.98765 0.98863
11.00000 153.00000 0.23801 0.29691 1.00000 0.59794 0.63446 0.68796 0.68293 0.61718 0.61509 0.61441 0.85332 0.65313 0.89189 0.73779 0.61633 0.99347 0.68875 0.10018 1.00000 0.67708 0.85412 1.00000 0.62997 0.63182
11.00000 154.00000 0.23801 0.29703 1.00000 0.59794 0.63575 0.69655 0.68221 0.61718 0.61509 0.61584 0.85311 0.65178 0.89189 0.74756 0.61588 0.99325 0.70553 0.12917 1.00000 0.68750 0.85412 1.00000 0.63923 0.62901
11.00000 155.00000 0.00002 0.00226 1.00000 1.00000 0.97871 0.91917 0.91008 1.00000 1.00000 0.99535 0.99922 0.88398 1.00000 0.89088 0.99556 0.99330 0.71828 0.03530 1.00000 0.92708 1.00000 1.00000 0.98731 0.98540
11.00000 156.00000 0.83337 0.99964 1.00000 0.06027 0.18204 0.31551 0.26571 0.14659 0.14403 0.13773 0.65107 0.30980 0.24324 0.46173 0.13907 0.99383 0.55277 0.36189 0.00000 0.32292 0.65116 1.00000 0.16187 0.16223
11.00000 157.00000 0.00005 0.00000 1.00000 1.00000 0.97890 0.91478 0.89968 1.00000 1.00000 0.99556 0.99928 0.88541 1.00000 0.91450 0.99734 0.99339 0.70981 0.02673 1.00000 0.93750 1.00000 1.00000 0.98697 0.98698
11.00000 158.00000 0.99992 0.99762 1.00000 0.00000 0.12230 0.27804 0.24912 0.00000 0.00000 0.00453 0.62799 0.27688 0.24324 0.47068 0.00492 0.99388 0.58642 0.37313 0.00000 0.29167 0.62791 1.00000 0.00960 0.01748
11.00000 159.00000 0.47623 0.83135 1.00000 0.62699 0.66364 0.66688 0.55575 0.50794 0.49937 0.47411 0.86407 0.61193 0.40541 0.64821 0.47356 0.99352 0.54091 0.32693 0.00000 0.64583 0.86469 1.00000 0.49451 0.49169
11.00000 160.00000 0.83324 0.99822 1.00000 0.06027 0.18433 0.32651 0.25646 0.14659 0.14403 0.13837 0.65103 0.30762 0.24324 0.47231 0.13633 0.99380 0.55184 0.35336 0.00000 0.31250 0.65116 1.00000 0.16358 0.16276
11.00000 161.00000 0.23821 0.29691 1.00000 0.59794 0.63198 0.69747 0.67812 0.61718 0.61509 0.61579 0.85332 0.65422 0.89189 0.75000 0.61664 0.99355 0.69872 0.10970 1.00000 0.69792 0.85412 1.00000 0.62311 0.63566
11.00000 162.00000 0.23815 0.29691 1.00000 0.59794 0.63951 0.69432 0.67617 0.61718 0.61509 0.61551 0.85341 0.65847 0.89189 0.73697 0.61540 0.99339 0.71102 0.12573 1.00000 0.69792 0.85412 1.00000 0.63820 0.63329
11.00000 163.00000 0.99983 0.99905 1.00000 0.00000 0.12552 0.27552 0.24854 0.00000 0.00063 0.00547 0.62785 0.28264 0.24324 0.46987 0.00429 0.99394 0.59073 0.36742 0.00000 0.28125 0.62791 1.00000 0.01475 0.02724
11.00000 164.00000 0.99980 0.99762 1.00000 0.00000 0.12864 0.29720 0.24294 0.00000 0.00000 0.00530 0.62795 0.28555 0.24324 0.46336 0.00416 0.99394 0.59566 0.37299 0.00000 0.30208 0.62791 1.00000 0.01509 0.01750
11.00000 165.00000 0.59509 0.73717 0.00000 0.23809 0.00826 0.03291 0.04790 0.29318 0.20881 0.09245 0.00156 0.02910 0.02703 0.03094 0.08893 0.00234 0.08371 0.92421 0.00000 0.04167 0.00000 0.00000 0.14575 0.14369
11.00000 166.00000 0.99990 0.99762 1.00000 0.00000 0.13157 0.29825 0.23526 0.00000 0.00063 0.00415 0.62795 0.28573 0.24324 0.46906 0.00380 0.99405 0.59773 0.37511 0.00000 0.29167 0.62791 1.00000 0.01235 0.02154
11.00000 167.00000 0.99992 0.99786 1.00000 0.00000 0.12836 0.30072 0.22801 0.00000 0.00063 0.00501 0.62785 0.28669 0.24324 0.48046 0.00500 0.99377 0.59164 0.36643 0.00000 0.28125 0.62791 1.00000 0.00926 0.01636
11.00000 168.00000 0.23822 0.29691 1.00000 0.59794 0.63465 0.70451 0.67838 0.61718 0.61509 0.61572 0.85324 0.66095 0.89189 0.74430 0.61608 0.99341 0.70919 0.10083 1.00000 0.67708 0.85412 1.00000 0.63374 0.63487
11.00000 169.00000 0.83327 0.99822 1.00000 0.06027 0.18525 0.32407 0.26373 0.14659 0.14403 0.13808 0.65128 0.31038 0.24324 0.44951 0.13781 0.99410 0.54598 0.35362 0.00000 0.32292 0.65116 1.00000 0.15706 0.16443
11.00000 170.00000 0.23817 0.29739 1.00000 0.59794 0.63290 0.69376 0.67966 0.61718 0.61509 0.61575 0.85328 0.65223 0.89189 0.73290 0.61529 0.99358 0.70241 0.13009 1.00000 0.67708 0.85412 1.00000 0.63306 0.63158
11.00000 171.00000 0.23808 0.29691 1.00000 0.59794 0.63465 0.69403 0.67316 0.61718 0.61509 0.61465 0.85319 0.66078 0.89189 0.73290 0.61461 0.99355 0.70360 0.11680 1.00000 0.68750 0.85412 1.00000 0.62929 0.63270
11.00000 172.00000 0.47608 0.83135 1.00000 0.62699 0.65749 0.63719 0.53391 0.50794 0.50000 0.47396 0.86409 0.61184 0.40541 0.65309 0.47084 0.99352 0.54465 0.32477 0.00000 0.63542 0.86469 1.00000 0.48731 0.49216
11.00000 173.00000 0.59518 0.73848 0.00000 0.23809 0.01560 0.05689 0.06248 0.29318 0.20881 0.09138 0.00171 0.03545 0.02703 0.03909 0.09157 0.00245 0.08116 0.93951 0.00000 0.04167 0.00000 0.00000 0.13580 0.14377
11.00000 174.00000 0.47628 0.83325 1.00000 0.62699 0.66180 0.63782 0.54287 0.50794 0.50000 0.47229 0.86413 0.61425 0.40541 0.64984 0.47280 0.99358 0.54220 0.32315 0.00000 0.64583 0.86469 1.00000 0.49074 0.49346
11.00000 175.00000 0.59526 0.73634 0.00000 0.23809 0.01349 0.04231 0.06869 0.29318 0.20881 0.09355 0.00177 0.03374 0.02703 0.04072 0.09152 0.00248 0.07962 0.93812 0.00000 0.03125 0.00000 0.00000 0.13957 0.14742
11.00000 176.00000 0.99985 0.99869 1.00000 0.00000 0.13387 0.27460 0.23278 0.00000 0.00000 0.00518 0.62801 0.28659 0.24324 0.48127 0.00431 0.99394 0.59859 0.38024 0.00000 0.30208 0.62791 1.00000 0.01235 0.01340
11.00000 177.00000 0.83332 0.99810 1.00000 0.06027 0.18451 0.31280 0.25601 0.14659 0.14403 0.13847 0.65139 0.30976 0.24324 0.46336 0.13702 0.99427 0.56400 0.37214 0.00000 0.32292 0.65116 1.00000 0.15672 0.16296
11.00000 178.00000 0.99985 1.00000 1.00000 0.00000 0.12854 0.27569 0.22106 0.00000 0.00063 0.00379 0.62801 0.28988 0.24324 0.47476 0.00261 0.99424 0.59968 0.37650 0.00000 0.28125 0.62791 1.00000 0.01680 0.02313
11.00000 179.00000 0.59525 0.73800 0.00000 0.23809 0.00991 0.05567 0.05165 0.29318 0.20818 0.09291 0.00175 0.02794 0.02703 0.04479 0.09030 0.00251 0.08895 0.92765 0.00000 0.03125 0.00000 0.00000 0.14129 0.14538
11.00000 180.00000 0.59529 0.73634 0.00000 0.23809 0.01202 0.03424 0.03045 0.29318 0.20881 0.09162 0.00184 0.03237 0.02703 0.03176 0.08895 0.00254 0.10727 0.93486 0.00000 0.04167 0.00000 0.00000 0.13615 0.15080
11.00000 181.00000 0.00007 0.00000 1.00000 1.00000 0.98192 0.94452 0.90829 1.00000 1.00000 0.99570 0.99924 0.88240 1.00000 0.91042 0.99620 0.99322 0.70812 0.03193 1.00000 0.93750 1.00000 1.00000 0.98491 0.98721
11.00000 182.00000 0.99996 0.99762 1.00000 0.00000 0.12992 0.29175 0.25824 0.00000 0.00000 0.00415 0.62799 0.28438 0.24324 0.47557 0.00375 0.99408 0.62141 0.35918 0.00000 0.29167 0.62791 1.00000 0.01818 0.02324
11.00000 183.00000 0.00004 0.00000 1.00000 1.00000 0.98312 0.92756 0.91070 1.00000 1.00000 0.99396 0.99928 0.88936 1.00000 0.91287 0.99564 0.99322 0.72562 0.03859 1.00000 0.91667 1.00000 1.00000 0.97977 0.99031
11.00000 184.00000 0.99982 0.99798 1.00000 0.00000 0.13423 0.29424 0.25545 0.00000 0.00063 0.00535 0.62808 0.29103 0.24324 0.45358 0.00434 0.99421 0.61694 0.37101 0.00000 0.30208 0.62791 1.00000 0.01200 0.01795
11.00000 185.00000 0.59515 0.73634 0.00000 0.23809 0.01046 0.06228 0.05245 0.29318 0.20881 0.09040 0.00186 0.03272 0.02703 0.04072 0.08974 0.00262 0.09754 0.92996 0.00000 0.06250 0.00000 0.00000 0.13820 0.13967
11.00000 186.00000 0.23802 0.29846 1.00000 0.59794 0.63547 0.69611 0.69265 0.61718 0.61509 0.61541 0.85341 0.66166 0.89189 0.74837 0.61362 0.99358 0.70412 0.11369 1.00000 0.69792 0.85412 1.00000 0.62517 0.63282
11.00000 187.00000 0.59516 0.73634 0.00000 0.23809 0.01376 0.04825 0.05738 0.29318 0.20881 0.09193 0.00192 0.03129 0.02703 0.04072 0.08921 0.00245 0.09604 0.93856 0.00000 0.03125 0.00000 0.00000 0.13992 0.14094
11.00000 188.00000 0.59524 0.73634 0.00000 0.23809 0.01615 0.04887 0.05356 0.29318 0.20881 0.09150 0.00184 0.03898 0.02703 0.04886 0.08961 0.00265 0.09409 0.93823 0.00000 0.03125 0.00000 0.00000 0.13649 0.14660
11.00000 189.00000 0.83320 0.99798 1.00000 0.06027 0.18332 0.30955 0.26077 0.14659 0.14403 0.13825 0.65137 0.31546 0.24324 0.46987 0.13502 0.99427 0.56822 0.35644 0.00000 0.33333 0.65116 1.00000 0.15569 0.16742
11.00000 190.00000 0.99995 0.99774 1.00000 0.00000 0.13396 0.29674 0.23658 0.00000 0.00063 0.00351 0.62808 0.28673 0.24324 0.47883 0.00393 0.99402 0.60444 0.38580 0.00000 0.27083 0.62791 1.00000 0.01406 0.02164
11.00000 191.00000 0.99988 0.99822 1.00000 0.00000 0.13185 0.29579 0.25442 0.00000 0.00063 0.00442 0.62804 0.29366 0.24324 0.47883 0.00426 0.99419 0.61211 0.38024 0.00000 0.29167 0.62791 1.00000 0.01509 0.01837
11.00000 192.00000 0.47627 0.83135 1.00000 0.62699 0.65914 0.65881 0.53791 0.50794 0.50000 0.47260 0.86432 0.60930 0.37838 0.65717 0.47082 0.99363 0.53508 0.32758 0.00000 0.64583 0.86469 1.00000 0.49486 0.49459
11.00000 193.00000 0.83316 0.99988 1.00000 0.06027 0.18782 0.32282 0.26342 0.14659 0.14403 0.13875 0.65143 0.31338 0.24324 0.46498 0.13705 0.99438 0.55631 0.35453 0.00000 0.33333 0.65116 1.00000 0.16049 0.16187
11.00000 194.00000 0.99980 0.99762 1.00000 0.00000 0.13286 0.28807 0.25478 0.00000 0.00063 0.00575 0.62801 0.28886 0.24324 0.49023 0.00512 0.99424 0.59944 0.37749 0.00000 0.28125 0.62791 1.00000 0.01920 0.02065
11.00000 195.00000 0.23809 0.29762 1.00000 0.59794 0.63474 0.69408 0.67812 0.61718 0.61509 0.61508 0.85349 0.66003 0.89189 0.73208 0.61497 0.99358 0.71876 0.11643 1.00000 0.68750 0.85412 1.00000 0.62826 0.63037
11.00000 196.00000 0.83328 0.99762 1.00000 0.06027 0.18442 0.35771 0.25276 0.14659 0.14403 0.14006 0.65147 0.30513 0.24324 0.48046 0.13715 0.99438 0.56731 0.36680 0.00000 0.32292 0.65116 1.00000 0.15741 0.16457
11.00000 197.00000 0.99987 0.99846 1.00000 0.00000 0.13313 0.31548 0.24573 0.00000 0.00000 0.00415 0.62818 0.28520 0.24324 0.49511 0.00386 0.99421 0.60654 0.37295 0.00000 0.28125 0.62791 1.00000 0.01406 0.01835
11.00000 198.00000 0.59522 0.73789 0.00000 0.23809 0.01303 0.05220 0.07529 0.29318 0.20881 0.09114 0.00186 0.03344 0.02703 0.05375 0.09020 0.00273 0.10965 0.94676 0.00000 0.04167 0.00000 0.00000 0.13786 0.13671
11.00000 199.00000 0.47622 0.83135 1.00000 0.62699 0.65859 0.65570 0.55666 0.50794 0.50000 0.47220 0.86422 0.61295 0.40541 0.66368 0.47155 0.99394 0.55912 0.32586 0.00000 0.65625 0.86469 1.00000 0.48834 0.50156
11.00000 200.00000 0.99999 0.99762 1.00000 0.00000 0.12964 0.29879 0.23769 0.00000 0.00063 0.00504 0.62825 0.29376 0.24324 0.46987 0.00274 0.99435 0.61208 0.39016 0.00000 0.29167 0.62791 1.00000 0.01578 0.01632
11.00000 201.00000 0.99983 0.99952 1.00000 0.00000 0.12992 0.30489 0.25242 0.00000 0.00063 0.00341 0.62827 0.30100 0.24324 0.47231 0.00370 0.99421 0.61727 0.36863 0.00000 0.30208 0.62791 1.00000 0.02023 0.02197
11.00000 202.00000 0.47627 0.83266 1.00000 0.62699 0.66171 0.65895 0.55861 0.50794 0.49937 0.47067 0.86436 0.61486 0.40541 0.67834 0.47216 0.99366 0.55722 0.33527 0.00000 0.64583 0.86469 1.00000 0.49383 0.49431
11.00000 203.00000 0.83336 0.99917 1.00000 0.06027 0.18754 0.33057 0.25030 0.14659 0.14403 0.13606 0.65156 0.31302 0.24324 0.44707 0.13735 0.99452 0.56845 0.37372 0.00000 0.33333 0.65116 1.00000 0.15295 0.16049
11.00000 204.00000 0.83322 0.99917 1.00000 0.06027 0.18387 0.33499 0.25863 0.14659 0.14403 0.13971 0.65166 0.31384 0.24324 0.46336 0.13770 0.99460 0.58416 0.35497 0.00000 0.32292 0.65116 1.00000 0.16221 0.16642
11.00000 205.00000 0.47620 0.83171 1.00000 0.62699 0.66667 0.66835 0.55490 0.50794 0.50000 0.47174 0.86432 0.62220 0.40541 0.65798 0.47039 0.99388 0.55446 0.33407 0.00000 0.65625 0.86469 1.00000 0.49211 0.49633
11.00000 206.00000 0.23811 0.29751 1.00000 0.59794 0.63556 0.69993 0.69314 0.61718 0.61509 0.61489 0.85328 0.66512 0.89189 0.75489 0.61479 0.99355 0.72431 0.11669 1.00000 0.69792 0.85412 1.00000 0.63272 0.63241
11.00000 207.00000 0.99991 0.99762 1.00000 0.00000 0.13442 0.30977 0.27122 0.00000 0.00063 0.00420 0.62827 0.30067 0.24324 0.49430 0.00487 0.99454 0.61856 0.37822 0.00000 0.29167 0.62791 1.00000 0.00789 0.01205
11.00000 208.00000 0.47622 0.83135 1.00000 0.62699 0.66116 0.65090 0.55806 0.50794 0.50000 0.47167 0.86424 0.62250 0.40541 0.67508 0.46973 0.99385 0.56246 0.32158 0.00000 0.65625 0.86469 1.00000 0.49623 0.49218
11.00000 209.00000 0.47618 0.83135 1.00000 0.62699 0.66098 0.64578 0.55247 0.50794 0.50000 0.47198 0.86438 0.62024 0.40541 0.66938 0.47237 0.99388 0.56855 0.32484 0.00000 0.64583 0.86469 1.00000 0.49040 0.49634
11.00000 210.00000 0.59527 0.73729 0.00000 0.23809 0.01285 0.04112 0.07924 0.29318 0.20881 0.09284 0.00207 0.04144 0.02703 0.02850 0.09002 0.00281 0.11458 0.95193 0.00000 0.05208 0.00000 0.00000 0.14575 0.13636
11.00000 211.00000 0.59510 0.73729 0.00000 0.23809 0.01312 0.04876 0.07288 0.29318 0.20881 0.09343 0.00203 0.03952 0.02703 0.05130 0.09075 0.00300 0.11599 0.94296 0.00000 0.05208 0.00000 0.00000 0.13580 0.14765
11.00000 212.00000 0.99991 0.99917 1.00000 0.00000 0.13139 0.32003 0.24823 0.00000 0.00063 0.00430 0.62833 0.29720 0.24324 0.47313 0.00451 0.99454 0.63146 0.36533 0.00000 0.29167 0.62791 1.00000 0.01166 0.02424
11.00000 213.00000 0.00006 0.00143 1.00000 1.00000 0.98037 0.95184 0.91698 1.00000 1.00000 0.99487 0.99937 0.89088 1.00000 0.91938 0.99460 0.99328 0.75489 0.04229 1.00000 0.94792 1.00000 1.00000 0.98971 0.98245
11.00000 214.00000 0.83314 0.99762 1.00000 0.06027 0.18827 0.32496 0.24671 0.14659 0.14403 0.13622 0.65173 0.32121 0.24324 0.47883 0.13732 0.99482 0.58904 0.36171 0.00000 0.33333 0.65116 1.00000 0.16118 0.16720
11.00000 215.00000 0.59520 0.73694 0.00000 0.23809 0.01413 0.05337 0.06275 0.29318 0.20881 0.09298 0.00222 0.03559 0.02703 0.02443 0.09027 0.00303 0.11725 0.93893 0.00000 0.05208 0.00000 0.00000 0.13820 0.14314
11.00000 216.00000 0.83326 1.00000 1.00000 0.06027 0.18864 0.31632 0.25459 0.14659 0.14403 0.13773 0.65179 0.31910 0.24324 0.46254 0.13659 0.99490 0.58857 0.35999 0.00000 0.34375 0.65116 1.00000 0.15466 0.16778
11.00000 217.00000 0.83325 0.99762 1.00000 0.06027 0.18726 0.34921 0.25728 0.14659 0.14403 0.13837 0.65177 0.32721 0.24324 0.45928 0.13502 0.99479 0.58604 0.36061 0.00000 0.31250 0.65116 1.00000 0.15981 0.16662
11.00000 218.00000 0.59510 0.73836 0.00000 0.23809 0.01395 0.03641 0.06947 0.29318 0.20881 0.09295 0.00220 0.03818 0.02703 0.05375 0.09035 0.00317 0.12151 0.93549 0.00000 0.03125 0.00000 0.00000 0.14095 0.14714
11.00000 219.00000 0.47620 0.83135 1.00000 0.62699 0.65823 0.66553 0.54075 0.50794 0.50000 0.46881 0.86436 0.63001 0.40541 0.67345 0.47115 0.99421 0.57874 0.33396 1.00000 0.64583 0.86469 1.00000 0.49040 0.49199
11.00000 220.00000 0.00005 0.00000 1.00000 1.00000 0.98541 0.95305 0.93578 1.00000 1.00000 0.99578 0.99924 0.90072 1.00000 0.91775 0.99462 0.99336 0.75841 0.03251 1.00000 0.95833 1.00000 1.00000 0.97497 0.98410
11.00000 221.00000 0.00001 0.00000 1.00000 1.00000 0.98174 0.93956 0.93910 1.00000 1.00000 0.99320 0.99935 0.90018 1.00000 0.92020 0.99493 0.99339 0.75070 0.03870 1.00000 0.95833 1.00000 1.00000 0.98251 0.98213
11.00000 222.00000 0.47626 0.83325 1.00000 0.62699 0.66217 0.65721 0.57120 0.50794 0.50000 0.47112 0.86445 0.62509 0.40541 0.65554 0.47062 0.99416 0.58971 0.34476 0.00000 0.65625 0.86469 1.00000 0.49246 0.48744
11.00000 223.00000 0.47628 0.83135 1.00000 0.62699 0.66254 0.66087 0.54114 0.50794 0.50000 0.47141 0.86447 0.62561 0.40541 0.67671 0.46983 0.99413 0.56950 0.33597 1.00000 0.65625 0.86469 1.00000 0.49383 0.49065
11.00000 224.00000 0.99981 0.99762 1.00000 0.00000 0.14121 0.30440 0.26193 0.00000 0.00063 0.00377 0.62863 0.29959 0.24324 0.49186 0.00436 0.99490 0.64474 0.37350 0.00000 0.30208 0.62791 1.00000 0.01509 0.01890
11.00000 225.00000 0.47609 0.83278 1.00000 0.62699 0.66437 0.68734 0.56667 0.50794 0.50000 0.47084 0.86438 0.62888 0.40541 0.67427 0.47148 0.99408 0.58957 0.34000 0.00000 0.65625 0.86469 1.00000 0.48937 0.49794
11.00000 226.00000 0.99989 0.99905 1.00000 0.00000 0.13322 0.30175 0.26212 0.00000 0.00063 0.00277 0.62871 0.30726 0.24324 0.47394 0.00441 0.99504 0.65478 0.38401 0.00000 0.28125 0.62791 1.00000 0.01166 0.01499
11.00000 227.00000 0.47619 0.83135 1.00000 0.62699 0.66245 0.65957 0.57240 0.50794 0.50000 0.47227 0.86447 0.63472 0.40541 0.67020 0.47062 0.99419 0.60023 0.32711 0.00000 0.67708 0.86469 1.00000 0.48251 0.49007
11.00000 228.00000 0.99986 0.99762 1.00000 0.00000 0.13331 0.31768 0.27868 0.00000 0.00063 0.00432 0.62871 0.30945 0.24324 0.48453 0.00441 0.99501 0.64719 0.38031 0.00000 0.29167 0.62791 1.00000 0.02092 0.02149
11.00000 229.00000 0.47609 0.83135 1.00000 0.62699 0.66079 0.68016 0.55211 0.50794 0.50000 0.47131 0.86447 0.63384 0.40541 0.67834 0.47059 0.99432 0.58264 0.33736 1.00000 0.65625 0.86469 1.00000 0.48663 0.49534
11.00000 230.00000 0.00003 0.00000 1.00000 1.00000 0.98761 0.95985 0.94377 1.00000 1.00000 0.99406 0.99924 0.91066 1.00000 0.93730 0.99310 0.99336 0.77379 0.04698 1.00000 0.94792 1.00000 1.00000 0.97942 0.97417
11.00000 231.00000 0.99978 0.99762 1.00000 0.00000 0.13056 0.30890 0.27078 0.00000 0.00063 0.00589 0.62896 0.31099 0.27027 0.49919 0.00462 0.99520 0.65385 0.38207 0.00000 0.29167 0.62791 1.00000 0.00892 0.01957
11.00000 232.00000 0.00006 0.00000 1.00000 1.00000 0.98321 0.95598 0.94295 1.00000 1.00000 0.99444 0.99939 0.90980 1.00000 0.93404 0.99376 0.99339 0.77603 0.03595 1.00000 0.94792 1.00000 1.00000 0.97942 0.97594
11.00000 233.00000 0.99976 0.99762 1.00000 0.00000 0.12983 0.28381 0.26763 0.00000 0.00063 0.00515 0.62899 0.30379 0.27027 0.49756 0.00398 0.99526 0.66133 0.39664 0.00000 0.30208 0.62791 1.00000 0.00892 0.01950
11.00000 234.00000 0.00003 0.00226 1.00000 1.00000 0.99092 0.95609 0.95347 1.00000 1.00000 0.99353 0.99935 0.90756 1.00000 0.94625 0.99450 0.99336 0.78510 0.03976 1.00000 0.93750 1.00000 1.00000 0.98663 0.98255
11.00000 235.00000 0.23819 0.29762 1.00000 0.59794 0.63409 0.73553 0.70385 0.61718 0.61572 0.61431 0.85351 0.68460 0.89189 0.76221 0.61367 0.99374 0.76986 0.13016 1.00000 0.70833 0.85412 1.00000 0.62620 0.62720
11.00000 236.00000 0.00002 0.00000 1.00000 1.00000 0.98660 0.95189 0.94440 1.00000 1.00000 0.99346 0.99926 0.90855 1.00000 0.94463 0.99538 0.99336 0.78343 0.03757 1.00000 0.94792 1.00000 1.00000 0.98182 0.98235
11.00000 237.00000 0.23824 0.29869 1.00000 0.59794 0.64033 0.71166 0.71119 0.61718 0.61572 0.61546 0.85341 0.67754 0.89189 0.77524 0.61377 0.99366 0.76048 0.12694 1.00000 0.70833 0.85412 1.00000 0.62620 0.63075
11.00000 238.00000 0.23801 0.29691 1.00000 0.59794 0.64171 0.70684 0.69966 0.61718 0.61572 0.61510 0.85360 0.68640 0.89189 0.77036 0.61451 0.99372 0.78512 0.12925 1.00000 0.68750 0.85412 1.00000 0.62997 0.62861
11.00000 239.00000 0.59510 0.73634 0.00000 0.23809 0.01330 0.05022 0.07960 0.29318 0.20881 0.09150 0.00270 0.04895 0.02703 0.05293 0.09093 0.00358 0.15135 0.95211 0.00000 0.05208 0.00000 0.00000 0.13717 0.14018
11.00000 240.00000 0.59511 0.73634 0.00000 0.23809 0.01560 0.05150 0.06889 0.29318 0.20881 0.09128 0.00272 0.04879 0.02703 0.04723 0.09010 0.00378 0.14271 0.95504 0.00000 0.07292 0.00000 0.00000 0.13717 0.14337
11.00000 241.00000 0.99988 0.99905 1.00000 0.00000 0.13368 0.32204 0.24399 0.00000 0.00063 0.00461 0.62909 0.31449 0.24324 0.49593 0.00510 0.99545 0.66157 0.38946 0.00000 0.32292 0.62791 1.00000 0.01337 0.01900
11.00000 242.00000 0.47606 0.83135 1.00000 0.62699 0.66465 0.66320 0.56817 0.50794 0.50000 0.47203 0.86474 0.64223 0.40541 0.68404 0.47135 0.99449 0.61677 0.33948 0.00000 0.67708 0.86469 1.00000 0.48217 0.48978
11.00000 243.00000 0.00005 0.00071 1.00000 1.00000 0.98798 0.96598 0.95410 1.00000 1.00000 0.99146 0.99939 0.91296 1.00000 0.93567 0.99424 0.99333 0.80114 0.06440 1.00000 0.96875 1.00000 1.00000 0.97908 0.97669
11.00000 244.00000 0.00006 0.00214 1.00000 1.00000 0.98679 0.95048 0.93188 1.00000 1.00000 0.99365 0.99937 0.92287 1.00000 0.93078 0.99300 0.99355 0.80223 0.05708 1.00000 0.94792 1.00000 1.00000 0.97394 0.97937
11.00000 245.00000 0.99993 0.99762 1.00000 0.00000 0.13377 0.32716 0.28455 0.00000 0.00063 0.00613 0.62924 0.31407 0.24324 0.50570 0.00373 0.99576 0.70110 0.38122 0.00000 0.30208 0.62791 1.00000 0.01097 0.01926
11.00000 246.00000 0.00006 0.00000 1.00000 1.00000 0.99138 0.96476 0.94936 1.00000 1.00000 0.99239 0.99926 0.91045 1.00000 0.94055 0.99358 0.99350 0.79583 0.05924 1.00000 0.96875 1.00000 1.00000 0.97771 0.97611
11.00000 247.00000 0.47624 0.83135 1.00000 0.62699 0.66190 0.65659 0.56525 0.50794 0.50000 0.47048 0.86485 0.64393 0.37838 0.68974 0.46907 0.99454 0.61989 0.35783 0.00000 0.66667 0.86469 1.00000 0.48765 0.49429
11.00000 248.00000 0.47619 0.83207 1.00000 0.62699 0.66832 0.66696 0.56200 0.50794 0.50000 0.47050 0.86481 0.65099 0.40541 0.67508 0.46912 0.99441 0.62496 0.33158 1.00000 0.66667 0.86469 1.00000 0.47977 0.49215
11.00000 249.00000 0.83324 0.99988 1.00000 0.06027 0.19295 0.35127 0.28195 0.14659 0.14465 0.13522 0.65268 0.34259 0.24324 0.47964 0.13636 0.99606 0.63343 0.37764 0.00000 0.33333 0.65116 1.00000 0.16084 0.16507
11.00000 250.00000 0.00005 0.00000 1.00000 1.00000 0.98835 0.96105 0.93073 1.00000 1.00000 0.99329 0.99939 0.91867 1.00000 0.95440 0.99335 0.99330 0.80868 0.05254 1.00000 0.95833 1.00000 1.00000 0.97908 0.98404
11.00000 251.00000 0.47620 0.83135 1.00000 0.62699 0.66823 0.66529 0.56439 0.50794 0.50000 0.47165 0.86489 0.64478 0.37838 0.67915 0.46919 0.99485 0.61732 0.34036 0.00000 0.66667 0.86469 1.00000 0.48525 0.48073
11.00000 252.00000 0.99999 0.99929 1.00000 0.00000 0.13313 0.31973 0.28352 0.00000 0.00063 0.00329 0.62943 0.32280 0.27027 0.51140 0.00386 0.99609 0.68441 0.38181 0.00000 0.30208 0.62791 1.00000 0.01269 0.01609
11.00000 253.00000 0.23821 0.29798 1.00000 0.59794 0.63795 0.73033 0.70036 0.61718 0.61572 0.61233 0.85376 0.69499 0.89189 0.78176 0.61423 0.99394 0.79909 0.13869 1.00000 0.69792 0.85412 1.00000 0.62586 0.62488
11.00000 254.00000 0.47610 0.83135 1.00000 0.62699 0.66153 0.65523 0.55565 0.50794 0.50000 0.47038 0.86496 0.64616 0.37838 0.69463 0.47069 0.99485 0.64169 0.34695 1.00000 0.65625 0.86469 1.00000 0.48251 0.49285
11.00000 255.00000 0.47617 0.83135 1.00000 0.62699 0.67125 0.67301 0.58222 0.50794 0.50000 0.47024 0.86504 0.65338 0.37838 0.67915 0.47062 0.99485 0.64681 0.34505 1.00000 0.67708 0.86469 1.00000 0.48045 0.48974
11.00000 256.00000 0.59527 0.73765 0.00000 0.23809 0.01385 0.06285 0.07738 0.29318 0.20881 0.09241 0.00327 0.06559 0.02703 0.06352 0.08979 0.00466 0.17235 0.97646 0.00000 0.06250 0.00000 0.00000 0.13443 0.14460
11.00000 257.00000 0.59518 0.73634 0.00000 0.23809 0.01697 0.07379 0.09004 0.29318 0.20881 0.09217 0.00327 0.05948 0.02703 0.07248 0.09040 0.00460 0.17013 0.97089 0.00000 0.07292 0.00000 0.00000 0.13717 0.14685
11.00000 258.00000 0.47617 0.83171 1.00000 0.62699 0.67373 0.67322 0.56975 0.50794 0.50000 0.47031 0.86508 0.65209 0.37838 0.68811 0.46821 0.99487 0.63972 0.35391 1.00000 0.67708 0.86469 1.00000 0.48491 0.48322
11.00000 259.00000 0.99987 0.99964 1.00000 0.00000 0.13680 0.30660 0.27071 0.00000 0.00063 0.00384 0.62966 0.33057 0.24324 0.49919 0.00312 0.99645 0.71307 0.38415 0.00000 0.31250 0.62791 1.00000 0.00754 0.01539
11.00000 260.00000 0.99979 0.99762 1.00000 0.00000 0.13396 0.33534 0.28749 0.00000 0.00063 0.00339 0.62962 0.33316 0.27027 0.51710 0.00221 0.99628 0.71055 0.38675 0.00000 0.31250 0.62791 1.00000 0.01578 0.02537
11.00000 261.00000 0.47619 0.83135 1.00000 0.62699 0.66722 0.65803 0.57137 0.50794 0.50000 0.46919 0.86510 0.65691 0.37838 0.69463 0.46985 0.99490 0.64279 0.35585 1.00000 0.68750 0.86469 1.00000 0.48148 0.48356
11.00000 262.00000 0.99993 0.99917 1.00000 0.00000 0.13799 0.32602 0.28708 0.00000 0.00063 0.00270 0.62977 0.33166 0.27027 0.51059 0.00269 0.99658 0.73426 0.39082 0.00000 0.32292 0.62791 1.00000 0.01337 0.01952
11.00000 263.00000 0.99981 0.99881 1.00000 0.00000 0.13084 0.33593 0.28080 0.00000 0.00063 0.00527 0.62979 0.33836 0.27027 0.50489 0.00429 0.99642 0.71728 0.39668 0.00000 0.31250 0.62791 1.00000 0.00926 0.01447
11.00000 264.00000 0.99999 0.99762 1.00000 0.00000 0.13983 0.32756 0.28270 0.00000 0.00063 0.00368 0.62979 0.33363 0.24324 0.51303 0.00256 0.99656 0.73747 0.40360 0.00000 0.33333 0.62791 1.00000 0.01200 0.01404
11.00000 265.00000 0.23824 0.29715 1.00000 0.59794 0.64611 0.73848 0.73608 0.61718 0.61572 0.61281 0.85383 0.71403 0.89189 0.77443 0.61248 0.99427 0.83736 0.14664 1.00000 0.71875 0.85412 1.00000 0.61831 0.63046
11.00000 266.00000 0.00003 0.00226 1.00000 1.00000 0.99073 0.97546 0.95655 1.00000 1.00000 0.99160 0.99951 0.93631 1.00000 0.95928 0.99267 0.99358 0.84731 0.06744 1.00000 0.96875 1.00000 1.00000 0.97291 0.97073
11.00000 267.00000 0.23808 0.29774 1.00000 0.59794 0.64171 0.70616 0.73001 0.61718 0.61572 0.61341 0.85374 0.70684 0.89189 0.79479 0.61146 0.99410 0.83641 0.13752 1.00000 0.72917 0.85412 1.00000 0.61968 0.62407
11.00000 268.00000 0.47616 0.83135 1.00000 0.62699 0.66612 0.69216 0.58357 0.50794 0.50000 0.46991 0.86527 0.67111 0.37838 0.68974 0.46990 0.99540 0.66911 0.36167 1.00000 0.65625 0.86469 1.00000 0.48320 0.48479
11.00000 269.00000 0.99991 0.99762 1.00000 0.00000 0.13506 0.33862 0.28015 0.00000 0.00063 0.00336 0.63004 0.33708 0.27027 0.52769 0.00157 0.99680 0.74140 0.40623 0.00000 0.33333 0.62791 1.00000 0.00686 0.01189
11.00000 270.00000 0.59528 0.73634 0.00000 0.23809 0.01945 0.06962 0.09553 0.29318 0.20881 0.09257 0.00391 0.07922 0.02703 0.07492 0.08743 0.00546 0.21048 0.96763 0.00000 0.07292 0.00000 0.00000 0.13134 0.14504
11.00000 271.00000 0.99993 0.99762 1.00000 0.00000 0.14111 0.34078 0.29076 0.00000 0.00063 0.00480 0.63017 0.34005 0.27027 0.53746 0.00231 0.99702 0.76022 0.38705 0.00000 0.32292 0.62791 1.00000 0.01646 0.01733
