248.00000 1.00000 0.00005 0.00000 1.00000 1.00000 0.98578 0.93658 0.92225 1.00000 1.00000 0.99580 0.99924 0.87110 1.00000 0.90147 0.99477 0.99339 0.68877 0.03951 1.00000 0.93750 1.00000 1.00000 0.99143 0.97774
248.00000 2.00000 0.23803 0.29846 1.00000 0.59794 0.63042 0.67750 0.67619 0.61718 0.61509 0.61665 0.85334 0.64504 0.89189 0.73534 0.61659 0.99355 0.67047 0.11541 1.00000 0.68750 0.85412 1.00000 0.63546 0.63458
248.00000 3.00000 0.99995 0.99857 1.00000 0.00000 0.13001 0.29863 0.23319 0.00000 0.00000 0.00267 0.62742 0.27556 0.24324 0.47231 0.00350 0.99306 0.55536 0.38064 0.00000 0.28125 0.62791 1.00000 0.01303 0.01965
248.00000 4.00000 0.00002 0.00190 1.00000 1.00000 0.97413 0.94130 0.92353 1.00000 1.00000 0.99511 0.99926 0.87137 1.00000 0.90391 0.99592 0.99330 0.69534 0.04119 1.00000 0.93750 1.00000 1.00000 0.98148 0.98729
248.00000 5.00000 0.59527 0.73789 0.00000 0.23809 0.00954 0.04529 0.04934 0.29318 0.20818 0.09224 0.00120 0.02735 0.02703 0.03176 0.08997 0.00165 0.05770 0.93018 0.00000 0.04167 0.00000 0.00000 0.14129 0.14507
248.00000 6.00000 0.23808 0.29703 1.00000 0.59794 0.63327 0.67720 0.70584 0.61718 0.61509 0.61651 0.85332 0.64459 0.89189 0.72476 0.61626 0.99352 0.66544 0.12170 1.00000 0.67708 0.85412 1.00000 0.63203 0.63701
248.00000 7.00000 0.99977 0.99774 1.00000 0.00000 0.12708 0.29603 0.25401 0.00000 0.00000 0.00496 0.62738 0.27302 0.24324 0.46091 0.00380 0.99322 0.55581 0.38441 0.00000 0.30208 0.62791 1.00000 0.00926 0.01707
248.00000 8.00000 0.99995 0.99762 1.00000 0.00000 0.12625 0.29489 0.23930 0.00000 0.00000 0.00520 0.62732 0.27329 0.24324 0.46906 0.00302 0.99300 0.54708 0.37789 0.00000 0.29167 0.62791 1.00000 0.01337 0.02353
248.00000 9.00000 0.23804 0.29691 1.00000 0.59794 0.63639 0.69801 0.68062 0.61718 0.61509 0.61570 0.85334 0.64915 0.89189 0.74674 0.61393 0.99347 0.67004 0.11057 1.00000 0.69792 0.85412 1.00000 0.62894 0.63282
248.00000 10.00000 0.99990 0.99762 1.00000 0.00000 0.12900 0.27000 0.24744 0.00000 0.00063 0.00515 0.62736 0.27772 0.24324 0.47313 0.00454 0.99306 0.55858 0.36724 0.00000 0.29167 0.62791 1.00000 0.01646 0.02598
248.00000 11.00000 0.83336 0.99786 1.00000 0.06027 0.18515 0.32147 0.26729 0.14659 0.14403 0.13847 0.65086 0.30133 0.24324 0.48127 0.13654 0.99333 0.52152 0.34637 0.00000 0.33333 0.65116 1.00000 0.16975 0.16469
248.00000 12.00000 0.83336 0.99798 1.00000 0.06027 0.18974 0.32001 0.24775 0.14659 0.14403 0.13832 0.65067 0.30272 0.24324 0.46743 0.13743 0.99336 0.51897 0.34688 0.00000 0.30208 0.65116 1.00000 0.15638 0.16207
248.00000 13.00000 0.00007 0.00000 1.00000 1.00000 0.98312 0.90966 0.92168 1.00000 1.00000 0.99640 0.99935 0.87472 1.00000 0.90879 0.99625 0.99322 0.68808 0.04441 1.00000 0.93750 1.00000 1.00000 0.98457 0.98683
248.00000 14.00000 0.47621 0.83135 1.00000 0.62699 0.66208 0.66507 0.54828 0.50794 0.50000 0.47258 0.86390 0.60787 0.40541 0.66124 0.47094 0.99341 0.50414 0.32253 0.00000 0.65625 0.86469 1.00000 0.48594 0.49493
248.00000 15.00000 0.23815 0.29691 1.00000 0.59794 0.63162 0.68536 0.69126 0.61718 0.61509 0.61508 0.85328 0.64148 0.89189 0.74837 0.61583 0.99341 0.68294 0.11793 1.00000 0.69792 0.85412 1.00000 0.63306 0.63421
248.00000 16.00000 0.23823 0.29715 1.00000 0.59794 0.63758 0.70952 0.68124 0.61718 0.61509 0.61565 0.85338 0.64634 0.89189 0.74511 0.61659 0.99350 0.66580 0.11343 1.00000 0.68750 0.85412 1.00000 0.62449 0.62955
248.00000 17.00000 0.59512 0.73634 0.00000 0.23809 0.01073 0.03064 0.04624 0.29318 0.20881 0.09226 0.00133 0.01907 0.02703 0.04560 0.08977 0.00182 0.07010 0.94281 0.00000 0.04167 0.00000 0.00000 0.14438 0.14415
248.00000 18.00000 0.83334 0.99762 1.00000 0.06027 0.18782 0.33011 0.24833 0.14659 0.14403 0.13708 0.65069 0.29683 0.24324 0.44788 0.13745 0.99317 0.51364 0.36559 0.00000 0.31250 0.65116 1.00000 0.15912 0.16546
248.00000 19.00000 0.47625 0.83135 1.00000 0.62699 0.65786 0.64673 0.53822 0.50794 0.49937 0.47165 0.86388 0.59804 0.40541 0.66612 0.47150 0.99333 0.51323 0.31997 0.00000 0.63542 0.86469 1.00000 0.48834 0.49705
248.00000 20.00000 0.00006 0.00000 1.00000 1.00000 0.97862 0.93065 0.90582 1.00000 1.00000 0.99518 0.99935 0.87669 1.00000 0.91531 0.99571 0.99350 0.67639 0.03965 1.00000 0.93750 1.00000 1.00000 0.98354 0.98200
248.00000 21.00000 0.59522 0.73800 0.00000 0.23809 0.00954 0.03657 0.06443 0.29318 0.20881 0.09236 0.00127 0.02330 0.02703 0.03339 0.09022 0.00179 0.06236 0.94380 0.00000 0.05208 0.00000 0.00000 0.14369 0.14543
248.00000 22.00000 0.47605 0.83195 1.00000 0.62699 0.66061 0.64313 0.53673 0.50794 0.50000 0.47227 0.86396 0.59529 0.40541 0.66042 0.47013 0.99339 0.50574 0.32788 0.00000 0.65625 0.86469 1.00000 0.49588 0.49180
248.00000 23.00000 0.23813 0.29691 1.00000 0.59794 0.63107 0.68769 0.69501 0.61718 0.61509 0.61594 0.85326 0.64947 0.89189 0.74349 0.61474 0.99336 0.67373 0.10728 1.00000 0.68750 0.85412 1.00000 0.62860 0.63263
248.00000 24.00000 0.47607 0.83373 1.00000 0.62699 0.65474 0.64955 0.54268 0.50794 0.49937 0.47193 0.86400 0.59956 0.40541 0.66124 0.47247 0.99336 0.50671 0.31832 0.00000 0.64583 0.86469 1.00000 0.48971 0.49592
248.00000 25.00000 0.59508 0.73836 0.00000 0.23809 0.01211 0.05396 0.05613 0.29318 0.20881 0.09222 0.00112 0.01164 0.02703 0.03827 0.08997 0.00179 0.07657 0.94215 0.00000 0.04167 0.00000 0.00000 0.14198 0.14340
248.00000 26.00000 0.47623 0.83135 1.00000 0.62699 0.66089 0.64383 0.53644 0.50794 0.50000 0.47246 0.86396 0.60539 0.40541 0.67264 0.47216 0.99341 0.50457 0.32202 0.00000 0.63542 0.86469 1.00000 0.48937 0.49290
248.00000 27.00000 0.47605 0.83361 1.00000 0.62699 0.65988 0.65448 0.55705 0.50794 0.50000 0.47088 0.86405 0.60677 0.40541 0.66450 0.47252 0.99350 0.51157 0.32898 0.00000 0.64583 0.86469 1.00000 0.48422 0.49671
248.00000 28.00000 0.83322 0.99762 1.00000 0.06027 0.18112 0.30817 0.25410 0.14659 0.14403 0.13608 0.65058 0.29451 0.24324 0.46661 0.13692 0.99325 0.52678 0.36500 0.00000 0.33333 0.65116 1.00000 0.16118 0.16908
248.00000 29.00000 0.47616 0.83266 1.00000 0.62699 0.65887 0.64792 0.52838 0.50794 0.49937 0.47208 0.86386 0.59670 0.40541 0.66124 0.47158 0.99341 0.51257 0.32045 0.00000 0.64583 0.86469 1.00000 0.48800 0.49638
248.00000 30.00000 0.59512 0.73670 0.00000 0.23809 0.00936 0.05060 0.05517 0.29318 0.20818 0.09300 0.00129 0.01823 0.02703 0.05782 0.09083 0.00165 0.04939 0.91780 0.00000 0.05208 0.00000 0.00000 0.14266 0.14491
248.00000 31.00000 0.23800 0.29691 1.00000 0.59794 0.63639 0.65570 0.67229 0.61718 0.61509 0.61579 0.85328 0.64467 0.89189 0.74756 0.61527 0.99339 0.67049 0.11962 1.00000 0.70833 0.85412 1.00000 0.63237 0.63255
248.00000 32.00000 0.99989 0.99762 1.00000 0.00000 0.13176 0.28528 0.23798 0.00000 0.00063 0.00420 0.62740 0.27640 0.24324 0.48616 0.00482 0.99300 0.55936 0.36797 0.00000 0.28125 0.62791 1.00000 0.01097 0.02192
248.00000 33.00000 0.99984 0.99762 1.00000 0.00000 0.13194 0.30505 0.22031 0.00000 0.00063 0.00439 0.62738 0.27247 0.24324 0.47394 0.00304 0.99300 0.57428 0.37277 0.00000 0.28125 0.62791 1.00000 0.02332 0.02277
248.00000 34.00000 0.83318 0.99822 1.00000 0.06027 0.18093 0.32364 0.25743 0.14659 0.14403 0.13925 0.65067 0.29551 0.24324 0.45603 0.13791 0.99317 0.50131 0.36208 0.00000 0.32292 0.65116 1.00000 0.16187 0.16326
248.00000 35.00000 0.00002 0.00095 1.00000 1.00000 0.98569 0.92721 0.91797 1.00000 1.00000 0.99501 0.99935 0.87163 1.00000 0.91368 0.99637 0.99347 0.68863 0.02490 1.00000 0.93750 1.00000 1.00000 0.98663 0.98516
248.00000 36.00000 0.47627 0.83135 1.00000 0.62699 0.65492 0.64174 0.54999 0.50794 0.49937 0.47103 0.86394 0.60070 0.40541 0.66775 0.47125 0.99344 0.50690 0.31536 1.00000 0.64583 0.86469 1.00000 0.49417 0.49626
248.00000 37.00000 0.83336 0.99857 1.00000 0.06027 0.18020 0.33737 0.26720 0.14659 0.14403 0.13708 0.65071 0.29964 0.24324 0.45033 0.13672 0.99325 0.53589 0.36002 0.00000 0.33333 0.65116 1.00000 0.15981 0.16360
248.00000 38.00000 0.83335 0.99762 1.00000 0.06027 0.18185 0.33520 0.23882 0.14659 0.14403 0.13808 0.65063 0.29787 0.24324 0.46173 0.13796 0.99311 0.51492 0.36215 0.00000 0.31250 0.65116 1.00000 0.15981 0.15933
248.00000 39.00000 0.23820 0.29691 1.00000 0.59794 0.63712 0.67997 0.67008 0.61718 0.61509 0.61594 0.85322 0.64916 0.89189 0.74023 0.61436 0.99347 0.67047 0.10783 1.00000 0.68750 0.85412 1.00000 0.63546 0.63416
248.00000 40.00000 0.00004 0.00000 1.00000 1.00000 0.98468 0.94479 0.92875 1.00000 1.00000 0.99439 0.99928 0.87156 1.00000 0.92345 0.99564 0.99344 0.68760 0.03094 1.00000 0.92708 1.00000 1.00000 0.98388 0.98738
248.00000 41.00000 0.99980 0.99810 1.00000 0.00000 0.12680 0.29254 0.25230 0.00000 0.00063 0.00346 0.62747 0.28012 0.24324 0.47720 0.00413 0.99319 0.55332 0.37006 0.00000 0.29167 0.62791 1.00000 0.00823 0.02247
248.00000 42.00000 0.00007 0.00131 1.00000 1.00000 0.97862 0.93713 0.91568 1.00000 1.00000 0.99406 0.99937 0.86446 1.00000 0.90961 0.99640 0.99325 0.67751 0.03292 1.00000 0.94792 1.00000 1.00000 0.98457 0.99447
248.00000 43.00000 0.99995 0.99762 1.00000 0.00000 0.12763 0.29963 0.25499 0.00000 0.00063 0.00375 0.62740 0.27712 0.24324 0.48046 0.00490 0.99330 0.57888 0.37603 0.00000 0.30208 0.62791 1.00000 0.01783 0.01828
248.00000 44.00000 0.00003 0.00000 1.00000 1.00000 0.98303 0.93688 0.92110 1.00000 1.00000 0.99482 0.99937 0.87762 1.00000 0.91938 0.99564 0.99350 0.68570 0.04705 1.00000 0.92708 1.00000 1.00000 0.98320 0.98601
248.00000 45.00000 0.59520 0.73634 0.00000 0.23809 0.00918 0.03378 0.04739 0.29318 0.20818 0.09264 0.00116 0.02269 0.02703 0.04479 0.09027 0.00179 0.07352 0.93721 0.00000 0.05208 0.00000 0.00000 0.14369 0.14413
248.00000 46.00000 0.99993 0.99846 1.00000 0.00000 0.13267 0.27959 0.24236 0.00000 0.00063 0.00504 0.62728 0.26812 0.24324 0.47557 0.00449 0.99317 0.55591 0.37321 0.00000 0.29167 0.62791 1.00000 0.01269 0.02501
248.00000 47.00000 0.99990 0.99762 1.00000 0.00000 0.12625 0.28249 0.23933 0.00000 0.00063 0.00554 0.62730 0.26886 0.24324 0.46661 0.00378 0.99297 0.55579 0.37203 0.00000 0.29167 0.62791 1.00000 0.00892 0.01725
248.00000 48.00000 0.59515 0.73848 0.00000 0.23809 0.01835 0.06079 0.07705 0.29318 0.20881 0.09121 0.00122 0.01985 0.02703 0.04560 0.08984 0.00174 0.06850 0.94376 0.00000 0.05208 0.00000 0.00000 0.14232 0.14168
248.00000 49.00000 0.99993 0.99762 1.00000 0.00000 0.13038 0.30492 0.23275 0.00000 0.00000 0.00394 0.62742 0.27324 0.24324 0.46661 0.00543 0.99314 0.56660 0.37244 0.00000 0.29167 0.62791 1.00000 0.00892 0.01937
248.00000 50.00000 0.99999 0.99762 1.00000 0.00000 0.13176 0.28766 0.24036 0.00000 0.00063 0.00580 0.62734 0.27383 0.24324 0.48208 0.00469 0.99300 0.56436 0.37720 0.00000 0.29167 0.62791 1.00000 0.01646 0.02339
248.00000 51.00000 0.47612 0.83135 1.00000 0.62699 0.65979 0.63679 0.54499 0.50794 0.49937 0.47012 0.86386 0.59748 0.40541 0.66368 0.47219 0.99333 0.49907 0.33062 0.00000 0.65625 0.86469 1.00000 0.48800 0.49072
248.00000 52.00000 0.47617 0.83183 1.00000 0.62699 0.65832 0.65204 0.55579 0.50794 0.49937 0.47334 0.86396 0.59952 0.40541 0.66042 0.47206 0.99350 0.48570 0.32158 0.00000 0.63542 0.86469 1.00000 0.49005 0.49093
248.00000 53.00000 0.23810 0.29691 1.00000 0.59794 0.63510 0.69232 0.66512 0.61718 0.61509 0.61553 0.85317 0.64640 0.89189 0.74186 0.61598 0.99347 0.68491 0.12449 1.00000 0.67708 0.85412 1.00000 0.63066 0.63257
248.00000 54.00000 0.59509 0.73634 0.00000 0.23809 0.00578 0.02622 0.06715 0.29318 0.20881 0.09245 0.00127 0.01652 0.02703 0.03746 0.09108 0.00185 0.05039 0.93768 0.00000 0.04167 0.00000 0.00000 0.14506 0.14410
248.00000 55.00000 0.47626 0.83135 1.00000 0.62699 0.66070 0.67496 0.54311 0.50794 0.50000 0.47372 0.86400 0.59967 0.40541 0.66694 0.47160 0.99341 0.51231 0.31616 0.00000 0.65625 0.86469 1.00000 0.50000 0.49047
248.00000 56.00000 0.00005 0.00000 1.00000 1.00000 0.97881 0.95392 0.91833 1.00000 1.00000 0.99387 0.99939 0.86645 1.00000 0.93160 0.99584 0.99330 0.69498 0.04932 1.00000 0.93750 1.00000 1.00000 0.97942 0.98914
248.00000 57.00000 0.83325 0.99762 1.00000 0.06027 0.18662 0.31437 0.25122 0.14659 0.14403 0.13746 0.65067 0.29642 0.24324 0.45277 0.13611 0.99325 0.51464 0.35981 0.00000 0.31250 0.65116 1.00000 0.16255 0.17184
248.00000 58.00000 0.99981 0.99857 1.00000 0.00000 0.13176 0.29059 0.25692 0.00000 0.00063 0.00549 0.62740 0.27919 0.24324 0.48860 0.00294 0.99303 0.55991 0.36932 0.00000 0.27083 0.62791 1.00000 0.00995 0.02068
248.00000 59.00000 0.99977 0.99762 1.00000 0.00000 0.12671 0.32448 0.25639 0.00000 0.00063 0.00525 0.62732 0.26843 0.24324 0.47231 0.00507 0.99308 0.55848 0.37592 0.00000 0.27083 0.62791 1.00000 0.01235 0.01949
248.00000 60.00000 0.59515 0.73729 0.00000 0.23809 0.01321 0.05318 0.05688 0.29318 0.20881 0.09212 0.00114 0.01658 0.02703 0.04153 0.08946 0.00176 0.05855 0.94596 0.00000 0.04167 0.00000 0.00000 0.14232 0.14557
248.00000 61.00000 0.47615 0.83135 1.00000 0.62699 0.66043 0.62955 0.55339 0.50794 0.50000 0.47239 0.86398 0.60595 0.37838 0.66694 0.47145 0.99344 0.49614 0.33300 0.00000 0.63542 0.86469 1.00000 0.49211 0.49464
248.00000 62.00000 0.83325 0.99846 1.00000 0.06027 0.18249 0.31277 0.25531 0.14659 0.14403 0.13890 0.65080 0.30046 0.24324 0.47638 0.13753 0.99347 0.52504 0.35856 0.00000 0.32292 0.65116 1.00000 0.15844 0.16427
248.00000 63.00000 0.00000 0.00071 1.00000 1.00000 0.98092 0.94119 0.90940 1.00000 1.00000 0.99530 0.99935 0.86911 1.00000 0.89739 0.99665 0.99336 0.69291 0.04266 1.00000 0.93750 1.00000 1.00000 0.97874 0.98261
248.00000 64.00000 0.47629 0.83230 1.00000 0.62699 0.66309 0.64294 0.53249 0.50794 0.50000 0.47229 0.86403 0.60245 0.40541 0.63762 0.47130 0.99336 0.49981 0.31733 0.00000 0.63542 0.86469 1.00000 0.49074 0.49638
248.00000 65.00000 0.83325 0.99762 1.00000 0.06027 0.18800 0.32521 0.24955 0.14659 0.14403 0.13737 0.65071 0.29239 0.24324 0.46091 0.13765 0.99330 0.51980 0.36413 0.00000 0.33333 0.65116 1.00000 0.16324 0.16425
248.00000 66.00000 0.23819 0.29691 1.00000 0.59794 0.63703 0.69725 0.69314 0.61718 0.61509 0.61513 0.85330 0.64568 0.89189 0.75489 0.61674 0.99341 0.67597 0.11175 1.00000 0.69792 0.85412 1.00000 0.63203 0.63314
248.00000 67.00000 0.83334 0.99893 1.00000 0.06027 0.18754 0.32364 0.26094 0.14659 0.14403 0.13720 0.65073 0.30019 0.24324 0.47068 0.13705 0.99341 0.52892 0.36914 0.00000 0.33333 0.65116 1.00000 0.16529 0.16302
248.00000 68.00000 0.83330 0.99762 1.00000 0.06027 0.18552 0.32629 0.25976 0.14659 0.14403 0.13804 0.65077 0.29675 0.24324 0.45277 0.13590 0.99325 0.52080 0.35091 0.00000 0.30208 0.65116 1.00000 0.15741 0.16649
248.00000 69.00000 0.83323 0.99762 1.00000 0.06027 0.18460 0.31201 0.25555 0.14659 0.14403 0.13637 0.65082 0.30046 0.24324 0.45928 0.13737 0.99328 0.54042 0.36552 0.00000 0.31250 0.65116 1.00000 0.16015 0.16250
248.00000 70.00000 0.83332 0.99762 1.00000 0.06027 0.17763 0.32764 0.27803 0.14659 0.14403 0.13465 0.65073 0.29260 0.24324 0.47720 0.13735 0.99336 0.52242 0.35556 0.00000 0.32292 0.65116 1.00000 0.16187 0.16404
248.00000 71.00000 0.99978 0.99762 1.00000 0.00000 0.12377 0.29281 0.25682 0.00000 0.00000 0.00358 0.62732 0.27128 0.24324 0.47964 0.00320 0.99300 0.57448 0.37826 0.00000 0.31250 0.62791 1.00000 0.01337 0.01948
248.00000 72.00000 0.99996 0.99893 1.00000 0.00000 0.13029 0.28780 0.25634 0.00000 0.00063 0.00501 0.62757 0.27662 0.24324 0.47231 0.00292 0.99322 0.56188 0.37778 0.00000 0.29167 0.62791 1.00000 0.01646 0.02242
248.00000 73.00000 0.47627 0.83207 1.00000 0.62699 0.66116 0.67135 0.52927 0.50794 0.50000 0.47380 0.86390 0.60524 0.40541 0.66531 0.47244 0.99344 0.50305 0.31829 0.00000 0.64583 0.86469 1.00000 0.48594 0.49944
248.00000 74.00000 0.47618 0.83135 1.00000 0.62699 0.65960 0.65328 0.55288 0.50794 0.49937 0.47108 0.86400 0.59499 0.40541 0.66612 0.47166 0.99339 0.50862 0.33191 0.00000 0.65625 0.86469 1.00000 0.48525 0.49231
248.00000 75.00000 0.83317 0.99762 1.00000 0.06027 0.18424 0.32559 0.24664 0.14659 0.14403 0.13813 0.65086 0.29388 0.24324 0.46906 0.13656 0.99355 0.51935 0.35607 0.00000 0.31250 0.65116 1.00000 0.16152 0.16659
248.00000 76.00000 0.00006 0.00154 1.00000 1.00000 0.98330 0.93192 0.91012 1.00000 1.00000 0.99465 0.99941 0.87153 1.00000 0.91612 0.99472 0.99319 0.69044 0.02863 1.00000 0.91667 1.00000 1.00000 0.98834 0.98902
248.00000 77.00000 0.83332 0.99762 1.00000 0.06027 0.18571 0.33249 0.27035 0.14659 0.14403 0.13672 0.65065 0.30018 0.24324 0.46336 0.13750 0.99333 0.52709 0.36237 0.00000 0.32292 0.65116 1.00000 0.15809 0.16825
248.00000 78.00000 0.99990 0.99762 1.00000 0.00000 0.12708 0.31459 0.24048 0.00000 0.00000 0.00482 0.62738 0.27689 0.24324 0.47476 0.00246 0.99325 0.56591 0.37884 0.00000 0.28125 0.62791 1.00000 0.02126 0.01702
248.00000 79.00000 0.47621 0.83337 1.00000 0.62699 0.65501 0.64315 0.54568 0.50794 0.49937 0.47227 0.86400 0.59857 0.40541 0.66042 0.47046 0.99352 0.51442 0.32821 0.00000 0.62500 0.86469 1.00000 0.49760 0.49052
248.00000 80.00000 0.99999 0.99846 1.00000 0.00000 0.12864 0.29018 0.24537 0.00000 0.00000 0.00511 0.62725 0.27038 0.24324 0.46906 0.00363 0.99303 0.55950 0.38679 0.00000 0.28125 0.62791 1.00000 0.00789 0.02052
248.00000 81.00000 0.47612 0.83171 1.00000 0.62699 0.66226 0.66141 0.54443 0.50794 0.50000 0.47153 0.86403 0.60246 0.40541 0.66042 0.47193 0.99358 0.49910 0.32403 0.00000 0.64583 0.86469 1.00000 0.49074 0.48892
248.00000 82.00000 0.99979 0.99762 1.00000 0.00000 0.12625 0.31188 0.25942 0.00000 0.00063 0.00463 0.62744 0.27537 0.24324 0.48127 0.00332 0.99303 0.56153 0.37258 0.00000 0.29167 0.62791 1.00000 0.01783 0.02034
248.00000 83.00000 0.59530 0.73860 0.00000 0.23809 0.01028 0.03849 0.06224 0.29318 0.20881 0.09124 0.00129 0.01954 0.02703 0.03827 0.09030 0.00190 0.05662 0.93333 0.00000 0.03125 0.00000 0.00000 0.14163 0.15117
248.00000 84.00000 0.00006 0.00000 1.00000 1.00000 0.98312 0.93127 0.93480 1.00000 1.00000 0.99532 0.99924 0.87053 1.00000 0.92345 0.99536 0.99333 0.69022 0.03046 1.00000 0.92708 1.00000 1.00000 0.98388 0.98592
248.00000 85.00000 0.00003 0.00000 1.00000 1.00000 0.98064 0.93596 0.92757 1.00000 1.00000 0.99530 0.99935 0.87246 1.00000 0.91287 0.99442 0.99330 0.68489 0.02578 1.00000 0.94792 1.00000 1.00000 0.98525 0.97639
248.00000 86.00000 0.23804 0.29691 1.00000 0.59794 0.63226 0.69069 0.66825 0.61718 0.61509 0.61441 0.85334 0.65091 0.89189 0.73534 0.61431 0.99352 0.68970 0.12405 1.00000 0.68750 0.85412 1.00000 0.63409 0.63215
248.00000 87.00000 0.00001 0.00000 1.00000 1.00000 0.98009 0.93396 0.91941 1.00000 1.00000 0.99251 0.99935 0.86726 1.00000 0.91612 0.99483 0.99350 0.69455 0.03500 1.00000 0.94792 1.00000 1.00000 0.98560 0.98108
248.00000 88.00000 0.83333 0.99810 1.00000 0.06027 0.18681 0.34024 0.25502 0.14659 0.14403 0.13734 0.65073 0.29792 0.24324 0.44951 0.13763 0.99319 0.51933 0.35937 0.00000 0.30208 0.65116 1.00000 0.15981 0.16465
248.00000 89.00000 0.59520 0.73634 0.00000 0.23809 0.01009 0.04887 0.05948 0.29318 0.20881 0.09136 0.00139 0.02224 0.02703 0.04560 0.09050 0.00187 0.07400 0.94156 0.00000 0.05208 0.00000 0.00000 0.14438 0.13751
248.00000 90.00000 0.47627 0.83266 1.00000 0.62699 0.66190 0.66071 0.55252 0.50794 0.50000 0.47341 0.86403 0.60893 0.40541 0.67752 0.47143 0.99341 0.51742 0.32535 0.00000 0.65625 0.86469 1.00000 0.48697 0.49139
248.00000 91.00000 0.99977 0.99762 1.00000 0.00000 0.13313 0.29240 0.23904 0.00000 0.00063 0.00482 0.62725 0.27166 0.24324 0.48046 0.00421 0.99300 0.55855 0.37782 0.00000 0.30208 0.62791 1.00000 0.00823 0.02069
248.00000 92.00000 0.00001 0.00000 1.00000 1.00000 0.98101 0.92588 0.92558 1.00000 1.00000 0.99480 0.99937 0.87113 1.00000 0.91042 0.99576 0.99344 0.69339 0.03372 1.00000 0.93750 1.00000 1.00000 0.98560 0.98493
248.00000 93.00000 0.23801 0.29691 1.00000 0.59794 0.63584 0.70413 0.67532 0.61718 0.61572 0.61353 0.85330 0.64648 0.89189 0.75489 0.61471 0.99347 0.66740 0.10750 1.00000 0.69792 0.85412 1.00000 0.62620 0.62943
248.00000 94.00000 0.23820 0.29810 1.00000 0.59794 0.63198 0.70205 0.67973 0.61718 0.61509 0.61603 0.85332 0.64338 0.89189 0.75163 0.61456 0.99350 0.66985 0.11852 1.00000 0.67708 0.85412 1.00000 0.63306 0.63448
248.00000 95.00000 0.00005 0.00059 1.00000 1.00000 0.97981 0.93615 0.92502 1.00000 1.00000 0.99396 0.99941 0.87203 1.00000 0.92427 0.99353 0.99344 0.68073 0.03273 1.00000 0.92708 1.00000 1.00000 0.98354 0.98505
248.00000 96.00000 0.00004 0.00048 1.00000 1.00000 0.98642 0.93477 0.92303 1.00000 1.00000 0.99420 0.99932 0.87321 1.00000 0.91124 0.99668 0.99339 0.69120 0.03628 1.00000 0.91667 1.00000 1.00000 0.98011 0.98340
248.00000 97.00000 0.23805 0.29691 1.00000 0.59794 0.63391 0.69728 0.67905 0.61718 0.61572 0.61587 0.85328 0.64292 0.89189 0.75570 0.61580 0.99358 0.68165 0.10614 1.00000 0.69792 0.85412 1.00000 0.63272 0.63629
248.00000 98.00000 0.47622 0.83135 1.00000 0.62699 0.65969 0.64944 0.56494 0.50794 0.49937 0.47146 0.86407 0.59548 0.40541 0.67671 0.47168 0.99336 0.50859 0.31898 0.00000 0.63542 0.86469 1.00000 0.48971 0.49294
248.00000 99.00000 0.83328 0.99762 1.00000 0.06027 0.18424 0.33298 0.24785 0.14659 0.14403 0.13598 0.65067 0.30240 0.24324 0.46254 0.13682 0.99344 0.52006 0.35680 0.00000 0.32292 0.65116 1.00000 0.16324 0.15860
248.00000 100.00000 0.00005 0.00166 1.00000 1.00000 0.98303 0.96275 0.93063 1.00000 1.00000 0.99427 0.99935 0.87425 1.00000 0.90961 0.99559 0.99352 0.68332 0.02413 1.00000 0.95833 1.00000 1.00000 0.98731 0.97858
248.00000 101.00000 0.99979 0.99762 1.00000 0.00000 0.12909 0.30226 0.24481 0.00000 0.00063 0.00582 0.62734 0.27601 0.24324 0.47883 0.00322 0.99317 0.56105 0.38254 0.00000 0.29167 0.62791 1.00000 0.01749 0.01602
248.00000 102.00000 0.59520 0.73634 0.00000 0.23809 0.01697 0.05775 0.05526 0.29318 0.20881 0.09159 0.00131 0.02460 0.02703 0.04805 0.08984 0.00190 0.07952 0.94896 0.00000 0.03125 0.00000 0.00000 0.14472 0.14362
248.00000 103.00000 0.23807 0.29691 1.00000 0.59794 0.63758 0.70977 0.69104 0.61718 0.61509 0.61539 0.85338 0.64543 0.89189 0.74349 0.61479 0.99369 0.70348 0.10885 1.00000 0.70833 0.85412 1.00000 0.62723 0.63376
248.00000 104.00000 0.99979 1.00000 1.00000 0.00000 0.13084 0.30819 0.25013 0.00000 0.00063 0.00420 0.62742 0.27664 0.24324 0.47394 0.00340 0.99317 0.56738 0.38602 0.00000 0.30208 0.62791 1.00000 0.01852 0.01726
248.00000 105.00000 0.23805 0.29774 1.00000 0.59794 0.63455 0.71204 0.67812 0.61718 0.61509 0.61326 0.85334 0.64722 0.89189 0.73290 0.61387 0.99355 0.67925 0.12386 1.00000 0.67708 0.85412 1.00000 0.62963 0.63156
248.00000 106.00000 0.59522 0.73705 0.00000 0.23809 0.01018 0.04738 0.06217 0.29318 0.20881 0.09004 0.00131 0.01898 0.02703 0.04316 0.09144 0.00174 0.08238 0.94775 0.00000 0.02083 0.00000 0.00000 0.14026 0.14201
248.00000 107.00000 0.59514 0.73634 0.00000 0.23809 0.01083 0.04229 0.07098 0.29318 0.20881 0.09410 0.00116 0.02297 0.02703 0.05212 0.09050 0.00165 0.07086 0.93270 0.00000 0.03125 0.00000 0.00000 0.14026 0.14590
248.00000 108.00000 0.00001 0.00083 1.00000 1.00000 0.98101 0.94601 0.93638 1.00000 1.00000 0.99375 0.99939 0.86747 1.00000 0.93322 0.99675 0.99328 0.69786 0.04482 1.00000 0.93750 1.00000 1.00000 0.98560 0.98356
248.00000 109.00000 0.83317 0.99762 1.00000 0.06027 0.18598 0.33352 0.26453 0.14659 0.14403 0.13761 0.65088 0.29637 0.24324 0.48127 0.13806 0.99341 0.51559 0.35197 0.00000 0.31250 0.65116 1.00000 0.16187 0.16520
248.00000 110.00000 0.99997 0.99762 1.00000 0.00000 0.13322 0.30752 0.23172 0.00000 0.00063 0.00391 0.62749 0.27559 0.24324 0.49023 0.00358 0.99317 0.56660 0.38038 0.00000 0.29167 0.62791 1.00000 0.01715 0.02163
248.00000 111.00000 0.83326 0.99762 1.00000 0.06027 0.18424 0.31740 0.25466 0.14659 0.14403 0.13906 0.65077 0.30270 0.24324 0.46824 0.13557 0.99361 0.53118 0.36870 0.00000 0.31250 0.65116 1.00000 0.16392 0.16510
248.00000 112.00000 1.00000 0.99762 1.00000 0.00000 0.12827 0.29549 0.23923 0.00000 0.00063 0.00437 0.62742 0.26999 0.24324 0.47313 0.00332 0.99317 0.56177 0.37917 0.00000 0.27083 0.62791 1.00000 0.02023 0.02146
248.00000 113.00000 0.23805 0.29691 1.00000 0.59794 0.63501 0.70557 0.68498 0.61718 0.61509 0.61429 0.85334 0.65594 0.89189 0.73371 0.61504 0.99347 0.67489 0.12017 1.00000 0.68750 0.85412 1.00000 0.62929 0.63466
248.00000 114.00000 0.59519 0.73729 0.00000 0.23809 0.01358 0.04340 0.07368 0.29318 0.20881 0.09393 0.00122 0.02259 0.02703 0.05293 0.08969 0.00185 0.05967 0.93611 0.00000 0.04167 0.00000 0.00000 0.14506 0.15292
248.00000 115.00000 0.99994 0.99762 1.00000 0.00000 0.12781 0.30708 0.24561 0.00000 0.00063 0.00499 0.62730 0.27302 0.24324 0.49023 0.00320 0.99322 0.56562 0.37841 0.00000 0.30208 0.62791 1.00000 0.01269 0.01828
248.00000 116.00000 0.99986 0.99762 1.00000 0.00000 0.12671 0.28287 0.24924 0.00000 0.00063 0.00396 0.62751 0.27864 0.24324 0.47720 0.00190 0.99319 0.56998 0.39067 0.00000 0.27083 0.62791 1.00000 0.01749 0.01488
248.00000 117.00000 0.99989 0.99929 1.00000 0.00000 0.13203 0.28956 0.22734 0.00000 0.00063 0.00415 0.62736 0.27305 0.24324 0.47638 0.00375 0.99319 0.56008 0.38100 0.00000 0.28125 0.62791 1.00000 0.01578 0.01989
248.00000 118.00000 0.99980 0.99762 1.00000 0.00000 0.12763 0.29633 0.23160 0.00000 0.00063 0.00463 0.62732 0.27592 0.24324 0.48534 0.00530 0.99314 0.56700 0.37244 0.00000 0.31250 0.62791 1.00000 0.01063 0.02137
248.00000 119.00000 0.83324 0.99941 1.00000 0.06027 0.18580 0.33444 0.24751 0.14659 0.14403 0.13668 0.65069 0.30236 0.24324 0.49104 0.13654 0.99344 0.51450 0.36197 0.00000 0.33333 0.65116 1.00000 0.16529 0.16215
248.00000 120.00000 0.83335 0.99762 1.00000 0.06027 0.18717 0.33146 0.26154 0.14659 0.14403 0.13625 0.65088 0.30017 0.24324 0.47231 0.13727 0.99325 0.52349 0.37174 0.00000 0.32292 0.65116 1.00000 0.15844 0.16798
248.00000 121.00000 0.83315 0.99762 1.00000 0.06027 0.18607 0.31659 0.25925 0.14659 0.14403 0.13813 0.65073 0.29473 0.24324 0.48046 0.13603 0.99322 0.51916 0.36786 0.00000 0.31250 0.65116 1.00000 0.15569 0.16470
248.00000 122.00000 0.23801 0.29703 1.00000 0.59794 0.63721 0.69869 0.67176 0.61718 0.61572 0.61637 0.85338 0.65557 0.89189 0.73941 0.61479 0.99350 0.68575 0.12474 1.00000 0.68750 0.85412 1.00000 0.63443 0.63249
248.00000 123.00000 0.99989 0.99762 1.00000 0.00000 0.12570 0.29530 0.24857 0.00000 0.00063 0.00430 0.62734 0.27889 0.24324 0.48453 0.00401 0.99311 0.56838 0.38079 0.00000 0.29167 0.62791 1.00000 0.00857 0.02173
248.00000 124.00000 0.23824 0.29691 1.00000 0.59794 0.63731 0.70056 0.70175 0.61718 0.61509 0.61283 0.85336 0.64272 0.89189 0.75081 0.61433 0.99361 0.67423 0.12174 1.00000 0.69792 0.85412 1.00000 0.62620 0.63258
248.00000 125.00000 0.99990 0.99762 1.00000 0.00000 0.13185 0.29988 0.25256 0.00000 0.00063 0.00401 0.62757 0.26965 0.24324 0.46661 0.00304 0.99333 0.57778 0.36676 0.00000 0.27083 0.62791 1.00000 0.01372 0.02097
248.00000 126.00000 0.59510 0.73634 0.00000 0.23809 0.00706 0.03844 0.06879 0.29318 0.20881 0.09226 0.00133 0.01877 0.02703 0.02524 0.08906 0.00174 0.07800 0.94014 0.00000 0.05208 0.00000 0.00000 0.14266 0.14468
248.00000 127.00000 0.59520 0.73765 0.00000 0.23809 0.01459 0.05226 0.06629 0.29318 0.20881 0.09264 0.00129 0.02194 0.02703 0.04886 0.08966 0.00174 0.07426 0.94585 0.00000 0.03125 0.00000 0.00000 0.13992 0.14272
248.00000 128.00000 0.00003 0.00000 1.00000 1.00000 0.98715 0.93780 0.92748 1.00000 1.00000 0.99320 0.99949 0.86947 1.00000 0.92752 0.99531 0.99344 0.70317 0.03361 1.00000 0.92708 1.00000 1.00000 0.97874 0.98351
248.00000 129.00000 0.83327 0.99834 1.00000 0.06027 0.18956 0.33981 0.24922 0.14659 0.14403 0.13663 0.65084 0.30101 0.24324 0.47964 0.13598 0.99339 0.54115 0.36310 0.00000 0.32292 0.65116 1.00000 0.15878 0.15958
248.00000 130.00000 0.59527 0.73634 0.00000 0.23809 0.01184 0.07490 0.06646 0.29318 0.20881 0.09207 0.00131 0.02223 0.02703 0.02443 0.09116 0.00187 0.05917 0.93666 0.00000 0.04167 0.00000 0.00000 0.13957 0.14487
248.00000 131.00000 0.59530 0.73824 0.00000 0.23809 0.01257 0.05542 0.05110 0.29318 0.20818 0.09291 0.00127 0.02203 0.02703 0.05130 0.09032 0.00176 0.08283 0.93182 0.00000 0.03125 0.00000 0.00000 0.13855 0.14683
248.00000 132.00000 0.83322 0.99762 1.00000 0.06027 0.18938 0.32916 0.26802 0.14659 0.14403 0.13789 0.65077 0.29663 0.24324 0.44707 0.13654 0.99347 0.53156 0.36603 0.00000 0.32292 0.65116 1.00000 0.16084 0.16372
248.00000 133.00000 0.99982 0.99893 1.00000 0.00000 0.13047 0.30725 0.26455 0.00000 0.00063 0.00449 0.62744 0.27610 0.24324 0.48371 0.00322 0.99330 0.57705 0.38606 0.00000 0.29167 0.62791 1.00000 0.02160 0.02241
248.00000 134.00000 0.23810 0.29691 1.00000 0.59794 0.63621 0.70072 0.69261 0.61718 0.61509 0.61431 0.85355 0.65391 0.89189 0.75244 0.61476 0.99352 0.67013 0.12434 1.00000 0.69792 0.85412 1.00000 0.62826 0.63601
248.00000 135.00000 0.23820 0.29691 1.00000 0.59794 0.63446 0.69319 0.68789 0.61718 0.61509 0.61386 0.85343 0.64944 0.89189 0.75489 0.61451 0.99369 0.66880 0.12189 1.00000 0.67708 0.85412 1.00000 0.62894 0.62686
248.00000 136.00000 0.47624 0.83135 1.00000 0.62699 0.66199 0.68525 0.55370 0.50794 0.50000 0.47344 0.86407 0.60402 0.40541 0.65798 0.47062 0.99355 0.51935 0.32334 0.00000 0.66667 0.86469 1.00000 0.48422 0.49429
248.00000 137.00000 0.59523 0.73634 0.00000 0.23809 0.01211 0.04242 0.06752 0.29318 0.20881 0.09131 0.00125 0.02600 0.02703 0.02443 0.09020 0.00185 0.08252 0.94241 0.00000 0.05208 0.00000 0.00000 0.14369 0.14867
248.00000 138.00000 0.00002 0.00000 1.00000 1.00000 0.98835 0.92756 0.93532 1.00000 1.00000 0.99272 0.99943 0.87534 1.00000 0.92671 0.99470 0.99339 0.68391 0.04518 1.00000 0.95833 1.00000 1.00000 0.98011 0.98392
248.00000 139.00000 0.99997 0.99762 1.00000 0.00000 0.13056 0.33759 0.26741 0.00000 0.00000 0.00365 0.62751 0.27726 0.24324 0.49023 0.00282 0.99322 0.56400 0.38013 0.00000 0.30208 0.62791 1.00000 0.00960 0.02048
248.00000 140.00000 0.99996 0.99929 1.00000 0.00000 0.13487 0.30148 0.25699 0.00000 0.00063 0.00487 0.62747 0.27416 0.24324 0.50163 0.00287 0.99319 0.57826 0.38727 0.00000 0.30208 0.62791 1.00000 0.01543 0.01188
248.00000 141.00000 0.47617 0.83135 1.00000 0.62699 0.66098 0.65813 0.56650 0.50794 0.50000 0.47186 0.86411 0.60441 0.40541 0.66205 0.47087 0.99350 0.50183 0.33271 0.00000 0.64583 0.86469 1.00000 0.49554 0.49985
248.00000 142.00000 0.47606 0.83135 1.00000 0.62699 0.66079 0.64050 0.53979 0.50794 0.50000 0.47205 0.86403 0.60019 0.37838 0.66775 0.47237 0.99355 0.50864 0.32231 0.00000 0.66667 0.86469 1.00000 0.48834 0.49082
248.00000 143.00000 0.00002 0.00000 1.00000 1.00000 0.98514 0.95221 0.93424 1.00000 1.00000 0.99442 0.99939 0.87251 1.00000 0.92182 0.99551 0.99339 0.70465 0.04379 1.00000 0.93750 1.00000 1.00000 0.97737 0.98848
248.00000 144.00000 0.59508 0.73634 0.00000 0.23809 0.00771 0.02839 0.07565 0.29318 0.20881 0.09176 0.00139 0.02227 0.02703 0.03176 0.08898 0.00201 0.07205 0.94468 0.00000 0.07292 0.00000 0.00000 0.13683 0.14273
248.00000 145.00000 0.99990 0.99869 1.00000 0.00000 0.13120 0.31692 0.25485 0.00000 0.00063 0.00549 0.62742 0.27417 0.24324 0.47801 0.00213 0.99311 0.57293 0.38620 0.00000 0.29167 0.62791 1.00000 0.02092 0.01833
248.00000 146.00000 0.83318 0.99857 1.00000 0.06027 0.18708 0.35273 0.26084 0.14659 0.14403 0.13713 0.65090 0.30211 0.24324 0.48290 0.13788 0.99352 0.53651 0.36903 0.00000 0.33333 0.65116 1.00000 0.16392 0.16340
248.00000 147.00000 0.23806 0.29881 1.00000 0.59794 0.63813 0.70773 0.67985 0.61718 0.61509 0.61489 0.85332 0.64648 0.89189 0.75814 0.61494 0.99350 0.67325 0.11694 1.00000 0.69792 0.85412 1.00000 0.62929 0.63268
248.00000 148.00000 0.23807 0.29691 1.00000 0.59794 0.63529 0.70264 0.70729 0.61718 0.61509 0.61553 0.85338 0.65253 0.89189 0.75570 0.61474 0.99363 0.67804 0.11812 1.00000 0.70833 0.85412 1.00000 0.63340 0.62792
248.00000 149.00000 0.59513 0.73634 0.00000 0.23809 0.01303 0.05700 0.04756 0.29318 0.20881 0.09286 0.00131 0.01856 0.02703 0.04886 0.08938 0.00176 0.07036 0.93885 0.00000 0.04167 0.00000 0.00000 0.13683 0.14478
248.00000 150.00000 0.99996 0.99964 1.00000 0.00000 0.13460 0.30578 0.24835 0.00000 0.00000 0.00379 0.62753 0.28044 0.24324 0.49919 0.00304 0.99328 0.56212 0.37797 0.00000 0.30208 0.62791 1.00000 0.01269 0.02213
248.00000 151.00000 0.47609 0.83361 1.00000 0.62699 0.66171 0.65767 0.54056 0.50794 0.50000 0.46976 0.86415 0.60289 0.40541 0.66938 0.47001 0.99363 0.51688 0.33227 0.00000 0.66667 0.86469 1.00000 0.48971 0.49538
248.00000 152.00000 0.59524 0.73646 0.00000 0.23809 0.01954 0.04854 0.07830 0.29318 0.20881 0.09023 0.00118 0.02575 0.02703 0.06433 0.09007 0.00187 0.06381 0.94347 0.00000 0.04167 0.00000 0.00000 0.14198 0.14172
248.00000 153.00000 0.23805 0.29786 1.00000 0.59794 0.63547 0.70440 0.69754 0.61718 0.61509 0.61231 0.85343 0.65257 0.89189 0.76384 0.61497 0.99355 0.69482 0.11991 1.00000 0.69792 0.85412 1.00000 0.62449 0.62696
248.00000 154.00000 0.47617 0.83171 1.00000 0.62699 0.66382 0.64676 0.55652 0.50794 0.50000 0.47158 0.86422 0.60897 0.40541 0.68404 0.47153 0.99358 0.52435 0.33088 0.00000 0.64583 0.86469 1.00000 0.49074 0.49676
248.00000 155.00000 0.59520 0.73729 0.00000 0.23809 0.01431 0.06101 0.06357 0.29318 0.20881 0.09193 0.00125 0.02102 0.02703 0.05130 0.08946 0.00187 0.08262 0.94061 0.00000 0.05208 0.00000 0.00000 0.13855 0.14682
248.00000 156.00000 0.83332 0.99869 1.00000 0.06027 0.18956 0.34934 0.26140 0.14659 0.14403 0.13534 0.65084 0.30435 0.24324 0.46987 0.13540 0.99363 0.53775 0.36544 0.00000 0.32292 0.65116 1.00000 0.16221 0.16431
248.00000 157.00000 0.99992 0.99976 1.00000 0.00000 0.13377 0.30161 0.24371 0.00000 0.00000 0.00327 0.62736 0.27718 0.24324 0.47638 0.00297 0.99319 0.56703 0.38251 0.00000 0.29167 0.62791 1.00000 0.01029 0.01554
248.00000 158.00000 0.83332 0.99857 1.00000 0.06027 0.18525 0.35205 0.27567 0.14659 0.14403 0.13754 0.65088 0.30198 0.24324 0.47313 0.13590 0.99341 0.52523 0.36614 0.00000 0.33333 0.65116 1.00000 0.16255 0.16012
248.00000 159.00000 0.83318 0.99929 1.00000 0.06027 0.19066 0.34569 0.25723 0.14659 0.14403 0.13761 0.65094 0.30365 0.24324 0.47394 0.13636 0.99352 0.53446 0.36438 0.00000 0.31250 0.65116 1.00000 0.15398 0.16290
248.00000 160.00000 0.00003 0.00000 1.00000 1.00000 0.98615 0.93954 0.93263 1.00000 1.00000 0.99289 0.99956 0.87751 1.00000 0.92915 0.99602 0.99361 0.69767 0.04189 1.00000 0.94792 1.00000 1.00000 0.97805 0.98299
248.00000 161.00000 0.00002 0.00143 1.00000 1.00000 0.98550 0.95677 0.94734 1.00000 1.00000 0.99356 0.99954 0.87873 1.00000 0.92427 0.99341 0.99350 0.68848 0.04602 1.00000 0.94792 1.00000 1.00000 0.98731 0.97346
248.00000 162.00000 0.47614 0.83135 1.00000 0.62699 0.66107 0.64185 0.55466 0.50794 0.50000 0.47170 0.86417 0.59856 0.40541 0.67915 0.47166 0.99366 0.51478 0.32619 0.00000 0.65625 0.86469 1.00000 0.48765 0.49168
248.00000 163.00000 0.83324 0.99929 1.00000 0.06027 0.18626 0.34558 0.25788 0.14659 0.14403 0.13789 0.65084 0.29967 0.24324 0.46824 0.13626 0.99355 0.52925 0.37247 0.00000 0.33333 0.65116 1.00000 0.15741 0.16222
248.00000 164.00000 0.99987 0.99917 1.00000 0.00000 0.13212 0.30565 0.25160 0.00000 0.00000 0.00336 0.62736 0.27758 0.24324 0.49104 0.00391 0.99317 0.58483 0.39931 0.00000 0.30208 0.62791 1.00000 0.00857 0.01330
248.00000 165.00000 0.83333 0.99822 1.00000 0.06027 0.18626 0.34184 0.25950 0.14659 0.14403 0.13763 0.65090 0.30052 0.24324 0.47476 0.13611 0.99341 0.53435 0.36929 0.00000 0.32292 0.65116 1.00000 0.16255 0.16256
248.00000 166.00000 0.83332 0.99762 1.00000 0.06027 0.18818 0.34723 0.26624 0.14659 0.14403 0.13870 0.65092 0.30353 0.24324 0.47964 0.13633 0.99347 0.52718 0.37555 0.00000 0.33333 0.65116 1.00000 0.16015 0.15895
248.00000 167.00000 0.83329 0.99762 1.00000 0.06027 0.19249 0.34542 0.27514 0.14659 0.14403 0.13990 0.65103 0.30671 0.24324 0.49104 0.13743 0.99372 0.54296 0.36413 0.00000 0.33333 0.65116 1.00000 0.15947 0.16000
248.00000 168.00000 0.23805 0.29751 1.00000 0.59794 0.64263 0.71489 0.70447 0.61718 0.61572 0.61193 0.85349 0.65252 0.89189 0.75244 0.61372 0.99355 0.67042 0.12211 1.00000 0.68750 0.85412 1.00000 0.63580 0.62979
248.00000 169.00000 0.59517 0.73634 0.00000 0.23809 0.01780 0.05318 0.07433 0.29318 0.20881 0.09260 0.00137 0.02411 0.02703 0.05700 0.08867 0.00187 0.06395 0.94515 0.00000 0.06250 0.00000 0.00000 0.14026 0.14141
248.00000 170.00000 0.23811 0.29762 1.00000 0.59794 0.63932 0.70516 0.70965 0.61718 0.61572 0.61391 0.85345 0.65262 0.89189 0.76954 0.61405 0.99369 0.67475 0.13760 1.00000 0.68750 0.85412 1.00000 0.62723 0.62999
248.00000 171.00000 0.00003 0.00000 1.00000 1.00000 0.98284 0.95100 0.94341 1.00000 1.00000 0.99406 0.99945 0.88165 1.00000 0.92020 0.99460 0.99341 0.71338 0.04185 1.00000 0.94792 1.00000 1.00000 0.97668 0.98237
248.00000 172.00000 0.00004 0.00214 1.00000 1.00000 0.99055 0.96622 0.94984 1.00000 1.00000 0.99439 0.99939 0.87535 1.00000 0.94544 0.99328 0.99341 0.69674 0.03211 1.00000 0.95833 1.00000 1.00000 0.97908 0.98211
248.00000 173.00000 0.83332 0.99905 1.00000 0.06027 0.18928 0.31570 0.27338 0.14659 0.14403 0.13644 0.65086 0.29823 0.24324 0.49104 0.13542 0.99355 0.53615 0.37332 0.00000 0.32292 0.65116 1.00000 0.15501 0.16816
248.00000 174.00000 0.23814 0.29691 1.00000 0.59794 0.63868 0.70210 0.69032 0.61718 0.61572 0.61431 0.85353 0.65507 0.89189 0.76629 0.61446 0.99363 0.68470 0.12906 1.00000 0.70833 0.85412 1.00000 0.62894 0.62887
248.00000 175.00000 0.83326 0.99786 1.00000 0.06027 0.18938 0.33805 0.26132 0.14659 0.14403 0.13742 0.65082 0.30116 0.24324 0.47883 0.13633 0.99363 0.51868 0.36705 0.00000 0.32292 0.65116 1.00000 0.15878 0.16392
248.00000 176.00000 0.47624 0.83207 1.00000 0.62699 0.66639 0.64085 0.56289 0.50794 0.50000 0.47224 0.86419 0.60094 0.37838 0.67590 0.46965 0.99377 0.52118 0.34450 1.00000 0.64583 0.86469 1.00000 0.48148 0.49726
248.00000 177.00000 0.59527 0.73777 0.00000 0.23809 0.01468 0.04868 0.06612 0.29318 0.20881 0.09231 0.00144 0.02381 0.02703 0.05130 0.08949 0.00198 0.06974 0.95738 0.00000 0.03125 0.00000 0.00000 0.13649 0.14742
248.00000 178.00000 0.23814 0.29751 1.00000 0.59794 0.63795 0.73201 0.70125 0.61718 0.61572 0.61443 0.85349 0.65054 0.89189 0.77687 0.61387 0.99372 0.68484 0.13675 1.00000 0.69792 0.85412 1.00000 0.62860 0.63471
248.00000 179.00000 0.00003 0.00166 1.00000 1.00000 0.98633 0.93783 0.94315 1.00000 1.00000 0.99501 0.99939 0.87593 1.00000 0.93404 0.99442 0.99361 0.69022 0.05477 1.00000 0.94792 1.00000 1.00000 0.97942 0.98106
248.00000 180.00000 0.00007 0.00048 1.00000 1.00000 0.98615 0.95026 0.95607 1.00000 1.00000 0.99234 0.99947 0.87742 1.00000 0.93160 0.99356 0.99355 0.69977 0.04185 1.00000 0.94792 1.00000 1.00000 0.97428 0.98288
248.00000 181.00000 0.00000 0.00012 1.00000 1.00000 0.98248 0.94796 0.93857 1.00000 1.00000 0.99129 0.99941 0.87631 1.00000 0.94625 0.99434 0.99358 0.68265 0.03863 1.00000 0.95833 1.00000 1.00000 0.97188 0.97950
248.00000 182.00000 0.83332 0.99762 1.00000 0.06027 0.19103 0.34485 0.27403 0.14659 0.14403 0.13541 0.65086 0.30645 0.24324 0.47231 0.13628 0.99363 0.54196 0.37888 0.00000 0.34375 0.65116 1.00000 0.15844 0.16259
248.00000 183.00000 0.00006 0.00202 1.00000 1.00000 0.98174 0.94298 0.94505 1.00000 1.00000 0.99181 0.99951 0.88502 1.00000 0.94300 0.99422 0.99355 0.70331 0.05283 1.00000 0.94792 1.00000 1.00000 0.97908 0.97778
248.00000 184.00000 0.00005 0.00000 1.00000 1.00000 0.98963 0.94501 0.93027 1.00000 1.00000 0.99179 0.99947 0.87936 1.00000 0.93567 0.99396 0.99341 0.70279 0.04972 1.00000 0.95833 1.00000 1.00000 0.97977 0.97436
248.00000 185.00000 0.99978 0.99952 1.00000 0.00000 0.13864 0.31578 0.25576 0.00000 0.00063 0.00255 0.62753 0.27229 0.24324 0.50163 0.00360 0.99328 0.57445 0.39030 0.00000 0.30208 0.62791 1.00000 0.01029 0.02828
248.00000 186.00000 0.23816 0.29917 1.00000 0.59794 0.64143 0.71163 0.69576 0.61718 0.61509 0.61412 0.85366 0.64772 0.89189 0.76954 0.61433 0.99396 0.69396 0.13060 1.00000 0.70833 0.85412 1.00000 0.62174 0.62536
248.00000 187.00000 0.99989 0.99857 1.00000 0.00000 0.13487 0.28839 0.25492 0.00000 0.00000 0.00475 0.62751 0.27628 0.24324 0.50407 0.00342 0.99333 0.58269 0.38324 0.00000 0.30208 0.62791 1.00000 0.01406 0.01908
248.00000 188.00000 0.47618 0.83135 1.00000 0.62699 0.67327 0.66764 0.56624 0.50794 0.50000 0.47086 0.86424 0.60191 0.37838 0.67590 0.46965 0.99383 0.51192 0.33959 1.00000 0.64583 0.86469 1.00000 0.48697 0.48982
248.00000 189.00000 0.59526 0.73634 0.00000 0.23809 0.01083 0.06929 0.07113 0.29318 0.20881 0.09295 0.00150 0.02931 0.02703 0.07003 0.09042 0.00201 0.07064 0.97192 0.00000 0.04167 0.00000 0.00000 0.13855 0.14361
248.00000 190.00000 0.47621 0.83135 1.00000 0.62699 0.66144 0.67265 0.55705 0.50794 0.50000 0.46969 0.86424 0.60941 0.40541 0.68567 0.46876 0.99383 0.53049 0.34245 1.00000 0.66667 0.86469 1.00000 0.49005 0.48456
248.00000 191.00000 0.23810 0.29691 1.00000 0.59794 0.64419 0.71429 0.71025 0.61718 0.61572 0.61472 0.85355 0.65155 0.89189 0.78664 0.61258 0.99394 0.69444 0.13404 1.00000 0.70833 0.85412 1.00000 0.62620 0.63066
248.00000 192.00000 0.00007 0.00166 1.00000 1.00000 0.98147 0.94728 0.95080 1.00000 1.00000 0.99274 0.99949 0.87834 1.00000 0.93730 0.99361 0.99363 0.70086 0.05412 1.00000 0.94792 1.00000 1.00000 0.98148 0.97608
248.00000 193.00000 0.23824 0.29691 1.00000 0.59794 0.64611 0.71012 0.71015 0.61718 0.61572 0.61393 0.85362 0.65564 0.89189 0.76629 0.61306 0.99385 0.69765 0.13939 1.00000 0.71875 0.85412 1.00000 0.62723 0.62858
248.00000 194.00000 0.00004 0.00000 1.00000 1.00000 0.98991 0.94395 0.94916 1.00000 1.00000 0.98964 0.99960 0.88524 1.00000 0.94055 0.99460 0.99347 0.70148 0.04910 1.00000 0.96875 1.00000 1.00000 0.98251 0.97559
248.00000 195.00000 0.23809 0.29762 1.00000 0.59794 0.64171 0.70112 0.71049 0.61718 0.61572 0.61181 0.85360 0.65253 0.89189 0.75733 0.61268 0.99394 0.68732 0.12928 1.00000 0.69792 0.85412 1.00000 0.62209 0.63033
248.00000 196.00000 0.00000 0.00166 1.00000 1.00000 0.98688 0.93751 0.95973 1.00000 1.00000 0.99313 0.99958 0.88428 1.00000 0.93648 0.99434 0.99363 0.69565 0.05020 1.00000 0.94792 1.00000 1.00000 0.97805 0.97562
248.00000 197.00000 0.99980 0.99786 1.00000 0.00000 0.13139 0.29893 0.28224 0.00000 0.00063 0.00322 0.62742 0.28029 0.24324 0.50326 0.00266 0.99328 0.56726 0.40722 0.00000 0.30208 0.62791 1.00000 0.00754 0.01337
248.00000 198.00000 0.47617 0.83230 1.00000 0.62699 0.66318 0.68403 0.58249 0.50794 0.50000 0.46952 0.86419 0.60624 0.40541 0.68322 0.47029 0.99377 0.52347 0.35406 1.00000 0.66667 0.86469 1.00000 0.48217 0.49234
248.00000 199.00000 0.99987 0.99964 1.00000 0.00000 0.13350 0.29671 0.26299 0.00000 0.00000 0.00291 0.62744 0.28392 0.24324 0.50896 0.00129 0.99350 0.57916 0.39825 0.00000 0.31250 0.62791 1.00000 0.01132 0.01641
248.00000 200.00000 0.99995 0.99762 1.00000 0.00000 0.13763 0.32271 0.26566 0.00000 0.00063 0.00403 0.62751 0.28048 0.24324 0.49104 0.00200 0.99344 0.57943 0.39620 0.00000 0.28125 0.62791 1.00000 0.01235 0.01837
248.00000 201.00000 0.59513 0.73634 0.00000 0.23809 0.01385 0.05220 0.08369 0.29318 0.20881 0.09078 0.00152 0.02895 0.02703 0.05945 0.09048 0.00196 0.07666 0.96145 0.00000 0.06250 0.00000 0.00000 0.14026 0.13837
248.00000 202.00000 0.83333 0.99929 1.00000 0.06027 0.18919 0.33713 0.27738 0.14659 0.14403 0.13653 0.65099 0.30441 0.24324 0.48453 0.13476 0.99374 0.53813 0.37778 0.00000 0.33333 0.65116 1.00000 0.15295 0.16151
248.00000 203.00000 0.99992 0.99798 1.00000 0.00000 0.13185 0.32001 0.27177 0.00000 0.00063 0.00408 0.62751 0.28424 0.24324 0.50489 0.00200 0.99336 0.58169 0.39902 0.00000 0.32292 0.62791 1.00000 0.00377 0.01704
248.00000 204.00000 0.47617 0.83135 1.00000 0.62699 0.66511 0.64348 0.56453 0.50794 0.50000 0.46900 0.86430 0.60465 0.37838 0.68322 0.46907 0.99377 0.51726 0.34256 1.00000 0.64583 0.86469 1.00000 0.48457 0.48811
248.00000 205.00000 0.23803 0.29691 1.00000 0.59794 0.63520 0.73252 0.71971 0.61718 0.61572 0.61400 0.85360 0.65841 0.89189 0.78176 0.61367 0.99377 0.68587 0.15059 1.00000 0.71875 0.85412 1.00000 0.62791 0.62498
248.00000 206.00000 0.23809 0.29691 1.00000 0.59794 0.64355 0.73000 0.72994 0.61718 0.61572 0.61269 0.85379 0.65664 0.89189 0.78420 0.61268 0.99408 0.68929 0.13529 1.00000 0.71875 0.85412 1.00000 0.62414 0.62846
248.00000 207.00000 0.23811 0.29929 1.00000 0.59794 0.64180 0.71857 0.71155 0.61718 0.61572 0.61424 0.85372 0.65663 0.89189 0.77850 0.61306 0.99402 0.69505 0.14206 1.00000 0.70833 0.85412 1.00000 0.62517 0.62689
248.00000 208.00000 0.59531 0.73682 0.00000 0.23809 0.01257 0.07406 0.07317 0.29318 0.20881 0.09233 0.00154 0.02139 0.02703 0.07248 0.09004 0.00201 0.07571 0.97320 0.00000 0.05208 0.00000 0.00000 0.14232 0.13975
248.00000 209.00000 0.99982 0.99941 1.00000 0.00000 0.13432 0.30944 0.25702 0.00000 0.00063 0.00382 0.62749 0.28251 0.24324 0.52280 0.00264 0.99347 0.57714 0.39041 0.00000 0.32292 0.62791 1.00000 0.01303 0.01729
248.00000 210.00000 0.99980 1.00000 1.00000 0.00000 0.13799 0.31654 0.27334 0.00000 0.00063 0.00236 0.62749 0.27978 0.24324 0.49837 0.00137 0.99339 0.57752 0.40235 0.00000 0.30208 0.62791 1.00000 0.01578 0.01870
248.00000 211.00000 0.99995 0.99762 1.00000 0.00000 0.13543 0.32212 0.28359 0.00000 0.00063 0.00303 0.62768 0.28702 0.24324 0.52443 0.00309 0.99330 0.57750 0.39902 0.00000 0.30208 0.62791 1.00000 0.01372 0.01117
248.00000 212.00000 0.59516 0.73646 0.00000 0.23809 0.01330 0.05063 0.07982 0.29318 0.20881 0.09229 0.00152 0.02782 0.02703 0.05375 0.08921 0.00207 0.07702 0.98264 0.00000 0.06250 0.00000 0.00000 0.14129 0.13782
248.00000 213.00000 0.83315 0.99762 1.00000 0.06027 0.19516 0.35701 0.29656 0.14659 0.14403 0.13634 0.65092 0.30703 0.24324 0.51140 0.13613 0.99366 0.53684 0.38840 0.00000 0.35417 0.65116 1.00000 0.15364 0.16146
248.00000 214.00000 0.23801 0.29834 1.00000 0.59794 0.64345 0.74054 0.72204 0.61718 0.61572 0.61152 0.85374 0.66190 0.89189 0.78502 0.61360 0.99408 0.68620 0.14463 1.00000 0.72917 0.85412 1.00000 0.62380 0.62495
248.00000 215.00000 0.23806 0.29691 1.00000 0.59794 0.64272 0.71513 0.72616 0.61718 0.61572 0.61190 0.85370 0.65387 0.89189 0.78502 0.61276 0.99388 0.67744 0.14993 1.00000 0.71875 0.85412 1.00000 0.62380 0.62542
248.00000 216.00000 0.99994 0.99810 1.00000 0.00000 0.13653 0.31207 0.27420 0.00000 0.00063 0.00279 0.62753 0.28586 0.24324 0.51221 0.00406 0.99322 0.58799 0.38653 0.00000 0.30208 0.62791 1.00000 0.00960 0.01703
248.00000 217.00000 0.00002 0.00226 1.00000 1.00000 0.98780 0.96332 0.95658 1.00000 1.00000 0.99267 0.99962 0.87929 1.00000 0.95847 0.99224 0.99374 0.70893 0.06642 1.00000 0.96875 1.00000 1.00000 0.97634 0.97535
248.00000 218.00000 0.83333 0.99762 1.00000 0.06027 0.18873 0.36676 0.28159 0.14659 0.14403 0.13632 0.65099 0.30415 0.24324 0.50733 0.13532 0.99394 0.53308 0.38551 0.00000 0.33333 0.65116 1.00000 0.15261 0.16056
248.00000 219.00000 0.99979 0.99762 1.00000 0.00000 0.13543 0.32304 0.28958 0.00000 0.00063 0.00327 0.62751 0.28695 0.24324 0.51629 0.00198 0.99330 0.58719 0.40865 0.00000 0.30208 0.62791 1.00000 0.01337 0.01440
248.00000 220.00000 0.59514 0.73634 0.00000 0.23809 0.01312 0.06946 0.09633 0.29318 0.20881 0.09057 0.00152 0.03527 0.02703 0.07736 0.08834 0.00198 0.08411 0.96394 0.00000 0.04167 0.00000 0.00000 0.13443 0.13596
248.00000 221.00000 0.23819 0.29691 1.00000 0.59794 0.64098 0.74528 0.72067 0.61718 0.61572 0.60999 0.85381 0.66119 0.89189 0.78990 0.61154 0.99396 0.69610 0.13983 1.00000 0.72917 0.85412 1.00000 0.62140 0.62564
248.00000 222.00000 0.47612 0.83135 1.00000 0.62699 0.67171 0.67119 0.58757 0.50794 0.50000 0.46845 0.86434 0.61378 0.37838 0.69300 0.46808 0.99391 0.52999 0.35406 1.00000 0.68750 0.86469 1.00000 0.48285 0.48325
248.00000 223.00000 0.23802 0.29691 1.00000 0.59794 0.64465 0.70047 0.73868 0.61718 0.61572 0.61281 0.85376 0.65895 0.89189 0.77199 0.61286 0.99413 0.67637 0.13965 1.00000 0.70833 0.85412 1.00000 0.62311 0.62149
248.00000 224.00000 0.83332 0.99905 1.00000 0.06027 0.19516 0.33794 0.28282 0.14659 0.14403 0.13672 0.65107 0.30392 0.24324 0.51221 0.13557 0.99363 0.53435 0.39052 0.00000 0.34375 0.65116 1.00000 0.15432 0.15637
248.00000 225.00000 0.83328 0.99762 1.00000 0.06027 0.18910 0.35693 0.28867 0.14659 0.14403 0.13510 0.65107 0.31028 0.24324 0.51710 0.13606 0.99369 0.53389 0.39686 0.00000 0.35417 0.65116 1.00000 0.15123 0.15856
248.00000 226.00000 0.59513 0.73824 0.00000 0.23809 0.01982 0.07672 0.10393 0.29318 0.20881 0.09112 0.00141 0.03599 0.02703 0.10261 0.08906 0.00209 0.08485 0.98517 0.00000 0.08333 0.00000 0.00000 0.13032 0.14238
248.00000 227.00000 0.99995 0.99762 1.00000 0.00000 0.13478 0.31459 0.28566 0.00000 0.00063 0.00458 0.62736 0.28272 0.24324 0.52280 0.00353 0.99333 0.59863 0.40857 0.00000 0.32292 0.62791 1.00000 0.01303 0.01955
248.00000 228.00000 1.00000 0.99917 1.00000 0.00000 0.13533 0.31700 0.29105 0.00000 0.00063 0.00387 0.62770 0.28990 0.24324 0.51710 0.00299 0.99347 0.58907 0.40008 0.00000 0.30208 0.62791 1.00000 0.01269 0.01727
248.00000 229.00000 0.23822 0.29691 1.00000 0.59794 0.64878 0.72892 0.74301 0.61718 0.61572 0.61093 0.85376 0.65963 0.89189 0.77932 0.61235 0.99427 0.67975 0.14210 1.00000 0.72917 0.85412 1.00000 0.61660 0.62209
248.00000 230.00000 0.47613 0.83135 1.00000 0.62699 0.66024 0.68582 0.59014 0.50794 0.50000 0.46909 0.86453 0.60593 0.37838 0.70603 0.46841 0.99385 0.52385 0.36028 1.00000 0.69792 0.86469 1.00000 0.48045 0.48580
248.00000 231.00000 0.99980 0.99952 1.00000 0.00000 0.13139 0.32179 0.28674 0.00000 0.00063 0.00463 0.62761 0.28751 0.24324 0.53013 0.00211 0.99355 0.59268 0.39466 0.00000 0.31250 0.62791 1.00000 0.01269 0.01809
248.00000 232.00000 0.99998 0.99762 1.00000 0.00000 0.13754 0.31700 0.29909 0.00000 0.00063 0.00437 0.62744 0.28561 0.24324 0.53339 0.00254 0.99330 0.57155 0.41692 0.00000 0.31250 0.62791 1.00000 0.02023 0.01605
248.00000 233.00000 0.59528 0.73848 0.00000 0.23809 0.02129 0.06052 0.09050 0.29318 0.20881 0.09212 0.00152 0.03423 0.02703 0.07166 0.08971 0.00234 0.08447 0.98810 0.00000 0.08333 0.00000 0.00000 0.13717 0.14037
248.00000 234.00000 0.00004 0.00000 1.00000 1.00000 0.99523 0.98066 0.97692 1.00000 1.00000 0.99045 0.99966 0.88686 1.00000 0.98616 0.99029 0.99374 0.71283 0.06451 1.00000 0.97917 1.00000 1.00000 0.96811 0.97174
