129.00000 1.00000 0.99981 0.99964 1.00000 0.00000 0.12836 0.27607 0.22536 0.00000 0.00063 0.00379 0.62757 0.28148 0.24324 0.45847 0.00510 0.99344 0.57964 0.36943 0.00000 0.29167 0.62791 1.00000 0.01783 0.02495
129.00000 2.00000 0.47607 0.83135 1.00000 0.62699 0.65758 0.65236 0.54075 0.50794 0.49937 0.47196 0.86394 0.59757 0.40541 0.64984 0.47412 0.99336 0.51628 0.31312 0.00000 0.62500 0.86469 1.00000 0.50069 0.49704
129.00000 3.00000 0.00007 0.00000 1.00000 1.00000 0.97376 0.91670 0.89320 1.00000 1.00000 0.99683 0.99922 0.88242 1.00000 0.89251 0.99756 0.99314 0.71852 0.01150 1.00000 0.92708 1.00000 1.00000 0.98971 0.99408
129.00000 4.00000 0.99987 0.99905 1.00000 0.00000 0.12689 0.29839 0.21550 0.00000 0.00000 0.00563 0.62768 0.28385 0.24324 0.46010 0.00416 0.99347 0.57445 0.36867 0.00000 0.28125 0.62791 1.00000 0.01543 0.02128
129.00000 5.00000 0.83325 0.99762 1.00000 0.06027 0.17992 0.33230 0.23889 0.14659 0.14403 0.13739 0.65082 0.29996 0.24324 0.45684 0.13669 0.99361 0.54222 0.33941 0.00000 0.32292 0.65116 1.00000 0.16529 0.16595
129.00000 6.00000 0.99986 0.99929 1.00000 0.00000 0.12322 0.27065 0.21889 0.00000 0.00063 0.00592 0.62757 0.27303 0.24324 0.46417 0.00487 0.99339 0.57240 0.35812 0.00000 0.29167 0.62791 1.00000 0.01303 0.01538
129.00000 7.00000 0.99989 0.99834 1.00000 0.00000 0.12744 0.29262 0.22125 0.00000 0.00063 0.00544 0.62780 0.27731 0.24324 0.45603 0.00576 0.99358 0.57262 0.35999 0.00000 0.27083 0.62791 1.00000 0.01269 0.01679
129.00000 8.00000 0.59510 0.73634 0.00000 0.23809 0.01312 0.05131 0.05351 0.29318 0.20818 0.09346 0.00148 0.02345 0.02703 0.02443 0.09073 0.00209 0.07545 0.92300 0.00000 0.03125 0.00000 0.00000 0.13752 0.14285
129.00000 9.00000 0.99979 0.99762 1.00000 0.00000 0.12864 0.28303 0.22654 0.00000 0.00063 0.00410 0.62782 0.28225 0.24324 0.42915 0.00469 0.99361 0.57205 0.36394 0.00000 0.27083 0.62791 1.00000 0.01715 0.01695
129.00000 10.00000 0.83315 0.99846 1.00000 0.06027 0.18662 0.30462 0.24334 0.14659 0.14403 0.13859 0.65101 0.29999 0.24324 0.44137 0.13750 0.99355 0.52568 0.34260 0.00000 0.31250 0.65116 1.00000 0.16427 0.16926
129.00000 11.00000 0.59528 0.73800 0.00000 0.23809 0.00862 0.03356 0.05584 0.29318 0.20818 0.09350 0.00150 0.02626 0.02703 0.01954 0.09063 0.00201 0.07509 0.92549 0.00000 0.04167 0.00000 0.00000 0.13820 0.14556
129.00000 12.00000 0.99978 0.99798 1.00000 0.00000 0.12469 0.27823 0.22378 0.00000 0.00063 0.00461 0.62789 0.27642 0.24324 0.45277 0.00330 0.99363 0.57712 0.35841 0.00000 0.28125 0.62791 1.00000 0.01749 0.02522
129.00000 13.00000 0.59531 0.73670 0.00000 0.23809 0.00826 0.03058 0.05984 0.29318 0.20881 0.09453 0.00144 0.02458 0.02703 0.03013 0.09136 0.00193 0.07578 0.92205 0.00000 0.03125 0.00000 0.00000 0.13957 0.14680
129.00000 14.00000 0.47628 0.83230 1.00000 0.62699 0.66281 0.63733 0.53950 0.50794 0.50000 0.47241 0.86390 0.60066 0.40541 0.64902 0.47089 0.99339 0.51483 0.31136 0.00000 0.63542 0.86469 1.00000 0.49348 0.49987
129.00000 15.00000 0.00002 0.00143 1.00000 1.00000 0.98137 0.91735 0.91855 1.00000 1.00000 0.99800 0.99924 0.87610 1.00000 0.89577 0.99731 0.99319 0.69646 0.04580 1.00000 0.92708 1.00000 1.00000 0.99074 0.99109
129.00000 16.00000 0.23807 0.29691 1.00000 0.59794 0.63042 0.67837 0.67376 0.61718 0.61509 0.61735 0.85307 0.64365 0.89189 0.72638 0.61585 0.99308 0.68939 0.11398 1.00000 0.66667 0.85412 1.00000 0.63683 0.64026
129.00000 17.00000 0.47625 0.83135 1.00000 0.62699 0.65520 0.63067 0.52746 0.50794 0.49937 0.47298 0.86394 0.60577 0.40541 0.63355 0.47285 0.99336 0.52104 0.30602 0.00000 0.63542 0.86469 1.00000 0.50103 0.49628
129.00000 18.00000 0.59529 0.73634 0.00000 0.23809 0.01110 0.04369 0.05986 0.29318 0.20881 0.09284 0.00144 0.02062 0.02703 0.02036 0.09048 0.00196 0.06469 0.92641 0.00000 0.03125 0.00000 0.00000 0.14095 0.14158
129.00000 19.00000 0.83317 0.99881 1.00000 0.06027 0.17901 0.32431 0.23126 0.14659 0.14403 0.13637 0.65080 0.30258 0.24324 0.45521 0.13666 0.99350 0.53175 0.35563 0.00000 0.30208 0.65116 1.00000 0.15912 0.17164
129.00000 20.00000 0.99998 0.99822 1.00000 0.00000 0.12341 0.29752 0.25259 0.00000 0.00000 0.00625 0.62766 0.28174 0.24324 0.44707 0.00403 0.99347 0.58200 0.35669 0.00000 0.27083 0.62791 1.00000 0.01509 0.01700
129.00000 21.00000 0.59529 0.73670 0.00000 0.23809 0.01073 0.04993 0.03798 0.29318 0.20881 0.09336 0.00125 0.02237 0.02703 0.01629 0.09098 0.00185 0.06434 0.92622 0.00000 0.03125 0.00000 0.00000 0.13855 0.14805
129.00000 22.00000 0.23815 0.29822 1.00000 0.59794 0.63024 0.68387 0.65939 0.61718 0.61509 0.61670 0.85317 0.65499 0.89189 0.74104 0.61727 0.99325 0.69134 0.10153 1.00000 0.67708 0.85412 1.00000 0.62826 0.63562
129.00000 23.00000 0.99989 0.99762 1.00000 0.00000 0.12827 0.28048 0.22753 0.00000 0.00063 0.00442 0.62772 0.27739 0.24324 0.45033 0.00487 0.99363 0.56971 0.36229 0.00000 0.29167 0.62791 1.00000 0.02023 0.02641
129.00000 24.00000 0.59514 0.73860 0.00000 0.23809 0.00982 0.06883 0.05365 0.29318 0.20818 0.09241 0.00148 0.02251 0.02703 0.01710 0.09083 0.00207 0.07319 0.92534 0.00000 0.04167 0.00000 0.00000 0.14163 0.14325
129.00000 25.00000 0.99984 0.99762 1.00000 0.00000 0.12432 0.28029 0.23316 0.00000 0.00000 0.00422 0.62768 0.28041 0.24324 0.45521 0.00406 0.99366 0.57179 0.35629 0.00000 0.27083 0.62791 1.00000 0.01715 0.02803
129.00000 26.00000 0.47606 0.83135 1.00000 0.62699 0.65465 0.64453 0.53969 0.50794 0.49937 0.47349 0.86388 0.60046 0.40541 0.64739 0.47239 0.99339 0.52302 0.30034 0.00000 0.62500 0.86469 1.00000 0.49348 0.50212
129.00000 27.00000 0.23818 0.29774 1.00000 0.59794 0.63510 0.68246 0.67422 0.61718 0.61509 0.61529 0.85313 0.65561 0.89189 0.72068 0.61621 0.99333 0.69184 0.10274 1.00000 0.67708 0.85412 1.00000 0.63066 0.63542
129.00000 28.00000 0.99978 0.99786 1.00000 0.00000 0.13203 0.28035 0.23547 0.00000 0.00063 0.00573 0.62759 0.27283 0.24324 0.45847 0.00543 0.99355 0.56614 0.36098 0.00000 0.27083 0.62791 1.00000 0.02023 0.02354
129.00000 29.00000 0.00006 0.00036 1.00000 1.00000 0.98027 0.92694 0.90524 1.00000 1.00000 0.99618 0.99922 0.87119 1.00000 0.89169 0.99736 0.99328 0.70424 0.02362 1.00000 0.94792 1.00000 1.00000 0.99588 0.99222
129.00000 30.00000 0.99983 0.99810 1.00000 0.00000 0.12570 0.31326 0.22055 0.00000 0.00063 0.00504 0.62778 0.26981 0.24324 0.46254 0.00365 0.99347 0.57621 0.36592 0.00000 0.28125 0.62791 1.00000 0.01269 0.02270
129.00000 31.00000 0.47608 0.83314 1.00000 0.62699 0.65547 0.63744 0.54607 0.50794 0.50000 0.47158 0.86388 0.59953 0.40541 0.64984 0.47292 0.99341 0.53237 0.29734 0.00000 0.63542 0.86469 1.00000 0.48937 0.49728
129.00000 32.00000 0.47615 0.83135 1.00000 0.62699 0.65768 0.64711 0.54224 0.50794 0.49937 0.47191 0.86386 0.60254 0.40541 0.65635 0.47323 0.99341 0.52440 0.31448 0.00000 0.63542 0.86469 1.00000 0.49966 0.49430
129.00000 33.00000 0.00003 0.00202 1.00000 1.00000 0.97376 0.92743 0.90500 1.00000 1.00000 0.99726 0.99926 0.87781 1.00000 0.90472 0.99764 0.99333 0.69991 0.03189 1.00000 0.91667 1.00000 1.00000 0.99177 0.98684
129.00000 34.00000 0.99979 0.99762 1.00000 0.00000 0.12790 0.28506 0.22166 0.00000 0.00000 0.00489 0.62774 0.27905 0.24324 0.45847 0.00292 0.99358 0.57533 0.35699 0.00000 0.28125 0.62791 1.00000 0.01166 0.01895
129.00000 35.00000 0.99982 0.99941 1.00000 0.00000 0.12497 0.30386 0.24269 0.00000 0.00063 0.00413 0.62757 0.28430 0.24324 0.45765 0.00441 0.99355 0.58104 0.36779 0.00000 0.29167 0.62791 1.00000 0.01475 0.02331
129.00000 36.00000 0.83331 0.99762 1.00000 0.06027 0.18405 0.32456 0.25480 0.14659 0.14403 0.13909 0.65088 0.29581 0.24324 0.44707 0.13720 0.99352 0.55084 0.35245 0.00000 0.31250 0.65116 1.00000 0.15706 0.16532
129.00000 37.00000 0.00002 0.00178 1.00000 1.00000 0.97807 0.92429 0.89790 1.00000 1.00000 0.99535 0.99932 0.87251 1.00000 0.90309 0.99721 0.99319 0.70093 0.02790 1.00000 0.91667 1.00000 1.00000 0.98731 0.99288
129.00000 38.00000 0.59515 0.73848 0.00000 0.23809 0.01395 0.04860 0.04308 0.29318 0.20881 0.09358 0.00131 0.02119 0.02703 0.01221 0.09045 0.00198 0.07400 0.93380 0.00000 0.02083 0.00000 0.00000 0.13683 0.14751
129.00000 39.00000 0.99995 0.99762 1.00000 0.00000 0.12772 0.27566 0.22226 0.00000 0.00063 0.00671 0.62770 0.27971 0.24324 0.46254 0.00363 0.99344 0.57859 0.37229 0.00000 0.27083 0.62791 1.00000 0.01097 0.02383
129.00000 40.00000 0.23808 0.29691 1.00000 0.59794 0.63318 0.67493 0.66748 0.61718 0.61509 0.61649 0.85322 0.64983 0.89189 0.72638 0.61644 0.99339 0.67692 0.10845 1.00000 0.68750 0.85412 1.00000 0.63477 0.64358
129.00000 41.00000 0.59525 0.73634 0.00000 0.23809 0.01046 0.02890 0.04633 0.29318 0.20881 0.09353 0.00148 0.02501 0.02703 0.03094 0.08997 0.00196 0.07990 0.92904 0.00000 0.03125 0.00000 0.00000 0.13855 0.14425
129.00000 42.00000 0.83317 0.99952 1.00000 0.06027 0.17791 0.31220 0.24980 0.14659 0.14403 0.13940 0.65077 0.30786 0.24324 0.46010 0.13717 0.99355 0.52306 0.35398 0.00000 0.32292 0.65116 1.00000 0.16221 0.16437
129.00000 43.00000 0.99991 0.99988 1.00000 0.00000 0.12561 0.27040 0.23112 0.00000 0.00000 0.00530 0.62759 0.27275 0.24324 0.45847 0.00403 0.99336 0.57002 0.37181 0.00000 0.27083 0.62791 1.00000 0.02606 0.02126
129.00000 44.00000 0.59512 0.73634 0.00000 0.23809 0.01083 0.03289 0.04306 0.29318 0.20881 0.09286 0.00152 0.02114 0.02703 0.04235 0.08994 0.00201 0.06453 0.93684 0.00000 0.03125 0.00000 0.00000 0.14129 0.15166
129.00000 45.00000 0.99984 0.99762 1.00000 0.00000 0.12717 0.29893 0.22717 0.00000 0.00000 0.00642 0.62763 0.27883 0.24324 0.46417 0.00436 0.99363 0.57671 0.37526 0.00000 0.30208 0.62791 1.00000 0.01440 0.02162
129.00000 46.00000 0.83326 0.99762 1.00000 0.06027 0.18185 0.32870 0.24397 0.14659 0.14403 0.13691 0.65101 0.30211 0.24324 0.45033 0.13841 0.99363 0.53375 0.34794 0.00000 0.31250 0.65116 1.00000 0.17010 0.16552
129.00000 47.00000 0.23805 0.29691 1.00000 0.59794 0.63547 0.70066 0.68974 0.61718 0.61509 0.61553 0.85317 0.64452 0.89189 0.74349 0.61583 0.99330 0.68827 0.09941 1.00000 0.65625 0.85412 1.00000 0.62791 0.63175
129.00000 48.00000 0.23810 0.29691 1.00000 0.59794 0.63547 0.69993 0.66360 0.61718 0.61509 0.61711 0.85319 0.64281 0.89189 0.73127 0.61613 0.99328 0.68463 0.10321 1.00000 0.68750 0.85412 1.00000 0.63032 0.63496
129.00000 49.00000 0.23813 0.29715 1.00000 0.59794 0.63290 0.69313 0.67732 0.61718 0.61509 0.61694 0.85322 0.64448 0.89189 0.73290 0.61626 0.99336 0.68320 0.11079 1.00000 0.67708 0.85412 1.00000 0.63512 0.63401
129.00000 50.00000 0.99978 0.99976 1.00000 0.00000 0.12753 0.28295 0.24221 0.00000 0.00000 0.00492 0.62772 0.27674 0.24324 0.45521 0.00594 0.99358 0.57824 0.36281 0.00000 0.29167 0.62791 1.00000 0.01715 0.01349
129.00000 51.00000 0.47624 0.83135 1.00000 0.62699 0.65345 0.63446 0.54219 0.50794 0.49937 0.47203 0.86388 0.60205 0.40541 0.63355 0.47264 0.99319 0.52552 0.31872 0.00000 0.63542 0.86469 1.00000 0.49211 0.50057
129.00000 52.00000 0.00005 0.00000 1.00000 1.00000 0.97614 0.92420 0.88338 1.00000 1.00000 0.99401 0.99911 0.87669 1.00000 0.89984 0.99564 0.99325 0.71271 0.03255 1.00000 0.90625 1.00000 1.00000 0.98971 0.98593
129.00000 53.00000 0.59522 0.73634 0.00000 0.23809 0.01294 0.01742 0.04607 0.29318 0.20881 0.09264 0.00146 0.02452 0.02703 0.03502 0.08964 0.00204 0.06015 0.92849 0.00000 0.04167 0.00000 0.00000 0.14609 0.14459
129.00000 54.00000 0.59528 0.73872 0.00000 0.23809 0.00560 0.02620 0.04467 0.29318 0.20881 0.09300 0.00133 0.01861 0.02703 0.02850 0.09068 0.00198 0.07457 0.92963 0.00000 0.03125 0.00000 0.00000 0.14438 0.15036
129.00000 55.00000 0.47608 0.83135 1.00000 0.62699 0.65593 0.63497 0.53887 0.50794 0.49937 0.47358 0.86392 0.60227 0.40541 0.63355 0.47330 0.99355 0.51331 0.32264 0.00000 0.64583 0.86469 1.00000 0.49486 0.49964
129.00000 56.00000 0.23818 0.29691 1.00000 0.59794 0.63033 0.66672 0.66555 0.61718 0.61509 0.61708 0.85319 0.64757 0.89189 0.73534 0.61545 0.99330 0.67366 0.09655 1.00000 0.68750 0.85412 1.00000 0.63340 0.63352
129.00000 57.00000 0.99984 0.99762 1.00000 0.00000 0.13359 0.27699 0.23355 0.00000 0.00000 0.00594 0.62772 0.27612 0.24324 0.45603 0.00439 0.99361 0.55750 0.36991 0.00000 0.27083 0.62791 1.00000 0.01337 0.02626
129.00000 58.00000 0.99991 0.99762 1.00000 0.00000 0.12313 0.27425 0.22476 0.00000 0.00000 0.00578 0.62766 0.27534 0.24324 0.45928 0.00370 0.99347 0.57881 0.36757 0.00000 0.26042 0.62791 1.00000 0.01955 0.02157
129.00000 59.00000 0.47606 0.83135 1.00000 0.62699 0.65501 0.63584 0.53370 0.50794 0.49937 0.47408 0.86390 0.60444 0.40541 0.64739 0.47231 0.99341 0.52223 0.32206 0.00000 0.63542 0.86469 1.00000 0.49246 0.49552
129.00000 60.00000 0.59527 0.73634 0.00000 0.23809 0.00615 0.05312 0.05016 0.29318 0.20818 0.09386 0.00148 0.02464 0.02703 0.03420 0.09073 0.00176 0.07571 0.91813 0.00000 0.03125 0.00000 0.00000 0.14540 0.15320
129.00000 61.00000 0.47613 0.83254 1.00000 0.62699 0.65749 0.63879 0.52458 0.50794 0.49937 0.47334 0.86398 0.60314 0.40541 0.65228 0.47155 0.99344 0.52651 0.31407 0.00000 0.63542 0.86469 1.00000 0.49451 0.49594
129.00000 62.00000 0.00001 0.00131 1.00000 1.00000 0.97752 0.91624 0.91626 1.00000 1.00000 0.99568 0.99926 0.86872 1.00000 0.89902 0.99708 0.99319 0.70493 0.02651 1.00000 0.91667 1.00000 1.00000 0.98834 0.99438
129.00000 63.00000 0.59511 0.73634 0.00000 0.23809 0.00991 0.05884 0.04927 0.29318 0.20881 0.09341 0.00129 0.02440 0.02703 0.03664 0.09088 0.00193 0.06879 0.93245 0.00000 0.04167 0.00000 0.00000 0.14506 0.14672
129.00000 64.00000 0.23812 0.29691 1.00000 0.59794 0.63354 0.67650 0.67561 0.61718 0.61509 0.61505 0.85317 0.64782 0.89189 0.72801 0.61408 0.99317 0.68453 0.10186 1.00000 0.67708 0.85412 1.00000 0.64300 0.63367
129.00000 65.00000 0.83332 0.99762 1.00000 0.06027 0.17855 0.31703 0.25122 0.14659 0.14403 0.13959 0.65092 0.29990 0.24324 0.45440 0.13798 0.99347 0.53656 0.34413 0.00000 0.29167 0.65116 1.00000 0.16392 0.17471
129.00000 66.00000 0.00005 0.00000 1.00000 1.00000 0.97495 0.92973 0.91046 1.00000 1.00000 0.99632 0.99918 0.87266 1.00000 0.89658 0.99734 0.99319 0.69405 0.02680 1.00000 0.92708 1.00000 1.00000 0.98697 0.98879
129.00000 67.00000 0.59515 0.73800 0.00000 0.23809 0.01239 0.04462 0.05488 0.29318 0.20818 0.09300 0.00135 0.02709 0.02703 0.02443 0.09004 0.00182 0.07036 0.94098 0.00000 0.03125 0.00000 0.00000 0.14129 0.15125
129.00000 68.00000 0.99996 0.99762 1.00000 0.00000 0.12955 0.27249 0.23454 0.00000 0.00000 0.00482 0.62772 0.27451 0.24324 0.46661 0.00492 0.99352 0.57819 0.36087 0.00000 0.27083 0.62791 1.00000 0.01509 0.01805
129.00000 69.00000 0.00000 0.00000 1.00000 1.00000 0.98037 0.92499 0.90873 1.00000 1.00000 0.99558 0.99916 0.87237 1.00000 0.90309 0.99729 0.99319 0.69805 0.02669 1.00000 0.92708 1.00000 1.00000 0.99177 0.98941
129.00000 70.00000 0.23811 0.29774 1.00000 0.59794 0.63079 0.69175 0.67089 0.61718 0.61509 0.61393 0.85322 0.64844 0.89189 0.73534 0.61588 0.99344 0.68201 0.11343 1.00000 0.67708 0.85412 1.00000 0.63066 0.64209
129.00000 71.00000 0.47610 0.83135 1.00000 0.62699 0.65584 0.64781 0.53861 0.50794 0.49937 0.47267 0.86390 0.59994 0.40541 0.64658 0.47214 0.99344 0.51576 0.33106 0.00000 0.62500 0.86469 1.00000 0.49486 0.50021
129.00000 72.00000 0.99987 0.99762 1.00000 0.00000 0.12497 0.30102 0.24392 0.00000 0.00000 0.00415 0.62785 0.27642 0.24324 0.45114 0.00322 0.99374 0.58921 0.34831 0.00000 0.28125 0.62791 1.00000 0.01475 0.02227
129.00000 73.00000 0.99984 0.99762 1.00000 0.00000 0.12983 0.28021 0.24368 0.00000 0.00000 0.00547 0.62759 0.27901 0.24324 0.46173 0.00388 0.99347 0.57086 0.35673 0.00000 0.29167 0.62791 1.00000 0.01920 0.01093
129.00000 74.00000 0.83328 0.99762 1.00000 0.06027 0.18002 0.31480 0.24277 0.14659 0.14403 0.13820 0.65084 0.30311 0.24324 0.43974 0.13659 0.99355 0.52528 0.34809 0.00000 0.32292 0.65116 1.00000 0.16084 0.16473
129.00000 75.00000 0.83321 0.99762 1.00000 0.06027 0.18323 0.31976 0.24575 0.14659 0.14403 0.13684 0.65090 0.29889 0.24324 0.44463 0.13677 0.99352 0.53032 0.34783 0.00000 0.31250 0.65116 1.00000 0.15741 0.16829
129.00000 76.00000 0.00000 0.00000 1.00000 1.00000 0.98137 0.92694 0.91891 1.00000 1.00000 0.99623 0.99922 0.87788 1.00000 0.90879 0.99675 0.99325 0.68872 0.02501 1.00000 0.92708 1.00000 1.00000 0.98217 0.98600
129.00000 77.00000 0.99996 0.99893 1.00000 0.00000 0.12451 0.28541 0.23105 0.00000 0.00000 0.00437 0.62776 0.27613 0.24324 0.46661 0.00429 0.99341 0.57631 0.36651 0.00000 0.27083 0.62791 1.00000 0.01852 0.02325
129.00000 78.00000 0.59530 0.73765 0.00000 0.23809 0.01028 0.05440 0.04501 0.29318 0.20881 0.09420 0.00139 0.01990 0.02703 0.02443 0.09035 0.00198 0.06576 0.93248 0.00000 0.04167 0.00000 0.00000 0.13546 0.14701
129.00000 79.00000 0.83325 0.99762 1.00000 0.06027 0.18369 0.31134 0.23596 0.14659 0.14403 0.14014 0.65096 0.30115 0.24324 0.46010 0.13781 0.99350 0.53911 0.35567 0.00000 0.31250 0.65116 1.00000 0.16015 0.16476
129.00000 80.00000 0.23820 0.29917 1.00000 0.59794 0.63409 0.67609 0.66577 0.61718 0.61509 0.61556 0.85324 0.64833 0.89189 0.73779 0.61570 0.99328 0.69027 0.11662 1.00000 0.66667 0.85412 1.00000 0.63855 0.62725
129.00000 81.00000 0.00003 0.00048 1.00000 1.00000 0.97495 0.94411 0.90310 1.00000 1.00000 0.99539 0.99920 0.87534 1.00000 0.89414 0.99746 0.99319 0.69962 0.01717 1.00000 0.93750 1.00000 1.00000 0.98765 0.99386
129.00000 82.00000 0.83316 0.99857 1.00000 0.06027 0.18690 0.33401 0.24077 0.14659 0.14403 0.13911 0.65092 0.30092 0.24324 0.46580 0.13687 0.99339 0.54051 0.34867 0.00000 0.32292 0.65116 1.00000 0.15981 0.16389
129.00000 83.00000 0.47611 0.83135 1.00000 0.62699 0.65722 0.64497 0.52585 0.50794 0.49937 0.47263 0.86386 0.59836 0.40541 0.64984 0.47155 0.99347 0.50957 0.31162 0.00000 0.63542 0.86469 1.00000 0.49486 0.49487
129.00000 84.00000 0.00007 0.00095 1.00000 1.00000 0.98073 0.93371 0.89908 1.00000 1.00000 0.99840 0.99932 0.87176 1.00000 0.89169 0.99698 0.99325 0.71329 0.02160 1.00000 0.92708 1.00000 1.00000 0.98491 0.98821
129.00000 85.00000 0.99986 0.99881 1.00000 0.00000 0.12267 0.28774 0.24378 0.00000 0.00000 0.00647 0.62751 0.27534 0.24324 0.45847 0.00482 0.99352 0.57133 0.35896 0.00000 0.28125 0.62791 1.00000 0.01749 0.02560
129.00000 86.00000 0.99983 0.99952 1.00000 0.00000 0.12735 0.30131 0.24315 0.00000 0.00063 0.00484 0.62774 0.27766 0.24324 0.47150 0.00467 0.99363 0.57428 0.36713 0.00000 0.29167 0.62791 1.00000 0.01200 0.02150
129.00000 87.00000 0.47620 0.83242 1.00000 0.62699 0.65905 0.66030 0.51225 0.50794 0.49937 0.47224 0.86396 0.60822 0.40541 0.64902 0.47100 0.99328 0.52535 0.31836 0.00000 0.62500 0.86469 1.00000 0.49588 0.50997
129.00000 88.00000 0.47622 0.83135 1.00000 0.62699 0.65969 0.62162 0.53086 0.50794 0.49937 0.47213 0.86398 0.60316 0.40541 0.64739 0.47333 0.99341 0.53508 0.31748 0.00000 0.64583 0.86469 1.00000 0.49074 0.49103
129.00000 89.00000 0.23813 0.29905 1.00000 0.59794 0.63290 0.69888 0.66129 0.61718 0.61509 0.61501 0.85322 0.65183 0.89189 0.73371 0.61542 0.99328 0.68641 0.10409 1.00000 0.68750 0.85412 1.00000 0.63134 0.63645
129.00000 90.00000 0.00004 0.00000 1.00000 1.00000 0.97725 0.92702 0.89961 1.00000 1.00000 0.99592 0.99930 0.87211 1.00000 0.91124 0.99663 0.99317 0.71512 0.03892 1.00000 0.92708 1.00000 1.00000 0.98731 0.98800
129.00000 91.00000 0.83320 0.99929 1.00000 0.06027 0.17855 0.31846 0.23851 0.14659 0.14403 0.13794 0.65094 0.30528 0.24324 0.45358 0.13669 0.99358 0.54101 0.35662 0.00000 0.31250 0.65116 1.00000 0.16461 0.16174
129.00000 92.00000 0.47613 0.83278 1.00000 0.62699 0.65657 0.64435 0.53984 0.50794 0.50000 0.47124 0.86398 0.61024 0.40541 0.65554 0.47176 0.99352 0.52435 0.31213 0.00000 0.64583 0.86469 1.00000 0.48731 0.49797
129.00000 93.00000 0.47627 0.83135 1.00000 0.62699 0.65612 0.66030 0.53538 0.50794 0.49937 0.47234 0.86407 0.60502 0.40541 0.64821 0.47267 0.99344 0.51918 0.30060 0.00000 0.62500 0.86469 1.00000 0.49143 0.49171
129.00000 94.00000 0.59529 0.73634 0.00000 0.23809 0.00817 0.05624 0.06131 0.29318 0.20881 0.09198 0.00135 0.02327 0.02703 0.02932 0.08969 0.00182 0.07350 0.94786 0.00000 0.04167 0.00000 0.00000 0.13957 0.14473
129.00000 95.00000 0.00000 0.00000 1.00000 1.00000 0.98312 0.92778 0.91212 1.00000 1.00000 0.99594 0.99926 0.87017 1.00000 0.89007 0.99701 0.99333 0.70465 0.02504 1.00000 0.92708 1.00000 1.00000 0.98765 0.98803
129.00000 96.00000 0.83332 0.99762 1.00000 0.06027 0.18708 0.32781 0.23398 0.14659 0.14403 0.13777 0.65092 0.30027 0.24324 0.46010 0.13852 0.99355 0.53032 0.36599 0.00000 0.32292 0.65116 1.00000 0.15741 0.16308
129.00000 97.00000 0.99984 0.99964 1.00000 0.00000 0.12680 0.28958 0.22715 0.00000 0.00000 0.00620 0.62751 0.27299 0.24324 0.44788 0.00446 0.99350 0.56724 0.38430 0.00000 0.28125 0.62791 1.00000 0.01269 0.02039
129.00000 98.00000 0.99979 0.99798 1.00000 0.00000 0.12588 0.27978 0.24763 0.00000 0.00063 0.00620 0.62766 0.27284 0.24324 0.46661 0.00502 0.99350 0.57276 0.37621 0.00000 0.27083 0.62791 1.00000 0.01440 0.02430
129.00000 99.00000 0.00000 0.00000 1.00000 1.00000 0.98082 0.92718 0.92656 1.00000 1.00000 0.99695 0.99935 0.87241 1.00000 0.90147 0.99602 0.99333 0.69444 0.03969 1.00000 0.93750 1.00000 1.00000 0.98731 0.98758
129.00000 100.00000 0.83323 0.99762 1.00000 0.06027 0.18396 0.33065 0.25321 0.14659 0.14403 0.13868 0.65101 0.30017 0.24324 0.45928 0.13666 0.99372 0.54389 0.35680 0.00000 0.29167 0.65116 1.00000 0.15947 0.16810
129.00000 101.00000 0.99999 0.99846 1.00000 0.00000 0.12432 0.30977 0.24761 0.00000 0.00063 0.00475 0.62766 0.28073 0.24324 0.46824 0.00388 0.99344 0.57500 0.37987 0.00000 0.28125 0.62791 1.00000 0.01440 0.02205
129.00000 102.00000 0.99979 0.99762 1.00000 0.00000 0.12662 0.27726 0.24698 0.00000 0.00000 0.00465 0.62751 0.27713 0.24324 0.46498 0.00393 0.99341 0.57212 0.36808 0.00000 0.28125 0.62791 1.00000 0.00960 0.01815
129.00000 103.00000 0.83321 0.99774 1.00000 0.06027 0.18589 0.32759 0.25743 0.14659 0.14403 0.13796 0.65094 0.29908 0.24324 0.45033 0.13732 0.99352 0.52228 0.34813 0.00000 0.33333 0.65116 1.00000 0.16187 0.16853
129.00000 104.00000 0.47615 0.83135 1.00000 0.62699 0.65923 0.64900 0.53326 0.50794 0.50000 0.47198 0.86398 0.60176 0.40541 0.66124 0.47252 0.99344 0.51014 0.31583 0.00000 0.64583 0.86469 1.00000 0.49280 0.49007
129.00000 105.00000 0.99981 0.99762 1.00000 0.00000 0.13010 0.29327 0.23831 0.00000 0.00000 0.00372 0.62751 0.27587 0.24324 0.46010 0.00264 0.99358 0.56417 0.37174 0.00000 0.29167 0.62791 1.00000 0.01337 0.02166
129.00000 106.00000 0.99998 0.99905 1.00000 0.00000 0.12579 0.28511 0.23482 0.00000 0.00063 0.00530 0.62766 0.27671 0.24324 0.45847 0.00495 0.99333 0.57624 0.38408 0.00000 0.29167 0.62791 1.00000 0.01063 0.02460
129.00000 107.00000 0.99987 0.99762 1.00000 0.00000 0.12442 0.30830 0.21742 0.00000 0.00000 0.00425 0.62751 0.28109 0.24324 0.46580 0.00340 0.99325 0.56674 0.38064 0.00000 0.28125 0.62791 1.00000 0.01406 0.02288
129.00000 108.00000 0.59518 0.73634 0.00000 0.23809 0.00725 0.04023 0.04441 0.29318 0.20881 0.09269 0.00133 0.02576 0.02703 0.04235 0.09126 0.00193 0.06795 0.93102 0.00000 0.04167 0.00000 0.00000 0.14300 0.14654
129.00000 109.00000 0.59529 0.73634 0.00000 0.23809 0.01321 0.04245 0.05310 0.29318 0.20818 0.09150 0.00135 0.02196 0.02703 0.05537 0.09098 0.00201 0.07483 0.93981 0.00000 0.03125 0.00000 0.00000 0.13717 0.14065
129.00000 110.00000 0.47622 0.83373 1.00000 0.62699 0.66153 0.64500 0.55649 0.50794 0.50000 0.47306 0.86411 0.60257 0.40541 0.66287 0.47209 0.99347 0.50981 0.31385 0.00000 0.65625 0.86469 1.00000 0.48800 0.49159
129.00000 111.00000 0.23809 0.29929 1.00000 0.59794 0.63107 0.70169 0.68683 0.61718 0.61509 0.61541 0.85322 0.65240 0.89189 0.74349 0.61542 0.99347 0.68301 0.11046 1.00000 0.67708 0.85412 1.00000 0.63100 0.62583
129.00000 112.00000 0.83334 0.99774 1.00000 0.06027 0.18093 0.33428 0.25071 0.14659 0.14403 0.13725 0.65096 0.29506 0.24324 0.44951 0.13677 0.99363 0.53942 0.36376 0.00000 0.32292 0.65116 1.00000 0.16358 0.16557
129.00000 113.00000 0.47619 0.83337 1.00000 0.62699 0.65758 0.65009 0.54024 0.50794 0.50000 0.47191 0.86398 0.60170 0.40541 0.64821 0.47211 0.99344 0.51538 0.31726 0.00000 0.64583 0.86469 1.00000 0.48971 0.49518
129.00000 114.00000 0.99999 0.99762 1.00000 0.00000 0.12937 0.28135 0.23027 0.00000 0.00063 0.00616 0.62763 0.27795 0.24324 0.46010 0.00408 0.99344 0.57750 0.37811 0.00000 0.28125 0.62791 1.00000 0.02160 0.01447
129.00000 115.00000 0.47628 0.83314 1.00000 0.62699 0.65905 0.63790 0.54268 0.50794 0.50000 0.47244 0.86398 0.60286 0.40541 0.66124 0.47198 0.99347 0.52523 0.31038 0.00000 0.63542 0.86469 1.00000 0.48765 0.49818
129.00000 116.00000 0.59518 0.73634 0.00000 0.23809 0.01046 0.03950 0.05363 0.29318 0.20881 0.08997 0.00120 0.02540 0.02703 0.03176 0.09037 0.00201 0.07378 0.93190 0.00000 0.05208 0.00000 0.00000 0.14060 0.14128
129.00000 117.00000 0.59518 0.73634 0.00000 0.23809 0.01404 0.03692 0.04166 0.29318 0.20818 0.09276 0.00139 0.02945 0.02703 0.03827 0.08994 0.00209 0.06788 0.93981 0.00000 0.03125 0.00000 0.00000 0.14060 0.14515
129.00000 118.00000 0.23815 0.29691 1.00000 0.59794 0.63107 0.68739 0.67617 0.61718 0.61509 0.61491 0.85332 0.64939 0.89189 0.73127 0.61476 0.99347 0.68958 0.11438 1.00000 0.68750 0.85412 1.00000 0.63100 0.63299
129.00000 119.00000 0.23821 0.29691 1.00000 0.59794 0.63373 0.69579 0.67282 0.61718 0.61509 0.61579 0.85330 0.64984 0.89189 0.74267 0.61481 0.99361 0.68922 0.11482 1.00000 0.67708 0.85412 1.00000 0.63237 0.63565
129.00000 120.00000 0.23803 0.29810 1.00000 0.59794 0.63529 0.68227 0.68168 0.61718 0.61509 0.61551 0.85336 0.64524 0.89189 0.73371 0.61514 0.99339 0.67670 0.12877 1.00000 0.69792 0.85412 1.00000 0.63649 0.63032
129.00000 121.00000 0.83321 0.99857 1.00000 0.06027 0.18277 0.31765 0.24272 0.14659 0.14403 0.13804 0.65086 0.29648 0.24324 0.45684 0.13750 0.99355 0.51904 0.35483 0.00000 0.31250 0.65116 1.00000 0.16221 0.16086
129.00000 122.00000 0.47607 0.83266 1.00000 0.62699 0.65804 0.65705 0.54207 0.50794 0.50000 0.47124 0.86400 0.60238 0.40541 0.66368 0.47198 0.99339 0.51023 0.32414 0.00000 0.64583 0.86469 1.00000 0.48457 0.49329
129.00000 123.00000 0.59516 0.73872 0.00000 0.23809 0.01092 0.05924 0.05690 0.29318 0.20881 0.09374 0.00139 0.02041 0.02703 0.02769 0.08903 0.00182 0.05846 0.94050 0.00000 0.04167 0.00000 0.00000 0.14129 0.14849
129.00000 124.00000 0.99996 0.99834 1.00000 0.00000 0.12653 0.29519 0.25329 0.00000 0.00063 0.00396 0.62755 0.27906 0.24324 0.47313 0.00271 0.99344 0.57374 0.37895 0.00000 0.29167 0.62791 1.00000 0.01783 0.02555
129.00000 125.00000 0.83315 0.99762 1.00000 0.06027 0.18497 0.33187 0.26946 0.14659 0.14403 0.13746 0.65069 0.29963 0.27027 0.45765 0.13636 0.99339 0.53147 0.37379 0.00000 0.32292 0.65116 1.00000 0.16838 0.16195
129.00000 126.00000 0.99999 0.99810 1.00000 0.00000 0.13120 0.29649 0.24038 0.00000 0.00000 0.00360 0.62749 0.27569 0.24324 0.47150 0.00472 0.99328 0.56955 0.36925 0.00000 0.29167 0.62791 1.00000 0.01783 0.01666
129.00000 127.00000 0.83330 0.99762 1.00000 0.06027 0.18598 0.32984 0.26794 0.14659 0.14403 0.13770 0.65088 0.29557 0.24324 0.46743 0.13540 0.99355 0.52732 0.36072 0.00000 0.32292 0.65116 1.00000 0.16427 0.16977
129.00000 128.00000 0.99998 0.99822 1.00000 0.00000 0.13203 0.29877 0.22782 0.00000 0.00063 0.00649 0.62747 0.27421 0.24324 0.46498 0.00563 0.99319 0.57800 0.37628 0.00000 0.29167 0.62791 1.00000 0.01475 0.01802
129.00000 129.00000 0.59508 0.73634 0.00000 0.23809 0.01303 0.05090 0.07098 0.29318 0.20881 0.09212 0.00122 0.02293 0.02703 0.03909 0.09070 0.00190 0.06350 0.92630 0.00000 0.04167 0.00000 0.00000 0.14506 0.14997
129.00000 130.00000 0.00003 0.00131 1.00000 1.00000 0.98358 0.92420 0.91775 1.00000 1.00000 0.99294 0.99930 0.87842 1.00000 0.90065 0.99439 0.99330 0.70653 0.03702 1.00000 0.92708 1.00000 1.00000 0.98594 0.98197
129.00000 131.00000 0.99996 0.99762 1.00000 0.00000 0.13322 0.29758 0.25160 0.00000 0.00000 0.00389 0.62747 0.28063 0.24324 0.47720 0.00330 0.99325 0.58709 0.38998 0.00000 0.28125 0.62791 1.00000 0.01132 0.01531
129.00000 132.00000 0.99983 0.99762 1.00000 0.00000 0.12588 0.30221 0.25848 0.00000 0.00063 0.00582 0.62751 0.27483 0.24324 0.47720 0.00274 0.99330 0.56422 0.37643 0.00000 0.30208 0.62791 1.00000 0.01543 0.02000
129.00000 133.00000 0.47615 0.83254 1.00000 0.62699 0.66208 0.64998 0.54992 0.50794 0.50000 0.47313 0.86409 0.60391 0.40541 0.66205 0.46947 0.99347 0.50100 0.32440 0.00000 0.64583 0.86469 1.00000 0.48697 0.50143
129.00000 134.00000 0.23804 0.29857 1.00000 0.59794 0.63162 0.71359 0.69728 0.61718 0.61509 0.61460 0.85341 0.64287 0.89189 0.73616 0.61497 0.99372 0.67325 0.12302 1.00000 0.69792 0.85412 1.00000 0.62894 0.63665
129.00000 135.00000 0.47625 0.83361 1.00000 0.62699 0.66520 0.64188 0.55839 0.50794 0.50000 0.47236 0.86409 0.60619 0.40541 0.65309 0.47153 0.99347 0.51066 0.33172 0.00000 0.65625 0.86469 1.00000 0.49040 0.49231
129.00000 136.00000 0.00006 0.00036 1.00000 1.00000 0.97825 0.92079 0.91328 1.00000 1.00000 0.99487 0.99939 0.87572 1.00000 0.89739 0.99526 0.99336 0.69317 0.03552 1.00000 0.93750 1.00000 1.00000 0.97394 0.97703
129.00000 137.00000 0.59525 0.73646 0.00000 0.23809 0.01211 0.06225 0.04934 0.29318 0.20881 0.09250 0.00125 0.02603 0.02703 0.05293 0.09126 0.00176 0.05803 0.93966 0.00000 0.05208 0.00000 0.00000 0.14438 0.14410
129.00000 138.00000 0.59512 0.73634 0.00000 0.23809 0.00982 0.04191 0.06405 0.29318 0.20818 0.09183 0.00131 0.02514 0.02703 0.03909 0.09012 0.00190 0.06376 0.95339 0.00000 0.05208 0.00000 0.00000 0.13957 0.14177
129.00000 139.00000 0.83323 0.99762 1.00000 0.06027 0.19084 0.32174 0.26335 0.14659 0.14403 0.13796 0.65086 0.29661 0.24324 0.45521 0.13659 0.99355 0.52925 0.36757 0.00000 0.30208 0.65116 1.00000 0.16187 0.16381
129.00000 140.00000 0.23804 0.29727 1.00000 0.59794 0.63639 0.70199 0.68856 0.61718 0.61509 0.61517 0.85336 0.64674 0.89189 0.74267 0.61497 0.99358 0.67694 0.12189 1.00000 0.66667 0.85412 1.00000 0.62929 0.63515
129.00000 141.00000 0.83321 0.99857 1.00000 0.06027 0.18571 0.32323 0.25372 0.14659 0.14403 0.13811 0.65082 0.29735 0.24324 0.46173 0.13669 0.99352 0.52185 0.37833 0.00000 0.32292 0.65116 1.00000 0.16941 0.16470
129.00000 142.00000 0.99989 0.99929 1.00000 0.00000 0.13396 0.30126 0.25728 0.00000 0.00000 0.00437 0.62749 0.27588 0.24324 0.47720 0.00469 0.99322 0.57274 0.38712 0.00000 0.30208 0.62791 1.00000 0.01818 0.02010
129.00000 143.00000 0.59512 0.73634 0.00000 0.23809 0.00881 0.03971 0.06022 0.29318 0.20881 0.09128 0.00131 0.02041 0.02703 0.04479 0.09111 0.00187 0.07343 0.93018 0.00000 0.04167 0.00000 0.00000 0.13923 0.14943
129.00000 144.00000 0.83323 0.99869 1.00000 0.06027 0.18396 0.33916 0.25572 0.14659 0.14403 0.13732 0.65096 0.30024 0.24324 0.47231 0.13654 0.99352 0.52223 0.36632 0.00000 0.32292 0.65116 1.00000 0.16187 0.16285
129.00000 145.00000 0.00005 0.00071 1.00000 1.00000 0.98486 0.94244 0.91795 1.00000 1.00000 0.99430 0.99937 0.88166 1.00000 0.91368 0.99439 0.99347 0.68915 0.03947 1.00000 0.94792 1.00000 1.00000 0.98697 0.97466
129.00000 146.00000 0.99988 0.99929 1.00000 0.00000 0.12634 0.29294 0.25480 0.00000 0.00063 0.00382 0.62734 0.27269 0.24324 0.47394 0.00099 0.99314 0.58207 0.38185 0.00000 0.27083 0.62791 1.00000 0.01680 0.01934
129.00000 147.00000 0.00007 0.00107 1.00000 1.00000 0.97862 0.93450 0.94469 1.00000 1.00000 0.99473 0.99949 0.87326 1.00000 0.91938 0.99414 0.99355 0.70310 0.04134 1.00000 0.95833 1.00000 1.00000 0.98045 0.97665
129.00000 148.00000 0.83314 0.99834 1.00000 0.06027 0.18726 0.32968 0.25348 0.14659 0.14403 0.13632 0.65084 0.29337 0.24324 0.47883 0.13656 0.99350 0.52254 0.35981 0.00000 0.31250 0.65116 1.00000 0.15947 0.16948
129.00000 149.00000 0.00002 0.00000 1.00000 1.00000 0.98468 0.94114 0.92341 1.00000 1.00000 0.99513 0.99941 0.87257 1.00000 0.92834 0.99455 0.99358 0.69201 0.05214 1.00000 0.94792 1.00000 1.00000 0.97840 0.98341
129.00000 150.00000 0.23814 0.29691 1.00000 0.59794 0.64033 0.70619 0.67855 0.61718 0.61509 0.61396 0.85338 0.65215 0.89189 0.76221 0.61514 0.99358 0.66728 0.12116 1.00000 0.68750 0.85412 1.00000 0.62243 0.63222
129.00000 151.00000 0.59511 0.73634 0.00000 0.23809 0.01835 0.05150 0.06318 0.29318 0.20881 0.09241 0.00127 0.02166 0.02703 0.03746 0.09177 0.00182 0.07076 0.94885 0.00000 0.05208 0.00000 0.00000 0.14095 0.14557
129.00000 152.00000 0.00005 0.00024 1.00000 1.00000 0.98394 0.93688 0.92890 1.00000 1.00000 0.99334 0.99937 0.87209 1.00000 0.91450 0.99399 0.99344 0.68860 0.03731 1.00000 0.93750 1.00000 1.00000 0.98388 0.98092
129.00000 153.00000 0.99994 0.99762 1.00000 0.00000 0.12909 0.30093 0.27401 0.00000 0.00063 0.00279 0.62740 0.27409 0.24324 0.47557 0.00360 0.99330 0.57295 0.38642 0.00000 0.31250 0.62791 1.00000 0.01475 0.01771
129.00000 154.00000 0.99976 0.99762 1.00000 0.00000 0.13304 0.30256 0.25767 0.00000 0.00000 0.00456 0.62736 0.27615 0.24324 0.49511 0.00383 0.99308 0.56415 0.38613 0.00000 0.29167 0.62791 1.00000 0.01715 0.01856
129.00000 155.00000 0.99980 0.99762 1.00000 0.00000 0.12919 0.30297 0.25052 0.00000 0.00063 0.00308 0.62728 0.27093 0.24324 0.48860 0.00393 0.99325 0.56357 0.38035 0.00000 0.29167 0.62791 1.00000 0.02023 0.01634
129.00000 156.00000 0.83335 0.99941 1.00000 0.06027 0.19259 0.32526 0.25341 0.14659 0.14403 0.13608 0.65084 0.30423 0.24324 0.45684 0.13621 0.99355 0.52409 0.37266 0.00000 0.32292 0.65116 1.00000 0.15535 0.16263
129.00000 157.00000 0.23819 0.29691 1.00000 0.59794 0.64015 0.69004 0.69306 0.61718 0.61509 0.61649 0.85341 0.64812 0.89189 0.75814 0.61443 0.99358 0.67635 0.12932 1.00000 0.69792 0.85412 1.00000 0.62174 0.62751
129.00000 158.00000 0.23819 0.29691 1.00000 0.59794 0.63556 0.70343 0.69415 0.61718 0.61509 0.61575 0.85338 0.64499 0.89189 0.75977 0.61398 0.99363 0.66578 0.11065 1.00000 0.68750 0.85412 1.00000 0.62483 0.63038
129.00000 159.00000 0.59528 0.73634 0.00000 0.23809 0.01505 0.06669 0.05856 0.29318 0.20881 0.09124 0.00116 0.01917 0.02703 0.05293 0.08971 0.00168 0.05841 0.94951 0.00000 0.05208 0.00000 0.00000 0.14540 0.15071
129.00000 160.00000 0.00007 0.00154 1.00000 1.00000 0.98459 0.95817 0.92863 1.00000 1.00000 0.99165 0.99949 0.86531 1.00000 0.93974 0.99538 0.99347 0.69051 0.04936 1.00000 0.94792 1.00000 1.00000 0.97702 0.98094
129.00000 161.00000 0.99995 0.99917 1.00000 0.00000 0.12873 0.28151 0.25740 0.00000 0.00000 0.00444 0.62721 0.27421 0.24324 0.48860 0.00502 0.99295 0.55208 0.40594 0.00000 0.30208 0.62791 1.00000 0.01337 0.02610
129.00000 162.00000 0.99990 0.99762 1.00000 0.00000 0.13212 0.31467 0.23203 0.00000 0.00063 0.00477 0.62728 0.28069 0.24324 0.48453 0.00368 0.99303 0.55824 0.37269 0.00000 0.29167 0.62791 1.00000 0.01475 0.01560
129.00000 163.00000 0.83329 0.99905 1.00000 0.06027 0.18479 0.32193 0.27334 0.14659 0.14403 0.13830 0.65082 0.29933 0.24324 0.48290 0.13684 0.99333 0.51733 0.38020 0.00000 0.32292 0.65116 1.00000 0.15638 0.16071
129.00000 164.00000 0.99989 0.99762 1.00000 0.00000 0.12974 0.28568 0.26200 0.00000 0.00000 0.00461 0.62742 0.27294 0.24324 0.48616 0.00396 0.99317 0.57771 0.37972 0.00000 0.29167 0.62791 1.00000 0.01166 0.01634
129.00000 165.00000 0.59521 0.73705 0.00000 0.23809 0.01743 0.04938 0.06648 0.29318 0.20881 0.09214 0.00118 0.02333 0.02703 0.04642 0.09129 0.00174 0.05884 0.95855 0.00000 0.04167 0.00000 0.00000 0.13649 0.14110
129.00000 166.00000 0.83327 0.99762 1.00000 0.06027 0.19396 0.35966 0.28999 0.14659 0.14403 0.13622 0.65077 0.29508 0.24324 0.48208 0.13608 0.99339 0.51992 0.37116 0.00000 0.33333 0.65116 1.00000 0.15981 0.16590
129.00000 167.00000 0.00006 0.00000 1.00000 1.00000 0.98110 0.95078 0.92555 1.00000 1.00000 0.99368 0.99949 0.87564 1.00000 0.93078 0.99396 0.99355 0.68406 0.04745 1.00000 0.94792 1.00000 1.00000 0.97942 0.97977
129.00000 168.00000 0.47618 0.83135 1.00000 0.62699 0.66740 0.65873 0.56631 0.50794 0.50000 0.47284 0.86413 0.60073 0.40541 0.68730 0.47051 0.99361 0.50597 0.34080 0.00000 0.66667 0.86469 1.00000 0.48663 0.49490
129.00000 169.00000 0.99982 0.99929 1.00000 0.00000 0.12955 0.30578 0.25569 0.00000 0.00063 0.00508 0.62725 0.27395 0.24324 0.49267 0.00276 0.99295 0.54449 0.38265 0.00000 0.29167 0.62791 1.00000 0.01166 0.02019
129.00000 170.00000 0.99998 0.99774 1.00000 0.00000 0.12974 0.29140 0.25466 0.00000 0.00063 0.00365 0.62723 0.27768 0.24324 0.49023 0.00342 0.99267 0.56893 0.38741 0.00000 0.30208 0.62791 1.00000 0.01440 0.01941
129.00000 171.00000 0.23807 0.29881 1.00000 0.59794 0.64153 0.71643 0.71008 0.61718 0.61572 0.61405 0.85351 0.64452 0.89189 0.76792 0.61436 0.99383 0.68311 0.12496 1.00000 0.69792 0.85412 1.00000 0.62380 0.62751
129.00000 172.00000 0.99984 0.99893 1.00000 0.00000 0.13313 0.31131 0.25329 0.00000 0.00063 0.00284 0.62721 0.27501 0.24324 0.50814 0.00378 0.99283 0.55824 0.41235 0.00000 0.30208 0.62791 1.00000 0.01269 0.02373
129.00000 173.00000 0.99993 0.99810 1.00000 0.00000 0.13286 0.29907 0.24611 0.00000 0.00063 0.00403 0.62717 0.27408 0.24324 0.48779 0.00266 0.99283 0.56579 0.39536 0.00000 0.30208 0.62791 1.00000 0.01646 0.02004
129.00000 174.00000 0.47627 0.83314 1.00000 0.62699 0.66208 0.67271 0.56068 0.50794 0.50000 0.46998 0.86407 0.60319 0.37838 0.69055 0.47074 0.99369 0.50500 0.33740 1.00000 0.64583 0.86469 1.00000 0.48903 0.48869
129.00000 175.00000 0.99999 0.99929 1.00000 0.00000 0.13442 0.31169 0.26501 0.00000 0.00000 0.00508 0.62730 0.27215 0.24324 0.49674 0.00368 0.99289 0.56462 0.39803 0.00000 0.29167 0.62791 1.00000 0.00960 0.02104
129.00000 176.00000 0.99986 0.99964 1.00000 0.00000 0.12983 0.29668 0.27550 0.00000 0.00000 0.00410 0.62719 0.28167 0.24324 0.50407 0.00304 0.99286 0.55748 0.39960 0.00000 0.29167 0.62791 1.00000 0.01475 0.01999
129.00000 177.00000 0.23824 0.29691 1.00000 0.59794 0.64098 0.72862 0.70187 0.61718 0.61572 0.61372 0.85374 0.64645 0.89189 0.77443 0.61228 0.99405 0.65169 0.12903 1.00000 0.71875 0.85412 1.00000 0.62483 0.62769
129.00000 178.00000 0.59526 0.73658 0.00000 0.23809 0.01496 0.05231 0.08639 0.29318 0.20881 0.09183 0.00106 0.01927 0.02703 0.07085 0.09032 0.00152 0.06388 0.95127 0.00000 0.04167 0.00000 0.00000 0.13546 0.14528
129.00000 179.00000 0.99993 0.99762 1.00000 0.00000 0.13240 0.29186 0.25711 0.00000 0.00000 0.00437 0.62711 0.27153 0.24324 0.51303 0.00342 0.99261 0.55608 0.40184 0.00000 0.30208 0.62791 1.00000 0.01029 0.01155
129.00000 180.00000 0.47606 0.83135 1.00000 0.62699 0.66538 0.67753 0.56954 0.50794 0.50000 0.47043 0.86428 0.60019 0.40541 0.68485 0.46914 0.99352 0.50417 0.33751 1.00000 0.66667 0.86469 1.00000 0.48971 0.48754
129.00000 181.00000 0.83323 0.99762 1.00000 0.06027 0.19415 0.35568 0.27801 0.14659 0.14403 0.13968 0.65067 0.29949 0.24324 0.46906 0.13679 0.99300 0.51949 0.37386 0.00000 0.33333 0.65116 1.00000 0.15947 0.16194
129.00000 182.00000 0.83315 0.99762 1.00000 0.06027 0.19268 0.33783 0.27642 0.14659 0.14403 0.13699 0.65052 0.29111 0.24324 0.49186 0.13390 0.99300 0.51588 0.37397 0.00000 0.35417 0.65116 1.00000 0.15295 0.15817
129.00000 183.00000 0.47624 0.83135 1.00000 0.62699 0.66832 0.66756 0.59532 0.50794 0.50000 0.47048 0.86417 0.60049 0.40541 0.69951 0.46973 0.99363 0.51183 0.34827 1.00000 0.65625 0.86469 1.00000 0.48903 0.48882
129.00000 184.00000 0.99983 0.99762 1.00000 0.00000 0.13506 0.31873 0.27646 0.00000 0.00000 0.00425 0.62698 0.27273 0.24324 0.50896 0.00327 0.99250 0.55717 0.39309 0.00000 0.30208 0.62791 1.00000 0.01235 0.01232
129.00000 185.00000 0.00005 0.00000 1.00000 1.00000 0.98743 0.97180 0.95051 1.00000 1.00000 0.99165 0.99951 0.86799 1.00000 0.95440 0.99181 0.99380 0.66661 0.05800 1.00000 0.94792 1.00000 1.00000 0.97668 0.97281
129.00000 186.00000 0.59519 0.73634 0.00000 0.23809 0.01211 0.06607 0.08701 0.29318 0.20818 0.09219 0.00106 0.02441 0.02703 0.08469 0.09040 0.00165 0.05558 0.95745 0.00000 0.05208 0.00000 0.00000 0.13203 0.13876
129.00000 187.00000 0.00002 0.00178 1.00000 1.00000 0.99064 0.95885 0.95906 1.00000 1.00000 0.99045 0.99964 0.87572 1.00000 0.95358 0.99282 0.99363 0.68115 0.07623 1.00000 0.97917 1.00000 1.00000 0.97085 0.97452
129.00000 188.00000 0.99993 0.99762 1.00000 0.00000 0.13387 0.30072 0.28783 0.00000 0.00063 0.00317 0.62696 0.27816 0.24324 0.50814 0.00282 0.99237 0.55167 0.41407 0.00000 0.30208 0.62791 1.00000 0.01269 0.02221
129.00000 189.00000 0.59520 0.73634 0.00000 0.23809 0.01523 0.07869 0.09582 0.29318 0.20881 0.09109 0.00093 0.02834 0.02703 0.07003 0.08842 0.00135 0.05165 0.96822 0.00000 0.08333 0.00000 0.00000 0.13340 0.13664
129.00000 190.00000 0.00002 0.00000 1.00000 1.00000 0.98963 0.95175 0.94986 1.00000 1.00000 0.99317 0.99970 0.86842 1.00000 0.96498 0.99206 0.99374 0.66987 0.06514 1.00000 0.95833 1.00000 1.00000 0.96879 0.96844
129.00000 191.00000 0.83316 0.99762 1.00000 0.06027 0.18837 0.35869 0.27962 0.14659 0.14403 0.13534 0.65037 0.29628 0.24324 0.50163 0.13618 0.99311 0.50685 0.39334 0.00000 0.33333 0.65116 1.00000 0.15158 0.16066
129.00000 192.00000 0.59521 0.73765 0.00000 0.23809 0.01661 0.07883 0.09171 0.29318 0.20881 0.09121 0.00074 0.02185 0.02703 0.07980 0.08880 0.00135 0.04796 0.97093 0.00000 0.05208 0.00000 0.00000 0.13889 0.14329
129.00000 193.00000 0.47614 0.83254 1.00000 0.62699 0.66924 0.66965 0.58660 0.50794 0.50000 0.46948 0.86422 0.59854 0.40541 0.71824 0.46932 0.99374 0.48612 0.36438 1.00000 0.67708 0.86469 1.00000 0.48182 0.48685
129.00000 194.00000 0.00002 0.00095 1.00000 1.00000 0.99073 0.96630 0.97547 1.00000 1.00000 0.98902 0.99975 0.86685 1.00000 0.96743 0.99229 0.99363 0.65166 0.06821 1.00000 0.95833 1.00000 1.00000 0.97222 0.97070
129.00000 195.00000 0.47621 0.83207 1.00000 0.62699 0.66465 0.67539 0.58162 0.50794 0.50000 0.46914 0.86430 0.60304 0.37838 0.71254 0.46859 0.99385 0.49643 0.35146 1.00000 0.66667 0.86469 1.00000 0.47737 0.48670
129.00000 196.00000 0.47614 0.83135 1.00000 0.62699 0.66703 0.67628 0.59775 0.50794 0.50000 0.46929 0.86422 0.60148 0.37838 0.70358 0.46805 0.99385 0.49038 0.35428 1.00000 0.67708 0.86469 1.00000 0.48834 0.48867
129.00000 197.00000 0.59531 0.73694 0.00000 0.23809 0.01349 0.07547 0.09551 0.29318 0.20881 0.09045 0.00084 0.02467 0.02703 0.08713 0.08857 0.00118 0.04953 0.97745 0.00000 0.07292 0.00000 0.00000 0.13169 0.14153
129.00000 198.00000 0.99982 0.99905 1.00000 0.00000 0.13634 0.30559 0.28908 0.00000 0.00063 0.00332 0.62677 0.26939 0.24324 0.54153 0.00218 0.99228 0.54872 0.40550 0.00000 0.32292 0.62791 1.00000 0.00720 0.01304
129.00000 199.00000 0.47614 0.83147 1.00000 0.62699 0.66621 0.69441 0.60083 0.50794 0.50000 0.46905 0.86430 0.60085 0.37838 0.71661 0.46843 0.99383 0.48005 0.36815 1.00000 0.67708 0.86469 1.00000 0.48834 0.48117
129.00000 200.00000 0.83323 0.99762 1.00000 0.06027 0.19066 0.37009 0.29165 0.14659 0.14403 0.13608 0.65056 0.29203 0.24324 0.52280 0.13481 0.99278 0.50652 0.40887 0.00000 0.34375 0.65116 1.00000 0.14781 0.16042
129.00000 201.00000 0.00001 0.00000 1.00000 1.00000 0.99633 0.95110 0.97138 1.00000 1.00000 0.98945 0.99973 0.87302 1.00000 0.96661 0.98975 0.99396 0.65802 0.06199 1.00000 0.97917 1.00000 1.00000 0.97291 0.97002
129.00000 202.00000 0.99978 0.99941 1.00000 0.00000 0.13543 0.31705 0.29045 0.00000 0.00063 0.00284 0.62670 0.26925 0.24324 0.51792 0.00304 0.99209 0.52723 0.41484 0.00000 0.32292 0.62791 1.00000 0.01269 0.01526
