66.00000 1.00000 0.99996 0.99762 1.00000 0.00000 0.13081 0.27727 0.23110 0.00000 0.00188 0.00465 0.62700 0.27823 0.23077 0.45860 0.00393 0.99303 0.56818 0.40102 0.00000 0.27835 0.62791 1.00000 0.00908 0.01470
66.00000 2.00000 0.99988 0.99762 1.00000 0.00000 0.12209 0.29544 0.20358 0.00000 0.00188 0.00515 0.62709 0.26860 0.23077 0.45698 0.00342 0.99308 0.54298 0.40462 0.00000 0.28866 0.62791 1.00000 0.01312 0.01738
66.00000 3.00000 0.83317 0.99762 1.00000 0.06027 0.18194 0.29571 0.21664 0.14659 0.14492 0.13176 0.65007 0.29677 0.23077 0.44805 0.13168 0.99286 0.51937 0.39943 0.00000 0.30928 0.65116 1.00000 0.15473 0.15939
66.00000 4.00000 0.99997 0.99810 1.00000 0.00000 0.12071 0.27211 0.21249 0.00000 0.00188 0.00506 0.62703 0.26402 0.23077 0.45698 0.00352 0.99297 0.55085 0.41614 0.00000 0.26804 0.62791 1.00000 0.01749 0.01512
66.00000 5.00000 0.99977 0.99762 1.00000 0.00000 0.12851 0.27791 0.19693 0.00000 0.00188 0.00407 0.62713 0.26931 0.23077 0.45373 0.00506 0.99314 0.55825 0.40770 0.00000 0.28866 0.62791 1.00000 0.01446 0.01862
66.00000 6.00000 0.99991 0.99762 1.00000 0.00000 0.12273 0.26668 0.21436 0.00000 0.00188 0.00508 0.62709 0.26856 0.23077 0.45536 0.00418 0.99311 0.55258 0.42026 0.00000 0.26804 0.62791 1.00000 0.01345 0.02077
66.00000 7.00000 0.00005 0.00202 1.00000 1.00000 0.97990 0.90562 0.88757 1.00000 0.99875 0.95771 0.99863 0.87442 0.94872 0.88961 0.95916 0.99289 0.69195 0.07573 1.00000 0.92784 1.00000 1.00000 0.97074 0.97474
66.00000 8.00000 0.23815 0.29691 1.00000 0.59794 0.62677 0.67281 0.66446 0.61718 0.61481 0.59323 0.85244 0.64466 0.84615 0.71834 0.59150 0.99292 0.65701 0.15488 1.00000 0.69072 0.85412 1.00000 0.62361 0.62319
66.00000 9.00000 0.23803 0.29691 1.00000 0.59794 0.62741 0.67704 0.66600 0.61718 0.61481 0.59378 0.85242 0.64539 0.84615 0.72565 0.59248 0.99311 0.66499 0.16135 1.00000 0.67010 0.85412 1.00000 0.61655 0.61605
66.00000 10.00000 0.99995 0.99762 1.00000 0.00000 0.12475 0.27629 0.20420 0.00000 0.00188 0.00525 0.62705 0.26361 0.23077 0.46023 0.00354 0.99311 0.54580 0.39736 0.00000 0.26804 0.62791 1.00000 0.01648 0.01884
66.00000 11.00000 0.47621 0.83171 1.00000 0.62699 0.65155 0.63122 0.52293 0.50794 0.49875 0.45477 0.86308 0.59408 0.35897 0.63718 0.45381 0.99275 0.51199 0.35837 0.00000 0.60825 0.86469 1.00000 0.48369 0.48149
66.00000 12.00000 0.99999 0.99786 1.00000 0.00000 0.12759 0.27268 0.21472 0.00000 0.00188 0.00635 0.62724 0.26804 0.23077 0.45130 0.00376 0.99306 0.53538 0.41158 0.00000 0.27835 0.62791 1.00000 0.01682 0.01835
66.00000 13.00000 0.47611 0.83183 1.00000 0.62699 0.65476 0.62039 0.51301 0.50794 0.49875 0.45339 0.86304 0.59870 0.35897 0.63474 0.45342 0.99262 0.50614 0.35460 0.00000 0.62887 0.86469 1.00000 0.48806 0.48509
66.00000 14.00000 0.99998 0.99762 1.00000 0.00000 0.12860 0.29098 0.21290 0.00000 0.00188 0.00387 0.62707 0.27205 0.23077 0.45049 0.00403 0.99325 0.55188 0.39929 0.00000 0.26804 0.62791 1.00000 0.01379 0.01820
66.00000 15.00000 0.99985 0.99762 1.00000 0.00000 0.12778 0.25275 0.19582 0.00000 0.00188 0.00421 0.62705 0.27004 0.23077 0.45779 0.00340 0.99300 0.54959 0.40431 0.00000 0.27835 0.62791 1.00000 0.01379 0.01677
66.00000 16.00000 0.23816 0.29691 1.00000 0.59794 0.62759 0.68358 0.65822 0.61718 0.61481 0.59231 0.85244 0.64245 0.84615 0.73133 0.59248 0.99286 0.66102 0.15028 1.00000 0.68041 0.85412 1.00000 0.62227 0.63003
66.00000 17.00000 0.59524 0.73634 0.00000 0.23809 0.00964 0.03861 0.03742 0.29318 0.20954 0.08886 0.00108 0.01558 0.02564 0.04545 0.08825 0.00149 0.04891 0.92372 0.00000 0.03093 0.00000 0.00000 0.13690 0.13875
66.00000 18.00000 0.00002 0.00095 1.00000 1.00000 0.97898 0.92701 0.88860 1.00000 0.99875 0.96054 0.99852 0.87582 0.94872 0.87500 0.95958 0.99303 0.67425 0.07559 1.00000 0.88660 1.00000 1.00000 0.97309 0.96457
66.00000 19.00000 0.59523 0.73634 0.00000 0.23809 0.00275 0.03248 0.02097 0.29318 0.20954 0.08890 0.00112 0.00958 0.02564 0.01786 0.08727 0.00160 0.05434 0.93216 0.00000 0.02062 0.00000 0.00000 0.13824 0.14150
66.00000 20.00000 0.83326 0.99762 1.00000 0.06027 0.17716 0.31588 0.21153 0.14659 0.14492 0.13301 0.64996 0.29108 0.23077 0.44399 0.13151 0.99300 0.52033 0.38587 0.00000 0.30928 0.65116 1.00000 0.15203 0.16201
66.00000 21.00000 0.99981 0.99762 1.00000 0.00000 0.12548 0.26582 0.21746 0.00000 0.00188 0.00584 0.62705 0.26492 0.23077 0.45211 0.00354 0.99319 0.55198 0.40476 0.00000 0.25773 0.62791 1.00000 0.01547 0.01117
66.00000 22.00000 0.99989 0.99762 1.00000 0.00000 0.12594 0.26846 0.20000 0.00000 0.00188 0.00437 0.62709 0.26580 0.23077 0.46429 0.00345 0.99306 0.55116 0.40047 0.00000 0.27835 0.62791 1.00000 0.01648 0.01702
66.00000 23.00000 0.99976 0.99917 1.00000 0.00000 0.12539 0.27208 0.21359 0.00000 0.00188 0.00658 0.62713 0.26771 0.23077 0.45455 0.00345 0.99306 0.55577 0.41445 0.00000 0.26804 0.62791 1.00000 0.01682 0.01545
66.00000 24.00000 0.47618 0.83135 1.00000 0.62699 0.65724 0.62236 0.51382 0.50794 0.49937 0.45541 0.86306 0.59876 0.35897 0.64692 0.45332 0.99275 0.50684 0.34335 0.00000 0.61856 0.86469 1.00000 0.48638 0.48599
66.00000 25.00000 0.59519 0.73634 0.00000 0.23809 0.01129 0.03173 0.02817 0.29318 0.20954 0.08881 0.00114 0.01536 0.02564 0.03247 0.08808 0.00160 0.05345 0.92998 0.00000 0.03093 0.00000 0.00000 0.13791 0.13949
66.00000 26.00000 0.59519 0.73634 0.00000 0.23809 0.00936 0.05352 0.02392 0.29318 0.20954 0.08982 0.00120 0.01786 0.02564 0.02029 0.08779 0.00143 0.04889 0.92538 0.00000 0.04124 0.00000 0.00000 0.13152 0.14252
66.00000 27.00000 0.99990 0.99846 1.00000 0.00000 0.12576 0.27762 0.22025 0.00000 0.00188 0.00347 0.62703 0.26724 0.23077 0.44481 0.00367 0.99306 0.54952 0.40383 0.00000 0.27835 0.62791 1.00000 0.01581 0.01739
66.00000 28.00000 0.47608 0.83135 1.00000 0.62699 0.65458 0.64745 0.52422 0.50794 0.49875 0.45394 0.86308 0.60228 0.35897 0.64367 0.45278 0.99270 0.50908 0.35785 0.00000 0.61856 0.86469 1.00000 0.48133 0.48233
66.00000 29.00000 0.99985 0.99774 1.00000 0.00000 0.12438 0.26190 0.20420 0.00000 0.00188 0.00476 0.62703 0.26456 0.23077 0.46672 0.00450 0.99297 0.56097 0.40832 0.00000 0.27835 0.62791 1.00000 0.01547 0.01671
66.00000 30.00000 0.59511 0.73812 0.00000 0.23809 0.00670 0.02719 0.03540 0.29318 0.20954 0.08879 0.00116 0.00986 0.02564 0.03328 0.08691 0.00165 0.04612 0.93617 0.00000 0.03093 0.00000 0.00000 0.14094 0.13792
66.00000 31.00000 0.00004 0.00000 1.00000 1.00000 0.97815 0.91243 0.87993 1.00000 0.99875 0.96008 0.99857 0.87925 0.94872 0.89854 0.95838 0.99295 0.68803 0.08192 1.00000 0.90722 1.00000 1.00000 0.96905 0.97342
66.00000 32.00000 0.23802 0.29691 1.00000 0.59794 0.63374 0.70040 0.66086 0.61718 0.61481 0.59155 0.85244 0.65037 0.84615 0.72159 0.59277 0.99286 0.65807 0.13582 1.00000 0.68041 0.85412 1.00000 0.61958 0.61459
66.00000 33.00000 0.23822 0.29715 1.00000 0.59794 0.63384 0.68536 0.65495 0.61718 0.61481 0.59323 0.85240 0.64101 0.84615 0.73458 0.59353 0.99278 0.67148 0.15582 1.00000 0.69072 0.85412 1.00000 0.62395 0.62540
66.00000 34.00000 0.59529 0.73634 0.00000 0.23809 0.01239 0.02962 0.05238 0.29318 0.20954 0.08971 0.00114 0.01095 0.02564 0.03896 0.08722 0.00160 0.05252 0.92278 0.00000 0.04124 0.00000 0.00000 0.14127 0.13625
66.00000 35.00000 0.47613 0.83135 1.00000 0.62699 0.65421 0.62974 0.51219 0.50794 0.49937 0.45433 0.86316 0.60121 0.35897 0.64773 0.45310 0.99300 0.51463 0.35069 0.00000 0.61856 0.86469 1.00000 0.48402 0.48187
66.00000 36.00000 0.99984 0.99762 1.00000 0.00000 0.12521 0.28124 0.21271 0.00000 0.00188 0.00451 0.62698 0.26194 0.23077 0.44968 0.00362 0.99306 0.54967 0.41099 0.00000 0.27835 0.62791 1.00000 0.01514 0.01811
66.00000 37.00000 0.00004 0.00214 1.00000 1.00000 0.97769 0.91157 0.90275 1.00000 0.99875 0.95928 0.99863 0.88097 0.94872 0.90179 0.95794 0.99295 0.67492 0.08099 1.00000 0.91753 1.00000 1.00000 0.96838 0.97584
66.00000 38.00000 0.99992 0.99869 1.00000 0.00000 0.12401 0.27489 0.20432 0.00000 0.00188 0.00504 0.62705 0.27114 0.23077 0.45942 0.00354 0.99314 0.54022 0.40144 0.00000 0.27835 0.62791 1.00000 0.01783 0.01291
66.00000 39.00000 0.99980 0.99774 1.00000 0.00000 0.11667 0.27022 0.22042 0.00000 0.00188 0.00511 0.62700 0.26507 0.23077 0.45373 0.00301 0.99295 0.55159 0.39985 0.00000 0.27835 0.62791 1.00000 0.01749 0.01475
66.00000 40.00000 0.59521 0.73800 0.00000 0.23809 0.00661 0.02112 0.04650 0.29318 0.20954 0.09030 0.00114 0.01242 0.02564 0.03084 0.08664 0.00154 0.05216 0.91728 0.00000 0.03093 0.00000 0.00000 0.13791 0.13698
66.00000 41.00000 0.59514 0.73634 0.00000 0.23809 0.00835 0.02746 0.02673 0.29318 0.20954 0.09014 0.00124 0.01458 0.02564 0.03084 0.08669 0.00171 0.05345 0.91721 0.00000 0.04124 0.00000 0.00000 0.13892 0.14256
66.00000 42.00000 0.83336 0.99810 1.00000 0.06027 0.18028 0.31348 0.22392 0.14659 0.14492 0.13370 0.65015 0.29055 0.23077 0.43344 0.13082 0.99289 0.52112 0.38926 0.00000 0.30928 0.65116 1.00000 0.15977 0.15695
66.00000 43.00000 0.83324 0.99905 1.00000 0.06027 0.18028 0.32876 0.22491 0.14659 0.14492 0.13193 0.65005 0.29506 0.23077 0.44075 0.13317 0.99289 0.51656 0.39604 0.00000 0.29897 0.65116 1.00000 0.15910 0.15740
66.00000 44.00000 0.99987 0.99762 1.00000 0.00000 0.12236 0.27794 0.21114 0.00000 0.00188 0.00683 0.62707 0.26821 0.23077 0.45779 0.00357 0.99317 0.56003 0.40307 0.00000 0.28866 0.62791 1.00000 0.01749 0.01543
66.00000 45.00000 0.00004 0.00000 1.00000 1.00000 0.97595 0.90676 0.88928 1.00000 0.99875 0.96091 0.99861 0.87741 0.94872 0.88312 0.95972 0.99286 0.68988 0.07517 1.00000 0.92784 1.00000 1.00000 0.97679 0.97375
66.00000 46.00000 0.00003 0.00000 1.00000 1.00000 0.97512 0.90171 0.87883 1.00000 0.99875 0.95958 0.99863 0.87554 0.94872 0.88231 0.95990 0.99308 0.68793 0.06940 1.00000 0.91753 1.00000 1.00000 0.97040 0.97224
66.00000 47.00000 0.59524 0.73634 0.00000 0.23809 0.00294 0.02825 0.04057 0.29318 0.20954 0.09095 0.00120 0.01323 0.02564 0.01948 0.08710 0.00160 0.04877 0.93347 0.00000 0.04124 0.00000 0.00000 0.14161 0.13875
66.00000 48.00000 0.00003 0.00000 1.00000 1.00000 0.97696 0.89445 0.88575 1.00000 0.99875 0.95794 0.99857 0.88016 0.94872 0.88231 0.96058 0.99295 0.69445 0.09327 1.00000 0.90722 1.00000 1.00000 0.97040 0.97121
66.00000 49.00000 0.47611 0.83135 1.00000 0.62699 0.65789 0.61745 0.51351 0.50794 0.49937 0.45486 0.86314 0.60533 0.35897 0.64692 0.45308 0.99270 0.51131 0.36145 0.00000 0.62887 0.86469 1.00000 0.48671 0.48284
66.00000 50.00000 0.59524 0.73800 0.00000 0.23809 0.00845 0.03870 0.04028 0.29318 0.20954 0.08874 0.00129 0.01243 0.02564 0.04545 0.08681 0.00168 0.04634 0.92988 0.00000 0.04124 0.00000 0.00000 0.14094 0.13854
66.00000 51.00000 0.00004 0.00000 1.00000 1.00000 0.97678 0.91791 0.89823 1.00000 0.99875 0.96027 0.99840 0.87666 0.94872 0.89854 0.95909 0.99306 0.68156 0.08223 1.00000 0.90722 1.00000 1.00000 0.96569 0.97114
66.00000 52.00000 0.23801 0.29727 1.00000 0.59794 0.62869 0.67461 0.65733 0.61718 0.61481 0.59242 0.85240 0.65520 0.84615 0.72727 0.59289 0.99284 0.67170 0.15537 1.00000 0.68041 0.85412 1.00000 0.62126 0.62539
66.00000 53.00000 0.59527 0.73634 0.00000 0.23809 0.01359 0.03165 0.04246 0.29318 0.20954 0.08950 0.00127 0.01712 0.02564 0.03490 0.08730 0.00163 0.05603 0.92500 0.00000 0.03093 0.00000 0.00000 0.14026 0.14015
66.00000 54.00000 0.47606 0.83135 1.00000 0.62699 0.65440 0.63179 0.52408 0.50794 0.49875 0.45426 0.86306 0.60479 0.35897 0.65909 0.45359 0.99284 0.50775 0.34232 0.00000 0.63918 0.86469 1.00000 0.48638 0.48892
66.00000 55.00000 0.99988 0.99762 1.00000 0.00000 0.12282 0.29096 0.21129 0.00000 0.00188 0.00442 0.62707 0.27032 0.23077 0.45292 0.00506 0.99311 0.54519 0.41085 0.00000 0.27835 0.62791 1.00000 0.01514 0.01265
66.00000 56.00000 0.23807 0.29822 1.00000 0.59794 0.63182 0.68579 0.65234 0.61718 0.61481 0.59286 0.85255 0.65049 0.84615 0.73701 0.59238 0.99303 0.67353 0.16094 1.00000 0.68041 0.85412 1.00000 0.61924 0.62434
66.00000 57.00000 0.59516 0.73705 0.00000 0.23809 0.01193 0.03400 0.04107 0.29318 0.20954 0.08890 0.00108 0.01519 0.02564 0.03409 0.08783 0.00176 0.05422 0.93711 0.00000 0.05155 0.00000 0.00000 0.14363 0.13822
66.00000 58.00000 0.47620 0.83135 1.00000 0.62699 0.65375 0.61680 0.50198 0.50794 0.49875 0.45518 0.86314 0.59995 0.35897 0.65503 0.45432 0.99275 0.51172 0.34688 0.00000 0.62887 0.86469 1.00000 0.49008 0.48089
66.00000 59.00000 0.83323 0.99762 1.00000 0.06027 0.17909 0.32066 0.22940 0.14659 0.14492 0.13225 0.65019 0.29729 0.23077 0.43912 0.13405 0.99297 0.52714 0.38283 0.00000 0.31959 0.65116 1.00000 0.15843 0.16343
66.00000 60.00000 0.23817 0.29869 1.00000 0.59794 0.62842 0.68344 0.64909 0.61718 0.61481 0.59378 0.85225 0.65090 0.84615 0.72403 0.59304 0.99286 0.67360 0.13876 1.00000 0.65979 0.85412 1.00000 0.62126 0.62355
66.00000 61.00000 0.23808 0.29798 1.00000 0.59794 0.63172 0.63981 0.65507 0.61718 0.61481 0.59348 0.85251 0.64633 0.84615 0.71753 0.59196 0.99286 0.66660 0.16031 1.00000 0.67010 0.85412 1.00000 0.61924 0.61509
66.00000 62.00000 0.83313 0.99917 1.00000 0.06027 0.17955 0.33338 0.22704 0.14659 0.14492 0.13360 0.65011 0.29423 0.23077 0.44968 0.13170 0.99292 0.50617 0.38705 0.00000 0.30928 0.65116 1.00000 0.15304 0.15351
66.00000 63.00000 0.59517 0.73753 0.00000 0.23809 0.00744 0.00878 0.03012 0.29318 0.20954 0.09127 0.00120 0.01370 0.02564 0.02841 0.08693 0.00163 0.05838 0.91825 0.00000 0.03093 0.00000 0.00000 0.13892 0.14534
66.00000 64.00000 0.99981 0.99774 1.00000 0.00000 0.12814 0.29922 0.20082 0.00000 0.00188 0.00472 0.62715 0.26455 0.23077 0.46753 0.00310 0.99306 0.56001 0.41867 0.00000 0.26804 0.62791 1.00000 0.01312 0.01201
66.00000 65.00000 0.83318 0.99846 1.00000 0.06027 0.17854 0.31232 0.22385 0.14659 0.14492 0.13489 0.65007 0.29385 0.23077 0.45860 0.13334 0.99275 0.51711 0.39383 0.00000 0.32990 0.65116 1.00000 0.16414 0.16401
66.00000 66.00000 0.47626 0.83135 1.00000 0.62699 0.65632 0.64637 0.51750 0.50794 0.49875 0.45343 0.86320 0.60605 0.35897 0.63880 0.45401 0.99289 0.50949 0.34259 0.00000 0.61856 0.86469 1.00000 0.48537 0.48493
66.00000 67.00000 0.23814 0.29846 1.00000 0.59794 0.62750 0.66962 0.65200 0.61718 0.61481 0.59362 0.85257 0.64863 0.84615 0.74594 0.59348 0.99284 0.67454 0.16384 1.00000 0.67010 0.85412 1.00000 0.62361 0.62016
66.00000 68.00000 0.23818 0.29691 1.00000 0.59794 0.63099 0.66832 0.66730 0.61718 0.61481 0.59341 0.85251 0.65019 0.84615 0.72484 0.59309 0.99292 0.67757 0.15111 1.00000 0.68041 0.85412 1.00000 0.61991 0.62540
66.00000 69.00000 0.00004 0.00000 1.00000 1.00000 0.97650 0.92050 0.89855 1.00000 0.99875 0.96197 0.99859 0.88400 0.94872 0.88718 0.96043 0.99314 0.68728 0.07614 1.00000 0.91753 1.00000 1.00000 0.97175 0.97391
66.00000 70.00000 0.99977 0.99762 1.00000 0.00000 0.12355 0.28288 0.20908 0.00000 0.00188 0.00324 0.62705 0.26689 0.23077 0.44724 0.00494 0.99319 0.55724 0.40507 0.00000 0.26804 0.62791 1.00000 0.01715 0.01524
66.00000 71.00000 0.00007 0.00154 1.00000 1.00000 0.97907 0.90055 0.89631 1.00000 0.99875 0.96162 0.99852 0.87633 0.94872 0.89773 0.95992 0.99297 0.70212 0.06964 1.00000 0.89691 1.00000 1.00000 0.96737 0.96820
66.00000 72.00000 0.99986 0.99762 1.00000 0.00000 0.12603 0.27605 0.21806 0.00000 0.00188 0.00495 0.62711 0.27202 0.23077 0.45698 0.00552 0.99328 0.56595 0.40217 0.00000 0.26804 0.62791 1.00000 0.01379 0.01756
66.00000 73.00000 0.83322 0.99881 1.00000 0.06027 0.17872 0.31159 0.22784 0.14659 0.14492 0.13321 0.65015 0.29606 0.23077 0.44805 0.13317 0.99308 0.51951 0.39455 0.00000 0.30928 0.65116 1.00000 0.15473 0.16405
66.00000 74.00000 0.47618 0.83135 1.00000 0.62699 0.65513 0.62606 0.50945 0.50794 0.49937 0.45553 0.86323 0.60323 0.35897 0.64610 0.45596 0.99306 0.50518 0.35692 0.00000 0.62887 0.86469 1.00000 0.49210 0.48694
66.00000 75.00000 0.83313 0.99774 1.00000 0.06027 0.17725 0.29676 0.24230 0.14659 0.14492 0.13374 0.65015 0.29266 0.23077 0.44075 0.13209 0.99303 0.50968 0.40116 0.00000 0.30928 0.65116 1.00000 0.15742 0.15773
66.00000 76.00000 0.23821 0.29691 1.00000 0.59794 0.62998 0.67934 0.66050 0.61718 0.61481 0.59380 0.85253 0.64835 0.84615 0.72646 0.59556 0.99284 0.67884 0.13897 1.00000 0.68041 0.85412 1.00000 0.62731 0.62392
66.00000 77.00000 0.00004 0.00000 1.00000 1.00000 0.97586 0.92253 0.89701 1.00000 0.99875 0.96038 0.99854 0.87948 0.94872 0.89286 0.96246 0.99300 0.69692 0.08334 1.00000 0.91753 1.00000 1.00000 0.97343 0.97721
66.00000 78.00000 0.99983 0.99762 1.00000 0.00000 0.12429 0.27721 0.21929 0.00000 0.00188 0.00481 0.62707 0.27270 0.23077 0.45373 0.00533 0.99319 0.56484 0.38999 0.00000 0.27835 0.62791 1.00000 0.02085 0.00911
66.00000 79.00000 1.00000 0.99762 1.00000 0.00000 0.12172 0.27513 0.23211 0.00000 0.00188 0.00605 0.62711 0.26620 0.23077 0.46023 0.00528 0.99314 0.56311 0.40974 0.00000 0.26804 0.62791 1.00000 0.01009 0.01481
66.00000 80.00000 0.23808 0.29691 1.00000 0.59794 0.62961 0.67956 0.66886 0.61718 0.61481 0.59569 0.85259 0.65015 0.84615 0.72971 0.59490 0.99300 0.68024 0.14644 1.00000 0.67010 0.85412 1.00000 0.62227 0.62796
66.00000 81.00000 0.00001 0.00000 1.00000 1.00000 0.97852 0.91535 0.87724 1.00000 0.99875 0.96247 0.99859 0.87374 0.94872 0.90990 0.96166 0.99300 0.69962 0.08386 1.00000 0.91753 1.00000 1.00000 0.96670 0.97377
66.00000 82.00000 0.23818 0.29846 1.00000 0.59794 0.63595 0.67964 0.65363 0.61718 0.61481 0.59463 0.85253 0.65032 0.84615 0.73864 0.59443 0.99300 0.66994 0.15713 1.00000 0.67010 0.85412 1.00000 0.62563 0.62746
66.00000 83.00000 0.99977 0.99941 1.00000 0.00000 0.12585 0.26182 0.20857 0.00000 0.00188 0.00499 0.62707 0.26790 0.23077 0.45698 0.00474 0.99317 0.55563 0.40552 0.00000 0.28866 0.62791 1.00000 0.01850 0.01728
66.00000 84.00000 0.99987 0.99774 1.00000 0.00000 0.12713 0.28958 0.20761 0.00000 0.00188 0.00559 0.62726 0.26857 0.23077 0.46997 0.00523 0.99330 0.55592 0.40590 0.00000 0.26804 0.62791 1.00000 0.01615 0.01284
66.00000 85.00000 0.99983 0.99822 1.00000 0.00000 0.12374 0.29322 0.22680 0.00000 0.00188 0.00506 0.62711 0.26920 0.23077 0.47565 0.00420 0.99325 0.55861 0.39272 0.00000 0.28866 0.62791 1.00000 0.01682 0.02196
66.00000 86.00000 0.23804 0.29691 1.00000 0.59794 0.62906 0.67348 0.64684 0.61718 0.61481 0.59435 0.85253 0.65226 0.84615 0.73864 0.59372 0.99297 0.68233 0.15564 1.00000 0.68041 0.85412 1.00000 0.62260 0.63133
66.00000 87.00000 0.83328 0.99952 1.00000 0.06027 0.18102 0.31445 0.23795 0.14659 0.14492 0.13411 0.65034 0.29965 0.23077 0.46185 0.13317 0.99306 0.53072 0.39092 0.00000 0.30928 0.65116 1.00000 0.15540 0.15625
66.00000 88.00000 0.00003 0.00000 1.00000 1.00000 0.97907 0.92693 0.88529 1.00000 0.99875 0.96319 0.99865 0.87545 0.94872 0.90747 0.96085 0.99303 0.70359 0.06860 1.00000 0.91753 1.00000 1.00000 0.97208 0.97142
66.00000 89.00000 0.83314 0.99762 1.00000 0.06027 0.17836 0.30667 0.23831 0.14659 0.14492 0.13480 0.65022 0.29212 0.23077 0.45292 0.13420 0.99317 0.52706 0.38096 0.00000 0.30928 0.65116 1.00000 0.15103 0.16596
66.00000 90.00000 0.00005 0.00000 1.00000 1.00000 0.97687 0.91275 0.91027 1.00000 0.99875 0.96461 0.99867 0.87834 0.94872 0.89529 0.96354 0.99314 0.68444 0.04871 1.00000 0.91753 1.00000 1.00000 0.97107 0.97044
66.00000 91.00000 0.59529 0.73634 0.00000 0.23809 0.00964 0.04104 0.04335 0.29318 0.20954 0.08968 0.00116 0.01567 0.02564 0.02679 0.08911 0.00182 0.06339 0.92922 0.00000 0.04124 0.00000 0.00000 0.14161 0.13989
66.00000 92.00000 0.99984 0.99822 1.00000 0.00000 0.12658 0.28415 0.21501 0.00000 0.00188 0.00561 0.62719 0.27578 0.23077 0.45860 0.00494 0.99311 0.56313 0.39729 0.00000 0.27835 0.62791 1.00000 0.01076 0.01305
66.00000 93.00000 0.00007 0.00000 1.00000 1.00000 0.97834 0.93317 0.87736 1.00000 0.99875 0.96033 0.99857 0.87738 0.94872 0.89529 0.96183 0.99292 0.69796 0.06819 1.00000 0.91753 1.00000 1.00000 0.97511 0.97233
66.00000 94.00000 0.23817 0.29691 1.00000 0.59794 0.62888 0.66487 0.67400 0.61718 0.61481 0.59511 0.85255 0.65061 0.84615 0.73620 0.59451 0.99297 0.69308 0.14063 1.00000 0.68041 0.85412 1.00000 0.62294 0.62369
66.00000 95.00000 0.83333 0.99893 1.00000 0.06027 0.18037 0.31769 0.23012 0.14659 0.14492 0.13344 0.65030 0.29569 0.23077 0.45536 0.13305 0.99311 0.53885 0.38684 0.00000 0.31959 0.65116 1.00000 0.16246 0.16523
66.00000 96.00000 0.83332 0.99762 1.00000 0.06027 0.17643 0.30570 0.22733 0.14659 0.14492 0.13331 0.65013 0.29008 0.23077 0.45455 0.13366 0.99289 0.51896 0.37532 0.00000 0.30928 0.65116 1.00000 0.15607 0.16076
66.00000 97.00000 0.83324 0.99762 1.00000 0.06027 0.17799 0.33019 0.21751 0.14659 0.14492 0.13496 0.65026 0.29756 0.23077 0.45617 0.13427 0.99317 0.52764 0.38009 0.00000 0.30928 0.65116 1.00000 0.16650 0.15889
66.00000 98.00000 0.00004 0.00000 1.00000 1.00000 0.97696 0.90365 0.88231 1.00000 0.99875 0.96342 0.99878 0.87747 0.94872 0.90341 0.96332 0.99314 0.69555 0.06099 1.00000 0.90722 1.00000 1.00000 0.97208 0.97195
66.00000 99.00000 0.99998 0.99929 1.00000 0.00000 0.12787 0.29223 0.20944 0.00000 0.00188 0.00554 0.62728 0.27322 0.23077 0.45942 0.00528 0.99325 0.58078 0.39300 0.00000 0.28866 0.62791 1.00000 0.01783 0.01379
66.00000 100.00000 0.83327 0.99881 1.00000 0.06027 0.18129 0.31917 0.22431 0.14659 0.14492 0.13418 0.65028 0.29875 0.23077 0.44399 0.13349 0.99308 0.52872 0.39272 0.00000 0.31959 0.65116 1.00000 0.15439 0.16694
66.00000 101.00000 0.23803 0.29691 1.00000 0.59794 0.63108 0.69446 0.65474 0.61718 0.61481 0.59560 0.85268 0.65310 0.84615 0.73782 0.59507 0.99317 0.69370 0.14326 1.00000 0.68041 0.85412 1.00000 0.61789 0.63169
66.00000 102.00000 0.99998 0.99869 1.00000 0.00000 0.12310 0.27535 0.21520 0.00000 0.00188 0.00663 0.62717 0.27113 0.23077 0.46672 0.00599 0.99333 0.57006 0.40054 0.00000 0.27835 0.62791 1.00000 0.01144 0.01976
66.00000 103.00000 0.99982 0.99988 1.00000 0.00000 0.12557 0.27351 0.20879 0.00000 0.00188 0.00607 0.62713 0.27283 0.23077 0.46997 0.00401 0.99330 0.56224 0.40825 0.00000 0.28866 0.62791 1.00000 0.01715 0.01413
66.00000 104.00000 0.47626 0.83183 1.00000 0.62699 0.65917 0.64575 0.52151 0.50794 0.49875 0.45757 0.86327 0.60469 0.35897 0.64286 0.45623 0.99319 0.50864 0.35442 0.00000 0.64948 0.86469 1.00000 0.48335 0.48348
66.00000 105.00000 0.23818 0.29691 1.00000 0.59794 0.62833 0.68620 0.67189 0.61718 0.61481 0.59721 0.85265 0.65692 0.84615 0.73377 0.59612 0.99306 0.69654 0.14938 1.00000 0.67010 0.85412 1.00000 0.62799 0.62506
66.00000 106.00000 0.47615 0.83302 1.00000 0.62699 0.65587 0.63805 0.53162 0.50794 0.49875 0.45718 0.86342 0.60772 0.38462 0.65179 0.45577 0.99308 0.51658 0.34034 0.00000 0.63918 0.86469 1.00000 0.48570 0.47896
66.00000 107.00000 0.83328 0.99762 1.00000 0.06027 0.17918 0.31313 0.24657 0.14659 0.14492 0.13565 0.65036 0.29663 0.23077 0.45130 0.13380 0.99339 0.54320 0.38252 0.00000 0.30928 0.65116 1.00000 0.16044 0.15755
66.00000 108.00000 0.23802 0.29846 1.00000 0.59794 0.63347 0.67189 0.67479 0.61718 0.61481 0.59746 0.85272 0.64640 0.84615 0.73620 0.59651 0.99311 0.69394 0.14177 1.00000 0.69072 0.85412 1.00000 0.62260 0.61608
66.00000 109.00000 0.99977 0.99762 1.00000 0.00000 0.13035 0.27797 0.21211 0.00000 0.00188 0.00612 0.62730 0.27904 0.23077 0.47159 0.00711 0.99325 0.57318 0.38802 0.00000 0.28866 0.62791 1.00000 0.02018 0.01306
66.00000 110.00000 0.59513 0.73634 0.00000 0.23809 0.00716 0.03807 0.02825 0.29318 0.20954 0.09109 0.00131 0.01890 0.02564 0.03815 0.08976 0.00198 0.06060 0.91746 0.00000 0.05155 0.00000 0.00000 0.13892 0.13391
66.00000 111.00000 0.99990 0.99941 1.00000 0.00000 0.12567 0.28250 0.22226 0.00000 0.00188 0.00683 0.62730 0.27317 0.23077 0.44886 0.00716 0.99328 0.57802 0.38895 0.00000 0.28866 0.62791 1.00000 0.01884 0.02141
66.00000 112.00000 0.83334 0.99762 1.00000 0.06027 0.18212 0.29333 0.23540 0.14659 0.14492 0.13406 0.65041 0.29946 0.23077 0.46185 0.13351 0.99317 0.52348 0.38276 0.00000 0.30928 0.65116 1.00000 0.16078 0.15761
66.00000 113.00000 0.59512 0.73753 0.00000 0.23809 0.00991 0.03853 0.03853 0.29318 0.20954 0.09056 0.00139 0.01850 0.02564 0.03490 0.08984 0.00187 0.06064 0.92794 0.00000 0.04124 0.00000 0.00000 0.13656 0.13864
66.00000 114.00000 0.23819 0.29786 1.00000 0.59794 0.63172 0.69616 0.66898 0.61718 0.61481 0.59916 0.85276 0.65481 0.84615 0.74107 0.59663 0.99347 0.68738 0.13430 1.00000 0.68041 0.85412 1.00000 0.62496 0.62267
66.00000 115.00000 0.83327 0.99774 1.00000 0.06027 0.17863 0.32271 0.23756 0.14659 0.14492 0.13492 0.65045 0.30477 0.23077 0.44805 0.13395 0.99325 0.53618 0.36418 0.00000 0.31959 0.65116 1.00000 0.15405 0.16031
66.00000 116.00000 0.47610 0.83135 1.00000 0.62699 0.65522 0.63003 0.51144 0.50794 0.49875 0.45764 0.86342 0.60546 0.38462 0.65016 0.45757 0.99314 0.51843 0.34339 0.00000 0.63918 0.86469 1.00000 0.48873 0.48205
66.00000 117.00000 0.00000 0.00024 1.00000 1.00000 0.97567 0.91354 0.87972 1.00000 0.99875 0.96579 0.99873 0.89136 0.94872 0.90747 0.96581 0.99317 0.70943 0.07338 1.00000 0.92784 1.00000 1.00000 0.97545 0.97765
66.00000 118.00000 0.00004 0.00000 1.00000 1.00000 0.98430 0.92968 0.92369 1.00000 0.99875 0.96411 0.99863 0.88718 0.94872 0.91964 0.96583 0.99317 0.69774 0.06850 1.00000 0.92784 1.00000 1.00000 0.97275 0.97897
66.00000 119.00000 0.83320 0.99917 1.00000 0.06027 0.18120 0.28701 0.23358 0.14659 0.14492 0.13446 0.65043 0.30242 0.23077 0.43831 0.13214 0.99325 0.54007 0.37477 0.00000 0.30928 0.65116 1.00000 0.15876 0.15946
66.00000 120.00000 0.59512 0.73634 0.00000 0.23809 0.00633 0.01164 0.03194 0.29318 0.20954 0.09088 0.00141 0.02334 0.02564 0.04789 0.09150 0.00198 0.07262 0.92220 0.00000 0.05155 0.00000 0.00000 0.13589 0.14780
66.00000 121.00000 0.83318 0.99762 1.00000 0.06027 0.18386 0.32144 0.24712 0.14659 0.14492 0.13547 0.65053 0.30131 0.25641 0.46834 0.13639 0.99344 0.54630 0.36546 0.00000 0.32990 0.65116 1.00000 0.16145 0.15899
66.00000 122.00000 0.59518 0.73800 0.00000 0.23809 0.00707 0.04561 0.05455 0.29318 0.20954 0.09113 0.00146 0.02230 0.02564 0.04464 0.09030 0.00207 0.07904 0.91849 0.00000 0.05155 0.00000 0.00000 0.13589 0.14205
66.00000 123.00000 0.99998 0.99988 1.00000 0.00000 0.12530 0.29679 0.22275 0.00000 0.00188 0.00504 0.62734 0.27952 0.23077 0.47727 0.00643 0.99352 0.58915 0.39148 0.00000 0.26804 0.62791 1.00000 0.01749 0.01268
66.00000 124.00000 0.00005 0.00000 1.00000 1.00000 0.98458 0.92963 0.88524 1.00000 0.99875 0.96839 0.99871 0.89101 0.94872 0.89935 0.96779 0.99328 0.72297 0.06621 1.00000 0.92784 1.00000 1.00000 0.97881 0.97257
66.00000 125.00000 0.00000 0.00000 1.00000 1.00000 0.97696 0.91764 0.89348 1.00000 0.99875 0.96701 0.99873 0.88596 0.94872 0.90990 0.96706 0.99344 0.70779 0.06615 1.00000 0.91753 1.00000 1.00000 0.97074 0.97560
66.00000 126.00000 0.47617 0.83135 1.00000 0.62699 0.66082 0.64475 0.50458 0.50794 0.49875 0.45780 0.86346 0.61677 0.38462 0.66396 0.45784 0.99322 0.53127 0.33664 0.00000 0.65979 0.86469 1.00000 0.48671 0.48541
66.00000 127.00000 0.99982 0.99762 1.00000 0.00000 0.12869 0.28564 0.22644 0.00000 0.00188 0.00729 0.62730 0.28236 0.23077 0.47646 0.00719 0.99344 0.59783 0.39165 0.00000 0.27835 0.62791 1.00000 0.01816 0.02000
66.00000 128.00000 0.99988 0.99786 1.00000 0.00000 0.12392 0.29214 0.22128 0.00000 0.00188 0.00750 0.62743 0.28274 0.23077 0.48052 0.00741 0.99333 0.60009 0.38189 0.00000 0.28866 0.62791 1.00000 0.01480 0.02273
66.00000 129.00000 0.99994 0.99846 1.00000 0.00000 0.12622 0.29979 0.20867 0.00000 0.00188 0.00768 0.62738 0.28209 0.23077 0.46916 0.00445 0.99352 0.60000 0.39846 0.00000 0.28866 0.62791 1.00000 0.01345 0.01610
66.00000 130.00000 0.99982 0.99762 1.00000 0.00000 0.12658 0.29277 0.21825 0.00000 0.00188 0.00736 0.62743 0.28239 0.23077 0.46753 0.00667 0.99363 0.58768 0.38435 0.00000 0.28866 0.62791 1.00000 0.01715 0.01588
66.00000 131.00000 0.47619 0.83135 1.00000 0.62699 0.66018 0.66732 0.52600 0.50794 0.49875 0.46038 0.86352 0.61116 0.38462 0.67289 0.45970 0.99344 0.53106 0.33138 0.00000 0.62887 0.86469 1.00000 0.48503 0.48087
66.00000 132.00000 0.99994 0.99762 1.00000 0.00000 0.12796 0.29908 0.22940 0.00000 0.00188 0.00667 0.62734 0.28827 0.25641 0.47321 0.00833 0.99350 0.59394 0.38030 0.00000 0.29897 0.62791 1.00000 0.01547 0.01772
66.00000 133.00000 0.59511 0.73634 0.00000 0.23809 0.01102 0.03135 0.05152 0.29318 0.20954 0.09316 0.00158 0.02270 0.02564 0.05438 0.09042 0.00204 0.06627 0.89961 0.00000 0.04124 0.00000 0.00000 0.14430 0.14494
66.00000 134.00000 0.99981 0.99762 1.00000 0.00000 0.12732 0.30395 0.23939 0.00000 0.00188 0.00729 0.62732 0.28554 0.25641 0.46997 0.00736 0.99375 0.60052 0.38335 0.00000 0.28866 0.62791 1.00000 0.01446 0.01779
66.00000 135.00000 0.23812 0.29691 1.00000 0.59794 0.63677 0.67975 0.66836 0.61718 0.61481 0.59965 0.85287 0.66080 0.84615 0.75162 0.60030 0.99347 0.70366 0.12599 1.00000 0.68041 0.85412 1.00000 0.63303 0.62915
66.00000 136.00000 0.83324 0.99929 1.00000 0.06027 0.18083 0.31890 0.24599 0.14659 0.14492 0.13618 0.65066 0.31080 0.25641 0.46672 0.13556 0.99377 0.55072 0.36498 0.00000 0.31959 0.65116 1.00000 0.16549 0.17217
66.00000 137.00000 0.23815 0.29691 1.00000 0.59794 0.63026 0.69230 0.67023 0.61718 0.61481 0.60165 0.85291 0.66170 0.84615 0.74513 0.60057 0.99347 0.71782 0.12669 1.00000 0.69072 0.85412 1.00000 0.62361 0.62911
66.00000 138.00000 0.23809 0.29857 1.00000 0.59794 0.63925 0.69516 0.67722 0.61718 0.61543 0.60151 0.85310 0.66064 0.84615 0.75812 0.60191 0.99380 0.70907 0.14564 1.00000 0.69072 0.85412 1.00000 0.62933 0.62912
66.00000 139.00000 0.00001 0.00095 1.00000 1.00000 0.97659 0.94999 0.90076 1.00000 0.99875 0.97161 0.99888 0.89849 0.94872 0.91396 0.97229 0.99339 0.73343 0.05473 1.00000 0.92784 1.00000 1.00000 0.97141 0.98188
66.00000 140.00000 0.59531 0.73634 0.00000 0.23809 0.01294 0.04215 0.04681 0.29318 0.20954 0.09371 0.00158 0.02705 0.02564 0.03896 0.09177 0.00231 0.08976 0.90137 0.00000 0.03093 0.00000 0.00000 0.14497 0.14823
66.00000 141.00000 0.23807 0.29691 1.00000 0.59794 0.63732 0.69055 0.66497 0.61718 0.61481 0.60174 0.85297 0.66898 0.84615 0.75812 0.60245 0.99355 0.71022 0.13412 1.00000 0.69072 0.85412 1.00000 0.62933 0.62098
66.00000 142.00000 0.47608 0.83135 1.00000 0.62699 0.66257 0.65020 0.53212 0.50794 0.49875 0.46367 0.86386 0.61863 0.38462 0.66477 0.46151 0.99375 0.54649 0.33727 0.00000 0.64948 0.86469 1.00000 0.48873 0.48835
66.00000 143.00000 0.23818 0.29798 1.00000 0.59794 0.63338 0.68574 0.68834 0.61718 0.61481 0.60057 0.85308 0.67077 0.84615 0.74756 0.60142 0.99369 0.73872 0.13250 1.00000 0.69072 0.85412 1.00000 0.62899 0.63191
66.00000 144.00000 0.59517 0.73634 0.00000 0.23809 0.01046 0.03999 0.05085 0.29318 0.20954 0.09355 0.00177 0.03034 0.02564 0.05032 0.09170 0.00231 0.08743 0.90355 0.00000 0.05155 0.00000 0.00000 0.14531 0.14464
66.00000 145.00000 0.99995 0.99988 1.00000 0.00000 0.12245 0.29412 0.23490 0.00000 0.00188 0.00640 0.62760 0.29294 0.25641 0.50487 0.00843 0.99372 0.60216 0.36754 0.00000 0.29897 0.62791 1.00000 0.01884 0.01999
66.00000 146.00000 0.00004 0.00119 1.00000 1.00000 0.98623 0.92806 0.91639 1.00000 0.99875 0.97370 0.99903 0.89611 0.94872 0.93506 0.97493 0.99369 0.72215 0.04286 1.00000 0.93814 1.00000 1.00000 0.97847 0.97689
66.00000 147.00000 0.83326 0.99762 1.00000 0.06027 0.18625 0.33681 0.26771 0.14659 0.14492 0.13940 0.65093 0.31158 0.25641 0.47727 0.13896 0.99388 0.57208 0.35602 0.00000 0.32990 0.65116 1.00000 0.16280 0.16281
66.00000 148.00000 0.00001 0.00000 1.00000 1.00000 0.98311 0.93430 0.92489 1.00000 0.99875 0.97635 0.99903 0.90127 0.94872 0.91883 0.97497 0.99358 0.75879 0.05611 1.00000 0.93814 1.00000 1.00000 0.98150 0.97969
66.00000 149.00000 0.47612 0.83135 1.00000 0.62699 0.65724 0.66130 0.53983 0.50794 0.49875 0.46390 0.86394 0.62156 0.38462 0.67532 0.46498 0.99397 0.56075 0.31412 0.00000 0.65979 0.86469 1.00000 0.49142 0.49444
66.00000 150.00000 0.59528 0.73682 0.00000 0.23809 0.00936 0.06081 0.05603 0.29318 0.20954 0.09622 0.00179 0.02902 0.02564 0.05357 0.09343 0.00234 0.09212 0.89577 0.00000 0.05155 0.00000 0.00000 0.13623 0.14569
66.00000 151.00000 0.47613 0.83207 1.00000 0.62699 0.65642 0.67507 0.53964 0.50794 0.49875 0.46404 0.86399 0.62881 0.38462 0.67614 0.46478 0.99421 0.56068 0.32792 0.00000 0.65979 0.86469 1.00000 0.49210 0.49399
66.00000 152.00000 0.00001 0.00000 1.00000 1.00000 0.98669 0.93411 0.92506 1.00000 0.99875 0.97695 0.99913 0.90406 0.97436 0.93669 0.97820 0.99366 0.74256 0.04784 1.00000 0.93814 1.00000 1.00000 0.97814 0.98669
66.00000 153.00000 0.99991 0.99762 1.00000 0.00000 0.12612 0.29755 0.24837 0.00000 0.00188 0.00953 0.62753 0.29966 0.25641 0.50162 0.00914 0.99399 0.63522 0.35609 0.00000 0.28866 0.62791 1.00000 0.02119 0.02408
66.00000 154.00000 0.59520 0.73670 0.00000 0.23809 0.01487 0.05976 0.05870 0.29318 0.20954 0.09573 0.00179 0.03135 0.02564 0.06575 0.09277 0.00267 0.09068 0.89213 0.00000 0.05155 0.00000 0.00000 0.14564 0.14550
66.00000 155.00000 0.83318 0.99762 1.00000 0.06027 0.18524 0.33492 0.26036 0.14659 0.14492 0.13908 0.65110 0.32299 0.25641 0.48620 0.13984 0.99435 0.59434 0.35809 0.00000 0.34021 0.65116 1.00000 0.16549 0.16532
66.00000 156.00000 0.47622 0.83135 1.00000 0.62699 0.66165 0.67027 0.56613 0.50794 0.49937 0.46749 0.86411 0.63139 0.41026 0.68425 0.46657 0.99430 0.57965 0.31222 0.00000 0.63918 0.86469 1.00000 0.49714 0.49303
66.00000 157.00000 0.99995 0.99762 1.00000 0.00000 0.12668 0.31893 0.24198 0.00000 0.00188 0.00923 0.62772 0.29431 0.28205 0.49432 0.01070 0.99410 0.64686 0.35553 0.00000 0.30928 0.62791 1.00000 0.01177 0.01542
66.00000 158.00000 0.23812 0.29905 1.00000 0.59794 0.63668 0.69894 0.68863 0.61718 0.61481 0.60673 0.85352 0.68763 0.87179 0.78166 0.60753 0.99430 0.75762 0.11205 1.00000 0.69072 0.85412 1.00000 0.63539 0.63637
66.00000 159.00000 0.23810 0.29691 1.00000 0.59794 0.63797 0.70780 0.68687 0.61718 0.61481 0.60804 0.85354 0.69034 0.87179 0.78247 0.60743 0.99449 0.75367 0.11292 1.00000 0.71134 0.85412 1.00000 0.63034 0.63043
66.00000 160.00000 0.23801 0.29691 1.00000 0.59794 0.64090 0.70591 0.69309 0.61718 0.61543 0.60929 0.85352 0.68149 0.87179 0.76705 0.60748 0.99452 0.76093 0.11399 1.00000 0.69072 0.85412 1.00000 0.63774 0.63427
66.00000 161.00000 0.23823 0.29751 1.00000 0.59794 0.63815 0.71717 0.68848 0.61718 0.61543 0.60809 0.85371 0.68271 0.87179 0.78734 0.60961 0.99446 0.75872 0.11624 1.00000 0.73196 0.85412 1.00000 0.63169 0.62892
66.00000 162.00000 0.23823 0.29691 1.00000 0.59794 0.63439 0.70867 0.69667 0.61718 0.61481 0.60926 0.85367 0.68533 0.87179 0.78734 0.61000 0.99449 0.75865 0.12067 1.00000 0.70103 0.85412 1.00000 0.62731 0.63373
66.00000 163.00000 0.83319 0.99762 1.00000 0.06027 0.18680 0.33956 0.26451 0.14659 0.14492 0.14343 0.65146 0.32728 0.28205 0.49756 0.14226 0.99463 0.62019 0.33097 0.00000 0.35052 0.65116 1.00000 0.16112 0.15967
66.00000 164.00000 0.59530 0.73634 0.00000 0.23809 0.01524 0.05336 0.03372 0.29318 0.20954 0.09659 0.00207 0.04001 0.02564 0.06981 0.09541 0.00287 0.12023 0.89013 0.00000 0.06186 0.00000 0.00000 0.14699 0.14752
66.00000 165.00000 0.83315 0.99952 1.00000 0.06027 0.18294 0.33535 0.27467 0.14659 0.14492 0.14456 0.65146 0.33848 0.28205 0.50325 0.14360 0.99487 0.62212 0.33713 0.00000 0.34021 0.65116 1.00000 0.16885 0.16758
66.00000 166.00000 0.47619 0.83135 1.00000 0.62699 0.66082 0.67758 0.57456 0.50794 0.49937 0.47101 0.86466 0.64391 0.41026 0.69968 0.47072 0.99504 0.61026 0.29662 1.00000 0.65979 0.86469 1.00000 0.48840 0.49320
66.00000 167.00000 0.99997 0.99810 1.00000 0.00000 0.12888 0.31755 0.27825 0.00000 0.00188 0.01238 0.62804 0.31623 0.28205 0.51461 0.01386 0.99430 0.68009 0.34201 0.00000 0.32990 0.62791 1.00000 0.01884 0.01962
66.00000 168.00000 0.47613 0.83171 1.00000 0.62699 0.66560 0.68344 0.57067 0.50794 0.49937 0.47207 0.86485 0.64712 0.41026 0.71510 0.47317 0.99507 0.60550 0.30582 1.00000 0.67010 0.86469 1.00000 0.49714 0.49726
66.00000 169.00000 0.47606 0.83135 1.00000 0.62699 0.65954 0.66495 0.57336 0.50794 0.49937 0.47432 0.86470 0.64445 0.41026 0.71753 0.47255 0.99510 0.60913 0.30430 1.00000 0.65979 0.86469 1.00000 0.49344 0.50205
66.00000 170.00000 0.99981 0.99810 1.00000 0.00000 0.13227 0.33257 0.27184 0.00000 0.00188 0.01399 0.62806 0.31430 0.28205 0.52273 0.01329 0.99463 0.68697 0.33630 0.00000 0.31959 0.62791 1.00000 0.02119 0.02593
66.00000 171.00000 0.99983 0.99762 1.00000 0.00000 0.12741 0.32441 0.28318 0.00000 0.00188 0.01302 0.62819 0.32216 0.30769 0.52760 0.01393 0.99457 0.68863 0.33010 0.00000 0.32990 0.62791 1.00000 0.02018 0.02661
66.00000 172.00000 0.47606 0.83135 1.00000 0.62699 0.66009 0.68885 0.57990 0.50794 0.49937 0.47593 0.86496 0.65686 0.41026 0.72159 0.47585 0.99548 0.63825 0.28928 1.00000 0.67010 0.86469 1.00000 0.49580 0.49501
66.00000 173.00000 0.47608 0.83135 1.00000 0.62699 0.66927 0.68439 0.60077 0.50794 0.49937 0.47575 0.86515 0.65151 0.41026 0.71591 0.47664 0.99543 0.65124 0.30098 1.00000 0.65979 0.86469 1.00000 0.50084 0.49712
66.00000 174.00000 0.47607 0.83135 1.00000 0.62699 0.66348 0.66379 0.58463 0.50794 0.49937 0.47690 0.86510 0.65589 0.41026 0.72646 0.47688 0.99548 0.63419 0.28520 1.00000 0.67010 0.86469 1.00000 0.49714 0.49887
66.00000 175.00000 0.99995 0.99762 1.00000 0.00000 0.12677 0.33216 0.30667 0.00000 0.00188 0.01438 0.62829 0.33173 0.30769 0.55601 0.01535 0.99471 0.70796 0.31782 0.00000 0.34021 0.62791 1.00000 0.01985 0.02338
