162.00000 1.00000 0.99996 0.99786 1.00000 0.00000 0.12597 0.30213 0.22818 0.00000 0.00000 0.00415 0.62768 0.27934 0.24324 0.46987 0.00380 0.99383 0.57964 0.36508 0.00000 0.31250 0.62791 1.00000 0.01715 0.01683
162.00000 2.00000 0.00002 0.00202 1.00000 1.00000 0.97798 0.92242 0.90856 1.00000 1.00000 0.99647 0.99926 0.87974 1.00000 0.90065 0.99637 0.99319 0.70550 0.03035 1.00000 0.92708 1.00000 1.00000 0.98114 0.98936
162.00000 3.00000 0.99999 0.99762 1.00000 0.00000 0.13001 0.27674 0.25408 0.00000 0.00063 0.00640 0.62770 0.27586 0.24324 0.46987 0.00449 0.99369 0.58093 0.38079 0.00000 0.30208 0.62791 1.00000 0.02023 0.01933
162.00000 4.00000 0.59531 0.73634 0.00000 0.23809 0.01239 0.04735 0.06489 0.29318 0.20881 0.09303 0.00144 0.02126 0.02703 0.02036 0.08969 0.00190 0.07083 0.93080 0.00000 0.04167 0.00000 0.00000 0.14129 0.14814
162.00000 5.00000 0.47617 0.83135 1.00000 0.62699 0.66006 0.64500 0.53986 0.50794 0.50000 0.47241 0.86388 0.60775 0.40541 0.65798 0.47211 0.99350 0.52780 0.31656 0.00000 0.63542 0.86469 1.00000 0.48457 0.49332
162.00000 6.00000 0.83320 0.99762 1.00000 0.06027 0.18561 0.31700 0.23379 0.14659 0.14403 0.13734 0.65092 0.30212 0.27027 0.46498 0.13585 0.99361 0.54856 0.35878 0.00000 0.33333 0.65116 1.00000 0.15981 0.17145
162.00000 7.00000 0.23803 0.29703 1.00000 0.59794 0.63556 0.68858 0.67626 0.61718 0.61509 0.61656 0.85328 0.65139 0.89189 0.74186 0.61573 0.99333 0.69144 0.09238 1.00000 0.67708 0.85412 1.00000 0.63066 0.63500
162.00000 8.00000 0.99982 0.99762 1.00000 0.00000 0.12937 0.27886 0.23790 0.00000 0.00063 0.00642 0.62774 0.27217 0.24324 0.46824 0.00398 0.99350 0.57407 0.36625 0.00000 0.28125 0.62791 1.00000 0.01063 0.02266
162.00000 9.00000 0.99990 0.99762 1.00000 0.00000 0.12258 0.28287 0.24970 0.00000 0.00000 0.00420 0.62747 0.27842 0.24324 0.45928 0.00312 0.99358 0.57824 0.36867 0.00000 0.29167 0.62791 1.00000 0.01920 0.01878
162.00000 10.00000 0.83325 0.99762 1.00000 0.06027 0.18323 0.33052 0.24811 0.14659 0.14403 0.13713 0.65088 0.29675 0.24324 0.44218 0.13666 0.99361 0.52530 0.34955 0.00000 0.32292 0.65116 1.00000 0.16049 0.16599
162.00000 11.00000 0.47606 0.83135 1.00000 0.62699 0.65593 0.63218 0.53028 0.50794 0.49937 0.47303 0.86405 0.60712 0.40541 0.66612 0.47224 0.99350 0.51683 0.31008 0.00000 0.64583 0.86469 1.00000 0.48663 0.49254
162.00000 12.00000 0.59525 0.73634 0.00000 0.23809 0.00927 0.05656 0.05245 0.29318 0.20818 0.09443 0.00135 0.02075 0.02703 0.04072 0.09068 0.00185 0.06386 0.93472 0.00000 0.04167 0.00000 0.00000 0.14266 0.14599
162.00000 13.00000 0.99982 0.99762 1.00000 0.00000 0.12827 0.29660 0.23008 0.00000 0.00063 0.00403 0.62766 0.27191 0.24324 0.46580 0.00469 0.99355 0.59016 0.37379 0.00000 0.27083 0.62791 1.00000 0.01818 0.02204
162.00000 14.00000 0.47611 0.83135 1.00000 0.62699 0.65749 0.65223 0.52426 0.50794 0.49937 0.47339 0.86396 0.60992 0.40541 0.65228 0.47056 0.99350 0.51640 0.31770 0.00000 0.64583 0.86469 1.00000 0.49417 0.49662
162.00000 15.00000 0.00005 0.00000 1.00000 1.00000 0.97477 0.91808 0.90172 1.00000 1.00000 0.99623 0.99920 0.87325 1.00000 0.90309 0.99675 0.99328 0.71633 0.03134 1.00000 0.92708 1.00000 1.00000 0.98354 0.99102
162.00000 16.00000 0.00003 0.00000 1.00000 1.00000 0.98449 0.92621 0.91559 1.00000 1.00000 0.99513 0.99932 0.87681 1.00000 0.90635 0.99815 0.99325 0.71269 0.02973 1.00000 0.93750 1.00000 1.00000 0.98765 0.98697
162.00000 17.00000 0.00002 0.00012 1.00000 1.00000 0.97972 0.93507 0.89997 1.00000 1.00000 0.99394 0.99932 0.87787 1.00000 0.89902 0.99576 0.99325 0.69563 0.03555 1.00000 0.92708 1.00000 1.00000 0.98525 0.98669
162.00000 18.00000 0.99987 0.99762 1.00000 0.00000 0.13194 0.28400 0.24609 0.00000 0.00063 0.00547 0.62763 0.28060 0.24324 0.47476 0.00264 0.99361 0.58088 0.37035 0.00000 0.29167 0.62791 1.00000 0.01063 0.01928
162.00000 19.00000 0.59509 0.73682 0.00000 0.23809 0.00798 0.02844 0.05341 0.29318 0.20881 0.09317 0.00133 0.02464 0.02703 0.02850 0.09035 0.00201 0.07207 0.93721 0.00000 0.04167 0.00000 0.00000 0.13855 0.14972
162.00000 20.00000 0.99984 0.99762 1.00000 0.00000 0.12625 0.28864 0.23333 0.00000 0.00063 0.00544 0.62763 0.27847 0.24324 0.47231 0.00454 0.99328 0.57676 0.37376 0.00000 0.29167 0.62791 1.00000 0.01646 0.02760
162.00000 21.00000 0.23818 0.29691 1.00000 0.59794 0.63630 0.69167 0.67523 0.61718 0.61509 0.61570 0.85330 0.65230 0.89189 0.73534 0.61519 0.99341 0.68851 0.11870 1.00000 0.68750 0.85412 1.00000 0.63272 0.63141
162.00000 22.00000 0.59526 0.73634 0.00000 0.23809 0.00716 0.03210 0.05690 0.29318 0.20818 0.09224 0.00141 0.02462 0.02703 0.03502 0.09002 0.00201 0.08292 0.92901 0.00000 0.04167 0.00000 0.00000 0.14095 0.14435
162.00000 23.00000 0.99990 0.99762 1.00000 0.00000 0.12487 0.30516 0.23827 0.00000 0.00000 0.00599 0.62763 0.27937 0.24324 0.49104 0.00500 0.99355 0.57795 0.36339 0.00000 0.28125 0.62791 1.00000 0.01886 0.01944
162.00000 24.00000 0.47629 0.83135 1.00000 0.62699 0.65868 0.64399 0.55091 0.50794 0.50000 0.47241 0.86392 0.60502 0.40541 0.65635 0.47163 0.99319 0.52454 0.30521 0.00000 0.61458 0.86469 1.00000 0.49005 0.49693
162.00000 25.00000 0.99986 0.99786 1.00000 0.00000 0.12671 0.28173 0.24156 0.00000 0.00063 0.00508 0.62770 0.27831 0.24324 0.46010 0.00406 0.99344 0.57569 0.37987 0.00000 0.29167 0.62791 1.00000 0.01715 0.02120
162.00000 26.00000 0.47618 0.83135 1.00000 0.62699 0.65942 0.64570 0.52879 0.50794 0.50000 0.47351 0.86394 0.60371 0.40541 0.64739 0.47214 0.99336 0.52644 0.32195 0.00000 0.63542 0.86469 1.00000 0.49760 0.48919
162.00000 27.00000 0.83321 0.99762 1.00000 0.06027 0.18525 0.33201 0.23742 0.14659 0.14403 0.13725 0.65094 0.30174 0.24324 0.45847 0.13801 0.99363 0.52823 0.35505 0.00000 0.32292 0.65116 1.00000 0.15638 0.16525
162.00000 28.00000 0.23813 0.29691 1.00000 0.59794 0.63786 0.67617 0.68601 0.61718 0.61509 0.61343 0.85322 0.64709 0.89189 0.73127 0.61659 0.99339 0.69896 0.11402 1.00000 0.68750 0.85412 1.00000 0.63889 0.63393
162.00000 29.00000 0.47608 0.83373 1.00000 0.62699 0.65547 0.63413 0.54554 0.50794 0.49937 0.47332 0.86407 0.60744 0.40541 0.66450 0.47295 0.99339 0.52756 0.31931 0.00000 0.64583 0.86469 1.00000 0.49246 0.49900
162.00000 30.00000 0.83314 0.99762 1.00000 0.06027 0.18259 0.31502 0.23133 0.14659 0.14403 0.13992 0.65090 0.30390 0.24324 0.45521 0.13705 0.99347 0.53380 0.35226 0.00000 0.31250 0.65116 1.00000 0.16118 0.16301
162.00000 31.00000 0.99983 0.99762 1.00000 0.00000 0.13240 0.29381 0.23461 0.00000 0.00063 0.00544 0.62759 0.27861 0.24324 0.45603 0.00517 0.99350 0.56831 0.36786 0.00000 0.29167 0.62791 1.00000 0.01372 0.02038
162.00000 32.00000 0.47621 0.83135 1.00000 0.62699 0.65969 0.63822 0.53370 0.50794 0.50000 0.47260 0.86394 0.60020 0.40541 0.65798 0.47264 0.99344 0.52230 0.32253 0.00000 0.64583 0.86469 1.00000 0.49726 0.49341
162.00000 33.00000 0.00003 0.00190 1.00000 1.00000 0.97936 0.92724 0.90278 1.00000 1.00000 0.99652 0.99922 0.88341 1.00000 0.89414 0.99599 0.99344 0.70103 0.02647 1.00000 0.92708 1.00000 1.00000 0.98457 0.99200
162.00000 34.00000 0.99996 0.99762 1.00000 0.00000 0.12524 0.30074 0.25620 0.00000 0.00063 0.00647 0.62772 0.27949 0.24324 0.46417 0.00419 0.99363 0.57531 0.37705 0.00000 0.28125 0.62791 1.00000 0.01372 0.02552
162.00000 35.00000 0.99991 0.99881 1.00000 0.00000 0.12928 0.28070 0.23299 0.00000 0.00063 0.00391 0.62776 0.28202 0.24324 0.46336 0.00353 0.99358 0.57919 0.36907 0.00000 0.30208 0.62791 1.00000 0.01303 0.01821
162.00000 36.00000 0.00003 0.00036 1.00000 1.00000 0.98119 0.93417 0.91621 1.00000 1.00000 0.99470 0.99928 0.87132 1.00000 0.90228 0.99675 0.99336 0.70281 0.04115 1.00000 0.91667 1.00000 1.00000 0.98594 0.98661
162.00000 37.00000 0.59528 0.73634 0.00000 0.23809 0.00890 0.03256 0.04352 0.29318 0.20818 0.09255 0.00141 0.02436 0.02703 0.02850 0.08938 0.00204 0.07671 0.92666 0.00000 0.04167 0.00000 0.00000 0.13889 0.14408
162.00000 38.00000 0.47627 0.83278 1.00000 0.62699 0.65575 0.64180 0.54629 0.50794 0.50000 0.47160 0.86386 0.60988 0.40541 0.65147 0.47254 0.99350 0.52045 0.32074 0.00000 0.62500 0.86469 1.00000 0.49520 0.49582
162.00000 39.00000 0.83325 0.99762 1.00000 0.06027 0.18442 0.31887 0.24736 0.14659 0.14403 0.13904 0.65103 0.29720 0.24324 0.44870 0.13745 0.99358 0.53394 0.35475 0.00000 0.32292 0.65116 1.00000 0.16084 0.16648
162.00000 40.00000 0.83329 0.99834 1.00000 0.06027 0.18552 0.32683 0.25617 0.14659 0.14403 0.13708 0.65088 0.29461 0.24324 0.45358 0.13641 0.99363 0.52701 0.34523 0.00000 0.33333 0.65116 1.00000 0.16941 0.17084
162.00000 41.00000 0.00006 0.00000 1.00000 1.00000 0.98018 0.92239 0.90112 1.00000 1.00000 0.99606 0.99928 0.88186 1.00000 0.90472 0.99612 0.99330 0.72033 0.02153 1.00000 0.93750 1.00000 1.00000 0.99040 0.98198
162.00000 42.00000 0.99985 0.99881 1.00000 0.00000 0.12432 0.29958 0.24734 0.00000 0.00063 0.00363 0.62768 0.28171 0.24324 0.45928 0.00375 0.99350 0.58212 0.36874 0.00000 0.28125 0.62791 1.00000 0.01475 0.01852
162.00000 43.00000 0.23817 0.29691 1.00000 0.59794 0.63804 0.69592 0.67925 0.61718 0.61509 0.61412 0.85311 0.64973 0.89189 0.73860 0.61644 0.99350 0.68632 0.10940 1.00000 0.68750 0.85412 1.00000 0.63203 0.62968
162.00000 44.00000 0.00003 0.00000 1.00000 1.00000 0.98220 0.92347 0.91253 1.00000 1.00000 0.99542 0.99916 0.87710 1.00000 0.91287 0.99660 0.99339 0.71248 0.02611 1.00000 0.94792 1.00000 1.00000 0.99280 0.98735
162.00000 45.00000 0.47625 0.83207 1.00000 0.62699 0.65786 0.65762 0.55021 0.50794 0.50000 0.47227 0.86396 0.60928 0.40541 0.66287 0.47201 0.99352 0.51323 0.31323 0.00000 0.64583 0.86469 1.00000 0.49348 0.49662
162.00000 46.00000 0.47612 0.83135 1.00000 0.62699 0.65731 0.63755 0.54689 0.50794 0.49937 0.47408 0.86405 0.59966 0.40541 0.65391 0.47226 0.99352 0.53047 0.31492 0.00000 0.65625 0.86469 1.00000 0.49040 0.49988
162.00000 47.00000 0.23803 0.29762 1.00000 0.59794 0.63611 0.69939 0.69140 0.61718 0.61509 0.61570 0.85324 0.64714 0.89189 0.74267 0.61621 0.99336 0.68784 0.10852 1.00000 0.67708 0.85412 1.00000 0.63443 0.63178
162.00000 48.00000 0.83336 0.99822 1.00000 0.06027 0.18479 0.32223 0.24566 0.14659 0.14403 0.13901 0.65092 0.30158 0.24324 0.45440 0.13684 0.99383 0.53320 0.35420 0.00000 0.30208 0.65116 1.00000 0.15878 0.17345
162.00000 49.00000 0.59524 0.73670 0.00000 0.23809 0.00716 0.03091 0.04655 0.29318 0.20818 0.09269 0.00150 0.02704 0.02703 0.03990 0.08999 0.00198 0.08633 0.92952 0.00000 0.05208 0.00000 0.00000 0.13820 0.14684
162.00000 50.00000 0.99984 0.99762 1.00000 0.00000 0.12350 0.29305 0.22067 0.00000 0.00000 0.00475 0.62766 0.27724 0.24324 0.48371 0.00403 0.99361 0.58045 0.36845 0.00000 0.29167 0.62791 1.00000 0.02058 0.01387
162.00000 51.00000 0.99996 0.99869 1.00000 0.00000 0.12588 0.29311 0.23624 0.00000 0.00000 0.00382 0.62770 0.28020 0.24324 0.46661 0.00332 0.99347 0.59102 0.36486 0.00000 0.27083 0.62791 1.00000 0.01235 0.02424
162.00000 52.00000 0.47618 0.83171 1.00000 0.62699 0.66079 0.64334 0.54104 0.50794 0.49937 0.47263 0.86407 0.60548 0.40541 0.64902 0.47328 0.99336 0.52566 0.33469 0.00000 0.63542 0.86469 1.00000 0.49143 0.49416
162.00000 53.00000 0.83323 0.99762 1.00000 0.06027 0.18378 0.32212 0.23762 0.14659 0.14403 0.13801 0.65107 0.30171 0.24324 0.45277 0.13588 0.99363 0.54132 0.36537 0.00000 0.32292 0.65116 1.00000 0.15981 0.16991
162.00000 54.00000 0.83334 0.99762 1.00000 0.06027 0.18782 0.30503 0.24580 0.14659 0.14403 0.13954 0.65094 0.30809 0.24324 0.47557 0.13798 0.99372 0.53387 0.36284 0.00000 0.32292 0.65116 1.00000 0.16015 0.16623
162.00000 55.00000 0.99985 0.99762 1.00000 0.00000 0.12579 0.28972 0.25731 0.00000 0.00000 0.00494 0.62768 0.27595 0.24324 0.45114 0.00408 0.99361 0.57831 0.37365 0.00000 0.28125 0.62791 1.00000 0.01852 0.01976
162.00000 56.00000 0.00007 0.00178 1.00000 1.00000 0.98303 0.91960 0.92081 1.00000 0.99937 0.99427 0.99926 0.87343 1.00000 0.89658 0.99417 0.99317 0.70453 0.04057 1.00000 0.94792 1.00000 1.00000 0.98217 0.98595
162.00000 57.00000 0.59531 0.73634 0.00000 0.23809 0.01000 0.04367 0.05382 0.29318 0.20881 0.09028 0.00160 0.02908 0.02703 0.02443 0.09004 0.00212 0.09021 0.94028 0.00000 0.04167 0.00000 0.00000 0.14575 0.14727
162.00000 58.00000 0.00002 0.00048 1.00000 1.00000 0.97605 0.94382 0.90890 1.00000 1.00000 0.99664 0.99926 0.87604 1.00000 0.90635 0.99665 0.99339 0.70669 0.03383 1.00000 0.91667 1.00000 1.00000 0.99383 0.99035
162.00000 59.00000 0.47622 0.83135 1.00000 0.62699 0.65988 0.64581 0.54653 0.50794 0.49937 0.47289 0.86411 0.60428 0.40541 0.65635 0.47163 0.99350 0.53380 0.32561 0.00000 0.64583 0.86469 1.00000 0.48663 0.49758
162.00000 60.00000 0.99976 0.99762 1.00000 0.00000 0.12653 0.28395 0.25798 0.00000 0.00063 0.00489 0.62776 0.27856 0.24324 0.48534 0.00396 0.99350 0.57571 0.38342 0.00000 0.28125 0.62791 1.00000 0.01578 0.01009
162.00000 61.00000 0.47622 0.83230 1.00000 0.62699 0.65887 0.65548 0.53428 0.50794 0.49937 0.47294 0.86405 0.60950 0.40541 0.65879 0.47127 0.99350 0.52404 0.32162 0.00000 0.62500 0.86469 1.00000 0.49005 0.49556
162.00000 62.00000 0.99978 0.99798 1.00000 0.00000 0.12753 0.30508 0.23473 0.00000 0.00000 0.00368 0.62768 0.27526 0.24324 0.46743 0.00325 0.99358 0.58542 0.35860 0.00000 0.28125 0.62791 1.00000 0.00926 0.01585
162.00000 63.00000 0.47624 0.83349 1.00000 0.62699 0.65373 0.66176 0.54585 0.50794 0.49937 0.47174 0.86403 0.60825 0.40541 0.65961 0.47201 0.99341 0.52535 0.32433 0.00000 0.63542 0.86469 1.00000 0.49554 0.49520
162.00000 64.00000 0.23814 0.29786 1.00000 0.59794 0.63382 0.69221 0.67612 0.61718 0.61509 0.61520 0.85326 0.65122 0.89189 0.73941 0.61540 0.99333 0.70093 0.11413 1.00000 0.68750 0.85412 1.00000 0.62689 0.63093
162.00000 65.00000 0.83326 0.99929 1.00000 0.06027 0.18745 0.32060 0.23497 0.14659 0.14403 0.13804 0.65105 0.30380 0.24324 0.47231 0.13834 0.99369 0.54161 0.36149 0.00000 0.32292 0.65116 1.00000 0.15878 0.16254
162.00000 66.00000 0.47626 0.83373 1.00000 0.62699 0.66070 0.65415 0.53533 0.50794 0.49937 0.47375 0.86394 0.60553 0.40541 0.65798 0.47166 0.99341 0.52142 0.33088 0.00000 0.64583 0.86469 1.00000 0.49040 0.49364
162.00000 67.00000 0.83335 0.99762 1.00000 0.06027 0.18782 0.33591 0.23398 0.14659 0.14403 0.13730 0.65090 0.30147 0.24324 0.46010 0.13786 0.99374 0.53066 0.36870 0.00000 0.32292 0.65116 1.00000 0.15947 0.16200
162.00000 68.00000 0.83333 0.99762 1.00000 0.06027 0.18286 0.34395 0.24809 0.14659 0.14403 0.14028 0.65103 0.30028 0.24324 0.46254 0.13547 0.99380 0.54544 0.34941 0.00000 0.32292 0.65116 1.00000 0.16324 0.16432
162.00000 69.00000 0.47618 0.83135 1.00000 0.62699 0.66162 0.64592 0.53733 0.50794 0.49937 0.47141 0.86403 0.60558 0.37838 0.65717 0.47120 0.99352 0.52771 0.32348 0.00000 0.65625 0.86469 1.00000 0.48731 0.49716
162.00000 70.00000 0.59526 0.73670 0.00000 0.23809 0.01422 0.04987 0.04636 0.29318 0.20818 0.09327 0.00144 0.02199 0.02703 0.04072 0.09045 0.00212 0.08126 0.93505 0.00000 0.03125 0.00000 0.00000 0.13786 0.14590
162.00000 71.00000 0.99986 0.99810 1.00000 0.00000 0.12662 0.29638 0.24337 0.00000 0.00000 0.00492 0.62766 0.27320 0.24324 0.47476 0.00342 0.99355 0.58790 0.36823 0.00000 0.27083 0.62791 1.00000 0.01269 0.01993
162.00000 72.00000 0.99995 0.99952 1.00000 0.00000 0.13249 0.28885 0.24871 0.00000 0.00063 0.00726 0.62774 0.28087 0.24324 0.47883 0.00512 0.99369 0.58157 0.37881 0.00000 0.28125 0.62791 1.00000 0.01818 0.02227
162.00000 73.00000 0.59512 0.73646 0.00000 0.23809 0.00844 0.04451 0.05815 0.29318 0.20881 0.09291 0.00154 0.03062 0.02703 0.04153 0.09086 0.00229 0.08314 0.93673 0.00000 0.05208 0.00000 0.00000 0.13477 0.15339
162.00000 74.00000 0.23805 0.29691 1.00000 0.59794 0.62813 0.69183 0.66899 0.61718 0.61509 0.61582 0.85332 0.65396 0.89189 0.73860 0.61527 0.99341 0.69698 0.11991 1.00000 0.68750 0.85412 1.00000 0.63237 0.63561
162.00000 75.00000 0.23814 0.29691 1.00000 0.59794 0.63400 0.68679 0.67942 0.61718 0.61509 0.61491 0.85336 0.64987 0.89189 0.75489 0.61636 0.99361 0.69524 0.10830 1.00000 0.69792 0.85412 1.00000 0.63786 0.63372
162.00000 76.00000 0.59516 0.73634 0.00000 0.23809 0.00817 0.04827 0.06860 0.29318 0.20881 0.09429 0.00146 0.02944 0.02703 0.03013 0.09081 0.00201 0.07493 0.94167 0.00000 0.03125 0.00000 0.00000 0.13992 0.14939
162.00000 77.00000 0.59514 0.73634 0.00000 0.23809 0.01633 0.04210 0.05014 0.29318 0.20881 0.09195 0.00146 0.02679 0.02703 0.04072 0.09015 0.00196 0.07795 0.94676 0.00000 0.04167 0.00000 0.00000 0.12860 0.14450
162.00000 78.00000 0.83324 1.00000 1.00000 0.06027 0.18671 0.33252 0.24472 0.14659 0.14403 0.13925 0.65099 0.30047 0.24324 0.46091 0.13613 0.99372 0.55020 0.36061 0.00000 0.31250 0.65116 1.00000 0.16461 0.16086
162.00000 79.00000 0.83328 0.99762 1.00000 0.06027 0.18286 0.32870 0.26113 0.14659 0.14403 0.13711 0.65103 0.30379 0.24324 0.45440 0.13712 0.99363 0.54334 0.35655 0.00000 0.32292 0.65116 1.00000 0.16221 0.17111
162.00000 80.00000 0.59528 0.73836 0.00000 0.23809 0.01037 0.04296 0.04739 0.29318 0.20881 0.09295 0.00156 0.02333 0.02703 0.03257 0.09159 0.00245 0.06902 0.93940 0.00000 0.02083 0.00000 0.00000 0.13957 0.14442
162.00000 81.00000 0.59530 0.73682 0.00000 0.23809 0.01275 0.04643 0.05757 0.29318 0.20881 0.09193 0.00158 0.02779 0.02703 0.03990 0.09022 0.00215 0.08909 0.94080 0.00000 0.04167 0.00000 0.00000 0.13923 0.14953
162.00000 82.00000 0.47610 0.83135 1.00000 0.62699 0.65933 0.66767 0.53762 0.50794 0.50000 0.47224 0.86398 0.61213 0.40541 0.66287 0.47011 0.99347 0.54220 0.31708 0.00000 0.64583 0.86469 1.00000 0.48868 0.49345
162.00000 83.00000 0.83326 0.99786 1.00000 0.06027 0.17928 0.31429 0.23372 0.14659 0.14403 0.13882 0.65094 0.29810 0.24324 0.45358 0.13616 0.99391 0.54906 0.35929 0.00000 0.33333 0.65116 1.00000 0.16427 0.16461
162.00000 84.00000 0.59508 0.73682 0.00000 0.23809 0.00973 0.05876 0.05283 0.29318 0.20881 0.09374 0.00144 0.02247 0.02703 0.03990 0.09022 0.00226 0.06445 0.94457 0.00000 0.05208 0.00000 0.00000 0.14060 0.14935
162.00000 85.00000 0.59513 0.73634 0.00000 0.23809 0.00807 0.04814 0.06034 0.29318 0.20881 0.09272 0.00150 0.02193 0.02703 0.05782 0.08857 0.00207 0.08050 0.92970 0.00000 0.03125 0.00000 0.00000 0.13957 0.14884
162.00000 86.00000 0.47618 0.83135 1.00000 0.62699 0.65988 0.64418 0.56653 0.50794 0.50000 0.47291 0.86403 0.60163 0.40541 0.66531 0.47287 0.99361 0.51797 0.31913 0.00000 0.64583 0.86469 1.00000 0.49211 0.49332
162.00000 87.00000 0.83320 0.99762 1.00000 0.06027 0.18974 0.32234 0.24664 0.14659 0.14403 0.13825 0.65092 0.29785 0.24324 0.45521 0.13819 0.99366 0.53487 0.37244 0.00000 0.31250 0.65116 1.00000 0.16015 0.17287
162.00000 88.00000 0.00000 0.00000 1.00000 1.00000 0.98037 0.95752 0.92310 1.00000 0.99937 0.99661 0.99937 0.87199 1.00000 0.90961 0.99579 0.99322 0.70386 0.03112 1.00000 0.92708 1.00000 1.00000 0.98525 0.98605
162.00000 89.00000 0.99984 0.99822 1.00000 0.00000 0.12561 0.28094 0.24963 0.00000 0.00063 0.00303 0.62768 0.28036 0.24324 0.46824 0.00332 0.99352 0.57450 0.36676 0.00000 0.27083 0.62791 1.00000 0.01372 0.01737
162.00000 90.00000 0.47614 0.83135 1.00000 0.62699 0.65263 0.64139 0.54674 0.50794 0.49937 0.47253 0.86400 0.60714 0.40541 0.65065 0.47135 0.99347 0.51000 0.32063 0.00000 0.63542 0.86469 1.00000 0.48697 0.49504
162.00000 91.00000 0.23812 0.29691 1.00000 0.59794 0.63712 0.70077 0.66986 0.61718 0.61509 0.61479 0.85334 0.65633 0.89189 0.74430 0.61573 0.99358 0.68596 0.10475 1.00000 0.68750 0.85412 1.00000 0.63512 0.63121
162.00000 92.00000 0.23810 0.29857 1.00000 0.59794 0.63254 0.69408 0.67446 0.61718 0.61509 0.61422 0.85341 0.64947 0.89189 0.74756 0.61451 0.99347 0.68944 0.10885 1.00000 0.68750 0.85412 1.00000 0.63169 0.62943
162.00000 93.00000 0.47614 0.83135 1.00000 0.62699 0.65795 0.65865 0.51391 0.50794 0.50000 0.47282 0.86405 0.60997 0.37838 0.66450 0.47158 0.99358 0.53175 0.32433 0.00000 0.65625 0.86469 1.00000 0.49005 0.48958
162.00000 94.00000 0.83316 0.99893 1.00000 0.06027 0.18268 0.32908 0.24633 0.14659 0.14403 0.13720 0.65113 0.30188 0.24324 0.47068 0.13593 0.99372 0.53951 0.35570 0.00000 0.31250 0.65116 1.00000 0.15947 0.16666
162.00000 95.00000 0.00004 0.00000 1.00000 1.00000 0.98064 0.93772 0.92081 1.00000 1.00000 0.99453 0.99945 0.87488 1.00000 0.91205 0.99592 0.99330 0.70617 0.02028 1.00000 0.93750 1.00000 1.00000 0.97942 0.97998
162.00000 96.00000 0.59530 0.73634 0.00000 0.23809 0.01431 0.04844 0.05731 0.29318 0.20881 0.09205 0.00156 0.02658 0.02703 0.02443 0.08855 0.00212 0.07928 0.93801 0.00000 0.04167 0.00000 0.00000 0.13546 0.14194
162.00000 97.00000 0.23804 0.29739 1.00000 0.59794 0.63198 0.70700 0.69882 0.61718 0.61509 0.61584 0.85330 0.65429 0.89189 0.74267 0.61491 0.99344 0.70119 0.12654 1.00000 0.68750 0.85412 1.00000 0.63032 0.63356
162.00000 98.00000 0.00004 0.00214 1.00000 1.00000 0.98303 0.94406 0.91778 1.00000 1.00000 0.99511 0.99928 0.88466 1.00000 0.92427 0.99696 0.99317 0.71169 0.04445 1.00000 0.92708 1.00000 1.00000 0.98560 0.98672
162.00000 99.00000 0.23804 0.29691 1.00000 0.59794 0.63024 0.68755 0.68512 0.61718 0.61572 0.61536 0.85341 0.64796 0.89189 0.75326 0.61529 0.99358 0.67901 0.12163 1.00000 0.69792 0.85412 1.00000 0.62826 0.63012
162.00000 100.00000 0.99986 0.99762 1.00000 0.00000 0.12708 0.29787 0.23478 0.00000 0.00063 0.00508 0.62776 0.28076 0.24324 0.46906 0.00365 0.99372 0.58764 0.38474 0.00000 0.28125 0.62791 1.00000 0.01783 0.02394
162.00000 101.00000 0.00005 0.00000 1.00000 1.00000 0.99000 0.94208 0.92358 1.00000 1.00000 0.99422 0.99928 0.88206 1.00000 0.91042 0.99622 0.99344 0.71783 0.03079 1.00000 0.93750 1.00000 1.00000 0.97908 0.97960
162.00000 102.00000 0.99984 0.99941 1.00000 0.00000 0.13065 0.29576 0.24012 0.00000 0.00000 0.00344 0.62774 0.28212 0.24324 0.47394 0.00553 0.99366 0.57797 0.36222 0.00000 0.29167 0.62791 1.00000 0.01303 0.02171
162.00000 103.00000 0.99982 0.99976 1.00000 0.00000 0.13130 0.30543 0.22975 0.00000 0.00000 0.00527 0.62774 0.27734 0.24324 0.46987 0.00517 0.99352 0.59887 0.37760 0.00000 0.28125 0.62791 1.00000 0.01029 0.02483
162.00000 104.00000 0.47629 0.83302 1.00000 0.62699 0.65777 0.63584 0.52951 0.50794 0.49937 0.47384 0.86415 0.61045 0.40541 0.65798 0.47120 0.99366 0.52354 0.32726 0.00000 0.64583 0.86469 1.00000 0.49143 0.49371
162.00000 105.00000 0.83318 0.99798 1.00000 0.06027 0.18763 0.31505 0.24907 0.14659 0.14403 0.13837 0.65099 0.31291 0.24324 0.45358 0.13631 0.99383 0.53739 0.36651 0.00000 0.33333 0.65116 1.00000 0.15844 0.16629
162.00000 106.00000 0.83317 0.99762 1.00000 0.06027 0.18405 0.34352 0.26534 0.14659 0.14403 0.13761 0.65111 0.30850 0.24324 0.46906 0.13661 0.99388 0.55353 0.34772 0.00000 0.32292 0.65116 1.00000 0.15706 0.16463
162.00000 107.00000 0.23807 0.29810 1.00000 0.59794 0.63767 0.68325 0.69398 0.61718 0.61509 0.61489 0.85336 0.65614 0.89189 0.75326 0.61458 0.99352 0.68225 0.11907 1.00000 0.70833 0.85412 1.00000 0.63032 0.63596
162.00000 108.00000 1.00000 0.99762 1.00000 0.00000 0.13038 0.28468 0.24296 0.00000 0.00063 0.00494 0.62774 0.27971 0.24324 0.48046 0.00396 0.99352 0.58745 0.37950 0.00000 0.28125 0.62791 1.00000 0.01612 0.01637
162.00000 109.00000 0.99998 0.99810 1.00000 0.00000 0.12671 0.32583 0.24363 0.00000 0.00063 0.00336 0.62774 0.27856 0.24324 0.48616 0.00325 0.99372 0.58419 0.37661 0.00000 0.28125 0.62791 1.00000 0.01097 0.02168
162.00000 110.00000 0.23811 0.29691 1.00000 0.59794 0.64088 0.70153 0.69066 0.61718 0.61509 0.61470 0.85338 0.65698 0.89189 0.75570 0.61517 0.99352 0.67447 0.11277 1.00000 0.68750 0.85412 1.00000 0.63272 0.62986
162.00000 111.00000 0.47627 0.83135 1.00000 0.62699 0.65556 0.64841 0.55897 0.50794 0.50000 0.47167 0.86413 0.60610 0.40541 0.66531 0.46798 0.99383 0.52690 0.32242 0.00000 0.65625 0.86469 1.00000 0.49074 0.49641
162.00000 112.00000 0.47625 0.83135 1.00000 0.62699 0.65703 0.64944 0.55045 0.50794 0.50000 0.47115 0.86417 0.60867 0.40541 0.67834 0.47219 0.99358 0.53706 0.31858 0.00000 0.66667 0.86469 1.00000 0.49246 0.48877
162.00000 113.00000 0.47623 0.83135 1.00000 0.62699 0.65878 0.66986 0.54513 0.50794 0.50000 0.47084 0.86417 0.61317 0.37838 0.67427 0.47102 0.99361 0.52725 0.33352 0.00000 0.65625 0.86469 1.00000 0.49177 0.49147
162.00000 114.00000 0.83318 0.99762 1.00000 0.06027 0.18901 0.32930 0.25622 0.14659 0.14403 0.13892 0.65107 0.30640 0.24324 0.45684 0.13776 0.99372 0.54108 0.36753 0.00000 0.32292 0.65116 1.00000 0.15844 0.16525
162.00000 115.00000 0.00004 0.00095 1.00000 1.00000 0.98284 0.95416 0.93224 1.00000 1.00000 0.99453 0.99926 0.87864 1.00000 0.90879 0.99571 0.99347 0.71138 0.04075 1.00000 0.93750 1.00000 1.00000 0.98525 0.98386
162.00000 116.00000 0.23805 0.29691 1.00000 0.59794 0.63676 0.71751 0.70279 0.61718 0.61509 0.61460 0.85338 0.66017 0.89189 0.74593 0.61393 0.99350 0.69120 0.10310 1.00000 0.69792 0.85412 1.00000 0.63066 0.63575
162.00000 117.00000 0.99990 0.99846 1.00000 0.00000 0.12570 0.30597 0.25940 0.00000 0.00000 0.00389 0.62787 0.28334 0.24324 0.48616 0.00436 0.99372 0.57833 0.38390 0.00000 0.29167 0.62791 1.00000 0.01406 0.02178
162.00000 118.00000 0.47620 0.83135 1.00000 0.62699 0.65648 0.65835 0.53654 0.50794 0.50000 0.47091 0.86409 0.60756 0.37838 0.65554 0.47067 0.99377 0.54641 0.31016 0.00000 0.65625 0.86469 1.00000 0.49040 0.49300
162.00000 119.00000 0.00004 0.00095 1.00000 1.00000 0.98092 0.95322 0.93020 1.00000 1.00000 0.99301 0.99947 0.88099 1.00000 0.91531 0.99589 0.99330 0.72343 0.03691 1.00000 0.93750 1.00000 1.00000 0.98834 0.98256
162.00000 120.00000 0.47614 0.83135 1.00000 0.62699 0.65868 0.65862 0.56261 0.50794 0.50000 0.47253 0.86409 0.61400 0.37838 0.67020 0.47077 0.99363 0.51966 0.33300 0.00000 0.64583 0.86469 1.00000 0.48697 0.49786
162.00000 121.00000 0.47615 0.83159 1.00000 0.62699 0.66272 0.65106 0.55875 0.50794 0.50000 0.47005 0.86419 0.61550 0.40541 0.66612 0.47140 0.99366 0.53530 0.32824 0.00000 0.64583 0.86469 1.00000 0.49211 0.49386
162.00000 122.00000 0.23817 0.29691 1.00000 0.59794 0.64024 0.69674 0.70500 0.61718 0.61509 0.61615 0.85336 0.65865 0.89189 0.75081 0.61519 0.99377 0.69477 0.11332 1.00000 0.69792 0.85412 1.00000 0.63409 0.63307
162.00000 123.00000 0.99981 0.99988 1.00000 0.00000 0.13130 0.31784 0.26140 0.00000 0.00063 0.00585 0.62776 0.28280 0.24324 0.47883 0.00332 0.99369 0.58957 0.37284 0.00000 0.28125 0.62791 1.00000 0.01440 0.02079
162.00000 124.00000 0.59531 0.73634 0.00000 0.23809 0.01248 0.04616 0.05878 0.29318 0.20818 0.09190 0.00152 0.02957 0.02703 0.04805 0.08931 0.00226 0.07483 0.93951 0.00000 0.04167 0.00000 0.00000 0.14438 0.14325
162.00000 125.00000 0.00001 0.00000 1.00000 1.00000 0.98541 0.93962 0.91648 1.00000 1.00000 0.99480 0.99945 0.88063 1.00000 0.92915 0.99480 0.99333 0.71003 0.05067 1.00000 0.93750 1.00000 1.00000 0.97462 0.97837
162.00000 126.00000 0.59521 0.73634 0.00000 0.23809 0.00835 0.04762 0.06583 0.29318 0.20881 0.09245 0.00173 0.02766 0.02703 0.03746 0.08982 0.00226 0.07924 0.94852 0.00000 0.03125 0.00000 0.00000 0.13992 0.14768
162.00000 127.00000 0.23816 0.29691 1.00000 0.59794 0.63547 0.69349 0.69691 0.61718 0.61509 0.61231 0.85343 0.66004 0.89189 0.77117 0.61408 0.99355 0.71067 0.12361 1.00000 0.68750 0.85412 1.00000 0.62929 0.62919
162.00000 128.00000 0.59513 0.73848 0.00000 0.23809 0.01211 0.06469 0.07481 0.29318 0.20881 0.09169 0.00163 0.02956 0.02703 0.04886 0.09078 0.00218 0.08476 0.96112 0.00000 0.04167 0.00000 0.00000 0.14369 0.14453
162.00000 129.00000 0.99995 1.00000 1.00000 0.00000 0.13075 0.28409 0.28005 0.00000 0.00063 0.00482 0.62780 0.28569 0.24324 0.49593 0.00309 0.99363 0.60278 0.37405 0.00000 0.29167 0.62791 1.00000 0.01440 0.02134
162.00000 130.00000 0.00006 0.00119 1.00000 1.00000 0.98220 0.93558 0.93174 1.00000 1.00000 0.99272 0.99939 0.88707 1.00000 0.92834 0.99533 0.99339 0.72209 0.05060 1.00000 0.93750 1.00000 1.00000 0.98354 0.97862
162.00000 131.00000 0.59528 0.73753 0.00000 0.23809 0.01257 0.05209 0.06463 0.29318 0.20881 0.09365 0.00171 0.03081 0.02703 0.06596 0.08852 0.00237 0.09147 0.94098 0.00000 0.03125 0.00000 0.00000 0.13752 0.14968
162.00000 132.00000 0.00005 0.00119 1.00000 1.00000 0.98248 0.94333 0.92786 1.00000 1.00000 0.99368 0.99928 0.88165 1.00000 0.91287 0.99559 0.99336 0.71376 0.04390 1.00000 0.93750 1.00000 1.00000 0.98045 0.98606
162.00000 133.00000 0.99980 0.99762 1.00000 0.00000 0.13487 0.30782 0.24924 0.00000 0.00063 0.00332 0.62785 0.28086 0.24324 0.48290 0.00315 0.99380 0.60070 0.38188 0.00000 0.30208 0.62791 1.00000 0.01543 0.02044
162.00000 134.00000 0.83325 0.99834 1.00000 0.06027 0.18589 0.33699 0.25187 0.14659 0.14403 0.13789 0.65118 0.30760 0.24324 0.49349 0.13639 0.99408 0.54806 0.36435 0.00000 0.32292 0.65116 1.00000 0.15672 0.16065
162.00000 135.00000 0.23812 0.29881 1.00000 0.59794 0.63804 0.71131 0.70543 0.61718 0.61572 0.61534 0.85353 0.65678 0.89189 0.76384 0.61433 0.99361 0.69808 0.13258 1.00000 0.69792 0.85412 1.00000 0.62414 0.63073
162.00000 136.00000 0.59511 0.73753 0.00000 0.23809 0.01220 0.06363 0.07950 0.29318 0.20881 0.09276 0.00175 0.03843 0.02703 0.05863 0.08966 0.00251 0.09633 0.94457 0.00000 0.05208 0.00000 0.00000 0.14335 0.14255
162.00000 137.00000 0.83313 0.99786 1.00000 0.06027 0.18158 0.31318 0.27723 0.14659 0.14403 0.13706 0.65115 0.30415 0.24324 0.46743 0.13560 0.99388 0.54851 0.36497 0.00000 0.33333 0.65116 1.00000 0.16221 0.16681
162.00000 138.00000 0.47618 0.83135 1.00000 0.62699 0.66281 0.64069 0.56853 0.50794 0.50000 0.46986 0.86424 0.62266 0.40541 0.66938 0.46942 0.99366 0.54199 0.31946 0.00000 0.66667 0.86469 1.00000 0.49417 0.48800
162.00000 139.00000 0.00002 0.00119 1.00000 1.00000 0.97660 0.93374 0.91718 1.00000 1.00000 0.99344 0.99932 0.88302 1.00000 0.92508 0.99559 0.99344 0.72088 0.03614 1.00000 0.95833 1.00000 1.00000 0.98148 0.98255
162.00000 140.00000 0.83323 0.99917 1.00000 0.06027 0.18543 0.33016 0.27473 0.14659 0.14403 0.13844 0.65126 0.31103 0.24324 0.46580 0.13763 0.99405 0.56534 0.36303 0.00000 0.32292 0.65116 1.00000 0.15672 0.16265
162.00000 141.00000 0.23803 0.29810 1.00000 0.59794 0.63575 0.69118 0.69472 0.61718 0.61572 0.61396 0.85355 0.65843 0.89189 0.76140 0.61403 0.99372 0.69294 0.12218 1.00000 0.71875 0.85412 1.00000 0.63134 0.62671
162.00000 142.00000 0.83325 0.99881 1.00000 0.06027 0.19112 0.33257 0.27218 0.14659 0.14403 0.13691 0.65130 0.31071 0.24324 0.48208 0.13806 0.99405 0.55834 0.35852 0.00000 0.32292 0.65116 1.00000 0.16838 0.17212
162.00000 143.00000 0.47619 0.83135 1.00000 0.62699 0.66281 0.65025 0.55115 0.50794 0.50000 0.47155 0.86422 0.61584 0.37838 0.66368 0.47102 0.99380 0.54030 0.32667 0.00000 0.66667 0.86469 1.00000 0.48560 0.49687
162.00000 144.00000 0.47617 0.83135 1.00000 0.62699 0.66456 0.65114 0.55623 0.50794 0.50000 0.46967 0.86419 0.61712 0.40541 0.68078 0.47122 0.99396 0.53727 0.33121 0.00000 0.64583 0.86469 1.00000 0.48971 0.49356
162.00000 145.00000 0.83332 0.99762 1.00000 0.06027 0.18506 0.33406 0.24744 0.14659 0.14403 0.13808 0.65132 0.31230 0.24324 0.47720 0.13659 0.99410 0.56524 0.38327 0.00000 0.32292 0.65116 1.00000 0.15604 0.16567
162.00000 146.00000 0.59518 0.73634 0.00000 0.23809 0.01688 0.06206 0.05524 0.29318 0.20881 0.09181 0.00179 0.03290 0.02703 0.05619 0.09017 0.00259 0.10851 0.96027 0.00000 0.04167 0.00000 0.00000 0.13820 0.14969
162.00000 147.00000 0.59508 0.73634 0.00000 0.23809 0.01349 0.02620 0.08063 0.29318 0.20881 0.09162 0.00184 0.02748 0.02703 0.04967 0.08829 0.00243 0.09195 0.94874 0.00000 0.03125 0.00000 0.00000 0.13752 0.13740
162.00000 148.00000 0.47607 0.83337 1.00000 0.62699 0.66089 0.66588 0.56167 0.50794 0.50000 0.46993 0.86432 0.61791 0.40541 0.68485 0.47092 0.99377 0.54072 0.33099 0.00000 0.64583 0.86469 1.00000 0.48080 0.49416
162.00000 149.00000 0.99989 0.99798 1.00000 0.00000 0.13478 0.32542 0.26753 0.00000 0.00063 0.00587 0.62801 0.28719 0.24324 0.48616 0.00228 0.99402 0.58714 0.38686 0.00000 0.28125 0.62791 1.00000 0.01269 0.01673
162.00000 150.00000 0.47616 0.83230 1.00000 0.62699 0.66300 0.68008 0.55745 0.50794 0.50000 0.46955 0.86422 0.61571 0.40541 0.68241 0.46996 0.99388 0.54825 0.33315 0.00000 0.65625 0.86469 1.00000 0.48457 0.49545
162.00000 151.00000 0.59524 0.73634 0.00000 0.23809 0.01174 0.06252 0.05004 0.29318 0.20881 0.09176 0.00173 0.03531 0.02703 0.05537 0.08969 0.00251 0.09095 0.95427 0.00000 0.02083 0.00000 0.00000 0.13752 0.14328
162.00000 152.00000 0.47615 0.83266 1.00000 0.62699 0.66043 0.66629 0.56614 0.50794 0.50000 0.47198 0.86424 0.61606 0.40541 0.69951 0.46980 0.99399 0.53565 0.34362 0.00000 0.65625 0.86469 1.00000 0.48697 0.49217
162.00000 153.00000 0.47610 0.83135 1.00000 0.62699 0.66245 0.65594 0.56138 0.50794 0.50000 0.47208 0.86432 0.61668 0.40541 0.68485 0.46897 0.99388 0.54325 0.33850 1.00000 0.65625 0.86469 1.00000 0.49143 0.48624
162.00000 154.00000 0.47624 0.83207 1.00000 0.62699 0.66492 0.66883 0.55690 0.50794 0.50000 0.47045 0.86436 0.61633 0.37838 0.67997 0.47145 0.99385 0.54446 0.33249 1.00000 0.65625 0.86469 1.00000 0.48148 0.49213
162.00000 155.00000 0.59509 0.73848 0.00000 0.23809 0.01092 0.04134 0.06362 0.29318 0.20881 0.09210 0.00186 0.03950 0.02703 0.04886 0.08979 0.00262 0.09187 0.96584 0.00000 0.05208 0.00000 0.00000 0.14060 0.14151
162.00000 156.00000 0.23805 0.29691 1.00000 0.59794 0.63786 0.70037 0.71749 0.61718 0.61509 0.61417 0.85353 0.66873 0.89189 0.76466 0.61352 0.99377 0.71781 0.13035 1.00000 0.72917 0.85412 1.00000 0.63032 0.62465
162.00000 157.00000 0.99978 0.99846 1.00000 0.00000 0.13588 0.33618 0.26325 0.00000 0.00000 0.00375 0.62808 0.29698 0.24324 0.50244 0.00259 0.99410 0.59623 0.38320 0.00000 0.31250 0.62791 1.00000 0.01886 0.01745
162.00000 158.00000 0.99990 0.99762 1.00000 0.00000 0.13221 0.29153 0.26773 0.00000 0.00063 0.00358 0.62799 0.29676 0.24324 0.48616 0.00449 0.99402 0.60101 0.38818 0.00000 0.30208 0.62791 1.00000 0.01166 0.01623
162.00000 159.00000 0.99993 0.99869 1.00000 0.00000 0.13451 0.31231 0.25627 0.00000 0.00063 0.00623 0.62812 0.29302 0.24324 0.49756 0.00261 0.99416 0.60987 0.39173 0.00000 0.29167 0.62791 1.00000 0.01303 0.01400
162.00000 160.00000 0.00005 0.00000 1.00000 1.00000 0.98954 0.96302 0.94088 1.00000 1.00000 0.99074 0.99937 0.89207 1.00000 0.93322 0.99318 0.99352 0.72612 0.04617 1.00000 0.94792 1.00000 1.00000 0.98080 0.97491
162.00000 161.00000 0.99994 0.99762 1.00000 0.00000 0.12873 0.30725 0.28453 0.00000 0.00063 0.00248 0.62808 0.29553 0.24324 0.50733 0.00264 0.99410 0.61696 0.38961 0.00000 0.31250 0.62791 1.00000 0.01818 0.02218
162.00000 162.00000 0.47624 0.83171 1.00000 0.62699 0.66024 0.64760 0.57693 0.50794 0.50000 0.47005 0.86441 0.61786 0.37838 0.68322 0.47046 0.99388 0.54829 0.32839 1.00000 0.64583 0.86469 1.00000 0.48663 0.48547
162.00000 163.00000 0.99981 1.00000 1.00000 0.00000 0.13552 0.33100 0.25952 0.00000 0.00063 0.00604 0.62801 0.29453 0.24324 0.50407 0.00266 0.99399 0.60318 0.38873 0.00000 0.30208 0.62791 1.00000 0.00926 0.02034
162.00000 164.00000 0.83332 0.99952 1.00000 0.06027 0.19057 0.35387 0.27603 0.14659 0.14465 0.13732 0.65156 0.31289 0.24324 0.48860 0.13603 0.99432 0.56300 0.37559 0.00000 0.34375 0.65116 1.00000 0.16049 0.15541
162.00000 165.00000 0.23819 0.29869 1.00000 0.59794 0.63978 0.71562 0.71104 0.61718 0.61572 0.61190 0.85351 0.66534 0.89189 0.78909 0.61387 0.99380 0.72266 0.14052 1.00000 0.69792 0.85412 1.00000 0.62209 0.63360
162.00000 166.00000 0.59523 0.73777 0.00000 0.23809 0.00963 0.05209 0.08326 0.29318 0.20881 0.09248 0.00198 0.03544 0.02703 0.05537 0.08933 0.00281 0.09821 0.96276 0.00000 0.05208 0.00000 0.00000 0.13649 0.13778
162.00000 167.00000 0.99980 0.99988 1.00000 0.00000 0.13387 0.30730 0.26481 0.00000 0.00063 0.00566 0.62820 0.29693 0.24324 0.49023 0.00200 0.99408 0.61675 0.38697 0.00000 0.30208 0.62791 1.00000 0.01132 0.01795
162.00000 168.00000 0.83333 0.99976 1.00000 0.06027 0.18534 0.34623 0.26624 0.14659 0.14403 0.13730 0.65137 0.31545 0.24324 0.48697 0.13621 0.99443 0.55967 0.37928 0.00000 0.33333 0.65116 1.00000 0.15364 0.16159
162.00000 169.00000 0.23821 0.29691 1.00000 0.59794 0.64602 0.71946 0.71911 0.61718 0.61572 0.61257 0.85357 0.66399 0.89189 0.77117 0.61393 0.99383 0.71402 0.13437 1.00000 0.67708 0.85412 1.00000 0.61694 0.63118
162.00000 170.00000 0.47623 0.83135 1.00000 0.62699 0.66410 0.66648 0.57103 0.50794 0.50000 0.47148 0.86449 0.62130 0.37838 0.68811 0.47036 0.99419 0.55403 0.34033 1.00000 0.67708 0.86469 1.00000 0.47977 0.48227
162.00000 171.00000 0.99986 0.99762 1.00000 0.00000 0.13341 0.32542 0.25962 0.00000 0.00063 0.00246 0.62823 0.29109 0.24324 0.50733 0.00325 0.99432 0.61403 0.38921 0.00000 0.30208 0.62791 1.00000 0.01646 0.01560
162.00000 172.00000 0.00007 0.00000 1.00000 1.00000 0.98550 0.96156 0.95865 1.00000 1.00000 0.99081 0.99949 0.90010 1.00000 0.95928 0.99216 0.99366 0.75263 0.05818 1.00000 0.96875 1.00000 1.00000 0.97325 0.97515
162.00000 173.00000 0.00003 0.00059 1.00000 1.00000 0.98890 0.95912 0.95090 1.00000 1.00000 0.99086 0.99954 0.89876 1.00000 0.96417 0.99467 0.99355 0.75251 0.04906 1.00000 0.94792 1.00000 1.00000 0.97599 0.97271
162.00000 174.00000 0.00001 0.00000 1.00000 1.00000 0.98761 0.95693 0.95321 1.00000 1.00000 0.99272 0.99951 0.89630 1.00000 0.94625 0.99351 0.99363 0.75401 0.05866 1.00000 0.96875 1.00000 1.00000 0.97874 0.97448
162.00000 175.00000 1.00000 0.99762 1.00000 0.00000 0.13414 0.32155 0.28113 0.00000 0.00063 0.00446 0.62820 0.29851 0.24324 0.50896 0.00365 0.99424 0.62298 0.38924 0.00000 0.30208 0.62791 1.00000 0.00823 0.01247
162.00000 176.00000 0.99998 0.99762 1.00000 0.00000 0.13643 0.31307 0.28080 0.00000 0.00063 0.00442 0.62829 0.30021 0.24324 0.52606 0.00459 0.99446 0.61287 0.39807 0.00000 0.32292 0.62791 1.00000 0.01337 0.01416
162.00000 177.00000 0.83321 0.99988 1.00000 0.06027 0.19194 0.33935 0.28804 0.14659 0.14403 0.13632 0.65164 0.32114 0.24324 0.50407 0.13712 0.99465 0.59116 0.38379 0.00000 0.34375 0.65116 1.00000 0.16358 0.16177
162.00000 178.00000 0.99984 0.99762 1.00000 0.00000 0.13928 0.33239 0.28130 0.00000 0.00063 0.00425 0.62816 0.29872 0.24324 0.51629 0.00370 0.99430 0.61801 0.40279 0.00000 0.31250 0.62791 1.00000 0.00652 0.02351
162.00000 179.00000 0.83335 0.99762 1.00000 0.06027 0.19066 0.36213 0.28828 0.14659 0.14403 0.13713 0.65179 0.32412 0.24324 0.49267 0.13552 0.99471 0.58821 0.37943 0.00000 0.34375 0.65116 1.00000 0.15295 0.15665
162.00000 180.00000 0.83317 0.99762 1.00000 0.06027 0.19103 0.34986 0.27796 0.14659 0.14403 0.13660 0.65162 0.32262 0.24324 0.51792 0.13633 0.99457 0.59156 0.38262 0.00000 0.36458 0.65116 1.00000 0.15226 0.16157
162.00000 181.00000 0.23817 0.29893 1.00000 0.59794 0.64547 0.72228 0.70893 0.61718 0.61572 0.61226 0.85362 0.67037 0.89189 0.79072 0.61271 0.99396 0.75430 0.14126 1.00000 0.71875 0.85412 1.00000 0.61900 0.62604
162.00000 182.00000 0.23822 0.29691 1.00000 0.59794 0.63997 0.72179 0.74269 0.61718 0.61572 0.61128 0.85379 0.67595 0.89189 0.78502 0.61296 0.99421 0.73678 0.14913 1.00000 0.72917 0.85412 1.00000 0.62140 0.62571
162.00000 183.00000 0.99989 0.99893 1.00000 0.00000 0.14020 0.33591 0.26973 0.00000 0.00063 0.00449 0.62839 0.29615 0.24324 0.52524 0.00419 0.99449 0.63012 0.40576 0.00000 0.31250 0.62791 1.00000 0.00480 0.01412
162.00000 184.00000 0.47616 0.83230 1.00000 0.62699 0.67144 0.67089 0.57596 0.50794 0.50000 0.46871 0.86472 0.62937 0.37838 0.70114 0.46985 0.99430 0.56726 0.35607 1.00000 0.67708 0.86469 1.00000 0.48628 0.48648
162.00000 185.00000 0.00001 0.00000 1.00000 1.00000 0.98908 0.97622 0.96303 1.00000 1.00000 0.99232 0.99968 0.89550 1.00000 0.96336 0.99178 0.99352 0.76082 0.06104 1.00000 0.95833 1.00000 1.00000 0.97497 0.97611
162.00000 186.00000 0.83322 0.99834 1.00000 0.06027 0.19405 0.36010 0.28089 0.14659 0.14465 0.13644 0.65198 0.32855 0.24324 0.51303 0.13514 0.99507 0.61049 0.38126 0.00000 0.33333 0.65116 1.00000 0.14540 0.16329
162.00000 187.00000 0.83322 0.99834 1.00000 0.06027 0.19158 0.34883 0.30520 0.14659 0.14465 0.13484 0.65183 0.32635 0.24324 0.50407 0.13692 0.99493 0.59033 0.38478 0.00000 0.34375 0.65116 1.00000 0.15775 0.16538
162.00000 188.00000 0.59527 0.73800 0.00000 0.23809 0.01413 0.07420 0.10841 0.29318 0.20881 0.09114 0.00230 0.04648 0.00000 0.07818 0.08944 0.00342 0.14412 0.98345 0.00000 0.06250 0.00000 0.00000 0.13066 0.13943
162.00000 189.00000 0.99978 0.99762 1.00000 0.00000 0.13983 0.32485 0.29127 0.00000 0.00063 0.00305 0.62839 0.31205 0.24324 0.51873 0.00231 0.99479 0.64083 0.39309 0.00000 0.30208 0.62791 1.00000 0.00823 0.02002
162.00000 190.00000 0.00006 0.00083 1.00000 1.00000 0.99174 0.96839 0.97191 1.00000 1.00000 0.98835 0.99962 0.90685 1.00000 0.96743 0.99295 0.99369 0.76534 0.07740 1.00000 0.95833 1.00000 1.00000 0.97668 0.97313
162.00000 191.00000 0.59515 0.73634 0.00000 0.23809 0.01468 0.08078 0.09755 0.29318 0.20881 0.09064 0.00230 0.04914 0.02703 0.09935 0.08906 0.00339 0.13531 0.97466 0.00000 0.08333 0.00000 0.00000 0.13100 0.13423
162.00000 192.00000 0.83327 0.99762 1.00000 0.06027 0.19075 0.34330 0.30015 0.14659 0.14403 0.13591 0.65208 0.32582 0.24324 0.51629 0.13689 0.99518 0.59306 0.39199 0.00000 0.34375 0.65116 1.00000 0.15021 0.16714
162.00000 193.00000 0.00006 0.00000 1.00000 1.00000 0.99046 0.97651 0.95371 1.00000 1.00000 0.98955 0.99966 0.90918 1.00000 0.96987 0.99069 0.99372 0.77181 0.06030 1.00000 0.98958 1.00000 1.00000 0.96296 0.96841
162.00000 194.00000 0.23817 0.29691 1.00000 0.59794 0.64446 0.73415 0.74503 0.61718 0.61572 0.61178 0.85383 0.67769 0.89189 0.79316 0.61136 0.99427 0.75784 0.16370 1.00000 0.73958 0.85412 1.00000 0.61866 0.61934
