32.00000 1.00000 0.23824 0.29691 1.00000 0.59794 0.63521 0.70132 0.67251 0.61718 0.61606 0.59534 0.85280 0.65688 0.84615 0.75731 0.59521 0.99328 0.71219 0.16038 1.00000 0.69072 0.85412 1.00000 0.62529 0.62716
32.00000 2.00000 0.83321 0.99762 1.00000 0.06027 0.18597 0.32271 0.26014 0.14659 0.14617 0.13439 0.65053 0.30695 0.23077 0.47159 0.13498 0.99344 0.54207 0.39795 0.00000 0.31959 0.65116 1.00000 0.15674 0.15925
32.00000 3.00000 0.99985 0.99917 1.00000 0.00000 0.13053 0.28858 0.23831 0.00000 0.00251 0.00575 0.62719 0.28198 0.23077 0.48539 0.00506 0.99306 0.58511 0.40134 0.00000 0.29897 0.62791 1.00000 0.01749 0.01512
32.00000 4.00000 0.00006 0.00000 1.00000 1.00000 0.98155 0.94753 0.91092 1.00000 1.00000 0.95987 0.99869 0.88780 0.94872 0.91315 0.96266 0.99333 0.71518 0.09053 1.00000 0.91753 1.00000 1.00000 0.96334 0.96846
32.00000 5.00000 0.59531 0.73634 0.00000 0.23809 0.01111 0.06321 0.05104 0.29318 0.21079 0.09086 0.00146 0.02445 0.02564 0.04383 0.08810 0.00209 0.05552 0.94105 0.00000 0.05155 0.00000 0.00000 0.13219 0.14389
32.00000 6.00000 0.99989 0.99941 1.00000 0.00000 0.13136 0.30057 0.24405 0.00000 0.00251 0.00605 0.62726 0.28276 0.23077 0.47971 0.00653 0.99322 0.57172 0.39895 0.00000 0.28866 0.62791 1.00000 0.01278 0.01175
32.00000 7.00000 0.83319 0.99762 1.00000 0.06027 0.18395 0.29133 0.25390 0.14659 0.14617 0.13492 0.65038 0.30312 0.23077 0.47808 0.13471 0.99330 0.53904 0.39044 0.00000 0.32990 0.65116 1.00000 0.16044 0.16341
32.00000 8.00000 0.00001 0.00166 1.00000 1.00000 0.98173 0.94810 0.90237 1.00000 1.00000 0.96132 0.99873 0.88345 0.94872 0.91234 0.96285 0.99319 0.71592 0.08147 1.00000 0.92784 1.00000 1.00000 0.96199 0.97065
32.00000 9.00000 0.83316 0.99762 1.00000 0.06027 0.18340 0.32358 0.24114 0.14659 0.14617 0.13487 0.65036 0.30482 0.23077 0.46753 0.13468 0.99322 0.53457 0.38445 0.00000 0.31959 0.65116 1.00000 0.16246 0.15590
32.00000 10.00000 0.99989 0.99762 1.00000 0.00000 0.12713 0.28874 0.23658 0.00000 0.00251 0.00785 0.62719 0.27800 0.23077 0.48945 0.00623 0.99308 0.58071 0.40687 0.00000 0.27835 0.62791 1.00000 0.01917 0.01253
32.00000 11.00000 0.47624 0.83135 1.00000 0.62699 0.65917 0.62474 0.54497 0.50794 0.50125 0.45732 0.86352 0.61492 0.38462 0.67208 0.45699 0.99333 0.52365 0.35678 0.00000 0.63918 0.86469 1.00000 0.48234 0.48675
32.00000 12.00000 0.00006 0.00000 1.00000 1.00000 0.97971 0.92212 0.92036 1.00000 1.00000 0.96027 0.99880 0.87989 0.94872 0.91071 0.96202 0.99317 0.69846 0.08988 1.00000 0.92784 1.00000 1.00000 0.96435 0.96848
32.00000 13.00000 0.59532 0.73741 0.00000 0.23809 0.00945 0.03783 0.04441 0.29318 0.21079 0.09081 0.00133 0.02733 0.02564 0.06088 0.08845 0.00209 0.07473 0.94326 0.00000 0.04124 0.00000 0.00000 0.13555 0.14226
32.00000 14.00000 0.00005 0.00214 1.00000 1.00000 0.97512 0.94888 0.91068 1.00000 1.00000 0.96181 0.99873 0.88212 0.94872 0.90179 0.96263 0.99333 0.70294 0.08656 1.00000 0.91753 1.00000 1.00000 0.96300 0.96902
32.00000 15.00000 0.00002 0.00000 1.00000 1.00000 0.98522 0.92042 0.92319 1.00000 1.00000 0.96077 0.99869 0.88401 0.94872 0.91964 0.96166 0.99339 0.71518 0.09015 1.00000 0.91753 1.00000 1.00000 0.96603 0.97205
32.00000 16.00000 0.00004 0.00190 1.00000 1.00000 0.98082 0.94767 0.91377 1.00000 1.00000 0.95875 0.99869 0.88986 0.94872 0.92127 0.96207 0.99325 0.71001 0.07175 1.00000 0.93814 1.00000 1.00000 0.96905 0.96758
32.00000 17.00000 0.23821 0.29822 1.00000 0.59794 0.63356 0.70742 0.68296 0.61718 0.61606 0.59539 0.85280 0.65948 0.84615 0.76380 0.59529 0.99325 0.67824 0.15779 1.00000 0.69072 0.85412 1.00000 0.62059 0.62655
32.00000 18.00000 0.00004 0.00012 1.00000 1.00000 0.98311 0.92342 0.89151 1.00000 1.00000 0.96176 0.99873 0.88234 0.94872 0.92208 0.96180 0.99325 0.71251 0.09309 1.00000 0.92784 1.00000 1.00000 0.96468 0.96326
32.00000 19.00000 0.47629 0.83135 1.00000 0.62699 0.65724 0.65193 0.52641 0.50794 0.50063 0.45794 0.86352 0.61464 0.38462 0.67208 0.45628 0.99341 0.52103 0.36338 0.00000 0.63918 0.86469 1.00000 0.48806 0.48116
32.00000 20.00000 0.83333 0.99988 1.00000 0.06027 0.18157 0.32425 0.25128 0.14659 0.14617 0.13457 0.65041 0.29983 0.23077 0.46023 0.13459 0.99325 0.52439 0.39248 0.00000 0.29897 0.65116 1.00000 0.15069 0.16056
32.00000 21.00000 0.99995 0.99822 1.00000 0.00000 0.12860 0.30419 0.24753 0.00000 0.00251 0.00658 0.62719 0.28152 0.23077 0.47890 0.00567 0.99341 0.56987 0.39573 0.00000 0.30928 0.62791 1.00000 0.01682 0.02048
32.00000 22.00000 0.83315 0.99762 1.00000 0.06027 0.18157 0.31904 0.25101 0.14659 0.14617 0.13342 0.65051 0.30420 0.23077 0.48052 0.13439 0.99347 0.54856 0.38601 0.00000 0.32990 0.65116 1.00000 0.16112 0.15807
32.00000 23.00000 0.59524 0.73634 0.00000 0.23809 0.01157 0.04015 0.06324 0.29318 0.21079 0.08927 0.00139 0.02070 0.02564 0.03490 0.08654 0.00179 0.05730 0.92631 0.00000 0.04124 0.00000 0.00000 0.13791 0.14150
32.00000 24.00000 0.99986 0.99762 1.00000 0.00000 0.12888 0.28529 0.23430 0.00000 0.00314 0.00582 0.62736 0.27930 0.23077 0.49026 0.00577 0.99322 0.59211 0.41971 0.00000 0.28866 0.62791 1.00000 0.01850 0.01794
32.00000 25.00000 0.23803 0.29691 1.00000 0.59794 0.63191 0.66962 0.67813 0.61718 0.61606 0.59629 0.85272 0.65505 0.84615 0.74351 0.59573 0.99328 0.68646 0.15225 1.00000 0.70103 0.85412 1.00000 0.62698 0.62426
32.00000 26.00000 0.99993 0.99762 1.00000 0.00000 0.12860 0.29209 0.26845 0.00000 0.00251 0.00550 0.62717 0.27522 0.23077 0.48377 0.00599 0.99317 0.58085 0.42026 0.00000 0.28866 0.62791 1.00000 0.00875 0.02035
32.00000 27.00000 0.83327 0.99762 1.00000 0.06027 0.18717 0.32188 0.23480 0.14659 0.14617 0.13501 0.65036 0.30681 0.23077 0.45860 0.13490 0.99336 0.54310 0.39826 0.00000 0.32990 0.65116 1.00000 0.15943 0.15567
32.00000 28.00000 0.83330 0.99762 1.00000 0.06027 0.18331 0.34267 0.24018 0.14659 0.14617 0.13561 0.65053 0.30109 0.23077 0.47890 0.13432 0.99350 0.53579 0.39494 0.00000 0.31959 0.65116 1.00000 0.15876 0.16459
32.00000 29.00000 0.23814 0.29691 1.00000 0.59794 0.64035 0.69614 0.68824 0.61718 0.61606 0.59654 0.85284 0.65948 0.84615 0.74188 0.59473 0.99330 0.69981 0.16395 1.00000 0.70103 0.85412 1.00000 0.61991 0.61536
32.00000 30.00000 0.99988 0.99762 1.00000 0.00000 0.12824 0.30292 0.24929 0.00000 0.00314 0.00628 0.62724 0.27719 0.23077 0.48945 0.00560 0.99333 0.57119 0.40590 0.00000 0.30928 0.62791 1.00000 0.01648 0.01633
32.00000 31.00000 0.47618 0.83135 1.00000 0.62699 0.66027 0.66443 0.53537 0.50794 0.50063 0.45675 0.86354 0.61015 0.38462 0.67127 0.45628 0.99344 0.52218 0.36332 0.00000 0.65979 0.86469 1.00000 0.47830 0.48041
32.00000 32.00000 0.59518 0.73824 0.00000 0.23809 0.01147 0.04928 0.05510 0.29318 0.21079 0.09109 0.00148 0.02843 0.02564 0.04708 0.08920 0.00190 0.06865 0.93206 0.00000 0.06186 0.00000 0.00000 0.14161 0.14128
32.00000 33.00000 0.23809 0.29691 1.00000 0.59794 0.63402 0.69157 0.66828 0.61718 0.61606 0.59458 0.85278 0.65358 0.84615 0.75568 0.59541 0.99336 0.70767 0.15689 1.00000 0.69072 0.85412 1.00000 0.62126 0.62222
32.00000 34.00000 0.47621 0.83135 1.00000 0.62699 0.65651 0.65293 0.54668 0.50794 0.50063 0.45587 0.86358 0.61138 0.38462 0.65747 0.45579 0.99341 0.52439 0.35221 0.00000 0.63918 0.86469 1.00000 0.48234 0.49096
32.00000 35.00000 0.99978 0.99762 1.00000 0.00000 0.12805 0.29171 0.23447 0.00000 0.00314 0.00497 0.62717 0.27827 0.23077 0.47484 0.00508 0.99336 0.59079 0.41189 0.00000 0.29897 0.62791 1.00000 0.01446 0.01765
32.00000 36.00000 0.99986 0.99762 1.00000 0.00000 0.13246 0.29069 0.23953 0.00000 0.00314 0.00467 0.62715 0.27697 0.23077 0.48214 0.00565 0.99328 0.58533 0.41448 0.00000 0.29897 0.62791 1.00000 0.01312 0.01415
32.00000 37.00000 0.99985 0.99762 1.00000 0.00000 0.13044 0.29112 0.22599 0.00000 0.00314 0.00722 0.62711 0.28025 0.23077 0.47808 0.00611 0.99333 0.57758 0.40628 0.00000 0.29897 0.62791 1.00000 0.01413 0.01449
32.00000 38.00000 0.23801 0.29703 1.00000 0.59794 0.63595 0.69157 0.67551 0.61718 0.61606 0.59631 0.85272 0.66010 0.84615 0.74594 0.59666 0.99344 0.69327 0.16395 1.00000 0.71134 0.85412 1.00000 0.62664 0.62330
32.00000 39.00000 0.47610 0.83219 1.00000 0.62699 0.65770 0.64491 0.52386 0.50794 0.50125 0.45824 0.86342 0.61184 0.35897 0.67289 0.45633 0.99350 0.52973 0.36352 0.00000 0.64948 0.86469 1.00000 0.48100 0.48571
32.00000 40.00000 0.23813 0.29691 1.00000 0.59794 0.63714 0.69948 0.69574 0.61718 0.61606 0.59576 0.85289 0.65324 0.84615 0.75812 0.59497 0.99333 0.67872 0.15630 1.00000 0.69072 0.85412 1.00000 0.62159 0.62267
32.00000 41.00000 0.23805 0.29691 1.00000 0.59794 0.63182 0.68852 0.66975 0.61718 0.61606 0.59394 0.85282 0.65449 0.84615 0.76461 0.59448 0.99339 0.68808 0.16554 1.00000 0.70103 0.85412 1.00000 0.62227 0.62767
32.00000 42.00000 0.47624 0.83147 1.00000 0.62699 0.65495 0.64513 0.53143 0.50794 0.50063 0.45681 0.86365 0.61386 0.38462 0.67614 0.45567 0.99341 0.52574 0.35110 0.00000 0.64948 0.86469 1.00000 0.47931 0.48340
32.00000 43.00000 0.83326 0.99762 1.00000 0.06027 0.18460 0.32412 0.24751 0.14659 0.14617 0.13487 0.65051 0.29859 0.23077 0.46185 0.13283 0.99336 0.53719 0.39936 0.00000 0.32990 0.65116 1.00000 0.16112 0.16221
32.00000 44.00000 0.59521 0.73634 0.00000 0.23809 0.00762 0.04896 0.05570 0.29318 0.21079 0.09090 0.00139 0.02511 0.02564 0.06006 0.08920 0.00201 0.07671 0.94755 0.00000 0.05155 0.00000 0.00000 0.14632 0.13661
32.00000 45.00000 0.59524 0.73860 0.00000 0.23809 0.01184 0.03780 0.03766 0.29318 0.21016 0.09044 0.00148 0.02136 0.02564 0.04789 0.08940 0.00198 0.06937 0.93417 0.00000 0.05155 0.00000 0.00000 0.14329 0.14045
32.00000 46.00000 0.99983 0.99762 1.00000 0.00000 0.12732 0.29857 0.22279 0.00000 0.00251 0.00649 0.62730 0.28213 0.23077 0.47240 0.00650 0.99330 0.58129 0.39583 0.00000 0.28866 0.62791 1.00000 0.01816 0.01906
32.00000 47.00000 0.83321 0.99929 1.00000 0.06027 0.17863 0.33008 0.25740 0.14659 0.14617 0.13404 0.65055 0.30639 0.23077 0.47321 0.13486 0.99352 0.54243 0.39362 0.00000 0.29897 0.65116 1.00000 0.15540 0.16068
32.00000 48.00000 0.00005 0.00000 1.00000 1.00000 0.97742 0.91367 0.91423 1.00000 1.00000 0.96183 0.99876 0.89164 0.94872 0.92208 0.96207 0.99325 0.71070 0.07933 1.00000 0.93814 1.00000 1.00000 0.96367 0.97363
32.00000 49.00000 0.99992 0.99988 1.00000 0.00000 0.12869 0.29568 0.21703 0.00000 0.00314 0.00785 0.62719 0.27738 0.23077 0.48539 0.00545 0.99317 0.57246 0.40971 0.00000 0.28866 0.62791 1.00000 0.01076 0.01739
32.00000 50.00000 0.23802 0.29691 1.00000 0.59794 0.63448 0.69940 0.66468 0.61718 0.61606 0.59534 0.85274 0.65850 0.84615 0.75487 0.59495 0.99333 0.69962 0.15986 1.00000 0.69072 0.85412 1.00000 0.62025 0.61777
32.00000 51.00000 0.99995 0.99762 1.00000 0.00000 0.13062 0.30597 0.23096 0.00000 0.00314 0.00695 0.62719 0.27977 0.23077 0.48945 0.00616 0.99330 0.58124 0.40549 0.00000 0.28866 0.62791 1.00000 0.01816 0.02023
32.00000 52.00000 0.59509 0.73634 0.00000 0.23809 0.00799 0.05911 0.06555 0.29318 0.21079 0.09182 0.00137 0.02162 0.02564 0.05438 0.08852 0.00204 0.08507 0.94420 0.00000 0.06186 0.00000 0.00000 0.13858 0.13785
32.00000 53.00000 0.47609 0.83171 1.00000 0.62699 0.66009 0.64993 0.52960 0.50794 0.50063 0.45619 0.86363 0.61293 0.38462 0.68019 0.45723 0.99352 0.51163 0.36432 0.00000 0.63918 0.86469 1.00000 0.47763 0.48174
32.00000 54.00000 0.99984 0.99762 1.00000 0.00000 0.13090 0.29863 0.24467 0.00000 0.00251 0.00693 0.62726 0.28943 0.23077 0.46753 0.00650 0.99339 0.58578 0.40580 0.00000 0.28866 0.62791 1.00000 0.01177 0.01251
32.00000 55.00000 0.00003 0.00071 1.00000 1.00000 0.98210 0.94067 0.91135 1.00000 1.00000 0.96224 0.99882 0.88864 0.94872 0.91964 0.96134 0.99328 0.71686 0.07857 1.00000 0.92784 1.00000 1.00000 0.96805 0.97553
32.00000 56.00000 0.47625 0.83219 1.00000 0.62699 0.65935 0.64772 0.54305 0.50794 0.50063 0.45799 0.86352 0.60880 0.38462 0.65747 0.45674 0.99347 0.53375 0.36255 0.00000 0.63918 0.86469 1.00000 0.48335 0.48151
32.00000 57.00000 0.99993 0.99810 1.00000 0.00000 0.12897 0.29066 0.24179 0.00000 0.00251 0.00575 0.62709 0.27930 0.23077 0.48620 0.00391 0.99319 0.58865 0.41988 0.00000 0.29897 0.62791 1.00000 0.01144 0.01372
32.00000 58.00000 0.47616 0.83135 1.00000 0.62699 0.66174 0.64054 0.54161 0.50794 0.50063 0.45707 0.86344 0.61058 0.38462 0.66964 0.45740 0.99347 0.53190 0.35041 0.00000 0.63918 0.86469 1.00000 0.48436 0.48673
32.00000 59.00000 0.99985 0.99822 1.00000 0.00000 0.12677 0.28858 0.21657 0.00000 0.00314 0.00605 0.62724 0.28462 0.23077 0.47646 0.00589 0.99325 0.57439 0.40576 0.00000 0.28866 0.62791 1.00000 0.01917 0.01987
32.00000 60.00000 0.83327 0.99762 1.00000 0.06027 0.18570 0.31445 0.24155 0.14659 0.14617 0.13473 0.65038 0.30324 0.23077 0.48539 0.13544 0.99336 0.54512 0.39407 0.00000 0.30928 0.65116 1.00000 0.16011 0.15791
32.00000 61.00000 0.23817 0.29869 1.00000 0.59794 0.63898 0.69824 0.67462 0.61718 0.61606 0.59504 0.85291 0.66191 0.84615 0.74107 0.59600 0.99333 0.70125 0.15779 1.00000 0.70103 0.85412 1.00000 0.62159 0.62633
32.00000 62.00000 0.47616 0.83278 1.00000 0.62699 0.66036 0.64391 0.53116 0.50794 0.50125 0.45695 0.86358 0.61194 0.38462 0.66640 0.45608 0.99352 0.53387 0.35958 0.00000 0.65979 0.86469 1.00000 0.48436 0.48745
32.00000 63.00000 0.83318 0.99917 1.00000 0.06027 0.18625 0.33246 0.25190 0.14659 0.14617 0.13374 0.65047 0.30598 0.23077 0.46266 0.13486 0.99347 0.52738 0.39711 0.00000 0.34021 0.65116 1.00000 0.15876 0.16034
32.00000 64.00000 0.23808 0.29774 1.00000 0.59794 0.63668 0.68668 0.67792 0.61718 0.61606 0.59364 0.85287 0.65892 0.84615 0.75325 0.59529 0.99358 0.69543 0.16657 1.00000 0.67010 0.85412 1.00000 0.62092 0.62340
32.00000 65.00000 0.83325 0.99762 1.00000 0.06027 0.18524 0.35150 0.23917 0.14659 0.14617 0.13648 0.65051 0.30255 0.23077 0.46591 0.13429 0.99339 0.54962 0.38670 0.00000 0.32990 0.65116 1.00000 0.15708 0.15848
32.00000 66.00000 0.23822 0.29786 1.00000 0.59794 0.63898 0.69773 0.67789 0.61718 0.61606 0.59302 0.85274 0.66055 0.84615 0.75649 0.59573 0.99333 0.69067 0.15063 1.00000 0.70103 0.85412 1.00000 0.61453 0.62167
32.00000 67.00000 0.00006 0.00000 1.00000 1.00000 0.97916 0.92887 0.91293 1.00000 1.00000 0.95932 0.99871 0.89122 0.94872 0.93263 0.96195 0.99339 0.71308 0.08147 1.00000 0.93814 1.00000 1.00000 0.96939 0.96307
32.00000 68.00000 0.47629 0.83135 1.00000 0.62699 0.65761 0.64583 0.53568 0.50794 0.50063 0.45553 0.86352 0.61090 0.38462 0.66477 0.45721 0.99336 0.51165 0.36024 0.00000 0.63918 0.86469 1.00000 0.47763 0.48327
32.00000 69.00000 0.47608 0.83325 1.00000 0.62699 0.65981 0.66144 0.53916 0.50794 0.50063 0.45606 0.86354 0.61253 0.38462 0.66640 0.45760 0.99347 0.52824 0.35328 0.00000 0.62887 0.86469 1.00000 0.48772 0.48718
32.00000 70.00000 0.59513 0.73634 0.00000 0.23809 0.00955 0.05220 0.07107 0.29318 0.21079 0.09238 0.00141 0.02447 0.02564 0.05438 0.08930 0.00198 0.07312 0.94275 0.00000 0.05155 0.00000 0.00000 0.14060 0.13364
32.00000 71.00000 0.99985 0.99762 1.00000 0.00000 0.12833 0.29352 0.24234 0.00000 0.00314 0.00575 0.62728 0.28320 0.23077 0.49594 0.00653 0.99339 0.58057 0.41535 0.00000 0.27835 0.62791 1.00000 0.01783 0.02240
32.00000 72.00000 0.23824 0.29727 1.00000 0.59794 0.63374 0.69425 0.66509 0.61718 0.61606 0.59424 0.85282 0.65371 0.84615 0.75406 0.59431 0.99347 0.69276 0.16941 1.00000 0.70103 0.85412 1.00000 0.62126 0.62232
32.00000 73.00000 0.59530 0.73634 0.00000 0.23809 0.01349 0.04347 0.04280 0.29318 0.21079 0.09134 0.00141 0.02346 0.02564 0.05357 0.08964 0.00201 0.07550 0.94534 0.00000 0.05155 0.00000 0.00000 0.13690 0.14122
32.00000 74.00000 0.59514 0.73634 0.00000 0.23809 0.01460 0.04566 0.04991 0.29318 0.21079 0.08888 0.00139 0.02136 0.02564 0.06250 0.08823 0.00185 0.07404 0.93832 0.00000 0.06186 0.00000 0.00000 0.14194 0.14396
32.00000 75.00000 0.00007 0.00000 1.00000 1.00000 0.98329 0.94602 0.91954 1.00000 1.00000 0.96043 0.99888 0.88641 0.94872 0.90990 0.96136 0.99333 0.70880 0.09507 1.00000 0.92784 1.00000 1.00000 0.95762 0.97132
32.00000 76.00000 0.00000 0.00024 1.00000 1.00000 0.98513 0.93965 0.92014 1.00000 1.00000 0.96038 0.99871 0.88488 0.94872 0.91396 0.96295 0.99344 0.71275 0.08881 1.00000 0.94845 1.00000 1.00000 0.96636 0.96722
32.00000 77.00000 0.83334 0.99905 1.00000 0.06027 0.19212 0.31985 0.25772 0.14659 0.14617 0.13446 0.65064 0.30618 0.23077 0.47484 0.13332 0.99347 0.54623 0.39459 0.00000 0.31959 0.65116 1.00000 0.15843 0.15895
32.00000 78.00000 0.99982 0.99762 1.00000 0.00000 0.12622 0.28040 0.23221 0.00000 0.00314 0.00538 0.62730 0.28439 0.23077 0.47890 0.00406 0.99350 0.58792 0.41369 0.00000 0.29897 0.62791 1.00000 0.01177 0.01320
32.00000 79.00000 0.99985 0.99762 1.00000 0.00000 0.13237 0.28442 0.25925 0.00000 0.00251 0.00518 0.62736 0.28846 0.23077 0.48377 0.00511 0.99341 0.57843 0.40839 0.00000 0.28866 0.62791 1.00000 0.01413 0.01535
32.00000 80.00000 0.99995 0.99762 1.00000 0.00000 0.12677 0.31229 0.21792 0.00000 0.00251 0.00561 0.62722 0.28344 0.23077 0.48458 0.00479 0.99344 0.58446 0.42157 0.00000 0.30928 0.62791 1.00000 0.01615 0.01570
32.00000 81.00000 0.00001 0.00000 1.00000 1.00000 0.98082 0.93824 0.90842 1.00000 1.00000 0.96107 0.99886 0.88771 0.94872 0.92127 0.96168 0.99325 0.72374 0.08842 1.00000 0.92784 1.00000 1.00000 0.96771 0.97061
32.00000 82.00000 0.99984 0.99762 1.00000 0.00000 0.13255 0.31450 0.25154 0.00000 0.00314 0.00481 0.62726 0.28321 0.23077 0.49026 0.00540 0.99328 0.58742 0.41528 0.00000 0.30928 0.62791 1.00000 0.01715 0.01025
32.00000 83.00000 0.00001 0.00000 1.00000 1.00000 0.98449 0.92769 0.90945 1.00000 1.00000 0.96261 0.99878 0.88928 0.94872 0.91721 0.96187 0.99339 0.70726 0.08808 1.00000 0.92784 1.00000 1.00000 0.96838 0.96606
32.00000 84.00000 0.23818 0.29691 1.00000 0.59794 0.63806 0.69462 0.67136 0.61718 0.61606 0.59493 0.85299 0.66663 0.84615 0.76136 0.59348 0.99341 0.68084 0.14589 1.00000 0.69072 0.85412 1.00000 0.61520 0.61814
32.00000 85.00000 0.83314 0.99857 1.00000 0.06027 0.18249 0.34774 0.25839 0.14659 0.14617 0.13312 0.65043 0.30317 0.23077 0.46916 0.13380 0.99344 0.53572 0.39148 0.00000 0.34021 0.65116 1.00000 0.15372 0.16162
32.00000 86.00000 0.00004 0.00000 1.00000 1.00000 0.98779 0.95418 0.91413 1.00000 1.00000 0.96162 0.99880 0.88631 0.94872 0.93344 0.96241 0.99322 0.71405 0.07991 1.00000 0.93814 1.00000 1.00000 0.97040 0.96198
32.00000 87.00000 0.83331 0.99762 1.00000 0.06027 0.18900 0.33046 0.27009 0.14659 0.14617 0.13360 0.65051 0.31249 0.23077 0.46997 0.13464 0.99333 0.53632 0.38968 0.00000 0.32990 0.65116 1.00000 0.15473 0.15781
32.00000 88.00000 0.99999 0.99762 1.00000 0.00000 0.12466 0.28445 0.23156 0.00000 0.00314 0.00561 0.62730 0.28516 0.23077 0.49675 0.00613 0.99339 0.58598 0.41811 0.00000 0.29897 0.62791 1.00000 0.02085 0.01754
32.00000 89.00000 0.83324 0.99762 1.00000 0.06027 0.18680 0.32998 0.23391 0.14659 0.14617 0.13462 0.65049 0.29993 0.23077 0.46591 0.13383 0.99339 0.52560 0.39891 0.00000 0.30928 0.65116 1.00000 0.15607 0.15809
32.00000 90.00000 0.99984 0.99976 1.00000 0.00000 0.13145 0.30465 0.25510 0.00000 0.00314 0.00614 0.62738 0.27803 0.23077 0.49351 0.00545 0.99322 0.59437 0.41818 0.00000 0.28866 0.62791 1.00000 0.01177 0.01475
32.00000 91.00000 0.83330 0.99762 1.00000 0.06027 0.18414 0.34105 0.26105 0.14659 0.14617 0.13545 0.65053 0.30001 0.23077 0.47971 0.13415 0.99361 0.54899 0.39283 0.00000 0.32990 0.65116 1.00000 0.15506 0.15970
32.00000 92.00000 0.83319 0.99762 1.00000 0.06027 0.18882 0.34245 0.24539 0.14659 0.14617 0.13436 0.65066 0.30455 0.23077 0.48620 0.13432 0.99352 0.54356 0.39677 0.00000 0.31959 0.65116 1.00000 0.16381 0.15875
32.00000 93.00000 0.83324 0.99964 1.00000 0.06027 0.18561 0.33397 0.25551 0.14659 0.14617 0.13476 0.65060 0.30276 0.23077 0.47240 0.13393 0.99363 0.55416 0.39241 0.00000 0.32990 0.65116 1.00000 0.16145 0.15862
32.00000 94.00000 0.23810 0.29881 1.00000 0.59794 0.63338 0.70127 0.68661 0.61718 0.61606 0.59378 0.85282 0.66002 0.84615 0.75731 0.59404 0.99347 0.70046 0.17512 1.00000 0.69072 0.85412 1.00000 0.61991 0.61976
32.00000 95.00000 0.83313 0.99762 1.00000 0.06027 0.17799 0.32125 0.27131 0.14659 0.14617 0.13420 0.65057 0.31053 0.23077 0.47484 0.13368 0.99366 0.54556 0.39833 0.00000 0.32990 0.65116 1.00000 0.15540 0.16021
32.00000 96.00000 0.59516 0.73634 0.00000 0.23809 0.01239 0.04866 0.05656 0.29318 0.21079 0.08839 0.00167 0.02855 0.02564 0.04951 0.08898 0.00218 0.07146 0.93721 0.00000 0.05155 0.00000 0.00000 0.13993 0.13644
32.00000 97.00000 0.23822 0.29857 1.00000 0.59794 0.63457 0.70175 0.68373 0.61718 0.61606 0.59302 0.85303 0.65860 0.84615 0.75731 0.59465 0.99361 0.68406 0.17713 1.00000 0.70103 0.85412 1.00000 0.61554 0.62146
32.00000 98.00000 0.99997 1.00000 1.00000 0.00000 0.12511 0.29984 0.26898 0.00000 0.00314 0.00543 0.62730 0.28572 0.23077 0.48620 0.00577 0.99325 0.58518 0.40684 0.00000 0.28866 0.62791 1.00000 0.01884 0.01545
32.00000 99.00000 0.83331 0.99762 1.00000 0.06027 0.18726 0.31899 0.25258 0.14659 0.14617 0.13526 0.65055 0.30874 0.23077 0.48133 0.13473 0.99347 0.53957 0.40715 0.00000 0.31959 0.65116 1.00000 0.16078 0.15385
32.00000 100.00000 0.59526 0.73634 0.00000 0.23809 0.01331 0.03929 0.05957 0.29318 0.21079 0.09024 0.00167 0.02306 0.02564 0.05682 0.08801 0.00209 0.07553 0.95119 0.00000 0.06186 0.00000 0.00000 0.14094 0.14254
32.00000 101.00000 0.83323 0.99762 1.00000 0.06027 0.18671 0.32498 0.24025 0.14659 0.14617 0.13499 0.65057 0.31365 0.23077 0.47159 0.13358 0.99372 0.54512 0.39428 0.00000 0.31959 0.65116 1.00000 0.15775 0.16087
32.00000 102.00000 0.83331 0.99762 1.00000 0.06027 0.19130 0.32730 0.24071 0.14659 0.14617 0.13673 0.65074 0.31136 0.23077 0.47565 0.13327 0.99363 0.54279 0.40345 0.00000 0.32990 0.65116 1.00000 0.16280 0.15894
32.00000 103.00000 0.83317 0.99762 1.00000 0.06027 0.18294 0.34307 0.23675 0.14659 0.14617 0.13347 0.65057 0.30349 0.23077 0.47403 0.13405 0.99355 0.54529 0.39601 0.00000 0.32990 0.65116 1.00000 0.16078 0.15676
32.00000 104.00000 0.23822 0.29691 1.00000 0.59794 0.63751 0.71180 0.66896 0.61718 0.61606 0.59336 0.85278 0.66369 0.84615 0.75162 0.59470 0.99347 0.71563 0.15668 1.00000 0.70103 0.85412 1.00000 0.61789 0.62089
32.00000 105.00000 0.23822 0.29691 1.00000 0.59794 0.62980 0.68852 0.69278 0.61718 0.61606 0.59477 0.85293 0.66271 0.84615 0.75568 0.59568 0.99366 0.68608 0.17076 1.00000 0.69072 0.85412 1.00000 0.61823 0.62559
32.00000 106.00000 0.99990 0.99881 1.00000 0.00000 0.12943 0.30632 0.24292 0.00000 0.00314 0.00722 0.62732 0.28971 0.23077 0.48133 0.00579 0.99344 0.59170 0.40940 0.00000 0.28866 0.62791 1.00000 0.01985 0.01757
32.00000 107.00000 0.47614 0.83361 1.00000 0.62699 0.66110 0.65531 0.54939 0.50794 0.50063 0.45454 0.86354 0.61147 0.38462 0.68588 0.45691 0.99347 0.51480 0.35695 0.00000 0.64948 0.86469 1.00000 0.48570 0.48522
32.00000 108.00000 0.47612 0.83361 1.00000 0.62699 0.66229 0.65814 0.54308 0.50794 0.50125 0.45555 0.86369 0.61775 0.38462 0.68344 0.45608 0.99352 0.53057 0.36570 0.00000 0.64948 0.86469 1.00000 0.48100 0.48776
32.00000 109.00000 0.99977 0.99762 1.00000 0.00000 0.13136 0.30346 0.25827 0.00000 0.00251 0.00428 0.62726 0.28735 0.23077 0.49026 0.00513 0.99333 0.59648 0.41362 0.00000 0.28866 0.62791 1.00000 0.01682 0.01320
32.00000 110.00000 0.99979 0.99762 1.00000 0.00000 0.12842 0.28607 0.23749 0.00000 0.00251 0.00508 0.62728 0.28423 0.23077 0.48377 0.00435 0.99330 0.58814 0.40632 0.00000 0.28866 0.62791 1.00000 0.02186 0.00926
32.00000 111.00000 0.59531 0.73634 0.00000 0.23809 0.01065 0.05014 0.06038 0.29318 0.21016 0.09007 0.00160 0.02455 0.02564 0.05925 0.08801 0.00226 0.07863 0.94849 0.00000 0.07216 0.00000 0.00000 0.13724 0.14112
32.00000 112.00000 0.83315 0.99762 1.00000 0.06027 0.18331 0.34469 0.23889 0.14659 0.14617 0.13413 0.65064 0.30706 0.23077 0.47565 0.13332 0.99361 0.55551 0.39708 0.00000 0.32990 0.65116 1.00000 0.15775 0.15737
32.00000 113.00000 0.59509 0.73634 0.00000 0.23809 0.01515 0.06149 0.05428 0.29318 0.21079 0.09067 0.00154 0.02629 0.02564 0.05925 0.08913 0.00209 0.07245 0.94776 0.00000 0.05155 0.00000 0.00000 0.14329 0.14056
32.00000 114.00000 0.99984 0.99846 1.00000 0.00000 0.12824 0.30079 0.23668 0.00000 0.00314 0.00653 0.62734 0.28572 0.23077 0.50081 0.00611 0.99350 0.59838 0.41874 0.00000 0.29897 0.62791 1.00000 0.01581 0.01146
32.00000 115.00000 0.47607 0.83302 1.00000 0.62699 0.65945 0.65193 0.54927 0.50794 0.50063 0.45539 0.86369 0.62297 0.38462 0.67614 0.45594 0.99344 0.54421 0.36778 0.00000 0.64948 0.86469 1.00000 0.48066 0.48421
32.00000 116.00000 0.00004 0.00000 1.00000 1.00000 0.97944 0.93630 0.90815 1.00000 1.00000 0.95964 0.99878 0.89640 0.94872 0.92938 0.96190 0.99328 0.71561 0.10150 1.00000 0.92784 1.00000 1.00000 0.96468 0.96455
32.00000 117.00000 0.83328 0.99810 1.00000 0.06027 0.18809 0.33521 0.26129 0.14659 0.14617 0.13386 0.65055 0.30426 0.23077 0.48377 0.13356 0.99344 0.54904 0.38950 0.00000 0.32990 0.65116 1.00000 0.16616 0.16171
32.00000 118.00000 0.00002 0.00226 1.00000 1.00000 0.98182 0.92971 0.92213 1.00000 1.00000 0.95912 0.99880 0.88985 0.94872 0.92614 0.96151 0.99350 0.72203 0.09444 1.00000 0.93814 1.00000 1.00000 0.95863 0.96927
32.00000 119.00000 0.83328 0.99762 1.00000 0.06027 0.18717 0.33783 0.26778 0.14659 0.14617 0.13533 0.65055 0.31095 0.23077 0.47240 0.13344 0.99369 0.54072 0.39577 0.00000 0.34021 0.65116 1.00000 0.15573 0.15194
32.00000 120.00000 0.23801 0.29715 1.00000 0.59794 0.63760 0.69060 0.67542 0.61718 0.61669 0.59304 0.85287 0.66464 0.84615 0.77760 0.59460 0.99347 0.72556 0.18283 1.00000 0.71134 0.85412 1.00000 0.61487 0.61780
32.00000 121.00000 0.83330 0.99762 1.00000 0.06027 0.18763 0.31715 0.25498 0.14659 0.14617 0.13522 0.65066 0.30876 0.23077 0.49107 0.13307 0.99366 0.54772 0.39867 0.00000 0.34021 0.65116 1.00000 0.15641 0.15422
32.00000 122.00000 0.99978 0.99762 1.00000 0.00000 0.13631 0.30432 0.23973 0.00000 0.00251 0.00504 0.62741 0.28233 0.23077 0.51055 0.00496 0.99358 0.59872 0.40943 0.00000 0.29897 0.62791 1.00000 0.02186 0.01702
32.00000 123.00000 0.00004 0.00000 1.00000 1.00000 0.98706 0.94470 0.90592 1.00000 1.00000 0.95969 0.99882 0.88659 0.94872 0.92532 0.96029 0.99339 0.72903 0.08995 1.00000 0.94845 1.00000 1.00000 0.96266 0.96938
32.00000 124.00000 0.59523 0.73634 0.00000 0.23809 0.01551 0.04428 0.05565 0.29318 0.21079 0.09157 0.00169 0.02920 0.02564 0.05438 0.08786 0.00237 0.08666 0.94295 0.00000 0.03093 0.00000 0.00000 0.13488 0.13985
32.00000 125.00000 0.59526 0.73634 0.00000 0.23809 0.01202 0.06324 0.05940 0.29318 0.21079 0.09063 0.00156 0.02908 0.02564 0.06250 0.08805 0.00231 0.07127 0.95755 0.00000 0.06186 0.00000 0.00000 0.13656 0.13811
32.00000 126.00000 0.99982 0.99917 1.00000 0.00000 0.13264 0.28855 0.23754 0.00000 0.00314 0.00663 0.62741 0.28938 0.23077 0.49594 0.00574 0.99366 0.58853 0.42105 0.00000 0.30928 0.62791 1.00000 0.00942 0.01649
32.00000 127.00000 0.00002 0.00226 1.00000 1.00000 0.98467 0.94864 0.91620 1.00000 1.00000 0.95994 0.99886 0.89223 0.94872 0.95373 0.96107 0.99333 0.71520 0.08521 1.00000 0.92784 1.00000 1.00000 0.96973 0.96987
32.00000 128.00000 0.99981 0.99762 1.00000 0.00000 0.13292 0.31232 0.25258 0.00000 0.00251 0.00600 0.62745 0.28037 0.23077 0.48864 0.00545 0.99344 0.58816 0.41036 0.00000 0.31959 0.62791 1.00000 0.01816 0.01576
32.00000 129.00000 0.47617 0.83135 1.00000 0.62699 0.65862 0.65031 0.55095 0.50794 0.50125 0.45548 0.86363 0.61547 0.38462 0.68506 0.45547 0.99344 0.55597 0.34854 0.00000 0.67010 0.86469 1.00000 0.47662 0.48180
32.00000 130.00000 0.59522 0.73634 0.00000 0.23809 0.01735 0.06324 0.08286 0.29318 0.21079 0.09182 0.00169 0.02374 0.02564 0.05925 0.08930 0.00226 0.08957 0.94873 0.00000 0.06186 0.00000 0.00000 0.13724 0.13722
32.00000 131.00000 0.83322 0.99762 1.00000 0.06027 0.18423 0.35274 0.25894 0.14659 0.14617 0.13312 0.65076 0.30768 0.23077 0.49838 0.13456 0.99372 0.53899 0.40604 0.00000 0.34021 0.65116 1.00000 0.15338 0.15299
32.00000 132.00000 0.99997 0.99762 1.00000 0.00000 0.13356 0.29417 0.25440 0.00000 0.00314 0.00660 0.62753 0.29235 0.23077 0.48945 0.00587 0.99372 0.61385 0.41036 0.00000 0.28866 0.62791 1.00000 0.01480 0.01552
32.00000 133.00000 0.59521 0.73836 0.00000 0.23809 0.01671 0.05498 0.06050 0.29318 0.21079 0.09113 0.00181 0.02939 0.02564 0.06250 0.08896 0.00237 0.08681 0.93555 0.00000 0.06186 0.00000 0.00000 0.13892 0.14376
32.00000 134.00000 0.23820 0.29917 1.00000 0.59794 0.63852 0.70137 0.68911 0.61718 0.61606 0.59463 0.85280 0.66919 0.84615 0.77273 0.59407 0.99344 0.70498 0.16388 1.00000 0.70103 0.85412 1.00000 0.62092 0.61890
32.00000 135.00000 0.59525 0.73860 0.00000 0.23809 0.01248 0.06275 0.06689 0.29318 0.21079 0.09047 0.00173 0.03215 0.02564 0.04870 0.08918 0.00245 0.08695 0.94077 0.00000 0.06186 0.00000 0.00000 0.14464 0.14123
32.00000 136.00000 0.00001 0.00107 1.00000 1.00000 0.98219 0.93044 0.92883 1.00000 1.00000 0.96082 0.99871 0.89550 0.94872 0.92370 0.96146 0.99328 0.72417 0.08157 1.00000 0.94845 1.00000 1.00000 0.96704 0.96630
32.00000 137.00000 0.23818 0.29727 1.00000 0.59794 0.63604 0.68536 0.68620 0.61718 0.61606 0.59376 0.85293 0.66521 0.84615 0.77435 0.59377 0.99358 0.70755 0.17104 1.00000 0.69072 0.85412 1.00000 0.61386 0.61456
32.00000 138.00000 0.83329 0.99869 1.00000 0.06027 0.19121 0.32476 0.25740 0.14659 0.14617 0.13446 0.65087 0.30943 0.23077 0.49838 0.13263 0.99394 0.55837 0.41099 0.00000 0.34021 0.65116 1.00000 0.15641 0.16002
32.00000 139.00000 0.59518 0.73753 0.00000 0.23809 0.01368 0.05365 0.06545 0.29318 0.21079 0.08948 0.00186 0.02975 0.02564 0.06656 0.08732 0.00259 0.09880 0.94818 0.00000 0.05155 0.00000 0.00000 0.13253 0.13211
32.00000 140.00000 0.47625 0.83135 1.00000 0.62699 0.66440 0.63465 0.53309 0.50794 0.50125 0.45716 0.86373 0.62180 0.35897 0.68994 0.45508 0.99363 0.54378 0.36698 0.00000 0.64948 0.86469 1.00000 0.48705 0.48169
32.00000 141.00000 0.47610 0.83135 1.00000 0.62699 0.66064 0.65677 0.55110 0.50794 0.50125 0.45532 0.86369 0.61609 0.38462 0.68263 0.45530 0.99363 0.53243 0.38750 0.00000 0.64948 0.86469 1.00000 0.48268 0.48404
32.00000 142.00000 0.00004 0.00190 1.00000 1.00000 0.98669 0.94435 0.92843 1.00000 1.00000 0.96070 0.99884 0.89833 0.94872 0.93019 0.96092 0.99330 0.75057 0.09417 1.00000 0.93814 1.00000 1.00000 0.96535 0.96970
32.00000 143.00000 0.47620 0.83314 1.00000 0.62699 0.66137 0.66776 0.55264 0.50794 0.50125 0.45757 0.86365 0.62428 0.38462 0.68425 0.45660 0.99366 0.55419 0.36722 0.00000 0.65979 0.86469 1.00000 0.48234 0.48646
32.00000 144.00000 0.83335 0.99762 1.00000 0.06027 0.18285 0.33195 0.25344 0.14659 0.14617 0.13326 0.65081 0.31277 0.23077 0.47727 0.13354 0.99388 0.55765 0.39722 0.00000 0.34021 0.65116 1.00000 0.15775 0.16267
32.00000 145.00000 0.23800 0.29834 1.00000 0.59794 0.63861 0.69281 0.70820 0.61718 0.61606 0.59392 0.85299 0.66875 0.84615 0.77516 0.59394 0.99363 0.72530 0.16920 1.00000 0.70103 0.85412 1.00000 0.61319 0.62354
32.00000 146.00000 0.83314 0.99762 1.00000 0.06027 0.18671 0.33149 0.24667 0.14659 0.14617 0.13512 0.65097 0.30642 0.23077 0.49188 0.13385 0.99388 0.58675 0.39891 0.00000 0.34021 0.65116 1.00000 0.16011 0.15837
32.00000 147.00000 0.99978 0.99762 1.00000 0.00000 0.13209 0.30238 0.25961 0.00000 0.00314 0.00550 0.62753 0.29104 0.23077 0.48377 0.00499 0.99388 0.60072 0.41759 0.00000 0.29897 0.62791 1.00000 0.00975 0.01549
32.00000 148.00000 0.47611 0.83135 1.00000 0.62699 0.66202 0.65749 0.55139 0.50794 0.50125 0.45656 0.86371 0.62773 0.38462 0.66964 0.45501 0.99372 0.55383 0.35588 0.00000 0.64948 0.86469 1.00000 0.47763 0.48258
32.00000 149.00000 0.59510 0.73872 0.00000 0.23809 0.01111 0.05760 0.05635 0.29318 0.21079 0.09053 0.00175 0.03224 0.02564 0.07224 0.08896 0.00253 0.09020 0.95132 0.00000 0.06186 0.00000 0.00000 0.13320 0.14413
32.00000 150.00000 0.23823 0.29691 1.00000 0.59794 0.64127 0.67623 0.70919 0.61718 0.61669 0.59318 0.85291 0.67205 0.84615 0.76461 0.59343 0.99361 0.70832 0.18238 1.00000 0.71134 0.85412 1.00000 0.61588 0.62372
32.00000 151.00000 0.59515 0.73634 0.00000 0.23809 0.01753 0.05476 0.08200 0.29318 0.21079 0.09005 0.00184 0.03455 0.02564 0.06331 0.08959 0.00259 0.10340 0.95209 0.00000 0.05155 0.00000 0.00000 0.14194 0.13825
32.00000 152.00000 0.00004 0.00095 1.00000 1.00000 0.98531 0.95210 0.92578 1.00000 1.00000 0.95969 0.99886 0.90277 0.94872 0.92614 0.96012 0.99339 0.72174 0.08140 1.00000 0.94845 1.00000 1.00000 0.96199 0.96323
32.00000 153.00000 0.99980 0.99762 1.00000 0.00000 0.13099 0.31885 0.23610 0.00000 0.00314 0.00614 0.62766 0.29567 0.23077 0.51136 0.00525 0.99383 0.60449 0.40884 0.00000 0.29897 0.62791 1.00000 0.01177 0.00651
32.00000 154.00000 0.99990 0.99762 1.00000 0.00000 0.12980 0.27972 0.24076 0.00000 0.00314 0.00485 0.62753 0.29012 0.23077 0.49107 0.00511 0.99402 0.61091 0.41424 0.00000 0.28866 0.62791 1.00000 0.01211 0.01661
32.00000 155.00000 0.00002 0.00107 1.00000 1.00000 0.98641 0.92831 0.92401 1.00000 1.00000 0.95849 0.99878 0.89901 0.94872 0.93831 0.95999 0.99341 0.73727 0.09707 1.00000 0.93814 1.00000 1.00000 0.96065 0.96487
32.00000 156.00000 0.59517 0.73836 0.00000 0.23809 0.01166 0.03791 0.05908 0.29318 0.21079 0.09005 0.00184 0.03285 0.02564 0.06737 0.08776 0.00259 0.09736 0.95094 0.00000 0.05155 0.00000 0.00000 0.13791 0.14083
32.00000 157.00000 0.59529 0.73646 0.00000 0.23809 0.01450 0.05638 0.06562 0.29318 0.21079 0.09065 0.00188 0.03686 0.02564 0.06575 0.08876 0.00251 0.10171 0.94648 0.00000 0.07216 0.00000 0.00000 0.13993 0.13806
32.00000 158.00000 0.23813 0.29691 1.00000 0.59794 0.63787 0.70783 0.69204 0.61718 0.61669 0.59286 0.85312 0.67526 0.84615 0.77922 0.59336 0.99386 0.73316 0.17588 1.00000 0.70103 0.85412 1.00000 0.60713 0.61987
32.00000 159.00000 0.59516 0.73824 0.00000 0.23809 0.01597 0.07167 0.07422 0.29318 0.21079 0.08950 0.00205 0.03997 0.02564 0.07711 0.08810 0.00267 0.11785 0.93998 0.00000 0.03093 0.00000 0.00000 0.13623 0.14462
32.00000 160.00000 0.99981 0.99810 1.00000 0.00000 0.12879 0.32368 0.25428 0.00000 0.00314 0.00327 0.62787 0.29385 0.23077 0.50568 0.00494 0.99410 0.62301 0.41542 0.00000 0.31959 0.62791 1.00000 0.01648 0.01413
32.00000 161.00000 0.83319 1.00000 1.00000 0.06027 0.18974 0.32134 0.25560 0.14659 0.14617 0.13535 0.65114 0.32014 0.23077 0.48782 0.13322 0.99427 0.57698 0.40313 0.00000 0.36082 0.65116 1.00000 0.15775 0.15743
32.00000 162.00000 0.83332 0.99762 1.00000 0.06027 0.19020 0.34345 0.27614 0.14659 0.14617 0.13374 0.65131 0.32061 0.23077 0.48458 0.13380 0.99441 0.58247 0.40905 0.00000 0.35052 0.65116 1.00000 0.16011 0.16023
32.00000 163.00000 0.47616 0.83135 1.00000 0.62699 0.66477 0.66009 0.53323 0.50794 0.50125 0.45431 0.86392 0.62755 0.38462 0.70373 0.45579 0.99386 0.56893 0.36345 0.00000 0.67010 0.86469 1.00000 0.48066 0.47963
32.00000 164.00000 0.23801 0.29691 1.00000 0.59794 0.63512 0.73286 0.69021 0.61718 0.61606 0.59468 0.85310 0.67013 0.84615 0.75649 0.59324 0.99352 0.73477 0.19664 1.00000 0.71134 0.85412 1.00000 0.62025 0.62027
32.00000 165.00000 0.83333 0.99762 1.00000 0.06027 0.18809 0.33908 0.26562 0.14659 0.14617 0.13349 0.65116 0.32292 0.25641 0.48133 0.13307 0.99427 0.56902 0.40812 0.00000 0.32990 0.65116 1.00000 0.15473 0.16073
32.00000 166.00000 0.00006 0.00000 1.00000 1.00000 0.98412 0.93508 0.92967 1.00000 1.00000 0.96015 0.99882 0.90308 0.94872 0.93831 0.95958 0.99336 0.74732 0.08586 1.00000 0.94845 1.00000 1.00000 0.96367 0.96975
32.00000 167.00000 0.83332 0.99976 1.00000 0.06027 0.18836 0.35412 0.26581 0.14659 0.14617 0.13360 0.65123 0.32113 0.23077 0.48701 0.13349 0.99446 0.57273 0.39673 0.00000 0.34021 0.65116 1.00000 0.15372 0.15717
32.00000 168.00000 0.47619 0.83195 1.00000 0.62699 0.66688 0.66038 0.54860 0.50794 0.50125 0.45711 0.86403 0.62911 0.38462 0.69886 0.45528 0.99391 0.56948 0.37186 0.00000 0.64948 0.86469 1.00000 0.48470 0.47883
32.00000 169.00000 0.23811 0.29881 1.00000 0.59794 0.63907 0.71393 0.70301 0.61718 0.61606 0.59286 0.85308 0.68148 0.84615 0.78166 0.59297 0.99388 0.73631 0.18546 1.00000 0.71134 0.85412 1.00000 0.61554 0.61723
32.00000 170.00000 0.23822 0.29691 1.00000 0.59794 0.63953 0.69568 0.69348 0.61718 0.61669 0.59452 0.85312 0.67771 0.84615 0.77760 0.59402 0.99366 0.72818 0.16533 1.00000 0.72165 0.85412 1.00000 0.61319 0.62510
32.00000 171.00000 0.83331 0.99869 1.00000 0.06027 0.18992 0.35055 0.26101 0.14659 0.14617 0.13303 0.65114 0.31876 0.23077 0.48133 0.13283 0.99435 0.57994 0.41272 0.00000 0.34021 0.65116 1.00000 0.15372 0.15667
32.00000 172.00000 0.99983 0.99762 1.00000 0.00000 0.13484 0.33424 0.26365 0.00000 0.00314 0.00690 0.62793 0.29804 0.23077 0.52110 0.00474 0.99435 0.62810 0.43956 0.00000 0.29897 0.62791 1.00000 0.00505 0.01353
32.00000 173.00000 0.00003 0.00000 1.00000 1.00000 0.98366 0.94899 0.93088 1.00000 1.00000 0.95944 0.99892 0.91638 0.94872 0.95617 0.95977 0.99347 0.76786 0.11389 1.00000 0.94845 1.00000 1.00000 0.96435 0.96257
32.00000 174.00000 0.00000 0.00000 1.00000 1.00000 0.98678 0.94140 0.92345 1.00000 1.00000 0.95831 0.99886 0.90715 0.94872 0.94481 0.95933 0.99347 0.77368 0.09704 1.00000 0.94845 1.00000 1.00000 0.96031 0.96686
32.00000 175.00000 0.00001 0.00000 1.00000 1.00000 0.98641 0.95023 0.93450 1.00000 1.00000 0.95702 0.99888 0.91303 0.94872 0.96185 0.95936 0.99347 0.76502 0.08991 1.00000 0.93814 1.00000 1.00000 0.96334 0.96172
32.00000 176.00000 0.99995 0.99762 1.00000 0.00000 0.13852 0.29992 0.24727 0.00000 0.00314 0.00485 0.62812 0.30409 0.23077 0.51705 0.00535 0.99452 0.64414 0.43406 0.00000 0.29897 0.62791 1.00000 0.01413 0.02013
32.00000 177.00000 0.99994 0.99941 1.00000 0.00000 0.13365 0.31993 0.25284 0.00000 0.00314 0.00559 0.62804 0.30726 0.23077 0.50000 0.00574 0.99457 0.64006 0.41555 0.00000 0.30928 0.62791 1.00000 0.01884 0.01636
32.00000 178.00000 0.83332 0.99941 1.00000 0.06027 0.19084 0.34923 0.26134 0.14659 0.14617 0.13291 0.65140 0.32799 0.23077 0.48782 0.13322 0.99460 0.59355 0.39756 0.00000 0.34021 0.65116 1.00000 0.15405 0.15698
32.00000 179.00000 0.59518 0.73765 0.00000 0.23809 0.00955 0.08352 0.07760 0.29318 0.21079 0.08978 0.00234 0.03874 0.02564 0.07224 0.08886 0.00322 0.12761 0.96551 0.00000 0.06186 0.00000 0.00000 0.13858 0.14150
32.00000 180.00000 0.99999 0.99822 1.00000 0.00000 0.13512 0.30489 0.24086 0.00000 0.00251 0.00739 0.62825 0.30695 0.23077 0.51136 0.00609 0.99449 0.64965 0.41777 0.00000 0.29897 0.62791 1.00000 0.01850 0.00328
32.00000 181.00000 0.47608 0.83290 1.00000 0.62699 0.66449 0.68253 0.54805 0.50794 0.50125 0.45343 0.86411 0.63408 0.38462 0.68750 0.45423 0.99416 0.58261 0.38421 0.00000 0.65979 0.86469 1.00000 0.47931 0.47653
32.00000 182.00000 0.99980 0.99762 1.00000 0.00000 0.12814 0.29836 0.27268 0.00000 0.00314 0.00591 0.62833 0.30135 0.23077 0.50974 0.00525 0.99452 0.63799 0.42164 0.00000 0.31959 0.62791 1.00000 0.02153 0.01407
32.00000 183.00000 0.47615 0.83195 1.00000 0.62699 0.66229 0.66727 0.57999 0.50794 0.50125 0.45681 0.86418 0.64205 0.38462 0.69968 0.45606 0.99421 0.58614 0.37217 1.00000 0.65979 0.86469 1.00000 0.48167 0.47350
32.00000 184.00000 0.23818 0.29691 1.00000 0.59794 0.64549 0.69946 0.72379 0.61718 0.61669 0.59244 0.85316 0.69161 0.84615 0.78003 0.59294 0.99369 0.77375 0.19622 1.00000 0.71134 0.85412 1.00000 0.61554 0.62442
32.00000 185.00000 0.99985 0.99762 1.00000 0.00000 0.13494 0.32817 0.26833 0.00000 0.00314 0.00543 0.62833 0.30978 0.23077 0.50406 0.00579 0.99499 0.65862 0.41438 0.00000 0.31959 0.62791 1.00000 0.01480 0.01518
32.00000 186.00000 0.99996 0.99762 1.00000 0.00000 0.13760 0.32773 0.24708 0.00000 0.00314 0.00647 0.62829 0.30418 0.23077 0.52029 0.00545 0.99493 0.65129 0.42815 0.00000 0.31959 0.62791 1.00000 0.01615 0.01219
32.00000 187.00000 0.83329 0.99762 1.00000 0.06027 0.18763 0.34280 0.26480 0.14659 0.14617 0.13183 0.65165 0.33580 0.23077 0.48782 0.13339 0.99501 0.60733 0.41237 0.00000 0.35052 0.65116 1.00000 0.15203 0.15847
32.00000 188.00000 0.23815 0.29774 1.00000 0.59794 0.64017 0.70559 0.70842 0.61718 0.61669 0.59327 0.85301 0.69053 0.84615 0.78166 0.59380 0.99377 0.76851 0.18339 1.00000 0.70103 0.85412 1.00000 0.61554 0.61428
32.00000 189.00000 0.23806 0.29691 1.00000 0.59794 0.64357 0.69838 0.71377 0.61718 0.61669 0.59058 0.85306 0.68996 0.84615 0.78571 0.59265 0.99380 0.75983 0.17515 1.00000 0.71134 0.85412 1.00000 0.61487 0.62502
32.00000 190.00000 0.99985 0.99988 1.00000 0.00000 0.13613 0.31523 0.25411 0.00000 0.00314 0.00568 0.62848 0.31117 0.25641 0.51948 0.00391 0.99493 0.64939 0.41946 0.00000 0.30928 0.62791 1.00000 0.01043 0.01438
32.00000 191.00000 0.99983 0.99762 1.00000 0.00000 0.13393 0.31477 0.25985 0.00000 0.00314 0.00538 0.62848 0.31024 0.23077 0.51055 0.00491 0.99499 0.66600 0.42150 0.00000 0.30928 0.62791 1.00000 0.01345 0.01270
32.00000 192.00000 0.99979 0.99774 1.00000 0.00000 0.13384 0.32908 0.26449 0.00000 0.00314 0.00439 0.62859 0.31758 0.23077 0.51623 0.00560 0.99504 0.66768 0.41611 0.00000 0.31959 0.62791 1.00000 0.01715 0.01657
32.00000 193.00000 0.00003 0.00119 1.00000 1.00000 0.98880 0.94969 0.94207 1.00000 1.00000 0.95714 0.99888 0.92544 0.94872 0.97484 0.96038 0.99361 0.78118 0.11039 1.00000 0.94845 1.00000 1.00000 0.95728 0.95629
32.00000 194.00000 0.23805 0.29810 1.00000 0.59794 0.63999 0.71795 0.72415 0.61718 0.61669 0.59313 0.85318 0.69250 0.84615 0.78003 0.59275 0.99388 0.78751 0.19480 1.00000 0.72165 0.85412 1.00000 0.61520 0.61751
32.00000 195.00000 0.83332 0.99893 1.00000 0.06027 0.18597 0.36683 0.27016 0.14659 0.14680 0.13333 0.65199 0.34201 0.23077 0.50487 0.13266 0.99545 0.62289 0.42009 0.00000 0.34021 0.65116 1.00000 0.14632 0.15822
32.00000 196.00000 0.23816 0.29786 1.00000 0.59794 0.64017 0.72468 0.71973 0.61718 0.61669 0.59470 0.85331 0.69496 0.84615 0.79627 0.59465 0.99405 0.77375 0.19871 1.00000 0.71134 0.85412 1.00000 0.61352 0.61281
32.00000 197.00000 0.83329 0.99762 1.00000 0.06027 0.18974 0.35333 0.27832 0.14659 0.14617 0.13243 0.65207 0.34114 0.23077 0.50893 0.13285 0.99562 0.63816 0.42202 0.00000 0.34021 0.65116 1.00000 0.15607 0.15420
32.00000 198.00000 0.59527 0.73634 0.00000 0.23809 0.01726 0.06068 0.08226 0.29318 0.21079 0.08952 0.00289 0.05349 0.02564 0.08766 0.08791 0.00419 0.16883 0.96098 0.00000 0.07216 0.00000 0.00000 0.13589 0.13331
32.00000 199.00000 0.00004 0.00000 1.00000 1.00000 0.98862 0.95253 0.96344 1.00000 1.00000 0.95624 0.99890 0.92261 0.94872 0.95860 0.95877 0.99355 0.80864 0.09794 1.00000 0.96907 1.00000 1.00000 0.95055 0.95855
32.00000 200.00000 0.99977 0.99762 1.00000 0.00000 0.13530 0.32541 0.27503 0.00000 0.00314 0.00444 0.62863 0.31846 0.23077 0.51867 0.00533 0.99534 0.68000 0.43289 0.00000 0.31959 0.62791 1.00000 0.01009 0.01549
32.00000 201.00000 0.47618 0.83135 1.00000 0.62699 0.66862 0.68007 0.56779 0.50794 0.50125 0.45424 0.86432 0.65412 0.35897 0.69562 0.45611 0.99446 0.61885 0.38947 1.00000 0.67010 0.86469 1.00000 0.47528 0.48539
32.00000 202.00000 0.47619 0.83135 1.00000 0.62699 0.66348 0.66430 0.56416 0.50794 0.50125 0.45525 0.86441 0.65619 0.35897 0.70698 0.45452 0.99460 0.63436 0.39777 1.00000 0.69072 0.86469 1.00000 0.46821 0.48038
32.00000 203.00000 0.23808 0.29798 1.00000 0.59794 0.64311 0.72028 0.69557 0.61718 0.61669 0.59249 0.85327 0.70407 0.84615 0.80032 0.59336 0.99397 0.80859 0.18311 1.00000 0.72165 0.85412 1.00000 0.61218 0.61334
32.00000 204.00000 0.23805 0.29715 1.00000 0.59794 0.64577 0.73032 0.72694 0.61718 0.61669 0.59215 0.85329 0.70036 0.84615 0.78977 0.59284 0.99397 0.80405 0.18515 1.00000 0.73196 0.85412 1.00000 0.61386 0.61544
32.00000 205.00000 0.99979 0.99917 1.00000 0.00000 0.13595 0.31674 0.28918 0.00000 0.00314 0.00706 0.62903 0.33023 0.23077 0.51299 0.00521 0.99576 0.69940 0.42583 0.00000 0.32990 0.62791 1.00000 0.00807 0.01655
32.00000 206.00000 0.99997 0.99762 1.00000 0.00000 0.13898 0.31288 0.27743 0.00000 0.00314 0.00382 0.62880 0.32807 0.23077 0.52922 0.00533 0.99573 0.69471 0.43593 0.00000 0.32990 0.62791 1.00000 0.01245 0.01536
32.00000 207.00000 0.00002 0.00000 1.00000 1.00000 0.99045 0.96028 0.95766 1.00000 1.00000 0.95698 0.99903 0.93466 0.94872 0.96347 0.95752 0.99352 0.81682 0.12122 1.00000 0.95876 1.00000 1.00000 0.95594 0.95147
32.00000 208.00000 0.00006 0.00000 1.00000 1.00000 0.99100 0.98650 0.95931 1.00000 1.00000 0.95622 0.99890 0.93538 0.94872 0.97484 0.95755 0.99352 0.83468 0.12032 1.00000 0.96907 1.00000 1.00000 0.95224 0.95644
32.00000 209.00000 0.99977 0.99762 1.00000 0.00000 0.13797 0.31850 0.27866 0.00000 0.00314 0.00492 0.62895 0.33120 0.25641 0.53166 0.00684 0.99581 0.69144 0.43071 0.00000 0.32990 0.62791 1.00000 0.01715 0.00665
32.00000 210.00000 0.59510 0.73765 0.00000 0.23809 0.01643 0.09969 0.08860 0.29318 0.21079 0.09088 0.00329 0.06171 0.02564 0.09497 0.08779 0.00457 0.18285 0.96969 0.00000 0.07216 0.00000 0.00000 0.13824 0.13931
32.00000 211.00000 0.23820 0.29798 1.00000 0.59794 0.64467 0.71930 0.74116 0.61718 0.61669 0.58934 0.85341 0.70756 0.84615 0.79708 0.59135 0.99405 0.82466 0.18353 1.00000 0.71134 0.85412 1.00000 0.60915 0.61248
32.00000 212.00000 0.83323 0.99976 1.00000 0.06027 0.19286 0.38412 0.29273 0.14659 0.14680 0.13278 0.65277 0.35799 0.23077 0.51299 0.13314 0.99667 0.68021 0.40895 0.00000 0.37113 0.65116 1.00000 0.14766 0.15804
32.00000 213.00000 0.47621 0.83337 1.00000 0.62699 0.66734 0.68558 0.59337 0.50794 0.50125 0.45451 0.86475 0.66805 0.35897 0.71266 0.45383 0.99501 0.66831 0.38940 1.00000 0.68041 0.86469 1.00000 0.47696 0.47278
32.00000 214.00000 0.83313 0.99762 1.00000 0.06027 0.19240 0.35142 0.28829 0.14659 0.14680 0.13294 0.65287 0.36056 0.23077 0.51055 0.13429 0.99669 0.68228 0.42067 0.00000 0.37113 0.65116 1.00000 0.15002 0.15896
32.00000 215.00000 0.99980 0.99941 1.00000 0.00000 0.13989 0.32377 0.28815 0.00000 0.00314 0.00568 0.62933 0.34252 0.25641 0.53084 0.00506 0.99625 0.74757 0.43863 0.00000 0.32990 0.62791 1.00000 0.01413 0.01607
32.00000 216.00000 0.47626 0.83135 1.00000 0.62699 0.67092 0.68747 0.58441 0.50794 0.50125 0.45458 0.86479 0.67250 0.35897 0.72971 0.45452 0.99504 0.66958 0.39653 1.00000 0.68041 0.86469 1.00000 0.47259 0.47369
32.00000 217.00000 0.59513 0.73634 0.00000 0.23809 0.01625 0.10053 0.09872 0.29318 0.21079 0.09017 0.00367 0.08022 0.02564 0.08685 0.08649 0.00532 0.20446 0.97942 0.00000 0.08247 0.00000 0.00000 0.13724 0.13038
32.00000 218.00000 0.83330 0.99810 1.00000 0.06027 0.19387 0.39095 0.28277 0.14659 0.14680 0.13333 0.65296 0.37322 0.23077 0.52110 0.13324 0.99689 0.69555 0.41057 0.00000 0.35052 0.65116 1.00000 0.15506 0.15422
32.00000 219.00000 0.23805 0.29786 1.00000 0.59794 0.64448 0.74112 0.73186 0.61718 0.61669 0.59093 0.85354 0.72273 0.84615 0.82468 0.59138 0.99432 0.85289 0.19902 1.00000 0.72165 0.85412 1.00000 0.61016 0.61809
