66.00000 1.00000 0.48256 0.38462 1.00000 1.00000 0.25995 0.22509 0.35023 1.00000 1.00000 0.25287 0.65882 0.19735 0.33333 0.36000 0.22669 0.64881 0.25918 0.50145 1.00000 0.36364 1.00000 1.00000 0.59524 0.41785
66.00000 2.00000 0.48837 0.69231 1.00000 1.00000 0.23888 0.18751 0.27722 1.00000 1.00000 0.22749 0.64706 0.18903 0.33333 0.25143 0.24096 0.64881 0.25080 0.58184 1.00000 0.18182 1.00000 1.00000 0.44643 0.46600
66.00000 3.00000 0.53488 0.15385 1.00000 1.00000 0.29977 0.43570 0.27395 1.00000 0.93750 0.23276 0.61765 0.18806 0.33333 0.18286 0.24503 0.66071 0.21894 0.55577 1.00000 0.36364 1.00000 1.00000 0.57738 0.61434
66.00000 4.00000 0.61628 0.38462 1.00000 1.00000 0.38876 0.35565 0.36505 1.00000 1.00000 0.27969 0.61176 0.24860 0.33333 0.17714 0.24911 0.64881 0.25363 0.55505 1.00000 0.36364 1.00000 1.00000 0.51786 0.49903
66.00000 5.00000 0.51163 0.46154 1.00000 1.00000 0.32084 0.47230 0.38159 1.00000 1.00000 0.25766 0.63529 0.19249 0.33333 0.24000 0.26286 0.64881 0.21722 0.62192 1.00000 0.45455 1.00000 1.00000 0.57143 0.52278
66.00000 6.00000 0.54651 0.15385 1.00000 1.00000 0.25293 0.31728 0.23744 1.00000 0.93750 0.22557 0.65294 0.19781 0.33333 0.30857 0.23434 0.63690 0.27453 0.55577 1.00000 0.36364 1.00000 1.00000 0.50595 0.53808
66.00000 7.00000 0.66860 0.30769 1.00000 1.00000 0.28337 0.37502 0.35913 1.00000 1.00000 0.25862 0.62941 0.21685 0.33333 0.16571 0.23179 0.63690 0.24703 0.54394 1.00000 0.27273 1.00000 1.00000 0.59524 0.43974
66.00000 8.00000 0.48837 0.53846 1.00000 1.00000 0.26230 0.43825 0.19142 1.00000 1.00000 0.25048 0.66471 0.17197 0.33333 0.31429 0.23281 0.60714 0.22513 0.47586 1.00000 0.27273 1.00000 1.00000 0.53571 0.50988
66.00000 9.00000 0.39535 0.61538 1.00000 1.00000 0.14286 0.42709 0.29828 1.00000 1.00000 0.21600 0.64706 0.20488 0.33333 0.25143 0.23943 0.61905 0.24593 0.56277 1.00000 0.18182 1.00000 1.00000 0.61905 0.54829
66.00000 10.00000 0.47674 0.69231 1.00000 1.00000 0.24824 0.41750 0.26490 1.00000 1.00000 0.23420 0.62353 0.19739 0.33333 0.25714 0.21498 0.62500 0.26463 0.55867 1.00000 0.27273 1.00000 1.00000 0.49405 0.53242
66.00000 11.00000 0.42442 0.76923 1.00000 1.00000 0.34192 0.45528 0.38206 1.00000 1.00000 0.24377 0.68235 0.16047 0.33333 0.41714 0.24809 0.61310 0.22350 0.55577 1.00000 0.36364 1.00000 1.00000 0.55357 0.54792
66.00000 12.00000 0.49419 0.84615 1.00000 1.00000 0.35129 0.20924 0.16880 1.00000 1.00000 0.21121 0.65294 0.19296 0.33333 0.30857 0.24350 0.63690 0.21213 0.61589 1.00000 0.36364 1.00000 1.00000 0.53571 0.46795
66.00000 13.00000 0.51163 0.84615 1.00000 1.00000 0.26698 0.54433 0.37925 1.00000 1.00000 0.26006 0.65882 0.17378 0.33333 0.32000 0.22975 0.63690 0.24766 0.57195 1.00000 0.27273 1.00000 1.00000 0.39881 0.44986
66.00000 14.00000 0.75581 0.61538 1.00000 1.00000 0.30445 0.22490 0.36209 1.00000 1.00000 0.24617 0.63529 0.19273 0.33333 0.23429 0.25981 0.64881 0.19993 0.51207 1.00000 0.27273 1.00000 1.00000 0.39286 0.50060
66.00000 15.00000 0.47674 0.76923 1.00000 1.00000 0.25995 0.21922 0.45101 1.00000 1.00000 0.23898 0.62353 0.19536 0.33333 0.28571 0.21243 0.61310 0.23529 0.50942 1.00000 0.18182 1.00000 1.00000 0.52381 0.50237
66.00000 16.00000 0.69767 0.38462 1.00000 1.00000 0.31382 0.40517 0.37301 1.00000 1.00000 0.26628 0.65882 0.21454 0.33333 0.20571 0.21600 0.63095 0.22576 0.60937 1.00000 0.36364 1.00000 1.00000 0.55952 0.64004
66.00000 17.00000 0.47093 0.38462 1.00000 1.00000 0.15691 0.16050 0.23651 1.00000 1.00000 0.27634 0.64118 0.21033 0.33333 0.24571 0.24198 0.65476 0.26374 0.63930 1.00000 0.36364 1.00000 1.00000 0.46429 0.43084
66.00000 18.00000 0.72674 0.38462 1.00000 1.00000 0.33255 0.43100 0.30328 1.00000 1.00000 0.22031 0.67059 0.23709 0.33333 0.29714 0.22720 0.64881 0.25211 0.57822 1.00000 0.36364 1.00000 1.00000 0.40476 0.48910
66.00000 19.00000 0.43023 0.76923 1.00000 1.00000 0.34660 0.28205 0.34462 1.00000 1.00000 0.24377 0.61176 0.20807 0.33333 0.30857 0.26032 0.63095 0.20579 0.53308 1.00000 0.18182 1.00000 1.00000 0.52976 0.52250
66.00000 20.00000 0.29651 0.53846 1.00000 1.00000 0.40047 0.39029 0.36022 1.00000 1.00000 0.22701 0.63529 0.17794 0.33333 0.26286 0.23637 0.60119 0.23037 0.54925 1.00000 0.18182 1.00000 1.00000 0.49405 0.47314
66.00000 21.00000 0.38953 0.61538 1.00000 1.00000 0.27400 0.49912 0.34930 1.00000 1.00000 0.26868 0.62941 0.20724 0.33333 0.30857 0.22415 0.61905 0.24477 0.57484 1.00000 0.36364 1.00000 1.00000 0.58333 0.47092
66.00000 22.00000 0.63372 0.53846 1.00000 1.00000 0.44262 0.21883 0.24306 1.00000 1.00000 0.22989 0.66471 0.24703 0.33333 0.28000 0.23179 0.61310 0.23000 0.61806 1.00000 0.27273 1.00000 1.00000 0.50595 0.48891
66.00000 23.00000 0.45930 0.38462 1.00000 1.00000 0.35363 0.41946 0.35819 1.00000 1.00000 0.22126 0.62941 0.19915 0.33333 0.20571 0.23943 0.63095 0.25017 0.52052 1.00000 0.36364 1.00000 1.00000 0.60714 0.55822
66.00000 24.00000 0.25000 0.53846 1.00000 1.00000 0.37939 0.30906 0.37925 1.00000 1.00000 0.22989 0.64706 0.23917 0.33333 0.28000 0.18645 0.59524 0.24456 0.62675 1.00000 0.27273 1.00000 1.00000 0.61310 0.56230
66.00000 25.00000 0.54070 0.76923 1.00000 1.00000 0.37471 0.37209 0.30499 1.00000 1.00000 0.22701 0.65882 0.18884 0.33333 0.20571 0.22669 0.61310 0.22916 0.49445 1.00000 0.18182 1.00000 1.00000 0.47024 0.51675
66.00000 26.00000 0.57558 0.76923 1.00000 1.00000 0.24590 0.38227 0.24727 1.00000 1.00000 0.22605 0.67059 0.20409 0.33333 0.21143 0.21345 0.62500 0.23566 0.54080 1.00000 0.27273 1.00000 1.00000 0.58333 0.48919
66.00000 27.00000 0.41860 0.84615 1.00000 1.00000 0.39110 0.37444 0.30047 1.00000 1.00000 0.24952 0.64118 0.21634 0.33333 0.29714 0.21701 0.63690 0.24708 0.51352 1.00000 0.27273 1.00000 1.00000 0.51190 0.51192
66.00000 28.00000 0.40698 0.84615 1.00000 1.00000 0.26464 0.44549 0.29485 1.00000 1.00000 0.22845 0.64118 0.22841 0.33333 0.28571 0.24096 0.62500 0.28119 0.50917 1.00000 0.36364 1.00000 1.00000 0.52381 0.59968
66.00000 29.00000 0.55233 0.61538 1.00000 1.00000 0.24590 0.41221 0.26927 1.00000 1.00000 0.26820 0.65882 0.20793 0.33333 0.31429 0.24860 0.66667 0.19972 0.54973 1.00000 0.27273 1.00000 1.00000 0.61310 0.48864
66.00000 30.00000 0.61628 0.76923 1.00000 1.00000 0.32787 0.25171 0.27426 1.00000 1.00000 0.19397 0.65294 0.19753 0.33333 0.27429 0.22007 0.62500 0.22214 0.53597 1.00000 0.27273 1.00000 1.00000 0.47024 0.58215
66.00000 31.00000 0.43605 0.69231 1.00000 1.00000 0.29274 0.47504 0.47254 1.00000 1.00000 0.22701 0.67647 0.23155 0.33333 0.14857 0.25879 0.63095 0.21648 0.58909 1.00000 0.36364 1.00000 1.00000 0.45238 0.48678
66.00000 32.00000 0.19767 0.61538 1.00000 1.00000 0.26698 0.35858 0.32340 1.00000 0.93750 0.22031 0.65294 0.23289 0.33333 0.34286 0.25471 0.63690 0.24897 0.58040 1.00000 0.27273 1.00000 1.00000 0.51786 0.54319
66.00000 33.00000 0.37209 0.46154 1.00000 1.00000 0.14988 0.42905 0.27754 1.00000 1.00000 0.22318 0.65294 0.23090 0.33333 0.29143 0.24860 0.60714 0.27024 0.57919 1.00000 0.36364 1.00000 1.00000 0.60714 0.63021
66.00000 34.00000 0.37791 0.46154 1.00000 1.00000 0.20843 0.21354 0.38315 1.00000 1.00000 0.22366 0.64706 0.19615 0.33333 0.28000 0.24300 0.66667 0.20784 0.62047 1.00000 0.27273 1.00000 1.00000 0.64881 0.46182
66.00000 35.00000 0.37791 0.61538 1.00000 1.00000 0.32553 0.42650 0.30406 1.00000 1.00000 0.20546 0.64706 0.21708 0.33333 0.33714 0.24860 0.63690 0.22738 0.53959 1.00000 0.36364 1.00000 1.00000 0.47024 0.62186
66.00000 36.00000 0.62791 0.84615 1.00000 1.00000 0.30679 0.39499 0.22637 1.00000 1.00000 0.21935 0.65294 0.14739 0.33333 0.28571 0.24045 0.63095 0.23304 0.54056 1.00000 0.45455 1.00000 1.00000 0.53571 0.60553
66.00000 37.00000 0.32558 0.30769 1.00000 1.00000 0.35129 0.51341 0.33011 1.00000 1.00000 0.26149 0.61765 0.21690 0.33333 0.29143 0.23739 0.65476 0.22869 0.55770 1.00000 0.36364 1.00000 1.00000 0.45833 0.57742
66.00000 38.00000 0.55233 0.38462 1.00000 1.00000 0.33958 0.28479 0.22839 1.00000 1.00000 0.23563 0.62353 0.18496 0.33333 0.21714 0.26592 0.61905 0.24870 0.54080 1.00000 0.27273 1.00000 1.00000 0.49405 0.63930
66.00000 39.00000 0.54070 0.15385 1.00000 1.00000 0.19906 0.39440 0.31747 1.00000 1.00000 0.20115 0.65882 0.19910 0.33333 0.22286 0.25981 0.67262 0.24105 0.50652 1.00000 0.27273 1.00000 1.00000 0.52976 0.39577
66.00000 40.00000 0.51163 0.30769 1.00000 1.00000 0.28806 0.46447 0.35554 1.00000 1.00000 0.20546 0.66471 0.20955 0.33333 0.30286 0.21651 0.63095 0.24215 0.60671 1.00000 0.45455 1.00000 1.00000 0.47024 0.58818
66.00000 41.00000 0.38372 0.23077 1.00000 1.00000 0.26464 0.30573 0.39438 1.00000 0.93750 0.23180 0.64706 0.22670 0.33333 0.28571 0.24045 0.64286 0.23613 0.57846 1.00000 0.18182 1.00000 1.00000 0.50595 0.45913
66.00000 42.00000 0.63372 0.15385 1.00000 1.00000 0.19906 0.37953 0.33198 1.00000 0.93750 0.23228 0.67059 0.21671 0.33333 0.28000 0.22771 0.64881 0.22696 0.58040 1.00000 0.36364 1.00000 1.00000 0.54167 0.46795
66.00000 43.00000 0.61047 0.38462 1.00000 1.00000 0.15457 0.34997 0.29797 1.00000 1.00000 0.23898 0.63529 0.19162 0.33333 0.26857 0.26847 0.59524 0.25651 0.50893 1.00000 0.18182 1.00000 1.00000 0.61310 0.47593
66.00000 44.00000 0.33721 0.15385 1.00000 1.00000 0.22482 0.32961 0.21560 1.00000 1.00000 0.22845 0.64706 0.19767 0.33333 0.14286 0.25013 0.61310 0.23351 0.56181 1.00000 0.45455 1.00000 1.00000 0.63690 0.55246
66.00000 45.00000 0.45349 0.23077 1.00000 1.00000 0.28337 0.19280 0.35008 1.00000 1.00000 0.22941 0.66471 0.20114 0.33333 0.24571 0.23943 0.63095 0.22581 0.56036 1.00000 0.45455 1.00000 1.00000 0.51190 0.44865
66.00000 46.00000 0.50000 0.69231 1.00000 1.00000 0.23888 0.53474 0.42262 1.00000 1.00000 0.22270 0.63529 0.20308 0.33333 0.26286 0.26235 0.65476 0.22088 0.56977 1.00000 0.36364 1.00000 1.00000 0.52976 0.53038
66.00000 47.00000 0.56977 0.84615 1.00000 1.00000 0.27166 0.39010 0.20562 1.00000 1.00000 0.24904 0.64706 0.20197 0.33333 0.22857 0.21600 0.66667 0.25913 0.53308 1.00000 0.36364 1.00000 1.00000 0.35714 0.52055
66.00000 48.00000 0.38372 0.30769 1.00000 1.00000 0.30679 0.46193 0.35523 1.00000 1.00000 0.27251 0.63529 0.21791 0.33333 0.31429 0.24249 0.63690 0.24435 0.58691 1.00000 0.27273 1.00000 1.00000 0.56548 0.50969
66.00000 49.00000 0.22093 0.69231 1.00000 1.00000 0.14052 0.42337 0.30593 1.00000 0.93750 0.22893 0.63529 0.18797 0.33333 0.29143 0.23790 0.61905 0.22822 0.67021 1.00000 0.18182 1.00000 1.00000 0.39881 0.45227
66.00000 50.00000 0.50581 0.69231 1.00000 1.00000 0.29742 0.19808 0.38596 1.00000 1.00000 0.20785 0.64706 0.20585 0.33333 0.34857 0.23434 0.64881 0.24273 0.69749 1.00000 0.27273 1.00000 1.00000 0.35119 0.48196
66.00000 51.00000 0.77907 0.15385 1.00000 1.00000 0.29977 0.30534 0.31763 1.00000 1.00000 0.24138 0.63529 0.22577 0.33333 0.28000 0.24554 0.62500 0.24504 0.63810 1.00000 0.18182 1.00000 1.00000 0.43452 0.60052
66.00000 52.00000 0.77326 0.15385 1.00000 1.00000 0.26932 0.33568 0.24743 1.00000 1.00000 0.22462 0.64706 0.18168 0.33333 0.21714 0.22517 0.64881 0.22974 0.58691 1.00000 0.36364 1.00000 1.00000 0.47619 0.55933
66.00000 53.00000 0.57558 0.30769 1.00000 1.00000 0.35363 0.39127 0.32293 1.00000 1.00000 0.21600 0.64706 0.21061 0.33333 0.43429 0.22669 0.64286 0.22995 0.66683 1.00000 0.27273 1.00000 1.00000 0.48214 0.54541
66.00000 54.00000 0.58140 0.38462 1.00000 1.00000 0.32319 0.38833 0.30265 1.00000 1.00000 0.20498 0.62941 0.21366 0.33333 0.34857 0.22466 0.60714 0.24980 0.58378 1.00000 0.36364 1.00000 1.00000 0.48214 0.50070
66.00000 55.00000 0.51744 0.53846 1.00000 1.00000 0.29742 0.29830 0.33479 1.00000 1.00000 0.19301 0.63529 0.22337 0.33333 0.37143 0.20785 0.63690 0.25080 0.60526 1.00000 0.36364 1.00000 1.00000 0.43452 0.40783
66.00000 56.00000 0.80814 0.61538 1.00000 1.00000 0.33489 0.35604 0.31092 1.00000 1.00000 0.21025 0.62353 0.19194 0.33333 0.34857 0.21651 0.66667 0.27537 0.59295 1.00000 0.27273 1.00000 1.00000 0.55952 0.53205
66.00000 57.00000 0.54651 0.53846 1.00000 1.00000 0.18033 0.45958 0.34524 1.00000 1.00000 0.23515 0.65882 0.22110 0.33333 0.24000 0.24300 0.64881 0.22597 0.63617 1.00000 0.45455 1.00000 1.00000 0.38690 0.52825
66.00000 58.00000 0.18023 0.15385 1.00000 1.00000 0.42857 0.33803 0.35023 1.00000 1.00000 0.23132 0.64706 0.21759 0.33333 0.32571 0.25318 0.63095 0.23618 0.56639 1.00000 0.27273 1.00000 1.00000 0.44643 0.48279
66.00000 59.00000 0.56395 0.23077 1.00000 1.00000 0.34426 0.33823 0.17067 1.00000 1.00000 0.26054 0.65882 0.19749 0.33333 0.33143 0.21651 0.64881 0.26212 0.45171 1.00000 0.27273 1.00000 1.00000 0.49405 0.35180
66.00000 60.00000 0.62791 0.84615 1.00000 1.00000 0.19672 0.47270 0.16396 1.00000 1.00000 0.26964 0.65882 0.19619 0.33333 0.36000 0.25318 0.64881 0.23021 0.53911 1.00000 0.36364 1.00000 1.00000 0.49405 0.43334
66.00000 61.00000 0.40116 0.84615 1.00000 1.00000 0.31850 0.53220 0.38736 1.00000 1.00000 0.22510 0.65294 0.20109 0.33333 0.38286 0.22669 0.63690 0.24257 0.52607 1.00000 0.36364 1.00000 1.00000 0.50595 0.57195
66.00000 62.00000 0.59884 0.23077 1.00000 1.00000 0.29040 0.35682 0.32340 1.00000 1.00000 0.22126 0.63529 0.18755 0.33333 0.25143 0.23077 0.60714 0.21748 0.62651 1.00000 0.18182 1.00000 1.00000 0.51786 0.46034
66.00000 63.00000 0.64535 0.23077 1.00000 1.00000 0.41218 0.33216 0.30889 1.00000 0.93750 0.25718 0.67647 0.19351 0.33333 0.25714 0.23790 0.60119 0.22790 0.67721 1.00000 0.36364 1.00000 1.00000 0.56548 0.53502
66.00000 64.00000 0.41279 0.69231 1.00000 1.00000 0.34192 0.55843 0.31108 1.00000 1.00000 0.24425 0.66471 0.16906 0.33333 0.44000 0.24401 0.67857 0.24425 0.58836 1.00000 0.27273 1.00000 1.00000 0.50000 0.54272
66.00000 65.00000 0.44186 0.30769 1.00000 1.00000 0.52225 0.38970 0.32995 1.00000 1.00000 0.24569 0.64118 0.25017 0.33333 0.40000 0.23739 0.66667 0.22088 0.65645 1.00000 0.18182 1.00000 1.00000 0.50595 0.56202
66.00000 66.00000 0.46512 0.23077 1.00000 1.00000 0.27166 0.41672 0.35694 1.00000 1.00000 0.18199 0.65882 0.22683 0.33333 0.18857 0.25420 0.67857 0.24126 0.55336 1.00000 0.27273 1.00000 1.00000 0.51190 0.55200
66.00000 67.00000 0.76163 0.46154 1.00000 1.00000 0.31850 0.51908 0.35086 1.00000 1.00000 0.20881 0.65294 0.22845 0.33333 0.37143 0.24503 0.64881 0.22911 0.57219 1.00000 0.45455 1.00000 1.00000 0.51190 0.46683
66.00000 68.00000 0.41860 0.53846 1.00000 1.00000 0.36300 0.36896 0.28861 1.00000 1.00000 0.23132 0.64706 0.23756 0.33333 0.35429 0.24198 0.63690 0.21219 0.62023 1.00000 0.27273 1.00000 1.00000 0.47024 0.50014
66.00000 69.00000 0.43023 0.61538 1.00000 1.00000 0.29040 0.39010 0.21139 1.00000 1.00000 0.23994 0.65882 0.21639 0.33333 0.26286 0.24860 0.65476 0.26735 0.58281 1.00000 0.18182 1.00000 1.00000 0.52381 0.52046
66.00000 70.00000 0.52907 0.61538 1.00000 1.00000 0.18267 0.31454 0.30062 1.00000 0.93750 0.19636 0.65294 0.19245 0.33333 0.26857 0.21141 0.61310 0.25703 0.66948 1.00000 0.27273 1.00000 1.00000 0.52976 0.58057
66.00000 71.00000 0.58721 0.15385 1.00000 1.00000 0.25995 0.39969 0.38050 1.00000 1.00000 0.23324 0.65294 0.18760 0.33333 0.30857 0.21243 0.66071 0.27815 0.61347 1.00000 0.27273 1.00000 1.00000 0.56548 0.43186
66.00000 72.00000 0.69767 0.69231 1.00000 1.00000 0.31148 0.46526 0.34555 1.00000 1.00000 0.21839 0.65882 0.17960 0.33333 0.25143 0.20581 0.63690 0.22487 0.63399 1.00000 0.27273 1.00000 1.00000 0.58929 0.49698
66.00000 73.00000 0.66860 0.15385 1.00000 1.00000 0.42389 0.55921 0.30827 1.00000 1.00000 0.22845 0.66471 0.20465 0.33333 0.33714 0.20734 0.63095 0.23225 0.67817 1.00000 0.36364 1.00000 1.00000 0.48810 0.46618
66.00000 74.00000 0.73256 0.15385 1.00000 1.00000 0.32787 0.50773 0.36739 1.00000 1.00000 0.22845 0.66471 0.23113 0.33333 0.32000 0.20988 0.63095 0.23864 0.65210 1.00000 0.27273 1.00000 1.00000 0.45833 0.59134
66.00000 75.00000 0.56977 0.76923 1.00000 1.00000 0.31382 0.47661 0.48768 1.00000 1.00000 0.22414 0.65882 0.21523 0.33333 0.32000 0.21243 0.64286 0.25012 0.50797 1.00000 0.36364 1.00000 1.00000 0.43452 0.48483
66.00000 76.00000 0.63953 0.30769 1.00000 1.00000 0.36768 0.37913 0.32012 1.00000 1.00000 0.21600 0.67059 0.18080 0.33333 0.33143 0.21447 0.65476 0.21423 0.54128 1.00000 0.27273 1.00000 1.00000 0.48214 0.41414
66.00000 77.00000 0.48256 0.46154 1.00000 1.00000 0.31148 0.36054 0.39548 1.00000 1.00000 0.21169 0.64706 0.22434 0.33333 0.28571 0.25064 0.61905 0.26039 0.60864 1.00000 0.45455 1.00000 1.00000 0.56548 0.49717
66.00000 78.00000 0.48256 0.53846 1.00000 1.00000 0.30679 0.38951 0.36942 1.00000 1.00000 0.22222 0.67059 0.19924 0.33333 0.28000 0.24911 0.63095 0.26290 0.61395 1.00000 0.27273 1.00000 1.00000 0.42857 0.46934
66.00000 79.00000 0.42442 0.23077 1.00000 1.00000 0.31616 0.39773 0.32012 1.00000 1.00000 0.21264 0.67059 0.22614 0.33333 0.25143 0.20937 0.67262 0.23063 0.57484 1.00000 0.27273 1.00000 1.00000 0.50000 0.49290
66.00000 80.00000 0.34884 0.23077 1.00000 1.00000 0.35129 0.46800 0.38658 1.00000 1.00000 0.21121 0.65882 0.24888 0.33333 0.22857 0.22517 0.63095 0.25902 0.59850 1.00000 0.36364 1.00000 1.00000 0.52381 0.47648
66.00000 81.00000 0.45930 0.46154 1.00000 1.00000 0.42155 0.58896 0.32621 1.00000 1.00000 0.22797 0.64706 0.22887 0.33333 0.33714 0.24096 0.63690 0.26191 0.58402 1.00000 0.36364 1.00000 1.00000 0.41071 0.51721
66.00000 82.00000 0.34884 0.46154 1.00000 1.00000 0.30445 0.35976 0.35304 1.00000 1.00000 0.18774 0.61765 0.19508 0.33333 0.34857 0.19613 0.64881 0.24708 0.60550 1.00000 0.27273 1.00000 1.00000 0.42262 0.47509
66.00000 83.00000 0.36047 0.53846 1.00000 1.00000 0.37705 0.40380 0.31966 1.00000 1.00000 0.21552 0.67647 0.21953 0.33333 0.34286 0.21549 0.62500 0.24944 0.59850 1.00000 0.36364 1.00000 1.00000 0.52381 0.46980
66.00000 84.00000 0.38953 0.23077 1.00000 1.00000 0.26464 0.34410 0.37114 1.00000 1.00000 0.22462 0.67059 0.19721 0.33333 0.29143 0.26847 0.65476 0.25567 0.59440 1.00000 0.36364 1.00000 1.00000 0.48810 0.46461
66.00000 85.00000 0.60465 0.07692 1.00000 1.00000 0.22014 0.51262 0.37925 1.00000 1.00000 0.21695 0.66471 0.19725 0.33333 0.29714 0.21141 0.63690 0.26102 0.60019 1.00000 0.36364 1.00000 1.00000 0.55952 0.48864
66.00000 86.00000 0.50581 0.46154 1.00000 1.00000 0.31850 0.28205 0.45179 1.00000 1.00000 0.20929 0.68824 0.25993 0.33333 0.34286 0.18339 0.64881 0.24226 0.61733 1.00000 0.36364 1.00000 1.00000 0.38095 0.48131
66.00000 87.00000 0.50000 0.76923 1.00000 1.00000 0.34895 0.35917 0.41747 1.00000 1.00000 0.20211 0.65882 0.28280 0.33333 0.41143 0.22873 0.65476 0.25824 0.57388 1.00000 0.27273 1.00000 1.00000 0.57738 0.52445
66.00000 88.00000 0.41279 0.23077 1.00000 1.00000 0.32787 0.51047 0.37301 1.00000 1.00000 0.22366 0.65294 0.21634 0.33333 0.21714 0.21701 0.65476 0.26222 0.64341 1.00000 0.36364 1.00000 1.00000 0.50000 0.49160
66.00000 89.00000 0.38372 0.46154 1.00000 1.00000 0.38642 0.46878 0.38705 1.00000 1.00000 0.20402 0.65882 0.20363 0.33333 0.40571 0.18441 0.62500 0.25221 0.57291 1.00000 0.45455 1.00000 1.00000 0.57738 0.43919
66.00000 90.00000 0.68605 0.23077 1.00000 1.00000 0.35831 0.50401 0.36615 1.00000 1.00000 0.20833 0.65294 0.22896 0.33333 0.29143 0.21905 0.63095 0.22308 0.65645 1.00000 0.36364 1.00000 1.00000 0.54167 0.48826
66.00000 91.00000 0.62791 0.61538 1.00000 1.00000 0.42623 0.38227 0.36100 1.00000 1.00000 0.23851 0.69412 0.23427 0.33333 0.42286 0.23535 0.65476 0.25572 0.60888 1.00000 0.18182 1.00000 1.00000 0.49405 0.49578
66.00000 92.00000 0.40116 0.23077 1.00000 1.00000 0.46370 0.48640 0.24899 1.00000 1.00000 0.23228 0.65294 0.20876 0.33333 0.46857 0.23943 0.67262 0.26133 0.61782 1.00000 0.27273 1.00000 1.00000 0.58929 0.59180
66.00000 93.00000 0.51163 0.38462 1.00000 1.00000 0.39578 0.35878 0.35663 1.00000 1.00000 0.19492 0.65882 0.20798 0.33333 0.30286 0.18900 0.65476 0.23356 0.56108 1.00000 0.36364 1.00000 1.00000 0.52976 0.51229
66.00000 94.00000 0.55233 0.61538 1.00000 1.00000 0.39110 0.38951 0.38019 1.00000 1.00000 0.21456 0.64706 0.22092 0.33333 0.37714 0.20479 0.67262 0.23435 0.56422 1.00000 0.45455 1.00000 1.00000 0.57738 0.43139
66.00000 95.00000 0.48837 0.46154 1.00000 1.00000 0.25293 0.50440 0.35803 1.00000 1.00000 0.19828 0.62941 0.20590 0.33333 0.46286 0.22007 0.66667 0.24320 0.63013 1.00000 0.36364 1.00000 1.00000 0.42262 0.49958
66.00000 96.00000 0.41279 0.15385 1.00000 1.00000 0.41218 0.42826 0.35070 1.00000 1.00000 0.21264 0.66471 0.19545 0.33333 0.29143 0.21039 0.66667 0.22654 0.58281 1.00000 0.36364 1.00000 1.00000 0.52976 0.46952
66.00000 97.00000 0.47674 0.53846 1.00000 1.00000 0.29977 0.58876 0.41373 1.00000 1.00000 0.25862 0.65882 0.22212 0.33333 0.37714 0.19002 0.63690 0.25520 0.68131 1.00000 0.36364 1.00000 1.00000 0.44643 0.39113
66.00000 98.00000 0.38953 0.15385 1.00000 1.00000 0.32319 0.43453 0.46568 1.00000 1.00000 0.22557 0.67059 0.21801 0.33333 0.41714 0.22313 0.66667 0.26526 0.71898 1.00000 0.36364 1.00000 1.00000 0.44643 0.40783
66.00000 99.00000 0.34302 0.30769 1.00000 1.00000 0.33724 0.44784 0.36271 1.00000 1.00000 0.20354 0.66471 0.24883 0.33333 0.41143 0.20886 0.67262 0.23136 0.61057 1.00000 0.45455 1.00000 1.00000 0.45833 0.47555
66.00000 100.00000 0.58140 0.46154 1.00000 1.00000 0.37237 0.44373 0.48393 1.00000 1.00000 0.22270 0.66471 0.24135 0.33333 0.30857 0.20734 0.69643 0.27490 0.61975 1.00000 0.45455 1.00000 1.00000 0.36310 0.36951
66.00000 101.00000 0.54070 0.30769 1.00000 1.00000 0.29508 0.53964 0.33791 1.00000 1.00000 0.18343 0.65882 0.24578 0.33333 0.27429 0.21396 0.66071 0.25792 0.57919 1.00000 0.18182 1.00000 1.00000 0.43452 0.46182
66.00000 102.00000 0.44186 0.30769 1.00000 1.00000 0.38173 0.44608 0.37972 1.00000 1.00000 0.17768 0.70000 0.27005 0.33333 0.38857 0.20886 0.67857 0.26180 0.57484 1.00000 0.36364 1.00000 1.00000 0.50000 0.41108
66.00000 103.00000 0.59302 0.38462 1.00000 1.00000 0.26230 0.39049 0.44275 1.00000 1.00000 0.19780 0.64706 0.24985 0.33333 0.33714 0.20224 0.67262 0.25530 0.66924 1.00000 0.36364 1.00000 1.00000 0.50595 0.42416
66.00000 104.00000 0.78488 0.30769 1.00000 1.00000 0.31382 0.43648 0.45959 1.00000 1.00000 0.17672 0.67647 0.22660 0.33333 0.36571 0.22364 0.66071 0.26573 0.60430 1.00000 0.45455 1.00000 1.00000 0.49405 0.29242
66.00000 105.00000 0.70930 0.61538 1.00000 1.00000 0.36300 0.43962 0.41061 1.00000 1.00000 0.19684 0.64118 0.22156 0.33333 0.39429 0.21192 0.66667 0.22130 0.63737 1.00000 0.45455 1.00000 1.00000 0.41667 0.32805
66.00000 106.00000 0.56977 0.38462 1.00000 1.00000 0.33489 0.49951 0.43573 1.00000 1.00000 0.21983 0.68235 0.20396 0.33333 0.42286 0.20683 0.68452 0.24514 0.69169 1.00000 0.45455 1.00000 1.00000 0.53571 0.37313
66.00000 107.00000 0.52326 0.61538 1.00000 1.00000 0.26230 0.41339 0.37036 1.00000 1.00000 0.19205 0.68235 0.22887 0.33333 0.40000 0.20428 0.69643 0.22649 0.59899 1.00000 0.45455 1.00000 1.00000 0.52381 0.49838
66.00000 108.00000 0.52907 0.84615 1.00000 1.00000 0.37237 0.63985 0.39750 1.00000 1.00000 0.19780 0.68824 0.21570 0.33333 0.40571 0.20683 0.68452 0.26453 0.66296 1.00000 0.45455 1.00000 1.00000 0.33929 0.50311
66.00000 109.00000 0.44186 0.15385 1.00000 1.00000 0.39578 0.59581 0.24836 1.00000 1.00000 0.19780 0.66471 0.20035 0.33333 0.50286 0.21854 0.67857 0.24168 0.68687 1.00000 0.36364 1.00000 1.00000 0.46429 0.46999
66.00000 110.00000 0.57558 0.76923 1.00000 1.00000 0.42857 0.47270 0.47145 1.00000 1.00000 0.24042 0.69412 0.23201 0.33333 0.48571 0.22669 0.65476 0.28842 0.66755 1.00000 0.45455 1.00000 1.00000 0.39286 0.47945
66.00000 111.00000 0.72093 0.46154 1.00000 1.00000 0.36534 0.44725 0.43791 1.00000 1.00000 0.19828 0.67647 0.22734 0.33333 0.34286 0.21498 0.71429 0.25441 0.65934 1.00000 0.45455 1.00000 1.00000 0.45833 0.39763
66.00000 112.00000 0.41279 0.38462 1.00000 1.00000 0.38407 0.49834 0.48643 1.00000 1.00000 0.21264 0.65294 0.24966 0.33333 0.47429 0.19103 0.63690 0.25489 0.64896 1.00000 0.54545 1.00000 1.00000 0.46429 0.46025
66.00000 113.00000 0.45930 0.23077 1.00000 1.00000 0.40515 0.41456 0.33931 1.00000 1.00000 0.19684 0.74706 0.21260 0.33333 0.48571 0.18085 0.69048 0.24215 0.71391 1.00000 0.54545 1.00000 1.00000 0.41071 0.41804
66.00000 114.00000 0.44186 0.53846 1.00000 1.00000 0.36066 0.57213 0.52496 1.00000 1.00000 0.22031 0.67647 0.23589 0.33333 0.44571 0.20683 0.69048 0.25840 0.64244 1.00000 0.36364 1.00000 1.00000 0.40476 0.40922
66.00000 115.00000 0.56977 0.46154 1.00000 1.00000 0.42623 0.42415 0.47083 1.00000 1.00000 0.16427 0.70588 0.24449 0.33333 0.34286 0.20734 0.70833 0.26316 0.68107 1.00000 0.36364 1.00000 1.00000 0.34524 0.41247
66.00000 116.00000 0.80814 0.76923 1.00000 1.00000 0.37237 0.47720 0.50858 1.00000 1.00000 0.22270 0.70588 0.27721 0.33333 0.45714 0.18288 0.65476 0.25054 0.66634 1.00000 0.54545 1.00000 1.00000 0.47024 0.43520
66.00000 117.00000 0.31977 0.23077 1.00000 1.00000 0.30913 0.38677 0.44665 1.00000 1.00000 0.17050 0.67647 0.25475 0.33333 0.38286 0.17881 0.65476 0.27967 0.62578 1.00000 0.54545 1.00000 1.00000 0.41071 0.41340
66.00000 118.00000 0.59884 0.38462 1.00000 1.00000 0.50117 0.51419 0.44212 1.00000 1.00000 0.19540 0.67059 0.22217 0.33333 0.53714 0.17117 0.67262 0.24357 0.69507 1.00000 0.45455 1.00000 1.00000 0.31548 0.47639
66.00000 119.00000 0.50581 0.30769 1.00000 1.00000 0.55035 0.48620 0.41092 1.00000 1.00000 0.16284 0.70000 0.23289 0.33333 0.50857 0.18441 0.66667 0.27139 0.67359 1.00000 0.54545 1.00000 1.00000 0.42857 0.46767
66.00000 120.00000 0.41860 0.61538 1.00000 1.00000 0.43560 0.37933 0.43245 1.00000 1.00000 0.19253 0.68824 0.23977 0.33333 0.41714 0.17219 0.69643 0.28417 0.61854 1.00000 0.36364 1.00000 1.00000 0.34524 0.47769
66.00000 121.00000 0.49419 0.84615 1.00000 1.00000 0.35831 0.39616 0.53276 1.00000 1.00000 0.19109 0.68824 0.23344 0.33333 0.45143 0.18645 0.64286 0.22707 0.71004 1.00000 0.36364 1.00000 1.00000 0.39286 0.49467
66.00000 122.00000 0.51744 0.76923 1.00000 1.00000 0.40047 0.43511 0.38970 1.00000 1.00000 0.15517 0.71765 0.26228 0.33333 0.42857 0.18085 0.69643 0.26542 0.73056 1.00000 0.36364 1.00000 1.00000 0.39881 0.42796
66.00000 123.00000 0.42442 0.69231 1.00000 1.00000 0.35597 0.53964 0.47598 1.00000 1.00000 0.19205 0.67647 0.26016 0.33333 0.41143 0.20377 0.67262 0.24519 0.73974 1.00000 0.45455 1.00000 1.00000 0.33333 0.46099
66.00000 124.00000 0.77907 0.46154 1.00000 1.00000 0.42857 0.42004 0.38939 1.00000 1.00000 0.16427 0.70000 0.26325 0.33333 0.34857 0.19154 0.67857 0.28506 0.63737 1.00000 0.45455 1.00000 1.00000 0.38095 0.37174
66.00000 125.00000 0.36628 0.84615 1.00000 1.00000 0.31616 0.61225 0.71669 1.00000 1.00000 0.17098 0.68824 0.22716 0.33333 0.46286 0.18339 0.69048 0.28527 0.71077 1.00000 0.36364 1.00000 1.00000 0.43452 0.39030
66.00000 126.00000 0.50000 0.15385 1.00000 1.00000 0.49180 0.56195 0.46661 1.00000 1.00000 0.19732 0.68824 0.24953 0.33333 0.43429 0.17983 0.66667 0.28087 0.73298 1.00000 0.54545 1.00000 1.00000 0.44048 0.40857
66.00000 127.00000 0.76744 0.23077 1.00000 1.00000 0.33021 0.29203 0.59735 1.00000 1.00000 0.19492 0.72353 0.24259 0.33333 0.62286 0.17983 0.66667 0.26620 0.68228 1.00000 0.36364 1.00000 1.00000 0.36310 0.38334
66.00000 128.00000 0.32558 0.69231 1.00000 1.00000 0.45902 0.51262 0.43760 1.00000 1.00000 0.16858 0.66471 0.27555 0.33333 0.54286 0.18288 0.67262 0.25483 0.63230 1.00000 0.45455 1.00000 1.00000 0.36310 0.31246
66.00000 129.00000 0.42442 0.84615 1.00000 1.00000 0.43091 0.52163 0.50062 1.00000 1.00000 0.16810 0.68824 0.24564 0.33333 0.41143 0.18390 0.65476 0.29297 0.74433 1.00000 0.45455 1.00000 1.00000 0.48810 0.29678
66.00000 130.00000 0.54651 0.84615 1.00000 1.00000 0.47541 0.59229 0.66334 1.00000 1.00000 0.18726 0.73529 0.25526 0.33333 0.57714 0.18696 0.67262 0.26510 0.65017 1.00000 0.54545 1.00000 1.00000 0.42857 0.41859
66.00000 131.00000 0.45930 0.15385 1.00000 1.00000 0.45199 0.57017 0.51810 1.00000 1.00000 0.18630 0.71176 0.24306 0.33333 0.52000 0.15639 0.69048 0.29250 0.77982 1.00000 0.54545 1.00000 1.00000 0.34524 0.21375
66.00000 132.00000 0.33721 0.69231 1.00000 1.00000 0.50585 0.59151 0.46927 1.00000 1.00000 0.23228 0.72353 0.24130 0.33333 0.42286 0.16302 0.69643 0.27710 0.82014 1.00000 0.45455 1.00000 1.00000 0.52381 0.34595
66.00000 133.00000 0.54651 0.69231 1.00000 1.00000 0.54333 0.53005 0.55023 1.00000 1.00000 0.16284 0.70588 0.29588 0.33333 0.56571 0.18645 0.68452 0.27935 0.72718 1.00000 0.54545 1.00000 1.00000 0.27976 0.30810
66.00000 134.00000 0.43605 0.23077 1.00000 1.00000 0.49649 0.62909 0.50031 1.00000 1.00000 0.15900 0.74118 0.28465 0.33333 0.69143 0.15741 0.73810 0.29072 0.76099 1.00000 0.45455 1.00000 1.00000 0.26786 0.34632
66.00000 135.00000 0.48256 0.69231 1.00000 1.00000 0.54567 0.53259 0.50343 1.00000 1.00000 0.13554 0.68824 0.25137 0.33333 0.54286 0.16607 0.69643 0.27579 0.67286 1.00000 0.54545 1.00000 1.00000 0.36310 0.25893
66.00000 136.00000 0.63372 0.84615 1.00000 1.00000 0.45199 0.48092 0.53729 1.00000 1.00000 0.17960 0.73529 0.25692 0.33333 0.58286 0.17677 0.73214 0.27280 0.74457 1.00000 0.72727 1.00000 1.00000 0.27976 0.38631
66.00000 137.00000 0.59302 0.15385 1.00000 1.00000 0.50117 0.68507 0.58814 1.00000 1.00000 0.16523 0.72941 0.25660 0.33333 0.56571 0.19154 0.74405 0.26311 0.77306 1.00000 0.63636 1.00000 1.00000 0.41071 0.23110
66.00000 138.00000 0.29070 0.76923 1.00000 1.00000 0.44965 0.50910 0.55601 1.00000 1.00000 0.18822 0.71176 0.24527 0.33333 0.66286 0.14417 0.69048 0.26547 0.75157 1.00000 0.54545 1.00000 1.00000 0.37500 0.30040
66.00000 139.00000 0.66279 0.38462 1.00000 1.00000 0.56440 0.60227 0.57769 1.00000 1.00000 0.13697 0.74118 0.29288 0.33333 0.66286 0.15436 0.69643 0.28637 0.84669 1.00000 0.45455 1.00000 1.00000 0.34524 0.35124
66.00000 140.00000 0.61047 0.46154 1.00000 1.00000 0.49649 0.73654 0.71513 1.00000 1.00000 0.18343 0.71765 0.25780 0.33333 0.67429 0.14773 0.73810 0.27589 0.74384 1.00000 0.45455 1.00000 1.00000 0.20833 0.21867
66.00000 141.00000 0.57558 0.30769 1.00000 1.00000 0.53864 0.52085 0.64041 1.00000 1.00000 0.17529 0.71176 0.23284 0.33333 0.60571 0.15894 0.71429 0.26411 0.72284 1.00000 0.54545 1.00000 1.00000 0.38095 0.35374
66.00000 142.00000 0.50000 0.69231 1.00000 1.00000 0.46604 0.58191 0.57254 1.00000 1.00000 0.16236 0.70588 0.27721 0.33333 0.61143 0.15996 0.69048 0.30529 0.78682 1.00000 0.54545 1.00000 1.00000 0.23810 0.35282
66.00000 143.00000 0.51163 0.15385 1.00000 1.00000 0.55972 0.56489 0.66240 1.00000 1.00000 0.13745 0.70588 0.27268 0.33333 0.64571 0.15028 0.74405 0.25248 0.78175 1.00000 0.54545 1.00000 1.00000 0.38095 0.34150
66.00000 144.00000 0.44186 0.46154 1.00000 1.00000 0.48712 0.74711 0.56661 1.00000 1.00000 0.14655 0.71765 0.23266 0.33333 0.66286 0.15334 0.70238 0.24849 0.77764 1.00000 0.45455 1.00000 1.00000 0.35119 0.18415
66.00000 145.00000 0.47093 0.46154 1.00000 1.00000 0.47307 0.60364 0.57379 1.00000 1.00000 0.11782 0.73529 0.26177 0.33333 0.73143 0.15079 0.71429 0.25646 0.80179 1.00000 0.54545 1.00000 1.00000 0.25000 0.21050
66.00000 146.00000 0.38372 0.84615 1.00000 1.00000 0.55035 0.66001 0.62949 1.00000 1.00000 0.17002 0.73529 0.29829 0.33333 0.58857 0.12837 0.76786 0.27663 0.75495 1.00000 0.54545 1.00000 1.00000 0.29167 0.34669
66.00000 147.00000 0.63372 0.15385 1.00000 1.00000 0.50117 0.75612 0.71529 1.00000 1.00000 0.09818 0.72941 0.28756 0.33333 0.53714 0.14162 0.73214 0.28726 0.78972 1.00000 0.63636 1.00000 1.00000 0.16667 0.24770
66.00000 148.00000 0.47093 0.23077 1.00000 1.00000 0.51991 0.54179 0.71513 1.00000 1.00000 0.12021 0.75882 0.24236 0.33333 0.75429 0.16913 0.73810 0.28648 0.74988 1.00000 0.63636 1.00000 1.00000 0.19048 0.17311
66.00000 149.00000 0.27326 0.15385 1.00000 1.00000 0.46838 0.46917 0.74774 1.00000 1.00000 0.15421 0.71176 0.30952 0.33333 0.57143 0.15334 0.74405 0.27422 0.85369 1.00000 0.45455 1.00000 1.00000 0.21429 0.29864
66.00000 150.00000 0.36628 0.30769 1.00000 1.00000 0.59719 0.46506 0.58050 1.00000 1.00000 0.13985 0.71176 0.29713 0.33333 0.67429 0.14060 0.71429 0.29879 0.77475 1.00000 0.63636 1.00000 1.00000 0.24405 0.35384
66.00000 151.00000 0.50581 0.53846 1.00000 1.00000 0.52927 0.68565 0.57223 1.00000 1.00000 0.10632 0.78235 0.30083 0.33333 0.71429 0.14162 0.69643 0.30864 0.79044 1.00000 0.63636 1.00000 1.00000 0.22619 0.34317
66.00000 152.00000 0.70349 0.61538 1.00000 1.00000 0.66276 0.73596 0.62512 1.00000 1.00000 0.16954 0.74118 0.28682 0.33333 0.76571 0.15690 0.74405 0.29145 0.79310 1.00000 0.72727 1.00000 1.00000 0.24405 0.39095
66.00000 153.00000 0.50000 0.46154 1.00000 1.00000 0.66745 0.53279 0.74415 1.00000 1.00000 0.11494 0.74118 0.31557 0.33333 0.69143 0.15639 0.76190 0.30094 0.77402 1.00000 0.63636 1.00000 1.00000 0.29762 0.26468
66.00000 154.00000 0.25581 0.69231 1.00000 1.00000 0.58782 0.75573 0.67644 1.00000 1.00000 0.12213 0.76471 0.26020 0.33333 0.67429 0.11309 0.73810 0.29654 0.80613 1.00000 0.72727 1.00000 1.00000 0.26786 0.24418
66.00000 155.00000 0.59302 0.38462 1.00000 1.00000 0.66745 0.68272 0.74727 1.00000 1.00000 0.09962 0.77647 0.29519 0.33333 0.65143 0.12073 0.73810 0.29476 0.73853 1.00000 0.63636 1.00000 1.00000 0.25595 0.20122
66.00000 156.00000 0.48256 0.46154 1.00000 1.00000 0.65574 0.61010 0.69672 1.00000 1.00000 0.12835 0.75882 0.29695 0.33333 0.74857 0.10749 0.73810 0.29779 0.81603 1.00000 0.63636 1.00000 1.00000 0.11310 0.29669
66.00000 157.00000 0.59302 0.30769 1.00000 1.00000 0.66511 0.76825 0.76786 1.00000 1.00000 0.13123 0.77647 0.34261 0.33333 0.86857 0.13551 0.77381 0.30068 0.84162 1.00000 0.63636 1.00000 1.00000 0.32738 0.14315
66.00000 158.00000 0.53488 0.76923 1.00000 1.00000 0.64403 0.56880 0.78549 1.00000 1.00000 0.12979 0.75882 0.30679 0.33333 0.69143 0.12787 0.74405 0.30827 0.79623 1.00000 0.72727 1.00000 1.00000 0.29167 0.33788
66.00000 159.00000 0.75000 0.53846 1.00000 1.00000 0.60656 0.81993 0.66193 1.00000 1.00000 0.09962 0.74706 0.30942 0.33333 0.81714 0.13500 0.76190 0.28967 0.81724 1.00000 0.72727 1.00000 1.00000 0.10714 0.23741
66.00000 160.00000 0.52326 0.30769 1.00000 1.00000 0.62763 0.72519 0.74025 1.00000 1.00000 0.08477 0.78235 0.33706 0.33333 0.78286 0.11462 0.75595 0.29313 0.82569 1.00000 0.54545 1.00000 1.00000 0.24405 0.05427
66.00000 161.00000 0.36628 0.38462 1.00000 1.00000 0.55504 0.63417 0.88346 1.00000 1.00000 0.08764 0.78824 0.27573 0.33333 0.74286 0.12430 0.73810 0.30675 0.83028 1.00000 0.81818 1.00000 1.00000 0.19048 0.15586
66.00000 162.00000 0.51744 0.46154 1.00000 1.00000 0.59719 0.67998 0.71950 1.00000 1.00000 0.07375 0.78235 0.30314 0.33333 0.84571 0.08864 0.80357 0.30136 0.87615 1.00000 0.81818 1.00000 1.00000 0.19643 0.17580
66.00000 163.00000 0.76744 0.61538 1.00000 1.00000 0.68852 0.79331 0.77395 1.00000 1.00000 0.07998 0.78235 0.34270 0.33333 0.88000 0.13296 0.76190 0.30172 0.80179 1.00000 0.81818 1.00000 1.00000 0.05357 0.30856
66.00000 164.00000 0.27907 0.30769 1.00000 1.00000 0.52459 0.63202 0.75086 1.00000 1.00000 0.10010 0.77059 0.31705 0.33333 0.82286 0.12277 0.77381 0.30864 0.86118 1.00000 0.63636 1.00000 1.00000 0.14881 0.14974
66.00000 165.00000 0.29070 0.15385 1.00000 1.00000 0.55504 0.79233 0.84384 1.00000 1.00000 0.10345 0.74706 0.32394 0.33333 0.84000 0.09628 0.76786 0.31975 0.78368 1.00000 0.72727 1.00000 1.00000 0.15476 0.21913
