169.00000 1.00000 0.00005 0.00154 1.00000 1.00000 0.97990 0.91219 0.89811 1.00000 0.99749 0.95309 0.99757 0.86802 0.94872 0.89773 0.95530 0.99179 0.66968 0.09237 1.00000 0.91753 1.00000 1.00000 0.96132 0.96200
169.00000 2.00000 0.99997 0.99929 1.00000 0.00000 0.12548 0.26755 0.22008 0.00000 0.00188 0.00377 0.62698 0.26377 0.20513 0.45860 0.00274 0.99311 0.54457 0.40030 0.00000 0.27835 0.62791 1.00000 0.01211 0.01629
169.00000 3.00000 0.83323 0.99762 1.00000 0.06027 0.17909 0.30386 0.21921 0.14659 0.14492 0.13381 0.65015 0.28446 0.23077 0.43750 0.13185 0.99295 0.50271 0.38563 0.00000 0.30928 0.65116 1.00000 0.15809 0.16014
169.00000 4.00000 0.00006 0.00048 1.00000 1.00000 0.97852 0.89987 0.88363 1.00000 0.99812 0.95843 0.99850 0.87173 0.94872 0.88880 0.95823 0.99300 0.69356 0.07497 1.00000 0.91753 1.00000 1.00000 0.96670 0.97178
169.00000 5.00000 0.99996 0.99762 1.00000 0.00000 0.12539 0.28269 0.19846 0.00000 0.00188 0.00391 0.62705 0.26495 0.20513 0.46429 0.00186 0.99306 0.55106 0.39881 0.00000 0.27835 0.62791 1.00000 0.01110 0.01515
169.00000 6.00000 0.47620 0.83159 1.00000 0.62699 0.65366 0.62517 0.52276 0.50794 0.49749 0.45224 0.86287 0.59273 0.35897 0.64286 0.45247 0.99248 0.49371 0.34633 0.00000 0.62887 0.86469 1.00000 0.48537 0.48014
169.00000 7.00000 0.99993 0.99869 1.00000 0.00000 0.12108 0.27451 0.21480 0.00000 0.00188 0.00483 0.62694 0.26398 0.23077 0.45130 0.00340 0.99314 0.55493 0.40594 0.00000 0.28866 0.62791 1.00000 0.01245 0.01117
169.00000 8.00000 0.99982 0.99929 1.00000 0.00000 0.12153 0.28367 0.22020 0.00000 0.00125 0.00421 0.62700 0.26531 0.20513 0.43669 0.00369 0.99306 0.53697 0.41676 0.00000 0.26804 0.62791 1.00000 0.01715 0.01577
169.00000 9.00000 0.83332 0.99762 1.00000 0.06027 0.17982 0.31010 0.21480 0.14659 0.14429 0.13282 0.65007 0.28550 0.23077 0.43588 0.12963 0.99273 0.51386 0.38777 0.00000 0.29897 0.65116 1.00000 0.15237 0.15994
169.00000 10.00000 0.83321 0.99881 1.00000 0.06027 0.18074 0.31809 0.23389 0.14659 0.14429 0.13197 0.65013 0.28137 0.23077 0.42938 0.13109 0.99264 0.51454 0.39874 0.00000 0.30928 0.65116 1.00000 0.15405 0.16090
169.00000 11.00000 0.99999 0.99917 1.00000 0.00000 0.12548 0.26995 0.20939 0.00000 0.00125 0.00329 0.62711 0.26130 0.20513 0.45455 0.00252 0.99314 0.54923 0.41431 0.00000 0.24742 0.62791 1.00000 0.00740 0.01008
169.00000 12.00000 0.47624 0.83135 1.00000 0.62699 0.65476 0.62882 0.49944 0.50794 0.49749 0.45201 0.86310 0.59932 0.35897 0.62256 0.45054 0.99256 0.49301 0.34989 0.00000 0.62887 0.86469 1.00000 0.47696 0.48311
169.00000 13.00000 0.83324 0.99798 1.00000 0.06027 0.18102 0.32182 0.21705 0.14659 0.14429 0.13264 0.65007 0.28935 0.23077 0.44805 0.13178 0.99275 0.51927 0.39912 0.00000 0.30928 0.65116 1.00000 0.15674 0.15948
169.00000 14.00000 0.99989 0.99798 1.00000 0.00000 0.12245 0.27470 0.21924 0.00000 0.00188 0.00352 0.62713 0.26352 0.23077 0.45373 0.00247 0.99317 0.56176 0.40926 0.00000 0.26804 0.62791 1.00000 0.01985 0.01320
169.00000 15.00000 0.99997 0.99869 1.00000 0.00000 0.12355 0.27295 0.20877 0.00000 0.00125 0.00299 0.62705 0.26799 0.20513 0.45617 0.00393 0.99311 0.56751 0.40791 0.00000 0.27835 0.62791 1.00000 0.01211 0.01560
169.00000 16.00000 0.00002 0.00000 1.00000 1.00000 0.97494 0.91688 0.87520 1.00000 0.99812 0.95843 0.99854 0.87725 0.94872 0.88393 0.95672 0.99297 0.68331 0.07805 1.00000 0.90722 1.00000 1.00000 0.97410 0.97796
169.00000 17.00000 0.99977 0.99846 1.00000 0.00000 0.12732 0.30135 0.21977 0.00000 0.00188 0.00304 0.62709 0.26964 0.23077 0.44075 0.00474 0.99300 0.54519 0.41514 0.00000 0.27835 0.62791 1.00000 0.01177 0.01633
169.00000 18.00000 1.00000 0.99762 1.00000 0.00000 0.12493 0.27767 0.20156 0.00000 0.00125 0.00179 0.62705 0.26441 0.20513 0.44237 0.00244 0.99306 0.54305 0.40722 0.00000 0.26804 0.62791 1.00000 0.01514 0.01703
169.00000 19.00000 0.99994 0.99762 1.00000 0.00000 0.12135 0.28032 0.23377 0.00000 0.00188 0.00458 0.62709 0.26465 0.23077 0.43750 0.00301 0.99308 0.54495 0.41379 0.00000 0.26804 0.62791 1.00000 0.01379 0.01466
169.00000 20.00000 0.83321 0.99762 1.00000 0.06027 0.17936 0.30854 0.23437 0.14659 0.14429 0.13034 0.65011 0.28709 0.23077 0.45942 0.13087 0.99297 0.51297 0.39514 0.00000 0.30928 0.65116 1.00000 0.15607 0.15581
169.00000 21.00000 0.99980 0.99762 1.00000 0.00000 0.12833 0.27781 0.21410 0.00000 0.00125 0.00421 0.62696 0.26207 0.23077 0.45617 0.00298 0.99317 0.54620 0.41369 0.00000 0.27835 0.62791 1.00000 0.01615 0.01566
169.00000 22.00000 0.00003 0.00154 1.00000 1.00000 0.97577 0.90949 0.90234 1.00000 0.99812 0.95820 0.99854 0.87770 0.94872 0.89367 0.95960 0.99289 0.68481 0.08479 1.00000 0.90722 1.00000 1.00000 0.97074 0.96990
169.00000 23.00000 0.00001 0.00166 1.00000 1.00000 0.97751 0.89717 0.91771 1.00000 0.99812 0.95286 0.99764 0.86065 0.94872 0.91721 0.95442 0.99173 0.65855 0.08607 1.00000 0.90722 1.00000 1.00000 0.96199 0.96545
169.00000 24.00000 0.59517 0.73634 0.00000 0.23809 0.01303 0.02098 0.03982 0.29318 0.20891 0.08796 0.00114 0.01341 0.02564 0.03977 0.08815 0.00157 0.05449 0.92818 0.00000 0.03093 0.00000 0.00000 0.13454 0.14408
169.00000 25.00000 0.99992 0.99762 1.00000 0.00000 0.12291 0.29349 0.20435 0.00000 0.00125 0.00237 0.62711 0.27136 0.23077 0.44805 0.00249 0.99306 0.55558 0.40870 0.00000 0.26804 0.62791 1.00000 0.01345 0.01215
169.00000 26.00000 0.23808 0.29691 1.00000 0.59794 0.63126 0.66470 0.65712 0.61718 0.61418 0.59173 0.85238 0.64928 0.84615 0.72403 0.59189 0.99284 0.67456 0.16021 1.00000 0.67010 0.85412 1.00000 0.61689 0.62226
169.00000 27.00000 0.99984 0.99762 1.00000 0.00000 0.12218 0.28629 0.21376 0.00000 0.00125 0.00531 0.62722 0.26350 0.20513 0.45536 0.00303 0.99314 0.54096 0.40881 0.00000 0.25773 0.62791 1.00000 0.01985 0.01521
169.00000 28.00000 0.23823 0.29691 1.00000 0.59794 0.63053 0.65326 0.66471 0.61718 0.61418 0.59116 0.85242 0.64951 0.84615 0.71429 0.59084 0.99284 0.67735 0.14796 1.00000 0.67010 0.85412 1.00000 0.61722 0.63223
169.00000 29.00000 0.83334 1.00000 1.00000 0.06027 0.18313 0.30654 0.21998 0.14659 0.14429 0.13298 0.65007 0.29236 0.23077 0.43588 0.13138 0.99286 0.50588 0.39514 0.00000 0.29897 0.65116 1.00000 0.15775 0.15678
169.00000 30.00000 0.00003 0.00107 1.00000 1.00000 0.97889 0.91213 0.90064 1.00000 0.99749 0.95428 0.99774 0.86464 0.94872 0.88149 0.95481 0.99198 0.65932 0.08694 1.00000 0.90722 1.00000 1.00000 0.95762 0.96002
169.00000 31.00000 0.00005 0.00083 1.00000 1.00000 0.97861 0.92034 0.89732 1.00000 0.99812 0.95870 0.99850 0.87168 0.94872 0.87500 0.95860 0.99292 0.69743 0.08310 1.00000 0.91753 1.00000 1.00000 0.96569 0.97863
169.00000 32.00000 0.23817 0.29703 1.00000 0.59794 0.63090 0.66778 0.64763 0.61718 0.61418 0.59139 0.85238 0.64247 0.84615 0.72078 0.59184 0.99286 0.67146 0.14471 1.00000 0.67010 0.85412 1.00000 0.62260 0.62660
169.00000 33.00000 0.23805 0.29691 1.00000 0.59794 0.62814 0.68909 0.64825 0.61718 0.61418 0.59221 0.85242 0.64849 0.84615 0.72890 0.59218 0.99278 0.67055 0.15983 1.00000 0.68041 0.85412 1.00000 0.62227 0.62592
169.00000 34.00000 0.23809 0.29727 1.00000 0.59794 0.63090 0.67029 0.66768 0.61718 0.61418 0.59284 0.85242 0.64736 0.84615 0.74026 0.59201 0.99284 0.67596 0.16183 1.00000 0.68041 0.85412 1.00000 0.62429 0.62238
169.00000 35.00000 0.99985 0.99762 1.00000 0.00000 0.12337 0.27384 0.22351 0.00000 0.00125 0.00239 0.62713 0.26227 0.20513 0.46104 0.00327 0.99319 0.54697 0.41981 0.00000 0.25773 0.62791 1.00000 0.01312 0.01352
169.00000 36.00000 0.99984 0.99762 1.00000 0.00000 0.12475 0.29193 0.20221 0.00000 0.00125 0.00444 0.62707 0.26094 0.20513 0.44968 0.00516 0.99311 0.54406 0.40545 0.00000 0.26804 0.62791 1.00000 0.01345 0.01136
169.00000 37.00000 0.99984 0.99762 1.00000 0.00000 0.12548 0.28742 0.19885 0.00000 0.00125 0.00357 0.62705 0.26265 0.20513 0.44156 0.00315 0.99306 0.54257 0.41562 0.00000 0.27835 0.62791 1.00000 0.01413 0.01791
169.00000 38.00000 0.99990 0.99929 1.00000 0.00000 0.12319 0.26692 0.20519 0.00000 0.00125 0.00410 0.62707 0.26272 0.20513 0.43750 0.00345 0.99306 0.54976 0.41203 0.00000 0.26804 0.62791 1.00000 0.01648 0.01207
169.00000 39.00000 0.47607 0.83302 1.00000 0.62699 0.65706 0.62185 0.51562 0.50794 0.49812 0.45277 0.86299 0.60286 0.35897 0.63718 0.45210 0.99253 0.49571 0.36162 0.00000 0.62887 0.86469 1.00000 0.48234 0.48440
169.00000 40.00000 0.99983 0.99976 1.00000 0.00000 0.12511 0.26647 0.22738 0.00000 0.00188 0.00246 0.62703 0.26473 0.23077 0.43750 0.00381 0.99308 0.54620 0.41576 0.00000 0.26804 0.62791 1.00000 0.01581 0.01662
169.00000 41.00000 0.00004 0.00119 1.00000 1.00000 0.97632 0.90155 0.86708 1.00000 0.99812 0.95882 0.99857 0.88080 0.94872 0.89854 0.96019 0.99289 0.68714 0.08282 1.00000 0.91753 1.00000 1.00000 0.97141 0.96900
169.00000 42.00000 0.00007 0.00036 1.00000 1.00000 0.97990 0.89355 0.90825 1.00000 0.99749 0.95445 0.99726 0.86503 0.94872 0.90990 0.95652 0.99129 0.65232 0.08465 1.00000 0.91753 1.00000 1.00000 0.96031 0.96076
169.00000 43.00000 0.47618 0.83242 1.00000 0.62699 0.65550 0.61154 0.51865 0.50794 0.49749 0.45228 0.86301 0.59696 0.35897 0.63393 0.45212 0.99262 0.49609 0.35491 0.00000 0.63918 0.86469 1.00000 0.48638 0.47604
169.00000 44.00000 0.47606 0.83135 1.00000 0.62699 0.65669 0.63703 0.52965 0.50794 0.49749 0.45258 0.86293 0.60119 0.35897 0.64610 0.45105 0.99267 0.48275 0.35013 0.00000 0.60825 0.86469 1.00000 0.48335 0.48125
169.00000 45.00000 0.83328 0.99762 1.00000 0.06027 0.17817 0.32366 0.22928 0.14659 0.14429 0.13413 0.65003 0.28873 0.23077 0.44237 0.13016 0.99289 0.50901 0.39193 0.00000 0.30928 0.65116 1.00000 0.15607 0.15651
169.00000 46.00000 0.99978 0.99762 1.00000 0.00000 0.12163 0.28142 0.21208 0.00000 0.00188 0.00294 0.62715 0.26396 0.20513 0.46023 0.00296 0.99311 0.54390 0.41358 0.00000 0.28866 0.62791 1.00000 0.01446 0.01303
169.00000 47.00000 0.00006 0.00119 1.00000 1.00000 0.97678 0.90001 0.87727 1.00000 0.99812 0.95886 0.99842 0.87199 0.94872 0.89854 0.95821 0.99297 0.67798 0.08168 1.00000 0.92784 1.00000 1.00000 0.97141 0.97142
169.00000 48.00000 0.59532 0.73658 0.00000 0.23809 0.01074 0.00359 0.03915 0.29318 0.20891 0.08906 0.00108 0.00909 0.00000 0.02192 0.08647 0.00149 0.03780 0.91984 0.00000 0.04124 0.00000 0.00000 0.14094 0.14191
169.00000 49.00000 0.99977 0.99834 1.00000 0.00000 0.12355 0.26560 0.22010 0.00000 0.00125 0.00416 0.62707 0.26226 0.23077 0.44399 0.00332 0.99303 0.56381 0.41247 0.00000 0.26804 0.62791 1.00000 0.01076 0.01345
169.00000 50.00000 0.47617 0.83230 1.00000 0.62699 0.65357 0.61237 0.50679 0.50794 0.49749 0.45265 0.86295 0.59457 0.35897 0.64854 0.45122 0.99259 0.48861 0.34463 0.00000 0.60825 0.86469 1.00000 0.48133 0.48160
169.00000 51.00000 0.99984 0.99762 1.00000 0.00000 0.12365 0.26398 0.21062 0.00000 0.00125 0.00216 0.62700 0.26768 0.20513 0.44075 0.00408 0.99317 0.55145 0.40843 0.00000 0.27835 0.62791 1.00000 0.01514 0.01560
169.00000 52.00000 0.83316 0.99929 1.00000 0.06027 0.17808 0.30624 0.21696 0.14659 0.14429 0.13130 0.65013 0.29207 0.23077 0.43994 0.13019 0.99267 0.50114 0.38767 0.00000 0.30928 0.65116 1.00000 0.15607 0.16780
169.00000 53.00000 0.47606 0.83135 1.00000 0.62699 0.65375 0.62552 0.50390 0.50794 0.49812 0.45132 0.86293 0.59687 0.35897 0.65503 0.45163 0.99248 0.49729 0.35813 0.00000 0.60825 0.86469 1.00000 0.48167 0.48710
169.00000 54.00000 0.00006 0.00000 1.00000 1.00000 0.98311 0.92701 0.90782 1.00000 0.99749 0.95435 0.99692 0.86806 0.94872 0.89935 0.95376 0.99093 0.66230 0.08119 1.00000 0.90722 1.00000 1.00000 0.96199 0.96070
169.00000 55.00000 0.99988 0.99988 1.00000 0.00000 0.12447 0.27176 0.20675 0.00000 0.00188 0.00368 0.62705 0.26601 0.23077 0.45698 0.00337 0.99300 0.56938 0.39857 0.00000 0.27835 0.62791 1.00000 0.01884 0.02193
169.00000 56.00000 0.83317 0.99952 1.00000 0.06027 0.18561 0.34051 0.22611 0.14659 0.14492 0.13282 0.65019 0.28758 0.23077 0.44318 0.13175 0.99289 0.52439 0.39386 0.00000 0.29897 0.65116 1.00000 0.15674 0.15823
169.00000 57.00000 0.00002 0.00202 1.00000 1.00000 0.98127 0.90095 0.88882 1.00000 0.99812 0.95889 0.99854 0.87136 0.94872 0.89205 0.95926 0.99311 0.68786 0.08490 1.00000 0.90722 1.00000 1.00000 0.96905 0.96670
169.00000 58.00000 0.83333 0.99917 1.00000 0.06027 0.17973 0.29601 0.24198 0.14659 0.14429 0.13248 0.65007 0.28716 0.23077 0.44562 0.13112 0.99281 0.49968 0.39532 0.00000 0.29897 0.65116 1.00000 0.16583 0.16065
169.00000 59.00000 0.99977 0.99762 1.00000 0.00000 0.12521 0.27602 0.20783 0.00000 0.00125 0.00198 0.62717 0.26238 0.20513 0.45292 0.00218 0.99308 0.54058 0.40365 0.00000 0.28866 0.62791 1.00000 0.01345 0.01927
169.00000 60.00000 0.99993 0.99762 1.00000 0.00000 0.12264 0.28777 0.21066 0.00000 0.00188 0.00196 0.62711 0.26318 0.23077 0.44481 0.00391 0.99314 0.55589 0.40158 0.00000 0.26804 0.62791 1.00000 0.01615 0.00663
169.00000 61.00000 0.83326 0.99952 1.00000 0.06027 0.17505 0.29933 0.20987 0.14659 0.14429 0.13133 0.65007 0.28928 0.23077 0.44156 0.12960 0.99273 0.51292 0.39836 0.00000 0.30928 0.65116 1.00000 0.15372 0.16220
169.00000 62.00000 0.99992 0.99762 1.00000 0.00000 0.12153 0.27762 0.20999 0.00000 0.00188 0.00460 0.62703 0.27021 0.23077 0.45373 0.00379 0.99311 0.55234 0.40217 0.00000 0.26804 0.62791 1.00000 0.01480 0.01903
169.00000 63.00000 0.83325 0.99869 1.00000 0.06027 0.18010 0.31456 0.21187 0.14659 0.14429 0.13285 0.65009 0.28394 0.23077 0.44399 0.13046 0.99281 0.52103 0.38473 0.00000 0.29897 0.65116 1.00000 0.15439 0.15430
169.00000 64.00000 0.59517 0.73634 0.00000 0.23809 0.00312 0.00878 0.02757 0.29318 0.20891 0.08697 0.00108 0.01483 0.02564 0.01786 0.08541 0.00143 0.05206 0.93887 0.00000 0.05155 0.00000 0.00000 0.14161 0.14055
169.00000 65.00000 0.59527 0.73634 0.00000 0.23809 0.01276 0.03829 0.03370 0.29318 0.20891 0.08770 0.00116 0.01519 0.02564 0.03896 0.08867 0.00146 0.04504 0.92998 0.00000 0.04124 0.00000 0.00000 0.13589 0.14344
169.00000 66.00000 0.47618 0.83314 1.00000 0.62699 0.65476 0.62177 0.51257 0.50794 0.49812 0.45256 0.86304 0.60200 0.35897 0.64205 0.45357 0.99295 0.51002 0.34951 0.00000 0.63918 0.86469 1.00000 0.48503 0.48544
169.00000 67.00000 0.99996 0.99762 1.00000 0.00000 0.12291 0.26268 0.21453 0.00000 0.00125 0.00186 0.62709 0.26429 0.23077 0.45455 0.00266 0.99314 0.55626 0.41379 0.00000 0.26804 0.62791 1.00000 0.01312 0.01345
169.00000 68.00000 0.23808 0.29691 1.00000 0.59794 0.62961 0.68093 0.66511 0.61718 0.61418 0.59311 0.85251 0.64015 0.84615 0.71023 0.59189 0.99295 0.67848 0.16353 1.00000 0.67010 0.85412 1.00000 0.61857 0.62605
169.00000 69.00000 0.83314 0.99881 1.00000 0.06027 0.17863 0.30408 0.21480 0.14659 0.14429 0.13167 0.65009 0.29183 0.23077 0.43994 0.13099 0.99292 0.49564 0.38238 0.00000 0.30928 0.65116 1.00000 0.15203 0.15682
169.00000 70.00000 0.83329 1.00000 1.00000 0.06027 0.17900 0.29652 0.21472 0.14659 0.14429 0.13220 0.65005 0.28802 0.23077 0.43588 0.13028 0.99286 0.50725 0.39407 0.00000 0.29897 0.65116 1.00000 0.15775 0.15891
169.00000 71.00000 0.47626 0.83207 1.00000 0.62699 0.65458 0.63827 0.52300 0.50794 0.49749 0.45175 0.86297 0.59991 0.35897 0.63961 0.45163 0.99267 0.49381 0.35560 0.00000 0.62887 0.86469 1.00000 0.47931 0.48478
169.00000 72.00000 0.00001 0.00000 1.00000 1.00000 0.97815 0.91229 0.88476 1.00000 0.99749 0.95829 0.99838 0.87229 0.94872 0.88474 0.95794 0.99284 0.68228 0.07237 1.00000 0.91753 1.00000 1.00000 0.97141 0.97188
169.00000 73.00000 0.99995 0.99762 1.00000 0.00000 0.12071 0.29142 0.21208 0.00000 0.00125 0.00223 0.62715 0.26744 0.23077 0.45455 0.00261 0.99303 0.54474 0.40933 0.00000 0.28866 0.62791 1.00000 0.01884 0.01134
169.00000 74.00000 0.23824 0.29846 1.00000 0.59794 0.63136 0.67812 0.65856 0.61718 0.61418 0.59226 0.85232 0.64483 0.84615 0.71429 0.59282 0.99275 0.67944 0.16014 1.00000 0.68041 0.85412 1.00000 0.62092 0.62861
169.00000 75.00000 0.83319 0.99762 1.00000 0.06027 0.18506 0.29320 0.23550 0.14659 0.14429 0.13167 0.65015 0.29568 0.23077 0.45698 0.13270 0.99289 0.51877 0.37508 0.00000 0.30928 0.65116 1.00000 0.15506 0.15968
169.00000 76.00000 0.99991 0.99762 1.00000 0.00000 0.12649 0.27592 0.22111 0.00000 0.00125 0.00283 0.62711 0.27076 0.23077 0.47646 0.00391 0.99317 0.54498 0.40573 0.00000 0.26804 0.62791 1.00000 0.01043 0.01725
169.00000 77.00000 0.00001 0.00000 1.00000 1.00000 0.98192 0.90576 0.90986 1.00000 0.99749 0.95311 0.99711 0.87007 0.94872 0.90584 0.95413 0.99132 0.65083 0.09894 1.00000 0.90722 1.00000 1.00000 0.96132 0.96799
169.00000 78.00000 0.99999 0.99905 1.00000 0.00000 0.12759 0.27500 0.19356 0.00000 0.00188 0.00368 0.62707 0.27024 0.23077 0.44643 0.00457 0.99328 0.54659 0.41884 0.00000 0.27835 0.62791 1.00000 0.01581 0.01849
169.00000 79.00000 0.83326 0.99762 1.00000 0.06027 0.17973 0.30829 0.23766 0.14659 0.14429 0.13080 0.64998 0.28779 0.23077 0.44562 0.13028 0.99286 0.49653 0.38698 0.00000 0.29897 0.65116 1.00000 0.15372 0.16203
169.00000 80.00000 0.99988 0.99952 1.00000 0.00000 0.12447 0.26252 0.19892 0.00000 0.00125 0.00561 0.62709 0.26547 0.23077 0.45698 0.00491 0.99325 0.54067 0.39898 0.00000 0.26804 0.62791 1.00000 0.02186 0.01519
169.00000 81.00000 0.99978 0.99929 1.00000 0.00000 0.12778 0.28318 0.21376 0.00000 0.00125 0.00421 0.62715 0.26390 0.20513 0.45130 0.00403 0.99330 0.54654 0.40587 0.00000 0.26804 0.62791 1.00000 0.01850 0.01452
169.00000 82.00000 0.59511 0.73705 0.00000 0.23809 0.00624 0.00748 0.03485 0.29318 0.20891 0.08775 0.00116 0.00527 0.00000 0.02922 0.08686 0.00141 0.04706 0.93579 0.00000 0.03093 0.00000 0.00000 0.12984 0.14278
169.00000 83.00000 0.47625 0.83314 1.00000 0.62699 0.65045 0.63308 0.51694 0.50794 0.49812 0.45267 0.86308 0.60003 0.35897 0.65909 0.45291 0.99286 0.50155 0.35311 0.00000 0.61856 0.86469 1.00000 0.47965 0.47730
169.00000 84.00000 0.59515 0.73634 0.00000 0.23809 0.01258 0.02282 0.05200 0.29318 0.20891 0.08936 0.00116 0.01498 0.02564 0.02760 0.08769 0.00165 0.06310 0.92912 0.00000 0.03093 0.00000 0.00000 0.13757 0.14313
169.00000 85.00000 0.00002 0.00000 1.00000 1.00000 0.97613 0.90136 0.88399 1.00000 0.99749 0.95909 0.99854 0.87214 0.94872 0.88718 0.95865 0.99292 0.67908 0.07784 1.00000 0.91753 1.00000 1.00000 0.96502 0.97514
169.00000 86.00000 0.99995 0.99964 1.00000 0.00000 0.12172 0.29563 0.23252 0.00000 0.00125 0.00292 0.62707 0.26964 0.23077 0.45779 0.00215 0.99308 0.54909 0.42541 0.00000 0.26804 0.62791 1.00000 0.01413 0.02058
169.00000 87.00000 0.47611 0.83266 1.00000 0.62699 0.65715 0.63203 0.50325 0.50794 0.49749 0.45081 0.86297 0.59639 0.35897 0.63312 0.45212 0.99278 0.50076 0.34913 0.00000 0.62887 0.86469 1.00000 0.48301 0.48302
169.00000 88.00000 0.83328 0.99762 1.00000 0.06027 0.18120 0.32279 0.22652 0.14659 0.14429 0.13294 0.65007 0.29673 0.23077 0.45698 0.13153 0.99306 0.51966 0.38732 0.00000 0.30928 0.65116 1.00000 0.15304 0.15809
169.00000 89.00000 0.59520 0.73800 0.00000 0.23809 0.00927 0.03602 0.04895 0.29318 0.20891 0.09051 0.00112 0.02000 0.02564 0.03409 0.08805 0.00171 0.06697 0.93849 0.00000 0.05155 0.00000 0.00000 0.14060 0.14380
169.00000 90.00000 0.23820 0.29691 1.00000 0.59794 0.63163 0.70251 0.64427 0.61718 0.61418 0.59288 0.85236 0.63868 0.84615 0.74026 0.59394 0.99284 0.66985 0.15357 1.00000 0.67010 0.85412 1.00000 0.61554 0.61929
169.00000 91.00000 0.59510 0.73634 0.00000 0.23809 0.00753 0.03597 0.01869 0.29318 0.20891 0.08761 0.00122 0.01928 0.02564 0.02597 0.08612 0.00179 0.05240 0.92908 0.00000 0.04124 0.00000 0.00000 0.14262 0.13843
169.00000 92.00000 0.59520 0.73634 0.00000 0.23809 0.01046 0.03767 0.03281 0.29318 0.20891 0.08994 0.00116 0.01084 0.02564 0.02597 0.08720 0.00163 0.05372 0.93458 0.00000 0.04124 0.00000 0.00000 0.13858 0.14228
169.00000 93.00000 0.99981 0.99762 1.00000 0.00000 0.12833 0.26530 0.22522 0.00000 0.00125 0.00285 0.62700 0.26482 0.23077 0.45779 0.00379 0.99322 0.55844 0.40514 0.00000 0.27835 0.62791 1.00000 0.01715 0.01413
169.00000 94.00000 0.59518 0.73634 0.00000 0.23809 0.00808 0.02857 0.02942 0.29318 0.20891 0.08858 0.00110 0.01352 0.02564 0.02516 0.08737 0.00157 0.04939 0.92199 0.00000 0.03093 0.00000 0.00000 0.14094 0.14030
169.00000 95.00000 0.23806 0.29691 1.00000 0.59794 0.63475 0.67723 0.65272 0.61718 0.61418 0.59157 0.85238 0.64859 0.84615 0.73133 0.59341 0.99281 0.67377 0.15108 1.00000 0.69072 0.85412 1.00000 0.61789 0.62397
169.00000 96.00000 0.00005 0.00000 1.00000 1.00000 0.97439 0.91016 0.90047 1.00000 0.99812 0.95905 0.99848 0.88019 0.94872 0.90990 0.96007 0.99311 0.69394 0.06884 1.00000 0.89691 1.00000 1.00000 0.96367 0.96493
169.00000 97.00000 0.83319 0.99762 1.00000 0.06027 0.18056 0.28477 0.20790 0.14659 0.14429 0.13156 0.65019 0.29217 0.23077 0.44562 0.13153 0.99292 0.51083 0.38691 0.00000 0.28866 0.65116 1.00000 0.15775 0.15783
169.00000 98.00000 0.99996 0.99762 1.00000 0.00000 0.12190 0.27732 0.20567 0.00000 0.00125 0.00421 0.62711 0.27057 0.23077 0.45292 0.00418 0.99308 0.55448 0.40933 0.00000 0.26804 0.62791 1.00000 0.01278 0.01209
169.00000 99.00000 0.00002 0.00000 1.00000 1.00000 0.97613 0.89547 0.88387 1.00000 0.99812 0.96050 0.99852 0.88063 0.94872 0.88636 0.95936 0.99308 0.69192 0.07857 1.00000 0.91753 1.00000 1.00000 0.96973 0.97406
169.00000 100.00000 0.83324 0.99762 1.00000 0.06027 0.18423 0.30543 0.24398 0.14659 0.14429 0.13294 0.65013 0.29237 0.23077 0.43994 0.13031 0.99278 0.51915 0.38110 0.00000 0.30928 0.65116 1.00000 0.16347 0.15678
169.00000 101.00000 0.83331 0.99976 1.00000 0.06027 0.17643 0.30835 0.22784 0.14659 0.14429 0.13252 0.65017 0.29021 0.23077 0.42857 0.13060 0.99281 0.51737 0.38348 0.00000 0.30928 0.65116 1.00000 0.15304 0.15275
169.00000 102.00000 0.99985 0.99762 1.00000 0.00000 0.12282 0.28761 0.21126 0.00000 0.00125 0.00412 0.62713 0.26669 0.23077 0.44075 0.00386 0.99317 0.54681 0.40694 0.00000 0.26804 0.62791 1.00000 0.00807 0.02137
169.00000 103.00000 0.47608 0.83135 1.00000 0.62699 0.65596 0.63349 0.52285 0.50794 0.49749 0.45325 0.86310 0.60220 0.35897 0.63961 0.45379 0.99292 0.50446 0.34363 0.00000 0.62887 0.86469 1.00000 0.48503 0.48362
169.00000 104.00000 0.83324 0.99905 1.00000 0.06027 0.18542 0.30802 0.21537 0.14659 0.14429 0.13130 0.65015 0.29010 0.23077 0.44399 0.12987 0.99306 0.52839 0.38542 0.00000 0.31959 0.65116 1.00000 0.15473 0.16049
169.00000 105.00000 0.59510 0.73634 0.00000 0.23809 0.00799 0.03051 0.03792 0.29318 0.20891 0.08860 0.00116 0.01157 0.02564 0.03247 0.08815 0.00179 0.04042 0.93171 0.00000 0.04124 0.00000 0.00000 0.13858 0.13220
169.00000 106.00000 0.23817 0.29691 1.00000 0.59794 0.62668 0.66749 0.65555 0.61718 0.61418 0.59341 0.85232 0.64527 0.82051 0.72727 0.59294 0.99281 0.66793 0.14340 1.00000 0.68041 0.85412 1.00000 0.62059 0.62018
169.00000 107.00000 0.00004 0.00131 1.00000 1.00000 0.97274 0.91724 0.89569 1.00000 0.99812 0.96022 0.99854 0.87569 0.94872 0.90422 0.96075 0.99306 0.70844 0.06639 1.00000 0.91753 1.00000 1.00000 0.96905 0.97092
169.00000 108.00000 0.99995 0.99976 1.00000 0.00000 0.12108 0.28407 0.20845 0.00000 0.00125 0.00557 0.62717 0.27321 0.23077 0.46104 0.00445 0.99325 0.54810 0.39999 0.00000 0.26804 0.62791 1.00000 0.01312 0.00974
169.00000 109.00000 0.47625 0.83135 1.00000 0.62699 0.65550 0.62352 0.53340 0.50794 0.49749 0.45350 0.86306 0.59875 0.35897 0.64286 0.45386 0.99270 0.50355 0.35024 0.00000 0.61856 0.86469 1.00000 0.48369 0.48251
169.00000 110.00000 0.59511 0.73717 0.00000 0.23809 0.00716 0.04388 0.03584 0.29318 0.20891 0.08826 0.00122 0.01399 0.02564 0.01948 0.08823 0.00149 0.05288 0.93340 0.00000 0.02062 0.00000 0.00000 0.13320 0.14009
169.00000 111.00000 0.23805 0.29691 1.00000 0.59794 0.62842 0.68369 0.66418 0.61718 0.61418 0.59175 0.85244 0.65276 0.84615 0.71834 0.59170 0.99289 0.67882 0.15180 1.00000 0.67010 0.85412 1.00000 0.61991 0.62776
169.00000 112.00000 0.83325 0.99762 1.00000 0.06027 0.17597 0.31021 0.23122 0.14659 0.14429 0.13204 0.65034 0.29957 0.23077 0.44724 0.13229 0.99289 0.51374 0.39134 0.00000 0.30928 0.65116 1.00000 0.15708 0.16361
169.00000 113.00000 0.59515 0.73634 0.00000 0.23809 0.01313 0.02792 0.03648 0.29318 0.20891 0.09028 0.00116 0.02357 0.02564 0.02516 0.08876 0.00171 0.05999 0.92912 0.00000 0.03093 0.00000 0.00000 0.13993 0.14170
169.00000 114.00000 0.23805 0.29691 1.00000 0.59794 0.63347 0.67883 0.66442 0.61718 0.61418 0.59309 0.85255 0.65064 0.84615 0.72971 0.59372 0.99281 0.67074 0.14108 1.00000 0.68041 0.85412 1.00000 0.62328 0.62265
169.00000 115.00000 0.83323 0.99929 1.00000 0.06027 0.17725 0.30432 0.22512 0.14659 0.14429 0.13197 0.65024 0.30002 0.23077 0.44724 0.13202 0.99286 0.51153 0.38746 0.00000 0.28866 0.65116 1.00000 0.15876 0.16050
169.00000 116.00000 0.83316 0.99964 1.00000 0.06027 0.17872 0.28685 0.23204 0.14659 0.14429 0.13335 0.65022 0.29475 0.23077 0.44075 0.13146 0.99292 0.51276 0.38418 0.00000 0.31959 0.65116 1.00000 0.16078 0.15569
169.00000 117.00000 0.83335 0.99905 1.00000 0.06027 0.18570 0.32857 0.20245 0.14659 0.14429 0.13227 0.65026 0.29405 0.23077 0.44724 0.13141 0.99303 0.52358 0.39943 0.00000 0.29897 0.65116 1.00000 0.15742 0.15607
169.00000 118.00000 0.59524 0.73741 0.00000 0.23809 0.01046 0.03926 0.03504 0.29318 0.20891 0.08932 0.00110 0.01500 0.02564 0.01867 0.08610 0.00165 0.06088 0.92860 0.00000 0.02062 0.00000 0.00000 0.13724 0.13617
169.00000 119.00000 0.23801 0.29691 1.00000 0.59794 0.63117 0.67299 0.66459 0.61718 0.61418 0.59097 0.85253 0.64407 0.84615 0.72646 0.59240 0.99286 0.67658 0.16633 1.00000 0.67010 0.85412 1.00000 0.62429 0.62422
169.00000 120.00000 0.59510 0.73634 0.00000 0.23809 0.01046 0.05636 0.02109 0.29318 0.20891 0.08741 0.00124 0.01505 0.02564 0.02354 0.08759 0.00193 0.04588 0.92943 0.00000 0.05155 0.00000 0.00000 0.14531 0.14075
169.00000 121.00000 0.59523 0.73634 0.00000 0.23809 0.00771 0.02581 0.02993 0.29318 0.20891 0.08996 0.00110 0.01599 0.02564 0.03490 0.08722 0.00176 0.05293 0.91957 0.00000 0.04124 0.00000 0.00000 0.14060 0.14274
169.00000 122.00000 0.00001 0.00000 1.00000 1.00000 0.97485 0.92866 0.89398 1.00000 0.99812 0.96063 0.99861 0.88053 0.94872 0.89367 0.96148 0.99308 0.69310 0.07324 1.00000 0.90722 1.00000 1.00000 0.96939 0.97107
169.00000 123.00000 0.59527 0.73634 0.00000 0.23809 0.01248 0.02330 0.05344 0.29318 0.20891 0.08936 0.00127 0.01508 0.02564 0.03571 0.08705 0.00176 0.04766 0.91808 0.00000 0.04124 0.00000 0.00000 0.14127 0.15040
169.00000 124.00000 0.99994 0.99762 1.00000 0.00000 0.12713 0.26428 0.21657 0.00000 0.00125 0.00518 0.62711 0.26750 0.23077 0.44399 0.00359 0.99325 0.55282 0.41362 0.00000 0.27835 0.62791 1.00000 0.01816 0.01183
169.00000 125.00000 0.23819 0.29881 1.00000 0.59794 0.62796 0.69265 0.65572 0.61718 0.61418 0.59389 0.85249 0.65154 0.84615 0.72971 0.59358 0.99297 0.68824 0.15021 1.00000 0.67010 0.85412 1.00000 0.61924 0.62417
169.00000 126.00000 0.99993 0.99857 1.00000 0.00000 0.12300 0.27735 0.22359 0.00000 0.00125 0.00534 0.62717 0.26903 0.23077 0.46347 0.00486 0.99314 0.54892 0.41379 0.00000 0.26804 0.62791 1.00000 0.01177 0.01165
169.00000 127.00000 0.83321 0.99762 1.00000 0.06027 0.17698 0.32309 0.21938 0.14659 0.14429 0.13216 0.65017 0.29294 0.23077 0.44562 0.13219 0.99300 0.51992 0.37646 0.00000 0.30928 0.65116 1.00000 0.15977 0.15933
169.00000 128.00000 0.47628 0.83171 1.00000 0.62699 0.65954 0.64804 0.51918 0.50794 0.49749 0.45445 0.86295 0.60622 0.35897 0.65747 0.45432 0.99286 0.50357 0.33021 0.00000 0.63918 0.86469 1.00000 0.47931 0.48285
169.00000 129.00000 0.23823 0.29751 1.00000 0.59794 0.63264 0.69695 0.65952 0.61718 0.61418 0.59502 0.85255 0.64902 0.84615 0.72971 0.59346 0.99306 0.67865 0.15997 1.00000 0.68041 0.85412 1.00000 0.62294 0.62264
169.00000 130.00000 0.83335 0.99762 1.00000 0.06027 0.18019 0.31834 0.21081 0.14659 0.14429 0.13227 0.65030 0.29646 0.23077 0.44968 0.13346 0.99306 0.52750 0.38916 0.00000 0.29897 0.65116 1.00000 0.16381 0.15667
169.00000 131.00000 0.47610 0.83373 1.00000 0.62699 0.64999 0.63673 0.51678 0.50794 0.49749 0.45516 0.86301 0.61062 0.35897 0.64123 0.45310 0.99292 0.51752 0.34830 0.00000 0.62887 0.86469 1.00000 0.48167 0.48094
169.00000 132.00000 0.47622 0.83183 1.00000 0.62699 0.65027 0.63503 0.51872 0.50794 0.49812 0.45548 0.86331 0.60166 0.35897 0.63149 0.45613 0.99289 0.52257 0.33446 0.00000 0.62887 0.86469 1.00000 0.48100 0.48637
169.00000 133.00000 0.23818 0.29691 1.00000 0.59794 0.63512 0.70475 0.64732 0.61718 0.61418 0.59521 0.85261 0.65301 0.84615 0.73458 0.59387 0.99314 0.67350 0.16211 1.00000 0.68041 0.85412 1.00000 0.62025 0.62028
169.00000 134.00000 0.47613 0.83135 1.00000 0.62699 0.65385 0.65280 0.52225 0.50794 0.49812 0.45504 0.86320 0.60324 0.35897 0.64854 0.45562 0.99295 0.51432 0.34830 0.00000 0.60825 0.86469 1.00000 0.48301 0.47924
169.00000 135.00000 0.99987 0.99762 1.00000 0.00000 0.12622 0.25912 0.21787 0.00000 0.00125 0.00364 0.62722 0.26853 0.23077 0.46753 0.00513 0.99314 0.56655 0.39525 0.00000 0.28866 0.62791 1.00000 0.01850 0.01235
169.00000 136.00000 0.99988 0.99762 1.00000 0.00000 0.12943 0.27305 0.21655 0.00000 0.00125 0.00442 0.62722 0.27897 0.23077 0.46834 0.00445 0.99319 0.56705 0.39597 0.00000 0.27835 0.62791 1.00000 0.01783 0.00981
169.00000 137.00000 0.23814 0.29691 1.00000 0.59794 0.62842 0.67494 0.66576 0.61718 0.61418 0.59359 0.85253 0.65610 0.84615 0.73701 0.59512 0.99300 0.67499 0.14481 1.00000 0.69072 0.85412 1.00000 0.62260 0.61972
169.00000 138.00000 0.47624 0.83361 1.00000 0.62699 0.65660 0.64051 0.51041 0.50794 0.49749 0.45316 0.86323 0.59854 0.35897 0.64692 0.45401 0.99300 0.50807 0.35446 0.00000 0.65979 0.86469 1.00000 0.48705 0.48306
169.00000 139.00000 0.83326 0.99762 1.00000 0.06027 0.18304 0.31099 0.24520 0.14659 0.14429 0.13266 0.65032 0.29198 0.23077 0.44075 0.13156 0.99322 0.52468 0.39189 0.00000 0.30928 0.65116 1.00000 0.16179 0.15933
169.00000 140.00000 0.99984 0.99762 1.00000 0.00000 0.12264 0.26274 0.22294 0.00000 0.00125 0.00479 0.62726 0.27794 0.23077 0.45779 0.00313 0.99322 0.54972 0.39601 0.00000 0.28866 0.62791 1.00000 0.01783 0.01579
169.00000 141.00000 0.83316 0.99822 1.00000 0.06027 0.17918 0.34183 0.22130 0.14659 0.14429 0.13443 0.65041 0.30049 0.23077 0.46429 0.13346 0.99308 0.52863 0.37646 0.00000 0.32990 0.65116 1.00000 0.16011 0.16008
169.00000 142.00000 0.99978 0.99798 1.00000 0.00000 0.12787 0.27462 0.22085 0.00000 0.00125 0.00520 0.62722 0.27402 0.23077 0.46185 0.00533 0.99328 0.58374 0.40573 0.00000 0.26804 0.62791 1.00000 0.01211 0.02632
169.00000 143.00000 0.47612 0.83147 1.00000 0.62699 0.65201 0.63708 0.52622 0.50794 0.49749 0.45612 0.86325 0.60322 0.35897 0.64367 0.45325 0.99292 0.50982 0.35640 0.00000 0.63918 0.86469 1.00000 0.48503 0.48827
169.00000 144.00000 0.00005 0.00083 1.00000 1.00000 0.97567 0.91067 0.89350 1.00000 0.99812 0.96333 0.99854 0.88279 0.94872 0.90909 0.96400 0.99317 0.70536 0.07815 1.00000 0.91753 1.00000 1.00000 0.97275 0.97540
169.00000 145.00000 0.83332 0.99988 1.00000 0.06027 0.17725 0.31799 0.20992 0.14659 0.14429 0.13321 0.65032 0.29760 0.23077 0.44724 0.13402 0.99330 0.54339 0.38639 0.00000 0.32990 0.65116 1.00000 0.16280 0.16010
169.00000 146.00000 0.47610 0.83135 1.00000 0.62699 0.65109 0.61929 0.51805 0.50794 0.49749 0.45421 0.86316 0.60966 0.35897 0.64935 0.45457 0.99300 0.52074 0.33772 0.00000 0.63918 0.86469 1.00000 0.48167 0.47726
169.00000 147.00000 0.83325 0.99798 1.00000 0.06027 0.18294 0.30767 0.24506 0.14659 0.14429 0.13133 0.65041 0.29728 0.23077 0.45130 0.13297 0.99300 0.53286 0.39383 0.00000 0.31959 0.65116 1.00000 0.16313 0.15534
169.00000 148.00000 0.00002 0.00048 1.00000 1.00000 0.97604 0.93854 0.89101 1.00000 0.99812 0.96337 0.99867 0.88269 0.94872 0.90422 0.96427 0.99308 0.70565 0.06189 1.00000 0.91753 1.00000 1.00000 0.97006 0.97798
169.00000 149.00000 0.47616 0.83135 1.00000 0.62699 0.65706 0.63560 0.52257 0.50794 0.49749 0.45433 0.86333 0.60841 0.38462 0.65747 0.45545 0.99289 0.51059 0.35207 0.00000 0.64948 0.86469 1.00000 0.48133 0.48325
169.00000 150.00000 0.83314 0.99762 1.00000 0.06027 0.18148 0.32763 0.24441 0.14659 0.14429 0.13268 0.65032 0.30163 0.23077 0.46104 0.13468 0.99333 0.52766 0.38390 0.00000 0.30928 0.65116 1.00000 0.16011 0.16604
169.00000 151.00000 0.99988 0.99762 1.00000 0.00000 0.12282 0.28936 0.21520 0.00000 0.00125 0.00347 0.62732 0.27416 0.23077 0.46023 0.00501 0.99344 0.58251 0.39843 0.00000 0.28866 0.62791 1.00000 0.02153 0.01626
169.00000 152.00000 0.23814 0.29691 1.00000 0.59794 0.63108 0.66851 0.67993 0.61718 0.61418 0.59642 0.85268 0.65229 0.84615 0.72484 0.59639 0.99311 0.69680 0.14001 1.00000 0.67010 0.85412 1.00000 0.62227 0.62460
169.00000 153.00000 0.83319 0.99917 1.00000 0.06027 0.17780 0.30070 0.22923 0.14659 0.14429 0.13556 0.65045 0.30642 0.23077 0.47159 0.13429 0.99319 0.54361 0.38286 0.00000 0.31959 0.65116 1.00000 0.15742 0.16442
169.00000 154.00000 0.00007 0.00071 1.00000 1.00000 0.98302 0.94443 0.88594 1.00000 0.99812 0.96512 0.99865 0.88969 0.94872 0.89448 0.96742 0.99333 0.70919 0.05296 1.00000 0.91753 1.00000 1.00000 0.97141 0.97713
169.00000 155.00000 0.99981 0.99762 1.00000 0.00000 0.12603 0.29541 0.21835 0.00000 0.00125 0.00598 0.62743 0.28014 0.23077 0.47159 0.00469 0.99339 0.57369 0.39611 0.00000 0.27835 0.62791 1.00000 0.01682 0.01864
169.00000 156.00000 0.99983 0.99762 1.00000 0.00000 0.12842 0.27354 0.22632 0.00000 0.00125 0.00649 0.62734 0.27854 0.23077 0.48214 0.00579 0.99339 0.57145 0.38442 0.00000 0.27835 0.62791 1.00000 0.02085 0.01477
169.00000 157.00000 0.47615 0.83230 1.00000 0.62699 0.65155 0.62161 0.54058 0.50794 0.49749 0.45626 0.86329 0.60869 0.35897 0.64854 0.45550 0.99303 0.53433 0.33775 0.00000 0.63918 0.86469 1.00000 0.48503 0.48669
169.00000 158.00000 0.83317 0.99762 1.00000 0.06027 0.18138 0.31550 0.21917 0.14659 0.14429 0.13282 0.65036 0.29870 0.23077 0.46104 0.13380 0.99325 0.53512 0.37141 0.00000 0.30928 0.65116 1.00000 0.15540 0.15545
169.00000 159.00000 0.00001 0.00012 1.00000 1.00000 0.97742 0.92323 0.89696 1.00000 0.99749 0.96395 0.99867 0.88843 0.94872 0.91315 0.96447 0.99319 0.71135 0.07002 1.00000 0.90722 1.00000 1.00000 0.97107 0.97578
169.00000 160.00000 0.47605 0.83147 1.00000 0.62699 0.65945 0.64091 0.52891 0.50794 0.49812 0.45656 0.86342 0.60828 0.35897 0.66640 0.45726 0.99322 0.53546 0.33623 0.00000 0.62887 0.86469 1.00000 0.48570 0.48218
169.00000 161.00000 0.99982 0.99846 1.00000 0.00000 0.12622 0.28718 0.22301 0.00000 0.00125 0.00582 0.62747 0.27982 0.23077 0.47403 0.00518 0.99347 0.59552 0.38369 0.00000 0.28866 0.62791 1.00000 0.02052 0.01708
169.00000 162.00000 0.99990 0.99941 1.00000 0.00000 0.12300 0.28040 0.25027 0.00000 0.00125 0.00548 0.62743 0.27339 0.23077 0.47403 0.00545 0.99336 0.58542 0.38148 0.00000 0.28866 0.62791 1.00000 0.02018 0.01808
169.00000 163.00000 0.99994 0.99762 1.00000 0.00000 0.12273 0.28723 0.23283 0.00000 0.00125 0.00508 0.62738 0.28020 0.23077 0.45942 0.00455 0.99361 0.58629 0.38999 0.00000 0.29897 0.62791 1.00000 0.01850 0.02024
169.00000 164.00000 0.47619 0.83325 1.00000 0.62699 0.65752 0.63689 0.53541 0.50794 0.49812 0.45877 0.86337 0.61996 0.38462 0.65584 0.45892 0.99317 0.52512 0.32083 0.00000 0.65979 0.86469 1.00000 0.48301 0.49430
169.00000 165.00000 0.00004 0.00071 1.00000 1.00000 0.97880 0.93789 0.88822 1.00000 0.99749 0.96611 0.99873 0.88634 0.94872 0.91802 0.96715 0.99328 0.72309 0.05746 1.00000 0.92784 1.00000 1.00000 0.97343 0.97761
169.00000 166.00000 0.59514 0.73717 0.00000 0.23809 0.00982 0.04871 0.04429 0.29318 0.20891 0.09097 0.00137 0.01724 0.02564 0.04951 0.08908 0.00201 0.05997 0.91182 0.00000 0.05155 0.00000 0.00000 0.14430 0.14307
169.00000 167.00000 0.99983 0.99822 1.00000 0.00000 0.12668 0.27867 0.22351 0.00000 0.00125 0.00465 0.62751 0.28039 0.23077 0.47971 0.00418 0.99350 0.59189 0.38573 0.00000 0.27835 0.62791 1.00000 0.01514 0.02073
169.00000 168.00000 0.99999 0.99917 1.00000 0.00000 0.12778 0.28491 0.23060 0.00000 0.00125 0.00711 0.62736 0.28187 0.23077 0.47484 0.00780 0.99363 0.57963 0.39466 0.00000 0.29897 0.62791 1.00000 0.01245 0.01160
169.00000 169.00000 0.00006 0.00071 1.00000 1.00000 0.97650 0.92253 0.91087 1.00000 0.99812 0.96758 0.99882 0.88586 0.94872 0.91721 0.96684 0.99341 0.72111 0.06307 1.00000 0.91753 1.00000 1.00000 0.97309 0.97530
169.00000 170.00000 0.00001 0.00202 1.00000 1.00000 0.98182 0.92064 0.89235 1.00000 0.99749 0.96293 0.99869 0.88938 0.94872 0.90260 0.96593 0.99330 0.71354 0.05089 1.00000 0.92784 1.00000 1.00000 0.97309 0.97147
169.00000 171.00000 0.47623 0.83135 1.00000 0.62699 0.65559 0.65420 0.53164 0.50794 0.49749 0.45826 0.86342 0.61137 0.38462 0.66234 0.45684 0.99328 0.54844 0.34024 0.00000 0.63918 0.86469 1.00000 0.48268 0.48500
169.00000 172.00000 0.23814 0.29703 1.00000 0.59794 0.62961 0.69144 0.67340 0.61718 0.61418 0.59868 0.85289 0.66525 0.84615 0.75325 0.59842 0.99330 0.69820 0.12392 1.00000 0.68041 0.85412 1.00000 0.61756 0.62651
169.00000 173.00000 0.00001 0.00178 1.00000 1.00000 0.97558 0.94562 0.90664 1.00000 0.99812 0.96694 0.99880 0.88640 0.94872 0.91477 0.96886 0.99341 0.72749 0.05587 1.00000 0.93814 1.00000 1.00000 0.97511 0.97788
169.00000 174.00000 0.99980 0.99762 1.00000 0.00000 0.12869 0.28434 0.22568 0.00000 0.00125 0.00527 0.62749 0.28208 0.23077 0.47890 0.00645 0.99369 0.59177 0.38950 0.00000 0.29897 0.62791 1.00000 0.01615 0.01517
169.00000 175.00000 0.23804 0.29762 1.00000 0.59794 0.63512 0.68182 0.68541 0.61718 0.61418 0.59902 0.85284 0.66214 0.84615 0.74675 0.60047 0.99344 0.70890 0.13260 1.00000 0.69072 0.85412 1.00000 0.62563 0.62920
169.00000 176.00000 0.47624 0.83361 1.00000 0.62699 0.65678 0.66114 0.53138 0.50794 0.49749 0.45962 0.86346 0.61144 0.38462 0.67451 0.45921 0.99333 0.53223 0.33035 0.00000 0.64948 0.86469 1.00000 0.48671 0.48658
169.00000 177.00000 0.83335 0.99762 1.00000 0.06027 0.18322 0.32431 0.23627 0.14659 0.14429 0.13526 0.65066 0.30902 0.25641 0.46591 0.13520 0.99355 0.55957 0.36466 0.00000 0.30928 0.65116 1.00000 0.15876 0.15937
169.00000 178.00000 0.99980 0.99857 1.00000 0.00000 0.12842 0.29703 0.22219 0.00000 0.00125 0.00833 0.62745 0.28455 0.23077 0.47484 0.00738 0.99355 0.59660 0.36667 0.00000 0.29897 0.62791 1.00000 0.01884 0.01945
169.00000 179.00000 0.99978 0.99869 1.00000 0.00000 0.12658 0.28934 0.23576 0.00000 0.00125 0.00837 0.62747 0.28413 0.23077 0.48133 0.00631 0.99358 0.60048 0.37390 0.00000 0.28866 0.62791 1.00000 0.01547 0.01786
169.00000 180.00000 0.00005 0.00000 1.00000 1.00000 0.98678 0.91081 0.90025 1.00000 0.99749 0.96735 0.99888 0.89267 0.94872 0.91315 0.96850 0.99339 0.72003 0.06995 1.00000 0.92784 1.00000 1.00000 0.97713 0.97465
169.00000 181.00000 0.99989 0.99762 1.00000 0.00000 0.12686 0.28626 0.23245 0.00000 0.00125 0.00748 0.62764 0.28981 0.25641 0.47240 0.00704 0.99375 0.58773 0.39345 0.00000 0.29897 0.62791 1.00000 0.01581 0.01865
169.00000 182.00000 0.47606 0.83302 1.00000 0.62699 0.65743 0.63997 0.53758 0.50794 0.49749 0.46105 0.86358 0.61744 0.38462 0.68101 0.46016 0.99355 0.53207 0.33114 0.00000 0.64948 0.86469 1.00000 0.48066 0.48385
169.00000 183.00000 0.00005 0.00000 1.00000 1.00000 0.98072 0.94391 0.89089 1.00000 0.99749 0.96952 0.99882 0.89201 0.94872 0.92045 0.97114 0.99355 0.73198 0.06262 1.00000 0.93814 1.00000 1.00000 0.97746 0.97727
169.00000 184.00000 0.47627 0.83349 1.00000 0.62699 0.65403 0.65312 0.53460 0.50794 0.49749 0.46158 0.86369 0.61880 0.38462 0.66721 0.46016 0.99363 0.55330 0.31537 0.00000 0.63918 0.86469 1.00000 0.49109 0.48798
169.00000 185.00000 0.99979 0.99786 1.00000 0.00000 0.13062 0.29636 0.22918 0.00000 0.00125 0.00851 0.62747 0.29356 0.25641 0.50325 0.00692 0.99375 0.59855 0.37906 0.00000 0.28866 0.62791 1.00000 0.01413 0.02139
169.00000 186.00000 0.00003 0.00000 1.00000 1.00000 0.98247 0.93741 0.90616 1.00000 0.99749 0.97076 0.99888 0.90476 0.97436 0.93019 0.97255 0.99347 0.72561 0.04861 1.00000 0.93814 1.00000 1.00000 0.97814 0.98034
169.00000 187.00000 0.99988 0.99762 1.00000 0.00000 0.12411 0.29868 0.24206 0.00000 0.00125 0.00936 0.62762 0.29471 0.25641 0.49107 0.00814 0.99369 0.59908 0.37293 0.00000 0.29897 0.62791 1.00000 0.01312 0.02430
169.00000 188.00000 0.99997 0.99893 1.00000 0.00000 0.12622 0.31275 0.23588 0.00000 0.00125 0.00745 0.62770 0.29626 0.25641 0.49756 0.00828 0.99383 0.60779 0.38411 0.00000 0.30928 0.62791 1.00000 0.01783 0.02049
169.00000 189.00000 0.99981 0.99964 1.00000 0.00000 0.12493 0.30702 0.24302 0.00000 0.00125 0.00902 0.62753 0.29161 0.25641 0.48782 0.00665 0.99386 0.62832 0.37484 0.00000 0.29897 0.62791 1.00000 0.01884 0.02038
169.00000 190.00000 0.99994 0.99762 1.00000 0.00000 0.12713 0.31961 0.24078 0.00000 0.00125 0.00881 0.62760 0.28930 0.25641 0.49351 0.00604 0.99380 0.61803 0.36830 0.00000 0.29897 0.62791 1.00000 0.01177 0.01747
169.00000 191.00000 0.59522 0.73634 0.00000 0.23809 0.00890 0.04480 0.03807 0.29318 0.20891 0.09454 0.00177 0.02772 0.02564 0.05601 0.09199 0.00240 0.08568 0.90127 0.00000 0.04124 0.00000 0.00000 0.14396 0.14041
169.00000 192.00000 0.83332 0.99762 1.00000 0.06027 0.18395 0.33783 0.24578 0.14659 0.14429 0.13871 0.65087 0.31615 0.25641 0.48539 0.13881 0.99408 0.58013 0.35820 0.00000 0.31959 0.65116 1.00000 0.15910 0.16845
169.00000 193.00000 0.59524 0.73646 0.00000 0.23809 0.00817 0.05598 0.05342 0.29318 0.20891 0.09408 0.00177 0.03039 0.02564 0.04140 0.09152 0.00242 0.09320 0.90320 0.00000 0.04124 0.00000 0.00000 0.14497 0.14447
169.00000 194.00000 0.23813 0.29691 1.00000 0.59794 0.63585 0.68355 0.68049 0.61718 0.61418 0.60393 0.85329 0.67093 0.84615 0.74188 0.60279 0.99394 0.73780 0.12897 1.00000 0.70103 0.85412 1.00000 0.63169 0.62979
169.00000 195.00000 0.23806 0.29786 1.00000 0.59794 0.63622 0.69884 0.68233 0.61718 0.61418 0.60160 0.85318 0.67468 0.84615 0.75568 0.60333 0.99386 0.72049 0.11513 1.00000 0.69072 0.85412 1.00000 0.62630 0.63129
169.00000 196.00000 0.99977 0.99762 1.00000 0.00000 0.13016 0.30489 0.24155 0.00000 0.00125 0.00644 0.62774 0.29702 0.25641 0.49919 0.00912 0.99405 0.62193 0.35954 0.00000 0.28866 0.62791 1.00000 0.01884 0.01925
169.00000 197.00000 0.23821 0.29798 1.00000 0.59794 0.63145 0.71147 0.67090 0.61718 0.61418 0.60413 0.85325 0.67261 0.84615 0.77841 0.60396 0.99413 0.74555 0.12468 1.00000 0.71134 0.85412 1.00000 0.63034 0.62645
169.00000 198.00000 0.47628 0.83171 1.00000 0.62699 0.65660 0.66076 0.54836 0.50794 0.49749 0.46328 0.86411 0.62903 0.38462 0.69886 0.46376 0.99416 0.56619 0.31589 0.00000 0.63918 0.86469 1.00000 0.48436 0.49180
169.00000 199.00000 0.00002 0.00000 1.00000 1.00000 0.98137 0.95577 0.92641 1.00000 0.99812 0.97837 0.99909 0.91036 0.97436 0.95455 0.97835 0.99366 0.75213 0.03933 1.00000 0.94845 1.00000 1.00000 0.98352 0.98208
169.00000 200.00000 0.83320 0.99881 1.00000 0.06027 0.17909 0.34248 0.26396 0.14659 0.14429 0.13869 0.65116 0.32174 0.25641 0.50244 0.13908 0.99427 0.58809 0.34903 0.00000 0.34021 0.65116 1.00000 0.16044 0.16430
169.00000 201.00000 0.59513 0.73634 0.00000 0.23809 0.01680 0.04574 0.05865 0.29318 0.20891 0.09327 0.00184 0.03187 0.02564 0.04789 0.09343 0.00265 0.10720 0.88044 0.00000 0.07216 0.00000 0.00000 0.14430 0.14825
169.00000 202.00000 0.99976 0.99762 1.00000 0.00000 0.12475 0.31016 0.23764 0.00000 0.00125 0.00911 0.62781 0.30378 0.25641 0.50974 0.01036 0.99405 0.64001 0.36473 0.00000 0.32990 0.62791 1.00000 0.01715 0.01497
169.00000 203.00000 0.47619 0.83135 1.00000 0.62699 0.65623 0.66443 0.54776 0.50794 0.49812 0.46682 0.86418 0.63732 0.41026 0.69318 0.46735 0.99430 0.58804 0.31090 0.00000 0.67010 0.86469 1.00000 0.48974 0.49412
169.00000 204.00000 0.83318 0.99762 1.00000 0.06027 0.18304 0.32433 0.27198 0.14659 0.14366 0.14037 0.65125 0.32175 0.25641 0.47403 0.14016 0.99419 0.60240 0.34692 0.00000 0.35052 0.65116 1.00000 0.16313 0.15832
169.00000 205.00000 0.99982 0.99929 1.00000 0.00000 0.13081 0.30087 0.26403 0.00000 0.00125 0.01084 0.62774 0.30034 0.25641 0.49919 0.00985 0.99402 0.62976 0.35159 0.00000 0.30928 0.62791 1.00000 0.02254 0.01927
169.00000 206.00000 0.00001 0.00000 1.00000 1.00000 0.98669 0.93576 0.91315 1.00000 0.99812 0.97913 0.99926 0.91027 0.97436 0.95049 0.98108 0.99402 0.76538 0.03622 1.00000 0.96907 1.00000 1.00000 0.98755 0.98769
169.00000 207.00000 0.99982 0.99762 1.00000 0.00000 0.13035 0.31507 0.26497 0.00000 0.00125 0.01081 0.62802 0.30802 0.25641 0.50974 0.01092 0.99413 0.65484 0.34252 0.00000 0.30928 0.62791 1.00000 0.01951 0.01555
169.00000 208.00000 0.99994 0.99798 1.00000 0.00000 0.12383 0.31061 0.25531 0.00000 0.00125 0.01022 0.62787 0.30367 0.28205 0.49269 0.00897 0.99438 0.65602 0.35086 0.00000 0.29897 0.62791 1.00000 0.01951 0.01936
169.00000 209.00000 0.99989 0.99762 1.00000 0.00000 0.12805 0.31129 0.26857 0.00000 0.00125 0.01166 0.62791 0.30498 0.28205 0.50731 0.01166 0.99441 0.64561 0.34951 0.00000 0.30928 0.62791 1.00000 0.02455 0.01662
169.00000 210.00000 0.83327 0.99822 1.00000 0.06027 0.18634 0.34350 0.26985 0.14659 0.14429 0.14366 0.65146 0.33031 0.28205 0.48945 0.14140 0.99460 0.62289 0.33100 0.00000 0.34021 0.65116 1.00000 0.15607 0.16662
169.00000 211.00000 0.99979 0.99762 1.00000 0.00000 0.12631 0.32206 0.24672 0.00000 0.00125 0.01226 0.62802 0.31474 0.28205 0.52516 0.01119 0.99441 0.66148 0.33789 0.00000 0.30928 0.62791 1.00000 0.01850 0.02132
169.00000 212.00000 0.99978 0.99786 1.00000 0.00000 0.12943 0.31747 0.25503 0.00000 0.00125 0.01265 0.62804 0.31328 0.28205 0.52516 0.01141 0.99441 0.67386 0.33097 0.00000 0.28866 0.62791 1.00000 0.02153 0.01799
169.00000 213.00000 0.99995 0.99941 1.00000 0.00000 0.13053 0.31302 0.25512 0.00000 0.00125 0.01153 0.62804 0.31736 0.28205 0.52760 0.01048 0.99441 0.67504 0.33640 0.00000 0.30928 0.62791 1.00000 0.01850 0.01435
169.00000 214.00000 0.59528 0.73836 0.00000 0.23809 0.01331 0.08303 0.06701 0.29318 0.20891 0.09560 0.00228 0.04213 0.02564 0.08442 0.09504 0.00295 0.13855 0.88632 0.00000 0.06186 0.00000 0.00000 0.14934 0.14090
169.00000 215.00000 0.83314 0.99762 1.00000 0.06027 0.18607 0.36052 0.27381 0.14659 0.14429 0.14320 0.65152 0.33671 0.28205 0.50731 0.14162 0.99510 0.62435 0.32952 0.00000 0.35052 0.65116 1.00000 0.16650 0.16596
169.00000 216.00000 0.83332 0.99798 1.00000 0.06027 0.19075 0.34418 0.26730 0.14659 0.14429 0.14382 0.65157 0.33382 0.28205 0.49675 0.14270 0.99499 0.62301 0.33422 0.00000 0.36082 0.65116 1.00000 0.17087 0.17022
169.00000 217.00000 1.00000 0.99762 1.00000 0.00000 0.12970 0.33837 0.27681 0.00000 0.00125 0.01226 0.62812 0.31996 0.28205 0.49919 0.01361 0.99465 0.67952 0.33516 0.00000 0.31959 0.62791 1.00000 0.01816 0.02166
169.00000 218.00000 0.83313 0.99964 1.00000 0.06027 0.19010 0.35042 0.26977 0.14659 0.14429 0.14343 0.65167 0.34477 0.28205 0.50649 0.14270 0.99510 0.63301 0.32630 0.00000 0.35052 0.65116 1.00000 0.16919 0.16840
169.00000 219.00000 0.23802 0.29691 1.00000 0.59794 0.63714 0.73102 0.72665 0.61718 0.61418 0.61469 0.85405 0.69415 0.87179 0.80195 0.61372 0.99507 0.77457 0.10897 1.00000 0.71134 0.85412 1.00000 0.63505 0.64083
169.00000 220.00000 0.23820 0.29762 1.00000 0.59794 0.64173 0.74355 0.72028 0.61718 0.61418 0.61490 0.85419 0.69876 0.87179 0.80032 0.61543 0.99523 0.80184 0.10077 1.00000 0.73196 0.85412 1.00000 0.63269 0.63903
169.00000 221.00000 0.83337 0.99762 1.00000 0.06027 0.18212 0.35584 0.29355 0.14659 0.14429 0.14495 0.65188 0.33801 0.28205 0.51136 0.14456 0.99532 0.65008 0.32782 0.00000 0.34021 0.65116 1.00000 0.16683 0.17005
169.00000 222.00000 0.00002 0.00000 1.00000 1.00000 0.98733 0.97040 0.96431 1.00000 0.99812 0.99367 0.99960 0.93157 0.97436 0.96997 0.99289 0.99446 0.83153 0.01751 1.00000 0.95876 1.00000 1.00000 0.99025 0.99063
169.00000 223.00000 0.99987 0.99762 1.00000 0.00000 0.12970 0.33735 0.27587 0.00000 0.00125 0.01307 0.62831 0.32414 0.30769 0.53490 0.01339 0.99471 0.70272 0.31575 0.00000 0.34021 0.62791 1.00000 0.01884 0.02369
169.00000 224.00000 0.59524 0.73741 0.00000 0.23809 0.01606 0.06659 0.05760 0.29318 0.20891 0.09962 0.00232 0.05507 0.02564 0.09091 0.09717 0.00350 0.14021 0.86733 0.00000 0.08247 0.00000 0.00000 0.14598 0.14861
169.00000 225.00000 0.23822 0.29774 1.00000 0.59794 0.63668 0.76156 0.72828 0.61718 0.61481 0.61890 0.85447 0.71694 0.87179 0.81088 0.61694 0.99534 0.81088 0.09071 1.00000 0.73196 0.85412 1.00000 0.63740 0.63706
169.00000 226.00000 0.47624 0.83254 1.00000 0.62699 0.66431 0.69476 0.59649 0.50794 0.49812 0.47711 0.86521 0.66301 0.41026 0.72484 0.47688 0.99581 0.64698 0.28776 1.00000 0.67010 0.86469 1.00000 0.49075 0.50410
169.00000 227.00000 0.00003 0.00000 1.00000 1.00000 0.98926 0.96282 0.97269 1.00000 0.99812 0.99662 0.99975 0.94146 1.00000 0.98945 0.99651 0.99468 0.82947 0.00758 1.00000 0.96907 1.00000 1.00000 0.99495 0.99260
