2.00000 1.00000 0.69767 0.69231 1.00000 1.00000 0.36066 0.46291 0.25881 1.00000 0.81250 0.19205 0.60588 0.14960 0.33333 0.24571 0.19307 0.60714 0.18128 0.45847 1.00000 0.36364 1.00000 1.00000 0.51786 0.45106
2.00000 2.00000 0.68023 0.69231 1.00000 1.00000 0.24824 0.28714 0.30468 1.00000 0.81250 0.21025 0.64706 0.15788 0.33333 0.18857 0.21447 0.66071 0.20920 0.58933 1.00000 0.27273 1.00000 1.00000 0.47024 0.55265
2.00000 3.00000 0.45930 0.84615 1.00000 1.00000 0.23653 0.38383 0.22465 1.00000 0.75000 0.19253 0.62941 0.15432 0.33333 0.33714 0.21294 0.61310 0.16226 0.50990 1.00000 0.36364 1.00000 1.00000 0.45238 0.47305
2.00000 4.00000 0.78488 0.15385 1.00000 1.00000 0.28806 0.29771 0.22496 1.00000 0.81250 0.17481 0.60588 0.15663 0.33333 0.25714 0.17066 0.60714 0.20899 0.53283 1.00000 0.09091 1.00000 1.00000 0.40476 0.46201
2.00000 5.00000 0.51744 0.38462 1.00000 1.00000 0.30913 0.38481 0.29048 1.00000 0.81250 0.20163 0.60588 0.13569 0.33333 0.08571 0.19613 0.60119 0.18714 0.49976 1.00000 0.27273 1.00000 1.00000 0.63095 0.50264
2.00000 6.00000 0.43023 0.61538 1.00000 1.00000 0.31382 0.37483 0.28034 1.00000 0.81250 0.19780 0.64706 0.17738 0.33333 0.20571 0.20785 0.60714 0.18767 0.59971 1.00000 0.36364 1.00000 1.00000 0.57143 0.56972
2.00000 7.00000 0.79651 0.15385 1.00000 1.00000 0.44731 0.29380 0.25320 1.00000 0.81250 0.17577 0.61176 0.10745 0.33333 0.22857 0.19307 0.61905 0.19526 0.58305 1.00000 0.27273 1.00000 1.00000 0.52381 0.47546
2.00000 8.00000 0.52907 0.53846 1.00000 1.00000 0.37237 0.50284 0.30484 1.00000 0.81250 0.20402 0.64118 0.15820 0.33333 0.14286 0.20224 0.60119 0.15471 0.53839 1.00000 0.18182 1.00000 1.00000 0.51190 0.50543
2.00000 9.00000 0.47674 0.76923 1.00000 1.00000 0.30913 0.24995 0.28955 1.00000 0.75000 0.17768 0.63529 0.14387 0.33333 0.37143 0.18136 0.63095 0.14905 0.52656 1.00000 0.36364 1.00000 1.00000 0.45238 0.54578
2.00000 10.00000 0.53488 0.38462 1.00000 1.00000 0.23653 0.44764 0.36583 1.00000 0.81250 0.20642 0.60000 0.17623 0.33333 0.18857 0.21854 0.63095 0.18861 0.59947 1.00000 0.45455 1.00000 1.00000 0.55952 0.51721
2.00000 11.00000 0.39535 0.46154 1.00000 1.00000 0.26464 0.33784 0.11981 1.00000 0.81250 0.16379 0.61765 0.13052 0.33333 0.22857 0.20734 0.63095 0.16294 0.56446 1.00000 0.18182 1.00000 1.00000 0.50000 0.43195
2.00000 12.00000 0.69186 0.76923 1.00000 1.00000 0.27635 0.42474 0.22995 1.00000 0.75000 0.18199 0.63529 0.13306 0.33333 0.25714 0.19613 0.60714 0.16006 0.53090 1.00000 0.27273 1.00000 1.00000 0.51786 0.53521
2.00000 13.00000 0.58721 0.61538 1.00000 1.00000 0.28103 0.44392 0.31061 1.00000 0.81250 0.17577 0.62353 0.17040 0.33333 0.12571 0.18594 0.60714 0.17300 0.54973 1.00000 0.27273 1.00000 1.00000 0.45238 0.42277
2.00000 14.00000 0.60465 0.53846 1.00000 1.00000 0.29508 0.34684 0.19189 1.00000 0.81250 0.20163 0.64706 0.11776 0.33333 0.25714 0.18747 0.61905 0.20768 0.65379 1.00000 0.27273 1.00000 1.00000 0.50000 0.52658
2.00000 15.00000 0.43605 0.46154 1.00000 1.00000 0.18970 0.41789 0.32200 1.00000 0.75000 0.18391 0.62353 0.12469 0.33333 0.20571 0.20173 0.61905 0.17305 0.51207 1.00000 0.27273 1.00000 1.00000 0.60714 0.58438
2.00000 16.00000 0.61047 0.46154 1.00000 1.00000 0.25527 0.25739 0.27956 1.00000 0.81250 0.19013 0.61765 0.12774 0.33333 0.21143 0.19256 0.60714 0.17593 0.57243 1.00000 0.36364 1.00000 1.00000 0.62500 0.49467
2.00000 17.00000 0.62791 0.84615 1.00000 1.00000 0.27869 0.27716 0.32028 1.00000 0.75000 0.19828 0.61765 0.14609 0.33333 0.20000 0.17168 0.61905 0.20328 0.65838 1.00000 0.27273 1.00000 1.00000 0.52976 0.58920
2.00000 18.00000 0.31977 0.76923 1.00000 1.00000 0.24122 0.52359 0.30811 1.00000 0.81250 0.17768 0.65882 0.14900 0.33333 0.22286 0.21600 0.62500 0.18976 0.57798 1.00000 0.27273 1.00000 1.00000 0.57738 0.52955
2.00000 19.00000 0.68605 0.30769 1.00000 1.00000 0.15925 0.23488 0.30936 1.00000 0.81250 0.21648 0.60000 0.12627 0.33333 0.12571 0.20071 0.59524 0.16393 0.48865 1.00000 0.27273 1.00000 1.00000 0.58333 0.46823
2.00000 20.00000 0.77907 0.53846 1.00000 1.00000 0.34426 0.21120 0.28190 1.00000 0.81250 0.18870 0.60588 0.12266 0.33333 0.21714 0.21192 0.62500 0.21067 0.57702 1.00000 0.18182 1.00000 1.00000 0.48214 0.44095
2.00000 21.00000 0.32558 0.30769 1.00000 1.00000 0.29274 0.27912 0.27520 1.00000 0.81250 0.17864 0.62353 0.12197 0.33333 0.29714 0.18339 0.63095 0.19291 0.62265 1.00000 0.27273 1.00000 1.00000 0.55357 0.50366
2.00000 22.00000 0.54070 0.30769 1.00000 1.00000 0.25995 0.17968 0.19579 1.00000 0.75000 0.17385 0.65294 0.13421 0.33333 0.28571 0.19052 0.63095 0.18667 0.53984 1.00000 0.27273 1.00000 1.00000 0.60119 0.54393
2.00000 23.00000 0.28488 0.15385 1.00000 1.00000 0.31148 0.32511 0.28050 1.00000 0.81250 0.19492 0.65294 0.16296 0.33333 0.10857 0.20224 0.62500 0.18840 0.51304 1.00000 0.27273 1.00000 1.00000 0.44643 0.48149
2.00000 24.00000 0.61047 0.23077 1.00000 1.00000 0.29508 0.27775 0.28518 1.00000 0.75000 0.20642 0.65294 0.15085 0.33333 0.17143 0.17371 0.59524 0.20014 0.48044 1.00000 0.18182 1.00000 1.00000 0.55357 0.47361
2.00000 25.00000 0.16279 0.30769 1.00000 1.00000 0.29977 0.33960 0.35133 1.00000 0.81250 0.22318 0.61176 0.15039 0.33333 0.10857 0.20581 0.60714 0.20721 0.54056 1.00000 0.36364 1.00000 1.00000 0.58929 0.53382
2.00000 26.00000 0.31395 0.38462 1.00000 1.00000 0.32553 0.38853 0.26381 1.00000 0.75000 0.18391 0.63529 0.16818 0.33333 0.24000 0.18696 0.60119 0.15848 0.57460 1.00000 0.36364 1.00000 1.00000 0.33333 0.54114
2.00000 27.00000 0.49419 0.53846 1.00000 1.00000 0.16393 0.26561 0.22855 1.00000 0.81250 0.21456 0.61176 0.10699 0.33333 0.13714 0.19868 0.61310 0.19359 0.51762 1.00000 0.18182 1.00000 1.00000 0.54167 0.42722
2.00000 28.00000 0.50581 0.61538 1.00000 1.00000 0.22951 0.39264 0.31950 1.00000 0.81250 0.17960 0.61765 0.19157 0.33333 0.31429 0.18441 0.60119 0.16446 0.59464 1.00000 0.36364 1.00000 1.00000 0.63690 0.50172
2.00000 29.00000 0.33721 0.23077 1.00000 1.00000 0.36534 0.15091 0.26739 1.00000 0.81250 0.19253 0.66471 0.15973 0.33333 0.23429 0.20581 0.62500 0.15744 0.62071 1.00000 0.09091 1.00000 1.00000 0.51190 0.43529
2.00000 30.00000 0.44186 0.69231 1.00000 1.00000 0.28571 0.27970 0.16443 1.00000 0.75000 0.17002 0.60588 0.16426 0.33333 0.19429 0.19613 0.57143 0.16461 0.53694 1.00000 0.36364 1.00000 1.00000 0.41667 0.53382
2.00000 31.00000 0.65698 0.46154 1.00000 1.00000 0.27635 0.44373 0.37207 1.00000 0.81250 0.20450 0.65882 0.16338 0.33333 0.20000 0.22771 0.60714 0.19008 0.58209 1.00000 0.45455 1.00000 1.00000 0.42262 0.50450
2.00000 32.00000 0.52326 0.23077 1.00000 1.00000 0.44262 0.44940 0.31139 1.00000 0.81250 0.16906 0.62941 0.14096 0.33333 0.25143 0.19715 0.64881 0.19165 0.58112 1.00000 0.45455 1.00000 1.00000 0.47024 0.50459
2.00000 33.00000 0.28488 0.76923 1.00000 1.00000 0.31616 0.34860 0.26006 1.00000 0.81250 0.15805 0.63529 0.13421 0.33333 0.27429 0.19969 0.64286 0.18992 0.57943 1.00000 0.09091 1.00000 1.00000 0.61905 0.56007
2.00000 34.00000 0.49419 0.53846 1.00000 1.00000 0.17330 0.24643 0.45133 1.00000 0.81250 0.15900 0.60000 0.15668 0.33333 0.24000 0.16913 0.64286 0.18290 0.59029 1.00000 0.18182 1.00000 1.00000 0.48214 0.59941
2.00000 35.00000 0.41279 0.53846 1.00000 1.00000 0.30211 0.23997 0.28643 1.00000 0.75000 0.13314 0.63529 0.15594 0.33333 0.17714 0.21651 0.60714 0.19306 0.52704 1.00000 0.36364 1.00000 1.00000 0.45833 0.49448
2.00000 36.00000 0.43023 0.38462 1.00000 1.00000 0.26932 0.30691 0.28939 1.00000 0.81250 0.19588 0.61176 0.16384 0.33333 0.16000 0.20581 0.61905 0.20056 0.53718 1.00000 0.36364 1.00000 1.00000 0.51786 0.50023
2.00000 37.00000 0.56977 0.84615 1.00000 1.00000 0.28103 0.43100 0.27317 1.00000 0.75000 0.19397 0.62353 0.16171 0.33333 0.21143 0.17626 0.59524 0.16530 0.59657 1.00000 0.18182 1.00000 1.00000 0.58929 0.45282
2.00000 38.00000 0.65698 0.84615 1.00000 1.00000 0.36066 0.49325 0.34321 1.00000 0.81250 0.19923 0.65294 0.13856 0.33333 0.20571 0.22720 0.62500 0.20469 0.58088 1.00000 0.27273 1.00000 1.00000 0.58333 0.61462
2.00000 39.00000 0.48256 0.61538 1.00000 1.00000 0.20375 0.37072 0.41061 1.00000 0.81250 0.15421 0.62353 0.13519 0.33333 0.26286 0.19256 0.63095 0.17761 0.47393 1.00000 0.27273 1.00000 1.00000 0.58333 0.46563
2.00000 40.00000 0.41860 0.69231 1.00000 1.00000 0.25059 0.38912 0.11388 1.00000 0.75000 0.18630 0.60000 0.14914 0.33333 0.13143 0.19103 0.64881 0.17253 0.59440 1.00000 0.18182 1.00000 1.00000 0.42262 0.45774
2.00000 41.00000 0.56977 0.38462 1.00000 1.00000 0.16159 0.34390 0.23604 1.00000 0.81250 0.21695 0.64118 0.14059 0.33333 0.22286 0.21600 0.64286 0.19584 0.54973 1.00000 0.27273 1.00000 1.00000 0.55952 0.54170
2.00000 42.00000 0.58140 0.61538 1.00000 1.00000 0.23653 0.30143 0.35694 1.00000 0.81250 0.22510 0.62353 0.15076 0.33333 0.24000 0.21498 0.66071 0.17939 0.50724 1.00000 0.36364 1.00000 1.00000 0.57143 0.52417
2.00000 43.00000 0.59884 0.61538 1.00000 1.00000 0.25761 0.26600 0.20671 1.00000 0.75000 0.20019 0.61765 0.11896 0.33333 0.30857 0.17779 0.58929 0.19154 0.56084 1.00000 0.27273 1.00000 1.00000 0.50000 0.54430
2.00000 44.00000 0.45349 0.38462 1.00000 1.00000 0.33489 0.34253 0.20172 1.00000 0.75000 0.18870 0.60000 0.15108 0.33333 0.21714 0.16403 0.59524 0.14156 0.52752 1.00000 0.27273 1.00000 1.00000 0.51786 0.40931
2.00000 45.00000 0.46512 0.30769 1.00000 1.00000 0.33958 0.41084 0.32137 1.00000 0.81250 0.19109 0.63529 0.17013 0.33333 0.16571 0.18594 0.60119 0.20129 0.51980 1.00000 0.27273 1.00000 1.00000 0.57738 0.46507
2.00000 46.00000 0.66860 0.46154 1.00000 1.00000 0.23185 0.42650 0.19563 1.00000 0.75000 0.16667 0.62941 0.15039 0.33333 0.13714 0.16403 0.61905 0.19065 0.52342 1.00000 0.27273 1.00000 1.00000 0.47619 0.47704
2.00000 47.00000 0.24419 0.84615 1.00000 1.00000 0.21780 0.37581 0.35289 1.00000 0.75000 0.21408 0.62353 0.15765 0.33333 0.28571 0.19205 0.61905 0.16912 0.52825 1.00000 0.18182 1.00000 1.00000 0.52381 0.48585
2.00000 48.00000 0.56395 0.61538 1.00000 1.00000 0.35129 0.35017 0.26521 1.00000 0.81250 0.18918 0.64706 0.15312 0.33333 0.21714 0.19154 0.64286 0.20779 0.47513 1.00000 0.00000 1.00000 1.00000 0.57738 0.49040
2.00000 49.00000 0.60465 0.76923 1.00000 1.00000 0.36066 0.32707 0.20640 1.00000 0.81250 0.21264 0.65882 0.15501 0.33333 0.14857 0.20835 0.63095 0.19909 0.49976 1.00000 0.36364 1.00000 1.00000 0.48810 0.41136
2.00000 50.00000 0.59302 0.61538 1.00000 1.00000 0.24356 0.23096 0.33292 1.00000 0.81250 0.21600 0.62353 0.15349 0.33333 0.32000 0.24300 0.58929 0.17567 0.51038 1.00000 0.36364 1.00000 1.00000 0.52381 0.49643
2.00000 51.00000 0.52326 0.53846 1.00000 1.00000 0.22717 0.36915 0.23651 1.00000 0.75000 0.19923 0.60588 0.18381 0.33333 0.22286 0.17881 0.61310 0.18285 0.55891 1.00000 0.18182 1.00000 1.00000 0.51786 0.44568
2.00000 52.00000 0.44186 0.53846 1.00000 1.00000 0.23185 0.43883 0.28175 1.00000 0.81250 0.22605 0.60588 0.16000 0.33333 0.21714 0.18390 0.60714 0.19862 0.55505 1.00000 0.27273 1.00000 1.00000 0.55357 0.49541
2.00000 53.00000 0.56977 0.30769 1.00000 1.00000 0.22482 0.47270 0.30546 1.00000 0.81250 0.21791 0.60588 0.13130 0.33333 0.29143 0.22873 0.63095 0.21302 0.52994 1.00000 0.18182 1.00000 1.00000 0.45238 0.48585
2.00000 54.00000 0.59302 0.84615 1.00000 1.00000 0.28103 0.39107 0.33354 1.00000 0.81250 0.20642 0.63529 0.12229 0.33333 0.28571 0.22618 0.64286 0.18148 0.55770 1.00000 0.27273 1.00000 1.00000 0.60119 0.46229
2.00000 55.00000 0.32558 0.30769 1.00000 1.00000 0.44965 0.43003 0.39423 1.00000 0.81250 0.19205 0.61176 0.14716 0.33333 0.15429 0.20886 0.60119 0.18871 0.55384 1.00000 0.27273 1.00000 1.00000 0.44048 0.57120
2.00000 56.00000 0.54651 0.15385 1.00000 1.00000 0.29274 0.20063 0.23682 1.00000 0.75000 0.19013 0.62353 0.13639 0.33333 0.23429 0.19002 0.58929 0.15518 0.58450 1.00000 0.36364 1.00000 1.00000 0.46429 0.41414
2.00000 57.00000 0.63953 0.38462 1.00000 1.00000 0.19672 0.31591 0.15897 1.00000 0.81250 0.20833 0.63529 0.16231 0.33333 0.29143 0.22007 0.63690 0.17384 0.57991 1.00000 0.18182 1.00000 1.00000 0.49405 0.51331
2.00000 58.00000 0.36628 0.30769 1.00000 1.00000 0.37471 0.34214 0.32075 1.00000 0.75000 0.19875 0.63529 0.12358 0.33333 0.25143 0.20122 0.61905 0.20642 0.56808 1.00000 0.27273 1.00000 1.00000 0.48214 0.53688
2.00000 59.00000 0.43605 0.61538 1.00000 1.00000 0.21311 0.34429 0.24727 1.00000 0.81250 0.22749 0.60588 0.15783 0.33333 0.31429 0.22720 0.62500 0.18730 0.50748 1.00000 0.45455 1.00000 1.00000 0.54167 0.57696
2.00000 60.00000 0.42442 0.69231 1.00000 1.00000 0.24122 0.40556 0.34243 1.00000 0.75000 0.20498 0.61176 0.16236 0.33333 0.24571 0.16556 0.60714 0.18185 0.56060 1.00000 0.27273 1.00000 1.00000 0.52381 0.52018
2.00000 61.00000 0.47674 0.23077 1.00000 1.00000 0.21780 0.31043 0.29173 1.00000 0.75000 0.20881 0.65882 0.15372 0.33333 0.30857 0.25166 0.64286 0.19998 0.53332 1.00000 0.18182 1.00000 1.00000 0.51190 0.51183
2.00000 62.00000 0.34302 0.84615 1.00000 1.00000 0.25293 0.37385 0.25023 1.00000 0.75000 0.21983 0.61765 0.14207 0.33333 0.20000 0.17830 0.63690 0.19243 0.54925 1.00000 0.09091 1.00000 1.00000 0.58333 0.48882
2.00000 63.00000 0.34884 0.38462 1.00000 1.00000 0.23185 0.31024 0.30858 1.00000 0.75000 0.16906 0.64706 0.16629 0.33333 0.18857 0.19460 0.59524 0.19296 0.53428 1.00000 0.18182 1.00000 1.00000 0.43452 0.56434
2.00000 64.00000 0.39535 0.46154 1.00000 1.00000 0.26464 0.18869 0.20109 1.00000 0.75000 0.18439 0.63529 0.14628 0.33333 0.19429 0.19409 0.61310 0.17305 0.50821 1.00000 0.09091 1.00000 1.00000 0.51190 0.51090
2.00000 65.00000 0.61628 0.61538 1.00000 1.00000 0.29274 0.46604 0.28159 1.00000 0.81250 0.19013 0.62353 0.17937 0.33333 0.25143 0.17575 0.60714 0.15660 0.54225 1.00000 0.36364 1.00000 1.00000 0.51190 0.52741
2.00000 66.00000 0.43605 0.46154 1.00000 1.00000 0.27869 0.42513 0.30094 1.00000 0.81250 0.17433 0.63529 0.15649 0.33333 0.13143 0.20835 0.64881 0.18274 0.54442 1.00000 0.27273 1.00000 1.00000 0.47619 0.41664
2.00000 67.00000 0.51163 0.30769 1.00000 1.00000 0.41218 0.53239 0.36256 1.00000 0.81250 0.19013 0.67059 0.13486 0.33333 0.31429 0.22618 0.61310 0.19458 0.54177 1.00000 0.36364 1.00000 1.00000 0.53571 0.59384
2.00000 68.00000 0.48256 0.69231 1.00000 1.00000 0.14520 0.32785 0.30484 1.00000 0.75000 0.17337 0.62941 0.17734 0.33333 0.25714 0.18237 0.61905 0.18934 0.59850 1.00000 0.36364 1.00000 1.00000 0.57738 0.45811
2.00000 69.00000 0.43023 0.61538 1.00000 1.00000 0.21546 0.36445 0.34914 1.00000 0.81250 0.21504 0.62353 0.13195 0.33333 0.34857 0.20326 0.63095 0.19306 0.50169 1.00000 0.18182 1.00000 1.00000 0.61310 0.55636
2.00000 70.00000 0.36628 0.61538 1.00000 1.00000 0.28571 0.27775 0.23635 1.00000 0.75000 0.19971 0.63529 0.13555 0.33333 0.29714 0.17371 0.58333 0.16310 0.62361 1.00000 0.45455 1.00000 1.00000 0.51190 0.46795
2.00000 71.00000 0.55233 0.15385 1.00000 1.00000 0.16862 0.22588 0.20593 1.00000 0.75000 0.22126 0.65294 0.15797 0.33333 0.16571 0.21090 0.60714 0.18583 0.57653 1.00000 0.36364 1.00000 1.00000 0.45833 0.44281
2.00000 72.00000 0.52907 0.53846 1.00000 1.00000 0.17799 0.23586 0.27878 1.00000 0.75000 0.17098 0.61176 0.11693 0.33333 0.25714 0.21243 0.60714 0.16461 0.57050 1.00000 0.27273 1.00000 1.00000 0.58333 0.46730
2.00000 73.00000 0.52326 0.69231 1.00000 1.00000 0.18735 0.30691 0.18206 1.00000 0.75000 0.22605 0.60588 0.17623 0.33333 0.25143 0.19817 0.61310 0.19961 0.52752 1.00000 0.36364 1.00000 1.00000 0.54167 0.51610
2.00000 74.00000 0.59884 0.84615 1.00000 1.00000 0.21546 0.38618 0.19236 1.00000 0.81250 0.19732 0.63529 0.16107 0.33333 0.30286 0.20785 0.57738 0.19998 0.58015 1.00000 0.45455 1.00000 1.00000 0.52381 0.42935
2.00000 75.00000 0.82558 0.61538 1.00000 1.00000 0.25527 0.37776 0.29158 1.00000 0.75000 0.14990 0.60000 0.16597 0.33333 0.12000 0.20275 0.61310 0.19102 0.61637 1.00000 0.18182 1.00000 1.00000 0.48810 0.52213
2.00000 76.00000 0.59302 0.76923 1.00000 1.00000 0.23419 0.39793 0.29548 1.00000 0.75000 0.17337 0.59412 0.12830 0.33333 0.32571 0.15843 0.64286 0.21198 0.56036 1.00000 0.27273 1.00000 1.00000 0.49405 0.50533
2.00000 77.00000 0.40116 0.69231 1.00000 1.00000 0.11710 0.35075 0.32699 1.00000 0.75000 0.16810 0.60588 0.13685 0.33333 0.23429 0.17524 0.60714 0.18746 0.55746 1.00000 0.36364 1.00000 1.00000 0.51786 0.58317
2.00000 78.00000 0.55814 0.61538 1.00000 1.00000 0.20609 0.44020 0.29532 1.00000 0.75000 0.20259 0.64118 0.15418 0.33333 0.14286 0.22517 0.62500 0.19437 0.53959 1.00000 0.27273 1.00000 1.00000 0.50000 0.57491
2.00000 79.00000 0.38953 0.61538 1.00000 1.00000 0.30211 0.35937 0.22574 1.00000 0.81250 0.21312 0.62941 0.15173 0.33333 0.32000 0.19256 0.63095 0.17567 0.53404 1.00000 0.36364 1.00000 1.00000 0.52381 0.56220
2.00000 80.00000 0.43605 0.30769 1.00000 1.00000 0.31850 0.47211 0.35257 1.00000 0.81250 0.20067 0.60588 0.16818 0.33333 0.18857 0.21039 0.63095 0.15408 0.56977 1.00000 0.27273 1.00000 1.00000 0.61905 0.50441
2.00000 81.00000 0.29070 0.53846 1.00000 1.00000 0.35831 0.34938 0.31732 1.00000 0.81250 0.23036 0.62353 0.13833 0.33333 0.33714 0.18543 0.63095 0.19291 0.52825 1.00000 0.18182 1.00000 1.00000 0.51786 0.54448
2.00000 82.00000 0.36628 0.15385 1.00000 1.00000 0.18501 0.36093 0.24415 1.00000 0.75000 0.21121 0.61765 0.13805 0.33333 0.24571 0.20224 0.61310 0.19526 0.48165 1.00000 0.45455 1.00000 1.00000 0.44643 0.44819
2.00000 83.00000 0.47674 0.61538 1.00000 1.00000 0.15222 0.35428 0.18066 1.00000 0.81250 0.20833 0.64118 0.14780 0.33333 0.18286 0.21651 0.62500 0.21203 0.49952 1.00000 0.27273 1.00000 1.00000 0.48810 0.49253
2.00000 84.00000 0.32558 0.23077 1.00000 1.00000 0.25293 0.48992 0.25913 1.00000 0.81250 0.17864 0.60588 0.14780 0.33333 0.16000 0.22160 0.60714 0.18651 0.48334 1.00000 0.27273 1.00000 1.00000 0.60119 0.54578
2.00000 85.00000 0.62791 0.46154 1.00000 1.00000 0.43794 0.42004 0.28159 1.00000 0.75000 0.20211 0.62353 0.13690 0.33333 0.17714 0.17320 0.61310 0.20029 0.54491 1.00000 0.45455 1.00000 1.00000 0.47619 0.44392
2.00000 86.00000 0.50581 0.15385 1.00000 1.00000 0.27635 0.33784 0.42824 1.00000 0.81250 0.22270 0.63529 0.14221 0.33333 0.27429 0.22211 0.62500 0.21334 0.57557 1.00000 0.27273 1.00000 1.00000 0.59524 0.52806
2.00000 87.00000 0.36047 0.76923 1.00000 1.00000 0.31616 0.49070 0.23276 1.00000 0.75000 0.20211 0.64118 0.14415 0.33333 0.32000 0.20173 0.64881 0.19322 0.53380 1.00000 0.36364 1.00000 1.00000 0.51190 0.45366
2.00000 88.00000 0.49419 0.53846 1.00000 1.00000 0.25293 0.41182 0.37161 1.00000 0.81250 0.20642 0.66471 0.13532 0.33333 0.23429 0.23128 0.63095 0.21261 0.46234 1.00000 0.27273 1.00000 1.00000 0.45833 0.45051
2.00000 89.00000 0.40698 0.76923 1.00000 1.00000 0.40047 0.32903 0.29563 1.00000 0.81250 0.23851 0.65882 0.19296 0.33333 0.16000 0.21600 0.60119 0.16970 0.48431 1.00000 0.45455 1.00000 1.00000 0.55952 0.46925
2.00000 90.00000 0.76744 0.46154 1.00000 1.00000 0.23888 0.39890 0.31981 1.00000 0.81250 0.21935 0.63529 0.14910 0.33333 0.22286 0.22618 0.62500 0.21250 0.58329 1.00000 0.36364 1.00000 1.00000 0.52381 0.57028
2.00000 91.00000 0.51744 0.84615 1.00000 1.00000 0.29977 0.29810 0.30874 1.00000 0.81250 0.21552 0.64706 0.14230 0.33333 0.25143 0.18696 0.60714 0.20166 0.47079 1.00000 0.27273 1.00000 1.00000 0.54762 0.46795
2.00000 92.00000 0.47674 0.69231 1.00000 1.00000 0.23419 0.31082 0.18658 1.00000 0.81250 0.25718 0.64706 0.16578 0.33333 0.29143 0.19817 0.62500 0.21433 0.45437 1.00000 0.27273 1.00000 1.00000 0.50000 0.45626
2.00000 93.00000 0.60465 0.23077 1.00000 1.00000 0.25527 0.38246 0.21513 1.00000 0.75000 0.20594 0.61765 0.13694 0.33333 0.25714 0.17371 0.59524 0.18604 0.53815 1.00000 0.27273 1.00000 1.00000 0.47619 0.41516
2.00000 94.00000 0.70930 0.46154 1.00000 1.00000 0.23888 0.50186 0.21248 1.00000 0.75000 0.19588 0.61765 0.18681 0.33333 0.18857 0.18186 0.60714 0.18154 0.50338 1.00000 0.36364 1.00000 1.00000 0.41071 0.50153
2.00000 95.00000 0.54070 0.84615 1.00000 1.00000 0.19204 0.25582 0.20624 1.00000 0.75000 0.20594 0.63529 0.13218 0.33333 0.25143 0.19613 0.61310 0.17368 0.59367 1.00000 0.27273 1.00000 1.00000 0.51190 0.60525
2.00000 96.00000 0.69767 0.76923 1.00000 1.00000 0.28103 0.23703 0.27941 1.00000 0.75000 0.20929 0.63529 0.13958 0.33333 0.29143 0.24096 0.61905 0.19532 0.54394 1.00000 0.45455 1.00000 1.00000 0.51786 0.57454
2.00000 97.00000 0.46512 0.76923 1.00000 1.00000 0.21546 0.44940 0.32777 1.00000 0.81250 0.21983 0.61176 0.14956 0.33333 0.24000 0.21447 0.64881 0.18809 0.58619 1.00000 0.27273 1.00000 1.00000 0.57143 0.60404
2.00000 98.00000 0.33140 0.38462 1.00000 1.00000 0.29977 0.24173 0.32637 1.00000 0.81250 0.22126 0.64118 0.14235 0.33333 0.18857 0.20886 0.64286 0.16629 0.53694 1.00000 0.45455 1.00000 1.00000 0.58333 0.55246
2.00000 99.00000 0.18023 0.46154 1.00000 1.00000 0.28571 0.41300 0.32465 1.00000 0.81250 0.23707 0.67059 0.14350 0.33333 0.32000 0.21803 0.64881 0.21077 0.49227 1.00000 0.27273 1.00000 1.00000 0.50000 0.48864
2.00000 100.00000 0.58721 0.61538 1.00000 1.00000 0.25293 0.39460 0.36443 1.00000 0.81250 0.22510 0.61765 0.17170 0.33333 0.27429 0.22720 0.62500 0.20564 0.60043 1.00000 0.27273 1.00000 1.00000 0.57143 0.53233
2.00000 101.00000 0.69767 0.76923 1.00000 1.00000 0.25059 0.23018 0.27629 1.00000 0.75000 0.22318 0.64118 0.17419 0.33333 0.24571 0.23434 0.60119 0.21538 0.48672 1.00000 0.27273 1.00000 1.00000 0.68452 0.44475
2.00000 102.00000 0.50581 0.38462 1.00000 1.00000 0.33255 0.32276 0.32683 1.00000 0.81250 0.22749 0.64118 0.15450 0.33333 0.26286 0.22007 0.61310 0.22230 0.55118 1.00000 0.27273 1.00000 1.00000 0.50000 0.57464
2.00000 103.00000 0.77907 0.23077 1.00000 1.00000 0.25761 0.37913 0.32917 1.00000 0.81250 0.23707 0.62353 0.17757 0.33333 0.19429 0.23026 0.57738 0.22607 0.58764 1.00000 0.18182 1.00000 1.00000 0.54762 0.55385
2.00000 104.00000 0.32558 0.84615 1.00000 1.00000 0.28806 0.40086 0.21451 1.00000 0.75000 0.19971 0.62353 0.17710 0.33333 0.21714 0.20632 0.62500 0.18735 0.60502 1.00000 0.18182 1.00000 1.00000 0.50595 0.48882
2.00000 105.00000 0.72674 0.69231 1.00000 1.00000 0.36768 0.38579 0.27613 1.00000 0.81250 0.27395 0.60588 0.16832 0.33333 0.26286 0.25013 0.64881 0.22497 0.53139 1.00000 0.36364 1.00000 1.00000 0.57143 0.48381
2.00000 106.00000 0.52907 0.15385 1.00000 1.00000 0.35597 0.21491 0.33011 1.00000 0.81250 0.22749 0.62353 0.13375 0.33333 0.30286 0.22211 0.63690 0.17682 0.57074 1.00000 0.36364 1.00000 1.00000 0.41667 0.46813
2.00000 107.00000 0.63372 0.69231 1.00000 1.00000 0.26932 0.45195 0.29267 1.00000 0.81250 0.24904 0.65882 0.15524 0.33333 0.24571 0.23281 0.61905 0.17389 0.54032 1.00000 0.18182 1.00000 1.00000 0.40476 0.52166
2.00000 108.00000 0.74419 0.46154 1.00000 1.00000 0.25293 0.20532 0.28003 1.00000 0.81250 0.22653 0.64118 0.17715 0.33333 0.26286 0.24962 0.64881 0.20087 0.48479 1.00000 0.36364 1.00000 1.00000 0.57143 0.49958
2.00000 109.00000 0.16279 0.38462 1.00000 1.00000 0.26464 0.29556 0.28471 1.00000 0.75000 0.22989 0.65882 0.15913 0.33333 0.32000 0.24147 0.62500 0.20710 0.52704 1.00000 0.09091 1.00000 1.00000 0.50000 0.51582
2.00000 110.00000 0.52907 0.46154 1.00000 1.00000 0.27869 0.32531 0.34961 1.00000 0.75000 0.25335 0.63529 0.16578 0.33333 0.20000 0.23586 0.60714 0.18143 0.53428 1.00000 0.18182 1.00000 1.00000 0.48810 0.42898
2.00000 111.00000 0.69767 0.61538 1.00000 1.00000 0.23888 0.39949 0.36802 1.00000 0.81250 0.23180 0.67059 0.16601 0.33333 0.18857 0.25369 0.61905 0.18311 0.51569 1.00000 0.18182 1.00000 1.00000 0.43452 0.47528
2.00000 112.00000 0.47674 0.38462 1.00000 1.00000 0.16159 0.36524 0.36568 1.00000 0.75000 0.18439 0.65294 0.16897 0.33333 0.20571 0.22415 0.61905 0.19212 0.50169 1.00000 0.27273 1.00000 1.00000 0.53571 0.56425
2.00000 113.00000 0.56977 0.15385 1.00000 1.00000 0.35129 0.35702 0.35647 1.00000 0.75000 0.21312 0.62353 0.13352 0.33333 0.27429 0.23128 0.64286 0.17782 0.64920 1.00000 0.27273 1.00000 1.00000 0.44643 0.38473
2.00000 114.00000 0.51163 0.61538 1.00000 1.00000 0.29742 0.32824 0.20094 1.00000 0.75000 0.25096 0.65294 0.11730 0.33333 0.28000 0.21192 0.61310 0.16938 0.58595 1.00000 0.27273 1.00000 1.00000 0.54762 0.51127
2.00000 115.00000 0.51744 0.53846 1.00000 1.00000 0.37471 0.28049 0.31482 1.00000 0.75000 0.20019 0.64118 0.13380 0.33333 0.20571 0.20581 0.61310 0.20805 0.55215 1.00000 0.36364 1.00000 1.00000 0.60119 0.49411
2.00000 116.00000 0.48837 0.30769 1.00000 1.00000 0.33724 0.30006 0.32059 1.00000 0.75000 0.18966 0.62353 0.15446 0.33333 0.31429 0.21956 0.64286 0.20459 0.49469 1.00000 0.18182 1.00000 1.00000 0.53571 0.51600
2.00000 117.00000 0.41860 0.53846 1.00000 1.00000 0.27635 0.44314 0.25741 1.00000 0.81250 0.26197 0.66471 0.13985 0.33333 0.28571 0.27101 0.64881 0.20276 0.49372 1.00000 0.45455 1.00000 1.00000 0.48214 0.53177
2.00000 118.00000 0.51163 0.69231 1.00000 1.00000 0.34660 0.45802 0.29844 1.00000 0.75000 0.22031 0.64118 0.11906 0.33333 0.25143 0.24758 0.61310 0.19647 0.60840 1.00000 0.18182 1.00000 1.00000 0.47024 0.44522
2.00000 119.00000 0.41279 0.76923 1.00000 1.00000 0.30211 0.42729 0.33229 1.00000 0.75000 0.19444 0.62941 0.17073 0.33333 0.14857 0.23790 0.64881 0.16283 0.57871 1.00000 0.36364 1.00000 1.00000 0.50595 0.44568
2.00000 120.00000 0.69186 0.76923 1.00000 1.00000 0.17799 0.28831 0.29095 1.00000 0.75000 0.23994 0.64706 0.17521 0.33333 0.24571 0.22466 0.65476 0.20087 0.51400 1.00000 0.36364 1.00000 1.00000 0.57738 0.48427
2.00000 121.00000 0.70930 0.30769 1.00000 1.00000 0.13115 0.27931 0.41654 1.00000 0.75000 0.20163 0.63529 0.15238 0.33333 0.26286 0.22262 0.63095 0.17997 0.48696 1.00000 0.18182 1.00000 1.00000 0.41071 0.44763
2.00000 122.00000 0.50581 0.61538 1.00000 1.00000 0.28103 0.37385 0.38284 1.00000 0.75000 0.23707 0.62941 0.16740 0.33333 0.22286 0.21141 0.64881 0.18761 0.50724 1.00000 0.36364 1.00000 1.00000 0.37500 0.53317
2.00000 123.00000 0.35465 0.69231 1.00000 1.00000 0.28806 0.40849 0.27816 1.00000 0.75000 0.24856 0.65294 0.12211 0.33333 0.23429 0.25013 0.66071 0.20763 0.51666 1.00000 0.27273 1.00000 1.00000 0.54167 0.52519
2.00000 124.00000 0.50000 0.07692 1.00000 1.00000 0.35597 0.43022 0.33214 1.00000 0.81250 0.26006 0.64706 0.16181 0.33333 0.42286 0.26133 0.63095 0.18426 0.54756 1.00000 0.27273 1.00000 1.00000 0.52381 0.55655
2.00000 125.00000 0.72093 0.15385 1.00000 1.00000 0.15457 0.46937 0.36583 1.00000 0.81250 0.27011 0.64706 0.15797 0.33333 0.29143 0.27866 0.64881 0.22335 0.59754 1.00000 0.36364 1.00000 1.00000 0.48810 0.49531
2.00000 126.00000 0.50581 0.23077 1.00000 1.00000 0.30913 0.38618 0.35086 1.00000 0.81250 0.23707 0.64118 0.17355 0.33333 0.27429 0.28833 0.63095 0.20103 0.53670 1.00000 0.27273 1.00000 1.00000 0.53571 0.60024
2.00000 127.00000 0.56395 0.76923 1.00000 1.00000 0.33021 0.35839 0.34571 1.00000 0.81250 0.22318 0.61765 0.19559 0.33333 0.26857 0.22567 0.68452 0.22581 0.51352 1.00000 0.27273 1.00000 1.00000 0.61905 0.49643
2.00000 128.00000 0.42442 0.23077 1.00000 1.00000 0.37705 0.40067 0.31732 1.00000 0.81250 0.26772 0.67059 0.18052 0.33333 0.32571 0.25115 0.65476 0.19767 0.48624 1.00000 0.27273 1.00000 1.00000 0.45833 0.51906
2.00000 129.00000 0.62791 0.23077 1.00000 1.00000 0.32787 0.26718 0.39002 1.00000 0.75000 0.24904 0.64706 0.15968 0.33333 0.37714 0.21752 0.63690 0.20181 0.45413 1.00000 0.27273 1.00000 1.00000 0.43452 0.47416
2.00000 130.00000 0.41279 0.15385 1.00000 1.00000 0.22951 0.33020 0.25991 1.00000 0.81250 0.25958 0.67647 0.16680 0.33333 0.28000 0.25879 0.61310 0.18913 0.51014 1.00000 0.27273 1.00000 1.00000 0.49405 0.55924
2.00000 131.00000 0.70930 0.69231 1.00000 1.00000 0.27400 0.42239 0.31560 1.00000 0.75000 0.22797 0.64706 0.15779 0.33333 0.26286 0.24911 0.65476 0.22397 0.53114 1.00000 0.27273 1.00000 1.00000 0.49405 0.50441
2.00000 132.00000 0.52326 0.30769 1.00000 1.00000 0.30913 0.41593 0.41950 1.00000 0.81250 0.26772 0.61765 0.16971 0.33333 0.30857 0.26184 0.63095 0.20097 0.46137 1.00000 0.18182 1.00000 1.00000 0.58333 0.61230
2.00000 133.00000 0.48837 0.76923 1.00000 1.00000 0.28103 0.40928 0.18799 1.00000 0.75000 0.22462 0.62941 0.16800 0.33333 0.29714 0.25828 0.69048 0.21072 0.48044 1.00000 0.36364 1.00000 1.00000 0.48810 0.52352
2.00000 134.00000 0.62209 0.46154 1.00000 1.00000 0.33489 0.49129 0.29407 1.00000 0.81250 0.24425 0.61765 0.17077 0.33333 0.26857 0.23739 0.66071 0.20543 0.43795 1.00000 0.27273 1.00000 1.00000 0.60714 0.45913
2.00000 135.00000 0.57558 0.61538 1.00000 1.00000 0.38876 0.39049 0.37613 1.00000 0.75000 0.26389 0.66471 0.21556 0.33333 0.34857 0.27815 0.64881 0.20260 0.54394 1.00000 0.27273 1.00000 1.00000 0.58333 0.54513
2.00000 136.00000 0.61047 0.69231 1.00000 1.00000 0.39813 0.33921 0.35055 1.00000 0.81250 0.23515 0.68235 0.16851 0.33333 0.25143 0.26337 0.60714 0.23079 0.50748 1.00000 0.36364 1.00000 1.00000 0.36310 0.54374
2.00000 137.00000 0.41279 0.15385 1.00000 1.00000 0.34192 0.46526 0.34337 1.00000 0.81250 0.32615 0.66471 0.19661 0.33333 0.30857 0.28986 0.67262 0.23257 0.51352 1.00000 0.36364 1.00000 1.00000 0.47619 0.53725
2.00000 138.00000 0.61047 0.53846 1.00000 1.00000 0.25527 0.34253 0.21997 1.00000 0.81250 0.24282 0.65294 0.16587 0.33333 0.20571 0.26133 0.62500 0.22162 0.52704 1.00000 0.36364 1.00000 1.00000 0.60714 0.53771
2.00000 139.00000 0.58140 0.61538 1.00000 1.00000 0.27635 0.49657 0.24087 1.00000 0.75000 0.24377 0.65294 0.17960 0.33333 0.21714 0.29037 0.63690 0.21355 0.45365 1.00000 0.27273 1.00000 1.00000 0.43452 0.56675
2.00000 140.00000 0.50581 0.61538 1.00000 1.00000 0.26698 0.33784 0.37972 1.00000 0.81250 0.26580 0.69412 0.16818 0.33333 0.19429 0.28171 0.66667 0.21659 0.49034 1.00000 0.27273 1.00000 1.00000 0.68452 0.51508
2.00000 141.00000 0.42442 0.53846 1.00000 1.00000 0.36066 0.37659 0.39782 1.00000 0.81250 0.23851 0.65294 0.17914 0.33333 0.25143 0.25166 0.61905 0.19443 0.55553 1.00000 0.27273 1.00000 1.00000 0.55357 0.54773
2.00000 142.00000 0.50581 0.76923 1.00000 1.00000 0.26230 0.33725 0.35367 1.00000 0.75000 0.28017 0.65294 0.18593 0.33333 0.24000 0.29394 0.67857 0.19773 0.53452 1.00000 0.36364 1.00000 1.00000 0.51786 0.55367
2.00000 143.00000 0.52326 0.61538 1.00000 1.00000 0.35597 0.43022 0.43183 1.00000 0.81250 0.32136 0.66471 0.17373 0.33333 0.32571 0.26949 0.69643 0.27553 0.45220 1.00000 0.45455 1.00000 1.00000 0.59524 0.50404
2.00000 144.00000 0.72093 0.23077 1.00000 1.00000 0.23419 0.40125 0.26443 1.00000 0.75000 0.27347 0.67059 0.17382 0.33333 0.32000 0.25217 0.65476 0.20616 0.58040 1.00000 0.36364 1.00000 1.00000 0.51190 0.56712
2.00000 145.00000 0.23256 0.15385 1.00000 1.00000 0.41218 0.27677 0.27317 1.00000 0.75000 0.26437 0.66471 0.19037 0.33333 0.36000 0.24401 0.63690 0.22177 0.55577 1.00000 0.27273 1.00000 1.00000 0.58929 0.59403
2.00000 146.00000 0.83721 0.07692 1.00000 1.00000 0.26932 0.49325 0.41420 1.00000 0.75000 0.29646 0.67647 0.22688 0.33333 0.30286 0.27764 0.66071 0.16943 0.41429 1.00000 0.36364 1.00000 1.00000 0.51190 0.49420
2.00000 147.00000 0.58140 0.84615 1.00000 1.00000 0.24824 0.44588 0.24025 1.00000 0.75000 0.29071 0.64706 0.19143 0.33333 0.28571 0.27611 0.69048 0.21302 0.55843 1.00000 0.36364 1.00000 1.00000 0.52976 0.49207
2.00000 148.00000 0.59302 0.38462 1.00000 1.00000 0.24122 0.23997 0.38534 1.00000 0.75000 0.25766 0.65294 0.15663 0.33333 0.27429 0.25981 0.60714 0.22481 0.47296 1.00000 0.54545 1.00000 1.00000 0.50595 0.53372
2.00000 149.00000 0.49419 0.61538 1.00000 1.00000 0.29977 0.44275 0.34197 1.00000 0.75000 0.30603 0.65882 0.19333 0.33333 0.30286 0.26745 0.65476 0.23828 0.46741 1.00000 0.36364 1.00000 1.00000 0.47024 0.52250
2.00000 150.00000 0.42442 0.69231 1.00000 1.00000 0.30679 0.60540 0.25242 1.00000 0.75000 0.25623 0.64706 0.17355 0.33333 0.26857 0.28426 0.66667 0.22125 0.53863 1.00000 0.45455 1.00000 1.00000 0.45238 0.51378
2.00000 151.00000 0.58721 0.30769 1.00000 1.00000 0.26464 0.52574 0.31264 1.00000 0.75000 0.23851 0.62941 0.18214 0.33333 0.26857 0.25013 0.63095 0.21271 0.52752 1.00000 0.36364 1.00000 1.00000 0.47024 0.63614
2.00000 152.00000 0.58721 0.53846 1.00000 1.00000 0.22951 0.38657 0.36693 1.00000 0.75000 0.26102 0.66471 0.18954 0.33333 0.42286 0.26847 0.63095 0.21779 0.49614 1.00000 0.36364 1.00000 1.00000 0.59524 0.64115
2.00000 153.00000 0.63953 0.23077 1.00000 1.00000 0.34426 0.39479 0.40530 1.00000 0.75000 0.23611 0.61765 0.16449 0.33333 0.33143 0.25420 0.64881 0.20731 0.61830 1.00000 0.36364 1.00000 1.00000 0.54762 0.61249
2.00000 154.00000 0.59884 0.38462 1.00000 1.00000 0.38173 0.30769 0.38924 1.00000 0.75000 0.27921 0.67647 0.17475 0.33333 0.38286 0.29139 0.66071 0.23157 0.52052 1.00000 0.27273 1.00000 1.00000 0.57738 0.46618
2.00000 155.00000 0.58140 0.61538 1.00000 1.00000 0.20375 0.45430 0.43526 1.00000 0.75000 0.31753 0.68235 0.20132 0.33333 0.40000 0.28579 0.65476 0.23194 0.44713 1.00000 0.36364 1.00000 1.00000 0.59524 0.47852
2.00000 156.00000 0.49419 0.30769 1.00000 1.00000 0.23419 0.38148 0.32980 1.00000 0.75000 0.27538 0.67059 0.19240 0.33333 0.37143 0.28273 0.63690 0.24902 0.56422 1.00000 0.45455 1.00000 1.00000 0.55952 0.48010
2.00000 157.00000 0.56395 0.84615 1.00000 1.00000 0.38407 0.38716 0.31342 1.00000 0.81250 0.30651 0.66471 0.20599 0.33333 0.25714 0.27713 0.64881 0.22067 0.45799 1.00000 0.27273 1.00000 1.00000 0.51786 0.58317
2.00000 158.00000 0.44186 0.53846 1.00000 1.00000 0.37705 0.40595 0.27972 1.00000 0.81250 0.28879 0.68824 0.19527 0.33333 0.38857 0.33469 0.63095 0.22025 0.46161 1.00000 0.18182 1.00000 1.00000 0.60714 0.51517
2.00000 159.00000 0.72093 0.84615 1.00000 1.00000 0.25293 0.43414 0.35133 1.00000 0.81250 0.28544 0.70588 0.19212 0.33333 0.38857 0.34284 0.68452 0.21894 0.53308 1.00000 0.18182 1.00000 1.00000 0.53571 0.55014
2.00000 160.00000 0.37209 0.61538 1.00000 1.00000 0.36066 0.47035 0.40421 1.00000 0.75000 0.28352 0.67059 0.22156 0.33333 0.37714 0.28375 0.69643 0.25567 0.49034 1.00000 0.45455 1.00000 1.00000 0.50000 0.49847
2.00000 161.00000 0.48256 0.53846 1.00000 1.00000 0.24590 0.42885 0.30452 1.00000 0.81250 0.31849 0.68824 0.17789 0.33333 0.34286 0.29445 0.63690 0.23671 0.58981 1.00000 0.18182 1.00000 1.00000 0.60119 0.58382
2.00000 162.00000 0.18605 0.15385 1.00000 1.00000 0.46370 0.39029 0.31825 1.00000 0.75000 0.29119 0.62941 0.17618 0.33333 0.34286 0.28069 0.66667 0.22240 0.45437 1.00000 0.27273 1.00000 1.00000 0.43452 0.59477
2.00000 163.00000 0.49419 0.53846 1.00000 1.00000 0.21780 0.42180 0.35367 1.00000 0.81250 0.24713 0.64706 0.18501 0.33333 0.28000 0.28732 0.66071 0.20595 0.37663 1.00000 0.45455 1.00000 1.00000 0.44643 0.52203
2.00000 164.00000 0.40698 0.15385 1.00000 1.00000 0.37002 0.46389 0.28674 1.00000 0.81250 0.32854 0.67059 0.18344 0.33333 0.33714 0.31992 0.65476 0.23204 0.47731 1.00000 0.45455 1.00000 1.00000 0.63095 0.64496
2.00000 165.00000 0.29070 0.61538 1.00000 1.00000 0.23888 0.33294 0.34072 1.00000 0.75000 0.33716 0.68235 0.17840 0.33333 0.28000 0.32094 0.67857 0.26327 0.54080 1.00000 0.36364 1.00000 1.00000 0.60714 0.52621
2.00000 166.00000 0.63953 0.46154 1.00000 1.00000 0.22482 0.22979 0.35538 1.00000 0.81250 0.33573 0.67059 0.19074 0.33333 0.28571 0.29445 0.66667 0.20595 0.57074 1.00000 0.36364 1.00000 1.00000 0.52976 0.67910
2.00000 167.00000 0.53488 0.69231 1.00000 1.00000 0.28571 0.43335 0.42059 1.00000 0.81250 0.29262 0.69412 0.18681 0.33333 0.42286 0.33062 0.65476 0.21627 0.47682 1.00000 0.45455 1.00000 1.00000 0.60714 0.47787
2.00000 168.00000 0.46512 0.69231 1.00000 1.00000 0.26698 0.38344 0.35445 1.00000 0.75000 0.30220 0.67059 0.20562 0.33333 0.36000 0.31177 0.66667 0.26065 0.55553 1.00000 0.36364 1.00000 1.00000 0.58333 0.53614
2.00000 169.00000 0.63372 0.46154 1.00000 1.00000 0.22717 0.39714 0.34243 1.00000 0.75000 0.30077 0.68235 0.22730 0.33333 0.40571 0.30515 0.63690 0.20328 0.51400 1.00000 0.36364 1.00000 1.00000 0.58333 0.60423
2.00000 170.00000 0.79651 0.76923 1.00000 1.00000 0.35363 0.33842 0.27551 1.00000 0.75000 0.29262 0.68235 0.19346 0.33333 0.40000 0.30718 0.66071 0.26542 0.46234 1.00000 0.27273 1.00000 1.00000 0.61905 0.64746
2.00000 171.00000 0.59302 0.15385 1.00000 1.00000 0.25293 0.34136 0.37176 1.00000 0.81250 0.35920 0.66471 0.17955 0.33333 0.41143 0.32858 0.67857 0.23288 0.57074 1.00000 0.45455 1.00000 1.00000 0.54762 0.47027
2.00000 172.00000 0.58140 0.07692 1.00000 1.00000 0.42857 0.49540 0.42402 1.00000 0.75000 0.35201 0.69412 0.22452 0.33333 0.27429 0.33571 0.65476 0.24048 0.40295 1.00000 0.27273 1.00000 1.00000 0.65476 0.53549
2.00000 173.00000 0.52907 0.30769 1.00000 1.00000 0.30679 0.44138 0.37176 1.00000 0.75000 0.29502 0.68824 0.23021 0.33333 0.29143 0.30209 0.66071 0.23812 0.51859 1.00000 0.36364 1.00000 1.00000 0.60119 0.60182
2.00000 174.00000 0.48256 0.30769 1.00000 1.00000 0.39344 0.49716 0.27878 1.00000 0.81250 0.33525 0.67059 0.20654 0.33333 0.40000 0.34233 0.69048 0.25211 0.54466 1.00000 0.54545 1.00000 1.00000 0.65476 0.64700
2.00000 175.00000 0.68605 0.30769 1.00000 1.00000 0.25059 0.37835 0.41529 1.00000 0.81250 0.37165 0.65882 0.21348 0.33333 0.34857 0.37850 0.69643 0.28113 0.50072 1.00000 0.45455 1.00000 1.00000 0.55952 0.51702
2.00000 176.00000 0.61047 0.61538 1.00000 1.00000 0.26698 0.54238 0.31544 1.00000 0.81250 0.32950 0.70000 0.19300 0.33333 0.31429 0.33877 0.67857 0.23403 0.47127 1.00000 0.27273 1.00000 1.00000 0.55952 0.51109
2.00000 177.00000 0.41279 0.69231 1.00000 1.00000 0.36768 0.55647 0.39485 1.00000 0.81250 0.34579 0.71765 0.23548 0.33333 0.41143 0.34488 0.68452 0.25153 0.39256 1.00000 0.36364 1.00000 1.00000 0.60714 0.52510
2.00000 178.00000 0.17442 0.76923 1.00000 1.00000 0.26230 0.33451 0.34711 1.00000 0.81250 0.33381 0.68824 0.21200 0.33333 0.21714 0.37341 0.69643 0.26363 0.43071 1.00000 0.36364 1.00000 1.00000 0.52976 0.52129
2.00000 179.00000 0.37791 0.23077 1.00000 1.00000 0.36066 0.36896 0.38752 1.00000 0.81250 0.37452 0.68824 0.22591 0.33333 0.42857 0.36780 0.66071 0.25138 0.46258 1.00000 0.45455 1.00000 1.00000 0.61905 0.57566
2.00000 180.00000 0.58140 0.53846 1.00000 1.00000 0.39578 0.45253 0.37878 1.00000 0.81250 0.33716 0.67059 0.18108 0.33333 0.29714 0.34131 0.65476 0.25274 0.42250 1.00000 0.45455 1.00000 1.00000 0.56548 0.59560
2.00000 181.00000 0.33140 0.46154 1.00000 1.00000 0.35831 0.47211 0.33869 1.00000 0.75000 0.36830 0.68235 0.23839 0.33333 0.27429 0.35048 0.66667 0.26882 0.45002 1.00000 0.54545 1.00000 1.00000 0.64881 0.58716
2.00000 182.00000 0.76163 0.38462 1.00000 1.00000 0.38642 0.38951 0.30530 1.00000 0.81250 0.35249 0.68235 0.24167 0.33333 0.40571 0.33011 0.67262 0.25798 0.43071 1.00000 0.45455 1.00000 1.00000 0.57143 0.51387
2.00000 183.00000 0.51744 0.30769 1.00000 1.00000 0.38876 0.53768 0.43573 1.00000 0.81250 0.38889 0.69412 0.22360 0.33333 0.42857 0.37290 0.71429 0.25918 0.41550 1.00000 0.36364 1.00000 1.00000 0.64286 0.51025
2.00000 184.00000 0.50581 0.23077 1.00000 1.00000 0.40047 0.46213 0.36490 1.00000 0.81250 0.35010 0.70000 0.22549 0.33333 0.35429 0.37443 0.69048 0.25499 0.48189 1.00000 0.27273 1.00000 1.00000 0.75595 0.62974
2.00000 185.00000 0.31977 0.53846 1.00000 1.00000 0.40749 0.34273 0.34056 1.00000 0.81250 0.42529 0.68824 0.25489 0.33333 0.38286 0.39990 0.67857 0.27851 0.43192 1.00000 0.36364 1.00000 1.00000 0.73810 0.58911
2.00000 186.00000 0.50000 0.15385 1.00000 1.00000 0.31382 0.29634 0.26006 1.00000 0.75000 0.37787 0.67059 0.22013 0.33333 0.30286 0.36424 0.67262 0.25242 0.51980 1.00000 0.27273 1.00000 1.00000 0.56548 0.48483
2.00000 187.00000 0.61047 0.53846 1.00000 1.00000 0.30679 0.38657 0.30421 1.00000 0.81250 0.39895 0.70588 0.23132 0.33333 0.34857 0.37799 0.69643 0.26039 0.46016 1.00000 0.36364 1.00000 1.00000 0.45238 0.58020
2.00000 188.00000 0.26163 0.07692 1.00000 1.00000 0.33958 0.47054 0.29064 1.00000 0.75000 0.36830 0.71765 0.23793 0.33333 0.32000 0.33265 0.66667 0.24498 0.40681 1.00000 0.36364 1.00000 1.00000 0.53571 0.51136
2.00000 189.00000 0.46512 0.53846 1.00000 1.00000 0.32553 0.43316 0.26880 1.00000 0.75000 0.34243 0.68824 0.24056 0.33333 0.32000 0.36933 0.67262 0.24912 0.48672 1.00000 0.54545 1.00000 1.00000 0.60119 0.60265
2.00000 190.00000 0.54070 0.46154 1.00000 1.00000 0.36300 0.63731 0.42793 1.00000 0.75000 0.35153 0.70000 0.23317 0.33333 0.39429 0.38156 0.70238 0.28213 0.35804 1.00000 0.36364 1.00000 1.00000 0.49405 0.51443
2.00000 191.00000 0.37791 0.76923 1.00000 1.00000 0.44965 0.41515 0.40187 1.00000 0.75000 0.35824 0.70588 0.25540 0.33333 0.50857 0.39277 0.69048 0.24881 0.32859 1.00000 0.36364 1.00000 1.00000 0.61310 0.65887
2.00000 192.00000 0.45930 0.84615 1.00000 1.00000 0.35363 0.23703 0.49875 1.00000 0.81250 0.41858 0.69412 0.21117 0.33333 0.38857 0.40805 0.69643 0.29229 0.39208 1.00000 0.54545 1.00000 1.00000 0.61310 0.59607
2.00000 193.00000 0.40698 0.61538 1.00000 1.00000 0.48478 0.58172 0.40156 1.00000 0.81250 0.41140 0.70000 0.24624 0.33333 0.25714 0.39939 0.72024 0.27537 0.38556 1.00000 0.36364 1.00000 1.00000 0.54762 0.62548
2.00000 194.00000 0.51163 0.23077 1.00000 1.00000 0.35597 0.38540 0.35320 1.00000 0.81250 0.38745 0.68824 0.25184 0.33333 0.36000 0.41722 0.69048 0.26269 0.40898 1.00000 0.27273 1.00000 1.00000 0.60119 0.62399
2.00000 195.00000 0.56977 0.46154 1.00000 1.00000 0.39578 0.47896 0.48424 1.00000 0.75000 0.40805 0.70588 0.23469 0.33333 0.43429 0.39990 0.69048 0.26604 0.45196 1.00000 0.45455 1.00000 1.00000 0.63095 0.52908
2.00000 196.00000 0.61047 0.46154 1.00000 1.00000 0.32319 0.45606 0.42246 1.00000 0.75000 0.43534 0.67059 0.25184 0.33333 0.37143 0.39073 0.70833 0.26673 0.38532 1.00000 0.54545 1.00000 1.00000 0.58929 0.70990
2.00000 197.00000 0.52907 0.76923 1.00000 1.00000 0.49883 0.47270 0.51217 1.00000 0.75000 0.43151 0.71765 0.26214 0.33333 0.39429 0.42843 0.72024 0.27024 0.44085 1.00000 0.63636 1.00000 1.00000 0.67857 0.53280
2.00000 198.00000 0.47674 0.61538 1.00000 1.00000 0.40515 0.50558 0.30328 1.00000 0.81250 0.49090 0.74118 0.25179 0.33333 0.42857 0.44269 0.71429 0.25923 0.38146 1.00000 0.36364 1.00000 1.00000 0.61905 0.59403
2.00000 199.00000 0.22093 0.61538 1.00000 1.00000 0.37939 0.44079 0.38549 1.00000 0.75000 0.42241 0.70000 0.27989 0.66667 0.40571 0.43148 0.69048 0.27857 0.40126 1.00000 0.54545 1.00000 1.00000 0.66071 0.59189
2.00000 200.00000 0.48837 0.69231 1.00000 1.00000 0.41920 0.44294 0.47816 1.00000 0.75000 0.40661 0.72353 0.27989 0.33333 0.45714 0.41875 0.69643 0.27060 0.48914 1.00000 0.54545 1.00000 1.00000 0.64881 0.65841
2.00000 201.00000 0.61047 0.53846 1.00000 1.00000 0.29274 0.46095 0.40983 1.00000 0.81250 0.42337 0.72941 0.26792 0.33333 0.37714 0.41875 0.71429 0.28208 0.41164 1.00000 0.45455 1.00000 1.00000 0.61905 0.59106
2.00000 202.00000 0.38372 0.76923 1.00000 1.00000 0.44496 0.48581 0.36365 1.00000 0.75000 0.41954 0.73529 0.25507 0.33333 0.45714 0.44931 0.72619 0.27878 0.37084 1.00000 0.45455 1.00000 1.00000 0.52381 0.58633
2.00000 203.00000 0.48256 0.15385 1.00000 1.00000 0.31850 0.53396 0.42215 1.00000 0.81250 0.44349 0.72941 0.25336 0.33333 0.48000 0.45084 0.72024 0.31556 0.49879 1.00000 0.27273 1.00000 1.00000 0.69643 0.57167
2.00000 204.00000 0.60465 0.30769 1.00000 1.00000 0.43326 0.58407 0.49423 1.00000 0.75000 0.45546 0.71765 0.23354 0.33333 0.41714 0.45848 0.70238 0.27757 0.39932 1.00000 0.45455 1.00000 1.00000 0.62500 0.63837
2.00000 205.00000 0.51163 0.69231 1.00000 1.00000 0.28806 0.46565 0.38034 1.00000 0.81250 0.50431 0.73529 0.26658 0.66667 0.30857 0.45543 0.75595 0.29046 0.46379 1.00000 0.45455 1.00000 1.00000 0.69048 0.66500
2.00000 206.00000 0.44767 0.15385 1.00000 1.00000 0.40047 0.58054 0.46505 1.00000 0.81250 0.43295 0.74706 0.28770 0.66667 0.46286 0.45543 0.70833 0.29627 0.48286 1.00000 0.45455 1.00000 1.00000 0.60119 0.53966
2.00000 207.00000 0.76163 0.61538 1.00000 1.00000 0.37002 0.47602 0.44711 1.00000 0.81250 0.50239 0.74118 0.28770 0.33333 0.36000 0.49058 0.76190 0.31440 0.39087 1.00000 0.54545 1.00000 1.00000 0.69643 0.61045
2.00000 208.00000 0.65116 0.46154 1.00000 1.00000 0.37471 0.52104 0.50546 1.00000 0.81250 0.47318 0.74118 0.28192 0.33333 0.44000 0.50127 0.76786 0.29963 0.42612 1.00000 0.45455 1.00000 1.00000 0.70238 0.75415
2.00000 209.00000 0.45930 0.61538 1.00000 1.00000 0.48244 0.44784 0.44415 1.00000 0.81250 0.48276 0.75294 0.28742 0.66667 0.53143 0.48803 0.75000 0.31466 0.36721 1.00000 0.45455 1.00000 1.00000 0.65476 0.64876
2.00000 210.00000 0.34884 0.53846 1.00000 1.00000 0.47775 0.58857 0.55023 1.00000 0.81250 0.51006 0.77647 0.30628 0.66667 0.49143 0.52267 0.77976 0.30513 0.45727 1.00000 0.54545 1.00000 1.00000 0.56548 0.53827
2.00000 211.00000 0.45349 0.38462 1.00000 1.00000 0.39110 0.50029 0.31279 1.00000 0.75000 0.47605 0.76471 0.27282 0.66667 0.40000 0.46918 0.73214 0.29502 0.44954 1.00000 0.36364 1.00000 1.00000 0.67857 0.59885
2.00000 212.00000 0.47093 0.15385 1.00000 1.00000 0.27635 0.55158 0.39017 1.00000 0.81250 0.50000 0.75294 0.26968 0.66667 0.61714 0.51350 0.73810 0.29287 0.37156 1.00000 0.54545 1.00000 1.00000 0.67857 0.73680
2.00000 213.00000 0.42442 0.07692 1.00000 1.00000 0.46838 0.62008 0.47832 1.00000 0.81250 0.50144 0.75294 0.31931 0.66667 0.58286 0.49210 0.76786 0.32897 0.44230 1.00000 0.27273 1.00000 1.00000 0.68452 0.59467
2.00000 214.00000 0.66279 0.38462 1.00000 1.00000 0.35597 0.52809 0.34368 1.00000 0.75000 0.49042 0.74118 0.28290 0.66667 0.43429 0.48242 0.73810 0.31865 0.51086 1.00000 0.36364 1.00000 1.00000 0.72619 0.70276
2.00000 215.00000 0.52907 0.23077 1.00000 1.00000 0.36300 0.48601 0.49220 1.00000 0.81250 0.50958 0.74706 0.29986 0.66667 0.53143 0.50331 0.73214 0.29177 0.34211 1.00000 0.54545 1.00000 1.00000 0.75595 0.67743
2.00000 216.00000 0.55814 0.23077 1.00000 1.00000 0.45667 0.56371 0.48908 1.00000 0.81250 0.52059 0.79412 0.29560 0.66667 0.54286 0.52929 0.71429 0.34348 0.33921 1.00000 0.54545 1.00000 1.00000 0.72619 0.71352
2.00000 217.00000 0.38372 0.61538 1.00000 1.00000 0.52225 0.59366 0.42777 1.00000 0.81250 0.53448 0.76471 0.30485 0.66667 0.49714 0.54661 0.76786 0.28732 0.40053 1.00000 0.45455 1.00000 1.00000 0.60714 0.68967
2.00000 218.00000 0.38953 0.30769 1.00000 1.00000 0.42389 0.48796 0.59220 1.00000 0.81250 0.53305 0.77647 0.30873 0.66667 0.46286 0.56393 0.77976 0.33698 0.37059 1.00000 0.45455 1.00000 1.00000 0.52976 0.52445
2.00000 219.00000 0.68605 0.53846 1.00000 1.00000 0.30679 0.57369 0.40624 1.00000 0.81250 0.55891 0.78824 0.30023 0.66667 0.52571 0.54101 0.76190 0.29994 0.33535 1.00000 0.45455 1.00000 1.00000 0.75000 0.74014
2.00000 220.00000 0.69186 0.30769 1.00000 1.00000 0.35363 0.63555 0.45086 1.00000 0.81250 0.53017 0.75882 0.29385 0.66667 0.58286 0.57259 0.73810 0.32991 0.36987 1.00000 0.54545 1.00000 1.00000 0.70238 0.66750
2.00000 221.00000 0.20349 0.38462 1.00000 1.00000 0.32553 0.48796 0.53042 1.00000 0.81250 0.60728 0.80588 0.30628 0.66667 0.58286 0.59806 0.76190 0.36051 0.28344 1.00000 0.45455 1.00000 1.00000 0.73810 0.69988
2.00000 222.00000 0.47093 0.46154 1.00000 1.00000 0.40281 0.39479 0.39672 1.00000 0.75000 0.53113 0.78824 0.30392 0.66667 0.62286 0.52114 0.76190 0.35029 0.35707 1.00000 0.45455 1.00000 1.00000 0.66071 0.59737
2.00000 223.00000 0.58140 0.84615 1.00000 1.00000 0.42623 0.58994 0.59142 1.00000 0.81250 0.59004 0.80000 0.34561 0.66667 0.57714 0.60825 0.79167 0.33143 0.33631 1.00000 0.54545 1.00000 1.00000 0.67262 0.64718
2.00000 224.00000 0.22093 0.15385 1.00000 1.00000 0.43560 0.50538 0.51841 1.00000 0.81250 0.59531 0.77647 0.32375 0.66667 0.52571 0.61589 0.80357 0.34966 0.34742 1.00000 0.54545 1.00000 1.00000 0.76190 0.62742
2.00000 225.00000 0.67442 0.61538 1.00000 1.00000 0.44028 0.61656 0.52387 1.00000 0.81250 0.61542 0.75882 0.32699 0.66667 0.60000 0.60876 0.82143 0.32755 0.33655 1.00000 0.45455 1.00000 1.00000 0.64881 0.76621
2.00000 226.00000 0.58140 0.61538 1.00000 1.00000 0.46838 0.53337 0.54821 1.00000 0.81250 0.59531 0.80000 0.33447 0.66667 0.59429 0.57463 0.81548 0.37203 0.36504 1.00000 0.54545 1.00000 1.00000 0.68452 0.65628
2.00000 227.00000 0.37791 0.23077 1.00000 1.00000 0.44731 0.55588 0.57769 1.00000 0.81250 0.59052 0.78824 0.36530 0.66667 0.58286 0.61793 0.79762 0.36318 0.34259 1.00000 0.63636 1.00000 1.00000 0.63095 0.75341
2.00000 228.00000 0.48256 0.69231 1.00000 1.00000 0.43794 0.51282 0.47207 1.00000 0.81250 0.60345 0.82353 0.34344 0.66667 0.56571 0.63780 0.82738 0.36475 0.21656 1.00000 0.54545 1.00000 1.00000 0.69048 0.71806
2.00000 229.00000 0.52907 0.61538 1.00000 1.00000 0.30211 0.61421 0.53073 1.00000 0.81250 0.59387 0.81176 0.31649 0.66667 0.63429 0.64748 0.86905 0.33714 0.27885 1.00000 0.63636 1.00000 1.00000 0.61310 0.78523
2.00000 230.00000 0.49419 0.23077 1.00000 1.00000 0.50820 0.56743 0.45975 1.00000 0.75000 0.61973 0.80000 0.37306 0.66667 0.67429 0.64187 0.80952 0.36559 0.37663 1.00000 0.54545 1.00000 1.00000 0.64286 0.73847
2.00000 231.00000 0.38372 0.53846 1.00000 1.00000 0.48478 0.63770 0.62683 1.00000 0.81250 0.64990 0.81765 0.36590 0.66667 0.60571 0.64391 0.82738 0.37900 0.28465 1.00000 0.54545 1.00000 1.00000 0.73214 0.77670
2.00000 232.00000 0.19186 0.53846 1.00000 1.00000 0.50117 0.82873 0.60608 1.00000 0.81250 0.64368 0.82353 0.37422 0.66667 0.56571 0.65461 0.80952 0.36611 0.30179 1.00000 0.54545 1.00000 1.00000 0.73214 0.72985
2.00000 233.00000 0.38953 0.69231 1.00000 1.00000 0.35363 0.63515 0.56989 1.00000 0.81250 0.65278 0.81765 0.38744 0.66667 0.62857 0.67550 0.82738 0.39535 0.30662 1.00000 0.63636 1.00000 1.00000 0.79762 0.64227
2.00000 234.00000 0.64535 0.61538 1.00000 1.00000 0.36066 0.57722 0.59626 1.00000 0.75000 0.66044 0.85294 0.36290 0.66667 0.57714 0.65716 0.85119 0.38267 0.31193 1.00000 0.54545 1.00000 1.00000 0.70238 0.79024
2.00000 235.00000 0.63953 0.69231 1.00000 1.00000 0.48946 0.66491 0.58378 1.00000 0.81250 0.70450 0.82353 0.40731 0.66667 0.69143 0.69231 0.82738 0.38770 0.25712 1.00000 0.63636 1.00000 1.00000 0.77381 0.65414
2.00000 236.00000 0.51163 0.61538 1.00000 1.00000 0.47541 0.68741 0.70702 1.00000 0.81250 0.74330 0.85294 0.36026 0.66667 0.69714 0.71065 0.87500 0.38445 0.27885 1.00000 0.81818 1.00000 1.00000 0.82738 0.76835
2.00000 237.00000 0.66860 0.38462 1.00000 1.00000 0.47775 0.62576 0.55211 1.00000 0.81250 0.76628 0.84706 0.37306 0.66667 0.77143 0.73968 0.86310 0.42002 0.27354 1.00000 0.72727 1.00000 1.00000 0.77976 0.81427
2.00000 238.00000 0.51744 0.30769 1.00000 1.00000 0.52693 0.62126 0.60296 1.00000 0.81250 0.72366 0.89412 0.41665 0.66667 0.72000 0.70148 0.85714 0.42154 0.22380 1.00000 0.54545 1.00000 1.00000 0.85714 0.76649
2.00000 239.00000 0.49419 0.23077 1.00000 1.00000 0.44496 0.65003 0.66037 1.00000 0.81250 0.71839 0.87059 0.40810 0.66667 0.72571 0.73663 0.82738 0.42794 0.24481 1.00000 0.54545 1.00000 1.00000 0.77381 0.68531
2.00000 240.00000 0.37209 0.15385 1.00000 1.00000 0.47775 0.58152 0.68159 1.00000 0.81250 0.72605 0.88824 0.39474 0.66667 0.74857 0.71676 0.86310 0.42212 0.22622 1.00000 0.72727 1.00000 1.00000 0.73810 0.76389
2.00000 241.00000 0.69186 0.53846 1.00000 1.00000 0.61827 0.57702 0.66849 1.00000 0.81250 0.77490 0.88235 0.40250 0.66667 0.80571 0.76566 0.84524 0.43600 0.26992 1.00000 0.72727 1.00000 1.00000 0.73810 0.68754
2.00000 242.00000 0.48837 0.84615 1.00000 1.00000 0.63466 0.71580 0.72028 1.00000 0.81250 0.71408 0.89412 0.37977 0.66667 0.73714 0.73102 0.85714 0.38288 0.16200 1.00000 0.72727 1.00000 1.00000 0.80357 0.70266
2.00000 243.00000 0.52907 0.30769 1.00000 1.00000 0.56909 0.83930 0.68190 1.00000 0.81250 0.77874 0.91765 0.42963 0.66667 0.74857 0.79878 0.86310 0.43600 0.27789 1.00000 0.63636 1.00000 1.00000 0.75000 0.87225
2.00000 244.00000 0.16860 0.46154 1.00000 1.00000 0.57377 0.79644 0.80109 1.00000 0.81250 0.80412 0.89412 0.41743 0.66667 0.78857 0.84055 0.89881 0.43354 0.29310 1.00000 0.63636 1.00000 1.00000 0.78571 0.75564
2.00000 245.00000 0.69767 0.46154 1.00000 1.00000 0.42155 0.67410 0.73183 1.00000 0.81250 0.76245 0.88235 0.41961 0.66667 0.73714 0.78706 0.91667 0.43260 0.30686 1.00000 0.72727 1.00000 1.00000 0.76190 0.75369
2.00000 246.00000 0.52326 0.84615 1.00000 1.00000 0.53864 0.71599 0.64041 1.00000 0.81250 0.81322 0.90588 0.44877 0.66667 0.70857 0.81100 0.91071 0.44983 0.22042 1.00000 0.72727 1.00000 1.00000 0.94643 0.78662
2.00000 247.00000 0.48256 0.15385 1.00000 1.00000 0.58080 0.76023 0.71373 1.00000 0.81250 0.82040 0.90588 0.45150 0.66667 0.72000 0.85991 0.92857 0.41814 0.18759 1.00000 0.72727 1.00000 1.00000 0.86310 0.81863
2.00000 248.00000 0.47093 0.30769 1.00000 1.00000 0.54098 0.64651 0.85039 1.00000 0.81250 0.83477 0.92353 0.42233 0.66667 0.80571 0.87519 0.89286 0.42972 0.21584 1.00000 0.63636 1.00000 1.00000 0.81548 0.96790
2.00000 249.00000 0.44186 0.53846 1.00000 1.00000 0.42857 0.66862 0.71810 1.00000 0.81250 0.89416 0.90588 0.49184 0.66667 0.72571 0.86755 0.94048 0.47137 0.21656 1.00000 0.81818 1.00000 1.00000 0.92857 0.78634
2.00000 250.00000 0.50581 0.38462 1.00000 1.00000 0.48946 0.76160 0.77207 1.00000 0.81250 0.86351 0.95294 0.48773 0.66667 0.73143 0.91951 0.97619 0.45062 0.20280 1.00000 0.72727 1.00000 1.00000 0.76786 0.78950
2.00000 251.00000 0.29651 0.84615 1.00000 1.00000 0.65340 0.67450 0.80640 1.00000 0.81250 0.88889 0.93529 0.48112 1.00000 0.88571 0.92155 0.94643 0.46801 0.23322 1.00000 0.72727 1.00000 1.00000 0.90476 0.86047
2.00000 252.00000 0.29070 0.61538 1.00000 1.00000 0.59016 0.76864 0.64306 1.00000 0.81250 0.89943 0.90000 0.49545 0.66667 0.85143 0.86806 0.92857 0.45156 0.23008 1.00000 0.72727 1.00000 1.00000 0.81548 0.87272
2.00000 253.00000 0.36628 0.76923 1.00000 1.00000 0.58782 0.61910 0.66973 1.00000 0.81250 0.91954 0.95882 0.48967 0.66667 0.79429 0.93938 0.94048 0.47745 0.24746 1.00000 0.81818 1.00000 1.00000 0.92262 0.93960
