128.00000 1.00000 0.59524 0.73634 0.00000 0.23809 0.00835 0.03091 0.04270 0.29318 0.20881 0.09143 0.00112 0.01406 0.02703 0.00977 0.09053 0.00157 0.05965 0.93300 0.00000 0.03125 0.00000 0.00000 0.14506 0.14077
128.00000 2.00000 0.00001 0.00095 1.00000 1.00000 0.98486 0.90530 0.88430 1.00000 1.00000 0.99659 0.99930 0.86191 1.00000 0.89495 0.99658 0.99333 0.68556 0.01995 1.00000 0.92708 1.00000 1.00000 0.98903 0.99412
128.00000 3.00000 0.59515 0.73634 0.00000 0.23809 0.00908 0.04183 0.04101 0.29318 0.20881 0.09379 0.00108 0.01273 0.02703 0.02117 0.09136 0.00135 0.04322 0.92692 0.00000 0.03125 0.00000 0.00000 0.14369 0.14619
128.00000 4.00000 0.47629 0.83135 1.00000 0.62699 0.65676 0.63430 0.54041 0.50794 0.49937 0.47186 0.86390 0.59333 0.40541 0.64007 0.47122 0.99333 0.50402 0.31202 0.00000 0.64583 0.86469 1.00000 0.49108 0.49766
128.00000 5.00000 0.47620 0.83135 1.00000 0.62699 0.65465 0.63411 0.53148 0.50794 0.49937 0.47222 0.86377 0.60126 0.40541 0.64658 0.47211 0.99314 0.50386 0.31151 0.00000 0.62500 0.86469 1.00000 0.49417 0.49689
128.00000 6.00000 0.99995 0.99881 1.00000 0.00000 0.12414 0.28018 0.22799 0.00000 0.00000 0.00382 0.62728 0.26118 0.24324 0.45847 0.00396 0.99300 0.56203 0.36889 0.00000 0.27083 0.62791 1.00000 0.01543 0.02235
128.00000 7.00000 0.47607 0.83325 1.00000 0.62699 0.65474 0.65123 0.54879 0.50794 0.49937 0.47375 0.86377 0.59824 0.40541 0.66368 0.47242 0.99330 0.48370 0.30639 0.00000 0.64583 0.86469 1.00000 0.49074 0.49726
128.00000 8.00000 0.00002 0.00000 1.00000 1.00000 0.97559 0.90773 0.88179 1.00000 1.00000 0.99585 0.99922 0.86281 1.00000 0.89414 0.99683 0.99336 0.67144 0.01505 1.00000 0.91667 1.00000 1.00000 0.98560 0.99695
128.00000 9.00000 0.59522 0.73634 0.00000 0.23809 0.01202 0.04597 0.02982 0.29318 0.20881 0.09224 0.00101 0.01039 0.02703 0.03257 0.09010 0.00154 0.06936 0.92626 0.00000 0.03125 0.00000 0.00000 0.14712 0.14621
128.00000 10.00000 0.83327 0.99762 1.00000 0.06027 0.18204 0.30708 0.24173 0.14659 0.14403 0.13720 0.65044 0.28898 0.24324 0.45684 0.13694 0.99289 0.49598 0.34897 0.00000 0.30208 0.65116 1.00000 0.15947 0.16914
128.00000 11.00000 0.99989 0.99762 1.00000 0.00000 0.12818 0.26252 0.22938 0.00000 0.00000 0.00477 0.62721 0.26224 0.24324 0.46091 0.00439 0.99283 0.54020 0.37284 0.00000 0.26042 0.62791 1.00000 0.01680 0.01617
128.00000 12.00000 0.99988 0.99834 1.00000 0.00000 0.12809 0.25735 0.23545 0.00000 0.00000 0.00446 0.62732 0.26838 0.24324 0.46336 0.00444 0.99292 0.55539 0.36303 0.00000 0.26042 0.62791 1.00000 0.01543 0.01687
128.00000 13.00000 0.59509 0.73824 0.00000 0.23809 0.00651 0.02064 0.04044 0.29318 0.20818 0.09322 0.00095 0.02066 0.02703 0.01873 0.09070 0.00141 0.04291 0.91531 0.00000 0.04167 0.00000 0.00000 0.14472 0.14344
128.00000 14.00000 0.83314 0.99762 1.00000 0.06027 0.18635 0.32326 0.22272 0.14659 0.14403 0.13742 0.65054 0.28991 0.24324 0.46091 0.13783 0.99295 0.51440 0.34571 0.00000 0.32292 0.65116 1.00000 0.15912 0.17214
128.00000 15.00000 0.00000 0.00000 1.00000 1.00000 0.97715 0.90925 0.90471 1.00000 1.00000 0.99570 0.99930 0.86531 1.00000 0.90065 0.99729 0.99325 0.68365 0.03361 1.00000 0.93750 1.00000 1.00000 0.99108 0.99780
128.00000 16.00000 0.23821 0.29917 1.00000 0.59794 0.63446 0.67989 0.65450 0.61718 0.61509 0.61632 0.85322 0.63757 0.89189 0.72394 0.61532 0.99330 0.66668 0.10882 1.00000 0.69792 0.85412 1.00000 0.63820 0.63627
128.00000 17.00000 0.23817 0.29727 1.00000 0.59794 0.62923 0.68417 0.68194 0.61718 0.61509 0.61508 0.85322 0.64021 0.89189 0.72557 0.61639 0.99333 0.65159 0.09168 1.00000 0.68750 0.85412 1.00000 0.63203 0.63578
128.00000 18.00000 0.83320 0.99810 1.00000 0.06027 0.18846 0.31640 0.23884 0.14659 0.14403 0.13828 0.65046 0.29090 0.24324 0.45195 0.13783 0.99295 0.50276 0.35193 0.00000 0.32292 0.65116 1.00000 0.15604 0.16052
128.00000 19.00000 0.99976 0.99762 1.00000 0.00000 0.12662 0.26759 0.22142 0.00000 0.00000 0.00515 0.62725 0.26905 0.24324 0.46580 0.00368 0.99295 0.55646 0.37218 0.00000 0.26042 0.62791 1.00000 0.01440 0.02313
128.00000 20.00000 0.59524 0.73682 0.00000 0.23809 0.01229 0.04518 0.03168 0.29318 0.20818 0.09133 0.00106 0.01639 0.02703 0.02850 0.09106 0.00160 0.05724 0.92820 0.00000 0.03125 0.00000 0.00000 0.13923 0.14620
128.00000 21.00000 0.99977 1.00000 1.00000 0.00000 0.12542 0.28961 0.23480 0.00000 0.00000 0.00446 0.62713 0.27426 0.24324 0.45765 0.00413 0.99283 0.54189 0.36500 0.00000 0.28125 0.62791 1.00000 0.01989 0.01532
128.00000 22.00000 0.47611 0.83207 1.00000 0.62699 0.65593 0.62831 0.52908 0.50794 0.49937 0.47193 0.86367 0.59687 0.40541 0.66124 0.47224 0.99314 0.50048 0.31547 0.00000 0.62500 0.86469 1.00000 0.49554 0.49161
128.00000 23.00000 0.99999 0.99929 1.00000 0.00000 0.12864 0.28349 0.23603 0.00000 0.00000 0.00573 0.62734 0.27433 0.24324 0.47150 0.00342 0.99292 0.56841 0.37255 0.00000 0.29167 0.62791 1.00000 0.01235 0.02461
128.00000 24.00000 0.00006 0.00000 1.00000 1.00000 0.98156 0.94349 0.90916 1.00000 1.00000 0.99580 0.99930 0.86419 1.00000 0.89984 0.99660 0.99325 0.66709 0.01812 1.00000 0.91667 1.00000 1.00000 0.99040 0.98918
128.00000 25.00000 0.00002 0.00036 1.00000 1.00000 0.97541 0.92342 0.91937 1.00000 1.00000 0.99594 0.99924 0.86335 1.00000 0.89088 0.99685 0.99319 0.67801 0.03328 1.00000 0.92708 1.00000 1.00000 0.98868 0.98540
128.00000 26.00000 0.23808 0.29691 1.00000 0.59794 0.63336 0.68677 0.66247 0.61718 0.61509 0.61816 0.85324 0.64095 0.89189 0.73697 0.61654 0.99333 0.66980 0.10226 1.00000 0.68750 0.85412 1.00000 0.63615 0.63879
128.00000 27.00000 0.99997 0.99762 1.00000 0.00000 0.12469 0.27883 0.22423 0.00000 0.00063 0.00401 0.62747 0.26894 0.24324 0.45358 0.00393 0.99317 0.55025 0.37152 0.00000 0.27083 0.62791 1.00000 0.02195 0.01957
128.00000 28.00000 0.83334 0.99762 1.00000 0.06027 0.18231 0.30952 0.24486 0.14659 0.14403 0.13856 0.65061 0.28883 0.24324 0.45440 0.13798 0.99306 0.51285 0.35310 0.00000 0.30208 0.65116 1.00000 0.16084 0.17122
128.00000 29.00000 0.23823 0.29691 1.00000 0.59794 0.63217 0.70559 0.67248 0.61718 0.61509 0.61618 0.85319 0.64114 0.89189 0.71987 0.61616 0.99347 0.64850 0.10706 1.00000 0.68750 0.85412 1.00000 0.63100 0.63124
128.00000 30.00000 0.23812 0.29691 1.00000 0.59794 0.63584 0.68411 0.67032 0.61718 0.61509 0.61558 0.85317 0.63744 0.89189 0.72801 0.61654 0.99311 0.66797 0.10955 1.00000 0.68750 0.85412 1.00000 0.63306 0.63949
128.00000 31.00000 0.47613 0.83135 1.00000 0.62699 0.65474 0.64280 0.54645 0.50794 0.49937 0.47208 0.86379 0.59767 0.40541 0.65798 0.47412 0.99336 0.49288 0.31246 0.00000 0.62500 0.86469 1.00000 0.49314 0.49300
128.00000 32.00000 0.47622 0.83135 1.00000 0.62699 0.65841 0.65561 0.51596 0.50794 0.49937 0.47408 0.86381 0.59653 0.40541 0.64332 0.47356 0.99325 0.48950 0.31539 0.00000 0.63542 0.86469 1.00000 0.48937 0.49577
128.00000 33.00000 0.23821 0.29715 1.00000 0.59794 0.63373 0.66840 0.67588 0.61718 0.61509 0.61840 0.85315 0.64180 0.89189 0.72557 0.61633 0.99336 0.68020 0.10047 1.00000 0.67708 0.85412 1.00000 0.63134 0.63793
128.00000 34.00000 0.99977 0.99762 1.00000 0.00000 0.12249 0.28157 0.22308 0.00000 0.00000 0.00382 0.62730 0.26444 0.24324 0.45521 0.00249 0.99311 0.55905 0.36087 0.00000 0.27083 0.62791 1.00000 0.01818 0.02170
128.00000 35.00000 0.99976 0.99822 1.00000 0.00000 0.13047 0.28525 0.23959 0.00000 0.00000 0.00551 0.62732 0.27267 0.24324 0.47394 0.00373 0.99281 0.55317 0.36405 0.00000 0.29167 0.62791 1.00000 0.01372 0.02062
128.00000 36.00000 0.99981 0.99762 1.00000 0.00000 0.12469 0.29771 0.22421 0.00000 0.00000 0.00451 0.62717 0.26725 0.24324 0.45358 0.00289 0.99289 0.55060 0.37493 0.00000 0.28125 0.62791 1.00000 0.01166 0.02096
128.00000 37.00000 0.23802 0.29786 1.00000 0.59794 0.62639 0.68492 0.64851 0.61718 0.61509 0.61663 0.85311 0.63980 0.89189 0.71336 0.61425 0.99325 0.65426 0.11273 1.00000 0.68750 0.85412 1.00000 0.63237 0.63343
128.00000 38.00000 0.99983 0.99762 1.00000 0.00000 0.12836 0.27693 0.21391 0.00000 0.00063 0.00504 0.62723 0.26612 0.24324 0.45521 0.00528 0.99281 0.56177 0.36954 0.00000 0.27083 0.62791 1.00000 0.00892 0.02450
128.00000 39.00000 0.99999 0.99917 1.00000 0.00000 0.12588 0.28503 0.23935 0.00000 0.00000 0.00737 0.62723 0.26479 0.24324 0.46498 0.00403 0.99306 0.55208 0.36116 0.00000 0.27083 0.62791 1.00000 0.01200 0.02022
128.00000 40.00000 0.00006 0.00000 1.00000 1.00000 0.98422 0.91930 0.88834 1.00000 1.00000 0.99449 0.99920 0.86877 1.00000 0.90635 0.99718 0.99330 0.68082 0.03401 1.00000 0.91667 1.00000 1.00000 0.99451 0.98845
128.00000 41.00000 0.59516 0.73634 0.00000 0.23809 0.01073 0.03218 0.04978 0.29318 0.20818 0.09324 0.00110 0.01782 0.02703 0.02524 0.09106 0.00154 0.04829 0.91004 0.00000 0.03125 0.00000 0.00000 0.13923 0.14764
128.00000 42.00000 0.23818 0.29691 1.00000 0.59794 0.63648 0.68801 0.66743 0.61718 0.61509 0.61493 0.85322 0.64212 0.89189 0.73534 0.61527 0.99347 0.66518 0.09772 1.00000 0.68750 0.85412 1.00000 0.63512 0.63182
128.00000 43.00000 0.99997 0.99762 1.00000 0.00000 0.12717 0.30018 0.22657 0.00000 0.00000 0.00339 0.62717 0.27376 0.24324 0.47801 0.00396 0.99286 0.54491 0.36614 0.00000 0.27083 0.62791 1.00000 0.01063 0.02042
128.00000 44.00000 0.83332 0.99762 1.00000 0.06027 0.18341 0.31434 0.25468 0.14659 0.14403 0.13952 0.65052 0.29300 0.24324 0.44218 0.13816 0.99314 0.51354 0.35036 0.00000 0.32292 0.65116 1.00000 0.16358 0.16993
128.00000 45.00000 0.47608 0.83195 1.00000 0.62699 0.65859 0.62262 0.52905 0.50794 0.49937 0.47339 0.86377 0.59631 0.40541 0.65147 0.47198 0.99333 0.50409 0.31653 0.00000 0.63542 0.86469 1.00000 0.49314 0.49231
128.00000 46.00000 0.47621 0.83242 1.00000 0.62699 0.65501 0.65125 0.52672 0.50794 0.49937 0.47213 0.86381 0.59573 0.40541 0.63274 0.47226 0.99322 0.49990 0.31642 0.00000 0.63542 0.86469 1.00000 0.49383 0.49753
128.00000 47.00000 0.99981 0.99762 1.00000 0.00000 0.12726 0.29037 0.22587 0.00000 0.00063 0.00368 0.62717 0.26588 0.24324 0.45928 0.00459 0.99295 0.55279 0.35757 0.00000 0.29167 0.62791 1.00000 0.01200 0.01808
128.00000 48.00000 0.59509 0.73634 0.00000 0.23809 0.00973 0.05068 0.04501 0.29318 0.20818 0.09398 0.00103 0.01543 0.02703 0.03013 0.08941 0.00154 0.05448 0.93790 0.00000 0.02083 0.00000 0.00000 0.14232 0.14463
128.00000 49.00000 0.00002 0.00143 1.00000 1.00000 0.98037 0.92185 0.90110 1.00000 1.00000 0.99733 0.99924 0.86172 1.00000 0.90798 0.99663 0.99330 0.66709 0.02665 1.00000 0.92708 1.00000 1.00000 0.98422 0.98726
128.00000 50.00000 0.59520 0.73634 0.00000 0.23809 0.00945 0.03584 0.04395 0.29318 0.20818 0.09319 0.00101 0.02201 0.02703 0.02199 0.08946 0.00165 0.05301 0.91524 0.00000 0.04167 0.00000 0.00000 0.13957 0.14796
128.00000 51.00000 0.00004 0.00000 1.00000 1.00000 0.98183 0.93285 0.91022 1.00000 1.00000 0.99616 0.99916 0.86626 1.00000 0.89739 0.99779 0.99317 0.67430 0.02852 1.00000 0.92708 1.00000 1.00000 0.98663 0.99387
128.00000 52.00000 0.99988 0.99762 1.00000 0.00000 0.12854 0.29508 0.23552 0.00000 0.00000 0.00506 0.62721 0.26495 0.24324 0.46173 0.00342 0.99289 0.55691 0.37127 0.00000 0.28125 0.62791 1.00000 0.02503 0.01800
128.00000 53.00000 0.83329 0.99964 1.00000 0.06027 0.17818 0.32399 0.25160 0.14659 0.14403 0.13794 0.65058 0.29898 0.24324 0.44381 0.13844 0.99303 0.51297 0.35058 0.00000 0.30208 0.65116 1.00000 0.16049 0.16783
128.00000 54.00000 0.59511 0.73634 0.00000 0.23809 0.00881 0.04900 0.05577 0.29318 0.20881 0.09343 0.00110 0.01184 0.02703 0.02199 0.09060 0.00149 0.05443 0.92106 0.00000 0.05208 0.00000 0.00000 0.14232 0.14808
128.00000 55.00000 0.23820 0.29691 1.00000 0.59794 0.63373 0.67986 0.66654 0.61718 0.61509 0.61653 0.85322 0.64439 0.89189 0.73290 0.61712 0.99328 0.65754 0.10270 1.00000 0.68750 0.85412 1.00000 0.62586 0.64008
128.00000 56.00000 0.83318 0.99762 1.00000 0.06027 0.18286 0.32643 0.22568 0.14659 0.14403 0.13732 0.65048 0.29213 0.24324 0.45765 0.13803 0.99314 0.50493 0.35757 0.00000 0.31250 0.65116 1.00000 0.15638 0.16525
128.00000 57.00000 0.99995 0.99762 1.00000 0.00000 0.12542 0.29882 0.23458 0.00000 0.00000 0.00468 0.62721 0.27509 0.24324 0.46010 0.00396 0.99308 0.55198 0.36526 0.00000 0.28125 0.62791 1.00000 0.01235 0.02355
128.00000 58.00000 0.99994 0.99952 1.00000 0.00000 0.12386 0.30364 0.22662 0.00000 0.00063 0.00489 0.62717 0.26790 0.24324 0.45114 0.00342 0.99286 0.54684 0.35651 0.00000 0.29167 0.62791 1.00000 0.01509 0.01970
128.00000 59.00000 0.99988 0.99976 1.00000 0.00000 0.12653 0.28417 0.23256 0.00000 0.00000 0.00356 0.62725 0.27238 0.24324 0.45603 0.00368 0.99297 0.55727 0.35911 0.00000 0.30208 0.62791 1.00000 0.01097 0.01889
128.00000 60.00000 0.83325 0.99762 1.00000 0.06027 0.18534 0.32136 0.23526 0.14659 0.14403 0.13825 0.65058 0.29174 0.24324 0.45440 0.13626 0.99308 0.51116 0.35534 0.00000 0.32292 0.65116 1.00000 0.16049 0.16448
128.00000 61.00000 0.23809 0.29739 1.00000 0.59794 0.63052 0.70440 0.65554 0.61718 0.61509 0.61577 0.85326 0.64470 0.89189 0.75407 0.61608 0.99336 0.66671 0.10764 1.00000 0.67708 0.85412 1.00000 0.63820 0.62902
128.00000 62.00000 0.23823 0.29881 1.00000 0.59794 0.63602 0.69275 0.66512 0.61718 0.61509 0.61594 0.85319 0.63679 0.89189 0.74023 0.61514 0.99339 0.65542 0.10984 1.00000 0.66667 0.85412 1.00000 0.63580 0.63400
128.00000 63.00000 0.47625 0.83135 1.00000 0.62699 0.66226 0.64229 0.54333 0.50794 0.49937 0.47282 0.86379 0.59753 0.40541 0.64902 0.47143 0.99317 0.49017 0.30785 0.00000 0.63542 0.86469 1.00000 0.48663 0.48961
128.00000 64.00000 0.23824 0.29691 1.00000 0.59794 0.62960 0.71911 0.66692 0.61718 0.61509 0.61696 0.85313 0.64126 0.89189 0.74023 0.61555 0.99325 0.66378 0.10267 1.00000 0.66667 0.85412 1.00000 0.63409 0.63184
128.00000 65.00000 0.99977 0.99786 1.00000 0.00000 0.12487 0.27710 0.22924 0.00000 0.00000 0.00666 0.62723 0.27714 0.24324 0.45765 0.00487 0.99308 0.54218 0.36460 0.00000 0.28125 0.62791 1.00000 0.01475 0.02354
128.00000 66.00000 0.47617 0.83361 1.00000 0.62699 0.65612 0.64158 0.52843 0.50794 0.49937 0.47401 0.86381 0.59843 0.40541 0.64984 0.47001 0.99333 0.50645 0.32733 0.00000 0.64583 0.86469 1.00000 0.49554 0.49830
128.00000 67.00000 0.99992 0.99917 1.00000 0.00000 0.12790 0.26401 0.24344 0.00000 0.00000 0.00513 0.62719 0.26656 0.24324 0.45440 0.00391 0.99289 0.56017 0.36533 0.00000 0.27083 0.62791 1.00000 0.02435 0.01642
128.00000 68.00000 0.59508 0.73753 0.00000 0.23809 0.00982 0.05589 0.06376 0.29318 0.20818 0.09200 0.00110 0.01963 0.02703 0.02280 0.09091 0.00163 0.05370 0.92289 0.00000 0.03125 0.00000 0.00000 0.14060 0.14143
128.00000 69.00000 0.47613 0.83135 1.00000 0.62699 0.65483 0.64792 0.54179 0.50794 0.49937 0.47224 0.86377 0.59505 0.40541 0.64902 0.47216 0.99333 0.49462 0.32048 0.00000 0.62500 0.86469 1.00000 0.49588 0.49784
128.00000 70.00000 0.59508 0.73753 0.00000 0.23809 0.01385 0.04854 0.05120 0.29318 0.20818 0.09255 0.00101 0.01911 0.02703 0.03339 0.09035 0.00143 0.05465 0.92615 0.00000 0.04167 0.00000 0.00000 0.14540 0.15041
128.00000 71.00000 0.47622 0.83135 1.00000 0.62699 0.66336 0.65020 0.54080 0.50794 0.49937 0.47365 0.86384 0.59239 0.40541 0.64495 0.47275 0.99333 0.51557 0.30664 0.00000 0.64583 0.86469 1.00000 0.49588 0.49759
128.00000 72.00000 0.00003 0.00000 1.00000 1.00000 0.97651 0.93222 0.91246 1.00000 1.00000 0.99544 0.99913 0.86234 1.00000 0.91124 0.99668 0.99339 0.67868 0.04383 1.00000 0.91667 1.00000 1.00000 0.99177 0.99063
128.00000 73.00000 0.99993 0.99762 1.00000 0.00000 0.12634 0.29143 0.23179 0.00000 0.00000 0.00468 0.62730 0.26522 0.24324 0.45928 0.00439 0.99297 0.54867 0.37302 0.00000 0.27083 0.62791 1.00000 0.01509 0.02102
128.00000 74.00000 0.47626 0.83349 1.00000 0.62699 0.65905 0.64700 0.54087 0.50794 0.49937 0.47387 0.86384 0.59531 0.40541 0.63844 0.47249 0.99319 0.49676 0.31946 0.00000 0.64583 0.86469 1.00000 0.48594 0.49708
128.00000 75.00000 0.59520 0.73634 0.00000 0.23809 0.00661 0.03020 0.03500 0.29318 0.20818 0.09253 0.00106 0.01391 0.02703 0.01547 0.09070 0.00154 0.05689 0.93593 0.00000 0.03125 0.00000 0.00000 0.14026 0.14732
128.00000 76.00000 0.59521 0.73634 0.00000 0.23809 0.01652 0.03990 0.05098 0.29318 0.20881 0.09341 0.00103 0.01762 0.02703 0.03094 0.09286 0.00154 0.04034 0.92296 0.00000 0.03125 0.00000 0.00000 0.14198 0.15130
128.00000 77.00000 0.99996 0.99976 1.00000 0.00000 0.13065 0.29099 0.23348 0.00000 0.00000 0.00515 0.62725 0.26649 0.24324 0.45928 0.00388 0.99306 0.55643 0.37178 0.00000 0.28125 0.62791 1.00000 0.01406 0.02296
128.00000 78.00000 0.83336 0.99762 1.00000 0.06027 0.18479 0.32461 0.22536 0.14659 0.14403 0.13749 0.65058 0.29586 0.24324 0.45928 0.13760 0.99306 0.51790 0.35962 0.00000 0.31250 0.65116 1.00000 0.16049 0.16550
128.00000 79.00000 0.99989 0.99786 1.00000 0.00000 0.12377 0.28931 0.23836 0.00000 0.00000 0.00659 0.62734 0.27195 0.24324 0.45847 0.00406 0.99303 0.55750 0.37379 0.00000 0.29167 0.62791 1.00000 0.01715 0.02437
128.00000 80.00000 0.23822 0.29691 1.00000 0.59794 0.63254 0.69720 0.67053 0.61718 0.61509 0.61472 0.85326 0.63666 0.89189 0.73453 0.61585 0.99352 0.67685 0.10523 1.00000 0.67708 0.85412 1.00000 0.63203 0.63653
128.00000 81.00000 0.00002 0.00000 1.00000 1.00000 0.97972 0.92163 0.92351 1.00000 1.00000 0.99685 0.99926 0.86717 1.00000 0.89169 0.99597 0.99341 0.68044 0.03482 1.00000 0.91667 1.00000 1.00000 0.99211 0.99223
128.00000 82.00000 0.47621 0.83135 1.00000 0.62699 0.65823 0.66225 0.51885 0.50794 0.49937 0.47224 0.86386 0.60658 0.40541 0.64984 0.47272 0.99330 0.50847 0.31074 0.00000 0.63542 0.86469 1.00000 0.49588 0.49301
128.00000 83.00000 0.47628 0.83135 1.00000 0.62699 0.66474 0.65938 0.55454 0.50794 0.49937 0.47248 0.86379 0.59566 0.40541 0.63925 0.47343 0.99322 0.50928 0.31272 0.00000 0.64583 0.86469 1.00000 0.49143 0.49716
128.00000 84.00000 0.83335 0.99798 1.00000 0.06027 0.18341 0.32030 0.23249 0.14659 0.14403 0.13897 0.65044 0.29171 0.24324 0.44870 0.13763 0.99308 0.51040 0.35680 0.00000 0.30208 0.65116 1.00000 0.15981 0.16063
128.00000 85.00000 1.00000 0.99762 1.00000 0.00000 0.12478 0.27918 0.22452 0.00000 0.00000 0.00442 0.62725 0.27348 0.24324 0.45277 0.00355 0.99297 0.55141 0.37097 0.00000 0.28125 0.62791 1.00000 0.01235 0.02643
128.00000 86.00000 0.99980 0.99857 1.00000 0.00000 0.13084 0.27273 0.22616 0.00000 0.00000 0.00434 0.62734 0.27003 0.24324 0.45521 0.00421 0.99306 0.55474 0.37643 0.00000 0.30208 0.62791 1.00000 0.01680 0.01857
128.00000 87.00000 0.83315 0.99917 1.00000 0.06027 0.17901 0.30519 0.26041 0.14659 0.14403 0.13870 0.65052 0.28937 0.24324 0.46173 0.13781 0.99300 0.52283 0.34183 0.00000 0.32292 0.65116 1.00000 0.16221 0.16433
128.00000 88.00000 0.83317 0.99786 1.00000 0.06027 0.18571 0.31399 0.23326 0.14659 0.14403 0.13670 0.65048 0.29003 0.24324 0.45277 0.13672 0.99317 0.50835 0.35417 0.00000 0.30208 0.65116 1.00000 0.16632 0.16572
128.00000 89.00000 0.99980 0.99762 1.00000 0.00000 0.12451 0.27265 0.23413 0.00000 0.00000 0.00456 0.62744 0.26936 0.24324 0.47883 0.00520 0.99311 0.55358 0.37174 0.00000 0.28125 0.62791 1.00000 0.01440 0.01846
128.00000 90.00000 0.23820 0.29691 1.00000 0.59794 0.63446 0.67970 0.68428 0.61718 0.61509 0.61451 0.85322 0.64088 0.89189 0.73941 0.61484 0.99344 0.67499 0.09589 1.00000 0.68750 0.85412 1.00000 0.62689 0.63520
128.00000 91.00000 0.00001 0.00000 1.00000 1.00000 0.97486 0.92372 0.91814 1.00000 1.00000 0.99656 0.99932 0.86421 1.00000 0.90309 0.99746 0.99319 0.67573 0.00860 1.00000 0.93750 1.00000 1.00000 0.98422 0.98627
128.00000 92.00000 0.00004 0.00166 1.00000 1.00000 0.97780 0.92930 0.90548 1.00000 1.00000 0.99530 0.99941 0.86861 1.00000 0.91287 0.99607 0.99339 0.67913 0.03445 1.00000 0.94792 1.00000 1.00000 0.99005 0.98386
128.00000 93.00000 0.99987 0.99762 1.00000 0.00000 0.12597 0.29289 0.22686 0.00000 0.00063 0.00382 0.62734 0.27034 0.24324 0.46743 0.00426 0.99289 0.56691 0.37262 0.00000 0.27083 0.62791 1.00000 0.01235 0.02167
128.00000 94.00000 0.47609 0.83349 1.00000 0.62699 0.65318 0.64088 0.52190 0.50794 0.49937 0.47193 0.86388 0.59172 0.40541 0.65228 0.47211 0.99328 0.50250 0.31924 0.00000 0.63542 0.86469 1.00000 0.49314 0.50189
128.00000 95.00000 0.47619 0.83219 1.00000 0.62699 0.65850 0.63416 0.53567 0.50794 0.49937 0.47134 0.86388 0.60080 0.40541 0.64984 0.47252 0.99325 0.48620 0.32315 0.00000 0.63542 0.86469 1.00000 0.48868 0.49384
128.00000 96.00000 0.83322 0.99762 1.00000 0.06027 0.18506 0.34420 0.25391 0.14659 0.14403 0.13906 0.65073 0.29501 0.24324 0.44951 0.13656 0.99300 0.50583 0.35981 0.00000 0.31250 0.65116 1.00000 0.16427 0.16515
128.00000 97.00000 0.83316 0.99762 1.00000 0.06027 0.18506 0.33769 0.22421 0.14659 0.14403 0.13598 0.65054 0.29343 0.27027 0.45928 0.13722 0.99297 0.51273 0.35175 0.00000 0.31250 0.65116 1.00000 0.16255 0.15893
128.00000 98.00000 0.23801 0.29881 1.00000 0.59794 0.63492 0.68967 0.65335 0.61718 0.61509 0.61622 0.85324 0.63969 0.89189 0.73453 0.61494 0.99325 0.66461 0.10274 1.00000 0.70833 0.85412 1.00000 0.63512 0.64085
128.00000 99.00000 0.83326 0.99976 1.00000 0.06027 0.18424 0.31551 0.25950 0.14659 0.14403 0.13780 0.65052 0.29163 0.24324 0.46498 0.13737 0.99300 0.50705 0.34908 0.00000 0.31250 0.65116 1.00000 0.16187 0.16253
128.00000 100.00000 0.83325 0.99798 1.00000 0.06027 0.18855 0.32047 0.24166 0.14659 0.14403 0.13770 0.65058 0.29285 0.24324 0.44625 0.13641 0.99317 0.52654 0.34904 0.00000 0.32292 0.65116 1.00000 0.15844 0.16564
128.00000 101.00000 0.83328 0.99762 1.00000 0.06027 0.17754 0.29955 0.24077 0.14659 0.14403 0.13904 0.65052 0.29067 0.24324 0.45440 0.13689 0.99311 0.52040 0.34974 0.00000 0.31250 0.65116 1.00000 0.16564 0.17271
128.00000 102.00000 0.23813 0.29691 1.00000 0.59794 0.63850 0.68739 0.67999 0.61718 0.61509 0.61479 0.85336 0.64195 0.89189 0.73779 0.61636 0.99341 0.67294 0.10193 1.00000 0.67708 0.85412 1.00000 0.63820 0.64131
128.00000 103.00000 0.99998 0.99976 1.00000 0.00000 0.12442 0.27953 0.22996 0.00000 0.00063 0.00475 0.62736 0.27589 0.24324 0.46580 0.00345 0.99308 0.56731 0.36229 0.00000 0.28125 0.62791 1.00000 0.01783 0.02302
128.00000 104.00000 0.47613 0.83349 1.00000 0.62699 0.65575 0.63584 0.52787 0.50794 0.49937 0.47356 0.86386 0.59421 0.40541 0.65147 0.47338 0.99330 0.49069 0.32162 0.00000 0.63542 0.86469 1.00000 0.49691 0.48779
128.00000 105.00000 0.00000 0.00000 1.00000 1.00000 0.97871 0.92198 0.91063 1.00000 1.00000 0.99580 0.99926 0.86934 1.00000 0.89658 0.99561 0.99325 0.68601 0.02647 1.00000 0.91667 1.00000 1.00000 0.99040 0.99000
128.00000 106.00000 0.47623 0.83135 1.00000 0.62699 0.66079 0.65589 0.54768 0.50794 0.49937 0.47275 0.86392 0.60289 0.37838 0.64902 0.47224 0.99322 0.49926 0.32667 0.00000 0.63542 0.86469 1.00000 0.49246 0.49594
128.00000 107.00000 0.99999 0.99798 1.00000 0.00000 0.13120 0.29795 0.22881 0.00000 0.00063 0.00456 0.62742 0.26768 0.24324 0.45603 0.00208 0.99308 0.55967 0.36720 0.00000 0.27083 0.62791 1.00000 0.01955 0.02319
128.00000 108.00000 0.00002 0.00000 1.00000 1.00000 0.98073 0.91472 0.90928 1.00000 1.00000 0.99492 0.99920 0.87062 1.00000 0.88355 0.99713 0.99339 0.69529 0.01241 1.00000 0.91667 1.00000 1.00000 0.98765 0.98579
128.00000 109.00000 0.59530 0.73634 0.00000 0.23809 0.00596 0.05440 0.03601 0.29318 0.20881 0.09343 0.00120 0.02169 0.02703 0.03420 0.09103 0.00165 0.04879 0.92567 0.00000 0.02083 0.00000 0.00000 0.14026 0.14840
128.00000 110.00000 0.83315 0.99869 1.00000 0.06027 0.18460 0.32496 0.24503 0.14659 0.14403 0.13892 0.65061 0.29661 0.24324 0.45765 0.13793 0.99300 0.51680 0.35724 0.00000 0.30208 0.65116 1.00000 0.16289 0.16063
128.00000 111.00000 0.83330 0.99762 1.00000 0.06027 0.18148 0.33648 0.23266 0.14659 0.14403 0.13866 0.65056 0.29107 0.24324 0.45928 0.13778 0.99317 0.51911 0.37540 0.00000 0.31250 0.65116 1.00000 0.15432 0.16246
128.00000 112.00000 0.47625 0.83183 1.00000 0.62699 0.65832 0.64784 0.55712 0.50794 0.49937 0.47248 0.86371 0.59764 0.40541 0.66368 0.47231 0.99339 0.50133 0.32253 0.00000 0.63542 0.86469 1.00000 0.49348 0.49321
128.00000 113.00000 0.23810 0.29751 1.00000 0.59794 0.63593 0.68915 0.67246 0.61718 0.61509 0.61572 0.85324 0.63851 0.89189 0.74430 0.61613 0.99347 0.67066 0.10116 1.00000 0.67708 0.85412 1.00000 0.63066 0.64132
128.00000 114.00000 0.99979 0.99762 1.00000 0.00000 0.12726 0.29579 0.23848 0.00000 0.00063 0.00453 0.62734 0.27509 0.24324 0.45928 0.00282 0.99300 0.57531 0.37225 0.00000 0.27083 0.62791 1.00000 0.01818 0.01720
128.00000 115.00000 0.99984 0.99976 1.00000 0.00000 0.13148 0.27436 0.21629 0.00000 0.00063 0.00451 0.62730 0.26676 0.24324 0.46906 0.00398 0.99319 0.55510 0.35999 0.00000 0.28125 0.62791 1.00000 0.00583 0.02052
128.00000 116.00000 0.99991 0.99786 1.00000 0.00000 0.12689 0.28343 0.23107 0.00000 0.00000 0.00444 0.62734 0.26773 0.24324 0.47150 0.00327 0.99328 0.55163 0.37288 0.00000 0.28125 0.62791 1.00000 0.01509 0.01857
128.00000 117.00000 0.00000 0.00000 1.00000 1.00000 0.98330 0.93612 0.89371 1.00000 1.00000 0.99537 0.99911 0.87161 1.00000 0.89088 0.99767 0.99328 0.69051 0.01849 1.00000 0.91667 1.00000 1.00000 0.98628 0.98498
128.00000 118.00000 0.59516 0.73670 0.00000 0.23809 0.00633 0.06304 0.03553 0.29318 0.20881 0.09272 0.00108 0.01648 0.02703 0.02769 0.09065 0.00165 0.05605 0.92392 0.00000 0.02083 0.00000 0.00000 0.14678 0.15008
128.00000 119.00000 0.59516 0.73634 0.00000 0.23809 0.01046 0.03378 0.05151 0.29318 0.20881 0.09439 0.00118 0.01624 0.02703 0.04235 0.08974 0.00165 0.06148 0.93113 0.00000 0.03125 0.00000 0.00000 0.14198 0.14620
128.00000 120.00000 0.47620 0.83337 1.00000 0.62699 0.65703 0.64827 0.54824 0.50794 0.50000 0.47232 0.86388 0.59901 0.40541 0.67101 0.47171 0.99336 0.50681 0.32447 0.00000 0.64583 0.86469 1.00000 0.49005 0.49744
128.00000 121.00000 0.00003 0.00154 1.00000 1.00000 0.97945 0.95026 0.90993 1.00000 1.00000 0.99702 0.99920 0.87060 1.00000 0.90798 0.99795 0.99330 0.68084 0.03182 1.00000 0.94792 1.00000 1.00000 0.98594 0.98763
128.00000 122.00000 0.59531 0.73634 0.00000 0.23809 0.01340 0.03717 0.06041 0.29318 0.20818 0.09396 0.00112 0.01706 0.02703 0.03746 0.09035 0.00160 0.05777 0.93937 0.00000 0.02083 0.00000 0.00000 0.14060 0.14433
128.00000 123.00000 0.99980 0.99798 1.00000 0.00000 0.12487 0.27785 0.24736 0.00000 0.00000 0.00504 0.62734 0.27329 0.24324 0.46010 0.00360 0.99300 0.53942 0.37028 0.00000 0.27083 0.62791 1.00000 0.01578 0.02035
128.00000 124.00000 0.00004 0.00048 1.00000 1.00000 0.97780 0.92745 0.89689 1.00000 1.00000 0.99470 0.99928 0.87157 1.00000 0.89495 0.99721 0.99317 0.69551 0.03178 1.00000 0.93750 1.00000 1.00000 0.99143 0.98577
128.00000 125.00000 0.83327 0.99762 1.00000 0.06027 0.18341 0.31101 0.24554 0.14659 0.14403 0.13761 0.65058 0.28842 0.24324 0.45684 0.13753 0.99322 0.51385 0.35062 0.00000 0.31250 0.65116 1.00000 0.16461 0.16610
128.00000 126.00000 0.47626 0.83290 1.00000 0.62699 0.65400 0.65586 0.51471 0.50794 0.49937 0.47427 0.86405 0.59815 0.40541 0.65635 0.47216 0.99325 0.49414 0.31129 0.00000 0.64583 0.86469 1.00000 0.49143 0.49766
128.00000 127.00000 0.59525 0.73646 0.00000 0.23809 0.00349 0.03765 0.03288 0.29318 0.20818 0.09498 0.00118 0.02029 0.02703 0.02117 0.09167 0.00163 0.06572 0.92014 0.00000 0.01042 0.00000 0.00000 0.13855 0.14883
128.00000 128.00000 0.59515 0.73765 0.00000 0.23809 0.01376 0.04028 0.05772 0.29318 0.20818 0.09274 0.00127 0.01971 0.02703 0.01954 0.09004 0.00168 0.05505 0.92860 0.00000 0.03125 0.00000 0.00000 0.13340 0.14629
128.00000 129.00000 0.00005 0.00000 1.00000 1.00000 0.98137 0.92079 0.92777 1.00000 1.00000 0.99704 0.99926 0.86743 1.00000 0.89577 0.99589 0.99328 0.69308 0.02523 1.00000 0.90625 1.00000 1.00000 0.99040 0.98714
128.00000 130.00000 0.00002 0.00143 1.00000 1.00000 0.97449 0.94485 0.91484 1.00000 1.00000 0.99582 0.99911 0.86617 1.00000 0.90065 0.99574 0.99341 0.68739 0.02307 1.00000 0.93750 1.00000 1.00000 0.98560 0.99089
128.00000 131.00000 0.99990 0.99786 1.00000 0.00000 0.13322 0.29216 0.25317 0.00000 0.00000 0.00520 0.62749 0.27668 0.24324 0.46336 0.00317 0.99317 0.55208 0.36076 0.00000 0.29167 0.62791 1.00000 0.01612 0.02216
128.00000 132.00000 0.47607 0.83135 1.00000 0.62699 0.65226 0.64505 0.52118 0.50794 0.50000 0.47380 0.86388 0.59505 0.40541 0.64495 0.47280 0.99336 0.50467 0.32114 0.00000 0.63542 0.86469 1.00000 0.49554 0.49515
128.00000 133.00000 0.59508 0.73634 0.00000 0.23809 0.01147 0.04567 0.05271 0.29318 0.20818 0.09343 0.00120 0.01923 0.02703 0.03176 0.09007 0.00193 0.05215 0.93314 0.00000 0.03125 0.00000 0.00000 0.14163 0.14511
128.00000 134.00000 0.59524 0.73646 0.00000 0.23809 0.01092 0.03159 0.05312 0.29318 0.20881 0.09126 0.00131 0.01572 0.02703 0.03420 0.09050 0.00168 0.05810 0.93940 0.00000 0.03125 0.00000 0.00000 0.14609 0.14342
128.00000 135.00000 0.83315 0.99762 1.00000 0.06027 0.18653 0.33612 0.22334 0.14659 0.14403 0.13868 0.65069 0.29490 0.24324 0.45195 0.13740 0.99325 0.51178 0.35040 0.00000 0.30208 0.65116 1.00000 0.16289 0.16530
128.00000 136.00000 0.23804 0.29691 1.00000 0.59794 0.63712 0.68474 0.67073 0.61718 0.61509 0.61544 0.85324 0.64457 0.89189 0.73616 0.61656 0.99336 0.67289 0.11478 1.00000 0.68750 0.85412 1.00000 0.63992 0.63926
128.00000 137.00000 0.99999 0.99929 1.00000 0.00000 0.12432 0.29893 0.23405 0.00000 0.00000 0.00389 0.62734 0.27148 0.24324 0.47313 0.00355 0.99295 0.56343 0.36482 0.00000 0.28125 0.62791 1.00000 0.01612 0.02540
128.00000 138.00000 0.99987 0.99762 1.00000 0.00000 0.12653 0.28528 0.24212 0.00000 0.00000 0.00327 0.62742 0.27173 0.24324 0.46498 0.00520 0.99300 0.55893 0.38767 0.00000 0.27083 0.62791 1.00000 0.00720 0.01850
128.00000 139.00000 0.23821 0.29691 1.00000 0.59794 0.63400 0.69744 0.68767 0.61718 0.61509 0.61536 0.85328 0.63992 0.89189 0.73453 0.61601 0.99333 0.67611 0.10483 1.00000 0.66667 0.85412 1.00000 0.62860 0.63645
128.00000 140.00000 0.83322 0.99762 1.00000 0.06027 0.18699 0.34011 0.23138 0.14659 0.14403 0.13773 0.65071 0.29446 0.24324 0.46336 0.13791 0.99319 0.52283 0.34816 0.00000 0.31250 0.65116 1.00000 0.16324 0.16855
128.00000 141.00000 0.99990 0.99798 1.00000 0.00000 0.12698 0.31280 0.25040 0.00000 0.00063 0.00363 0.62736 0.26671 0.24324 0.46824 0.00474 0.99311 0.55831 0.36753 0.00000 0.27083 0.62791 1.00000 0.01097 0.01696
128.00000 142.00000 0.23808 0.29810 1.00000 0.59794 0.63327 0.70670 0.66473 0.61718 0.61509 0.61746 0.85319 0.64082 0.89189 0.74267 0.61606 0.99339 0.65652 0.10303 1.00000 0.68750 0.85412 1.00000 0.63443 0.63935
128.00000 143.00000 0.99999 0.99857 1.00000 0.00000 0.12634 0.30321 0.22977 0.00000 0.00000 0.00406 0.62736 0.27451 0.24324 0.46336 0.00492 0.99306 0.56155 0.35885 0.00000 0.30208 0.62791 1.00000 0.01337 0.02008
128.00000 144.00000 0.59513 0.73717 0.00000 0.23809 0.00991 0.06220 0.07250 0.29318 0.20881 0.09262 0.00137 0.02066 0.02703 0.03909 0.09075 0.00171 0.05510 0.92179 0.00000 0.04167 0.00000 0.00000 0.14300 0.14563
128.00000 145.00000 0.59517 0.73872 0.00000 0.23809 0.01138 0.03755 0.07283 0.29318 0.20881 0.09219 0.00133 0.01895 0.02703 0.04153 0.08969 0.00163 0.07905 0.92981 0.00000 0.03125 0.00000 0.00000 0.13752 0.14756
128.00000 146.00000 0.23819 0.29691 1.00000 0.59794 0.63712 0.70356 0.68235 0.61718 0.61509 0.61627 0.85324 0.65236 0.89189 0.72883 0.61464 0.99333 0.67911 0.12017 1.00000 0.69792 0.85412 1.00000 0.62826 0.63084
128.00000 147.00000 0.99984 0.99762 1.00000 0.00000 0.12818 0.28804 0.23384 0.00000 0.00000 0.00418 0.62740 0.27273 0.24324 0.45928 0.00424 0.99295 0.56617 0.38038 0.00000 0.29167 0.62791 1.00000 0.01166 0.02141
128.00000 148.00000 1.00000 0.99952 1.00000 0.00000 0.12689 0.29982 0.24411 0.00000 0.00000 0.00716 0.62742 0.27401 0.24324 0.46743 0.00337 0.99328 0.56153 0.36973 0.00000 0.29167 0.62791 1.00000 0.02160 0.01823
128.00000 149.00000 0.47608 0.83135 1.00000 0.62699 0.66245 0.65261 0.52922 0.50794 0.49937 0.47370 0.86392 0.59995 0.40541 0.65798 0.47110 0.99325 0.50647 0.32121 0.00000 0.64583 0.86469 1.00000 0.49108 0.49705
128.00000 150.00000 0.59509 0.73812 0.00000 0.23809 0.01633 0.03308 0.04828 0.29318 0.20881 0.09305 0.00122 0.02166 0.02703 0.04479 0.08979 0.00174 0.07859 0.93834 0.00000 0.06250 0.00000 0.00000 0.14438 0.14356
128.00000 151.00000 0.83336 0.99762 1.00000 0.06027 0.18213 0.32702 0.24522 0.14659 0.14403 0.13818 0.65063 0.29201 0.24324 0.44300 0.13656 0.99333 0.51371 0.35062 0.00000 0.30208 0.65116 1.00000 0.16221 0.16643
128.00000 152.00000 0.00005 0.00143 1.00000 1.00000 0.98303 0.94306 0.91542 1.00000 1.00000 0.99539 0.99930 0.86708 1.00000 0.90147 0.99538 0.99330 0.68449 0.03207 1.00000 0.93750 1.00000 1.00000 0.99280 0.98742
128.00000 153.00000 0.47628 0.83135 1.00000 0.62699 0.66098 0.63914 0.55343 0.50794 0.49937 0.47239 0.86396 0.59825 0.40541 0.66287 0.47320 0.99341 0.50286 0.32334 0.00000 0.63542 0.86469 1.00000 0.49726 0.49776
128.00000 154.00000 0.59527 0.73634 0.00000 0.23809 0.00881 0.06531 0.05972 0.29318 0.20818 0.09229 0.00112 0.02631 0.02703 0.02687 0.09032 0.00193 0.07202 0.93120 0.00000 0.04167 0.00000 0.00000 0.14232 0.14484
128.00000 155.00000 0.59518 0.73789 0.00000 0.23809 0.01294 0.03565 0.05365 0.29318 0.20818 0.09346 0.00137 0.02505 0.02703 0.04153 0.08977 0.00174 0.07150 0.91989 0.00000 0.03125 0.00000 0.00000 0.14506 0.14819
128.00000 156.00000 0.99985 0.99952 1.00000 0.00000 0.12845 0.29414 0.24099 0.00000 0.00000 0.00422 0.62734 0.27920 0.24324 0.46824 0.00444 0.99328 0.57909 0.37943 0.00000 0.29167 0.62791 1.00000 0.02503 0.02401
128.00000 157.00000 0.99983 0.99881 1.00000 0.00000 0.12451 0.29633 0.26217 0.00000 0.00000 0.00449 0.62730 0.27446 0.24324 0.46743 0.00274 0.99322 0.55865 0.38708 0.00000 0.28125 0.62791 1.00000 0.01132 0.01601
128.00000 158.00000 0.47622 0.83325 1.00000 0.62699 0.66373 0.63048 0.54318 0.50794 0.49937 0.47263 0.86394 0.59995 0.40541 0.67752 0.47231 0.99352 0.49331 0.33022 0.00000 0.62500 0.86469 1.00000 0.48903 0.49933
128.00000 159.00000 0.99987 0.99762 1.00000 0.00000 0.12497 0.28988 0.23516 0.00000 0.00063 0.00377 0.62738 0.26856 0.24324 0.47883 0.00413 0.99325 0.57628 0.38111 0.00000 0.29167 0.62791 1.00000 0.01303 0.01832
128.00000 160.00000 0.83322 0.99917 1.00000 0.06027 0.18158 0.31415 0.23206 0.14659 0.14403 0.13641 0.65075 0.29868 0.27027 0.45358 0.13831 0.99341 0.52671 0.34915 0.00000 0.30208 0.65116 1.00000 0.16221 0.16184
128.00000 161.00000 0.00005 0.00083 1.00000 1.00000 0.98358 0.93509 0.91730 1.00000 1.00000 0.99537 0.99937 0.87047 1.00000 0.89902 0.99571 0.99322 0.69998 0.03259 1.00000 0.94792 1.00000 1.00000 0.98834 0.98735
128.00000 162.00000 0.83329 0.99762 1.00000 0.06027 0.18387 0.33388 0.23138 0.14659 0.14403 0.13789 0.65058 0.29581 0.24324 0.44381 0.13585 0.99336 0.52154 0.35109 0.00000 0.32292 0.65116 1.00000 0.16392 0.16060
128.00000 163.00000 0.23818 0.29810 1.00000 0.59794 0.63455 0.67035 0.68040 0.61718 0.61509 0.61307 0.85324 0.65058 0.89189 0.73779 0.61497 0.99339 0.68127 0.11391 1.00000 0.67708 0.85412 1.00000 0.63546 0.63690
128.00000 164.00000 0.59510 0.73860 0.00000 0.23809 0.01165 0.04578 0.04780 0.29318 0.20881 0.09310 0.00125 0.01571 0.02703 0.03909 0.08926 0.00176 0.06576 0.92527 0.00000 0.03125 0.00000 0.00000 0.14026 0.15199
128.00000 165.00000 0.83316 0.99762 1.00000 0.06027 0.18745 0.32748 0.26166 0.14659 0.14403 0.13806 0.65073 0.29865 0.24324 0.45033 0.13644 0.99322 0.52532 0.35131 0.00000 0.30208 0.65116 1.00000 0.16529 0.16255
128.00000 166.00000 0.59516 0.73670 0.00000 0.23809 0.00862 0.04126 0.03957 0.29318 0.20881 0.09150 0.00129 0.01754 0.02703 0.04316 0.09121 0.00185 0.05867 0.92783 0.00000 0.04167 0.00000 0.00000 0.13683 0.14391
128.00000 167.00000 0.23800 0.29691 1.00000 0.59794 0.63189 0.67945 0.68399 0.61718 0.61509 0.61420 0.85330 0.64692 0.89189 0.75407 0.61669 0.99350 0.67244 0.11442 1.00000 0.68750 0.85412 1.00000 0.62997 0.63204
128.00000 168.00000 0.83336 0.99905 1.00000 0.06027 0.18103 0.32905 0.25873 0.14659 0.14403 0.13594 0.65077 0.29473 0.24324 0.45928 0.13715 0.99333 0.52544 0.35398 0.00000 0.33333 0.65116 1.00000 0.15947 0.16891
128.00000 169.00000 0.99998 0.99762 1.00000 0.00000 0.12946 0.30077 0.24058 0.00000 0.00000 0.00399 0.62747 0.27387 0.24324 0.46091 0.00431 0.99336 0.56357 0.37222 0.00000 0.28125 0.62791 1.00000 0.01166 0.01223
128.00000 170.00000 0.47625 0.83314 1.00000 0.62699 0.66098 0.63844 0.53319 0.50794 0.49937 0.47174 0.86396 0.59773 0.40541 0.65391 0.47097 0.99350 0.51787 0.31276 0.00000 0.63542 0.86469 1.00000 0.49246 0.50175
128.00000 171.00000 0.23807 0.29810 1.00000 0.59794 0.62630 0.69110 0.67980 0.61718 0.61509 0.61412 0.85324 0.64501 0.89189 0.74674 0.61593 0.99330 0.66504 0.11801 1.00000 0.69792 0.85412 1.00000 0.62963 0.63636
128.00000 172.00000 0.00001 0.00012 1.00000 1.00000 0.98055 0.94674 0.92377 1.00000 1.00000 0.99520 0.99939 0.87065 1.00000 0.91857 0.99617 0.99341 0.69025 0.03160 1.00000 0.93750 1.00000 1.00000 0.98182 0.99160
128.00000 173.00000 0.59526 0.73848 0.00000 0.23809 0.01229 0.04863 0.04357 0.29318 0.20881 0.09324 0.00135 0.01706 0.02703 0.03420 0.09075 0.00182 0.07002 0.92406 0.00000 0.04167 0.00000 0.00000 0.13923 0.15122
128.00000 174.00000 0.00006 0.00012 1.00000 1.00000 0.98128 0.93187 0.92235 1.00000 1.00000 0.99537 0.99935 0.86925 1.00000 0.89495 0.99655 0.99330 0.69332 0.02215 1.00000 0.92708 1.00000 1.00000 0.98903 0.98217
128.00000 175.00000 0.99977 0.99846 1.00000 0.00000 0.12478 0.28912 0.24034 0.00000 0.00000 0.00558 0.62751 0.27626 0.24324 0.45765 0.00360 0.99333 0.58147 0.37471 0.00000 0.29167 0.62791 1.00000 0.01680 0.02637
128.00000 176.00000 0.59513 0.73860 0.00000 0.23809 0.01000 0.03589 0.06020 0.29318 0.20881 0.09140 0.00120 0.01773 0.02703 0.03257 0.09020 0.00174 0.06726 0.93494 0.00000 0.04167 0.00000 0.00000 0.13443 0.14902
128.00000 177.00000 0.23818 0.29691 1.00000 0.59794 0.63208 0.69690 0.67631 0.61718 0.61572 0.61579 0.85324 0.65330 0.89189 0.74674 0.61651 0.99333 0.68027 0.12614 1.00000 0.69792 0.85412 1.00000 0.63477 0.63480
128.00000 178.00000 0.47618 0.83135 1.00000 0.62699 0.65364 0.63833 0.53488 0.50794 0.49937 0.47088 0.86392 0.60359 0.37838 0.65879 0.47366 0.99347 0.51350 0.31550 0.00000 0.65625 0.86469 1.00000 0.48800 0.49031
128.00000 179.00000 0.99982 0.99976 1.00000 0.00000 0.12864 0.29167 0.25341 0.00000 0.00000 0.00465 0.62749 0.27581 0.24324 0.46336 0.00393 0.99328 0.58059 0.36581 0.00000 0.28125 0.62791 1.00000 0.01509 0.01959
128.00000 180.00000 0.99991 0.99762 1.00000 0.00000 0.13331 0.29359 0.23321 0.00000 0.00063 0.00418 0.62757 0.27680 0.24324 0.46906 0.00380 0.99344 0.57459 0.37097 0.00000 0.28125 0.62791 1.00000 0.00926 0.01743
128.00000 181.00000 1.00000 0.99810 1.00000 0.00000 0.12753 0.29378 0.23880 0.00000 0.00000 0.00382 0.62747 0.26680 0.24324 0.46417 0.00271 0.99330 0.56257 0.37518 0.00000 0.29167 0.62791 1.00000 0.01303 0.01780
128.00000 182.00000 0.23809 0.29798 1.00000 0.59794 0.63299 0.67729 0.69222 0.61718 0.61509 0.61663 0.85336 0.64726 0.89189 0.74919 0.61423 0.99352 0.68391 0.11709 1.00000 0.68750 0.85412 1.00000 0.62860 0.63032
128.00000 183.00000 0.47621 0.83242 1.00000 0.62699 0.65465 0.65009 0.54511 0.50794 0.50000 0.47275 0.86407 0.60580 0.40541 0.65065 0.47292 0.99355 0.51485 0.32491 0.00000 0.63542 0.86469 1.00000 0.49623 0.49007
128.00000 184.00000 0.99992 0.99762 1.00000 0.00000 0.13267 0.30421 0.24505 0.00000 0.00063 0.00430 0.62761 0.28073 0.24324 0.47313 0.00353 0.99330 0.58461 0.37211 0.00000 0.29167 0.62791 1.00000 0.00754 0.02641
128.00000 185.00000 0.99984 0.99905 1.00000 0.00000 0.12763 0.30337 0.25653 0.00000 0.00063 0.00473 0.62761 0.27938 0.24324 0.46498 0.00446 0.99339 0.57171 0.37346 0.00000 0.29167 0.62791 1.00000 0.01406 0.01682
128.00000 186.00000 0.83322 0.99762 1.00000 0.06027 0.18359 0.33184 0.25521 0.14659 0.14403 0.13940 0.65088 0.29733 0.24324 0.47150 0.13763 0.99358 0.54296 0.34999 0.00000 0.31250 0.65116 1.00000 0.15947 0.16463
128.00000 187.00000 0.99990 0.99810 1.00000 0.00000 0.12974 0.29083 0.24291 0.00000 0.00063 0.00520 0.62759 0.27253 0.24324 0.48127 0.00550 0.99339 0.56983 0.38441 0.00000 0.28125 0.62791 1.00000 0.01783 0.02466
128.00000 188.00000 0.99984 0.99762 1.00000 0.00000 0.12992 0.30186 0.24710 0.00000 0.00000 0.00477 0.62768 0.27390 0.24324 0.47964 0.00457 0.99336 0.56917 0.37328 0.00000 0.27083 0.62791 1.00000 0.01509 0.02355
128.00000 189.00000 0.47623 0.83314 1.00000 0.62699 0.65923 0.64830 0.53630 0.50794 0.50000 0.47179 0.86415 0.60287 0.40541 0.66042 0.47242 0.99358 0.53906 0.32323 0.00000 0.64583 0.86469 1.00000 0.48388 0.49137
128.00000 190.00000 0.59523 0.73765 0.00000 0.23809 0.01101 0.04651 0.05440 0.29318 0.20881 0.09327 0.00118 0.02299 0.02703 0.03827 0.09007 0.00190 0.06224 0.95145 0.00000 0.03125 0.00000 0.00000 0.14335 0.14235
128.00000 191.00000 0.47627 0.83278 1.00000 0.62699 0.65575 0.64472 0.54602 0.50794 0.50000 0.47062 0.86392 0.59767 0.40541 0.65554 0.47209 0.99363 0.52718 0.32447 0.00000 0.64583 0.86469 1.00000 0.48903 0.49985
128.00000 192.00000 0.23813 0.29691 1.00000 0.59794 0.63676 0.69785 0.69836 0.61718 0.61509 0.61515 0.85334 0.64621 0.89189 0.74756 0.61568 0.99352 0.69253 0.10409 1.00000 0.68750 0.85412 1.00000 0.62723 0.62943
128.00000 193.00000 0.99990 0.99762 1.00000 0.00000 0.12836 0.29530 0.23290 0.00000 0.00063 0.00446 0.62749 0.27929 0.24324 0.47476 0.00256 0.99330 0.57207 0.36757 0.00000 0.29167 0.62791 1.00000 0.01680 0.02176
128.00000 194.00000 0.99986 0.99762 1.00000 0.00000 0.12744 0.28696 0.23487 0.00000 0.00000 0.00513 0.62753 0.27970 0.24324 0.49104 0.00411 0.99339 0.58540 0.37884 0.00000 0.28125 0.62791 1.00000 0.01680 0.02227
128.00000 195.00000 0.23806 0.29691 1.00000 0.59794 0.63850 0.68216 0.69010 0.61718 0.61509 0.61386 0.85322 0.65059 0.89189 0.73779 0.61540 0.99347 0.69405 0.12295 1.00000 0.68750 0.85412 1.00000 0.62997 0.63678
128.00000 196.00000 0.47628 0.83195 1.00000 0.62699 0.65547 0.65542 0.54927 0.50794 0.50000 0.47258 0.86413 0.60337 0.40541 0.67182 0.47054 0.99355 0.53075 0.31598 0.00000 0.63542 0.86469 1.00000 0.48765 0.49593
128.00000 197.00000 0.83316 0.99988 1.00000 0.06027 0.18277 0.34154 0.25827 0.14659 0.14403 0.13918 0.65094 0.30253 0.24324 0.46010 0.13692 0.99341 0.53197 0.35929 0.00000 0.33333 0.65116 1.00000 0.16324 0.16407
128.00000 198.00000 0.23820 0.29691 1.00000 0.59794 0.63419 0.69357 0.69010 0.61718 0.61572 0.61436 0.85324 0.64693 0.89189 0.74511 0.61529 0.99339 0.67958 0.12742 1.00000 0.68750 0.85412 1.00000 0.63546 0.63381
128.00000 199.00000 0.00003 0.00095 1.00000 1.00000 0.98174 0.92548 0.90594 1.00000 1.00000 0.99351 0.99926 0.87707 1.00000 0.91531 0.99627 0.99322 0.69684 0.03925 1.00000 0.93750 1.00000 1.00000 0.98663 0.98804
128.00000 200.00000 0.99977 0.99964 1.00000 0.00000 0.13056 0.30213 0.24443 0.00000 0.00063 0.00458 0.62747 0.27790 0.24324 0.47638 0.00302 0.99341 0.58635 0.38543 0.00000 0.29167 0.62791 1.00000 0.01132 0.01860
128.00000 201.00000 0.47626 0.83135 1.00000 0.62699 0.65584 0.64242 0.56090 0.50794 0.49937 0.47160 0.86398 0.60740 0.40541 0.64658 0.47188 0.99363 0.52109 0.32213 0.00000 0.63542 0.86469 1.00000 0.49211 0.49319
128.00000 202.00000 0.59511 0.73634 0.00000 0.23809 0.01358 0.05621 0.05582 0.29318 0.20881 0.09458 0.00141 0.02250 0.02703 0.03827 0.09065 0.00209 0.08485 0.93893 0.00000 0.05208 0.00000 0.00000 0.14575 0.14805
128.00000 203.00000 0.83327 0.99834 1.00000 0.06027 0.18314 0.33393 0.27483 0.14659 0.14403 0.13765 0.65099 0.30425 0.24324 0.46091 0.13674 0.99369 0.53432 0.36138 0.00000 0.32292 0.65116 1.00000 0.15844 0.16674
128.00000 204.00000 0.47627 0.83135 1.00000 0.62699 0.65997 0.65496 0.53488 0.50794 0.50000 0.47265 0.86407 0.60724 0.37838 0.65879 0.47145 0.99358 0.52033 0.31997 0.00000 0.64583 0.86469 1.00000 0.48937 0.49332
128.00000 205.00000 0.47625 0.83135 1.00000 0.62699 0.65979 0.63839 0.54689 0.50794 0.49937 0.47148 0.86400 0.61089 0.40541 0.65798 0.47155 0.99355 0.53868 0.30682 0.00000 0.64583 0.86469 1.00000 0.49177 0.49790
128.00000 206.00000 0.23801 0.29691 1.00000 0.59794 0.63134 0.70719 0.67540 0.61718 0.61509 0.61598 0.85332 0.65374 0.89189 0.75326 0.61433 0.99350 0.69022 0.11127 1.00000 0.69792 0.85412 1.00000 0.63032 0.62853
128.00000 207.00000 0.00005 0.00000 1.00000 1.00000 0.98303 0.94076 0.91301 1.00000 1.00000 0.99516 0.99937 0.88101 1.00000 0.91612 0.99533 0.99341 0.70298 0.03182 1.00000 0.94792 1.00000 1.00000 0.97599 0.98016
128.00000 208.00000 0.00003 0.00048 1.00000 1.00000 0.98477 0.92158 0.92033 1.00000 1.00000 0.99532 0.99941 0.87580 1.00000 0.90798 0.99445 0.99336 0.71264 0.03522 1.00000 0.93750 1.00000 1.00000 0.98594 0.98386
128.00000 209.00000 0.00007 0.00000 1.00000 1.00000 0.98128 0.94888 0.93195 1.00000 1.00000 0.99344 0.99947 0.87960 1.00000 0.91287 0.99592 0.99328 0.70062 0.03658 1.00000 0.94792 1.00000 1.00000 0.98080 0.98121
128.00000 210.00000 0.99992 0.99762 1.00000 0.00000 0.12735 0.29067 0.24895 0.00000 0.00000 0.00566 0.62757 0.27627 0.24324 0.47557 0.00231 0.99363 0.56976 0.39334 0.00000 0.29167 0.62791 1.00000 0.01749 0.01075
128.00000 211.00000 0.23823 0.29691 1.00000 0.59794 0.63235 0.71884 0.67942 0.61718 0.61509 0.61434 0.85347 0.64841 0.89189 0.75163 0.61415 0.99358 0.69125 0.12031 1.00000 0.69792 0.85412 1.00000 0.62894 0.63099
128.00000 212.00000 0.23823 0.29893 1.00000 0.59794 0.63648 0.67490 0.71877 0.61718 0.61509 0.61441 0.85345 0.65113 0.89189 0.75489 0.61476 0.99355 0.68525 0.11662 1.00000 0.69792 0.85412 1.00000 0.63306 0.64008
128.00000 213.00000 0.23820 0.29691 1.00000 0.59794 0.63373 0.67712 0.68110 0.61718 0.61509 0.61498 0.85334 0.65665 0.89189 0.74023 0.61461 0.99380 0.68168 0.11702 1.00000 0.68750 0.85412 1.00000 0.63134 0.63642
128.00000 214.00000 0.00004 0.00083 1.00000 1.00000 0.98257 0.92461 0.92180 1.00000 1.00000 0.99358 0.99928 0.88152 1.00000 0.90472 0.99361 0.99347 0.71833 0.05272 1.00000 0.94792 1.00000 1.00000 0.98011 0.98289
128.00000 215.00000 0.99999 0.99869 1.00000 0.00000 0.13084 0.29828 0.26159 0.00000 0.00063 0.00399 0.62778 0.28148 0.24324 0.47476 0.00327 0.99358 0.58811 0.37881 0.00000 0.30208 0.62791 1.00000 0.01612 0.02368
128.00000 216.00000 0.00005 0.00190 1.00000 1.00000 0.97908 0.95861 0.92844 1.00000 1.00000 0.99348 0.99932 0.88503 1.00000 0.91042 0.99597 0.99339 0.71329 0.04006 1.00000 0.94792 1.00000 1.00000 0.98628 0.97749
128.00000 217.00000 0.99986 0.99834 1.00000 0.00000 0.13157 0.30402 0.24611 0.00000 0.00063 0.00539 0.62763 0.28197 0.24324 0.48208 0.00345 0.99350 0.57871 0.39181 0.00000 0.29167 0.62791 1.00000 0.02263 0.01881
128.00000 218.00000 0.00000 0.00000 1.00000 1.00000 0.98468 0.93588 0.91621 1.00000 1.00000 0.99437 0.99945 0.88287 1.00000 0.92752 0.99554 0.99352 0.71390 0.04273 1.00000 0.94792 1.00000 1.00000 0.98080 0.97887
128.00000 219.00000 0.99978 0.99810 1.00000 0.00000 0.12735 0.29928 0.25314 0.00000 0.00063 0.00487 0.62787 0.28143 0.24324 0.47720 0.00355 0.99363 0.57193 0.37950 0.00000 0.30208 0.62791 1.00000 0.01440 0.02070
128.00000 220.00000 0.23813 0.29786 1.00000 0.59794 0.63639 0.70838 0.69299 0.61718 0.61572 0.61448 0.85336 0.65235 0.89189 0.75570 0.61557 0.99363 0.69096 0.12196 1.00000 0.68750 0.85412 1.00000 0.62860 0.63536
128.00000 221.00000 0.59530 0.73812 0.00000 0.23809 0.01486 0.06212 0.06658 0.29318 0.20881 0.09195 0.00163 0.02862 0.02703 0.05212 0.09050 0.00207 0.08288 0.94673 0.00000 0.04167 0.00000 0.00000 0.13717 0.14670
128.00000 222.00000 0.83315 0.99929 1.00000 0.06027 0.18084 0.32548 0.24813 0.14659 0.14403 0.13737 0.65107 0.31457 0.24324 0.47313 0.13829 0.99388 0.52937 0.36072 0.00000 0.32292 0.65116 1.00000 0.16358 0.15877
128.00000 223.00000 0.83324 0.99762 1.00000 0.06027 0.18158 0.33485 0.24825 0.14659 0.14403 0.13701 0.65109 0.30746 0.24324 0.47231 0.13699 0.99399 0.54998 0.36519 0.00000 0.34375 0.65116 1.00000 0.15741 0.16111
128.00000 224.00000 0.59514 0.73800 0.00000 0.23809 0.01165 0.04478 0.04426 0.29318 0.20881 0.09138 0.00171 0.02885 0.02703 0.05375 0.08913 0.00237 0.09007 0.94361 0.00000 0.04167 0.00000 0.00000 0.14403 0.13526
128.00000 225.00000 0.83316 0.99762 1.00000 0.06027 0.18295 0.33948 0.25350 0.14659 0.14403 0.13730 0.65107 0.30563 0.24324 0.46987 0.13603 0.99385 0.54732 0.35332 0.00000 0.33333 0.65116 1.00000 0.15466 0.16450
128.00000 226.00000 0.23814 0.29691 1.00000 0.59794 0.63731 0.69806 0.69607 0.61718 0.61509 0.61627 0.85338 0.65458 0.89189 0.75814 0.61415 0.99358 0.67635 0.11867 1.00000 0.70833 0.85412 1.00000 0.63237 0.62914
128.00000 227.00000 0.47611 0.83278 1.00000 0.62699 0.66070 0.67653 0.56398 0.50794 0.50000 0.47189 0.86409 0.60655 0.37838 0.67834 0.47089 0.99380 0.52640 0.32667 0.00000 0.64583 0.86469 1.00000 0.48560 0.49439
128.00000 228.00000 0.99980 0.99762 1.00000 0.00000 0.12414 0.30410 0.24717 0.00000 0.00063 0.00556 0.62791 0.28756 0.24324 0.47801 0.00340 0.99374 0.58228 0.37826 0.00000 0.29167 0.62791 1.00000 0.01337 0.01754
128.00000 229.00000 0.00002 0.00000 1.00000 1.00000 0.98284 0.95024 0.92201 1.00000 1.00000 0.99518 0.99930 0.88312 1.00000 0.91857 0.99495 0.99341 0.72362 0.05756 1.00000 0.94792 1.00000 1.00000 0.98354 0.98669
128.00000 230.00000 0.47619 0.83207 1.00000 0.62699 0.66208 0.66290 0.55141 0.50794 0.50000 0.47263 0.86415 0.60852 0.40541 0.67264 0.47087 0.99374 0.54022 0.33560 0.00000 0.65625 0.86469 1.00000 0.48800 0.49518
128.00000 231.00000 0.59513 0.73646 0.00000 0.23809 0.01633 0.03378 0.06874 0.29318 0.20881 0.09255 0.00175 0.03498 0.02703 0.06107 0.09053 0.00229 0.07438 0.94779 0.00000 0.04167 0.00000 0.00000 0.14129 0.14011
128.00000 232.00000 0.83328 0.99762 1.00000 0.06027 0.19002 0.33393 0.27716 0.14659 0.14403 0.13715 0.65115 0.30963 0.24324 0.46254 0.13702 0.99408 0.53494 0.36435 0.00000 0.33333 0.65116 1.00000 0.16187 0.16056
128.00000 233.00000 0.99990 0.99846 1.00000 0.00000 0.13176 0.28834 0.25403 0.00000 0.00063 0.00592 0.62795 0.29157 0.24324 0.48860 0.00350 0.99388 0.60704 0.38166 0.00000 0.31250 0.62791 1.00000 0.00892 0.01960
128.00000 234.00000 0.23821 0.29893 1.00000 0.59794 0.63978 0.68460 0.69549 0.61718 0.61572 0.61513 0.85357 0.65734 0.89189 0.77362 0.61545 0.99361 0.71581 0.13221 1.00000 0.69792 0.85412 1.00000 0.62757 0.63238
128.00000 235.00000 0.99990 0.99774 1.00000 0.00000 0.13130 0.30351 0.25894 0.00000 0.00063 0.00329 0.62776 0.28807 0.27027 0.48697 0.00304 0.99374 0.60147 0.38738 0.00000 0.30208 0.62791 1.00000 0.01783 0.02451
128.00000 236.00000 0.23816 0.29691 1.00000 0.59794 0.63988 0.71266 0.71056 0.61718 0.61572 0.61410 0.85328 0.66130 0.89189 0.77443 0.61573 0.99347 0.71457 0.11797 1.00000 0.69792 0.85412 1.00000 0.62826 0.62544
128.00000 237.00000 0.83331 0.99762 1.00000 0.06027 0.18506 0.33894 0.25586 0.14659 0.14403 0.13739 0.65128 0.30706 0.24324 0.48371 0.13720 0.99405 0.55936 0.37075 0.00000 0.31250 0.65116 1.00000 0.15981 0.15983
128.00000 238.00000 0.99998 0.99762 1.00000 0.00000 0.13084 0.31063 0.23733 0.00000 0.00063 0.00520 0.62791 0.28946 0.24324 0.50163 0.00383 0.99385 0.59785 0.37262 0.00000 0.30208 0.62791 1.00000 0.01646 0.01910
128.00000 239.00000 0.83331 0.99941 1.00000 0.06027 0.19176 0.34038 0.26270 0.14659 0.14403 0.13813 0.65132 0.30612 0.24324 0.47720 0.13717 0.99405 0.56374 0.36266 0.00000 0.32292 0.65116 1.00000 0.15912 0.16143
128.00000 240.00000 0.99984 0.99762 1.00000 0.00000 0.13056 0.28891 0.25285 0.00000 0.00000 0.00451 0.62787 0.28846 0.24324 0.49023 0.00322 0.99383 0.58818 0.37789 0.00000 0.29167 0.62791 1.00000 0.01680 0.02135
128.00000 241.00000 0.00004 0.00000 1.00000 1.00000 0.98532 0.92897 0.92317 1.00000 1.00000 0.99370 0.99945 0.88317 1.00000 0.92508 0.99483 0.99355 0.72866 0.05064 1.00000 0.94792 1.00000 1.00000 0.98525 0.97623
128.00000 242.00000 0.00005 0.00012 1.00000 1.00000 0.98605 0.95398 0.92247 1.00000 1.00000 0.99475 0.99941 0.88670 1.00000 0.90961 0.99356 0.99366 0.73192 0.02896 1.00000 0.93750 1.00000 1.00000 0.97840 0.97975
128.00000 243.00000 0.99979 0.99893 1.00000 0.00000 0.13478 0.28742 0.27856 0.00000 0.00063 0.00757 0.62812 0.28690 0.24324 0.48697 0.00292 0.99396 0.60254 0.39565 0.00000 0.29167 0.62791 1.00000 0.01543 0.01678
128.00000 244.00000 0.00006 0.00107 1.00000 1.00000 0.98257 0.95484 0.92806 1.00000 1.00000 0.99322 0.99935 0.87977 1.00000 0.93567 0.99452 0.99347 0.72795 0.04269 1.00000 0.93750 1.00000 1.00000 0.97840 0.98237
128.00000 245.00000 0.99981 0.99762 1.00000 0.00000 0.13295 0.29015 0.25035 0.00000 0.00063 0.00468 0.62812 0.28440 0.24324 0.48453 0.00353 0.99410 0.61072 0.39089 0.00000 0.31250 0.62791 1.00000 0.01578 0.01305
128.00000 246.00000 0.83314 0.99762 1.00000 0.06027 0.18671 0.35100 0.25564 0.14659 0.14403 0.13701 0.65151 0.31409 0.27027 0.47964 0.13486 0.99424 0.56134 0.36054 0.00000 0.33333 0.65116 1.00000 0.15775 0.15819
128.00000 247.00000 0.00005 0.00071 1.00000 1.00000 0.98385 0.95146 0.93754 1.00000 1.00000 0.99372 0.99949 0.89302 1.00000 0.94137 0.99470 0.99336 0.73045 0.05225 1.00000 0.94792 1.00000 1.00000 0.98251 0.97512
128.00000 248.00000 0.23815 0.29691 1.00000 0.59794 0.63657 0.73477 0.70245 0.61718 0.61572 0.61329 0.85343 0.66652 0.89189 0.75733 0.61497 0.99372 0.71474 0.13825 1.00000 0.70833 0.85412 1.00000 0.62311 0.62762
128.00000 249.00000 0.59531 0.73789 0.00000 0.23809 0.01294 0.06919 0.06841 0.29318 0.20881 0.09023 0.00192 0.03396 0.02703 0.05863 0.09058 0.00254 0.10442 0.96950 0.00000 0.04167 0.00000 0.00000 0.14335 0.14847
128.00000 250.00000 0.00003 0.00166 1.00000 1.00000 0.98431 0.95977 0.93388 1.00000 1.00000 0.99348 0.99949 0.88469 1.00000 0.93404 0.99551 0.99344 0.72421 0.04174 1.00000 0.94792 1.00000 1.00000 0.97908 0.97371
128.00000 251.00000 0.47628 0.83171 1.00000 0.62699 0.66483 0.66664 0.55772 0.50794 0.50000 0.47160 0.86443 0.61963 0.37838 0.68648 0.47166 0.99402 0.55036 0.34307 1.00000 0.65625 0.86469 1.00000 0.48560 0.49057
128.00000 252.00000 0.83325 0.99762 1.00000 0.06027 0.18800 0.36037 0.26804 0.14659 0.14403 0.13734 0.65141 0.31672 0.24324 0.47394 0.13611 0.99435 0.56672 0.38983 0.00000 0.34375 0.65116 1.00000 0.15535 0.16231
128.00000 253.00000 0.47615 0.83135 1.00000 0.62699 0.66364 0.66320 0.57551 0.50794 0.50000 0.47191 0.86445 0.62019 0.37838 0.68648 0.47077 0.99385 0.55472 0.33820 0.00000 0.67708 0.86469 1.00000 0.48354 0.49119
128.00000 254.00000 0.83314 0.99857 1.00000 0.06027 0.19130 0.36389 0.26809 0.14659 0.14403 0.13844 0.65143 0.31628 0.24324 0.47313 0.13557 0.99427 0.56593 0.36790 0.00000 0.34375 0.65116 1.00000 0.15226 0.16099
128.00000 255.00000 0.00006 0.00154 1.00000 1.00000 0.98449 0.94032 0.94216 1.00000 1.00000 0.99279 0.99941 0.89429 1.00000 0.92427 0.99447 0.99341 0.73276 0.05214 1.00000 0.95833 1.00000 1.00000 0.97977 0.97784
128.00000 256.00000 0.00003 0.00000 1.00000 1.00000 0.98706 0.94241 0.92298 1.00000 1.00000 0.99248 0.99941 0.89220 1.00000 0.93485 0.99318 0.99363 0.73535 0.04104 1.00000 0.95833 1.00000 1.00000 0.98045 0.98057
128.00000 257.00000 0.47616 0.83135 1.00000 0.62699 0.67015 0.67246 0.56176 0.50794 0.50000 0.47124 0.86426 0.62349 0.37838 0.67590 0.47049 0.99399 0.56107 0.33425 0.00000 0.65625 0.86469 1.00000 0.48491 0.48767
128.00000 258.00000 0.99978 0.99881 1.00000 0.00000 0.13368 0.32106 0.25851 0.00000 0.00063 0.00334 0.62820 0.29628 0.24324 0.50081 0.00386 0.99430 0.61675 0.39096 0.00000 0.29167 0.62791 1.00000 0.01235 0.02309
128.00000 259.00000 0.23822 0.29703 1.00000 0.59794 0.64125 0.71112 0.71629 0.61718 0.61572 0.61279 0.85357 0.67281 0.89189 0.77687 0.61347 0.99366 0.72235 0.14265 1.00000 0.69792 0.85412 1.00000 0.62620 0.62577
128.00000 260.00000 0.59517 0.73634 0.00000 0.23809 0.01532 0.06366 0.07259 0.29318 0.20881 0.09260 0.00201 0.03292 0.02703 0.05049 0.09098 0.00270 0.09994 0.95885 0.00000 0.04167 0.00000 0.00000 0.14095 0.13986
128.00000 261.00000 0.47614 0.83135 1.00000 0.62699 0.66446 0.64895 0.57149 0.50794 0.50000 0.47029 0.86436 0.61819 0.40541 0.69707 0.46965 0.99408 0.55881 0.32722 1.00000 0.65625 0.86469 1.00000 0.48525 0.49033
128.00000 262.00000 0.23817 0.29846 1.00000 0.59794 0.63584 0.72437 0.71646 0.61718 0.61572 0.61441 0.85355 0.66558 0.89189 0.76792 0.61398 0.99383 0.74635 0.12430 1.00000 0.69792 0.85412 1.00000 0.62894 0.62795
128.00000 263.00000 0.59515 0.73634 0.00000 0.23809 0.00706 0.05762 0.07948 0.29318 0.20881 0.09179 0.00201 0.04090 0.02703 0.06515 0.08971 0.00309 0.11627 0.94731 0.00000 0.04167 0.00000 0.00000 0.13169 0.14256
128.00000 264.00000 0.59528 0.73860 0.00000 0.23809 0.01652 0.05445 0.07317 0.29318 0.20881 0.09133 0.00205 0.03580 0.02703 0.07410 0.08951 0.00298 0.10301 0.96913 0.00000 0.06250 0.00000 0.00000 0.14335 0.14989
128.00000 265.00000 0.83315 0.99786 1.00000 0.06027 0.19121 0.33970 0.26732 0.14659 0.14403 0.13711 0.65156 0.32153 0.24324 0.49674 0.13590 0.99457 0.58400 0.37086 0.00000 0.35417 0.65116 1.00000 0.16015 0.16670
128.00000 266.00000 0.83321 0.99762 1.00000 0.06027 0.18745 0.34458 0.28727 0.14659 0.14465 0.13861 0.65149 0.32086 0.24324 0.48046 0.13661 0.99460 0.58595 0.37683 0.00000 0.33333 0.65116 1.00000 0.15878 0.16454
128.00000 267.00000 0.99987 0.99762 1.00000 0.00000 0.13515 0.31128 0.27533 0.00000 0.00063 0.00236 0.62831 0.29606 0.24324 0.49104 0.00347 0.99457 0.63222 0.40495 0.00000 0.30208 0.62791 1.00000 0.00960 0.02218
128.00000 268.00000 0.47610 0.83266 1.00000 0.62699 0.66217 0.67273 0.57026 0.50794 0.50000 0.47086 0.86451 0.62385 0.40541 0.68404 0.46955 0.99430 0.56091 0.34095 1.00000 0.67708 0.86469 1.00000 0.48594 0.48599
128.00000 269.00000 0.00007 0.00000 1.00000 1.00000 0.98660 0.95013 0.95326 1.00000 1.00000 0.99394 0.99949 0.89811 1.00000 0.95440 0.99285 0.99339 0.75477 0.04170 1.00000 0.94792 1.00000 1.00000 0.98011 0.97039
128.00000 270.00000 0.47607 0.83135 1.00000 0.62699 0.66602 0.68614 0.57628 0.50794 0.50000 0.47055 0.86466 0.62275 0.40541 0.69055 0.47120 0.99421 0.58409 0.35135 1.00000 0.65625 0.86469 1.00000 0.48285 0.48702
128.00000 271.00000 0.00006 0.00024 1.00000 1.00000 0.98835 0.95246 0.93691 1.00000 1.00000 0.99191 0.99943 0.90409 1.00000 0.94625 0.99229 0.99352 0.75611 0.05953 1.00000 0.96875 1.00000 1.00000 0.97599 0.97784
128.00000 272.00000 0.00005 0.00119 1.00000 1.00000 0.98771 0.95893 0.95412 1.00000 1.00000 0.99306 0.99941 0.90454 1.00000 0.92997 0.99396 0.99361 0.74911 0.05247 1.00000 0.95833 1.00000 1.00000 0.98080 0.97511
128.00000 273.00000 0.99997 0.99905 1.00000 0.00000 0.13432 0.32206 0.28234 0.00000 0.00063 0.00394 0.62854 0.30219 0.24324 0.50896 0.00391 0.99474 0.63343 0.38899 0.00000 0.31250 0.62791 1.00000 0.01543 0.01912
128.00000 274.00000 0.00007 0.00000 1.00000 1.00000 0.98715 0.97020 0.95099 1.00000 1.00000 0.99329 0.99945 0.90910 1.00000 0.95684 0.99221 0.99341 0.76046 0.06345 1.00000 0.95833 1.00000 1.00000 0.97325 0.97518
128.00000 275.00000 0.83314 0.99762 1.00000 0.06027 0.19360 0.35446 0.27921 0.14659 0.14403 0.13632 0.65189 0.32338 0.24324 0.49267 0.13623 0.99504 0.60144 0.38957 0.00000 0.34375 0.65116 1.00000 0.15329 0.15954
128.00000 276.00000 0.83323 0.99905 1.00000 0.06027 0.18708 0.34569 0.27242 0.14659 0.14403 0.13637 0.65196 0.32749 0.24324 0.49593 0.13644 0.99493 0.58559 0.38891 0.00000 0.33333 0.65116 1.00000 0.16358 0.16616
128.00000 277.00000 0.99995 0.99869 1.00000 0.00000 0.13754 0.31524 0.27047 0.00000 0.00063 0.00642 0.62854 0.30816 0.24324 0.49674 0.00375 0.99471 0.63862 0.38965 0.00000 0.31250 0.62791 1.00000 0.00686 0.01954
128.00000 278.00000 0.83325 0.99762 1.00000 0.06027 0.19277 0.35151 0.27868 0.14659 0.14403 0.13722 0.65206 0.33123 0.24324 0.48371 0.13590 0.99507 0.60328 0.37844 0.00000 0.35417 0.65116 1.00000 0.15466 0.16367
128.00000 279.00000 0.99976 0.99762 1.00000 0.00000 0.13524 0.32025 0.29399 0.00000 0.00063 0.00284 0.62854 0.30203 0.24324 0.50651 0.00315 0.99476 0.65476 0.39785 0.00000 0.32292 0.62791 1.00000 0.01749 0.02436
128.00000 280.00000 0.59531 0.73824 0.00000 0.23809 0.01174 0.05738 0.07170 0.29318 0.20881 0.09152 0.00230 0.04179 0.02703 0.07655 0.09075 0.00320 0.13196 0.95504 0.00000 0.06250 0.00000 0.00000 0.13957 0.14796
128.00000 281.00000 0.23802 0.29774 1.00000 0.59794 0.64914 0.71814 0.72416 0.61718 0.61572 0.61207 0.85362 0.68258 0.89189 0.79153 0.61299 0.99405 0.75968 0.14715 1.00000 0.71875 0.85412 1.00000 0.62483 0.61813
128.00000 282.00000 0.47616 0.83135 1.00000 0.62699 0.66327 0.66626 0.59423 0.50794 0.50000 0.47072 0.86468 0.63279 0.37838 0.70033 0.46813 0.99452 0.58178 0.34597 1.00000 0.66667 0.86469 1.00000 0.49040 0.49790
128.00000 283.00000 0.99978 0.99822 1.00000 0.00000 0.13377 0.32553 0.27870 0.00000 0.00063 0.00549 0.62869 0.30543 0.24324 0.50733 0.00259 0.99501 0.64133 0.38932 0.00000 0.32292 0.62791 1.00000 0.00892 0.01825
128.00000 284.00000 0.59524 0.73824 0.00000 0.23809 0.01523 0.08083 0.09069 0.29318 0.20881 0.09117 0.00251 0.04795 0.02703 0.08550 0.08903 0.00350 0.13334 0.96394 0.00000 0.05208 0.00000 0.00000 0.13957 0.13546
128.00000 285.00000 0.83329 0.99762 1.00000 0.06027 0.19259 0.36294 0.28667 0.14659 0.14403 0.13794 0.65206 0.32415 0.24324 0.49837 0.13628 0.99537 0.60456 0.38404 0.00000 0.34375 0.65116 1.00000 0.16358 0.16215
128.00000 286.00000 0.99986 0.99964 1.00000 0.00000 0.13754 0.31383 0.28580 0.00000 0.00063 0.00210 0.62875 0.31063 0.24324 0.48860 0.00307 0.99512 0.64107 0.40023 0.00000 0.31250 0.62791 1.00000 0.01715 0.01523
128.00000 287.00000 0.83335 0.99952 1.00000 0.06027 0.19479 0.35035 0.29765 0.14659 0.14403 0.13796 0.65215 0.33473 0.24324 0.49837 0.13666 0.99543 0.60785 0.38719 0.00000 0.34375 0.65116 1.00000 0.15604 0.16308
128.00000 288.00000 0.99999 0.99762 1.00000 0.00000 0.13515 0.34360 0.27314 0.00000 0.00063 0.00410 0.62873 0.31529 0.24324 0.51303 0.00342 0.99512 0.65121 0.40480 0.00000 0.32292 0.62791 1.00000 0.01235 0.01563
128.00000 289.00000 0.59508 0.73634 0.00000 0.23809 0.01551 0.06610 0.07373 0.29318 0.20881 0.09102 0.00262 0.05906 0.02703 0.08225 0.08898 0.00358 0.14826 0.98210 0.00000 0.06250 0.00000 0.00000 0.13957 0.13970
128.00000 290.00000 0.47617 0.83135 1.00000 0.62699 0.67144 0.69438 0.56903 0.50794 0.50000 0.47034 0.86474 0.63774 0.37838 0.70847 0.46968 0.99476 0.59554 0.34878 1.00000 0.67708 0.86469 1.00000 0.48354 0.48586
128.00000 291.00000 0.99983 0.99762 1.00000 0.00000 0.13735 0.32066 0.26325 0.00000 0.00063 0.00475 0.62880 0.31377 0.24324 0.51954 0.00322 0.99518 0.66673 0.38877 0.00000 0.31250 0.62791 1.00000 0.01440 0.01945
128.00000 292.00000 0.47622 0.83278 1.00000 0.62699 0.67245 0.68157 0.57791 0.50794 0.50000 0.47026 0.86472 0.63944 0.37838 0.69463 0.46767 0.99446 0.60470 0.33817 1.00000 0.65625 0.86469 1.00000 0.47942 0.48967
128.00000 293.00000 0.00002 0.00000 1.00000 1.00000 0.99312 0.96183 0.95696 1.00000 1.00000 0.99050 0.99960 0.91572 1.00000 0.95765 0.99229 0.99380 0.78900 0.06342 1.00000 0.96875 1.00000 1.00000 0.97497 0.97340
128.00000 294.00000 0.47629 0.83349 1.00000 0.62699 0.67043 0.69097 0.58660 0.50794 0.50000 0.46886 0.86496 0.64149 0.37838 0.70928 0.46881 0.99465 0.58923 0.36489 1.00000 0.67708 0.86469 1.00000 0.48320 0.48207
128.00000 295.00000 0.83313 0.99786 1.00000 0.06027 0.19277 0.34571 0.27988 0.14659 0.14465 0.13591 0.65242 0.33740 0.24324 0.50081 0.13537 0.99589 0.62603 0.38100 0.00000 0.36458 0.65116 1.00000 0.15535 0.15891
128.00000 296.00000 0.99993 0.99846 1.00000 0.00000 0.13662 0.34141 0.29240 0.00000 0.00063 0.00434 0.62903 0.31779 0.24324 0.50977 0.00391 0.99532 0.67144 0.39140 0.00000 0.31250 0.62791 1.00000 0.01097 0.01397
128.00000 297.00000 0.99995 0.99762 1.00000 0.00000 0.13588 0.32705 0.28559 0.00000 0.00063 0.00599 0.62903 0.31739 0.24324 0.52280 0.00444 0.99548 0.66604 0.39558 0.00000 0.32292 0.62791 1.00000 0.00343 0.01182
128.00000 298.00000 0.00004 0.00226 1.00000 1.00000 0.99413 0.95384 0.96700 1.00000 1.00000 0.98909 0.99964 0.91620 1.00000 0.96824 0.99100 0.99361 0.81266 0.05547 1.00000 0.97917 1.00000 1.00000 0.97805 0.97336
128.00000 299.00000 0.47628 0.83135 1.00000 0.62699 0.66960 0.69240 0.59065 0.50794 0.50000 0.47003 0.86508 0.64488 0.37838 0.71743 0.46975 0.99493 0.60984 0.35988 1.00000 0.69792 0.86469 1.00000 0.48011 0.48477
128.00000 300.00000 0.47612 0.83337 1.00000 0.62699 0.66667 0.69232 0.62581 0.50794 0.50000 0.46967 0.86506 0.64493 0.37838 0.70928 0.46782 0.99487 0.59690 0.36804 1.00000 0.66667 0.86469 1.00000 0.47702 0.48601
128.00000 301.00000 0.83332 0.99762 1.00000 0.06027 0.19112 0.36059 0.29324 0.14659 0.14403 0.13539 0.65276 0.34878 0.24324 0.51792 0.13535 0.99600 0.63341 0.39543 0.00000 0.36458 0.65116 1.00000 0.15261 0.15970
128.00000 302.00000 0.59514 0.73634 0.00000 0.23809 0.01606 0.06117 0.10518 0.29318 0.20881 0.09157 0.00293 0.05745 0.00000 0.08388 0.08862 0.00427 0.16794 0.99059 0.00000 0.05208 0.00000 0.00000 0.12929 0.13725
128.00000 303.00000 0.23802 0.29774 1.00000 0.59794 0.64309 0.73434 0.73328 0.61718 0.61572 0.61195 0.85385 0.69739 0.89189 0.80945 0.61136 0.99441 0.79067 0.14873 1.00000 0.72917 0.85412 1.00000 0.61934 0.62055
