55.00000 1.00000 0.23818 0.29834 1.00000 0.59794 0.63364 0.67937 0.66553 0.61718 0.61509 0.61787 0.85319 0.65476 0.89189 0.73697 0.61651 0.99330 0.69789 0.10948 1.00000 0.67708 0.85412 1.00000 0.63752 0.63796
55.00000 2.00000 0.59527 0.73634 0.00000 0.23809 0.00927 0.03381 0.04925 0.29318 0.20881 0.09334 0.00163 0.02077 0.02703 0.02932 0.09053 0.00220 0.07895 0.92439 0.00000 0.02083 0.00000 0.00000 0.14643 0.14387
55.00000 3.00000 0.83320 0.99929 1.00000 0.06027 0.18167 0.31600 0.23225 0.14659 0.14403 0.13868 0.65118 0.30844 0.24324 0.43893 0.13816 0.99377 0.54161 0.32729 0.00000 0.31250 0.65116 1.00000 0.16152 0.16618
55.00000 4.00000 0.83319 0.99762 1.00000 0.06027 0.18011 0.32450 0.22185 0.14659 0.14403 0.13739 0.65111 0.30541 0.24324 0.45033 0.13677 0.99380 0.54651 0.34106 0.00000 0.30208 0.65116 1.00000 0.16392 0.17189
55.00000 5.00000 0.47625 0.83183 1.00000 0.62699 0.65777 0.64489 0.52390 0.50794 0.49937 0.47532 0.86388 0.60444 0.40541 0.65065 0.47221 0.99341 0.54284 0.30609 0.00000 0.62500 0.86469 1.00000 0.49005 0.49715
55.00000 6.00000 0.59521 0.73800 0.00000 0.23809 0.00954 0.02717 0.05967 0.29318 0.20881 0.09391 0.00152 0.02349 0.02703 0.02443 0.08971 0.00231 0.08854 0.92359 0.00000 0.03125 0.00000 0.00000 0.14712 0.15024
55.00000 7.00000 0.00002 0.00024 1.00000 1.00000 0.97385 0.92580 0.88959 1.00000 1.00000 0.99821 0.99922 0.88207 1.00000 0.89332 0.99736 0.99328 0.71707 0.02036 1.00000 0.93750 1.00000 1.00000 0.99177 0.99235
55.00000 8.00000 0.59517 0.73634 0.00000 0.23809 0.00963 0.02430 0.04376 0.29318 0.20881 0.09338 0.00146 0.02198 0.02703 0.03257 0.09030 0.00209 0.08185 0.92231 0.00000 0.02083 0.00000 0.00000 0.14232 0.14431
55.00000 9.00000 0.99992 0.99881 1.00000 0.00000 0.12744 0.28996 0.21104 0.00000 0.00063 0.00523 0.62778 0.28387 0.24324 0.46336 0.00413 0.99391 0.58804 0.37471 0.00000 0.29167 0.62791 1.00000 0.00995 0.02408
55.00000 10.00000 0.47627 0.83314 1.00000 0.62699 0.65327 0.63538 0.53324 0.50794 0.49937 0.47284 0.86390 0.60371 0.40541 0.64088 0.47249 0.99355 0.53942 0.31268 0.00000 0.63542 0.86469 1.00000 0.49726 0.49412
55.00000 11.00000 0.59511 0.73694 0.00000 0.23809 0.01211 0.05838 0.05712 0.29318 0.20818 0.09384 0.00158 0.02248 0.02703 0.01629 0.08961 0.00231 0.08319 0.92274 0.00000 0.03125 0.00000 0.00000 0.14232 0.14363
55.00000 12.00000 0.23819 0.29834 1.00000 0.59794 0.63263 0.67837 0.63640 0.61718 0.61509 0.61871 0.85307 0.65140 0.89189 0.72801 0.61598 0.99336 0.70189 0.10856 1.00000 0.66667 0.85412 1.00000 0.63512 0.63999
55.00000 13.00000 0.83321 0.99905 1.00000 0.06027 0.18084 0.30589 0.22859 0.14659 0.14403 0.13751 0.65109 0.30707 0.24324 0.44707 0.13580 0.99380 0.53656 0.35779 0.00000 0.31250 0.65116 1.00000 0.16221 0.16961
55.00000 14.00000 0.99976 0.99762 1.00000 0.00000 0.12671 0.29484 0.21494 0.00000 0.00000 0.00465 0.62789 0.28155 0.24324 0.44870 0.00520 0.99388 0.59666 0.36599 0.00000 0.29167 0.62791 1.00000 0.01886 0.01988
55.00000 15.00000 0.59527 0.73634 0.00000 0.23809 0.00679 0.04489 0.04010 0.29318 0.20881 0.09269 0.00150 0.02227 0.02703 0.02443 0.09032 0.00229 0.07921 0.92414 0.00000 0.03125 0.00000 0.00000 0.14849 0.14421
55.00000 16.00000 0.47626 0.83314 1.00000 0.62699 0.65731 0.63245 0.52713 0.50794 0.49937 0.47279 0.86409 0.60667 0.40541 0.65309 0.47257 0.99350 0.53063 0.30012 0.00000 0.64583 0.86469 1.00000 0.49246 0.49526
55.00000 17.00000 0.00000 0.00000 1.00000 1.00000 0.97908 0.92897 0.90016 1.00000 1.00000 0.99706 0.99901 0.88251 1.00000 0.88844 0.99828 0.99319 0.73092 0.01413 1.00000 0.91667 1.00000 1.00000 0.99177 0.98658
55.00000 18.00000 0.23802 0.29810 1.00000 0.59794 0.63143 0.68376 0.68132 0.61718 0.61509 0.61565 0.85305 0.64523 0.89189 0.72883 0.61595 0.99311 0.69755 0.09659 1.00000 0.67708 0.85412 1.00000 0.63032 0.63365
55.00000 19.00000 0.00006 0.00000 1.00000 1.00000 0.98229 0.93271 0.89537 1.00000 1.00000 0.99661 0.99911 0.87686 1.00000 0.88762 0.99729 0.99308 0.71326 0.02431 1.00000 0.91667 1.00000 1.00000 0.98491 0.99293
55.00000 20.00000 0.99996 0.99762 1.00000 0.00000 0.12790 0.27409 0.23429 0.00000 0.00000 0.00656 0.62780 0.28397 0.24324 0.44381 0.00398 0.99396 0.60375 0.36142 0.00000 0.30208 0.62791 1.00000 0.01372 0.02294
55.00000 21.00000 0.99979 0.99905 1.00000 0.00000 0.12120 0.28484 0.21326 0.00000 0.00000 0.00465 0.62806 0.27686 0.24324 0.47068 0.00396 0.99394 0.57233 0.35523 0.00000 0.27083 0.62791 1.00000 0.01989 0.02213
55.00000 22.00000 0.47629 0.83135 1.00000 0.62699 0.66034 0.64416 0.52340 0.50794 0.49937 0.47420 0.86384 0.60164 0.40541 0.64332 0.47231 0.99344 0.52937 0.32180 0.00000 0.65625 0.86469 1.00000 0.49863 0.50138
55.00000 23.00000 0.99996 0.99762 1.00000 0.00000 0.12753 0.28455 0.22693 0.00000 0.00063 0.00604 0.62797 0.28342 0.24324 0.47964 0.00718 0.99394 0.58959 0.35929 0.00000 0.28125 0.62791 1.00000 0.01406 0.01817
55.00000 24.00000 0.00006 0.00000 1.00000 1.00000 0.98082 0.93306 0.90639 1.00000 1.00000 0.99737 0.99911 0.88174 1.00000 0.88925 0.99726 0.99319 0.71543 0.02438 1.00000 0.91667 1.00000 1.00000 0.99074 0.99030
55.00000 25.00000 0.83320 0.99762 1.00000 0.06027 0.18066 0.31302 0.23391 0.14659 0.14403 0.13832 0.65109 0.30543 0.24324 0.44544 0.13687 0.99372 0.54948 0.35113 0.00000 0.30208 0.65116 1.00000 0.15638 0.16728
55.00000 26.00000 0.99991 0.99810 1.00000 0.00000 0.12478 0.29993 0.22999 0.00000 0.00000 0.00549 0.62793 0.28742 0.24324 0.45928 0.00398 0.99385 0.60154 0.36947 0.00000 0.28125 0.62791 1.00000 0.01543 0.02056
55.00000 27.00000 0.59528 0.73741 0.00000 0.23809 0.01018 0.04356 0.06557 0.29318 0.20881 0.09276 0.00160 0.02426 0.02703 0.03176 0.09045 0.00218 0.08321 0.91689 0.00000 0.04167 0.00000 0.00000 0.13683 0.15004
55.00000 28.00000 0.99979 0.99881 1.00000 0.00000 0.12570 0.27653 0.22195 0.00000 0.00063 0.00463 0.62782 0.27603 0.24324 0.45684 0.00332 0.99383 0.58985 0.36032 0.00000 0.29167 0.62791 1.00000 0.01440 0.01826
55.00000 29.00000 0.83328 0.99762 1.00000 0.06027 0.18093 0.31448 0.23981 0.14659 0.14403 0.13890 0.65120 0.30676 0.24324 0.45277 0.13826 0.99377 0.54196 0.35827 0.00000 0.29167 0.65116 1.00000 0.16255 0.16217
55.00000 30.00000 0.00002 0.00000 1.00000 1.00000 0.98018 0.94520 0.88680 1.00000 0.99937 0.99587 0.99916 0.87251 1.00000 0.88681 0.99789 0.99330 0.71410 0.04313 1.00000 0.93750 1.00000 1.00000 0.99005 0.98814
55.00000 31.00000 0.00000 0.00000 1.00000 1.00000 0.98082 0.91559 0.88591 1.00000 1.00000 0.99730 0.99926 0.87632 1.00000 0.89088 0.99774 0.99317 0.71186 0.02944 1.00000 0.92708 1.00000 1.00000 0.99005 0.98676
55.00000 32.00000 0.23808 0.29857 1.00000 0.59794 0.63373 0.69367 0.66635 0.61718 0.61509 0.61780 0.85326 0.65056 0.89189 0.72313 0.61494 0.99328 0.68599 0.08297 1.00000 0.67708 0.85412 1.00000 0.63957 0.63099
55.00000 33.00000 0.59528 0.73634 0.00000 0.23809 0.01129 0.03050 0.04638 0.29318 0.20818 0.09260 0.00154 0.02010 0.02703 0.02036 0.08903 0.00220 0.08116 0.91828 0.00000 0.05208 0.00000 0.00000 0.14060 0.14859
55.00000 34.00000 0.23806 0.29691 1.00000 0.59794 0.63052 0.68772 0.67085 0.61718 0.61509 0.61532 0.85307 0.65411 0.89189 0.73127 0.61732 0.99322 0.69106 0.10666 1.00000 0.66667 0.85412 1.00000 0.63100 0.63614
55.00000 35.00000 0.59517 0.73777 0.00000 0.23809 0.01422 0.03549 0.05117 0.29318 0.20881 0.09124 0.00156 0.02134 0.02703 0.01547 0.08926 0.00231 0.06964 0.93025 0.00000 0.05208 0.00000 0.00000 0.14300 0.14887
55.00000 36.00000 0.59520 0.73634 0.00000 0.23809 0.00688 0.03722 0.02977 0.29318 0.20881 0.09210 0.00165 0.03125 0.02703 0.01792 0.09053 0.00212 0.07707 0.91487 0.00000 0.04167 0.00000 0.00000 0.13786 0.15124
55.00000 37.00000 0.83335 0.99762 1.00000 0.06027 0.18176 0.33685 0.24448 0.14659 0.14403 0.13894 0.65107 0.30442 0.24324 0.44870 0.13715 0.99380 0.53830 0.35241 0.00000 0.32292 0.65116 1.00000 0.16049 0.16143
55.00000 38.00000 0.00002 0.00202 1.00000 1.00000 0.97495 0.90234 0.89575 1.00000 1.00000 0.99737 0.99913 0.87546 1.00000 0.88355 0.99787 0.99319 0.72497 0.01688 1.00000 0.90625 1.00000 1.00000 0.99005 0.99763
55.00000 39.00000 0.00004 0.00036 1.00000 1.00000 0.97101 0.91478 0.89007 1.00000 1.00000 0.99761 0.99913 0.88297 1.00000 0.89332 0.99749 0.99319 0.71502 0.02471 1.00000 0.90625 1.00000 1.00000 0.98251 0.99227
55.00000 40.00000 0.23814 0.29751 1.00000 0.59794 0.63125 0.68157 0.65727 0.61718 0.61509 0.61725 0.85309 0.65416 0.89189 0.72476 0.61507 0.99314 0.71717 0.09955 1.00000 0.68750 0.85412 1.00000 0.63615 0.63307
55.00000 41.00000 0.59515 0.73789 0.00000 0.23809 0.01257 0.05039 0.05500 0.29318 0.20881 0.09508 0.00165 0.02484 0.02703 0.02443 0.09010 0.00226 0.09521 0.92333 0.00000 0.03125 0.00000 0.00000 0.14060 0.14968
55.00000 42.00000 0.23808 0.29786 1.00000 0.59794 0.63208 0.66041 0.65920 0.61718 0.61509 0.61603 0.85309 0.64942 0.89189 0.71743 0.61631 0.99328 0.71164 0.10219 1.00000 0.68750 0.85412 1.00000 0.63717 0.63385
55.00000 43.00000 0.83326 0.99762 1.00000 0.06027 0.17947 0.30240 0.24065 0.14659 0.14403 0.13887 0.65111 0.30631 0.24324 0.43485 0.13755 0.99402 0.54651 0.34728 0.00000 0.30208 0.65116 1.00000 0.16015 0.16842
55.00000 44.00000 0.99980 0.99762 1.00000 0.00000 0.12506 0.28845 0.24067 0.00000 0.00063 0.00611 0.62787 0.28364 0.24324 0.46010 0.00629 0.99372 0.59321 0.36032 0.00000 0.28125 0.62791 1.00000 0.02229 0.01472
55.00000 45.00000 0.99988 0.99762 1.00000 0.00000 0.12341 0.27718 0.23538 0.00000 0.00063 0.00243 0.62780 0.28013 0.24324 0.46010 0.00302 0.99377 0.59473 0.35867 0.00000 0.27083 0.62791 1.00000 0.01818 0.02334
55.00000 46.00000 0.23819 0.29917 1.00000 0.59794 0.63639 0.69113 0.67063 0.61718 0.61509 0.61472 0.85322 0.64939 0.89189 0.71661 0.61687 0.99330 0.70665 0.11749 1.00000 0.66667 0.85412 1.00000 0.63477 0.64079
55.00000 47.00000 0.83335 0.99762 1.00000 0.06027 0.18277 0.29603 0.21944 0.14659 0.14403 0.13796 0.65111 0.30918 0.24324 0.44707 0.13702 0.99396 0.55182 0.34560 0.00000 0.30208 0.65116 1.00000 0.16461 0.16901
55.00000 48.00000 0.59519 0.73860 0.00000 0.23809 0.01110 0.03692 0.03687 0.29318 0.20881 0.09212 0.00169 0.02187 0.02703 0.03339 0.09027 0.00209 0.07519 0.92458 0.00000 0.03125 0.00000 0.00000 0.14540 0.13841
55.00000 49.00000 0.99997 0.99976 1.00000 0.00000 0.13047 0.29820 0.23620 0.00000 0.00063 0.00520 0.62785 0.28534 0.24324 0.44300 0.00431 0.99399 0.59404 0.35962 0.00000 0.27083 0.62791 1.00000 0.01200 0.01697
55.00000 50.00000 0.99984 0.99869 1.00000 0.00000 0.12708 0.28606 0.23786 0.00000 0.00063 0.00544 0.62791 0.28122 0.24324 0.45765 0.00312 0.99391 0.60306 0.35933 0.00000 0.28125 0.62791 1.00000 0.01337 0.01953
55.00000 51.00000 0.23802 0.29691 1.00000 0.59794 0.63804 0.68799 0.67138 0.61718 0.61509 0.61749 0.85326 0.65200 0.89189 0.72883 0.61575 0.99319 0.69824 0.09670 1.00000 0.68750 0.85412 1.00000 0.63477 0.63652
55.00000 52.00000 0.00003 0.00000 1.00000 1.00000 0.97504 0.89869 0.90695 1.00000 0.99937 0.99728 0.99916 0.88225 1.00000 0.90065 0.99817 0.99311 0.72833 0.03874 1.00000 0.93750 1.00000 1.00000 0.98971 0.98754
55.00000 53.00000 1.00000 0.99822 1.00000 0.00000 0.12038 0.28660 0.24087 0.00000 0.00063 0.00578 0.62789 0.28099 0.24324 0.46091 0.00380 0.99399 0.58866 0.36328 0.00000 0.28125 0.62791 1.00000 0.01406 0.02650
55.00000 54.00000 0.99989 0.99774 1.00000 0.00000 0.12818 0.28029 0.24515 0.00000 0.00000 0.00630 0.62799 0.28498 0.24324 0.44055 0.00403 0.99394 0.59502 0.36467 0.00000 0.29167 0.62791 1.00000 0.00823 0.01758
55.00000 55.00000 0.83322 0.99834 1.00000 0.06027 0.18167 0.32453 0.23275 0.14659 0.14403 0.13715 0.65105 0.30101 0.24324 0.44788 0.13763 0.99383 0.55646 0.34867 0.00000 0.30208 0.65116 1.00000 0.16358 0.17243
55.00000 56.00000 0.83327 0.99762 1.00000 0.06027 0.18286 0.33155 0.23001 0.14659 0.14403 0.13952 0.65118 0.30172 0.27027 0.43730 0.13745 0.99374 0.54794 0.35226 0.00000 0.30208 0.65116 1.00000 0.15844 0.16743
55.00000 57.00000 0.23806 0.29917 1.00000 0.59794 0.63685 0.69947 0.68088 0.61718 0.61509 0.61465 0.85303 0.65110 0.89189 0.73453 0.61748 0.99328 0.70824 0.10072 1.00000 0.66667 0.85412 1.00000 0.63512 0.63935
55.00000 58.00000 0.83329 0.99798 1.00000 0.06027 0.18387 0.31594 0.23776 0.14659 0.14403 0.13808 0.65120 0.30402 0.24324 0.45603 0.13839 0.99402 0.54844 0.33996 0.00000 0.31250 0.65116 1.00000 0.17010 0.16972
55.00000 59.00000 0.83330 0.99774 1.00000 0.06027 0.18213 0.30882 0.23015 0.14659 0.14403 0.13806 0.65118 0.30054 0.24324 0.44055 0.13887 0.99380 0.55155 0.35402 0.00000 0.32292 0.65116 1.00000 0.15775 0.17066
55.00000 60.00000 0.59521 0.73777 0.00000 0.23809 0.00798 0.02127 0.04239 0.29318 0.20881 0.09253 0.00160 0.02418 0.02703 0.02932 0.09068 0.00237 0.07847 0.92626 0.00000 0.05208 0.00000 0.00000 0.13923 0.14293
55.00000 61.00000 0.83325 0.99964 1.00000 0.06027 0.18231 0.31949 0.24797 0.14659 0.14403 0.13973 0.65113 0.30470 0.24324 0.44625 0.13743 0.99385 0.54320 0.33568 0.00000 0.32292 0.65116 1.00000 0.16118 0.16331
55.00000 62.00000 0.99986 0.99762 1.00000 0.00000 0.13212 0.28923 0.24127 0.00000 0.00000 0.00589 0.62785 0.28370 0.24324 0.45847 0.00259 0.99380 0.58909 0.37632 0.00000 0.29167 0.62791 1.00000 0.01920 0.02585
55.00000 63.00000 0.00000 0.00000 1.00000 1.00000 0.97422 0.90857 0.91588 1.00000 1.00000 0.99745 0.99911 0.87692 1.00000 0.88599 0.99729 0.99325 0.71888 0.02318 1.00000 0.93750 1.00000 1.00000 0.98663 0.98688
55.00000 64.00000 0.83327 0.99846 1.00000 0.06027 0.18240 0.33184 0.23945 0.14659 0.14403 0.13828 0.65113 0.30450 0.24324 0.45114 0.13905 0.99399 0.53930 0.34948 0.00000 0.31250 0.65116 1.00000 0.16495 0.16516
55.00000 65.00000 0.47628 0.83135 1.00000 0.62699 0.65612 0.63313 0.53779 0.50794 0.49937 0.47215 0.86407 0.60943 0.40541 0.65554 0.47198 0.99350 0.53070 0.32821 0.00000 0.65625 0.86469 1.00000 0.49554 0.49764
55.00000 66.00000 0.59508 0.73634 0.00000 0.23809 0.00697 0.03925 0.05514 0.29318 0.20881 0.09183 0.00165 0.02766 0.02703 0.01629 0.09091 0.00234 0.07807 0.92904 0.00000 0.04167 0.00000 0.00000 0.13992 0.14538
55.00000 67.00000 0.99976 0.99762 1.00000 0.00000 0.12873 0.29695 0.22881 0.00000 0.00063 0.00573 0.62799 0.28073 0.24324 0.45928 0.00345 0.99394 0.59494 0.36731 0.00000 0.29167 0.62791 1.00000 0.01543 0.02557
55.00000 68.00000 0.23817 0.29774 1.00000 0.59794 0.63446 0.69926 0.66907 0.61718 0.61509 0.61589 0.85313 0.65152 0.89189 0.71906 0.61621 0.99330 0.70348 0.09640 1.00000 0.68750 0.85412 1.00000 0.63580 0.63525
55.00000 69.00000 0.59511 0.73848 0.00000 0.23809 0.01303 0.02972 0.05067 0.29318 0.20881 0.09279 0.00156 0.02841 0.02703 0.01954 0.09190 0.00243 0.09128 0.92011 0.00000 0.03125 0.00000 0.00000 0.14575 0.14749
55.00000 70.00000 0.99979 0.99881 1.00000 0.00000 0.12964 0.29273 0.22912 0.00000 0.00000 0.00513 0.62785 0.28039 0.24324 0.46824 0.00337 0.99380 0.58892 0.36856 0.00000 0.26042 0.62791 1.00000 0.00892 0.02063
55.00000 71.00000 0.59522 0.73634 0.00000 0.23809 0.01285 0.03129 0.05558 0.29318 0.20881 0.09403 0.00156 0.03267 0.02703 0.02036 0.09048 0.00237 0.07302 0.93073 0.00000 0.03125 0.00000 0.00000 0.14472 0.14464
55.00000 72.00000 0.23823 0.29691 1.00000 0.59794 0.63712 0.70153 0.65843 0.61718 0.61509 0.61546 0.85307 0.65246 0.89189 0.73208 0.61365 0.99339 0.71819 0.09882 1.00000 0.66667 0.85412 1.00000 0.63957 0.63203
55.00000 73.00000 0.59523 0.73705 0.00000 0.23809 0.01129 0.04776 0.04400 0.29318 0.20881 0.09386 0.00154 0.02803 0.02703 0.02606 0.09126 0.00245 0.07557 0.92209 0.00000 0.03125 0.00000 0.00000 0.14575 0.14625
55.00000 74.00000 0.99980 0.99881 1.00000 0.00000 0.12542 0.29871 0.24411 0.00000 0.00000 0.00482 0.62795 0.28206 0.24324 0.46987 0.00398 0.99399 0.60739 0.35885 0.00000 0.28125 0.62791 1.00000 0.01886 0.01966
55.00000 75.00000 0.47628 0.83361 1.00000 0.62699 0.65749 0.62717 0.54771 0.50794 0.49937 0.47310 0.86411 0.61031 0.40541 0.65147 0.47196 0.99355 0.53796 0.31883 0.00000 0.63542 0.86469 1.00000 0.49417 0.49525
55.00000 76.00000 0.23823 0.29834 1.00000 0.59794 0.63400 0.68268 0.66921 0.61718 0.61509 0.61517 0.85322 0.65407 0.89189 0.73127 0.61727 0.99314 0.69929 0.11889 1.00000 0.68750 0.85412 1.00000 0.63272 0.63282
55.00000 77.00000 0.00004 0.00000 1.00000 1.00000 0.98018 0.92881 0.89891 1.00000 1.00000 0.99675 0.99913 0.87725 1.00000 0.88681 0.99546 0.99322 0.71529 0.03152 1.00000 0.92708 1.00000 1.00000 0.98148 0.98609
55.00000 78.00000 0.47606 0.83171 1.00000 0.62699 0.66098 0.66580 0.52756 0.50794 0.49937 0.47370 0.86409 0.61350 0.40541 0.63518 0.47191 0.99355 0.53449 0.31422 0.00000 0.62500 0.86469 1.00000 0.49520 0.49895
55.00000 79.00000 0.59522 0.73682 0.00000 0.23809 0.01560 0.02083 0.04301 0.29318 0.20881 0.09250 0.00173 0.02557 0.02703 0.02117 0.09075 0.00240 0.08304 0.93065 0.00000 0.03125 0.00000 0.00000 0.14232 0.14926
55.00000 80.00000 0.00004 0.00214 1.00000 1.00000 0.98119 0.92699 0.91672 1.00000 1.00000 0.99580 0.99924 0.87602 1.00000 0.89577 0.99670 0.99317 0.71962 0.03112 1.00000 0.92708 1.00000 1.00000 0.98765 0.98753
55.00000 81.00000 0.47611 0.83207 1.00000 0.62699 0.65547 0.63430 0.52992 0.50794 0.50000 0.47392 0.86403 0.60690 0.40541 0.63681 0.47308 0.99347 0.52247 0.31536 0.00000 0.63542 0.86469 1.00000 0.49005 0.49100
55.00000 82.00000 0.00003 0.00166 1.00000 1.00000 0.98037 0.93645 0.91698 1.00000 1.00000 0.99718 0.99935 0.88359 1.00000 0.91124 0.99795 0.99322 0.71129 0.02369 1.00000 0.92708 1.00000 1.00000 0.98491 0.98809
55.00000 83.00000 0.23808 0.29691 1.00000 0.59794 0.63309 0.69140 0.67624 0.61718 0.61509 0.61637 0.85326 0.65636 0.89189 0.72964 0.61494 0.99333 0.69841 0.11079 1.00000 0.68750 0.85412 1.00000 0.63409 0.63763
55.00000 84.00000 0.59516 0.73634 0.00000 0.23809 0.01083 0.02257 0.05286 0.29318 0.20818 0.09207 0.00165 0.02983 0.02703 0.02117 0.08977 0.00229 0.09178 0.93604 0.00000 0.02083 0.00000 0.00000 0.14095 0.14769
55.00000 85.00000 0.99996 0.99988 1.00000 0.00000 0.12625 0.29904 0.22917 0.00000 0.00063 0.00511 0.62782 0.28556 0.24324 0.46091 0.00391 0.99380 0.60297 0.37738 0.00000 0.27083 0.62791 1.00000 0.01646 0.02264
55.00000 86.00000 0.99999 0.99786 1.00000 0.00000 0.12873 0.30646 0.22481 0.00000 0.00063 0.00236 0.62793 0.28656 0.24324 0.45033 0.00487 0.99385 0.60037 0.36698 0.00000 0.30208 0.62791 1.00000 0.01440 0.01852
55.00000 87.00000 0.83323 0.99762 1.00000 0.06027 0.18405 0.32962 0.25321 0.14659 0.14403 0.13742 0.65111 0.30645 0.24324 0.45195 0.13770 0.99391 0.53887 0.34128 0.00000 0.30208 0.65116 1.00000 0.16049 0.16484
55.00000 88.00000 0.23821 0.29857 1.00000 0.59794 0.63538 0.67577 0.67458 0.61718 0.61509 0.61577 0.85315 0.65904 0.89189 0.74756 0.61568 0.99330 0.70550 0.10896 1.00000 0.67708 0.85412 1.00000 0.63374 0.62980
55.00000 89.00000 0.47628 0.83230 1.00000 0.62699 0.65382 0.65884 0.52763 0.50794 0.49937 0.47318 0.86392 0.60855 0.40541 0.64658 0.47353 0.99369 0.54798 0.31664 0.00000 0.63542 0.86469 1.00000 0.48868 0.49592
55.00000 90.00000 0.23812 0.29929 1.00000 0.59794 0.63611 0.68197 0.67458 0.61718 0.61509 0.61551 0.85322 0.65677 0.89189 0.73534 0.61484 0.99339 0.70769 0.11193 1.00000 0.67708 0.85412 1.00000 0.62826 0.63864
55.00000 91.00000 0.47620 0.83135 1.00000 0.62699 0.65859 0.66694 0.54465 0.50794 0.49937 0.47241 0.86407 0.60465 0.40541 0.66124 0.47178 0.99358 0.51616 0.32136 0.00000 0.64583 0.86469 1.00000 0.49246 0.49450
55.00000 92.00000 0.23811 0.29834 1.00000 0.59794 0.63180 0.67200 0.67677 0.61718 0.61509 0.61520 0.85317 0.65209 0.89189 0.74430 0.61710 0.99347 0.70272 0.11610 1.00000 0.69792 0.85412 1.00000 0.64026 0.63329
55.00000 93.00000 0.47611 0.83135 1.00000 0.62699 0.66034 0.65263 0.54759 0.50794 0.50000 0.47291 0.86409 0.61573 0.40541 0.65717 0.47074 0.99358 0.53339 0.31276 0.00000 0.63542 0.86469 1.00000 0.49931 0.49579
55.00000 94.00000 0.83330 0.99762 1.00000 0.06027 0.18708 0.32163 0.25764 0.14659 0.14403 0.13694 0.65124 0.30723 0.24324 0.46173 0.13687 0.99396 0.56645 0.34659 0.00000 0.31250 0.65116 1.00000 0.15912 0.16459
55.00000 95.00000 0.99979 0.99941 1.00000 0.00000 0.12955 0.28910 0.23410 0.00000 0.00063 0.00535 0.62801 0.28959 0.24324 0.47883 0.00505 0.99385 0.60111 0.36889 0.00000 0.28125 0.62791 1.00000 0.01886 0.02109
55.00000 96.00000 0.99980 0.99905 1.00000 0.00000 0.13231 0.29265 0.24541 0.00000 0.00063 0.00511 0.62808 0.28746 0.24324 0.47638 0.00355 0.99408 0.60175 0.38470 0.00000 0.28125 0.62791 1.00000 0.01337 0.01727
55.00000 97.00000 0.83322 0.99846 1.00000 0.06027 0.18626 0.32442 0.26029 0.14659 0.14403 0.13899 0.65111 0.30601 0.24324 0.43893 0.13773 0.99405 0.55672 0.35376 0.00000 0.31250 0.65116 1.00000 0.16187 0.16204
55.00000 98.00000 0.83317 0.99762 1.00000 0.06027 0.18616 0.32867 0.25755 0.14659 0.14403 0.13694 0.65126 0.30647 0.24324 0.44544 0.13844 0.99427 0.55565 0.35168 0.00000 0.30208 0.65116 1.00000 0.16324 0.16954
55.00000 99.00000 0.99988 0.99881 1.00000 0.00000 0.12616 0.29836 0.24373 0.00000 0.00000 0.00535 0.62804 0.28299 0.24324 0.45114 0.00424 0.99388 0.59999 0.38459 0.00000 0.29167 0.62791 1.00000 0.01680 0.02221
55.00000 100.00000 0.59515 0.73634 0.00000 0.23809 0.00853 0.06878 0.05863 0.29318 0.20881 0.09327 0.00190 0.02769 0.02703 0.03257 0.09070 0.00254 0.09375 0.93981 0.00000 0.03125 0.00000 0.00000 0.14609 0.14152
55.00000 101.00000 0.23822 0.29834 1.00000 0.59794 0.63015 0.68341 0.68137 0.61718 0.61509 0.61529 0.85324 0.66040 0.89189 0.71824 0.61502 0.99355 0.70686 0.10750 1.00000 0.67708 0.85412 1.00000 0.63374 0.63862
55.00000 102.00000 0.47623 0.83159 1.00000 0.62699 0.65336 0.64061 0.54354 0.50794 0.50000 0.47122 0.86411 0.61384 0.40541 0.65309 0.47269 0.99358 0.53853 0.31880 0.00000 0.63542 0.86469 1.00000 0.49726 0.48990
55.00000 103.00000 0.59508 0.73634 0.00000 0.23809 0.01266 0.04131 0.05849 0.29318 0.20881 0.09353 0.00169 0.03078 0.02703 0.03909 0.09035 0.00245 0.08604 0.92556 0.00000 0.04167 0.00000 0.00000 0.14095 0.13882
55.00000 104.00000 0.00001 0.00226 1.00000 1.00000 0.98073 0.92564 0.89713 1.00000 1.00000 0.99422 0.99941 0.88016 1.00000 0.92020 0.99533 0.99333 0.71940 0.02900 1.00000 0.92708 1.00000 1.00000 0.97874 0.97671
55.00000 105.00000 0.59528 0.73634 0.00000 0.23809 0.00973 0.04296 0.06617 0.29318 0.20881 0.09262 0.00173 0.03470 0.02703 0.02932 0.08931 0.00251 0.08090 0.94072 0.00000 0.03125 0.00000 0.00000 0.13855 0.14504
55.00000 106.00000 0.47622 0.83135 1.00000 0.62699 0.66153 0.64895 0.53858 0.50794 0.49937 0.47260 0.86419 0.61554 0.40541 0.65472 0.47011 0.99374 0.54951 0.31239 0.00000 0.65625 0.86469 1.00000 0.48731 0.49015
55.00000 107.00000 0.23817 0.29691 1.00000 0.59794 0.63465 0.68904 0.67181 0.61718 0.61509 0.61470 0.85332 0.66041 0.89189 0.75651 0.61476 0.99355 0.70843 0.09527 1.00000 0.69792 0.85412 1.00000 0.63134 0.62939
55.00000 108.00000 0.59515 0.73634 0.00000 0.23809 0.01541 0.06328 0.06783 0.29318 0.20881 0.09148 0.00165 0.02887 0.02703 0.03420 0.09063 0.00256 0.09680 0.93973 0.00000 0.05208 0.00000 0.00000 0.14232 0.14945
55.00000 109.00000 0.83330 0.99952 1.00000 0.06027 0.18497 0.30050 0.24794 0.14659 0.14403 0.13842 0.65132 0.31541 0.24324 0.45440 0.13644 0.99421 0.54739 0.35461 0.00000 0.33333 0.65116 1.00000 0.15947 0.16684
55.00000 110.00000 0.99990 0.99964 1.00000 0.00000 0.12928 0.29059 0.25466 0.00000 0.00063 0.00549 0.62797 0.28965 0.24324 0.49186 0.00368 0.99419 0.60999 0.36625 0.00000 0.29167 0.62791 1.00000 0.01578 0.01446
55.00000 111.00000 0.99990 0.99762 1.00000 0.00000 0.13194 0.30931 0.22876 0.00000 0.00063 0.00406 0.62818 0.29050 0.24324 0.47313 0.00401 0.99410 0.61656 0.37152 0.00000 0.29167 0.62791 1.00000 0.01646 0.01791
55.00000 112.00000 0.99980 0.99976 1.00000 0.00000 0.12946 0.32160 0.24825 0.00000 0.00063 0.00556 0.62793 0.28451 0.24324 0.47801 0.00482 0.99408 0.59935 0.37588 0.00000 0.28125 0.62791 1.00000 0.01200 0.01882
55.00000 113.00000 0.23808 0.29691 1.00000 0.59794 0.63345 0.71050 0.68688 0.61718 0.61509 0.61587 0.85341 0.65872 0.89189 0.75814 0.61573 0.99339 0.71176 0.11903 1.00000 0.68750 0.85412 1.00000 0.63100 0.63578
55.00000 114.00000 0.00005 0.00071 1.00000 1.00000 0.98192 0.93751 0.90854 1.00000 1.00000 0.99341 0.99935 0.88379 1.00000 0.91450 0.99604 0.99333 0.72938 0.03544 1.00000 0.94792 1.00000 1.00000 0.98080 0.97982
55.00000 115.00000 0.59515 0.73777 0.00000 0.23809 0.01138 0.07100 0.06196 0.29318 0.20881 0.09300 0.00167 0.03750 0.02703 0.04235 0.09022 0.00248 0.08252 0.94618 0.00000 0.04167 0.00000 0.00000 0.14095 0.14811
55.00000 116.00000 0.83320 0.99881 1.00000 0.06027 0.18598 0.32312 0.23499 0.14659 0.14403 0.13847 0.65126 0.31261 0.24324 0.46906 0.13598 0.99408 0.56226 0.37050 0.00000 0.32292 0.65116 1.00000 0.16358 0.16673
55.00000 117.00000 0.99981 0.99976 1.00000 0.00000 0.13056 0.31283 0.25177 0.00000 0.00063 0.00496 0.62793 0.28353 0.24324 0.48453 0.00396 0.99424 0.60435 0.37712 0.00000 0.30208 0.62791 1.00000 0.01200 0.01633
55.00000 118.00000 0.00001 0.00131 1.00000 1.00000 0.98110 0.92672 0.93395 1.00000 1.00000 0.99344 0.99926 0.89309 1.00000 0.90635 0.99566 0.99311 0.73476 0.03892 1.00000 0.94792 1.00000 1.00000 0.98080 0.98419
55.00000 119.00000 0.59528 0.73789 0.00000 0.23809 0.01450 0.05846 0.06703 0.29318 0.20881 0.09078 0.00177 0.02788 0.02703 0.04397 0.09012 0.00259 0.08250 0.95006 0.00000 0.04167 0.00000 0.00000 0.14232 0.15330
55.00000 120.00000 0.59518 0.73634 0.00000 0.23809 0.01532 0.04949 0.05972 0.29318 0.20881 0.09002 0.00190 0.04223 0.02703 0.03583 0.08959 0.00254 0.09330 0.94962 0.00000 0.05208 0.00000 0.00000 0.14883 0.14449
55.00000 121.00000 0.47619 0.83135 1.00000 0.62699 0.65933 0.67612 0.54446 0.50794 0.49937 0.47415 0.86419 0.61452 0.40541 0.66205 0.47112 0.99380 0.54184 0.33498 0.00000 0.65625 0.86469 1.00000 0.48834 0.49155
55.00000 122.00000 0.47617 0.83349 1.00000 0.62699 0.66199 0.66041 0.54564 0.50794 0.50000 0.47220 0.86432 0.61467 0.40541 0.67671 0.47087 0.99372 0.54663 0.34018 0.00000 0.64583 0.86469 1.00000 0.48971 0.49223
55.00000 123.00000 0.00001 0.00000 1.00000 1.00000 0.98449 0.95370 0.91994 1.00000 1.00000 0.99370 0.99930 0.89027 1.00000 0.93567 0.99371 0.99341 0.73311 0.05847 1.00000 0.95833 1.00000 1.00000 0.97599 0.98326
55.00000 124.00000 0.47627 0.83361 1.00000 0.62699 0.65584 0.66168 0.54727 0.50794 0.50000 0.47096 0.86426 0.61584 0.37838 0.66857 0.46950 0.99377 0.54246 0.31671 0.00000 0.64583 0.86469 1.00000 0.48491 0.48911
55.00000 125.00000 0.47629 0.83302 1.00000 0.62699 0.66061 0.67536 0.54352 0.50794 0.50000 0.47260 0.86432 0.61758 0.40541 0.66694 0.47092 0.99396 0.55146 0.32887 0.00000 0.64583 0.86469 1.00000 0.48594 0.49372
55.00000 126.00000 0.00004 0.00012 1.00000 1.00000 0.97908 0.95660 0.94125 1.00000 1.00000 0.99432 0.99937 0.88851 1.00000 0.93160 0.99419 0.99330 0.72714 0.03910 1.00000 0.93750 1.00000 1.00000 0.97737 0.98300
55.00000 127.00000 0.59524 0.73634 0.00000 0.23809 0.01129 0.04743 0.05794 0.29318 0.20881 0.09090 0.00179 0.03676 0.02703 0.06433 0.08944 0.00262 0.10149 0.93468 0.00000 0.05208 0.00000 0.00000 0.14438 0.14428
55.00000 128.00000 0.99980 0.99917 1.00000 0.00000 0.13423 0.30982 0.24587 0.00000 0.00063 0.00294 0.62799 0.29244 0.24324 0.49186 0.00345 0.99405 0.59828 0.38046 0.00000 0.30208 0.62791 1.00000 0.01166 0.02401
55.00000 129.00000 0.99980 0.99762 1.00000 0.00000 0.12698 0.31871 0.26349 0.00000 0.00063 0.00372 0.62814 0.29555 0.24324 0.49756 0.00373 0.99424 0.61239 0.39005 0.00000 0.28125 0.62791 1.00000 0.01235 0.01420
55.00000 130.00000 0.99997 0.99810 1.00000 0.00000 0.13093 0.31077 0.26898 0.00000 0.00063 0.00387 0.62816 0.29355 0.24324 0.50814 0.00340 0.99419 0.61406 0.38265 0.00000 0.31250 0.62791 1.00000 0.00892 0.02355
55.00000 131.00000 0.83318 0.99941 1.00000 0.06027 0.18571 0.33667 0.26325 0.14659 0.14403 0.13725 0.65145 0.31827 0.24324 0.48779 0.13618 0.99438 0.56929 0.37723 0.00000 0.32292 0.65116 1.00000 0.16015 0.16139
55.00000 132.00000 0.59521 0.73634 0.00000 0.23809 0.01541 0.05068 0.07580 0.29318 0.20881 0.09264 0.00186 0.03271 0.02703 0.04397 0.08997 0.00240 0.10354 0.97437 0.00000 0.05208 0.00000 0.00000 0.14026 0.14311
55.00000 133.00000 0.59512 0.73836 0.00000 0.23809 0.01541 0.05930 0.08328 0.29318 0.20881 0.09121 0.00194 0.03535 0.02703 0.06189 0.08855 0.00265 0.11039 0.95086 0.00000 0.03125 0.00000 0.00000 0.13717 0.14619
55.00000 134.00000 0.23800 0.29881 1.00000 0.59794 0.63694 0.70771 0.69456 0.61718 0.61572 0.61286 0.85353 0.66943 0.89189 0.75407 0.61228 0.99383 0.72754 0.12884 1.00000 0.70833 0.85412 1.00000 0.62449 0.62760
55.00000 135.00000 0.00004 0.00202 1.00000 1.00000 0.98761 0.94436 0.94341 1.00000 1.00000 0.99181 0.99943 0.89114 1.00000 0.94625 0.99363 0.99363 0.74673 0.05704 1.00000 0.94792 1.00000 1.00000 0.97737 0.98080
55.00000 136.00000 0.00007 0.00000 1.00000 1.00000 0.98578 0.96026 0.94572 1.00000 1.00000 0.99062 0.99930 0.89862 1.00000 0.93648 0.99462 0.99339 0.74006 0.05199 1.00000 0.93750 1.00000 1.00000 0.97634 0.97425
55.00000 137.00000 0.47607 0.83349 1.00000 0.62699 0.66538 0.67119 0.56121 0.50794 0.50000 0.47069 0.86453 0.62035 0.37838 0.67752 0.47011 0.99394 0.56648 0.33703 1.00000 0.64583 0.86469 1.00000 0.48971 0.48957
55.00000 138.00000 0.00006 0.00000 1.00000 1.00000 0.98174 0.94983 0.94981 1.00000 1.00000 0.99320 0.99945 0.90028 1.00000 0.93322 0.99389 0.99344 0.74697 0.05170 1.00000 0.97917 1.00000 1.00000 0.97565 0.97473
55.00000 139.00000 0.00000 0.00000 1.00000 1.00000 0.98725 0.97202 0.95388 1.00000 1.00000 0.99251 0.99949 0.89772 1.00000 0.94544 0.99257 0.99352 0.74444 0.06078 1.00000 0.95833 1.00000 1.00000 0.97840 0.97498
55.00000 140.00000 0.47626 0.83242 1.00000 0.62699 0.66832 0.63541 0.55404 0.50794 0.50000 0.47127 0.86453 0.62745 0.40541 0.67915 0.47046 0.99405 0.57378 0.32491 1.00000 0.65625 0.86469 1.00000 0.48868 0.48927
55.00000 141.00000 0.23803 0.29691 1.00000 0.59794 0.64143 0.70551 0.70945 0.61718 0.61572 0.61326 0.85351 0.66938 0.89189 0.77850 0.61283 0.99383 0.71412 0.14104 1.00000 0.72917 0.85412 1.00000 0.62414 0.63013
55.00000 142.00000 0.47621 0.83373 1.00000 0.62699 0.66557 0.67246 0.55899 0.50794 0.50000 0.46952 0.86441 0.62433 0.37838 0.70684 0.47036 0.99421 0.56517 0.34765 1.00000 0.65625 0.86469 1.00000 0.48320 0.48578
55.00000 143.00000 0.83313 0.99762 1.00000 0.06027 0.18534 0.33111 0.29235 0.14659 0.14403 0.13555 0.65168 0.31752 0.24324 0.48697 0.13628 0.99460 0.58395 0.37632 0.00000 0.34375 0.65116 1.00000 0.16187 0.16363
55.00000 144.00000 0.00000 0.00131 1.00000 1.00000 0.98871 0.96692 0.96594 1.00000 1.00000 0.99177 0.99958 0.89640 1.00000 0.96010 0.99188 0.99355 0.74992 0.05170 1.00000 0.95833 1.00000 1.00000 0.97257 0.97601
55.00000 145.00000 0.23803 0.29691 1.00000 0.59794 0.64327 0.71480 0.70618 0.61718 0.61572 0.61145 0.85370 0.67223 0.89189 0.78746 0.61291 0.99391 0.73102 0.13946 1.00000 0.70833 0.85412 1.00000 0.62449 0.61987
55.00000 146.00000 0.83320 0.99869 1.00000 0.06027 0.18837 0.34769 0.26539 0.14659 0.14403 0.13749 0.65175 0.31612 0.24324 0.49756 0.13540 0.99463 0.56748 0.37764 0.00000 0.34375 0.65116 1.00000 0.16118 0.16326
55.00000 147.00000 0.99981 0.99762 1.00000 0.00000 0.13396 0.33428 0.28113 0.00000 0.00063 0.00231 0.62833 0.30139 0.24324 0.50814 0.00315 0.99446 0.62320 0.40056 0.00000 0.32292 0.62791 1.00000 0.01235 0.01877
55.00000 148.00000 0.47608 0.83171 1.00000 0.62699 0.66401 0.67599 0.59149 0.50794 0.50000 0.46964 0.86447 0.63399 0.40541 0.68322 0.46914 0.99424 0.57409 0.34413 1.00000 0.67708 0.86469 1.00000 0.48834 0.48263
55.00000 149.00000 0.59519 0.73812 0.00000 0.23809 0.01468 0.06943 0.08595 0.29318 0.20881 0.09095 0.00224 0.03805 0.02703 0.07410 0.08824 0.00292 0.11665 0.97909 0.00000 0.07292 0.00000 0.00000 0.13512 0.14585
55.00000 150.00000 0.83324 0.99762 1.00000 0.06027 0.19259 0.33837 0.29211 0.14659 0.14465 0.13575 0.65192 0.32701 0.24324 0.50000 0.13623 0.99493 0.59347 0.38287 0.00000 0.36458 0.65116 1.00000 0.15398 0.16122
55.00000 151.00000 0.59526 0.73741 0.00000 0.23809 0.02074 0.08658 0.10068 0.29318 0.20881 0.09050 0.00234 0.04731 0.02703 0.08143 0.08941 0.00292 0.11768 0.97814 0.00000 0.06250 0.00000 0.00000 0.13477 0.13983
55.00000 152.00000 0.47607 0.83135 1.00000 0.62699 0.66180 0.68866 0.57608 0.50794 0.50000 0.46938 0.86460 0.63540 0.40541 0.69300 0.46889 0.99443 0.56500 0.33919 1.00000 0.67708 0.86469 1.00000 0.48011 0.49400
55.00000 153.00000 0.99982 0.99929 1.00000 0.00000 0.13240 0.31757 0.28876 0.00000 0.00063 0.00413 0.62835 0.30608 0.24324 0.53583 0.00276 0.99463 0.62986 0.39448 0.00000 0.30208 0.62791 1.00000 0.00960 0.01925
55.00000 154.00000 0.99982 0.99846 1.00000 0.00000 0.13653 0.32705 0.29461 0.00000 0.00063 0.00420 0.62842 0.30165 0.24324 0.52199 0.00322 0.99457 0.64229 0.40129 0.00000 0.31250 0.62791 1.00000 0.01097 0.01774
55.00000 155.00000 0.59513 0.73682 0.00000 0.23809 0.02147 0.05903 0.09358 0.29318 0.20881 0.08883 0.00234 0.05323 0.02703 0.07166 0.08842 0.00322 0.13250 0.97536 0.00000 0.06250 0.00000 0.00000 0.14403 0.14057
55.00000 156.00000 0.47624 0.83135 1.00000 0.62699 0.67034 0.70359 0.58800 0.50794 0.50000 0.46797 0.86479 0.63101 0.37838 0.70358 0.46879 0.99454 0.59014 0.36511 1.00000 0.67708 0.86469 1.00000 0.48080 0.48613
55.00000 157.00000 0.23805 0.29691 1.00000 0.59794 0.64281 0.73471 0.72857 0.61718 0.61572 0.61276 0.85379 0.68412 0.89189 0.79886 0.61139 0.99424 0.74044 0.14389 1.00000 0.71875 0.85412 1.00000 0.62277 0.62175
55.00000 158.00000 0.00007 0.00190 1.00000 1.00000 0.99018 0.95555 0.98428 1.00000 1.00000 0.98707 0.99962 0.90817 1.00000 0.98371 0.99008 0.99374 0.75594 0.06894 1.00000 0.95833 1.00000 1.00000 0.96536 0.96709
55.00000 159.00000 0.59529 0.73860 0.00000 0.23809 0.01817 0.08877 0.08889 0.29318 0.20881 0.08992 0.00234 0.04402 0.02703 0.09121 0.08931 0.00333 0.12829 0.98502 0.00000 0.07292 0.00000 0.00000 0.13580 0.14298
