1.00000 1.00000 0.47093 0.76923 1.00000 1.00000 0.35597 0.37052 0.30858 1.00000 1.00000 0.20881 0.62353 0.20423 0.33333 0.34857 0.23128 0.64286 0.23912 0.64775 1.00000 0.27273 1.00000 1.00000 0.55952 0.44633
1.00000 2.00000 0.54651 0.23077 1.00000 1.00000 0.38876 0.39910 0.30936 1.00000 1.00000 0.23659 0.64706 0.20243 0.33333 0.30857 0.23688 0.65476 0.27857 0.68566 1.00000 0.36364 1.00000 1.00000 0.48810 0.53484
1.00000 3.00000 0.41860 0.30769 1.00000 1.00000 0.31382 0.35330 0.44540 1.00000 1.00000 0.23084 0.66471 0.24148 0.33333 0.30286 0.21701 0.63690 0.26453 0.56446 1.00000 0.27273 1.00000 1.00000 0.40476 0.45858
1.00000 4.00000 0.38372 0.53846 1.00000 1.00000 0.48712 0.41711 0.23729 1.00000 1.00000 0.26820 0.64706 0.21533 0.33333 0.31429 0.24045 0.68452 0.24561 0.55891 1.00000 0.36364 1.00000 1.00000 0.47024 0.39197
1.00000 5.00000 0.59302 0.46154 1.00000 1.00000 0.19672 0.47622 0.32122 1.00000 1.00000 0.24569 0.67059 0.26880 0.33333 0.26286 0.24503 0.65476 0.25211 0.55674 1.00000 0.36364 1.00000 1.00000 0.57738 0.54337
1.00000 6.00000 0.56395 0.07692 1.00000 1.00000 0.32787 0.38736 0.35803 1.00000 1.00000 0.24617 0.64706 0.26344 0.33333 0.21714 0.23688 0.64881 0.23702 0.62506 1.00000 0.45455 1.00000 1.00000 0.44643 0.51535
1.00000 7.00000 0.27907 0.61538 1.00000 1.00000 0.40749 0.41711 0.37488 1.00000 1.00000 0.23803 0.67059 0.26191 0.33333 0.39429 0.23892 0.64881 0.24818 0.55022 1.00000 0.27273 1.00000 1.00000 0.39881 0.49736
1.00000 8.00000 0.45930 0.07692 1.00000 1.00000 0.34660 0.47015 0.31232 1.00000 0.93750 0.25096 0.68235 0.21057 0.33333 0.35429 0.22058 0.61905 0.30209 0.63423 1.00000 0.27273 1.00000 1.00000 0.52381 0.54402
1.00000 9.00000 0.34884 0.46154 1.00000 1.00000 0.18735 0.46017 0.45944 1.00000 1.00000 0.21648 0.67059 0.22748 0.33333 0.35429 0.20683 0.64286 0.24897 0.61033 1.00000 0.36364 1.00000 1.00000 0.48810 0.55358
1.00000 10.00000 0.61047 0.30769 1.00000 1.00000 0.37002 0.45195 0.39298 1.00000 1.00000 0.24761 0.64118 0.24061 0.33333 0.37714 0.21345 0.63095 0.27862 0.58522 1.00000 0.27273 1.00000 1.00000 0.45833 0.56174
1.00000 11.00000 0.65116 0.30769 1.00000 1.00000 0.33724 0.35389 0.23120 1.00000 1.00000 0.22462 0.65294 0.23229 0.33333 0.37714 0.22720 0.65476 0.23498 0.64510 1.00000 0.36364 1.00000 1.00000 0.47619 0.50107
1.00000 12.00000 0.29070 0.15385 1.00000 1.00000 0.24356 0.37072 0.32262 1.00000 0.93750 0.22701 0.67059 0.26473 0.33333 0.32571 0.22211 0.62500 0.25861 0.48938 1.00000 0.36364 1.00000 1.00000 0.54762 0.45774
1.00000 13.00000 0.43605 0.53846 1.00000 1.00000 0.25293 0.49677 0.28846 1.00000 1.00000 0.23515 0.63529 0.22438 0.33333 0.25714 0.21854 0.64881 0.27348 0.54515 1.00000 0.27273 1.00000 1.00000 0.51786 0.51461
1.00000 14.00000 0.55233 0.53846 1.00000 1.00000 0.42623 0.44999 0.37192 1.00000 1.00000 0.26628 0.65882 0.22813 0.33333 0.33714 0.24300 0.61905 0.25384 0.65524 1.00000 0.18182 1.00000 1.00000 0.51190 0.47630
1.00000 15.00000 0.20930 0.76923 1.00000 1.00000 0.35129 0.32296 0.30328 1.00000 1.00000 0.20833 0.61765 0.23991 0.33333 0.34286 0.25217 0.63690 0.26694 0.59005 1.00000 0.18182 1.00000 1.00000 0.50595 0.54087
1.00000 16.00000 0.63953 0.69231 1.00000 1.00000 0.19672 0.45058 0.28752 1.00000 0.93750 0.20163 0.65882 0.24569 0.33333 0.25714 0.22975 0.62500 0.25054 0.63592 1.00000 0.27273 1.00000 1.00000 0.47024 0.46303
1.00000 17.00000 0.38953 0.53846 1.00000 1.00000 0.24824 0.52496 0.28112 1.00000 1.00000 0.26102 0.64706 0.19762 0.33333 0.17714 0.21447 0.59524 0.28805 0.53066 1.00000 0.45455 1.00000 1.00000 0.51786 0.46312
1.00000 18.00000 0.29070 0.61538 1.00000 1.00000 0.36300 0.28694 0.39282 1.00000 1.00000 0.22031 0.62941 0.26755 0.33333 0.29143 0.22567 0.64286 0.26987 0.63786 1.00000 0.36364 1.00000 1.00000 0.56548 0.62362
1.00000 19.00000 0.44186 0.46154 1.00000 1.00000 0.34192 0.38638 0.33994 1.00000 1.00000 0.23851 0.63529 0.26080 0.33333 0.26857 0.21752 0.62500 0.28800 0.52245 1.00000 0.27273 1.00000 1.00000 0.50000 0.49671
1.00000 20.00000 0.33721 0.76923 1.00000 1.00000 0.33255 0.30045 0.28908 1.00000 1.00000 0.23372 0.62941 0.24634 0.33333 0.26857 0.26745 0.65476 0.24394 0.64920 1.00000 0.27273 1.00000 1.00000 0.41667 0.57306
1.00000 21.00000 0.50581 0.30769 1.00000 1.00000 0.41686 0.50656 0.32683 1.00000 1.00000 0.21025 0.64118 0.26196 0.33333 0.32571 0.25471 0.64286 0.25489 0.64148 1.00000 0.27273 1.00000 1.00000 0.44643 0.59022
1.00000 22.00000 0.56395 0.76923 1.00000 1.00000 0.30211 0.42885 0.31217 1.00000 1.00000 0.23467 0.63529 0.26686 0.33333 0.36000 0.25013 0.65476 0.27569 0.62071 1.00000 0.36364 1.00000 1.00000 0.50595 0.44596
1.00000 23.00000 0.16860 0.38462 1.00000 1.00000 0.28337 0.42533 0.26443 1.00000 1.00000 0.22749 0.64118 0.23326 0.33333 0.27429 0.20632 0.65476 0.28181 0.57533 1.00000 0.27273 1.00000 1.00000 0.52976 0.53344
1.00000 24.00000 0.83140 0.61538 1.00000 1.00000 0.27635 0.40771 0.27691 1.00000 1.00000 0.22893 0.62353 0.25202 0.33333 0.41143 0.24554 0.64881 0.28899 0.62747 1.00000 0.27273 1.00000 1.00000 0.53571 0.54940
1.00000 25.00000 0.44767 0.15385 1.00000 1.00000 0.25527 0.44079 0.46115 1.00000 1.00000 0.20115 0.64118 0.26861 0.33333 0.35429 0.21956 0.66071 0.28721 0.57677 1.00000 0.27273 1.00000 1.00000 0.40476 0.47463
1.00000 26.00000 0.55233 0.38462 1.00000 1.00000 0.35831 0.41026 0.33869 1.00000 0.93750 0.24808 0.63529 0.21902 0.33333 0.33714 0.21854 0.64881 0.26442 0.57315 1.00000 0.36364 1.00000 1.00000 0.45238 0.45969
1.00000 27.00000 0.52907 0.38462 1.00000 1.00000 0.29977 0.36152 0.36037 1.00000 1.00000 0.21887 0.63529 0.21828 0.33333 0.36571 0.21956 0.65476 0.25719 0.62023 1.00000 0.18182 1.00000 1.00000 0.52976 0.46730
1.00000 28.00000 0.46512 0.76923 1.00000 1.00000 0.50820 0.27598 0.36162 1.00000 1.00000 0.24186 0.64118 0.17484 0.33333 0.27429 0.22517 0.66071 0.25902 0.64703 1.00000 0.27273 1.00000 1.00000 0.50595 0.55107
1.00000 29.00000 0.43023 0.38462 1.00000 1.00000 0.28103 0.45410 0.24945 1.00000 1.00000 0.21504 0.62941 0.23201 0.33333 0.30286 0.20581 0.64286 0.28433 0.58860 1.00000 0.45455 1.00000 1.00000 0.51786 0.53920
1.00000 30.00000 0.40698 0.15385 1.00000 1.00000 0.39578 0.44412 0.30593 1.00000 0.93750 0.24761 0.66471 0.23543 0.33333 0.37143 0.23841 0.61905 0.26128 0.71222 1.00000 0.36364 1.00000 1.00000 0.56548 0.49884
1.00000 31.00000 0.47674 0.53846 1.00000 1.00000 0.34660 0.42729 0.31841 1.00000 1.00000 0.19636 0.61765 0.21181 0.33333 0.31429 0.23332 0.64286 0.26751 0.53187 1.00000 0.18182 1.00000 1.00000 0.61310 0.51730
1.00000 32.00000 0.60465 0.07692 1.00000 1.00000 0.29742 0.45802 0.23994 1.00000 1.00000 0.27155 0.66471 0.22263 0.33333 0.27429 0.25217 0.61310 0.27186 0.62578 1.00000 0.27273 1.00000 1.00000 0.50595 0.45505
1.00000 33.00000 0.65116 0.23077 1.00000 1.00000 0.38642 0.29830 0.35694 1.00000 1.00000 0.21983 0.64706 0.19346 0.33333 0.33143 0.21294 0.63690 0.28826 0.61878 1.00000 0.36364 1.00000 1.00000 0.58929 0.49531
1.00000 34.00000 0.36047 0.30769 1.00000 1.00000 0.32084 0.43296 0.41108 1.00000 1.00000 0.22366 0.62353 0.23132 0.33333 0.44571 0.21701 0.64881 0.24582 0.64099 1.00000 0.27273 1.00000 1.00000 0.50595 0.56230
1.00000 35.00000 0.18023 0.69231 1.00000 1.00000 0.22482 0.51752 0.30062 1.00000 1.00000 0.19828 0.66471 0.23899 0.33333 0.49143 0.22007 0.64881 0.25824 0.65307 1.00000 0.36364 1.00000 1.00000 0.43452 0.38668
1.00000 36.00000 0.56977 0.15385 1.00000 1.00000 0.37705 0.34371 0.29376 1.00000 1.00000 0.25096 0.65882 0.22799 0.33333 0.36000 0.22669 0.65476 0.24483 0.62240 1.00000 0.45455 1.00000 1.00000 0.44048 0.60961
1.00000 37.00000 0.26744 0.38462 1.00000 1.00000 0.28571 0.48326 0.31076 1.00000 1.00000 0.24952 0.61765 0.25683 0.33333 0.36571 0.24503 0.64881 0.27197 0.42057 1.00000 0.45455 1.00000 1.00000 0.51190 0.53929
1.00000 38.00000 0.73256 0.15385 1.00000 1.00000 0.38642 0.47778 0.38237 1.00000 1.00000 0.25958 0.65294 0.24860 0.33333 0.34857 0.24707 0.62500 0.25693 0.52028 1.00000 0.36364 1.00000 1.00000 0.39286 0.51266
1.00000 39.00000 0.87791 0.46154 1.00000 1.00000 0.17799 0.28362 0.36537 1.00000 1.00000 0.22510 0.65882 0.26127 0.33333 0.28571 0.22873 0.63095 0.29187 0.58957 1.00000 0.36364 1.00000 1.00000 0.44048 0.44689
1.00000 40.00000 0.54070 0.30769 1.00000 1.00000 0.32319 0.38364 0.28393 1.00000 1.00000 0.23467 0.62353 0.23936 0.33333 0.31429 0.23943 0.64881 0.26526 0.57581 1.00000 0.54545 1.00000 1.00000 0.45833 0.49698
1.00000 41.00000 0.41860 0.30769 1.00000 1.00000 0.26230 0.35702 0.36911 1.00000 0.93750 0.23946 0.62941 0.25225 0.33333 0.36000 0.23841 0.61905 0.27055 0.48189 1.00000 0.36364 1.00000 1.00000 0.53571 0.41868
1.00000 42.00000 0.60465 0.30769 1.00000 1.00000 0.28571 0.39949 0.40796 1.00000 1.00000 0.22510 0.64706 0.24819 0.33333 0.32571 0.22567 0.61905 0.25682 0.62409 1.00000 0.36364 1.00000 1.00000 0.41071 0.52472
1.00000 43.00000 0.55233 0.76923 1.00000 1.00000 0.43794 0.33647 0.34821 1.00000 1.00000 0.20833 0.62353 0.25207 0.33333 0.23429 0.23688 0.62500 0.23613 0.66731 1.00000 0.36364 1.00000 1.00000 0.57738 0.52240
1.00000 44.00000 0.61628 0.53846 1.00000 1.00000 0.43326 0.41574 0.47738 1.00000 1.00000 0.15517 0.64118 0.23164 0.33333 0.32571 0.25522 0.60119 0.26311 0.66900 1.00000 0.09091 1.00000 1.00000 0.59524 0.44429
1.00000 45.00000 0.61047 0.53846 1.00000 1.00000 0.40281 0.39010 0.48190 1.00000 1.00000 0.22126 0.62353 0.22646 0.33333 0.27429 0.24401 0.62500 0.27940 0.67117 1.00000 0.27273 1.00000 1.00000 0.50000 0.40866
1.00000 46.00000 0.28488 0.69231 1.00000 1.00000 0.27635 0.36406 0.36568 1.00000 1.00000 0.23946 0.68235 0.24624 0.33333 0.29714 0.21752 0.66071 0.23833 0.65307 1.00000 0.36364 1.00000 1.00000 0.42262 0.58289
1.00000 47.00000 0.38953 0.69231 1.00000 1.00000 0.41218 0.54414 0.33073 1.00000 1.00000 0.21552 0.65294 0.25757 0.33333 0.33714 0.21701 0.61905 0.26604 0.52921 1.00000 0.36364 1.00000 1.00000 0.57738 0.36775
1.00000 48.00000 0.51744 0.46154 1.00000 1.00000 0.37471 0.37131 0.34493 1.00000 1.00000 0.21791 0.65882 0.22642 0.33333 0.33143 0.23026 0.66071 0.26856 0.58788 1.00000 0.54545 1.00000 1.00000 0.50595 0.41395
1.00000 49.00000 0.67442 0.15385 1.00000 1.00000 0.35831 0.43942 0.26162 1.00000 1.00000 0.20594 0.67059 0.26898 0.33333 0.33714 0.21243 0.64286 0.26107 0.54104 1.00000 0.18182 1.00000 1.00000 0.44643 0.47277
1.00000 50.00000 0.45349 0.76923 1.00000 1.00000 0.36768 0.50812 0.33463 1.00000 1.00000 0.22318 0.63529 0.23363 0.33333 0.22286 0.21600 0.66071 0.25447 0.60599 1.00000 0.36364 1.00000 1.00000 0.47619 0.46591
1.00000 51.00000 0.43023 0.46154 1.00000 1.00000 0.31850 0.45821 0.20593 1.00000 1.00000 0.24425 0.64118 0.22928 0.33333 0.29714 0.23586 0.62500 0.27935 0.48382 1.00000 0.27273 1.00000 1.00000 0.43452 0.56202
1.00000 52.00000 0.51163 0.69231 1.00000 1.00000 0.41452 0.37189 0.41685 1.00000 1.00000 0.21456 0.62941 0.20904 0.33333 0.31429 0.19969 0.59524 0.26400 0.56760 1.00000 0.27273 1.00000 1.00000 0.47619 0.41312
1.00000 53.00000 0.53488 0.30769 1.00000 1.00000 0.37705 0.36661 0.35881 1.00000 1.00000 0.16810 0.66471 0.21648 0.33333 0.37143 0.23586 0.66071 0.26416 0.61492 1.00000 0.27273 1.00000 1.00000 0.44048 0.52547
1.00000 54.00000 0.54070 0.15385 1.00000 1.00000 0.38407 0.39890 0.45616 1.00000 1.00000 0.24856 0.66471 0.23280 0.33333 0.30286 0.22975 0.66071 0.24048 0.60623 1.00000 0.36364 1.00000 1.00000 0.48810 0.49726
1.00000 55.00000 0.51163 0.76923 1.00000 1.00000 0.33021 0.44882 0.37754 1.00000 1.00000 0.23707 0.65294 0.22217 0.33333 0.24571 0.23688 0.64881 0.26678 0.61395 1.00000 0.27273 1.00000 1.00000 0.45238 0.52593
1.00000 56.00000 0.54651 0.46154 1.00000 1.00000 0.45667 0.41006 0.29626 1.00000 0.93750 0.22174 0.65294 0.22693 0.33333 0.21714 0.24962 0.65476 0.25510 0.66272 1.00000 0.54545 1.00000 1.00000 0.47024 0.49058
1.00000 57.00000 0.36047 0.23077 1.00000 1.00000 0.38173 0.42729 0.29594 1.00000 1.00000 0.22414 0.62941 0.26113 0.33333 0.24000 0.22262 0.63095 0.25682 0.54394 1.00000 0.27273 1.00000 1.00000 0.49405 0.54903
1.00000 58.00000 0.25000 0.38462 1.00000 1.00000 0.26698 0.45508 0.39860 1.00000 1.00000 0.20259 0.63529 0.23321 0.33333 0.27429 0.20988 0.66667 0.25546 0.60985 1.00000 0.45455 1.00000 1.00000 0.61310 0.44568
1.00000 59.00000 0.51163 0.46154 1.00000 1.00000 0.27400 0.48620 0.44228 1.00000 1.00000 0.23324 0.62353 0.22531 0.33333 0.31429 0.25828 0.64286 0.27102 0.67021 1.00000 0.45455 1.00000 1.00000 0.48214 0.57167
1.00000 60.00000 0.49419 0.23077 1.00000 1.00000 0.39344 0.28597 0.45647 1.00000 1.00000 0.21791 0.66471 0.23594 0.33333 0.35429 0.23179 0.62500 0.25468 0.54901 1.00000 0.36364 1.00000 1.00000 0.48810 0.41312
1.00000 61.00000 0.67442 0.15385 1.00000 1.00000 0.26464 0.38814 0.35959 1.00000 1.00000 0.21456 0.65294 0.26677 0.33333 0.30857 0.22975 0.62500 0.27432 0.48648 1.00000 0.27273 1.00000 1.00000 0.60714 0.51044
1.00000 62.00000 0.68023 0.15385 1.00000 1.00000 0.38173 0.57957 0.32652 1.00000 1.00000 0.21743 0.67059 0.22942 0.33333 0.32000 0.23230 0.64881 0.26861 0.65717 1.00000 0.18182 1.00000 1.00000 0.44048 0.47453
1.00000 63.00000 0.54651 0.30769 1.00000 1.00000 0.22951 0.38383 0.41638 1.00000 1.00000 0.24521 0.65294 0.21870 0.33333 0.36000 0.25420 0.66071 0.27013 0.58402 1.00000 0.27273 1.00000 1.00000 0.48214 0.51971
1.00000 64.00000 0.46512 0.61538 1.00000 1.00000 0.38642 0.49090 0.35055 1.00000 1.00000 0.25287 0.64706 0.25369 0.33333 0.37143 0.25675 0.62500 0.24650 0.62892 1.00000 0.27273 1.00000 1.00000 0.44643 0.46303
1.00000 65.00000 0.29651 0.23077 1.00000 1.00000 0.30679 0.48444 0.22106 1.00000 1.00000 0.21073 0.62353 0.23118 0.33333 0.35429 0.24554 0.61905 0.28161 0.58353 1.00000 0.27273 1.00000 1.00000 0.53571 0.58132
1.00000 66.00000 0.50000 0.30769 1.00000 1.00000 0.30913 0.42513 0.32512 1.00000 1.00000 0.23420 0.62941 0.25179 0.33333 0.38286 0.19918 0.63095 0.25258 0.70594 1.00000 0.27273 1.00000 1.00000 0.51190 0.38427
1.00000 67.00000 0.52907 0.46154 1.00000 1.00000 0.27400 0.41632 0.35304 1.00000 1.00000 0.22462 0.66471 0.25008 0.33333 0.38286 0.20377 0.65476 0.27469 0.67407 1.00000 0.27273 1.00000 1.00000 0.36905 0.38566
1.00000 68.00000 0.53488 0.07692 1.00000 1.00000 0.28806 0.32531 0.38892 1.00000 1.00000 0.21983 0.67059 0.25285 0.33333 0.37714 0.20581 0.60714 0.22481 0.63303 1.00000 0.27273 1.00000 1.00000 0.47619 0.52296
1.00000 69.00000 0.51163 0.53846 1.00000 1.00000 0.47775 0.49677 0.35445 1.00000 1.00000 0.20977 0.67647 0.23367 0.33333 0.24000 0.24350 0.66667 0.27977 0.70570 1.00000 0.36364 1.00000 1.00000 0.53571 0.41664
1.00000 70.00000 0.38372 0.07692 1.00000 1.00000 0.35129 0.53533 0.38003 1.00000 1.00000 0.23084 0.65882 0.24652 0.33333 0.32571 0.22669 0.66667 0.25337 0.65934 1.00000 0.45455 1.00000 1.00000 0.57738 0.47194
1.00000 71.00000 0.68605 0.76923 1.00000 1.00000 0.40749 0.38011 0.32293 1.00000 1.00000 0.20881 0.66471 0.25526 0.33333 0.28571 0.22618 0.62500 0.24142 0.62892 1.00000 0.27273 1.00000 1.00000 0.57143 0.56332
1.00000 72.00000 0.56977 0.61538 1.00000 1.00000 0.25059 0.34977 0.39704 1.00000 1.00000 0.22845 0.65882 0.27176 0.33333 0.32571 0.22720 0.67262 0.23377 0.71584 1.00000 0.36364 1.00000 1.00000 0.51786 0.47769
1.00000 73.00000 0.47674 0.15385 1.00000 1.00000 0.27635 0.44177 0.32231 1.00000 1.00000 0.23036 0.67059 0.25614 0.33333 0.37143 0.22720 0.65476 0.25379 0.78754 1.00000 0.45455 1.00000 1.00000 0.52381 0.48474
1.00000 74.00000 0.47674 0.38462 1.00000 1.00000 0.23888 0.38540 0.35647 1.00000 1.00000 0.21695 0.65294 0.21796 0.33333 0.30286 0.22669 0.64286 0.27118 0.65596 1.00000 0.45455 1.00000 1.00000 0.50595 0.47203
1.00000 75.00000 0.44186 0.76923 1.00000 1.00000 0.32319 0.44745 0.30016 1.00000 1.00000 0.19301 0.64706 0.21639 0.33333 0.28571 0.23179 0.62500 0.26557 0.54877 1.00000 0.45455 1.00000 1.00000 0.50595 0.51879
1.00000 76.00000 0.59884 0.46154 1.00000 1.00000 0.47073 0.42807 0.35803 1.00000 1.00000 0.22797 0.63529 0.23150 0.33333 0.26286 0.24809 0.64881 0.29313 0.60309 1.00000 0.36364 1.00000 1.00000 0.35714 0.44559
1.00000 77.00000 0.08140 0.38462 1.00000 1.00000 0.27635 0.34625 0.35133 1.00000 1.00000 0.21695 0.64706 0.24412 0.33333 0.34286 0.21090 0.68452 0.25478 0.52245 1.00000 0.27273 1.00000 1.00000 0.47024 0.43501
1.00000 78.00000 0.50000 0.53846 1.00000 1.00000 0.47307 0.27500 0.36084 1.00000 1.00000 0.22126 0.65294 0.25997 0.33333 0.30286 0.22313 0.69048 0.28161 0.65789 1.00000 0.27273 1.00000 1.00000 0.42262 0.50302
1.00000 79.00000 0.54651 0.69231 1.00000 1.00000 0.27869 0.37581 0.36443 1.00000 1.00000 0.20929 0.65882 0.24287 0.33333 0.22286 0.21600 0.65476 0.26720 0.56301 1.00000 0.27273 1.00000 1.00000 0.48810 0.49365
1.00000 80.00000 0.66279 0.69231 1.00000 1.00000 0.16159 0.43688 0.25023 1.00000 1.00000 0.24042 0.65294 0.23007 0.33333 0.30286 0.21192 0.62500 0.27935 0.60768 1.00000 0.45455 1.00000 1.00000 0.40476 0.54309
1.00000 81.00000 0.62209 0.46154 1.00000 1.00000 0.30211 0.34606 0.39672 1.00000 1.00000 0.19684 0.65882 0.24421 0.33333 0.18857 0.23179 0.67262 0.28281 0.69290 1.00000 0.54545 1.00000 1.00000 0.45833 0.50895
1.00000 82.00000 0.39535 0.07692 1.00000 1.00000 0.40047 0.44588 0.39563 1.00000 1.00000 0.23420 0.65882 0.21528 0.33333 0.28571 0.22517 0.66667 0.27139 0.63568 1.00000 0.45455 1.00000 1.00000 0.56548 0.47565
1.00000 83.00000 0.19186 0.15385 1.00000 1.00000 0.23653 0.44882 0.38690 1.00000 1.00000 0.26772 0.65294 0.21084 0.33333 0.32000 0.21192 0.66071 0.27668 0.55046 1.00000 0.45455 1.00000 1.00000 0.49405 0.40551
1.00000 84.00000 0.70349 0.53846 1.00000 1.00000 0.25761 0.41593 0.34212 1.00000 1.00000 0.24617 0.66471 0.22526 0.33333 0.33143 0.21396 0.67857 0.27940 0.55311 1.00000 0.18182 1.00000 1.00000 0.48214 0.45069
1.00000 85.00000 0.51744 0.15385 1.00000 1.00000 0.40515 0.44882 0.34555 1.00000 1.00000 0.20402 0.65882 0.24209 0.33333 0.42286 0.22109 0.66071 0.26348 0.68131 1.00000 0.63636 1.00000 1.00000 0.47024 0.51563
1.00000 86.00000 0.43023 0.69231 1.00000 1.00000 0.28806 0.51047 0.40749 1.00000 1.00000 0.24713 0.65882 0.22083 0.33333 0.37143 0.21651 0.61310 0.24022 0.66055 1.00000 0.45455 1.00000 1.00000 0.42262 0.52723
1.00000 87.00000 0.26744 0.53846 1.00000 1.00000 0.33489 0.40047 0.34867 1.00000 1.00000 0.19588 0.67647 0.22415 0.33333 0.44000 0.20275 0.66667 0.29093 0.68204 1.00000 0.36364 1.00000 1.00000 0.50595 0.55534
1.00000 88.00000 0.53488 0.76923 1.00000 1.00000 0.14520 0.46154 0.30967 1.00000 1.00000 0.20307 0.64118 0.22771 0.33333 0.30857 0.21803 0.64286 0.23833 0.63930 1.00000 0.36364 1.00000 1.00000 0.54167 0.40570
1.00000 89.00000 0.50581 0.30769 1.00000 1.00000 0.42857 0.57604 0.46349 1.00000 1.00000 0.28113 0.68235 0.23659 0.33333 0.28000 0.25573 0.64881 0.26018 0.61226 1.00000 0.36364 1.00000 1.00000 0.42262 0.55154
1.00000 90.00000 0.43605 0.30769 1.00000 1.00000 0.34895 0.34606 0.33947 1.00000 1.00000 0.22079 0.66471 0.27370 0.33333 0.37143 0.21956 0.63095 0.28312 0.55167 1.00000 0.36364 1.00000 1.00000 0.51190 0.41080
1.00000 91.00000 0.38372 0.15385 1.00000 1.00000 0.40749 0.55255 0.45320 1.00000 1.00000 0.24090 0.65882 0.21167 0.33333 0.38857 0.23281 0.66667 0.23712 0.56446 1.00000 0.54545 1.00000 1.00000 0.44643 0.46925
1.00000 92.00000 0.59302 0.15385 1.00000 1.00000 0.24356 0.44921 0.33229 1.00000 1.00000 0.19780 0.64706 0.27111 0.33333 0.36000 0.21752 0.62500 0.21381 0.58498 1.00000 0.45455 1.00000 1.00000 0.44643 0.44030
1.00000 93.00000 0.61047 0.38462 1.00000 1.00000 0.40984 0.33803 0.41357 1.00000 1.00000 0.24138 0.67647 0.26168 0.33333 0.42286 0.22313 0.63690 0.27747 0.50435 1.00000 0.36364 1.00000 1.00000 0.46429 0.41052
1.00000 94.00000 0.66860 0.61538 1.00000 1.00000 0.43560 0.40947 0.27941 1.00000 0.93750 0.21935 0.62941 0.24675 0.33333 0.22857 0.23586 0.64881 0.27348 0.57919 1.00000 0.36364 1.00000 1.00000 0.43452 0.34734
1.00000 95.00000 0.65698 0.38462 1.00000 1.00000 0.45902 0.25484 0.45148 1.00000 1.00000 0.22414 0.65882 0.22864 0.33333 0.35429 0.22466 0.64881 0.26725 0.66586 1.00000 0.36364 1.00000 1.00000 0.45238 0.47231
1.00000 96.00000 0.33721 0.69231 1.00000 1.00000 0.29977 0.44588 0.33323 1.00000 1.00000 0.20881 0.67059 0.22401 0.33333 0.38286 0.22262 0.66667 0.27773 0.63786 1.00000 0.45455 1.00000 1.00000 0.36310 0.52741
1.00000 97.00000 0.54070 0.15385 1.00000 1.00000 0.32319 0.39636 0.17270 1.00000 1.00000 0.23755 0.68824 0.22498 0.33333 0.43429 0.23739 0.66667 0.23822 0.61589 1.00000 0.36364 1.00000 1.00000 0.40476 0.45496
1.00000 98.00000 0.44767 0.69231 1.00000 1.00000 0.31148 0.37287 0.39251 1.00000 1.00000 0.20450 0.70588 0.23834 0.33333 0.37143 0.22262 0.64881 0.27736 0.61758 1.00000 0.45455 1.00000 1.00000 0.54167 0.51099
1.00000 99.00000 0.56977 0.69231 1.00000 1.00000 0.46604 0.40067 0.39392 1.00000 1.00000 0.21025 0.67059 0.24061 0.33333 0.30286 0.22211 0.68452 0.28019 0.68711 1.00000 0.45455 1.00000 1.00000 0.45238 0.46767
1.00000 100.00000 0.56395 0.46154 1.00000 1.00000 0.29742 0.35154 0.40140 1.00000 1.00000 0.19636 0.65294 0.22087 0.33333 0.47429 0.21141 0.63095 0.27170 0.60092 1.00000 0.36364 1.00000 1.00000 0.54762 0.47259
1.00000 101.00000 0.34884 0.84615 1.00000 1.00000 0.41686 0.43257 0.36162 1.00000 1.00000 0.24186 0.65294 0.25905 0.33333 0.29714 0.22364 0.64286 0.26489 0.59609 1.00000 0.27273 1.00000 1.00000 0.42857 0.54050
1.00000 102.00000 0.61047 0.30769 1.00000 1.00000 0.32319 0.46937 0.32590 1.00000 1.00000 0.25383 0.64118 0.23737 0.33333 0.32000 0.22924 0.66071 0.28092 0.63230 1.00000 0.36364 1.00000 1.00000 0.45833 0.48659
1.00000 103.00000 0.63372 0.15385 1.00000 1.00000 0.35129 0.53102 0.45944 1.00000 1.00000 0.20115 0.67647 0.22845 0.33333 0.36571 0.22058 0.66071 0.28726 0.63375 1.00000 0.27273 1.00000 1.00000 0.38095 0.46544
1.00000 104.00000 0.47093 0.84615 1.00000 1.00000 0.54098 0.43081 0.53105 1.00000 1.00000 0.21552 0.67059 0.24250 0.33333 0.32571 0.22262 0.66667 0.24257 0.72718 1.00000 0.45455 1.00000 1.00000 0.42262 0.41442
1.00000 105.00000 0.50581 0.76923 1.00000 1.00000 0.40047 0.44666 0.28128 1.00000 1.00000 0.22270 0.65294 0.21232 0.33333 0.39429 0.22058 0.69048 0.25263 0.56012 1.00000 0.27273 1.00000 1.00000 0.47619 0.39948
1.00000 106.00000 0.75000 0.53846 1.00000 1.00000 0.25527 0.52124 0.38518 1.00000 1.00000 0.20067 0.67647 0.23330 0.33333 0.33714 0.21141 0.64881 0.27034 0.62530 1.00000 0.54545 1.00000 1.00000 0.45238 0.46952
1.00000 107.00000 0.77907 0.38462 1.00000 1.00000 0.36066 0.47054 0.34711 1.00000 1.00000 0.22318 0.69412 0.22166 0.33333 0.30286 0.21294 0.65476 0.26594 0.60478 1.00000 0.45455 1.00000 1.00000 0.43452 0.37796
1.00000 108.00000 0.46512 0.07692 1.00000 1.00000 0.40281 0.52124 0.44431 1.00000 1.00000 0.21791 0.65882 0.24144 0.33333 0.25714 0.21294 0.63690 0.25599 0.68831 1.00000 0.36364 1.00000 1.00000 0.54167 0.39493
1.00000 109.00000 0.58140 0.69231 1.00000 1.00000 0.35831 0.42298 0.32512 1.00000 1.00000 0.23659 0.67647 0.27166 0.33333 0.32000 0.23535 0.63095 0.27626 0.73177 1.00000 0.36364 1.00000 1.00000 0.50000 0.42629
1.00000 110.00000 0.11628 0.15385 1.00000 1.00000 0.29977 0.52965 0.36287 1.00000 1.00000 0.19971 0.64118 0.24111 0.33333 0.36000 0.20835 0.66071 0.26028 0.67045 1.00000 0.45455 1.00000 1.00000 0.51786 0.47157
1.00000 111.00000 0.33721 0.07692 1.00000 1.00000 0.28571 0.45214 0.43011 1.00000 1.00000 0.21169 0.63529 0.25540 0.33333 0.28571 0.22822 0.64286 0.25389 0.61082 1.00000 0.36364 1.00000 1.00000 0.45238 0.42796
1.00000 112.00000 0.59884 0.38462 1.00000 1.00000 0.24356 0.48757 0.38627 1.00000 1.00000 0.20259 0.69412 0.22351 0.33333 0.26286 0.24707 0.64881 0.25593 0.69507 1.00000 0.45455 1.00000 1.00000 0.47619 0.54207
1.00000 113.00000 0.55814 0.07692 1.00000 1.00000 0.37471 0.52143 0.28627 1.00000 0.93750 0.18247 0.67059 0.24172 0.33333 0.40571 0.22160 0.67262 0.26788 0.59223 1.00000 0.36364 1.00000 1.00000 0.41667 0.48808
1.00000 114.00000 0.52907 0.61538 1.00000 1.00000 0.45667 0.40712 0.28409 1.00000 1.00000 0.22414 0.68235 0.25401 0.33333 0.32000 0.21396 0.63690 0.26683 0.55698 1.00000 0.45455 1.00000 1.00000 0.57143 0.39020
1.00000 115.00000 0.46512 0.15385 1.00000 1.00000 0.33021 0.31454 0.33073 1.00000 1.00000 0.21456 0.65882 0.20497 0.33333 0.40000 0.17728 0.67857 0.23927 0.55094 1.00000 0.45455 1.00000 1.00000 0.46429 0.42833
1.00000 116.00000 0.44186 0.46154 1.00000 1.00000 0.36300 0.33744 0.34165 1.00000 1.00000 0.21648 0.63529 0.26247 0.33333 0.40000 0.22364 0.64881 0.26363 0.65258 1.00000 0.45455 1.00000 1.00000 0.48214 0.47407
1.00000 117.00000 0.41279 0.69231 1.00000 1.00000 0.45199 0.34351 0.47036 1.00000 1.00000 0.20211 0.67647 0.22850 0.33333 0.32571 0.18849 0.66071 0.25751 0.68711 1.00000 0.27273 1.00000 1.00000 0.61310 0.45950
1.00000 118.00000 0.66860 0.15385 1.00000 1.00000 0.36066 0.51674 0.47613 1.00000 1.00000 0.23755 0.67647 0.24088 0.33333 0.24571 0.20479 0.67857 0.24954 0.65500 1.00000 0.36364 1.00000 1.00000 0.55357 0.30875
1.00000 119.00000 0.54070 0.07692 1.00000 1.00000 0.25293 0.37972 0.32886 1.00000 1.00000 0.21264 0.66471 0.25956 0.33333 0.39429 0.20632 0.64881 0.24750 0.61468 1.00000 0.27273 1.00000 1.00000 0.37500 0.44429
1.00000 120.00000 0.59884 0.69231 1.00000 1.00000 0.27635 0.34312 0.36661 1.00000 1.00000 0.20115 0.68235 0.24356 0.33333 0.36000 0.26032 0.65476 0.22214 0.59440 1.00000 0.45455 1.00000 1.00000 0.48810 0.47537
1.00000 121.00000 0.15116 0.15385 1.00000 1.00000 0.27166 0.55295 0.41685 1.00000 1.00000 0.23755 0.66471 0.24352 0.33333 0.44000 0.21956 0.69048 0.27479 0.67455 1.00000 0.36364 1.00000 1.00000 0.44048 0.56137
1.00000 122.00000 0.66279 0.15385 1.00000 1.00000 0.43091 0.37209 0.34384 1.00000 1.00000 0.23611 0.67059 0.24588 0.33333 0.37714 0.20326 0.66071 0.26227 0.61275 1.00000 0.36364 1.00000 1.00000 0.50595 0.39354
1.00000 123.00000 0.39535 0.46154 1.00000 1.00000 0.44028 0.27892 0.44805 1.00000 1.00000 0.21504 0.67647 0.19023 0.33333 0.34286 0.24147 0.67262 0.26133 0.63592 1.00000 0.36364 1.00000 1.00000 0.44048 0.45941
1.00000 124.00000 0.45930 0.46154 1.00000 1.00000 0.31148 0.37894 0.45819 1.00000 1.00000 0.21025 0.68824 0.24971 0.33333 0.34857 0.21243 0.62500 0.26515 0.70449 1.00000 0.45455 1.00000 1.00000 0.45238 0.40904
1.00000 125.00000 0.61047 0.23077 1.00000 1.00000 0.31616 0.37698 0.34899 1.00000 1.00000 0.19636 0.64118 0.26251 0.33333 0.29714 0.21600 0.68452 0.28292 0.67093 1.00000 0.45455 1.00000 1.00000 0.47619 0.48845
1.00000 126.00000 0.80814 0.61538 1.00000 1.00000 0.33255 0.60462 0.42637 1.00000 1.00000 0.20259 0.67647 0.24121 0.33333 0.23429 0.21192 0.67857 0.28124 0.58860 1.00000 0.27273 1.00000 1.00000 0.49405 0.50700
1.00000 127.00000 0.44767 0.53846 1.00000 1.00000 0.22717 0.35134 0.28409 1.00000 1.00000 0.24330 0.64706 0.25983 0.33333 0.27429 0.23332 0.63690 0.26835 0.67890 1.00000 0.36364 1.00000 1.00000 0.31548 0.54217
1.00000 128.00000 0.45930 0.53846 1.00000 1.00000 0.35363 0.52652 0.54275 1.00000 1.00000 0.17577 0.69412 0.24435 0.33333 0.37143 0.20530 0.66667 0.26494 0.67045 1.00000 0.45455 1.00000 1.00000 0.53571 0.47277
1.00000 129.00000 0.39535 0.53846 1.00000 1.00000 0.23419 0.35173 0.42574 1.00000 1.00000 0.19971 0.68235 0.25974 0.33333 0.38857 0.23383 0.63690 0.27270 0.57846 1.00000 0.36364 1.00000 1.00000 0.38095 0.51257
1.00000 130.00000 0.54651 0.46154 1.00000 1.00000 0.21780 0.32844 0.31591 1.00000 1.00000 0.20402 0.68824 0.23381 0.33333 0.36571 0.20937 0.64286 0.28292 0.64148 1.00000 0.45455 1.00000 1.00000 0.45833 0.56777
1.00000 131.00000 0.62209 0.38462 1.00000 1.00000 0.33021 0.49129 0.43651 1.00000 1.00000 0.21600 0.67647 0.23201 0.33333 0.38286 0.22720 0.66071 0.25352 0.63520 1.00000 0.36364 1.00000 1.00000 0.46429 0.49207
1.00000 132.00000 0.56395 0.76923 1.00000 1.00000 0.49883 0.42396 0.37863 1.00000 1.00000 0.18726 0.69412 0.25327 0.33333 0.36571 0.18645 0.67262 0.24755 0.67648 1.00000 0.36364 1.00000 1.00000 0.42262 0.48056
1.00000 133.00000 0.47093 0.61538 1.00000 1.00000 0.37939 0.51302 0.34368 1.00000 1.00000 0.22653 0.65294 0.22790 0.33333 0.43429 0.19562 0.65476 0.25745 0.62071 1.00000 0.45455 1.00000 1.00000 0.53571 0.45616
1.00000 134.00000 0.30814 0.69231 1.00000 1.00000 0.28337 0.50147 0.53541 1.00000 1.00000 0.22222 0.65882 0.26926 0.33333 0.35429 0.19103 0.65476 0.24556 0.63182 1.00000 0.36364 1.00000 1.00000 0.45833 0.42935
1.00000 135.00000 0.70349 0.15385 1.00000 1.00000 0.49415 0.48209 0.41186 1.00000 1.00000 0.19109 0.65882 0.27176 0.33333 0.38857 0.21803 0.65476 0.27118 0.60985 1.00000 0.36364 1.00000 1.00000 0.44643 0.53586
1.00000 136.00000 0.51163 0.07692 1.00000 1.00000 0.40515 0.58270 0.25944 1.00000 1.00000 0.19923 0.66471 0.27227 0.33333 0.26286 0.22924 0.65476 0.28884 0.70642 1.00000 0.36364 1.00000 1.00000 0.48810 0.41701
1.00000 137.00000 0.63953 0.76923 1.00000 1.00000 0.41686 0.46232 0.40328 1.00000 1.00000 0.21743 0.68824 0.24121 0.33333 0.43429 0.18951 0.66667 0.27149 0.63110 1.00000 0.36364 1.00000 1.00000 0.39286 0.49875
1.00000 138.00000 0.56977 0.30769 1.00000 1.00000 0.32319 0.30554 0.39594 1.00000 1.00000 0.20402 0.67059 0.27703 0.33333 0.39429 0.20632 0.62500 0.25599 0.64727 1.00000 0.45455 1.00000 1.00000 0.49405 0.47249
1.00000 139.00000 0.65116 0.15385 1.00000 1.00000 0.43794 0.37972 0.44150 1.00000 1.00000 0.22126 0.68824 0.20941 0.33333 0.46286 0.20886 0.65476 0.25850 0.73056 1.00000 0.54545 1.00000 1.00000 0.44048 0.51044
1.00000 140.00000 0.48837 0.30769 1.00000 1.00000 0.35831 0.43844 0.48674 1.00000 1.00000 0.20259 0.67647 0.21990 0.33333 0.40571 0.21294 0.64286 0.26730 0.59271 1.00000 0.45455 1.00000 1.00000 0.47619 0.43826
1.00000 141.00000 0.65116 0.76923 1.00000 1.00000 0.39813 0.47700 0.32590 1.00000 1.00000 0.19013 0.68824 0.20765 0.33333 0.44000 0.17626 0.69643 0.26039 0.63834 1.00000 0.45455 1.00000 1.00000 0.39286 0.36942
1.00000 142.00000 0.65116 0.76923 1.00000 1.00000 0.38407 0.34429 0.39938 1.00000 1.00000 0.17625 0.65882 0.21459 0.33333 0.37714 0.20122 0.69643 0.27652 0.65331 1.00000 0.45455 1.00000 1.00000 0.44048 0.47416
1.00000 143.00000 0.45349 0.30769 1.00000 1.00000 0.38876 0.52182 0.48253 1.00000 1.00000 0.21216 0.68235 0.19009 0.33333 0.33714 0.20581 0.64286 0.25986 0.55843 1.00000 0.54545 1.00000 1.00000 0.48810 0.40672
1.00000 144.00000 0.46512 0.23077 1.00000 1.00000 0.27400 0.47837 0.45398 1.00000 1.00000 0.17289 0.70000 0.26177 0.33333 0.53143 0.19969 0.64286 0.27673 0.61878 1.00000 0.45455 1.00000 1.00000 0.38690 0.48854
1.00000 145.00000 0.69767 0.38462 1.00000 1.00000 0.52225 0.37307 0.48502 1.00000 1.00000 0.18918 0.64706 0.27009 0.33333 0.46857 0.18441 0.63095 0.26830 0.67648 1.00000 0.54545 1.00000 1.00000 0.38095 0.46748
1.00000 146.00000 0.48256 0.46154 1.00000 1.00000 0.37237 0.36074 0.51560 1.00000 1.00000 0.18343 0.70000 0.25651 0.33333 0.41143 0.17066 0.70238 0.27998 0.69773 1.00000 0.27273 1.00000 1.00000 0.52381 0.44698
1.00000 147.00000 0.42442 0.30769 1.00000 1.00000 0.52693 0.65042 0.40031 1.00000 1.00000 0.21312 0.67059 0.24680 0.33333 0.36000 0.21090 0.64286 0.28134 0.69676 1.00000 0.45455 1.00000 1.00000 0.51786 0.39085
1.00000 148.00000 0.59884 0.07692 1.00000 1.00000 0.37237 0.38168 0.37660 1.00000 1.00000 0.22653 0.67647 0.24546 0.33333 0.43429 0.19969 0.66071 0.26720 0.62023 1.00000 0.45455 1.00000 1.00000 0.50595 0.50830
1.00000 149.00000 0.50581 0.53846 1.00000 1.00000 0.44496 0.42415 0.44009 1.00000 1.00000 0.22174 0.67059 0.26718 0.33333 0.32000 0.20886 0.64881 0.25431 0.69604 1.00000 0.54545 1.00000 1.00000 0.31548 0.44512
1.00000 150.00000 0.60465 0.76923 1.00000 1.00000 0.33489 0.50088 0.49953 1.00000 1.00000 0.22414 0.67059 0.25077 0.33333 0.33714 0.19154 0.66667 0.27107 0.58184 1.00000 0.45455 1.00000 1.00000 0.36905 0.43511
1.00000 151.00000 0.50581 0.38462 1.00000 1.00000 0.35597 0.63711 0.42652 1.00000 1.00000 0.18918 0.70000 0.23580 0.33333 0.40571 0.22466 0.66667 0.28648 0.67045 1.00000 0.36364 1.00000 1.00000 0.35714 0.48029
1.00000 152.00000 0.48837 0.07692 1.00000 1.00000 0.38407 0.42944 0.40624 1.00000 1.00000 0.20115 0.70000 0.24925 0.33333 0.36571 0.19664 0.66667 0.25289 0.67817 1.00000 0.36364 1.00000 1.00000 0.31548 0.36710
1.00000 153.00000 0.48256 0.30769 1.00000 1.00000 0.46136 0.45958 0.41747 1.00000 1.00000 0.18056 0.67059 0.25424 0.33333 0.60571 0.22567 0.63690 0.26877 0.70884 1.00000 0.45455 1.00000 1.00000 0.42857 0.37777
1.00000 154.00000 0.50581 0.15385 1.00000 1.00000 0.37002 0.56645 0.33697 1.00000 1.00000 0.18103 0.71765 0.25493 0.33333 0.37143 0.21752 0.67857 0.27893 0.64800 1.00000 0.36364 1.00000 1.00000 0.42857 0.41618
1.00000 155.00000 0.30233 0.61538 1.00000 1.00000 0.52693 0.41437 0.48814 1.00000 1.00000 0.17289 0.66471 0.24971 0.33333 0.45143 0.24198 0.66071 0.25567 0.70859 1.00000 0.63636 1.00000 1.00000 0.57143 0.40245
1.00000 156.00000 0.46512 0.53846 1.00000 1.00000 0.40047 0.53572 0.54446 1.00000 1.00000 0.18630 0.66471 0.22993 0.33333 0.44000 0.20632 0.64881 0.27364 0.63906 1.00000 0.36364 1.00000 1.00000 0.42262 0.43149
1.00000 157.00000 0.31395 0.07692 1.00000 1.00000 0.40515 0.45351 0.45273 1.00000 1.00000 0.16331 0.65882 0.23696 0.33333 0.43429 0.19918 0.66667 0.25510 0.71873 1.00000 0.54545 1.00000 1.00000 0.41667 0.47945
1.00000 158.00000 0.50000 0.53846 1.00000 1.00000 0.26698 0.60149 0.45913 1.00000 1.00000 0.19875 0.67647 0.23418 0.33333 0.36000 0.20785 0.69048 0.25562 0.64172 1.00000 0.45455 1.00000 1.00000 0.39881 0.43269
1.00000 159.00000 0.64535 0.46154 1.00000 1.00000 0.42155 0.54844 0.52637 1.00000 1.00000 0.18151 0.67059 0.25096 0.33333 0.45714 0.18645 0.66071 0.27045 0.68131 1.00000 0.45455 1.00000 1.00000 0.32143 0.32452
1.00000 160.00000 0.51163 0.53846 1.00000 1.00000 0.35597 0.59679 0.58346 1.00000 1.00000 0.18870 0.68824 0.25184 0.33333 0.47429 0.17371 0.65476 0.24535 0.63351 1.00000 0.45455 1.00000 1.00000 0.41071 0.39540
1.00000 161.00000 0.50581 0.76923 1.00000 1.00000 0.36534 0.44705 0.45741 1.00000 1.00000 0.20929 0.69412 0.26538 0.33333 0.43429 0.19256 0.66071 0.25022 0.64341 1.00000 0.45455 1.00000 1.00000 0.41667 0.39957
1.00000 162.00000 0.40698 0.53846 1.00000 1.00000 0.43091 0.45704 0.44150 1.00000 1.00000 0.16762 0.69412 0.21459 0.33333 0.42857 0.20785 0.68452 0.25777 0.65403 1.00000 0.54545 1.00000 1.00000 0.48214 0.31608
1.00000 163.00000 0.50581 0.61538 1.00000 1.00000 0.43091 0.51125 0.51154 1.00000 1.00000 0.18391 0.72941 0.24675 0.33333 0.39429 0.18186 0.69048 0.24986 0.67286 1.00000 0.45455 1.00000 1.00000 0.42262 0.41915
1.00000 164.00000 0.54651 0.23077 1.00000 1.00000 0.42155 0.40341 0.50312 1.00000 1.00000 0.15757 0.72941 0.25734 0.33333 0.48571 0.19460 0.69048 0.23650 0.60188 1.00000 0.45455 1.00000 1.00000 0.39881 0.39122
1.00000 165.00000 0.30233 0.61538 1.00000 1.00000 0.31148 0.42650 0.43261 1.00000 1.00000 0.21121 0.68235 0.25789 0.33333 0.34857 0.18951 0.65476 0.22948 0.73274 1.00000 0.45455 1.00000 1.00000 0.41667 0.39243
1.00000 166.00000 0.36047 0.76923 1.00000 1.00000 0.36768 0.58896 0.51154 1.00000 1.00000 0.19492 0.67059 0.20719 0.33333 0.47429 0.20173 0.63690 0.27223 0.64944 1.00000 0.36364 1.00000 1.00000 0.36905 0.42137
1.00000 167.00000 0.59884 0.07692 1.00000 1.00000 0.43091 0.43864 0.66677 1.00000 1.00000 0.19780 0.71176 0.25766 0.33333 0.45143 0.19358 0.70833 0.24095 0.59850 1.00000 0.45455 1.00000 1.00000 0.42262 0.43733
1.00000 168.00000 0.42442 0.46154 1.00000 1.00000 0.35129 0.43668 0.43931 1.00000 1.00000 0.18103 0.66471 0.25766 0.33333 0.36571 0.20326 0.67262 0.25782 0.67166 1.00000 0.36364 1.00000 1.00000 0.40476 0.43835
1.00000 169.00000 0.70930 0.23077 1.00000 1.00000 0.41218 0.56469 0.53916 1.00000 1.00000 0.20881 0.69412 0.22891 0.33333 0.58286 0.20122 0.71429 0.27317 0.63641 1.00000 0.36364 1.00000 1.00000 0.35714 0.41386
1.00000 170.00000 0.56395 0.23077 1.00000 1.00000 0.41218 0.58818 0.48128 1.00000 1.00000 0.19971 0.70000 0.24569 0.33333 0.40571 0.20020 0.67857 0.25682 0.63496 1.00000 0.54545 1.00000 1.00000 0.44048 0.45579
1.00000 171.00000 0.68605 0.15385 1.00000 1.00000 0.36768 0.46252 0.39938 1.00000 1.00000 0.20259 0.70000 0.24985 0.33333 0.47429 0.18136 0.64881 0.26107 0.66586 1.00000 0.54545 1.00000 1.00000 0.35119 0.38362
1.00000 172.00000 0.38953 0.23077 1.00000 1.00000 0.40984 0.65003 0.55413 1.00000 1.00000 0.16331 0.68824 0.24819 0.33333 0.46286 0.18543 0.66667 0.27134 0.73901 1.00000 0.36364 1.00000 1.00000 0.38095 0.34076
1.00000 173.00000 0.54651 0.07692 1.00000 1.00000 0.36066 0.62087 0.40530 1.00000 1.00000 0.16906 0.68824 0.26658 0.33333 0.46857 0.23179 0.66071 0.25410 0.64848 1.00000 0.45455 1.00000 1.00000 0.29762 0.41015
1.00000 174.00000 0.26744 0.38462 1.00000 1.00000 0.30913 0.65668 0.44899 1.00000 1.00000 0.19061 0.72353 0.23330 0.33333 0.54857 0.20734 0.66071 0.26966 0.70932 1.00000 0.54545 1.00000 1.00000 0.33929 0.37972
1.00000 175.00000 0.40116 0.15385 1.00000 1.00000 0.39344 0.34018 0.46490 1.00000 1.00000 0.16331 0.68235 0.28068 0.33333 0.53714 0.21039 0.69643 0.27584 0.69942 1.00000 0.27273 1.00000 1.00000 0.41667 0.39159
1.00000 176.00000 0.29070 0.53846 1.00000 1.00000 0.26464 0.45156 0.50546 1.00000 1.00000 0.17481 0.71765 0.23848 0.33333 0.40571 0.19358 0.68452 0.30251 0.71246 1.00000 0.27273 1.00000 1.00000 0.43452 0.33361
1.00000 177.00000 0.58721 0.69231 1.00000 1.00000 0.38642 0.68096 0.42621 1.00000 1.00000 0.14799 0.68824 0.22901 0.33333 0.37714 0.16353 0.68452 0.27186 0.60140 1.00000 0.45455 1.00000 1.00000 0.42857 0.42397
1.00000 178.00000 0.43023 0.61538 1.00000 1.00000 0.51522 0.46858 0.38362 1.00000 1.00000 0.16762 0.68824 0.24389 0.33333 0.41714 0.17219 0.64881 0.29334 0.64365 1.00000 0.54545 1.00000 1.00000 0.36310 0.34864
1.00000 179.00000 0.70349 0.23077 1.00000 1.00000 0.49883 0.36680 0.46973 1.00000 1.00000 0.15134 0.70588 0.24537 0.33333 0.55429 0.17830 0.69643 0.25106 0.74046 1.00000 0.63636 1.00000 1.00000 0.44643 0.26283
1.00000 180.00000 0.72093 0.46154 1.00000 1.00000 0.52225 0.45097 0.45585 1.00000 1.00000 0.19636 0.71176 0.24417 0.33333 0.46857 0.18136 0.68452 0.26212 0.60406 1.00000 0.54545 1.00000 1.00000 0.54762 0.27433
1.00000 181.00000 0.50581 0.38462 1.00000 1.00000 0.34426 0.52828 0.35008 1.00000 1.00000 0.18630 0.71765 0.21172 0.33333 0.56000 0.19154 0.70833 0.24561 0.62772 1.00000 0.45455 1.00000 1.00000 0.39286 0.33751
1.00000 182.00000 0.61628 0.53846 1.00000 1.00000 0.35831 0.56567 0.58097 1.00000 1.00000 0.18439 0.70588 0.22203 0.33333 0.47429 0.17983 0.69048 0.25138 0.66972 1.00000 0.54545 1.00000 1.00000 0.29167 0.34539
1.00000 183.00000 0.52907 0.69231 1.00000 1.00000 0.23419 0.47230 0.55757 1.00000 1.00000 0.19253 0.67647 0.24148 0.33333 0.48000 0.19562 0.69643 0.22927 0.66055 1.00000 0.36364 1.00000 1.00000 0.33333 0.41655
1.00000 184.00000 0.50000 0.38462 1.00000 1.00000 0.38876 0.51791 0.50733 1.00000 1.00000 0.18199 0.70000 0.25387 0.33333 0.42857 0.22160 0.69643 0.24970 0.72236 1.00000 0.45455 1.00000 1.00000 0.41667 0.46823
1.00000 185.00000 0.55233 0.30769 1.00000 1.00000 0.44028 0.39675 0.32215 1.00000 1.00000 0.19684 0.70000 0.27481 0.33333 0.62857 0.16251 0.67262 0.26405 0.71004 1.00000 0.36364 1.00000 1.00000 0.42262 0.48418
1.00000 186.00000 0.47093 0.61538 1.00000 1.00000 0.37705 0.52045 0.52278 1.00000 1.00000 0.15421 0.68824 0.27310 0.33333 0.60000 0.17575 0.67262 0.28842 0.75495 1.00000 0.45455 1.00000 1.00000 0.42262 0.36812
1.00000 187.00000 0.56977 0.76923 1.00000 1.00000 0.54333 0.52417 0.50172 1.00000 1.00000 0.16619 0.69412 0.25322 0.33333 0.49714 0.19868 0.69643 0.25798 0.69749 1.00000 0.54545 1.00000 1.00000 0.35714 0.30754
1.00000 188.00000 0.58140 0.46154 1.00000 1.00000 0.61827 0.47465 0.52527 1.00000 1.00000 0.16331 0.70588 0.25091 0.33333 0.54286 0.18288 0.70238 0.23178 0.71149 1.00000 0.45455 1.00000 1.00000 0.37500 0.44986
1.00000 189.00000 0.18605 0.23077 1.00000 1.00000 0.33255 0.55314 0.38861 1.00000 1.00000 0.17768 0.69412 0.24356 0.33333 0.57714 0.19511 0.68452 0.28066 0.72694 1.00000 0.54545 1.00000 1.00000 0.25000 0.47184
1.00000 190.00000 0.53488 0.23077 1.00000 1.00000 0.53162 0.50656 0.43682 1.00000 1.00000 0.17433 0.70000 0.26066 0.33333 0.49143 0.19817 0.67857 0.27663 0.76195 1.00000 0.45455 1.00000 1.00000 0.25000 0.46832
1.00000 191.00000 0.70930 0.76923 1.00000 1.00000 0.38173 0.34449 0.58393 1.00000 1.00000 0.17146 0.71765 0.28119 0.33333 0.49714 0.20683 0.72024 0.26128 0.74553 1.00000 0.36364 1.00000 1.00000 0.28571 0.34576
1.00000 192.00000 0.56395 0.69231 1.00000 1.00000 0.39578 0.57643 0.53229 1.00000 1.00000 0.19349 0.70588 0.27402 0.33333 0.58857 0.18288 0.69048 0.28056 0.67504 1.00000 0.45455 1.00000 1.00000 0.32738 0.35124
1.00000 193.00000 0.36047 0.15385 1.00000 1.00000 0.43794 0.50421 0.65148 1.00000 1.00000 0.17385 0.68824 0.25373 0.33333 0.59429 0.20173 0.70238 0.21543 0.68324 1.00000 0.54545 1.00000 1.00000 0.45238 0.35680
1.00000 194.00000 0.50000 0.30769 1.00000 1.00000 0.36066 0.45156 0.44290 1.00000 1.00000 0.15613 0.67647 0.29519 0.33333 0.54857 0.16964 0.67262 0.26112 0.67286 1.00000 0.54545 1.00000 1.00000 0.26786 0.31441
1.00000 195.00000 0.48256 0.15385 1.00000 1.00000 0.51054 0.52770 0.64150 1.00000 1.00000 0.17720 0.72353 0.26408 0.33333 0.42857 0.18492 0.70238 0.25310 0.75857 1.00000 0.54545 1.00000 1.00000 0.27381 0.34502
1.00000 196.00000 0.52907 0.69231 1.00000 1.00000 0.40749 0.53181 0.48518 1.00000 1.00000 0.15757 0.69412 0.24560 0.33333 0.54286 0.18594 0.68452 0.25096 0.76726 1.00000 0.45455 1.00000 1.00000 0.41071 0.37341
1.00000 197.00000 0.61628 0.30769 1.00000 1.00000 0.45199 0.52476 0.51716 1.00000 1.00000 0.15182 0.72353 0.26931 0.33333 0.63429 0.20632 0.66071 0.26159 0.62796 1.00000 0.45455 1.00000 1.00000 0.38690 0.39531
1.00000 198.00000 0.63372 0.30769 1.00000 1.00000 0.39344 0.48620 0.52480 1.00000 1.00000 0.15948 0.70000 0.23363 0.33333 0.43429 0.15588 0.73214 0.27375 0.72815 1.00000 0.63636 1.00000 1.00000 0.33333 0.34280
1.00000 199.00000 0.63372 0.61538 1.00000 1.00000 0.33255 0.66138 0.65710 1.00000 1.00000 0.15565 0.68824 0.24795 0.33333 0.62857 0.15436 0.70238 0.27013 0.66755 1.00000 0.63636 1.00000 1.00000 0.43452 0.41423
1.00000 200.00000 0.29070 0.61538 1.00000 1.00000 0.48712 0.60990 0.58846 1.00000 1.00000 0.18439 0.71176 0.23890 0.33333 0.49714 0.17269 0.70238 0.24745 0.65234 1.00000 0.54545 1.00000 1.00000 0.44048 0.45041
1.00000 201.00000 0.29070 0.15385 1.00000 1.00000 0.38173 0.52300 0.51014 1.00000 1.00000 0.15517 0.71176 0.19818 0.33333 0.53714 0.19052 0.68452 0.25012 0.71704 1.00000 0.54545 1.00000 1.00000 0.35714 0.29724
1.00000 202.00000 0.25000 0.69231 1.00000 1.00000 0.40749 0.60110 0.54259 1.00000 1.00000 0.15469 0.70000 0.27296 0.33333 0.56000 0.17066 0.71429 0.27086 0.73346 1.00000 0.54545 1.00000 1.00000 0.31548 0.34011
1.00000 203.00000 0.69186 0.15385 1.00000 1.00000 0.42623 0.63652 0.65460 1.00000 1.00000 0.12165 0.70000 0.25683 0.33333 0.53714 0.13704 0.70238 0.22612 0.69121 1.00000 0.45455 1.00000 1.00000 0.44048 0.35718
1.00000 204.00000 0.54070 0.15385 1.00000 1.00000 0.51054 0.58994 0.57691 1.00000 1.00000 0.16140 0.72353 0.22596 0.33333 0.46857 0.16251 0.69643 0.27228 0.71898 1.00000 0.63636 1.00000 1.00000 0.20833 0.39855
1.00000 205.00000 0.37209 0.38462 1.00000 1.00000 0.51522 0.74829 0.57660 1.00000 1.00000 0.14080 0.71176 0.25165 0.33333 0.47429 0.17626 0.68452 0.24498 0.68542 1.00000 0.54545 1.00000 1.00000 0.21429 0.36590
1.00000 206.00000 0.55233 0.30769 1.00000 1.00000 0.52927 0.57252 0.50125 1.00000 1.00000 0.16762 0.72941 0.26335 0.33333 0.57143 0.13958 0.72024 0.26772 0.68807 1.00000 0.45455 1.00000 1.00000 0.44048 0.29632
1.00000 207.00000 0.48256 0.53846 1.00000 1.00000 0.54333 0.59855 0.57676 1.00000 1.00000 0.11734 0.70588 0.25535 0.33333 0.64571 0.14926 0.71429 0.27369 0.75471 1.00000 0.72727 1.00000 1.00000 0.35119 0.33426
1.00000 208.00000 0.45930 0.61538 1.00000 1.00000 0.48009 0.45958 0.62324 1.00000 1.00000 0.13889 0.72353 0.24038 0.33333 0.60000 0.16302 0.71429 0.27076 0.71342 1.00000 0.45455 1.00000 1.00000 0.31548 0.39234
1.00000 209.00000 0.61628 0.07692 1.00000 1.00000 0.55972 0.69035 0.59579 1.00000 1.00000 0.16331 0.72353 0.27009 0.33333 0.50857 0.17626 0.70238 0.26468 0.66465 1.00000 0.45455 1.00000 1.00000 0.39881 0.39586
1.00000 210.00000 0.62209 0.23077 1.00000 1.00000 0.43560 0.65923 0.48128 1.00000 1.00000 0.15996 0.72941 0.24065 0.33333 0.52571 0.13245 0.72619 0.28443 0.75785 1.00000 0.63636 1.00000 1.00000 0.35714 0.37517
1.00000 211.00000 0.46512 0.61538 1.00000 1.00000 0.37705 0.56723 0.57239 1.00000 1.00000 0.16284 0.71765 0.23238 0.33333 0.58286 0.18543 0.72024 0.27364 0.71294 1.00000 0.54545 1.00000 1.00000 0.23810 0.32118
1.00000 212.00000 0.61047 0.38462 1.00000 1.00000 0.49415 0.61832 0.68986 1.00000 1.00000 0.17672 0.71765 0.26898 0.33333 0.53714 0.16760 0.73214 0.26898 0.70835 1.00000 0.54545 1.00000 1.00000 0.25000 0.33649
1.00000 213.00000 0.54651 0.38462 1.00000 1.00000 0.55269 0.51811 0.59704 1.00000 1.00000 0.13170 0.70000 0.26787 0.33333 0.57143 0.17779 0.70833 0.26720 0.67407 1.00000 0.54545 1.00000 1.00000 0.30952 0.20475
1.00000 214.00000 0.62791 0.61538 1.00000 1.00000 0.43794 0.67645 0.56630 1.00000 1.00000 0.16954 0.70000 0.24033 0.33333 0.52000 0.16964 0.73810 0.24388 0.69097 1.00000 0.63636 1.00000 1.00000 0.29167 0.34753
1.00000 215.00000 0.43023 0.61538 1.00000 1.00000 0.51756 0.53357 0.63916 1.00000 1.00000 0.13985 0.73529 0.26219 0.33333 0.52000 0.15385 0.72024 0.25075 0.68035 1.00000 0.63636 1.00000 1.00000 0.29167 0.29261
1.00000 216.00000 0.33140 0.76923 1.00000 1.00000 0.59016 0.51928 0.62137 1.00000 1.00000 0.12404 0.70588 0.26593 0.33333 0.54857 0.14977 0.72024 0.27296 0.76316 1.00000 0.72727 1.00000 1.00000 0.26786 0.23657
1.00000 217.00000 0.36047 0.15385 1.00000 1.00000 0.48712 0.67821 0.55320 1.00000 1.00000 0.12500 0.74118 0.25734 0.33333 0.62286 0.16149 0.75000 0.28181 0.79841 1.00000 0.45455 1.00000 1.00000 0.30357 0.29066
1.00000 218.00000 0.62209 0.30769 1.00000 1.00000 0.48478 0.64103 0.48549 1.00000 1.00000 0.15182 0.72353 0.26653 0.33333 0.58857 0.15181 0.72024 0.24037 0.69459 1.00000 0.54545 1.00000 1.00000 0.27381 0.33816
1.00000 219.00000 0.62791 0.69231 1.00000 1.00000 0.46838 0.62713 0.63729 1.00000 1.00000 0.15996 0.77059 0.21773 0.33333 0.59429 0.16454 0.74405 0.25504 0.67648 1.00000 0.54545 1.00000 1.00000 0.29167 0.38046
1.00000 220.00000 0.28488 0.46154 1.00000 1.00000 0.45199 0.58485 0.66677 1.00000 1.00000 0.14607 0.75882 0.25549 0.33333 0.57714 0.17422 0.70238 0.26604 0.72453 1.00000 0.63636 1.00000 1.00000 0.35714 0.37527
1.00000 221.00000 0.39535 0.15385 1.00000 1.00000 0.58782 0.58876 0.71997 1.00000 1.00000 0.14655 0.74706 0.25184 0.33333 0.63429 0.14468 0.68452 0.23775 0.75930 1.00000 0.63636 1.00000 1.00000 0.35119 0.31803
1.00000 222.00000 0.63372 0.07692 1.00000 1.00000 0.51054 0.60990 0.73042 1.00000 1.00000 0.14033 0.74706 0.25840 0.33333 0.64000 0.14671 0.71429 0.24011 0.81482 1.00000 0.54545 1.00000 1.00000 0.22024 0.31858
1.00000 223.00000 0.68023 0.76923 1.00000 1.00000 0.52693 0.67724 0.53011 1.00000 1.00000 0.12644 0.70588 0.28673 0.33333 0.76000 0.13704 0.74405 0.25829 0.73056 1.00000 0.72727 1.00000 1.00000 0.27976 0.25039
1.00000 224.00000 0.37791 0.76923 1.00000 1.00000 0.61124 0.63046 0.62262 1.00000 1.00000 0.12692 0.71765 0.28923 0.33333 0.57143 0.13653 0.73214 0.24865 0.73805 1.00000 0.72727 1.00000 1.00000 0.26786 0.29715
1.00000 225.00000 0.57558 0.30769 1.00000 1.00000 0.67213 0.69329 0.61841 1.00000 1.00000 0.13985 0.74706 0.25895 0.33333 0.55429 0.12837 0.75000 0.24509 0.75302 1.00000 0.63636 1.00000 1.00000 0.38690 0.31840
1.00000 226.00000 0.41279 0.38462 1.00000 1.00000 0.54567 0.80153 0.73105 1.00000 1.00000 0.15900 0.72353 0.28659 0.33333 0.62286 0.13602 0.75595 0.27422 0.76026 1.00000 0.54545 1.00000 1.00000 0.27381 0.28286
1.00000 227.00000 0.52326 0.38462 1.00000 1.00000 0.51522 0.56430 0.61544 1.00000 1.00000 0.13218 0.74118 0.24481 0.33333 0.64571 0.14009 0.74405 0.25127 0.76147 1.00000 0.63636 1.00000 1.00000 0.29167 0.32907
1.00000 228.00000 0.40698 0.69231 1.00000 1.00000 0.64637 0.65101 0.74540 1.00000 1.00000 0.12596 0.73529 0.26164 0.33333 0.60571 0.15741 0.73214 0.24975 0.81193 1.00000 0.45455 1.00000 1.00000 0.25000 0.39763
1.00000 229.00000 0.36047 0.38462 1.00000 1.00000 0.66276 0.52887 0.65086 1.00000 1.00000 0.14033 0.73529 0.27596 0.33333 0.72571 0.16913 0.75000 0.26185 0.80903 1.00000 0.63636 1.00000 1.00000 0.20238 0.35653
1.00000 230.00000 0.44186 0.15385 1.00000 1.00000 0.55269 0.57017 0.57738 1.00000 1.00000 0.14080 0.74706 0.26982 0.33333 0.67429 0.15487 0.76190 0.26170 0.79165 1.00000 0.45455 1.00000 1.00000 0.29167 0.28825
1.00000 231.00000 0.89535 0.69231 1.00000 1.00000 0.51054 0.67939 0.77207 1.00000 1.00000 0.14703 0.72353 0.26931 0.33333 0.63429 0.17728 0.71429 0.28349 0.80203 1.00000 0.72727 1.00000 1.00000 0.33929 0.28565
1.00000 232.00000 0.38372 0.38462 1.00000 1.00000 0.60890 0.61891 0.70733 1.00000 1.00000 0.12308 0.74118 0.27887 0.33333 0.64000 0.13398 0.71429 0.26940 0.76268 1.00000 0.45455 1.00000 1.00000 0.32143 0.23880
1.00000 233.00000 0.76163 0.61538 1.00000 1.00000 0.61358 0.63946 0.70998 1.00000 1.00000 0.12739 0.76471 0.28382 0.33333 0.74857 0.13449 0.72024 0.26552 0.83848 1.00000 0.72727 1.00000 1.00000 0.21429 0.22924
1.00000 234.00000 0.37791 0.30769 1.00000 1.00000 0.59251 0.65199 0.63963 1.00000 1.00000 0.10201 0.72941 0.27416 0.33333 0.65143 0.13907 0.72619 0.28863 0.85804 1.00000 0.63636 1.00000 1.00000 0.23214 0.19241
1.00000 235.00000 0.59302 0.38462 1.00000 1.00000 0.54098 0.68174 0.72184 1.00000 1.00000 0.11925 0.71765 0.25110 0.33333 0.60571 0.14060 0.75595 0.29517 0.76195 1.00000 0.54545 1.00000 1.00000 0.32738 0.28444
1.00000 236.00000 0.56395 0.23077 1.00000 1.00000 0.47541 0.56939 0.72480 1.00000 1.00000 0.12835 0.75294 0.27642 0.33333 0.66286 0.12634 0.74405 0.23471 0.82158 1.00000 0.54545 1.00000 1.00000 0.19048 0.23722
1.00000 237.00000 0.53488 0.76923 1.00000 1.00000 0.62061 0.65375 0.77894 1.00000 1.00000 0.12739 0.76471 0.22559 0.33333 0.70857 0.16353 0.74405 0.24409 0.80010 1.00000 0.63636 1.00000 1.00000 0.26786 0.17701
1.00000 238.00000 0.62791 0.07692 1.00000 1.00000 0.56440 0.50264 0.70437 1.00000 1.00000 0.14416 0.77647 0.25785 0.33333 0.62857 0.12226 0.75595 0.25751 0.75157 1.00000 0.63636 1.00000 1.00000 0.22619 0.19408
1.00000 239.00000 0.40698 0.38462 1.00000 1.00000 0.57377 0.61695 0.72465 1.00000 1.00000 0.12213 0.75882 0.29658 0.33333 0.73714 0.11411 0.73810 0.26468 0.79768 1.00000 0.63636 1.00000 1.00000 0.27381 0.33148
1.00000 240.00000 0.40116 0.46154 1.00000 1.00000 0.53864 0.71971 0.78487 1.00000 1.00000 0.12835 0.75882 0.30106 0.33333 0.78286 0.14366 0.76786 0.23550 0.86166 1.00000 0.72727 1.00000 1.00000 0.21429 0.20911
1.00000 241.00000 0.57558 0.30769 1.00000 1.00000 0.59485 0.55686 0.68986 1.00000 1.00000 0.09866 0.76471 0.22748 0.33333 0.71429 0.15436 0.76190 0.27820 0.79913 1.00000 0.63636 1.00000 1.00000 0.26190 0.19352
1.00000 242.00000 0.45930 0.07692 1.00000 1.00000 0.56674 0.61793 0.76147 1.00000 1.00000 0.10393 0.72353 0.27647 0.33333 0.81714 0.13398 0.75595 0.26290 0.79599 1.00000 0.63636 1.00000 1.00000 0.22619 0.29502
1.00000 243.00000 0.59302 0.76923 1.00000 1.00000 0.59719 0.62556 0.70858 1.00000 1.00000 0.13554 0.77059 0.20839 0.33333 0.77714 0.13194 0.73810 0.25740 0.75254 1.00000 0.72727 1.00000 1.00000 0.23810 0.24214
1.00000 244.00000 0.43023 0.38462 1.00000 1.00000 0.67213 0.59483 0.74384 1.00000 1.00000 0.08764 0.75294 0.26677 0.33333 0.74286 0.14366 0.75000 0.28381 0.81434 1.00000 0.90909 1.00000 1.00000 0.21429 0.22850
1.00000 245.00000 0.65698 0.38462 1.00000 1.00000 0.56909 0.71560 0.78674 1.00000 1.00000 0.07854 0.77647 0.30397 0.33333 0.83429 0.12837 0.77381 0.28878 0.79623 1.00000 0.72727 1.00000 1.00000 0.17857 0.25976
1.00000 246.00000 0.52907 0.61538 1.00000 1.00000 0.68618 0.65766 0.78612 1.00000 1.00000 0.14511 0.77059 0.25373 0.33333 0.74857 0.10545 0.76786 0.26248 0.94568 1.00000 0.72727 1.00000 1.00000 0.13690 0.25967
1.00000 247.00000 0.56977 0.61538 1.00000 1.00000 0.59485 0.61460 0.80156 1.00000 1.00000 0.14847 0.76471 0.29385 0.33333 0.83429 0.09272 0.76190 0.24724 0.78296 1.00000 0.63636 1.00000 1.00000 0.19643 0.21310
1.00000 248.00000 0.25000 0.38462 1.00000 1.00000 0.59719 0.65629 0.76287 1.00000 1.00000 0.09387 0.80000 0.24657 0.33333 0.72571 0.13143 0.76786 0.25007 0.82183 1.00000 0.81818 1.00000 1.00000 0.14286 0.25661
1.00000 249.00000 0.59884 0.76923 1.00000 1.00000 0.58548 0.54786 0.79314 1.00000 1.00000 0.09914 0.77059 0.24869 0.33333 0.74857 0.12787 0.75595 0.24676 0.84645 1.00000 0.81818 1.00000 1.00000 0.12500 0.30587
1.00000 250.00000 0.70930 0.53846 1.00000 1.00000 0.70492 0.65062 0.65772 1.00000 1.00000 0.07998 0.77647 0.26122 0.33333 0.76000 0.09475 0.79167 0.24771 0.89981 1.00000 0.81818 1.00000 1.00000 0.30952 0.22034
1.00000 251.00000 0.62209 0.46154 1.00000 1.00000 0.63232 0.62517 0.82137 1.00000 1.00000 0.07950 0.77059 0.24079 0.33333 0.81714 0.13143 0.75595 0.27071 0.85659 1.00000 0.81818 1.00000 1.00000 0.17262 0.20828
1.00000 252.00000 0.47093 0.23077 1.00000 1.00000 0.74473 0.71208 0.72793 1.00000 1.00000 0.08669 0.77647 0.23580 0.33333 0.87429 0.11819 0.73810 0.22911 0.80734 1.00000 0.63636 1.00000 1.00000 0.11310 0.20215
1.00000 253.00000 0.56977 0.15385 1.00000 1.00000 0.57845 0.66099 0.75679 1.00000 1.00000 0.10345 0.76471 0.26039 0.33333 0.83429 0.11768 0.76190 0.24823 0.84042 1.00000 0.63636 1.00000 1.00000 0.10119 0.21291
1.00000 254.00000 0.44186 0.15385 1.00000 1.00000 0.73302 0.77549 0.80109 1.00000 1.00000 0.10967 0.78824 0.26644 0.33333 0.81143 0.10698 0.80357 0.24724 0.89136 1.00000 0.72727 1.00000 1.00000 0.11310 0.21867
1.00000 255.00000 0.79070 0.15385 1.00000 1.00000 0.59953 0.69622 0.79314 1.00000 1.00000 0.11877 0.81176 0.27555 0.33333 0.88571 0.12888 0.76786 0.22843 0.87301 1.00000 0.54545 1.00000 1.00000 0.13095 0.18462
1.00000 256.00000 0.61047 0.53846 1.00000 1.00000 0.70258 0.68526 0.72808 1.00000 1.00000 0.09818 0.75882 0.24338 0.33333 0.77714 0.10800 0.76786 0.26961 0.84380 1.00000 0.81818 1.00000 1.00000 0.17262 0.16347
1.00000 257.00000 0.31395 0.30769 1.00000 1.00000 0.62763 0.72558 0.75179 1.00000 1.00000 0.08764 0.81176 0.27906 0.33333 0.84000 0.09883 0.79167 0.26028 0.90415 1.00000 0.90909 1.00000 1.00000 0.11310 0.21635
1.00000 258.00000 0.47093 0.53846 1.00000 1.00000 0.66042 0.83187 0.84696 1.00000 1.00000 0.10824 0.81176 0.30924 0.33333 0.81143 0.09934 0.76190 0.26845 0.81700 1.00000 0.72727 1.00000 1.00000 0.19048 0.17924
1.00000 259.00000 0.75000 0.38462 1.00000 1.00000 0.72600 0.68976 0.89345 1.00000 1.00000 0.09531 0.79412 0.26954 0.33333 0.94286 0.08507 0.77381 0.25918 0.90536 1.00000 0.90909 1.00000 1.00000 0.10714 0.18378
