98.00000 1.00000 0.00006 0.00000 1.00000 1.00000 0.97843 0.92067 0.90354 1.00000 1.00000 0.96114 0.99876 0.88517 0.94872 0.90909 0.96161 0.99330 0.70277 0.07991 1.00000 0.91753 1.00000 1.00000 0.96872 0.97164
98.00000 2.00000 0.83314 0.99941 1.00000 0.06027 0.18551 0.32350 0.23283 0.14659 0.14617 0.13591 0.65047 0.29951 0.23077 0.46429 0.13268 0.99341 0.53118 0.38473 0.00000 0.30928 0.65116 1.00000 0.16717 0.15423
98.00000 3.00000 0.99982 0.99762 1.00000 0.00000 0.12172 0.27692 0.22435 0.00000 0.00251 0.00483 0.62719 0.27967 0.23077 0.47484 0.00596 0.99325 0.58319 0.40445 0.00000 0.28866 0.62791 1.00000 0.01682 0.01543
98.00000 4.00000 0.59522 0.73824 0.00000 0.23809 0.00835 0.03521 0.05793 0.29318 0.21079 0.09060 0.00139 0.02156 0.02564 0.05438 0.09025 0.00193 0.06586 0.93991 0.00000 0.06186 0.00000 0.00000 0.14262 0.14495
98.00000 5.00000 0.23807 0.29691 1.00000 0.59794 0.63136 0.69562 0.65498 0.61718 0.61606 0.59530 0.85278 0.65878 0.84615 0.74351 0.59575 0.99330 0.70462 0.14665 1.00000 0.67010 0.85412 1.00000 0.63337 0.62270
98.00000 6.00000 0.00006 0.00000 1.00000 1.00000 0.98137 0.91799 0.89756 1.00000 1.00000 0.96199 0.99863 0.88691 0.94872 0.90747 0.96280 0.99325 0.71537 0.08220 1.00000 0.95876 1.00000 1.00000 0.97376 0.97404
98.00000 7.00000 0.47621 0.83171 1.00000 0.62699 0.65421 0.64137 0.53143 0.50794 0.50063 0.45737 0.86348 0.60652 0.38462 0.65990 0.45826 0.99330 0.51915 0.35193 0.00000 0.63918 0.86469 1.00000 0.48772 0.48703
98.00000 8.00000 0.47615 0.83302 1.00000 0.62699 0.65871 0.64013 0.52931 0.50794 0.50125 0.45693 0.86356 0.60735 0.38462 0.67289 0.45562 0.99325 0.52259 0.35159 0.00000 0.63918 0.86469 1.00000 0.48335 0.47780
98.00000 9.00000 0.00003 0.00000 1.00000 1.00000 0.98109 0.92544 0.89007 1.00000 1.00000 0.96261 0.99869 0.89376 0.94872 0.91477 0.96166 0.99317 0.69380 0.08140 1.00000 0.91753 1.00000 1.00000 0.97107 0.97238
98.00000 10.00000 0.23824 0.29691 1.00000 0.59794 0.62961 0.68296 0.68418 0.61718 0.61606 0.59461 0.85280 0.65779 0.84615 0.74188 0.59690 0.99330 0.69459 0.14616 1.00000 0.69072 0.85412 1.00000 0.62159 0.61811
98.00000 11.00000 0.59514 0.73800 0.00000 0.23809 0.01230 0.03975 0.04306 0.29318 0.21079 0.09024 0.00137 0.01994 0.02564 0.04951 0.08925 0.00196 0.07433 0.93479 0.00000 0.05155 0.00000 0.00000 0.13959 0.13688
98.00000 12.00000 0.99981 0.99869 1.00000 0.00000 0.13090 0.29236 0.23394 0.00000 0.00251 0.00564 0.62732 0.28564 0.23077 0.47808 0.00550 0.99336 0.56828 0.40244 0.00000 0.27835 0.62791 1.00000 0.01177 0.01680
98.00000 13.00000 0.47618 0.83219 1.00000 0.62699 0.66220 0.64262 0.52276 0.50794 0.50063 0.45734 0.86348 0.61327 0.38462 0.65503 0.45738 0.99333 0.51752 0.35885 0.00000 0.65979 0.86469 1.00000 0.49008 0.48436
98.00000 14.00000 0.99992 0.99762 1.00000 0.00000 0.12998 0.27770 0.21799 0.00000 0.00314 0.00614 0.62722 0.27831 0.23077 0.47808 0.00653 0.99322 0.56967 0.40729 0.00000 0.28866 0.62791 1.00000 0.01514 0.01461
98.00000 15.00000 0.47625 0.83135 1.00000 0.62699 0.66293 0.64451 0.54228 0.50794 0.50125 0.45806 0.86352 0.60206 0.38462 0.66640 0.45542 0.99330 0.50893 0.34768 0.00000 0.62887 0.86469 1.00000 0.48436 0.48387
98.00000 16.00000 0.23818 0.29727 1.00000 0.59794 0.63081 0.67596 0.66432 0.61718 0.61606 0.59608 0.85268 0.65876 0.84615 0.74188 0.59556 0.99341 0.69483 0.15281 1.00000 0.69072 0.85412 1.00000 0.62698 0.62214
98.00000 17.00000 0.00001 0.00071 1.00000 1.00000 0.98008 0.92426 0.91966 1.00000 1.00000 0.95997 0.99863 0.88453 0.94872 0.91802 0.96168 0.99336 0.70099 0.08151 1.00000 0.92784 1.00000 1.00000 0.96905 0.97245
98.00000 18.00000 0.00001 0.00024 1.00000 1.00000 0.97916 0.93063 0.89761 1.00000 1.00000 0.96130 0.99873 0.88335 0.94872 0.90747 0.96173 0.99328 0.69462 0.07535 1.00000 0.92784 1.00000 1.00000 0.96502 0.96686
98.00000 19.00000 0.99989 0.99964 1.00000 0.00000 0.12759 0.29177 0.22813 0.00000 0.00251 0.00732 0.62730 0.28444 0.23077 0.47565 0.00565 0.99330 0.58574 0.41261 0.00000 0.27835 0.62791 1.00000 0.01278 0.01648
98.00000 20.00000 0.59513 0.73800 0.00000 0.23809 0.01818 0.05212 0.06317 0.29318 0.21079 0.09178 0.00133 0.02595 0.02564 0.04951 0.08857 0.00207 0.06887 0.93074 0.00000 0.04124 0.00000 0.00000 0.14228 0.14225
98.00000 21.00000 0.83334 0.99762 1.00000 0.06027 0.18304 0.33559 0.24929 0.14659 0.14617 0.13296 0.65057 0.30013 0.23077 0.46185 0.13490 0.99319 0.53644 0.39459 0.00000 0.32990 0.65116 1.00000 0.16313 0.16359
98.00000 22.00000 0.99999 0.99762 1.00000 0.00000 0.12401 0.27980 0.24179 0.00000 0.00251 0.00658 0.62728 0.28090 0.23077 0.46997 0.00530 0.99322 0.58588 0.40223 0.00000 0.28866 0.62791 1.00000 0.01379 0.01620
98.00000 23.00000 0.99985 0.99834 1.00000 0.00000 0.12741 0.30311 0.22606 0.00000 0.00251 0.00656 0.62717 0.28168 0.23077 0.46916 0.00560 0.99319 0.56030 0.39559 0.00000 0.28866 0.62791 1.00000 0.01278 0.01429
98.00000 24.00000 0.23811 0.29751 1.00000 0.59794 0.63090 0.68658 0.65255 0.61718 0.61606 0.59511 0.85272 0.65533 0.84615 0.75162 0.59666 0.99330 0.67790 0.14938 1.00000 0.69072 0.85412 1.00000 0.62563 0.62628
98.00000 25.00000 0.59514 0.73634 0.00000 0.23809 0.01460 0.03246 0.04429 0.29318 0.21016 0.08902 0.00137 0.01574 0.02564 0.05438 0.08835 0.00207 0.07300 0.93313 0.00000 0.05155 0.00000 0.00000 0.13993 0.14528
98.00000 26.00000 0.59518 0.73694 0.00000 0.23809 0.01193 0.01761 0.05123 0.29318 0.21016 0.09164 0.00129 0.02306 0.02564 0.04789 0.08896 0.00171 0.06670 0.93610 0.00000 0.05155 0.00000 0.00000 0.13757 0.13984
98.00000 27.00000 0.00002 0.00119 1.00000 1.00000 0.97889 0.92045 0.89747 1.00000 1.00000 0.96142 0.99869 0.88487 0.94872 0.89692 0.96212 0.99325 0.69649 0.07870 1.00000 0.92784 1.00000 1.00000 0.96805 0.97032
98.00000 28.00000 0.00003 0.00036 1.00000 1.00000 0.97586 0.92528 0.90662 1.00000 1.00000 0.96199 0.99873 0.88464 0.94872 0.92614 0.96119 0.99328 0.70866 0.08894 1.00000 0.90722 1.00000 1.00000 0.97679 0.97454
98.00000 29.00000 0.00000 0.00000 1.00000 1.00000 0.97540 0.94167 0.90498 1.00000 1.00000 0.96139 0.99867 0.89291 0.94872 0.91640 0.96236 0.99319 0.70522 0.08642 1.00000 0.92784 1.00000 1.00000 0.97847 0.97254
98.00000 30.00000 0.47613 0.83135 1.00000 0.62699 0.65642 0.64437 0.53650 0.50794 0.50063 0.45746 0.86350 0.61302 0.38462 0.66477 0.45860 0.99328 0.52324 0.36311 0.00000 0.61856 0.86469 1.00000 0.48470 0.47973
98.00000 31.00000 0.99994 0.99893 1.00000 0.00000 0.12723 0.30195 0.23785 0.00000 0.00251 0.00600 0.62728 0.28071 0.23077 0.48133 0.00665 0.99344 0.59283 0.40524 0.00000 0.27835 0.62791 1.00000 0.01749 0.01762
98.00000 32.00000 0.00005 0.00000 1.00000 1.00000 0.98568 0.94535 0.90486 1.00000 1.00000 0.96326 0.99871 0.88661 0.94872 0.93019 0.96256 0.99328 0.70952 0.07400 1.00000 0.92784 1.00000 1.00000 0.97141 0.97580
98.00000 33.00000 0.99998 0.99857 1.00000 0.00000 0.12502 0.30821 0.23266 0.00000 0.00251 0.00725 0.62734 0.28426 0.23077 0.47646 0.00628 0.99333 0.59314 0.39722 0.00000 0.28866 0.62791 1.00000 0.01413 0.00685
98.00000 34.00000 0.47609 0.83135 1.00000 0.62699 0.66046 0.64502 0.53789 0.50794 0.50125 0.45762 0.86348 0.61222 0.38462 0.65097 0.45706 0.99339 0.53043 0.35110 0.00000 0.64948 0.86469 1.00000 0.48570 0.48341
98.00000 35.00000 0.99983 0.99834 1.00000 0.00000 0.12557 0.29649 0.23252 0.00000 0.00251 0.00490 0.62730 0.28035 0.23077 0.47890 0.00521 0.99325 0.58742 0.39289 0.00000 0.27835 0.62791 1.00000 0.01783 0.02157
98.00000 36.00000 0.99996 0.99762 1.00000 0.00000 0.12970 0.28834 0.21170 0.00000 0.00314 0.00711 0.62709 0.27727 0.23077 0.49026 0.00613 0.99325 0.57184 0.39622 0.00000 0.28866 0.62791 1.00000 0.01816 0.01464
98.00000 37.00000 0.59512 0.73670 0.00000 0.23809 0.01056 0.03464 0.04909 0.29318 0.21016 0.09076 0.00137 0.02596 0.02564 0.04383 0.08903 0.00193 0.07327 0.93067 0.00000 0.05155 0.00000 0.00000 0.13959 0.14376
98.00000 38.00000 0.83318 0.99869 1.00000 0.06027 0.18763 0.32106 0.23202 0.14659 0.14617 0.13402 0.65060 0.29614 0.23077 0.44724 0.13446 0.99355 0.54115 0.38255 0.00000 0.32990 0.65116 1.00000 0.16044 0.16429
98.00000 39.00000 0.99999 0.99822 1.00000 0.00000 0.12438 0.29217 0.23132 0.00000 0.00314 0.00672 0.62713 0.28139 0.23077 0.48377 0.00523 0.99325 0.58146 0.41427 0.00000 0.26804 0.62791 1.00000 0.02119 0.01658
98.00000 40.00000 0.99988 0.99893 1.00000 0.00000 0.12768 0.29225 0.23074 0.00000 0.00251 0.00495 0.62724 0.27798 0.23077 0.49756 0.00645 0.99319 0.57972 0.41012 0.00000 0.29897 0.62791 1.00000 0.01312 0.01536
98.00000 41.00000 0.47609 0.83254 1.00000 0.62699 0.65715 0.64815 0.53522 0.50794 0.50063 0.45652 0.86358 0.61017 0.38462 0.65584 0.45684 0.99325 0.53514 0.35702 0.00000 0.63918 0.86469 1.00000 0.48200 0.48414
98.00000 42.00000 0.00003 0.00000 1.00000 1.00000 0.98201 0.90978 0.91135 1.00000 1.00000 0.96296 0.99878 0.88831 0.94872 0.90422 0.96261 0.99322 0.70582 0.07995 1.00000 0.92784 1.00000 1.00000 0.97074 0.97265
98.00000 43.00000 0.59531 0.73634 0.00000 0.23809 0.01478 0.05579 0.04256 0.29318 0.21016 0.08955 0.00152 0.02572 0.02564 0.04870 0.08923 0.00182 0.07541 0.92621 0.00000 0.04124 0.00000 0.00000 0.13589 0.13545
98.00000 44.00000 0.00002 0.00107 1.00000 1.00000 0.98082 0.93581 0.89521 1.00000 1.00000 0.96031 0.99873 0.87833 0.94872 0.91234 0.96178 0.99325 0.70286 0.07552 1.00000 0.93814 1.00000 1.00000 0.97107 0.96974
98.00000 45.00000 0.83335 0.99762 1.00000 0.06027 0.18405 0.31437 0.24746 0.14659 0.14617 0.13515 0.65064 0.30704 0.23077 0.46997 0.13417 0.99361 0.53849 0.38767 0.00000 0.31959 0.65116 1.00000 0.15473 0.15708
98.00000 46.00000 0.59514 0.73634 0.00000 0.23809 0.01359 0.04901 0.04215 0.29318 0.21016 0.08982 0.00146 0.02215 0.02564 0.03896 0.08908 0.00198 0.08286 0.93458 0.00000 0.04124 0.00000 0.00000 0.13253 0.13932
98.00000 47.00000 0.47626 0.83159 1.00000 0.62699 0.65605 0.63905 0.52766 0.50794 0.50063 0.45787 0.86350 0.61015 0.38462 0.67289 0.45733 0.99328 0.52194 0.35487 0.00000 0.63918 0.86469 1.00000 0.48200 0.48455
98.00000 48.00000 0.59528 0.73634 0.00000 0.23809 0.01001 0.03924 0.04981 0.29318 0.21079 0.09102 0.00135 0.02590 0.02564 0.03328 0.08864 0.00220 0.06627 0.93292 0.00000 0.03093 0.00000 0.00000 0.14699 0.14124
98.00000 49.00000 0.47627 0.83135 1.00000 0.62699 0.66036 0.66311 0.54447 0.50794 0.50063 0.45629 0.86348 0.61552 0.38462 0.66477 0.45689 0.99344 0.53875 0.33377 0.00000 0.63918 0.86469 1.00000 0.48604 0.48845
98.00000 50.00000 0.23802 0.29691 1.00000 0.59794 0.63420 0.68409 0.65683 0.61718 0.61606 0.59493 0.85276 0.65753 0.84615 0.74756 0.59485 0.99328 0.68848 0.15564 1.00000 0.70103 0.85412 1.00000 0.61756 0.62696
98.00000 51.00000 0.99981 0.99762 1.00000 0.00000 0.13126 0.31099 0.22592 0.00000 0.00314 0.00582 0.62726 0.27831 0.23077 0.47727 0.00574 0.99339 0.58740 0.41258 0.00000 0.27835 0.62791 1.00000 0.01009 0.01548
98.00000 52.00000 0.99991 0.99762 1.00000 0.00000 0.12888 0.28291 0.23725 0.00000 0.00314 0.00771 0.62730 0.27570 0.23077 0.48620 0.00435 0.99344 0.58489 0.41974 0.00000 0.28866 0.62791 1.00000 0.01749 0.01391
98.00000 53.00000 0.99981 0.99798 1.00000 0.00000 0.13007 0.28882 0.24006 0.00000 0.00251 0.00446 0.62730 0.28356 0.23077 0.47484 0.00574 0.99341 0.58146 0.40279 0.00000 0.28866 0.62791 1.00000 0.02220 0.01513
98.00000 54.00000 0.23820 0.29691 1.00000 0.59794 0.63760 0.67043 0.68363 0.61718 0.61606 0.59619 0.85280 0.66122 0.84615 0.74513 0.59499 0.99350 0.69750 0.15955 1.00000 0.69072 0.85412 1.00000 0.62597 0.62172
98.00000 55.00000 0.47623 0.83135 1.00000 0.62699 0.66459 0.65196 0.53251 0.50794 0.50125 0.45799 0.86348 0.61022 0.38462 0.67127 0.45728 0.99333 0.53185 0.35353 0.00000 0.63918 0.86469 1.00000 0.48200 0.48654
98.00000 56.00000 0.47611 0.83183 1.00000 0.62699 0.66247 0.64521 0.53395 0.50794 0.50125 0.45822 0.86354 0.61399 0.38462 0.68263 0.45643 0.99336 0.52567 0.34813 0.00000 0.64948 0.86469 1.00000 0.48671 0.49153
98.00000 57.00000 0.59528 0.73634 0.00000 0.23809 0.00587 0.03951 0.05889 0.29318 0.21079 0.08915 0.00146 0.02100 0.02564 0.04870 0.08876 0.00190 0.07666 0.94451 0.00000 0.06186 0.00000 0.00000 0.14060 0.14093
98.00000 58.00000 0.23817 0.29881 1.00000 0.59794 0.63466 0.67162 0.66360 0.61718 0.61606 0.59426 0.85276 0.65518 0.84615 0.74756 0.59563 0.99336 0.69589 0.16132 1.00000 0.68041 0.85412 1.00000 0.62462 0.62481
98.00000 59.00000 0.99990 0.99762 1.00000 0.00000 0.12851 0.28496 0.23982 0.00000 0.00251 0.00472 0.62726 0.27811 0.23077 0.49919 0.00743 0.99347 0.57225 0.40054 0.00000 0.30928 0.62791 1.00000 0.01413 0.01227
98.00000 60.00000 0.47606 0.83135 1.00000 0.62699 0.65779 0.65150 0.53582 0.50794 0.50063 0.45718 0.86352 0.61551 0.38462 0.66234 0.45870 0.99336 0.51781 0.35000 0.00000 0.63918 0.86469 1.00000 0.48974 0.48231
98.00000 61.00000 0.83331 0.99762 1.00000 0.06027 0.18478 0.29684 0.24148 0.14659 0.14617 0.13404 0.65047 0.30173 0.23077 0.46672 0.13417 0.99352 0.54190 0.37362 0.00000 0.30928 0.65116 1.00000 0.16246 0.15770
98.00000 62.00000 0.59526 0.73800 0.00000 0.23809 0.01432 0.03486 0.03747 0.29318 0.21079 0.09037 0.00133 0.02325 0.02564 0.03896 0.08893 0.00193 0.07168 0.93012 0.00000 0.04124 0.00000 0.00000 0.13690 0.14217
98.00000 63.00000 0.99987 0.99834 1.00000 0.00000 0.12374 0.30195 0.24410 0.00000 0.00251 0.00709 0.62728 0.28005 0.23077 0.47890 0.00489 0.99333 0.58545 0.40732 0.00000 0.28866 0.62791 1.00000 0.02220 0.01716
98.00000 64.00000 0.99981 0.99762 1.00000 0.00000 0.12915 0.29962 0.23492 0.00000 0.00251 0.00559 0.62734 0.27558 0.23077 0.48458 0.00557 0.99355 0.59302 0.40753 0.00000 0.28866 0.62791 1.00000 0.01345 0.02109
98.00000 65.00000 0.23820 0.29905 1.00000 0.59794 0.63420 0.68091 0.68906 0.61718 0.61606 0.59461 0.85268 0.65825 0.84615 0.75162 0.59575 0.99322 0.68683 0.15889 1.00000 0.69072 0.85412 1.00000 0.62294 0.62336
98.00000 66.00000 0.99998 0.99869 1.00000 0.00000 0.12677 0.28434 0.22347 0.00000 0.00251 0.00640 0.62728 0.28104 0.23077 0.48377 0.00638 0.99336 0.57518 0.40220 0.00000 0.27835 0.62791 1.00000 0.01917 0.02197
98.00000 67.00000 0.99983 0.99762 1.00000 0.00000 0.12989 0.28512 0.23540 0.00000 0.00314 0.00467 0.62717 0.28293 0.23077 0.48864 0.00631 0.99344 0.58049 0.40964 0.00000 0.28866 0.62791 1.00000 0.01278 0.02098
98.00000 68.00000 0.59519 0.73741 0.00000 0.23809 0.01377 0.05679 0.03370 0.29318 0.21016 0.09074 0.00154 0.02361 0.02564 0.05195 0.08886 0.00209 0.08029 0.94077 0.00000 0.06186 0.00000 0.00000 0.13690 0.14699
98.00000 69.00000 0.59528 0.73860 0.00000 0.23809 0.01248 0.03821 0.04652 0.29318 0.21079 0.08906 0.00141 0.02613 0.02564 0.03653 0.08864 0.00204 0.05687 0.94320 0.00000 0.05155 0.00000 0.00000 0.13589 0.13786
98.00000 70.00000 0.83336 0.99762 1.00000 0.06027 0.18175 0.33203 0.24335 0.14659 0.14617 0.13508 0.65057 0.30645 0.23077 0.46023 0.13500 0.99339 0.55255 0.39193 0.00000 0.34021 0.65116 1.00000 0.15372 0.15925
98.00000 71.00000 0.23817 0.29929 1.00000 0.59794 0.63439 0.69160 0.68656 0.61718 0.61606 0.59640 0.85274 0.65970 0.84615 0.74513 0.59438 0.99347 0.69786 0.15371 1.00000 0.69072 0.85412 1.00000 0.61319 0.62309
98.00000 72.00000 0.59513 0.73646 0.00000 0.23809 0.01313 0.03934 0.05656 0.29318 0.21016 0.09141 0.00152 0.01418 0.02564 0.04221 0.09050 0.00207 0.07296 0.93641 0.00000 0.05155 0.00000 0.00000 0.13421 0.14031
98.00000 73.00000 0.23816 0.29691 1.00000 0.59794 0.63044 0.68671 0.68469 0.61718 0.61606 0.59449 0.85278 0.65619 0.84615 0.74594 0.59543 0.99325 0.69079 0.15364 1.00000 0.71134 0.85412 1.00000 0.62193 0.62260
98.00000 74.00000 0.23804 0.29929 1.00000 0.59794 0.63457 0.69492 0.67342 0.61718 0.61606 0.59525 0.85278 0.65184 0.84615 0.74919 0.59617 0.99333 0.68870 0.15921 1.00000 0.68041 0.85412 1.00000 0.61789 0.62626
98.00000 75.00000 0.59528 0.73646 0.00000 0.23809 0.01359 0.04520 0.04393 0.29318 0.21079 0.08978 0.00139 0.01990 0.02564 0.03571 0.08915 0.00198 0.07416 0.93814 0.00000 0.03093 0.00000 0.00000 0.14127 0.14113
98.00000 76.00000 0.59528 0.73634 0.00000 0.23809 0.00799 0.04464 0.05135 0.29318 0.21016 0.09171 0.00141 0.02141 0.02564 0.03409 0.08945 0.00201 0.08789 0.93385 0.00000 0.05155 0.00000 0.00000 0.14127 0.13952
98.00000 77.00000 0.00001 0.00000 1.00000 1.00000 0.97935 0.94721 0.91029 1.00000 1.00000 0.96206 0.99882 0.88420 0.94872 0.91883 0.96273 0.99339 0.71611 0.08881 1.00000 0.90722 1.00000 1.00000 0.97343 0.97057
98.00000 78.00000 0.23812 0.29703 1.00000 0.59794 0.63218 0.69978 0.66120 0.61718 0.61606 0.59527 0.85276 0.66137 0.84615 0.75487 0.59583 0.99339 0.70969 0.15049 1.00000 0.69072 0.85412 1.00000 0.61857 0.62079
98.00000 79.00000 0.83331 0.99893 1.00000 0.06027 0.17955 0.33705 0.23648 0.14659 0.14617 0.13356 0.65068 0.30780 0.23077 0.46185 0.13473 0.99350 0.53738 0.39096 0.00000 0.31959 0.65116 1.00000 0.15843 0.15676
98.00000 80.00000 0.23817 0.29751 1.00000 0.59794 0.62970 0.68820 0.68937 0.61718 0.61606 0.59307 0.85278 0.65926 0.84615 0.75000 0.59490 0.99341 0.69029 0.16574 1.00000 0.70103 0.85412 1.00000 0.62395 0.62113
98.00000 81.00000 0.47618 0.83242 1.00000 0.62699 0.66000 0.64842 0.52799 0.50794 0.50063 0.45638 0.86358 0.60984 0.35897 0.65503 0.45752 0.99350 0.52750 0.36031 0.00000 0.61856 0.86469 1.00000 0.48503 0.48956
98.00000 82.00000 0.99976 0.99857 1.00000 0.00000 0.12851 0.31072 0.23274 0.00000 0.00314 0.00589 0.62745 0.28263 0.23077 0.48295 0.00653 0.99355 0.59711 0.41687 0.00000 0.28866 0.62791 1.00000 0.01480 0.01170
98.00000 83.00000 0.99998 0.99762 1.00000 0.00000 0.12842 0.27106 0.20440 0.00000 0.00314 0.00596 0.62734 0.28057 0.23077 0.48945 0.00589 0.99341 0.59076 0.40237 0.00000 0.28866 0.62791 1.00000 0.01682 0.01209
98.00000 84.00000 0.47608 0.83159 1.00000 0.62699 0.65596 0.67140 0.54084 0.50794 0.50063 0.45654 0.86352 0.61474 0.38462 0.66477 0.45655 0.99344 0.52894 0.35833 0.00000 0.62887 0.86469 1.00000 0.48570 0.47828
98.00000 85.00000 0.00001 0.00178 1.00000 1.00000 0.98182 0.92420 0.90736 1.00000 1.00000 0.96073 0.99873 0.88713 0.94872 0.92370 0.96300 0.99325 0.70969 0.08434 1.00000 0.93814 1.00000 1.00000 0.97040 0.97453
98.00000 86.00000 0.59523 0.73634 0.00000 0.23809 0.01469 0.03011 0.05428 0.29318 0.21016 0.08897 0.00143 0.03024 0.02564 0.03896 0.08959 0.00204 0.07700 0.92718 0.00000 0.05155 0.00000 0.00000 0.14329 0.14098
98.00000 87.00000 0.99980 0.99762 1.00000 0.00000 0.13081 0.30184 0.24876 0.00000 0.00314 0.00490 0.62728 0.27731 0.23077 0.48133 0.00623 0.99347 0.58134 0.40646 0.00000 0.28866 0.62791 1.00000 0.01144 0.02075
98.00000 88.00000 0.99981 0.99988 1.00000 0.00000 0.12952 0.30654 0.22491 0.00000 0.00251 0.00720 0.62738 0.27893 0.23077 0.47403 0.00516 0.99341 0.60170 0.41503 0.00000 0.28866 0.62791 1.00000 0.01783 0.01754
98.00000 89.00000 0.00001 0.00083 1.00000 1.00000 0.98412 0.91535 0.90217 1.00000 1.00000 0.96254 0.99871 0.88638 0.94872 0.92532 0.96029 0.99328 0.72210 0.07403 1.00000 0.92784 1.00000 1.00000 0.97107 0.97357
98.00000 90.00000 0.59527 0.73634 0.00000 0.23809 0.01652 0.05446 0.03893 0.29318 0.21016 0.08922 0.00143 0.02410 0.02564 0.04627 0.08837 0.00198 0.06601 0.93901 0.00000 0.05155 0.00000 0.00000 0.13757 0.14412
98.00000 91.00000 0.23805 0.29798 1.00000 0.59794 0.63237 0.68056 0.66391 0.61718 0.61606 0.59431 0.85289 0.65621 0.84615 0.74756 0.59543 0.99333 0.71025 0.14893 1.00000 0.69072 0.85412 1.00000 0.61823 0.61811
98.00000 92.00000 0.83331 0.99929 1.00000 0.06027 0.18726 0.31866 0.23881 0.14659 0.14617 0.13365 0.65060 0.31283 0.23077 0.46510 0.13490 0.99355 0.54777 0.39334 0.00000 0.30928 0.65116 1.00000 0.15708 0.16381
98.00000 93.00000 0.99978 0.99762 1.00000 0.00000 0.12732 0.28137 0.23427 0.00000 0.00251 0.00543 0.62724 0.28902 0.23077 0.47727 0.00628 0.99350 0.59338 0.41088 0.00000 0.29897 0.62791 1.00000 0.01749 0.01621
98.00000 94.00000 0.23821 0.29727 1.00000 0.59794 0.63273 0.68577 0.67006 0.61718 0.61606 0.59486 0.85268 0.66219 0.84615 0.74756 0.59565 0.99330 0.69329 0.15896 1.00000 0.69072 0.85412 1.00000 0.62395 0.62882
98.00000 95.00000 0.59511 0.73741 0.00000 0.23809 0.00945 0.03786 0.03615 0.29318 0.21079 0.08980 0.00139 0.02032 0.02564 0.04789 0.08974 0.00209 0.08560 0.94271 0.00000 0.05155 0.00000 0.00000 0.14295 0.13837
98.00000 96.00000 0.83324 0.99762 1.00000 0.06027 0.18230 0.30980 0.24590 0.14659 0.14617 0.13618 0.65070 0.30858 0.23077 0.45536 0.13341 0.99366 0.54608 0.38020 0.00000 0.30928 0.65116 1.00000 0.15742 0.15889
98.00000 97.00000 1.00000 0.99762 1.00000 0.00000 0.12805 0.27378 0.23511 0.00000 0.00314 0.00564 0.62728 0.27955 0.23077 0.48133 0.00621 0.99339 0.58622 0.40109 0.00000 0.29897 0.62791 1.00000 0.00875 0.02265
98.00000 98.00000 0.99992 0.99941 1.00000 0.00000 0.12787 0.29069 0.22923 0.00000 0.00251 0.00543 0.62736 0.28329 0.23077 0.48214 0.00562 0.99339 0.59261 0.39480 0.00000 0.27835 0.62791 1.00000 0.01413 0.01418
98.00000 99.00000 0.59511 0.73634 0.00000 0.23809 0.01212 0.04077 0.02058 0.29318 0.21079 0.09040 0.00152 0.02513 0.02564 0.06412 0.09006 0.00193 0.08666 0.93403 0.00000 0.04124 0.00000 0.00000 0.13724 0.14033
98.00000 100.00000 0.00001 0.00000 1.00000 1.00000 0.98265 0.93001 0.91128 1.00000 1.00000 0.96112 0.99867 0.88742 0.94872 0.90828 0.96371 0.99314 0.71876 0.09348 1.00000 0.92784 1.00000 1.00000 0.96300 0.97108
98.00000 101.00000 0.23808 0.29751 1.00000 0.59794 0.64017 0.68650 0.67885 0.61718 0.61606 0.59656 0.85280 0.65959 0.84615 0.75731 0.59463 0.99344 0.68603 0.15869 1.00000 0.69072 0.85412 1.00000 0.61722 0.62142
98.00000 102.00000 0.83331 0.99762 1.00000 0.06027 0.17891 0.32336 0.24086 0.14659 0.14617 0.13430 0.65051 0.30318 0.23077 0.47403 0.13371 0.99352 0.54887 0.38528 0.00000 0.31959 0.65116 1.00000 0.16381 0.15853
98.00000 103.00000 0.59518 0.73741 0.00000 0.23809 0.00523 0.03373 0.06000 0.29318 0.21079 0.09033 0.00167 0.02439 0.02564 0.02273 0.08903 0.00220 0.08633 0.93908 0.00000 0.05155 0.00000 0.00000 0.13757 0.13443
98.00000 104.00000 0.99996 0.99988 1.00000 0.00000 0.13328 0.28472 0.22589 0.00000 0.00314 0.00591 0.62732 0.28441 0.23077 0.47727 0.00450 0.99330 0.58198 0.40307 0.00000 0.28866 0.62791 1.00000 0.01648 0.01812
98.00000 105.00000 0.99977 0.99762 1.00000 0.00000 0.12686 0.28548 0.24345 0.00000 0.00251 0.00833 0.62741 0.28225 0.23077 0.48620 0.00582 0.99350 0.59437 0.39791 0.00000 0.28866 0.62791 1.00000 0.01144 0.01680
98.00000 106.00000 0.23821 0.29834 1.00000 0.59794 0.63696 0.67148 0.66057 0.61718 0.61669 0.59557 0.85291 0.66098 0.84615 0.74513 0.59499 0.99350 0.68880 0.16934 1.00000 0.69072 0.85412 1.00000 0.62260 0.61937
98.00000 107.00000 0.59527 0.73634 0.00000 0.23809 0.01074 0.06022 0.03394 0.29318 0.21079 0.09007 0.00158 0.02874 0.02564 0.04464 0.08923 0.00220 0.08948 0.94012 0.00000 0.05155 0.00000 0.00000 0.14026 0.13607
98.00000 108.00000 0.99996 0.99762 1.00000 0.00000 0.12732 0.29306 0.24866 0.00000 0.00314 0.00552 0.62745 0.28473 0.23077 0.49351 0.00633 0.99355 0.60981 0.40407 0.00000 0.28866 0.62791 1.00000 0.01783 0.01352
98.00000 109.00000 0.99995 0.99941 1.00000 0.00000 0.12869 0.28939 0.24141 0.00000 0.00251 0.00670 0.62738 0.28329 0.23077 0.48377 0.00425 0.99339 0.59562 0.40448 0.00000 0.26804 0.62791 1.00000 0.01345 0.01822
98.00000 110.00000 0.83320 0.99762 1.00000 0.06027 0.18643 0.30943 0.23785 0.14659 0.14617 0.13637 0.65068 0.30624 0.23077 0.47484 0.13405 0.99366 0.54322 0.39421 0.00000 0.32990 0.65116 1.00000 0.15237 0.15986
98.00000 111.00000 0.83317 0.99774 1.00000 0.06027 0.18368 0.32260 0.25037 0.14659 0.14617 0.13370 0.65068 0.30813 0.23077 0.47078 0.13383 0.99375 0.55051 0.39466 0.00000 0.32990 0.65116 1.00000 0.15943 0.15895
98.00000 112.00000 0.83319 0.99774 1.00000 0.06027 0.18166 0.32115 0.22887 0.14659 0.14617 0.13383 0.65068 0.30993 0.23077 0.47240 0.13542 0.99358 0.56128 0.38781 0.00000 0.31959 0.65116 1.00000 0.15607 0.15824
98.00000 113.00000 0.59521 0.73634 0.00000 0.23809 0.01414 0.02306 0.06151 0.29318 0.21016 0.09035 0.00167 0.02588 0.02564 0.04627 0.08964 0.00212 0.07072 0.92981 0.00000 0.05155 0.00000 0.00000 0.13757 0.13416
98.00000 114.00000 0.59512 0.73670 0.00000 0.23809 0.01423 0.04420 0.05397 0.29318 0.21079 0.08934 0.00150 0.02598 0.02564 0.06169 0.08957 0.00226 0.08671 0.93424 0.00000 0.05155 0.00000 0.00000 0.13656 0.13859
98.00000 115.00000 0.99995 0.99846 1.00000 0.00000 0.12640 0.29795 0.23941 0.00000 0.00251 0.00752 0.62736 0.28062 0.23077 0.47808 0.00741 0.99339 0.59591 0.39248 0.00000 0.28866 0.62791 1.00000 0.01480 0.01443
98.00000 116.00000 0.00005 0.00095 1.00000 1.00000 0.97925 0.94559 0.89619 1.00000 1.00000 0.96057 0.99876 0.88447 0.94872 0.91558 0.96271 0.99344 0.73297 0.09303 1.00000 0.92784 1.00000 1.00000 0.96939 0.96630
98.00000 117.00000 0.47610 0.83314 1.00000 0.62699 0.65678 0.65766 0.53527 0.50794 0.50125 0.45670 0.86356 0.61527 0.38462 0.67045 0.45752 0.99344 0.53666 0.34325 0.00000 0.62887 0.86469 1.00000 0.48100 0.48146
98.00000 118.00000 0.83324 0.99798 1.00000 0.06027 0.18111 0.33349 0.23641 0.14659 0.14617 0.13512 0.65070 0.30955 0.23077 0.45942 0.13334 0.99372 0.54387 0.40289 0.00000 0.31959 0.65116 1.00000 0.16078 0.15845
98.00000 119.00000 0.59513 0.73860 0.00000 0.23809 0.00551 0.05133 0.05327 0.29318 0.21016 0.08964 0.00158 0.02209 0.02564 0.05844 0.09055 0.00212 0.08147 0.94122 0.00000 0.05155 0.00000 0.00000 0.14127 0.13616
98.00000 120.00000 0.23811 0.29774 1.00000 0.59794 0.63328 0.69795 0.67258 0.61718 0.61606 0.59527 0.85274 0.66225 0.84615 0.75081 0.59448 0.99341 0.70380 0.16848 1.00000 0.69072 0.85412 1.00000 0.62361 0.62402
98.00000 121.00000 0.99994 0.99762 1.00000 0.00000 0.13264 0.30295 0.25032 0.00000 0.00314 0.00709 0.62745 0.28249 0.23077 0.48295 0.00660 0.99361 0.59165 0.40680 0.00000 0.27835 0.62791 1.00000 0.01278 0.01824
98.00000 122.00000 0.59518 0.73670 0.00000 0.23809 0.01313 0.05511 0.04828 0.29318 0.21079 0.09049 0.00165 0.02734 0.02564 0.04789 0.08805 0.00215 0.06764 0.93195 0.00000 0.04124 0.00000 0.00000 0.13858 0.13926
98.00000 123.00000 0.83313 0.99976 1.00000 0.06027 0.18331 0.32271 0.23817 0.14659 0.14617 0.13383 0.65066 0.31168 0.23077 0.46510 0.13398 0.99366 0.55926 0.39919 0.00000 0.31959 0.65116 1.00000 0.15237 0.16064
98.00000 124.00000 0.99998 0.99905 1.00000 0.00000 0.12759 0.28029 0.21864 0.00000 0.00314 0.00536 0.62736 0.28305 0.23077 0.48945 0.00543 0.99355 0.59526 0.40697 0.00000 0.30928 0.62791 1.00000 0.01615 0.01867
98.00000 125.00000 0.00003 0.00024 1.00000 1.00000 0.98091 0.94073 0.91425 1.00000 1.00000 0.96135 0.99873 0.89045 0.94872 0.91721 0.96256 0.99325 0.72237 0.09088 1.00000 0.92784 1.00000 1.00000 0.97309 0.96564
98.00000 126.00000 0.83318 0.99964 1.00000 0.06027 0.18643 0.33894 0.23716 0.14659 0.14617 0.13545 0.65085 0.30586 0.23077 0.47321 0.13481 0.99377 0.55873 0.37982 0.00000 0.32990 0.65116 1.00000 0.16213 0.15162
98.00000 127.00000 0.99999 0.99857 1.00000 0.00000 0.13026 0.28688 0.24816 0.00000 0.00251 0.00624 0.62743 0.28947 0.23077 0.46997 0.00572 0.99355 0.59067 0.40749 0.00000 0.29897 0.62791 1.00000 0.00908 0.02010
98.00000 128.00000 0.83336 0.99762 1.00000 0.06027 0.18469 0.31612 0.25029 0.14659 0.14617 0.13526 0.65068 0.30516 0.23077 0.46997 0.13368 0.99380 0.56498 0.39044 0.00000 0.31959 0.65116 1.00000 0.15876 0.16742
98.00000 129.00000 0.83313 0.99976 1.00000 0.06027 0.18763 0.33281 0.27025 0.14659 0.14617 0.13648 0.65087 0.30664 0.23077 0.47727 0.13515 0.99377 0.55686 0.39884 0.00000 0.31959 0.65116 1.00000 0.16011 0.15822
98.00000 130.00000 0.99987 0.99762 1.00000 0.00000 0.12723 0.29825 0.23581 0.00000 0.00314 0.00699 0.62747 0.28540 0.23077 0.48458 0.00621 0.99358 0.60163 0.40158 0.00000 0.30928 0.62791 1.00000 0.01345 0.01470
98.00000 131.00000 0.00001 0.00000 1.00000 1.00000 0.98513 0.92458 0.93575 1.00000 1.00000 0.95990 0.99873 0.89365 0.94872 0.93344 0.96100 0.99319 0.72246 0.09119 1.00000 0.93814 1.00000 1.00000 0.96334 0.97292
98.00000 132.00000 0.23822 0.29917 1.00000 0.59794 0.63842 0.68885 0.68526 0.61718 0.61606 0.59456 0.85291 0.66058 0.84615 0.76055 0.59553 0.99350 0.71053 0.15613 1.00000 0.70103 0.85412 1.00000 0.62496 0.61850
98.00000 133.00000 0.59511 0.73848 0.00000 0.23809 0.01285 0.03532 0.05860 0.29318 0.21079 0.09074 0.00169 0.02998 0.02564 0.05844 0.08959 0.00242 0.08851 0.93884 0.00000 0.04124 0.00000 0.00000 0.13993 0.14159
98.00000 134.00000 0.99993 0.99976 1.00000 0.00000 0.12814 0.31780 0.23257 0.00000 0.00314 0.00794 0.62762 0.29244 0.23077 0.48133 0.00626 0.99391 0.60882 0.40822 0.00000 0.28866 0.62791 1.00000 0.01850 0.01276
98.00000 135.00000 0.00000 0.00000 1.00000 1.00000 0.98137 0.94980 0.89977 1.00000 0.99937 0.96093 0.99869 0.89552 0.94872 0.90747 0.96185 0.99330 0.73150 0.07784 1.00000 0.93814 1.00000 1.00000 0.95997 0.96598
98.00000 136.00000 0.23814 0.29739 1.00000 0.59794 0.63870 0.69692 0.68433 0.61718 0.61606 0.59449 0.85284 0.66635 0.84615 0.75649 0.59463 0.99347 0.72636 0.15945 1.00000 0.69072 0.85412 1.00000 0.62159 0.62390
98.00000 137.00000 0.99991 0.99988 1.00000 0.00000 0.12355 0.32115 0.24261 0.00000 0.00251 0.00531 0.62757 0.28750 0.23077 0.47484 0.00567 0.99383 0.59550 0.41441 0.00000 0.28866 0.62791 1.00000 0.01648 0.02117
98.00000 138.00000 0.47618 0.83183 1.00000 0.62699 0.65825 0.65620 0.54574 0.50794 0.50125 0.45615 0.86367 0.61985 0.38462 0.67451 0.45660 0.99350 0.54469 0.36868 0.00000 0.64948 0.86469 1.00000 0.47561 0.48270
98.00000 139.00000 0.99992 0.99762 1.00000 0.00000 0.13365 0.30686 0.25440 0.00000 0.00251 0.00748 0.62760 0.29160 0.23077 0.49269 0.00675 0.99375 0.60642 0.41095 0.00000 0.30928 0.62791 1.00000 0.01312 0.01620
98.00000 140.00000 0.00005 0.00012 1.00000 1.00000 0.97779 0.91011 0.90832 1.00000 1.00000 0.96264 0.99876 0.89361 0.94872 0.91153 0.96041 0.99341 0.73246 0.08870 1.00000 0.93814 1.00000 1.00000 0.96973 0.96850
98.00000 141.00000 0.59528 0.73646 0.00000 0.23809 0.01221 0.05187 0.06334 0.29318 0.21079 0.09086 0.00175 0.03535 0.02564 0.03977 0.08915 0.00262 0.09330 0.93673 0.00000 0.05155 0.00000 0.00000 0.14497 0.13598
98.00000 142.00000 0.23824 0.29929 1.00000 0.59794 0.63677 0.70443 0.66516 0.61718 0.61606 0.59438 0.85284 0.66554 0.84615 0.76461 0.59441 0.99352 0.71890 0.16941 1.00000 0.69072 0.85412 1.00000 0.61823 0.62449
98.00000 143.00000 0.47618 0.83135 1.00000 0.62699 0.65559 0.65836 0.53616 0.50794 0.50063 0.45652 0.86361 0.62169 0.38462 0.66234 0.45696 0.99355 0.54801 0.35916 0.00000 0.63918 0.86469 1.00000 0.48470 0.48589
98.00000 144.00000 0.83326 0.99762 1.00000 0.06027 0.19185 0.32293 0.24429 0.14659 0.14617 0.13457 0.65081 0.31597 0.23077 0.48620 0.13488 0.99383 0.56881 0.40341 0.00000 0.31959 0.65116 1.00000 0.15473 0.16281
98.00000 145.00000 0.47605 0.83135 1.00000 0.62699 0.65357 0.64937 0.53928 0.50794 0.50063 0.45787 0.86367 0.61890 0.38462 0.66964 0.45694 0.99372 0.54813 0.34695 0.00000 0.65979 0.86469 1.00000 0.48369 0.48305
98.00000 146.00000 0.00001 0.00000 1.00000 1.00000 0.98458 0.95153 0.90722 1.00000 1.00000 0.96201 0.99873 0.89544 0.94872 0.92289 0.96175 0.99328 0.73155 0.08330 1.00000 0.92784 1.00000 1.00000 0.96132 0.96810
98.00000 147.00000 0.59509 0.73753 0.00000 0.23809 0.01248 0.07013 0.04885 0.29318 0.21079 0.08945 0.00179 0.03140 0.02564 0.05601 0.08820 0.00245 0.09496 0.92950 0.00000 0.06186 0.00000 0.00000 0.14161 0.14530
98.00000 148.00000 0.99992 0.99762 1.00000 0.00000 0.12759 0.31356 0.24849 0.00000 0.00251 0.00495 0.62741 0.29479 0.23077 0.49675 0.00623 0.99383 0.60507 0.41510 0.00000 0.30928 0.62791 1.00000 0.01245 0.01231
98.00000 149.00000 0.47615 0.83135 1.00000 0.62699 0.65504 0.66975 0.52626 0.50794 0.50063 0.45661 0.86361 0.62297 0.38462 0.66396 0.45537 0.99344 0.55080 0.35055 0.00000 0.62887 0.86469 1.00000 0.48167 0.48380
98.00000 150.00000 0.99980 0.99976 1.00000 0.00000 0.12851 0.30173 0.25644 0.00000 0.00314 0.00571 0.62760 0.29696 0.23077 0.48214 0.00415 0.99388 0.60959 0.40393 0.00000 0.29897 0.62791 1.00000 0.01816 0.01138
98.00000 151.00000 0.47617 0.83314 1.00000 0.62699 0.66394 0.65965 0.53971 0.50794 0.50063 0.45686 0.86358 0.61926 0.38462 0.68506 0.45677 0.99363 0.55241 0.36245 0.00000 0.63918 0.86469 1.00000 0.48066 0.48392
98.00000 152.00000 0.99995 0.99834 1.00000 0.00000 0.13227 0.28353 0.25529 0.00000 0.00314 0.00580 0.62766 0.29640 0.23077 0.49269 0.00623 0.99402 0.59985 0.40825 0.00000 0.28866 0.62791 1.00000 0.01211 0.00875
98.00000 153.00000 0.99993 0.99762 1.00000 0.00000 0.12511 0.29665 0.25313 0.00000 0.00314 0.00474 0.62764 0.29563 0.23077 0.49675 0.00481 0.99388 0.61305 0.40435 0.00000 0.29897 0.62791 1.00000 0.02254 0.01368
98.00000 154.00000 0.23805 0.29857 1.00000 0.59794 0.63549 0.70826 0.67172 0.61718 0.61606 0.59240 0.85289 0.67086 0.84615 0.76623 0.59524 0.99328 0.72217 0.17218 1.00000 0.71134 0.85412 1.00000 0.61554 0.61996
98.00000 155.00000 0.00002 0.00000 1.00000 1.00000 0.98798 0.92164 0.92855 1.00000 1.00000 0.96057 0.99884 0.89074 0.94872 0.92289 0.96214 0.99317 0.73386 0.09638 1.00000 0.93814 1.00000 1.00000 0.97477 0.96679
98.00000 156.00000 0.83327 0.99762 1.00000 0.06027 0.19111 0.33192 0.26310 0.14659 0.14617 0.13328 0.65102 0.31125 0.23077 0.47240 0.13561 0.99405 0.56412 0.39462 0.00000 0.31959 0.65116 1.00000 0.15977 0.15754
98.00000 157.00000 0.23817 0.29691 1.00000 0.59794 0.63943 0.70337 0.68661 0.61718 0.61606 0.59516 0.85282 0.67265 0.84615 0.74675 0.59504 0.99355 0.73357 0.16948 1.00000 0.69072 0.85412 1.00000 0.61890 0.62124
98.00000 158.00000 0.99997 0.99762 1.00000 0.00000 0.12631 0.32061 0.23838 0.00000 0.00314 0.00511 0.62757 0.29293 0.23077 0.48620 0.00711 0.99402 0.60122 0.39819 0.00000 0.29897 0.62791 1.00000 0.01682 0.01589
98.00000 159.00000 0.00000 0.00000 1.00000 1.00000 0.98697 0.93641 0.93323 1.00000 1.00000 0.96137 0.99876 0.90336 0.94872 0.93750 0.96117 0.99325 0.73600 0.09303 1.00000 0.93814 1.00000 1.00000 0.96367 0.96723
98.00000 160.00000 0.23813 0.29774 1.00000 0.59794 0.63512 0.71474 0.69360 0.61718 0.61606 0.59541 0.85284 0.67012 0.84615 0.76948 0.59431 0.99350 0.73376 0.17000 1.00000 0.70103 0.85412 1.00000 0.61924 0.62141
98.00000 161.00000 0.00005 0.00000 1.00000 1.00000 0.98118 0.92588 0.93018 1.00000 1.00000 0.95999 0.99884 0.89893 0.94872 0.93182 0.96158 0.99333 0.73218 0.08026 1.00000 0.93814 1.00000 1.00000 0.96973 0.96852
98.00000 162.00000 0.23811 0.29929 1.00000 0.59794 0.63907 0.69813 0.68373 0.61718 0.61606 0.59399 0.85287 0.67356 0.84615 0.75162 0.59404 0.99358 0.72140 0.16789 1.00000 0.69072 0.85412 1.00000 0.61655 0.62825
98.00000 163.00000 0.59525 0.73634 0.00000 0.23809 0.01450 0.04871 0.05863 0.29318 0.21079 0.08959 0.00190 0.04308 0.02564 0.04951 0.08957 0.00265 0.11157 0.93880 0.00000 0.05155 0.00000 0.00000 0.13791 0.13807
98.00000 164.00000 0.83319 0.99762 1.00000 0.06027 0.18405 0.32917 0.25964 0.14659 0.14617 0.13528 0.65102 0.32082 0.23077 0.47890 0.13329 0.99421 0.57501 0.38757 0.00000 0.34021 0.65116 1.00000 0.16213 0.16139
98.00000 165.00000 0.47618 0.83135 1.00000 0.62699 0.66807 0.65587 0.53686 0.50794 0.50125 0.45769 0.86373 0.62050 0.38462 0.67289 0.45745 0.99355 0.55664 0.36781 0.00000 0.64948 0.86469 1.00000 0.48503 0.48583
98.00000 166.00000 0.23822 0.29905 1.00000 0.59794 0.63797 0.69930 0.67551 0.61718 0.61606 0.59394 0.85291 0.66846 0.84615 0.75568 0.59375 0.99344 0.74903 0.17457 1.00000 0.70103 0.85412 1.00000 0.61789 0.61740
98.00000 167.00000 0.99999 0.99762 1.00000 0.00000 0.12429 0.29560 0.25623 0.00000 0.00251 0.00550 0.62781 0.29596 0.23077 0.50325 0.00489 0.99413 0.62798 0.39393 0.00000 0.30928 0.62791 1.00000 0.01615 0.01072
98.00000 168.00000 0.23810 0.29881 1.00000 0.59794 0.63806 0.68533 0.67407 0.61718 0.61606 0.59422 0.85289 0.66545 0.84615 0.75649 0.59514 0.99347 0.72273 0.16765 1.00000 0.69072 0.85412 1.00000 0.61520 0.62022
98.00000 169.00000 0.59513 0.73670 0.00000 0.23809 0.01193 0.03262 0.05402 0.29318 0.21079 0.09019 0.00179 0.03018 0.02564 0.03977 0.08864 0.00262 0.10183 0.94714 0.00000 0.05155 0.00000 0.00000 0.13623 0.14209
98.00000 170.00000 0.59524 0.73634 0.00000 0.23809 0.01202 0.07823 0.06026 0.29318 0.21079 0.09028 0.00198 0.03483 0.02564 0.06006 0.08788 0.00278 0.09962 0.93915 0.00000 0.03093 0.00000 0.00000 0.13858 0.14301
98.00000 171.00000 0.83328 0.99762 1.00000 0.06027 0.18909 0.32385 0.27323 0.14659 0.14617 0.13434 0.65114 0.31982 0.23077 0.47971 0.13490 0.99424 0.58533 0.40116 0.00000 0.34021 0.65116 1.00000 0.15742 0.15356
98.00000 172.00000 0.99987 0.99762 1.00000 0.00000 0.13641 0.29447 0.26019 0.00000 0.00314 0.00550 0.62783 0.29726 0.23077 0.49269 0.00665 0.99427 0.62308 0.41369 0.00000 0.30928 0.62791 1.00000 0.01547 0.01246
98.00000 173.00000 0.00007 0.00000 1.00000 1.00000 0.98155 0.93211 0.92963 1.00000 1.00000 0.96213 0.99876 0.90442 0.94872 0.93344 0.96007 0.99330 0.75072 0.08635 1.00000 0.93814 1.00000 1.00000 0.96502 0.96289
98.00000 174.00000 0.23802 0.29715 1.00000 0.59794 0.64008 0.69824 0.68101 0.61718 0.61606 0.59387 0.85293 0.67382 0.84615 0.75325 0.59512 0.99355 0.74343 0.18235 1.00000 0.69072 0.85412 1.00000 0.62260 0.61389
98.00000 175.00000 0.47609 0.83314 1.00000 0.62699 0.66303 0.64826 0.54812 0.50794 0.50125 0.45589 0.86384 0.62875 0.38462 0.68506 0.45611 0.99391 0.58263 0.35522 0.00000 0.64948 0.86469 1.00000 0.48907 0.47691
98.00000 176.00000 0.00004 0.00000 1.00000 1.00000 0.98559 0.94556 0.93712 1.00000 1.00000 0.96192 0.99888 0.90983 0.94872 0.91721 0.96161 0.99333 0.76149 0.10098 1.00000 0.94845 1.00000 1.00000 0.96098 0.96777
98.00000 177.00000 0.47620 0.83337 1.00000 0.62699 0.66284 0.65177 0.54233 0.50794 0.50125 0.45578 0.86392 0.62936 0.38462 0.67695 0.45594 0.99394 0.56840 0.36204 0.00000 0.67010 0.86469 1.00000 0.48739 0.48062
98.00000 178.00000 0.99989 0.99762 1.00000 0.00000 0.13163 0.28313 0.24069 0.00000 0.00251 0.00653 0.62808 0.29747 0.23077 0.49838 0.00640 0.99449 0.64292 0.41040 0.00000 0.29897 0.62791 1.00000 0.01076 0.01699
98.00000 179.00000 0.47614 0.83302 1.00000 0.62699 0.66257 0.67121 0.55312 0.50794 0.50125 0.45783 0.86380 0.63106 0.38462 0.69481 0.45530 0.99402 0.58126 0.36373 0.00000 0.64948 0.86469 1.00000 0.48369 0.48036
98.00000 180.00000 0.83331 0.99976 1.00000 0.06027 0.18717 0.33268 0.27085 0.14659 0.14617 0.13522 0.65129 0.32537 0.23077 0.49107 0.13471 0.99457 0.58872 0.39051 0.00000 0.34021 0.65116 1.00000 0.15708 0.16508
98.00000 181.00000 0.00001 0.00071 1.00000 1.00000 0.98485 0.95261 0.92708 1.00000 1.00000 0.96057 0.99878 0.90612 0.94872 0.90747 0.96048 0.99328 0.75812 0.09358 1.00000 0.93814 1.00000 1.00000 0.96569 0.96540
98.00000 182.00000 0.99976 0.99881 1.00000 0.00000 0.13099 0.31256 0.25589 0.00000 0.00314 0.00497 0.62812 0.30542 0.23077 0.51136 0.00591 0.99449 0.63380 0.40718 0.00000 0.31959 0.62791 1.00000 0.02052 0.01062
98.00000 183.00000 0.00002 0.00166 1.00000 1.00000 0.98394 0.92636 0.92057 1.00000 1.00000 0.96073 0.99876 0.91499 0.94872 0.94075 0.96080 0.99322 0.77623 0.09514 1.00000 0.92784 1.00000 1.00000 0.96065 0.96823
98.00000 184.00000 0.99990 0.99762 1.00000 0.00000 0.12851 0.28504 0.25130 0.00000 0.00314 0.00515 0.62819 0.30369 0.23077 0.50244 0.00574 0.99454 0.63344 0.40452 0.00000 0.30928 0.62791 1.00000 0.01413 0.01027
98.00000 185.00000 0.83332 0.99762 1.00000 0.06027 0.19020 0.32298 0.24816 0.14659 0.14617 0.13457 0.65133 0.32559 0.23077 0.49919 0.13520 0.99460 0.59283 0.40857 0.00000 0.34021 0.65116 1.00000 0.15977 0.15540
98.00000 186.00000 0.47612 0.83242 1.00000 0.62699 0.66147 0.67146 0.55180 0.50794 0.50125 0.45619 0.86394 0.64516 0.35897 0.69237 0.45498 0.99388 0.59788 0.37504 0.00000 0.63918 0.86469 1.00000 0.48369 0.47704
98.00000 187.00000 0.47616 0.83135 1.00000 0.62699 0.65899 0.65601 0.53883 0.50794 0.50125 0.45631 0.86388 0.63449 0.38462 0.68506 0.45533 0.99399 0.58105 0.37577 0.00000 0.65979 0.86469 1.00000 0.48268 0.48307
98.00000 188.00000 0.99986 0.99774 1.00000 0.00000 0.12842 0.29965 0.24835 0.00000 0.00314 0.00577 0.62825 0.30374 0.23077 0.48782 0.00415 0.99493 0.65982 0.41517 0.00000 0.30928 0.62791 1.00000 0.01547 0.01205
98.00000 189.00000 0.83313 0.99798 1.00000 0.06027 0.18662 0.33854 0.27016 0.14659 0.14617 0.13406 0.65152 0.33207 0.23077 0.49513 0.13493 0.99490 0.61272 0.41099 0.00000 0.31959 0.65116 1.00000 0.15069 0.15903
98.00000 190.00000 0.99981 0.99762 1.00000 0.00000 0.13475 0.31410 0.23420 0.00000 0.00314 0.00683 0.62831 0.30525 0.23077 0.49107 0.00477 0.99482 0.64208 0.40556 0.00000 0.29897 0.62791 1.00000 0.01076 0.01067
98.00000 191.00000 0.83321 0.99857 1.00000 0.06027 0.19010 0.35039 0.26675 0.14659 0.14617 0.13471 0.65159 0.32940 0.23077 0.47403 0.13378 0.99499 0.60800 0.39912 0.00000 0.34021 0.65116 1.00000 0.15641 0.15175
98.00000 192.00000 0.99979 0.99846 1.00000 0.00000 0.13255 0.29247 0.25493 0.00000 0.00314 0.00566 0.62833 0.30724 0.23077 0.50000 0.00601 0.99479 0.64369 0.41438 0.00000 0.30928 0.62791 1.00000 0.01514 0.01664
98.00000 193.00000 0.23810 0.29691 1.00000 0.59794 0.63521 0.68906 0.68224 0.61718 0.61669 0.59433 0.85306 0.68528 0.84615 0.76948 0.59504 0.99363 0.74997 0.16851 1.00000 0.70103 0.85412 1.00000 0.61756 0.61935
98.00000 194.00000 0.47614 0.83183 1.00000 0.62699 0.66192 0.64767 0.56424 0.50794 0.50125 0.45484 0.86394 0.64030 0.38462 0.67208 0.45767 0.99397 0.58701 0.37345 0.00000 0.64948 0.86469 1.00000 0.47864 0.47322
98.00000 195.00000 0.99990 0.99774 1.00000 0.00000 0.13631 0.30708 0.25764 0.00000 0.00314 0.00538 0.62831 0.31408 0.23077 0.50974 0.00491 0.99493 0.64770 0.41815 0.00000 0.30928 0.62791 1.00000 0.01749 0.01346
98.00000 196.00000 0.59527 0.73634 0.00000 0.23809 0.01395 0.05368 0.07049 0.29318 0.21079 0.08964 0.00247 0.04562 0.02564 0.07062 0.08879 0.00369 0.13519 0.97073 0.00000 0.08247 0.00000 0.00000 0.13656 0.13485
98.00000 197.00000 0.99978 0.99786 1.00000 0.00000 0.13191 0.30289 0.24873 0.00000 0.00314 0.00568 0.62848 0.31310 0.23077 0.49919 0.00452 0.99499 0.66465 0.41161 0.00000 0.30928 0.62791 1.00000 0.01648 0.01794
98.00000 198.00000 0.99984 0.99762 1.00000 0.00000 0.13273 0.30184 0.27686 0.00000 0.00314 0.00612 0.62850 0.30962 0.23077 0.50162 0.00562 0.99512 0.66131 0.42143 0.00000 0.28866 0.62791 1.00000 0.01245 0.00845
98.00000 199.00000 0.83334 0.99762 1.00000 0.06027 0.18955 0.32987 0.26497 0.14659 0.14617 0.13312 0.65169 0.33373 0.23077 0.49513 0.13275 0.99499 0.61587 0.39352 0.00000 0.35052 0.65116 1.00000 0.15573 0.16198
98.00000 200.00000 0.99988 0.99786 1.00000 0.00000 0.13126 0.31318 0.24165 0.00000 0.00314 0.00640 0.62854 0.31408 0.23077 0.49026 0.00714 0.99493 0.66586 0.41977 0.00000 0.30928 0.62791 1.00000 0.01682 0.01370
98.00000 201.00000 0.83336 0.99905 1.00000 0.06027 0.18542 0.34488 0.26290 0.14659 0.14617 0.13489 0.65182 0.33488 0.23077 0.47890 0.13495 0.99543 0.61291 0.41379 0.00000 0.32990 0.65116 1.00000 0.16044 0.15398
98.00000 202.00000 0.00000 0.00190 1.00000 1.00000 0.98898 0.93292 0.91536 1.00000 1.00000 0.95962 0.99888 0.91739 0.94872 0.93588 0.96019 0.99336 0.80143 0.10050 1.00000 0.93814 1.00000 1.00000 0.96334 0.96545
98.00000 203.00000 0.83317 0.99762 1.00000 0.06027 0.19029 0.32881 0.26636 0.14659 0.14617 0.13193 0.65192 0.34354 0.23077 0.49513 0.13410 0.99532 0.63517 0.40085 0.00000 0.36082 0.65116 1.00000 0.15977 0.15179
98.00000 204.00000 0.23815 0.29691 1.00000 0.59794 0.64292 0.70110 0.70241 0.61718 0.61669 0.59254 0.85310 0.69254 0.84615 0.76948 0.59311 0.99363 0.78157 0.16429 1.00000 0.72165 0.85412 1.00000 0.61453 0.60808
98.00000 205.00000 0.83317 0.99762 1.00000 0.06027 0.19066 0.33929 0.26838 0.14659 0.14617 0.13379 0.65192 0.33166 0.23077 0.48377 0.13415 0.99543 0.62871 0.41673 0.00000 0.36082 0.65116 1.00000 0.15742 0.16239
98.00000 206.00000 0.59524 0.73800 0.00000 0.23809 0.01395 0.08563 0.05704 0.29318 0.21079 0.09030 0.00281 0.04982 0.02564 0.06575 0.08881 0.00386 0.15163 0.95990 0.00000 0.06186 0.00000 0.00000 0.14262 0.14332
98.00000 207.00000 0.23818 0.29691 1.00000 0.59794 0.64357 0.68596 0.72081 0.61718 0.61669 0.59265 0.85299 0.70035 0.84615 0.77841 0.59382 0.99372 0.78666 0.16263 1.00000 0.71134 0.85412 1.00000 0.61621 0.61569
98.00000 208.00000 0.83336 0.99917 1.00000 0.06027 0.18983 0.34504 0.26144 0.14659 0.14617 0.13430 0.65209 0.34586 0.23077 0.49269 0.13332 0.99570 0.63933 0.41891 0.00000 0.34021 0.65116 1.00000 0.15203 0.15926
98.00000 209.00000 0.99992 0.99810 1.00000 0.00000 0.13191 0.34143 0.27244 0.00000 0.00314 0.00403 0.62878 0.31901 0.25641 0.49756 0.00716 0.99543 0.70633 0.42780 0.00000 0.30928 0.62791 1.00000 0.01278 0.01515
98.00000 210.00000 0.99991 0.99762 1.00000 0.00000 0.13613 0.33108 0.25414 0.00000 0.00314 0.00529 0.62888 0.32052 0.23077 0.49756 0.00635 0.99554 0.68743 0.41822 0.00000 0.31959 0.62791 1.00000 0.01850 0.01333
98.00000 211.00000 0.99997 0.99762 1.00000 0.00000 0.12943 0.32077 0.26792 0.00000 0.00314 0.00423 0.62892 0.32231 0.23077 0.51461 0.00440 0.99556 0.70231 0.41479 0.00000 0.31959 0.62791 1.00000 0.01413 0.01263
98.00000 212.00000 0.83329 0.99762 1.00000 0.06027 0.18919 0.36289 0.26987 0.14659 0.14680 0.13232 0.65226 0.34629 0.23077 0.49432 0.13268 0.99567 0.63082 0.41047 0.00000 0.35052 0.65116 1.00000 0.15338 0.15637
98.00000 213.00000 0.83315 0.99762 1.00000 0.06027 0.19185 0.35641 0.25543 0.14659 0.14617 0.13512 0.65214 0.34197 0.23077 0.48052 0.13417 0.99570 0.62859 0.40995 0.00000 0.32990 0.65116 1.00000 0.15540 0.15244
98.00000 214.00000 0.00006 0.00226 1.00000 1.00000 0.99036 0.95312 0.93818 1.00000 1.00000 0.95838 0.99865 0.93540 0.94872 0.94237 0.96056 0.99330 0.82026 0.11603 1.00000 0.93814 1.00000 1.00000 0.95762 0.96222
98.00000 215.00000 0.00005 0.00000 1.00000 1.00000 0.98412 0.95072 0.92458 1.00000 1.00000 0.95847 0.99892 0.92793 0.94872 0.96347 0.95999 0.99341 0.83743 0.10015 1.00000 0.95876 1.00000 1.00000 0.96233 0.95986
98.00000 216.00000 0.99989 0.99762 1.00000 0.00000 0.14081 0.31750 0.26531 0.00000 0.00314 0.00775 0.62901 0.32434 0.23077 0.51299 0.00435 0.99562 0.68798 0.42223 0.00000 0.32990 0.62791 1.00000 0.01379 0.01353
98.00000 217.00000 0.00001 0.00000 1.00000 1.00000 0.98210 0.96217 0.95907 1.00000 1.00000 0.95914 0.99882 0.93747 0.94872 0.95617 0.96095 0.99336 0.81475 0.09749 1.00000 0.96907 1.00000 1.00000 0.95829 0.96633
98.00000 218.00000 0.23801 0.29691 1.00000 0.59794 0.63971 0.72290 0.70453 0.61718 0.61669 0.59302 0.85314 0.70362 0.84615 0.77597 0.59245 0.99383 0.80386 0.18532 1.00000 0.71134 0.85412 1.00000 0.61487 0.62188
98.00000 219.00000 0.59529 0.73634 0.00000 0.23809 0.01882 0.08752 0.08851 0.29318 0.21079 0.09021 0.00323 0.05801 0.02564 0.08685 0.08683 0.00438 0.17094 0.96648 0.00000 0.07216 0.00000 0.00000 0.13724 0.13891
98.00000 220.00000 0.00002 0.00202 1.00000 1.00000 0.99110 0.95455 0.93748 1.00000 1.00000 0.95840 0.99886 0.93652 0.94872 0.96104 0.95921 0.99352 0.82475 0.10427 1.00000 0.97938 1.00000 1.00000 0.95863 0.95741
98.00000 221.00000 0.47615 0.83135 1.00000 0.62699 0.66266 0.68930 0.57238 0.50794 0.50125 0.45675 0.86456 0.66379 0.35897 0.69156 0.45550 0.99474 0.65042 0.37881 1.00000 0.68041 0.86469 1.00000 0.47898 0.47455
98.00000 222.00000 0.47629 0.83207 1.00000 0.62699 0.66716 0.67326 0.56296 0.50794 0.50125 0.45428 0.86434 0.66263 0.35897 0.70292 0.45537 0.99482 0.66386 0.39338 0.00000 0.68041 0.86469 1.00000 0.47696 0.47550
98.00000 223.00000 0.99979 0.99774 1.00000 0.00000 0.13576 0.31326 0.25846 0.00000 0.00314 0.00561 0.62928 0.33761 0.23077 0.51542 0.00684 0.99617 0.71421 0.41227 0.00000 0.30928 0.62791 1.00000 0.01413 0.01328
98.00000 224.00000 0.99983 0.99762 1.00000 0.00000 0.13742 0.31431 0.29353 0.00000 0.00314 0.00713 0.62926 0.33385 0.25641 0.53003 0.00511 0.99623 0.71936 0.41548 0.00000 0.31959 0.62791 1.00000 0.01715 0.01388
98.00000 225.00000 0.59518 0.73705 0.00000 0.23809 0.01680 0.05128 0.07607 0.29318 0.21079 0.09060 0.00344 0.06785 0.02564 0.08198 0.08793 0.00477 0.18888 0.96855 0.00000 0.09278 0.00000 0.00000 0.13320 0.13652
98.00000 226.00000 0.00004 0.00000 1.00000 1.00000 0.99403 0.96392 0.94536 1.00000 1.00000 0.95822 0.99880 0.94637 0.94872 0.94886 0.95941 0.99352 0.84899 0.11036 1.00000 0.96907 1.00000 1.00000 0.95493 0.96778
98.00000 227.00000 0.00001 0.00119 1.00000 1.00000 0.99119 0.95815 0.94377 1.00000 1.00000 0.95836 0.99892 0.94129 0.94872 0.95292 0.95902 0.99350 0.85070 0.10375 1.00000 0.95876 1.00000 1.00000 0.95896 0.95497
98.00000 228.00000 0.23808 0.29691 1.00000 0.59794 0.64513 0.73383 0.73316 0.61718 0.61669 0.59304 0.85316 0.71278 0.84615 0.78734 0.59280 0.99391 0.84017 0.18605 1.00000 0.71134 0.85412 1.00000 0.61588 0.61635
98.00000 229.00000 0.00001 0.00000 1.00000 1.00000 0.98871 0.96943 0.95211 1.00000 1.00000 0.95751 0.99897 0.94372 0.94872 0.96347 0.95853 0.99361 0.85053 0.09828 1.00000 0.96907 1.00000 1.00000 0.95795 0.96099
98.00000 230.00000 0.47616 0.83135 1.00000 0.62699 0.66651 0.68488 0.56846 0.50794 0.50125 0.45672 0.86477 0.67405 0.35897 0.69318 0.45452 0.99507 0.67175 0.40057 1.00000 0.68041 0.86469 1.00000 0.48133 0.47305
98.00000 231.00000 0.59512 0.73646 0.00000 0.23809 0.01515 0.06016 0.06771 0.29318 0.21079 0.08957 0.00376 0.07558 0.02564 0.07549 0.08742 0.00518 0.21014 0.96762 0.00000 0.07216 0.00000 0.00000 0.14194 0.13235
98.00000 232.00000 0.23810 0.29691 1.00000 0.59794 0.64274 0.74263 0.71003 0.61718 0.61669 0.59224 0.85325 0.71896 0.84615 0.80601 0.59404 0.99408 0.84507 0.19387 1.00000 0.72165 0.85412 1.00000 0.60343 0.62126
98.00000 233.00000 0.23814 0.29846 1.00000 0.59794 0.64595 0.72522 0.71889 0.61718 0.61669 0.59120 0.85329 0.71908 0.84615 0.81088 0.59407 0.99413 0.85173 0.18131 1.00000 0.73196 0.85412 1.00000 0.61184 0.60751
98.00000 234.00000 0.99995 0.99762 1.00000 0.00000 0.13953 0.33457 0.29398 0.00000 0.00314 0.00497 0.62973 0.34735 0.25641 0.54140 0.00516 0.99678 0.75091 0.42105 0.00000 0.32990 0.62791 1.00000 0.00774 0.00715
98.00000 235.00000 0.59514 0.73634 0.00000 0.23809 0.01781 0.07920 0.07535 0.29318 0.21079 0.09192 0.00392 0.07875 0.02564 0.08036 0.08735 0.00546 0.21786 0.97800 0.00000 0.07216 0.00000 0.00000 0.13454 0.13559
98.00000 236.00000 0.99981 0.99905 1.00000 0.00000 0.13732 0.34583 0.30035 0.00000 0.00314 0.00670 0.62985 0.35337 0.25641 0.53409 0.00621 0.99702 0.76481 0.41542 0.00000 0.34021 0.62791 1.00000 0.01278 0.01523
98.00000 237.00000 0.59517 0.73634 0.00000 0.23809 0.02010 0.09834 0.09463 0.29318 0.21079 0.08978 0.00397 0.07616 0.02564 0.08523 0.08581 0.00551 0.22704 0.98827 0.00000 0.07216 0.00000 0.00000 0.13051 0.13514
98.00000 238.00000 0.23814 0.29691 1.00000 0.59794 0.64687 0.72011 0.72497 0.61718 0.61669 0.59005 0.85337 0.73008 0.84615 0.80114 0.59128 0.99421 0.87498 0.20660 1.00000 0.73196 0.85412 1.00000 0.60848 0.61315
98.00000 239.00000 0.23815 0.29691 1.00000 0.59794 0.64237 0.71998 0.72552 0.61718 0.61669 0.59346 0.85335 0.73409 0.84615 0.80195 0.59165 0.99405 0.86736 0.21269 1.00000 0.73196 0.85412 1.00000 0.61285 0.61092
98.00000 240.00000 0.59528 0.73634 0.00000 0.23809 0.01845 0.07780 0.09454 0.29318 0.21079 0.08897 0.00426 0.08674 0.02564 0.10146 0.08771 0.00584 0.23041 0.97959 0.00000 0.07216 0.00000 0.00000 0.13690 0.13711
98.00000 241.00000 0.47608 0.83135 1.00000 0.62699 0.67220 0.69246 0.57257 0.50794 0.50125 0.45449 0.86500 0.68589 0.35897 0.71672 0.45486 0.99548 0.72412 0.39044 1.00000 0.68041 0.86469 1.00000 0.46889 0.47477
98.00000 242.00000 0.59531 0.73670 0.00000 0.23809 0.02579 0.09059 0.10220 0.29318 0.21079 0.08886 0.00428 0.09037 0.02564 0.08442 0.08808 0.00598 0.24587 0.98173 0.00000 0.09278 0.00000 0.00000 0.13690 0.13112
98.00000 243.00000 0.83334 0.99798 1.00000 0.06027 0.19460 0.36848 0.29799 0.14659 0.14680 0.13563 0.65372 0.38581 0.23077 0.51542 0.13324 0.99791 0.73852 0.42912 0.00000 0.35052 0.65116 1.00000 0.15304 0.15325
98.00000 244.00000 0.83327 0.99917 1.00000 0.06027 0.19148 0.37610 0.30080 0.14659 0.14680 0.13535 0.65374 0.38773 0.23077 0.51623 0.13222 0.99796 0.73819 0.43033 0.00000 0.36082 0.65116 1.00000 0.15237 0.14687
98.00000 245.00000 0.23821 0.29691 1.00000 0.59794 0.64558 0.74323 0.73794 0.61718 0.61669 0.59072 0.85341 0.74163 0.84615 0.80925 0.59148 0.99427 0.90983 0.19657 1.00000 0.72165 0.85412 1.00000 0.60478 0.61041
