75.00000 1.00000 0.59302 0.07692 1.00000 1.00000 0.05152 0.29614 0.22059 1.00000 0.75000 0.12213 0.57647 0.10117 0.33333 0.28571 0.13500 0.59524 0.16461 0.58547 1.00000 0.36364 1.00000 1.00000 0.44643 0.45282
75.00000 2.00000 0.39535 0.76923 1.00000 1.00000 0.27869 0.28968 0.25476 1.00000 0.81250 0.16810 0.57647 0.12150 0.33333 0.22857 0.15181 0.60119 0.20653 0.54660 1.00000 0.27273 1.00000 1.00000 0.42262 0.48539
75.00000 3.00000 0.36628 0.61538 1.00000 1.00000 0.19672 0.31572 0.23292 1.00000 0.81250 0.14033 0.63529 0.13717 0.33333 0.20571 0.14111 0.62500 0.16598 0.61613 1.00000 0.18182 1.00000 1.00000 0.49405 0.43733
75.00000 4.00000 0.34884 0.15385 1.00000 1.00000 0.14286 0.37248 0.27582 1.00000 0.81250 0.12883 0.63529 0.10921 0.33333 0.21143 0.13194 0.56548 0.17268 0.61854 1.00000 0.27273 1.00000 1.00000 0.55357 0.51285
75.00000 5.00000 0.69186 0.30769 1.00000 1.00000 0.31382 0.31787 0.32028 1.00000 0.81250 0.14176 0.60000 0.14290 0.33333 0.25714 0.16862 0.57143 0.16603 0.62772 1.00000 0.27273 1.00000 1.00000 0.47024 0.49643
75.00000 6.00000 0.58140 0.53846 1.00000 1.00000 0.26932 0.35115 0.21326 1.00000 0.75000 0.10824 0.61765 0.15575 0.33333 0.17143 0.12481 0.60119 0.18002 0.56905 1.00000 0.36364 1.00000 1.00000 0.47024 0.47602
75.00000 7.00000 0.43023 0.46154 1.00000 1.00000 0.23888 0.22999 0.17722 1.00000 0.75000 0.14751 0.61765 0.15229 0.33333 0.06857 0.14264 0.59524 0.19647 0.63592 1.00000 0.18182 1.00000 1.00000 0.40476 0.59328
75.00000 8.00000 0.43023 0.69231 1.00000 1.00000 0.10539 0.18712 0.22824 1.00000 0.75000 0.12117 0.60000 0.12895 0.33333 0.17143 0.15334 0.58333 0.18625 0.57460 1.00000 0.27273 1.00000 1.00000 0.57738 0.41191
75.00000 9.00000 0.65698 0.69231 1.00000 1.00000 0.42857 0.44079 0.22824 1.00000 0.75000 0.16906 0.62941 0.10274 0.33333 0.21143 0.13856 0.58929 0.18348 0.55167 1.00000 0.18182 1.00000 1.00000 0.45238 0.55998
75.00000 10.00000 0.28488 0.30769 1.00000 1.00000 0.28337 0.22333 0.23729 1.00000 0.75000 0.14511 0.60000 0.16721 0.33333 0.25143 0.17830 0.60714 0.15141 0.53742 1.00000 0.18182 1.00000 1.00000 0.50000 0.45950
75.00000 11.00000 0.77326 0.30769 1.00000 1.00000 0.38642 0.40654 0.30546 1.00000 0.81250 0.16188 0.64118 0.16717 0.33333 0.17714 0.15079 0.61310 0.17148 0.54346 1.00000 0.36364 1.00000 1.00000 0.55357 0.51879
75.00000 12.00000 0.64535 0.61538 1.00000 1.00000 0.25527 0.53318 0.28456 1.00000 0.75000 0.12213 0.57059 0.13209 0.33333 0.17143 0.16913 0.59524 0.17960 0.59923 1.00000 0.18182 1.00000 1.00000 0.50595 0.54671
75.00000 13.00000 0.48256 0.69231 1.00000 1.00000 0.37002 0.24271 0.32356 1.00000 0.75000 0.13793 0.58235 0.16878 0.33333 0.10286 0.11921 0.57143 0.18929 0.60575 1.00000 0.27273 1.00000 1.00000 0.42262 0.36655
75.00000 14.00000 0.52326 0.07692 1.00000 1.00000 0.18970 0.45684 0.16833 1.00000 0.75000 0.12308 0.58235 0.12049 0.33333 0.13714 0.14009 0.57143 0.15681 0.54128 1.00000 0.27273 1.00000 1.00000 0.50000 0.53344
75.00000 15.00000 0.39535 0.38462 1.00000 1.00000 0.26698 0.40947 0.33713 1.00000 0.81250 0.14272 0.58824 0.09659 0.33333 0.23429 0.15130 0.56548 0.15922 0.57677 1.00000 0.27273 1.00000 1.00000 0.44643 0.44559
75.00000 16.00000 0.67442 0.61538 1.00000 1.00000 0.28806 0.28636 0.33198 1.00000 0.75000 0.18630 0.62941 0.12932 0.33333 0.20000 0.14875 0.61310 0.15120 0.51545 1.00000 0.27273 1.00000 1.00000 0.46429 0.41173
75.00000 17.00000 0.51744 0.23077 1.00000 1.00000 0.29274 0.45390 0.33229 1.00000 0.81250 0.14847 0.60000 0.11023 0.33333 0.18286 0.14468 0.60119 0.18222 0.67214 1.00000 0.27273 1.00000 1.00000 0.58929 0.51136
75.00000 18.00000 0.54651 0.76923 1.00000 1.00000 0.21546 0.26170 0.40702 1.00000 0.75000 0.14416 0.58824 0.12183 0.33333 0.20000 0.11819 0.59524 0.17095 0.57170 1.00000 0.27273 1.00000 1.00000 0.54167 0.32749
75.00000 19.00000 0.65116 0.07692 1.00000 1.00000 0.11944 0.27305 0.20998 1.00000 0.75000 0.14990 0.59412 0.08985 0.33333 0.14286 0.14468 0.60119 0.18557 0.58933 1.00000 0.18182 1.00000 1.00000 0.43452 0.50524
75.00000 20.00000 0.41279 0.30769 1.00000 1.00000 0.20141 0.29203 0.33042 1.00000 0.81250 0.15805 0.61176 0.14323 0.33333 0.30286 0.17932 0.60119 0.15770 0.52873 1.00000 0.18182 1.00000 1.00000 0.55357 0.39391
75.00000 21.00000 0.36628 0.53846 1.00000 1.00000 0.38876 0.38207 0.23541 1.00000 0.75000 0.13362 0.60588 0.13796 0.33333 0.18286 0.11615 0.63095 0.17436 0.55360 1.00000 0.09091 1.00000 1.00000 0.42262 0.39939
75.00000 22.00000 0.58721 0.30769 1.00000 1.00000 0.23653 0.45371 0.29797 1.00000 0.75000 0.16619 0.60588 0.14184 0.33333 0.25714 0.11717 0.58333 0.18321 0.55360 1.00000 0.18182 1.00000 1.00000 0.47024 0.46257
75.00000 23.00000 0.48837 0.61538 1.00000 1.00000 0.31850 0.18986 0.30078 1.00000 0.81250 0.16331 0.60588 0.14050 0.33333 0.18857 0.17473 0.59524 0.14774 0.63085 1.00000 0.45455 1.00000 1.00000 0.54167 0.58540
75.00000 24.00000 0.16860 0.53846 1.00000 1.00000 0.21077 0.38403 0.23947 1.00000 0.75000 0.17625 0.62941 0.14369 0.33333 0.22857 0.10953 0.62500 0.16414 0.51811 1.00000 0.27273 1.00000 1.00000 0.52976 0.44336
75.00000 25.00000 0.51163 0.69231 1.00000 1.00000 0.29508 0.40184 0.18580 1.00000 0.75000 0.10249 0.58824 0.11111 0.33333 0.25714 0.08915 0.57143 0.16278 0.59488 1.00000 0.09091 1.00000 1.00000 0.39881 0.43538
75.00000 26.00000 0.54070 0.53846 1.00000 1.00000 0.11007 0.35663 0.24119 1.00000 0.75000 0.17193 0.63529 0.15524 0.33333 0.17143 0.17320 0.60119 0.19327 0.65717 1.00000 0.09091 1.00000 1.00000 0.52381 0.43919
75.00000 27.00000 0.65116 0.61538 1.00000 1.00000 0.38876 0.40204 0.21560 1.00000 0.75000 0.16140 0.59412 0.14415 0.33333 0.27429 0.17524 0.55952 0.18311 0.56688 1.00000 0.27273 1.00000 1.00000 0.57738 0.38297
75.00000 28.00000 0.57558 0.53846 1.00000 1.00000 0.29040 0.26992 0.34072 1.00000 0.81250 0.15900 0.60000 0.16121 0.33333 0.20000 0.16709 0.61905 0.17043 0.60502 1.00000 0.18182 1.00000 1.00000 0.42262 0.50302
75.00000 29.00000 0.49419 0.23077 1.00000 1.00000 0.18033 0.34312 0.27457 1.00000 0.75000 0.11255 0.59412 0.13232 0.33333 0.20571 0.14417 0.56548 0.17750 0.57098 1.00000 0.27273 1.00000 1.00000 0.51786 0.40106
75.00000 30.00000 0.73837 0.30769 1.00000 1.00000 0.23888 0.34782 0.34992 1.00000 0.81250 0.16954 0.64706 0.14369 0.33333 0.29714 0.15792 0.59524 0.15875 0.54128 1.00000 0.36364 1.00000 1.00000 0.55357 0.56155
75.00000 31.00000 0.59302 0.69231 1.00000 1.00000 0.23888 0.27677 0.24431 1.00000 0.81250 0.15182 0.60588 0.14831 0.33333 0.29143 0.15130 0.63095 0.15560 0.49034 1.00000 0.36364 1.00000 1.00000 0.47619 0.57464
75.00000 32.00000 0.36628 0.76923 1.00000 1.00000 0.19906 0.30867 0.24103 1.00000 0.81250 0.19636 0.59412 0.12640 0.33333 0.24000 0.18594 0.62500 0.16975 0.58691 1.00000 0.45455 1.00000 1.00000 0.44643 0.50264
75.00000 33.00000 0.47674 0.76923 1.00000 1.00000 0.11475 0.26659 0.25694 1.00000 0.75000 0.13410 0.58235 0.10302 0.33333 0.18286 0.10341 0.58333 0.15477 0.57484 1.00000 0.27273 1.00000 1.00000 0.52976 0.45895
75.00000 34.00000 0.49419 0.53846 1.00000 1.00000 0.24356 0.33862 0.30874 1.00000 0.75000 0.14080 0.61765 0.12987 0.33333 0.22286 0.16200 0.61905 0.16865 0.53283 1.00000 0.09091 1.00000 1.00000 0.40476 0.58113
75.00000 35.00000 0.49419 0.69231 1.00000 1.00000 0.44731 0.24447 0.32215 1.00000 0.75000 0.13075 0.62353 0.11453 0.33333 0.21714 0.13958 0.58929 0.18264 0.59730 1.00000 0.27273 1.00000 1.00000 0.39286 0.41887
75.00000 36.00000 0.40698 0.76923 1.00000 1.00000 0.25293 0.34645 0.18362 1.00000 0.75000 0.14224 0.59412 0.11374 0.33333 0.20571 0.15079 0.58333 0.14256 0.49541 1.00000 0.27273 1.00000 1.00000 0.57738 0.46600
75.00000 37.00000 0.32558 0.69231 1.00000 1.00000 0.26464 0.40478 0.27582 1.00000 0.75000 0.13937 0.58235 0.13777 0.33333 0.13714 0.15283 0.59524 0.17237 0.63592 1.00000 0.18182 1.00000 1.00000 0.49405 0.47973
75.00000 38.00000 0.56395 0.15385 1.00000 1.00000 0.27166 0.41358 0.24571 1.00000 0.75000 0.10584 0.61765 0.12146 0.33333 0.27429 0.11971 0.58929 0.18295 0.61420 1.00000 0.18182 1.00000 1.00000 0.50595 0.52936
75.00000 39.00000 0.38372 0.23077 1.00000 1.00000 0.22482 0.40262 0.22964 1.00000 0.75000 0.11734 0.58824 0.10085 0.33333 0.26857 0.11258 0.57738 0.15602 0.61154 1.00000 0.27273 1.00000 1.00000 0.42262 0.45449
75.00000 40.00000 0.46512 0.69231 1.00000 1.00000 0.25059 0.30965 0.19173 1.00000 0.75000 0.11877 0.60588 0.11425 0.33333 0.32000 0.13653 0.62500 0.15875 0.60792 1.00000 0.18182 1.00000 1.00000 0.41667 0.44058
75.00000 41.00000 0.43023 0.76923 1.00000 1.00000 0.39110 0.27735 0.25772 1.00000 0.75000 0.11734 0.60000 0.16023 0.33333 0.22857 0.11615 0.59524 0.15906 0.59633 1.00000 0.18182 1.00000 1.00000 0.48810 0.31598
75.00000 42.00000 0.36628 0.69231 1.00000 1.00000 0.29508 0.27912 0.24867 1.00000 0.75000 0.16667 0.61176 0.14424 0.33333 0.21143 0.18085 0.61905 0.17803 0.48189 1.00000 0.36364 1.00000 1.00000 0.41667 0.42240
75.00000 43.00000 0.36628 0.07692 1.00000 1.00000 0.40515 0.22842 0.30281 1.00000 0.75000 0.13745 0.58235 0.11092 0.33333 0.01143 0.15996 0.58929 0.19736 0.65741 1.00000 0.45455 1.00000 1.00000 0.52976 0.48966
75.00000 44.00000 0.48256 0.69231 1.00000 1.00000 0.27166 0.41084 0.27988 1.00000 0.75000 0.10776 0.59412 0.15469 0.33333 0.09143 0.15996 0.57738 0.17630 0.57750 1.00000 0.18182 1.00000 1.00000 0.51190 0.46229
75.00000 45.00000 0.41279 0.76923 1.00000 1.00000 0.20843 0.38599 0.22527 1.00000 0.75000 0.16523 0.62353 0.11901 0.33333 0.19429 0.15792 0.58929 0.17106 0.63810 1.00000 0.18182 1.00000 1.00000 0.49405 0.47314
75.00000 46.00000 0.22674 0.30769 1.00000 1.00000 0.37237 0.34508 0.18643 1.00000 0.75000 0.12213 0.55882 0.10168 0.33333 0.15429 0.14060 0.57738 0.17190 0.51352 1.00000 0.27273 1.00000 1.00000 0.39881 0.37091
75.00000 47.00000 0.44767 0.07692 1.00000 1.00000 0.17330 0.40986 0.18799 1.00000 0.75000 0.16954 0.61176 0.13255 0.33333 0.22857 0.16760 0.60119 0.16509 0.54249 1.00000 0.36364 1.00000 1.00000 0.56548 0.51155
75.00000 48.00000 0.61628 0.23077 1.00000 1.00000 0.31616 0.15404 0.24165 1.00000 0.75000 0.10249 0.61765 0.13685 0.33333 0.21143 0.09832 0.60714 0.16362 0.57170 1.00000 0.18182 1.00000 1.00000 0.47024 0.48901
75.00000 49.00000 0.65698 0.53846 1.00000 1.00000 0.24824 0.16657 0.27005 1.00000 0.75000 0.01341 0.14118 0.05953 0.33333 0.37143 0.04636 0.13690 0.07791 0.74191 1.00000 0.18182 1.00000 1.00000 0.33333 0.36692
75.00000 50.00000 0.46512 0.07692 1.00000 1.00000 0.22717 0.32864 0.22387 1.00000 0.75000 0.09243 0.59412 0.10847 0.33333 0.22857 0.13041 0.60119 0.18903 0.55287 1.00000 0.27273 1.00000 1.00000 0.49405 0.42332
75.00000 51.00000 0.44767 0.61538 1.00000 1.00000 0.27869 0.25093 0.23245 1.00000 0.75000 0.15661 0.57647 0.12871 0.33333 0.27429 0.12328 0.59524 0.15005 0.45968 1.00000 0.45455 1.00000 1.00000 0.40476 0.46405
75.00000 52.00000 0.66860 0.30769 1.00000 1.00000 0.24824 0.14739 0.24321 1.00000 0.75000 0.14224 0.59412 0.14540 0.33333 0.28000 0.14620 0.60119 0.14497 0.55022 1.00000 0.27273 1.00000 1.00000 0.38690 0.41813
75.00000 53.00000 0.48837 0.38462 1.00000 1.00000 0.33489 0.47367 0.30281 1.00000 0.75000 0.14559 0.60000 0.15395 0.33333 0.29714 0.14926 0.60714 0.19165 0.62989 1.00000 0.45455 1.00000 1.00000 0.51786 0.39614
75.00000 54.00000 0.61047 0.76923 1.00000 1.00000 0.15925 0.36230 0.19844 1.00000 0.75000 0.15900 0.61765 0.12613 0.33333 0.15429 0.13856 0.58929 0.16587 0.60261 1.00000 0.27273 1.00000 1.00000 0.45833 0.53196
75.00000 55.00000 0.43605 0.07692 1.00000 1.00000 0.25527 0.46761 0.20889 1.00000 0.75000 0.15948 0.64118 0.13680 0.33333 0.13143 0.13296 0.57738 0.16325 0.54539 1.00000 0.27273 1.00000 1.00000 0.45238 0.55051
75.00000 56.00000 0.41279 0.46154 1.00000 1.00000 0.29040 0.41848 0.25991 1.00000 0.75000 0.13937 0.60000 0.12788 0.33333 0.16571 0.12175 0.60119 0.18604 0.51545 1.00000 0.18182 1.00000 1.00000 0.49405 0.46572
75.00000 57.00000 0.55233 0.61538 1.00000 1.00000 0.24356 0.31180 0.19220 1.00000 0.75000 0.13170 0.61765 0.13597 0.33333 0.10857 0.12277 0.60119 0.15372 0.53573 1.00000 0.18182 1.00000 1.00000 0.37500 0.39317
75.00000 58.00000 0.72093 0.46154 1.00000 1.00000 0.32084 0.24271 0.26927 1.00000 0.75000 0.13985 0.55882 0.13528 0.33333 0.25714 0.14060 0.60119 0.16294 0.59102 1.00000 0.27273 1.00000 1.00000 0.48810 0.45774
75.00000 59.00000 0.27326 0.53846 1.00000 1.00000 0.20843 0.33607 0.15554 1.00000 0.75000 0.13362 0.60588 0.10043 0.33333 0.17143 0.13194 0.62500 0.15005 0.54466 1.00000 0.09091 1.00000 1.00000 0.57143 0.43715
75.00000 60.00000 0.55814 0.30769 1.00000 1.00000 0.26698 0.19280 0.20827 1.00000 0.75000 0.12356 0.60588 0.15205 0.33333 0.14857 0.14417 0.61310 0.17541 0.57629 1.00000 0.27273 1.00000 1.00000 0.51190 0.45839
75.00000 61.00000 0.39535 0.38462 1.00000 1.00000 0.29742 0.26972 0.18830 1.00000 0.81250 0.16379 0.63529 0.15090 0.33333 0.24000 0.13143 0.60119 0.17761 0.56639 1.00000 0.36364 1.00000 1.00000 0.54167 0.50487
75.00000 62.00000 0.27907 0.46154 1.00000 1.00000 0.33489 0.29888 0.31778 1.00000 0.81250 0.17529 0.58824 0.16310 0.33333 0.35429 0.17524 0.58333 0.15545 0.62941 1.00000 0.18182 1.00000 1.00000 0.53571 0.46266
75.00000 63.00000 0.52907 0.46154 1.00000 1.00000 0.18033 0.43825 0.25476 1.00000 0.75000 0.14320 0.59412 0.09877 0.33333 0.13714 0.14926 0.59524 0.16839 0.57339 1.00000 0.27273 1.00000 1.00000 0.49405 0.45366
75.00000 64.00000 0.42442 0.15385 1.00000 1.00000 0.15691 0.44529 0.19314 1.00000 0.75000 0.16523 0.57647 0.14854 0.33333 0.22286 0.15639 0.59524 0.17258 0.60237 1.00000 0.27273 1.00000 1.00000 0.38690 0.54430
75.00000 65.00000 0.50581 0.30769 1.00000 1.00000 0.22951 0.37385 0.28877 1.00000 0.75000 0.15374 0.61176 0.11111 0.33333 0.08000 0.13602 0.54762 0.17211 0.60116 1.00000 0.36364 1.00000 1.00000 0.50595 0.42156
75.00000 66.00000 0.47674 0.53846 1.00000 1.00000 0.25995 0.28538 0.37317 1.00000 0.75000 0.16236 0.58824 0.15404 0.33333 0.15429 0.14875 0.57738 0.17640 0.56398 1.00000 0.27273 1.00000 1.00000 0.50595 0.32192
75.00000 67.00000 0.36047 0.46154 1.00000 1.00000 0.23419 0.33138 0.25086 1.00000 0.75000 0.13458 0.61176 0.12021 0.33333 0.26286 0.17320 0.60119 0.17446 0.44592 1.00000 0.36364 1.00000 1.00000 0.43452 0.41330
75.00000 68.00000 0.56977 0.46154 1.00000 1.00000 0.36534 0.38011 0.29875 1.00000 0.75000 0.16331 0.61176 0.13750 0.33333 0.16000 0.12226 0.60119 0.16629 0.56422 1.00000 0.27273 1.00000 1.00000 0.53571 0.49865
75.00000 69.00000 0.62209 0.69231 1.00000 1.00000 0.13583 0.30593 0.28799 1.00000 0.75000 0.10967 0.58235 0.12224 0.33333 0.25714 0.14519 0.59524 0.14958 0.55191 1.00000 0.27273 1.00000 1.00000 0.44048 0.45357
75.00000 70.00000 0.61628 0.15385 1.00000 1.00000 0.20141 0.31728 0.32371 1.00000 0.75000 0.15134 0.61765 0.11952 0.33333 0.11429 0.10953 0.60119 0.16561 0.62675 1.00000 0.18182 1.00000 1.00000 0.50000 0.47333
75.00000 71.00000 0.43023 0.61538 1.00000 1.00000 0.18267 0.29556 0.21139 1.00000 0.75000 0.10967 0.60000 0.14355 0.33333 0.17143 0.13143 0.59524 0.16545 0.57170 1.00000 0.27273 1.00000 1.00000 0.52976 0.52621
75.00000 72.00000 0.34884 0.46154 1.00000 1.00000 0.29274 0.24056 0.19438 1.00000 0.75000 0.15374 0.59412 0.13421 0.33333 0.17714 0.14315 0.59524 0.15487 0.50604 1.00000 0.36364 1.00000 1.00000 0.41667 0.55293
75.00000 73.00000 0.44186 0.61538 1.00000 1.00000 0.27869 0.34958 0.19095 1.00000 0.75000 0.13985 0.59412 0.12640 0.33333 0.28000 0.15079 0.60119 0.13365 0.53308 1.00000 0.18182 1.00000 1.00000 0.50000 0.46284
75.00000 74.00000 0.45349 0.38462 1.00000 1.00000 0.13349 0.35800 0.32418 1.00000 0.75000 0.14511 0.59412 0.10477 0.33333 0.20571 0.14111 0.60714 0.17949 0.55963 1.00000 0.27273 1.00000 1.00000 0.46429 0.47435
75.00000 75.00000 0.44186 0.07692 1.00000 1.00000 0.17330 0.44236 0.29017 1.00000 0.75000 0.14703 0.63529 0.14679 0.33333 0.14857 0.18034 0.62500 0.16744 0.49421 1.00000 0.18182 1.00000 1.00000 0.44048 0.52138
75.00000 76.00000 0.43023 0.53846 1.00000 1.00000 0.33255 0.32903 0.23838 1.00000 0.75000 0.14511 0.60000 0.14207 0.33333 0.13714 0.12837 0.60119 0.18044 0.59271 1.00000 0.36364 1.00000 1.00000 0.43452 0.41850
75.00000 77.00000 0.75581 0.61538 1.00000 1.00000 0.18970 0.35369 0.34509 1.00000 0.81250 0.14943 0.61176 0.12326 0.33333 0.30286 0.14875 0.59524 0.19133 0.51980 1.00000 0.36364 1.00000 1.00000 0.37500 0.53048
75.00000 78.00000 0.53488 0.38462 1.00000 1.00000 0.17330 0.33333 0.25913 1.00000 0.75000 0.16284 0.64118 0.16384 0.33333 0.27429 0.15028 0.64881 0.17703 0.46692 1.00000 0.36364 1.00000 1.00000 0.37500 0.45310
75.00000 79.00000 0.30233 0.07692 1.00000 1.00000 0.21311 0.43629 0.33339 1.00000 0.81250 0.18630 0.60588 0.16638 0.33333 0.28000 0.19154 0.64286 0.16849 0.56881 1.00000 0.45455 1.00000 1.00000 0.53571 0.45848
75.00000 80.00000 0.59884 0.23077 1.00000 1.00000 0.31616 0.34606 0.11388 1.00000 0.75000 0.15613 0.58824 0.12137 0.33333 0.21714 0.12787 0.61310 0.16357 0.56325 1.00000 0.36364 1.00000 1.00000 0.50000 0.45394
75.00000 81.00000 0.49419 0.76923 1.00000 1.00000 0.21780 0.27403 0.22527 1.00000 0.75000 0.15996 0.62941 0.09396 0.33333 0.20000 0.16505 0.63095 0.17944 0.53815 1.00000 0.36364 1.00000 1.00000 0.52381 0.45069
75.00000 82.00000 0.47093 0.38462 1.00000 1.00000 0.14988 0.29908 0.20203 1.00000 0.75000 0.17241 0.62353 0.15159 0.33333 0.22286 0.17575 0.59524 0.14712 0.52583 1.00000 0.27273 1.00000 1.00000 0.53571 0.61629
75.00000 83.00000 0.51163 0.46154 1.00000 1.00000 0.24122 0.30339 0.22106 1.00000 0.75000 0.12835 0.60588 0.09618 0.33333 0.18857 0.16353 0.58929 0.19044 0.61420 1.00000 0.27273 1.00000 1.00000 0.52976 0.44800
75.00000 84.00000 0.46512 0.76923 1.00000 1.00000 0.13583 0.25895 0.27473 1.00000 0.75000 0.16906 0.62941 0.13320 0.33333 0.17714 0.16760 0.60714 0.19605 0.49638 1.00000 0.27273 1.00000 1.00000 0.52381 0.45218
75.00000 85.00000 0.50581 0.15385 1.00000 1.00000 0.31850 0.32942 0.23105 1.00000 0.81250 0.18151 0.61176 0.14480 0.33333 0.17714 0.16709 0.60714 0.18630 0.51183 1.00000 0.27273 1.00000 1.00000 0.56548 0.44670
75.00000 86.00000 0.48837 0.46154 1.00000 1.00000 0.09133 0.35310 0.26755 1.00000 0.75000 0.14176 0.61176 0.16389 0.33333 0.26857 0.16149 0.60714 0.19102 0.57943 1.00000 0.18182 1.00000 1.00000 0.55952 0.44225
75.00000 87.00000 0.69186 0.53846 1.00000 1.00000 0.13115 0.33431 0.28502 1.00000 0.75000 0.13937 0.59412 0.09068 0.33333 0.15429 0.11666 0.60119 0.18437 0.51931 1.00000 0.36364 1.00000 1.00000 0.45833 0.50821
75.00000 88.00000 0.32558 0.46154 1.00000 1.00000 0.20609 0.39068 0.23417 1.00000 0.75000 0.18487 0.58235 0.13856 0.33333 0.18286 0.15130 0.59524 0.17347 0.48672 1.00000 0.09091 1.00000 1.00000 0.44048 0.45969
75.00000 89.00000 0.29651 0.07692 1.00000 1.00000 0.23419 0.36857 0.33947 1.00000 0.75000 0.16140 0.60588 0.12409 0.33333 0.20000 0.12837 0.58929 0.14434 0.57195 1.00000 0.18182 1.00000 1.00000 0.47024 0.45756
75.00000 90.00000 0.33721 0.46154 1.00000 1.00000 0.31616 0.24251 0.20905 1.00000 0.75000 0.14464 0.62353 0.13412 0.33333 0.28000 0.18900 0.63095 0.12768 0.60406 1.00000 0.18182 1.00000 1.00000 0.42262 0.43427
75.00000 91.00000 0.53488 0.23077 1.00000 1.00000 0.19906 0.30006 0.09750 1.00000 0.75000 0.15900 0.61176 0.14304 0.33333 0.09714 0.12379 0.59524 0.14942 0.56156 1.00000 0.27273 1.00000 1.00000 0.44048 0.43909
75.00000 92.00000 0.35465 0.07692 1.00000 1.00000 0.38876 0.29125 0.28237 1.00000 0.75000 0.18103 0.61176 0.13971 0.33333 0.22857 0.18288 0.59524 0.19710 0.51086 1.00000 0.09091 1.00000 1.00000 0.43452 0.43882
75.00000 93.00000 0.43023 0.23077 1.00000 1.00000 0.28571 0.34273 0.19579 1.00000 0.75000 0.14847 0.61765 0.11129 0.33333 0.22286 0.14926 0.58333 0.15901 0.58547 1.00000 0.27273 1.00000 1.00000 0.47024 0.56629
75.00000 94.00000 0.64535 0.53846 1.00000 1.00000 0.31382 0.16031 0.25226 1.00000 0.75000 0.16475 0.58824 0.10635 0.33333 0.16571 0.16251 0.61905 0.17970 0.53646 1.00000 0.18182 1.00000 1.00000 0.45238 0.43520
75.00000 95.00000 0.31395 0.46154 1.00000 1.00000 0.12412 0.24134 0.25647 1.00000 0.75000 0.15326 0.60588 0.15178 0.33333 0.16000 0.17219 0.60714 0.16917 0.60526 1.00000 0.36364 1.00000 1.00000 0.46429 0.47054
75.00000 96.00000 0.61628 0.07692 1.00000 1.00000 0.34895 0.21296 0.37707 1.00000 0.75000 0.15709 0.59412 0.16047 0.33333 0.20571 0.16403 0.63095 0.14722 0.56205 1.00000 0.27273 1.00000 1.00000 0.51190 0.45320
75.00000 97.00000 0.45930 0.61538 1.00000 1.00000 0.12646 0.24427 0.22200 1.00000 0.75000 0.18391 0.58235 0.15284 0.33333 0.29143 0.19613 0.60714 0.18798 0.48696 1.00000 0.36364 1.00000 1.00000 0.47619 0.51118
75.00000 98.00000 0.48256 0.53846 1.00000 1.00000 0.32553 0.36034 0.26864 1.00000 0.75000 0.15661 0.62353 0.15256 0.33333 0.14286 0.17015 0.61310 0.15330 0.58619 1.00000 0.27273 1.00000 1.00000 0.44048 0.45496
75.00000 99.00000 0.61628 0.38462 1.00000 1.00000 0.34895 0.34547 0.20905 1.00000 0.75000 0.22031 0.64118 0.14651 0.33333 0.21143 0.18441 0.61905 0.21051 0.58885 1.00000 0.18182 1.00000 1.00000 0.51786 0.55719
75.00000 100.00000 0.41860 0.76923 1.00000 1.00000 0.32787 0.48444 0.19329 1.00000 0.75000 0.13793 0.58235 0.14799 0.33333 0.28000 0.17015 0.63095 0.18175 0.53646 1.00000 0.18182 1.00000 1.00000 0.50595 0.46748
75.00000 101.00000 0.62209 0.23077 1.00000 1.00000 0.26932 0.33862 0.23947 1.00000 0.75000 0.15900 0.60588 0.12442 0.33333 0.22286 0.16607 0.60714 0.17787 0.58547 1.00000 0.27273 1.00000 1.00000 0.42857 0.42796
75.00000 102.00000 0.30814 0.23077 1.00000 1.00000 0.30211 0.33842 0.27098 1.00000 0.75000 0.15278 0.61176 0.16481 0.33333 0.22857 0.18288 0.57738 0.18573 0.53766 1.00000 0.18182 1.00000 1.00000 0.48214 0.50969
75.00000 103.00000 0.44767 0.53846 1.00000 1.00000 0.38642 0.28244 0.32793 1.00000 0.81250 0.15948 0.62353 0.16398 0.33333 0.21143 0.18441 0.58929 0.14340 0.50724 1.00000 0.27273 1.00000 1.00000 0.48810 0.48752
75.00000 104.00000 0.39535 0.15385 1.00000 1.00000 0.27635 0.29751 0.29548 1.00000 0.81250 0.21887 0.62941 0.13754 0.33333 0.18286 0.20020 0.61905 0.18321 0.51907 1.00000 0.18182 1.00000 1.00000 0.41667 0.44308
75.00000 105.00000 0.34302 0.76923 1.00000 1.00000 0.25995 0.41691 0.27878 1.00000 0.75000 0.13554 0.62941 0.12932 0.33333 0.10857 0.15130 0.60119 0.16949 0.58353 1.00000 0.09091 1.00000 1.00000 0.42857 0.44318
75.00000 106.00000 0.61047 0.07692 1.00000 1.00000 0.29977 0.26346 0.23105 1.00000 0.75000 0.17289 0.62941 0.13417 0.33333 0.29143 0.17219 0.63690 0.15634 0.48889 1.00000 0.27273 1.00000 1.00000 0.47024 0.41330
75.00000 107.00000 0.63953 0.15385 1.00000 1.00000 0.52459 0.24819 0.36396 1.00000 0.75000 0.18870 0.64706 0.15547 0.33333 0.26857 0.14366 0.61310 0.17672 0.55480 1.00000 0.27273 1.00000 1.00000 0.52381 0.55961
75.00000 108.00000 0.36628 0.30769 1.00000 1.00000 0.17330 0.42866 0.24259 1.00000 0.75000 0.17146 0.62941 0.15991 0.33333 0.12571 0.16251 0.61905 0.20710 0.49662 1.00000 0.09091 1.00000 1.00000 0.56548 0.40941
75.00000 109.00000 0.63372 0.53846 1.00000 1.00000 0.20375 0.29986 0.30796 1.00000 0.81250 0.22222 0.62353 0.16023 0.33333 0.21714 0.15741 0.60119 0.18389 0.58281 1.00000 0.36364 1.00000 1.00000 0.43452 0.47991
75.00000 110.00000 0.43023 0.46154 1.00000 1.00000 0.18267 0.33784 0.16583 1.00000 0.75000 0.17864 0.61765 0.14318 0.33333 0.20571 0.14824 0.61905 0.17776 0.55384 1.00000 0.09091 1.00000 1.00000 0.49405 0.44986
75.00000 111.00000 0.56977 0.07692 1.00000 1.00000 0.22717 0.44608 0.29532 1.00000 0.75000 0.14847 0.62353 0.14300 0.33333 0.21714 0.18645 0.58333 0.18929 0.55939 1.00000 0.18182 1.00000 1.00000 0.45238 0.42889
75.00000 112.00000 0.42442 0.46154 1.00000 1.00000 0.27869 0.35995 0.23557 1.00000 0.75000 0.13075 0.63529 0.15825 0.33333 0.12571 0.18390 0.61905 0.20590 0.57895 1.00000 0.18182 1.00000 1.00000 0.58929 0.48242
75.00000 113.00000 0.44767 0.61538 1.00000 1.00000 0.27166 0.30671 0.24477 1.00000 0.75000 0.18870 0.62941 0.19707 0.33333 0.28571 0.19969 0.60714 0.21198 0.50990 1.00000 0.27273 1.00000 1.00000 0.52381 0.33834
75.00000 114.00000 0.16860 0.53846 1.00000 1.00000 0.31382 0.57232 0.26661 1.00000 0.81250 0.17625 0.62353 0.13338 0.33333 0.24000 0.19052 0.63095 0.20538 0.58015 1.00000 0.27273 1.00000 1.00000 0.52976 0.49031
75.00000 115.00000 0.36047 0.76923 1.00000 1.00000 0.31616 0.29203 0.33073 1.00000 0.75000 0.18534 0.64118 0.18200 0.33333 0.25143 0.22058 0.58929 0.18452 0.57798 1.00000 0.27273 1.00000 1.00000 0.55952 0.51350
75.00000 116.00000 0.40698 0.76923 1.00000 1.00000 0.31148 0.20317 0.33354 1.00000 0.75000 0.18678 0.62353 0.15182 0.33333 0.29714 0.18288 0.58929 0.19490 0.52366 1.00000 0.18182 1.00000 1.00000 0.43452 0.46368
75.00000 117.00000 0.43605 0.15385 1.00000 1.00000 0.19438 0.28714 0.24462 1.00000 0.75000 0.18151 0.61765 0.17110 0.33333 0.20000 0.18543 0.61905 0.20789 0.48720 1.00000 0.18182 1.00000 1.00000 0.49405 0.45236
75.00000 118.00000 0.54651 0.69231 1.00000 1.00000 0.35597 0.34958 0.29766 1.00000 0.68750 0.12979 0.60588 0.14900 0.33333 0.29714 0.15690 0.59524 0.19154 0.50386 1.00000 0.18182 1.00000 1.00000 0.41667 0.45876
75.00000 119.00000 0.27907 0.30769 1.00000 1.00000 0.29977 0.32159 0.33354 1.00000 0.75000 0.21264 0.65294 0.18769 0.33333 0.19429 0.19052 0.63690 0.16624 0.59054 1.00000 0.09091 1.00000 1.00000 0.48810 0.45886
75.00000 120.00000 0.45930 0.76923 1.00000 1.00000 0.28571 0.21257 0.33900 1.00000 0.75000 0.17529 0.64706 0.16707 0.33333 0.21143 0.19460 0.58929 0.16938 0.56567 1.00000 0.36364 1.00000 1.00000 0.55952 0.48539
75.00000 121.00000 0.32558 0.15385 1.00000 1.00000 0.21780 0.31200 0.32855 1.00000 0.75000 0.18199 0.60000 0.13195 0.33333 0.27429 0.17371 0.61905 0.18887 0.52607 1.00000 0.45455 1.00000 1.00000 0.46429 0.60052
75.00000 122.00000 0.45930 0.76923 1.00000 1.00000 0.32787 0.34997 0.26583 1.00000 0.75000 0.20163 0.66471 0.13634 0.33333 0.22286 0.18594 0.60714 0.17845 0.57243 1.00000 0.18182 1.00000 1.00000 0.48214 0.42082
75.00000 123.00000 0.68023 0.07692 1.00000 1.00000 0.25059 0.29869 0.21919 1.00000 0.75000 0.20785 0.61765 0.13800 0.33333 0.26857 0.17677 0.60119 0.18269 0.52414 1.00000 0.18182 1.00000 1.00000 0.50000 0.39521
75.00000 124.00000 0.44186 0.76923 1.00000 1.00000 0.30913 0.39205 0.33588 1.00000 0.75000 0.22701 0.60000 0.09988 0.33333 0.22286 0.21651 0.58333 0.17211 0.48358 1.00000 0.27273 1.00000 1.00000 0.53571 0.51916
75.00000 125.00000 0.55233 0.76923 1.00000 1.00000 0.33255 0.34703 0.27301 1.00000 0.75000 0.17529 0.61765 0.14170 0.33333 0.29714 0.20785 0.60119 0.20097 0.59536 1.00000 0.18182 1.00000 1.00000 0.51190 0.55849
75.00000 126.00000 0.40116 0.61538 1.00000 1.00000 0.31148 0.25837 0.40983 1.00000 0.75000 0.21648 0.56471 0.11416 0.33333 0.24000 0.17983 0.61310 0.17934 0.49734 1.00000 0.18182 1.00000 1.00000 0.36905 0.45227
75.00000 127.00000 0.55233 0.07692 1.00000 1.00000 0.30445 0.42885 0.31513 1.00000 0.81250 0.21983 0.60588 0.15561 0.33333 0.19429 0.20835 0.61905 0.18369 0.54201 1.00000 0.27273 1.00000 1.00000 0.50000 0.48632
75.00000 128.00000 0.44186 0.69231 1.00000 1.00000 0.34895 0.37052 0.17395 1.00000 0.75000 0.17098 0.62941 0.15215 0.33333 0.30857 0.20835 0.61310 0.19175 0.53211 1.00000 0.09091 1.00000 1.00000 0.49405 0.49179
75.00000 129.00000 0.45930 0.76923 1.00000 1.00000 0.23419 0.18458 0.41591 1.00000 0.75000 0.17002 0.62941 0.17026 0.33333 0.20000 0.20683 0.63690 0.21151 0.47972 1.00000 0.27273 1.00000 1.00000 0.38690 0.49977
75.00000 130.00000 0.44186 0.15385 1.00000 1.00000 0.35363 0.19906 0.32574 1.00000 0.75000 0.24234 0.62353 0.17766 0.33333 0.17714 0.19307 0.64286 0.18919 0.59271 1.00000 0.45455 1.00000 1.00000 0.52976 0.48669
75.00000 131.00000 0.45930 0.30769 1.00000 1.00000 0.22951 0.26815 0.22168 1.00000 0.75000 0.22079 0.63529 0.15136 0.33333 0.24571 0.19766 0.62500 0.19060 0.57846 1.00000 0.18182 1.00000 1.00000 0.50595 0.52983
75.00000 132.00000 0.50000 0.15385 1.00000 1.00000 0.19438 0.31063 0.33463 1.00000 0.75000 0.20977 0.64706 0.15829 0.33333 0.25714 0.19002 0.60714 0.19689 0.51762 1.00000 0.09091 1.00000 1.00000 0.45238 0.47964
75.00000 133.00000 0.65698 0.76923 1.00000 1.00000 0.27166 0.30260 0.36069 1.00000 0.75000 0.20402 0.64118 0.16573 0.33333 0.16571 0.22313 0.61905 0.20606 0.55094 1.00000 0.18182 1.00000 1.00000 0.54167 0.51730
75.00000 134.00000 0.37209 0.61538 1.00000 1.00000 0.27635 0.41867 0.16552 1.00000 0.75000 0.20785 0.63529 0.15441 0.33333 0.25143 0.18900 0.59524 0.17132 0.58184 1.00000 0.27273 1.00000 1.00000 0.57738 0.49420
75.00000 135.00000 0.42442 0.76923 1.00000 1.00000 0.15925 0.37385 0.26240 1.00000 0.75000 0.17433 0.64118 0.13939 0.33333 0.36000 0.16811 0.60714 0.17672 0.57919 1.00000 0.27273 1.00000 1.00000 0.52976 0.51489
75.00000 136.00000 0.32558 0.15385 1.00000 1.00000 0.49180 0.43531 0.31404 1.00000 0.75000 0.19349 0.63529 0.13662 0.33333 0.22286 0.20683 0.61310 0.23073 0.56615 1.00000 0.09091 1.00000 1.00000 0.48214 0.39846
75.00000 137.00000 0.55814 0.38462 1.00000 1.00000 0.25527 0.35897 0.25023 1.00000 0.75000 0.25623 0.64118 0.17063 0.33333 0.23429 0.23179 0.63095 0.19291 0.48576 1.00000 0.18182 1.00000 1.00000 0.54167 0.56360
75.00000 138.00000 0.64535 0.07692 1.00000 1.00000 0.30445 0.24643 0.29173 1.00000 0.75000 0.19444 0.62941 0.12543 0.33333 0.18286 0.18543 0.62500 0.17714 0.50555 1.00000 0.18182 1.00000 1.00000 0.55952 0.46962
75.00000 139.00000 0.52326 0.30769 1.00000 1.00000 0.23888 0.48503 0.34415 1.00000 0.75000 0.21121 0.61765 0.14919 0.33333 0.25714 0.19562 0.63690 0.16624 0.57750 1.00000 0.27273 1.00000 1.00000 0.59524 0.43390
75.00000 140.00000 0.51163 0.23077 1.00000 1.00000 0.32319 0.40654 0.37129 1.00000 0.75000 0.22510 0.61176 0.13884 0.33333 0.26286 0.23688 0.60119 0.20611 0.53742 1.00000 0.27273 1.00000 1.00000 0.45833 0.43037
75.00000 141.00000 0.30814 0.23077 1.00000 1.00000 0.27869 0.50910 0.26240 1.00000 0.81250 0.23132 0.65882 0.13278 0.33333 0.25143 0.23943 0.63095 0.19725 0.47779 1.00000 0.45455 1.00000 1.00000 0.57143 0.46962
75.00000 142.00000 0.36047 0.30769 1.00000 1.00000 0.37237 0.42572 0.32200 1.00000 0.75000 0.21408 0.61176 0.14383 0.33333 0.17714 0.19613 0.58333 0.21088 0.54611 1.00000 0.27273 1.00000 1.00000 0.57738 0.42286
75.00000 143.00000 0.44186 0.07692 1.00000 1.00000 0.28806 0.36328 0.40390 1.00000 0.75000 0.19875 0.60000 0.19661 0.33333 0.19429 0.18747 0.60714 0.17855 0.65451 1.00000 0.36364 1.00000 1.00000 0.47619 0.49986
75.00000 144.00000 0.44767 0.46154 1.00000 1.00000 0.31616 0.31102 0.23214 1.00000 0.81250 0.22605 0.63529 0.16823 0.33333 0.25714 0.28171 0.63690 0.19359 0.49034 1.00000 0.27273 1.00000 1.00000 0.59524 0.54346
75.00000 145.00000 0.68605 0.30769 1.00000 1.00000 0.13583 0.41965 0.34337 1.00000 0.75000 0.23515 0.61765 0.16315 0.33333 0.24000 0.21905 0.58333 0.20522 0.51859 1.00000 0.36364 1.00000 1.00000 0.45833 0.47732
75.00000 146.00000 0.26744 0.38462 1.00000 1.00000 0.27166 0.44412 0.26209 1.00000 0.75000 0.22605 0.65882 0.18991 0.33333 0.22857 0.19969 0.61310 0.21643 0.47513 1.00000 0.27273 1.00000 1.00000 0.44643 0.48891
75.00000 147.00000 0.55814 0.76923 1.00000 1.00000 0.28806 0.37542 0.35647 1.00000 0.75000 0.24856 0.65882 0.16846 0.33333 0.22286 0.21447 0.61310 0.18342 0.51400 1.00000 0.27273 1.00000 1.00000 0.44643 0.55988
75.00000 148.00000 0.63953 0.30769 1.00000 1.00000 0.20375 0.38912 0.28518 1.00000 0.75000 0.22941 0.65882 0.14512 0.33333 0.25714 0.24198 0.63690 0.19212 0.50652 1.00000 0.36364 1.00000 1.00000 0.50000 0.49986
75.00000 149.00000 0.55233 0.53846 1.00000 1.00000 0.39344 0.38403 0.21654 1.00000 0.75000 0.23611 0.65294 0.17609 0.33333 0.30857 0.26184 0.66667 0.20317 0.54635 1.00000 0.36364 1.00000 1.00000 0.51786 0.50469
75.00000 150.00000 0.68023 0.07692 1.00000 1.00000 0.24356 0.49892 0.32871 1.00000 0.75000 0.20259 0.65294 0.18889 0.33333 0.16571 0.24503 0.63095 0.18630 0.53646 1.00000 0.45455 1.00000 1.00000 0.44643 0.54884
75.00000 151.00000 0.69186 0.15385 1.00000 1.00000 0.35831 0.39597 0.31903 1.00000 0.75000 0.22797 0.63529 0.18260 0.33333 0.17714 0.23943 0.64881 0.19825 0.57146 1.00000 0.27273 1.00000 1.00000 0.50595 0.59866
75.00000 152.00000 0.56977 0.38462 1.00000 1.00000 0.21546 0.24545 0.35039 1.00000 0.75000 0.22462 0.65294 0.18764 0.33333 0.16000 0.21854 0.63690 0.21287 0.55577 1.00000 0.18182 1.00000 1.00000 0.52381 0.45190
75.00000 153.00000 0.44767 0.69231 1.00000 1.00000 0.22248 0.32257 0.45257 1.00000 0.75000 0.23372 0.60588 0.17419 0.33333 0.32000 0.21396 0.62500 0.21491 0.53670 1.00000 0.36364 1.00000 1.00000 0.45238 0.55135
75.00000 154.00000 0.54070 0.38462 1.00000 1.00000 0.38642 0.26541 0.25663 1.00000 0.75000 0.22031 0.62941 0.16874 0.33333 0.31429 0.22466 0.60714 0.22759 0.48793 1.00000 0.45455 1.00000 1.00000 0.55357 0.48029
75.00000 155.00000 0.47674 0.30769 1.00000 1.00000 0.30679 0.36171 0.30000 1.00000 0.75000 0.26389 0.62353 0.17267 0.33333 0.14857 0.24452 0.63095 0.19060 0.54394 1.00000 0.27273 1.00000 1.00000 0.51190 0.46442
75.00000 156.00000 0.50581 0.61538 1.00000 1.00000 0.36300 0.44236 0.27441 1.00000 0.75000 0.27203 0.61765 0.19143 0.33333 0.30857 0.25777 0.61310 0.21989 0.49493 1.00000 0.27273 1.00000 1.00000 0.56548 0.46730
75.00000 157.00000 0.44767 0.61538 1.00000 1.00000 0.38642 0.37972 0.22855 1.00000 0.75000 0.23898 0.62353 0.14059 0.33333 0.24571 0.24962 0.65476 0.20401 0.47924 1.00000 0.36364 1.00000 1.00000 0.52381 0.39345
75.00000 158.00000 0.67442 0.07692 1.00000 1.00000 0.26698 0.45821 0.29532 1.00000 0.75000 0.24904 0.62941 0.19333 0.33333 0.20000 0.26083 0.62500 0.23849 0.45630 1.00000 0.18182 1.00000 1.00000 0.42857 0.52482
75.00000 159.00000 0.55814 0.76923 1.00000 1.00000 0.34895 0.27187 0.28253 1.00000 0.75000 0.23898 0.66471 0.15843 0.33333 0.41143 0.28018 0.62500 0.22041 0.44061 1.00000 0.27273 1.00000 1.00000 0.47619 0.53614
75.00000 160.00000 0.28488 0.15385 1.00000 1.00000 0.31850 0.49325 0.32418 1.00000 0.75000 0.23180 0.66471 0.19189 0.33333 0.21714 0.29547 0.64881 0.21910 0.44471 1.00000 0.27273 1.00000 1.00000 0.50595 0.49281
75.00000 161.00000 0.37791 0.69231 1.00000 1.00000 0.36534 0.53279 0.35694 1.00000 0.75000 0.26341 0.61765 0.18635 0.33333 0.30857 0.26490 0.62500 0.21627 0.53694 1.00000 0.45455 1.00000 1.00000 0.57738 0.51489
75.00000 162.00000 0.52907 0.15385 1.00000 1.00000 0.26698 0.47544 0.37894 1.00000 0.81250 0.28927 0.64706 0.21186 0.33333 0.28000 0.26032 0.66071 0.19500 0.53935 1.00000 0.18182 1.00000 1.00000 0.57143 0.49513
75.00000 163.00000 0.58140 0.38462 1.00000 1.00000 0.34426 0.24016 0.28736 1.00000 0.75000 0.27586 0.64706 0.16634 0.33333 0.37714 0.24809 0.65476 0.20344 0.44375 1.00000 0.36364 1.00000 1.00000 0.67857 0.58762
75.00000 164.00000 0.61628 0.53846 1.00000 1.00000 0.32553 0.38638 0.25944 1.00000 0.75000 0.26197 0.64118 0.23686 0.33333 0.25143 0.23637 0.66667 0.22413 0.56374 1.00000 0.45455 1.00000 1.00000 0.49405 0.51860
75.00000 165.00000 0.36628 0.07692 1.00000 1.00000 0.31616 0.33372 0.46646 1.00000 0.75000 0.25239 0.65294 0.18219 0.33333 0.20000 0.25369 0.61905 0.21523 0.56808 1.00000 0.18182 1.00000 1.00000 0.47619 0.52630
75.00000 166.00000 0.20930 0.69231 1.00000 1.00000 0.30679 0.48463 0.34540 1.00000 0.75000 0.24952 0.63529 0.19850 0.33333 0.31429 0.23383 0.67262 0.22450 0.46886 1.00000 0.36364 1.00000 1.00000 0.51786 0.46971
75.00000 167.00000 0.43023 0.23077 1.00000 1.00000 0.34895 0.30221 0.23323 1.00000 0.75000 0.26054 0.65294 0.17419 0.33333 0.22286 0.27509 0.63690 0.20061 0.47030 1.00000 0.27273 1.00000 1.00000 0.48214 0.45607
75.00000 168.00000 0.47093 0.07692 1.00000 1.00000 0.28103 0.32257 0.22184 1.00000 0.75000 0.24090 0.65882 0.18034 0.33333 0.33143 0.26847 0.64881 0.23073 0.49807 1.00000 0.63636 1.00000 1.00000 0.45833 0.50738
75.00000 169.00000 0.37791 0.53846 1.00000 1.00000 0.31382 0.38853 0.23058 1.00000 0.75000 0.23276 0.66471 0.17331 0.33333 0.36000 0.27509 0.66071 0.20244 0.55891 1.00000 0.45455 1.00000 1.00000 0.55952 0.40152
75.00000 170.00000 0.59302 0.07692 1.00000 1.00000 0.32787 0.44255 0.33105 1.00000 0.75000 0.24473 0.65294 0.20188 0.33333 0.29714 0.25013 0.65476 0.20857 0.43747 1.00000 0.18182 1.00000 1.00000 0.44048 0.51953
75.00000 171.00000 0.44767 0.38462 1.00000 1.00000 0.36066 0.46252 0.27051 1.00000 0.75000 0.26197 0.70000 0.15238 0.33333 0.34857 0.31381 0.67857 0.21082 0.50169 1.00000 0.18182 1.00000 1.00000 0.55952 0.49327
75.00000 172.00000 0.36628 0.30769 1.00000 1.00000 0.36066 0.47641 0.33292 1.00000 0.75000 0.26437 0.65882 0.16842 0.33333 0.29143 0.27050 0.67262 0.22591 0.49324 1.00000 0.36364 1.00000 1.00000 0.52381 0.54022
75.00000 173.00000 0.47093 0.15385 1.00000 1.00000 0.21311 0.39518 0.09844 1.00000 0.75000 0.25144 0.66471 0.18279 0.33333 0.25714 0.26898 0.63690 0.19181 0.55287 1.00000 0.18182 1.00000 1.00000 0.63690 0.56694
75.00000 174.00000 0.48837 0.38462 1.00000 1.00000 0.26464 0.42670 0.41154 1.00000 0.75000 0.27490 0.61176 0.17465 0.33333 0.37714 0.25369 0.64881 0.21779 0.44882 1.00000 0.36364 1.00000 1.00000 0.47619 0.49411
75.00000 175.00000 0.44767 0.61538 1.00000 1.00000 0.27400 0.49462 0.45382 1.00000 0.75000 0.29167 0.67647 0.21750 0.33333 0.33143 0.29750 0.65476 0.22507 0.49155 1.00000 0.27273 1.00000 1.00000 0.53571 0.59551
75.00000 176.00000 0.58721 0.15385 1.00000 1.00000 0.42155 0.41828 0.44353 1.00000 0.75000 0.29837 0.67647 0.23492 0.33333 0.36000 0.32094 0.64286 0.23529 0.49300 1.00000 0.45455 1.00000 1.00000 0.50595 0.46850
75.00000 177.00000 0.28488 0.30769 1.00000 1.00000 0.24356 0.35839 0.29345 1.00000 0.75000 0.24377 0.65882 0.16213 0.33333 0.30857 0.27407 0.64881 0.22759 0.58716 1.00000 0.18182 1.00000 1.00000 0.48810 0.53409
75.00000 178.00000 0.44186 0.23077 1.00000 1.00000 0.31850 0.43433 0.29376 1.00000 0.75000 0.25096 0.65882 0.21325 0.33333 0.27429 0.29241 0.60119 0.23917 0.46354 1.00000 0.27273 1.00000 1.00000 0.45238 0.46980
75.00000 179.00000 0.62791 0.23077 1.00000 1.00000 0.25059 0.56136 0.31685 1.00000 0.81250 0.33046 0.68824 0.20641 0.33333 0.37714 0.30871 0.69048 0.25850 0.38363 1.00000 0.45455 1.00000 1.00000 0.54167 0.54374
75.00000 180.00000 0.59884 0.53846 1.00000 1.00000 0.21546 0.30769 0.32699 1.00000 0.75000 0.30556 0.67647 0.21542 0.33333 0.28000 0.29547 0.65476 0.21481 0.48889 1.00000 0.27273 1.00000 1.00000 0.55952 0.43241
75.00000 181.00000 0.67442 0.07692 1.00000 1.00000 0.17799 0.29751 0.46537 1.00000 0.75000 0.29693 0.67647 0.17290 0.33333 0.38286 0.29241 0.66071 0.20805 0.50700 1.00000 0.45455 1.00000 1.00000 0.54167 0.50487
75.00000 182.00000 0.43605 0.15385 1.00000 1.00000 0.30679 0.49286 0.38768 1.00000 0.75000 0.33046 0.66471 0.20715 0.33333 0.32571 0.34692 0.66667 0.25106 0.48455 1.00000 0.36364 1.00000 1.00000 0.60714 0.51749
75.00000 183.00000 0.52326 0.46154 1.00000 1.00000 0.42623 0.34860 0.36505 1.00000 0.75000 0.31801 0.66471 0.19730 0.33333 0.34286 0.34386 0.63095 0.21109 0.34742 1.00000 0.18182 1.00000 1.00000 0.65476 0.53938
75.00000 184.00000 0.38953 0.07692 1.00000 1.00000 0.25293 0.45841 0.35367 1.00000 0.75000 0.28927 0.68824 0.20807 0.33333 0.22286 0.31992 0.66071 0.22282 0.39981 1.00000 0.27273 1.00000 1.00000 0.45833 0.63188
75.00000 185.00000 0.47674 0.76923 1.00000 1.00000 0.31850 0.40380 0.44758 1.00000 0.75000 0.32663 0.64706 0.19915 0.33333 0.31429 0.30515 0.66667 0.24498 0.52945 1.00000 0.45455 1.00000 1.00000 0.55952 0.51266
75.00000 186.00000 0.66279 0.38462 1.00000 1.00000 0.40281 0.41750 0.31513 1.00000 0.75000 0.30891 0.68235 0.19721 0.33333 0.41143 0.30362 0.66071 0.22932 0.49034 1.00000 0.36364 1.00000 1.00000 0.61905 0.49587
75.00000 187.00000 0.44186 0.30769 1.00000 1.00000 0.44262 0.46232 0.27410 1.00000 0.75000 0.33621 0.70000 0.19277 0.33333 0.42286 0.32399 0.65476 0.22513 0.42926 1.00000 0.45455 1.00000 1.00000 0.61905 0.48390
75.00000 188.00000 0.62209 0.15385 1.00000 1.00000 0.33021 0.35956 0.29563 1.00000 0.75000 0.36830 0.70000 0.23543 0.33333 0.37714 0.36424 0.66071 0.25368 0.47151 1.00000 0.45455 1.00000 1.00000 0.61310 0.52398
75.00000 189.00000 0.51744 0.76923 1.00000 1.00000 0.31616 0.51478 0.29532 1.00000 0.75000 0.31513 0.72941 0.21158 0.33333 0.51429 0.33775 0.66071 0.26096 0.44906 1.00000 0.36364 1.00000 1.00000 0.51786 0.63568
75.00000 190.00000 0.52326 0.07692 1.00000 1.00000 0.33255 0.45488 0.45179 1.00000 0.75000 0.39416 0.69412 0.20243 0.33333 0.44000 0.35660 0.69048 0.23136 0.49614 1.00000 0.36364 1.00000 1.00000 0.57143 0.54263
75.00000 191.00000 0.47674 0.15385 1.00000 1.00000 0.29274 0.35976 0.35991 1.00000 0.75000 0.33812 0.70588 0.23566 0.33333 0.31429 0.33928 0.67262 0.25263 0.52752 1.00000 0.54545 1.00000 1.00000 0.49405 0.50923
75.00000 192.00000 0.61628 0.23077 1.00000 1.00000 0.35831 0.47798 0.23885 1.00000 0.75000 0.34770 0.68235 0.26302 0.33333 0.41714 0.34488 0.66071 0.25316 0.43409 1.00000 0.27273 1.00000 1.00000 0.60714 0.50765
75.00000 193.00000 0.36047 0.30769 1.00000 1.00000 0.32319 0.49344 0.45304 1.00000 0.75000 0.32471 0.68824 0.19208 0.33333 0.27429 0.33062 0.70238 0.23021 0.40150 1.00000 0.27273 1.00000 1.00000 0.67857 0.53678
75.00000 194.00000 0.55814 0.76923 1.00000 1.00000 0.36066 0.40791 0.32761 1.00000 0.68750 0.31466 0.66471 0.22198 0.33333 0.25143 0.32298 0.67857 0.23508 0.46113 1.00000 0.27273 1.00000 1.00000 0.58333 0.58261
75.00000 195.00000 0.28488 0.30769 1.00000 1.00000 0.39813 0.48659 0.26864 1.00000 0.75000 0.37165 0.69412 0.24814 0.33333 0.28000 0.34080 0.66667 0.26033 0.48503 1.00000 0.36364 1.00000 1.00000 0.54167 0.58048
75.00000 196.00000 0.54070 0.76923 1.00000 1.00000 0.37471 0.45449 0.43261 1.00000 0.75000 0.36542 0.71765 0.23663 0.33333 0.50286 0.33469 0.65476 0.23105 0.48238 1.00000 0.27273 1.00000 1.00000 0.71429 0.65897
75.00000 197.00000 0.55233 0.23077 1.00000 1.00000 0.44028 0.49188 0.34992 1.00000 0.75000 0.37596 0.68235 0.21759 0.33333 0.33143 0.37035 0.67857 0.26500 0.48093 1.00000 0.45455 1.00000 1.00000 0.60714 0.55033
75.00000 198.00000 0.58721 0.38462 1.00000 1.00000 0.34895 0.53044 0.38752 1.00000 0.75000 0.39799 0.71765 0.24611 0.33333 0.32000 0.39022 0.69048 0.27485 0.49638 1.00000 0.45455 1.00000 1.00000 0.61310 0.51146
75.00000 199.00000 0.63372 0.38462 1.00000 1.00000 0.32319 0.30515 0.52527 1.00000 0.75000 0.38697 0.70000 0.25937 0.33333 0.48000 0.41722 0.67857 0.25693 0.45823 1.00000 0.36364 1.00000 1.00000 0.66667 0.65266
75.00000 200.00000 0.32558 0.30769 1.00000 1.00000 0.22951 0.44764 0.39423 1.00000 0.75000 0.41236 0.72941 0.23843 0.33333 0.32571 0.39022 0.70833 0.26840 0.41671 1.00000 0.45455 1.00000 1.00000 0.48810 0.62891
75.00000 201.00000 0.38372 0.46154 1.00000 1.00000 0.27166 0.53063 0.42402 1.00000 0.75000 0.37356 0.68824 0.22360 0.33333 0.46286 0.40448 0.70238 0.26966 0.42878 1.00000 0.45455 1.00000 1.00000 0.60714 0.62779
75.00000 202.00000 0.50581 0.61538 1.00000 1.00000 0.32319 0.45390 0.49407 1.00000 0.75000 0.37404 0.68235 0.23622 0.33333 0.39429 0.37850 0.67857 0.27328 0.48189 1.00000 0.45455 1.00000 1.00000 0.53571 0.59152
75.00000 203.00000 0.65698 0.07692 1.00000 1.00000 0.19906 0.47759 0.35304 1.00000 0.75000 0.42337 0.71765 0.22979 0.33333 0.46857 0.40397 0.69048 0.27768 0.38315 1.00000 0.45455 1.00000 1.00000 0.44048 0.60275
75.00000 204.00000 0.37791 0.69231 1.00000 1.00000 0.43560 0.39362 0.36615 1.00000 0.75000 0.42241 0.72353 0.22133 0.66667 0.42857 0.40295 0.70833 0.26453 0.37953 1.00000 0.45455 1.00000 1.00000 0.57143 0.62882
75.00000 205.00000 0.38372 0.76923 1.00000 1.00000 0.34660 0.57448 0.37332 1.00000 0.75000 0.44923 0.72353 0.27823 0.33333 0.49143 0.43556 0.69048 0.27684 0.41840 1.00000 0.45455 1.00000 1.00000 0.60714 0.59338
75.00000 206.00000 0.49419 0.69231 1.00000 1.00000 0.31616 0.64161 0.50078 1.00000 0.75000 0.42816 0.71176 0.28807 0.33333 0.56571 0.41875 0.71429 0.26222 0.41164 1.00000 0.54545 1.00000 1.00000 0.63690 0.64069
75.00000 207.00000 0.51744 0.61538 1.00000 1.00000 0.40515 0.49677 0.32637 1.00000 0.75000 0.39751 0.72353 0.26140 0.33333 0.49143 0.42944 0.69643 0.29198 0.45123 1.00000 0.45455 1.00000 1.00000 0.62500 0.60831
75.00000 208.00000 0.61047 0.53846 1.00000 1.00000 0.39344 0.57232 0.44524 1.00000 0.75000 0.43487 0.74118 0.24158 0.33333 0.41714 0.41314 0.70833 0.26301 0.41960 1.00000 0.36364 1.00000 1.00000 0.65476 0.52268
75.00000 209.00000 0.45930 0.07692 1.00000 1.00000 0.47541 0.40321 0.41482 1.00000 0.75000 0.45019 0.71176 0.24338 0.66667 0.43429 0.44524 0.69643 0.29538 0.39570 1.00000 0.36364 1.00000 1.00000 0.56548 0.65563
75.00000 210.00000 0.57558 0.07692 1.00000 1.00000 0.39578 0.45684 0.30437 1.00000 0.75000 0.41044 0.70588 0.24426 0.33333 0.41714 0.40245 0.69048 0.29119 0.39739 1.00000 0.27273 1.00000 1.00000 0.70833 0.58493
75.00000 211.00000 0.50000 0.61538 1.00000 1.00000 0.40515 0.57154 0.42652 1.00000 0.81250 0.44875 0.74706 0.26815 0.33333 0.41714 0.45899 0.73214 0.29428 0.41840 1.00000 0.27273 1.00000 1.00000 0.67857 0.57538
75.00000 212.00000 0.34302 0.38462 1.00000 1.00000 0.48244 0.60658 0.54290 1.00000 0.75000 0.45450 0.72353 0.24028 0.66667 0.39429 0.42537 0.73810 0.31681 0.49928 1.00000 0.45455 1.00000 1.00000 0.65476 0.75434
75.00000 213.00000 0.36628 0.30769 1.00000 1.00000 0.46136 0.50538 0.46708 1.00000 0.75000 0.41427 0.72941 0.28216 0.33333 0.41143 0.44626 0.71429 0.27762 0.52366 1.00000 0.27273 1.00000 1.00000 0.61905 0.66194
75.00000 214.00000 0.28488 0.15385 1.00000 1.00000 0.50117 0.56567 0.59220 1.00000 0.75000 0.41762 0.72941 0.30679 0.66667 0.37143 0.44473 0.70833 0.26379 0.41115 1.00000 0.45455 1.00000 1.00000 0.61905 0.61304
75.00000 215.00000 0.47093 0.76923 1.00000 1.00000 0.46136 0.40517 0.63713 1.00000 0.81250 0.47845 0.71765 0.28433 0.66667 0.45714 0.45695 0.74405 0.29015 0.40343 1.00000 0.27273 1.00000 1.00000 0.56548 0.56230
75.00000 216.00000 0.43605 0.76923 1.00000 1.00000 0.40984 0.56528 0.38019 1.00000 0.75000 0.44109 0.75882 0.29047 0.33333 0.47429 0.49109 0.74405 0.29706 0.43192 1.00000 0.36364 1.00000 1.00000 0.67857 0.65591
75.00000 217.00000 0.73837 0.53846 1.00000 1.00000 0.50585 0.39049 0.57067 1.00000 0.75000 0.46025 0.71765 0.31298 0.66667 0.48000 0.45644 0.73214 0.31011 0.43554 1.00000 0.54545 1.00000 1.00000 0.61905 0.57380
75.00000 218.00000 0.48837 0.30769 1.00000 1.00000 0.43326 0.41769 0.50811 1.00000 0.75000 0.47941 0.74118 0.24047 0.33333 0.44571 0.48599 0.74405 0.29402 0.44085 1.00000 0.54545 1.00000 1.00000 0.73810 0.60358
75.00000 219.00000 0.53488 0.46154 1.00000 1.00000 0.50117 0.49873 0.47083 1.00000 0.75000 0.50575 0.74706 0.28964 0.66667 0.52571 0.45848 0.75000 0.28181 0.38605 1.00000 0.36364 1.00000 1.00000 0.76190 0.52482
75.00000 220.00000 0.58721 0.07692 1.00000 1.00000 0.63232 0.54707 0.46552 1.00000 0.75000 0.49042 0.76471 0.27458 0.66667 0.49714 0.49669 0.74405 0.34767 0.45027 1.00000 0.36364 1.00000 1.00000 0.67262 0.70266
75.00000 221.00000 0.45930 0.30769 1.00000 1.00000 0.36066 0.46604 0.54696 1.00000 0.75000 0.46695 0.76471 0.30970 0.66667 0.42286 0.51758 0.77381 0.31582 0.40319 1.00000 0.36364 1.00000 1.00000 0.63690 0.59755
75.00000 222.00000 0.51744 0.38462 1.00000 1.00000 0.38876 0.70855 0.52527 1.00000 0.75000 0.49761 0.75294 0.30651 0.66667 0.55429 0.51299 0.73810 0.31414 0.48358 1.00000 0.45455 1.00000 1.00000 0.61905 0.66175
75.00000 223.00000 0.48256 0.53846 1.00000 1.00000 0.47775 0.53142 0.48409 1.00000 0.75000 0.52395 0.78824 0.26991 0.66667 0.54857 0.51401 0.78571 0.29533 0.38870 1.00000 0.54545 1.00000 1.00000 0.57143 0.61963
75.00000 224.00000 0.41860 0.53846 1.00000 1.00000 0.44262 0.66314 0.42044 1.00000 0.75000 0.53640 0.75882 0.27592 0.66667 0.54857 0.53286 0.77976 0.33599 0.44061 1.00000 0.54545 1.00000 1.00000 0.75595 0.66435
75.00000 225.00000 0.24419 0.15385 1.00000 1.00000 0.34192 0.54864 0.51451 1.00000 0.81250 0.53544 0.74118 0.29496 0.66667 0.57143 0.54407 0.76786 0.33620 0.35587 1.00000 0.45455 1.00000 1.00000 0.57738 0.53845
75.00000 226.00000 0.55814 0.38462 1.00000 1.00000 0.33489 0.51047 0.42933 1.00000 0.75000 0.50048 0.78235 0.30674 0.66667 0.53714 0.51808 0.76190 0.33232 0.38991 1.00000 0.36364 1.00000 1.00000 0.62500 0.56981
75.00000 227.00000 0.44767 0.76923 1.00000 1.00000 0.49415 0.56567 0.46771 1.00000 0.81250 0.55651 0.81765 0.29371 0.66667 0.46857 0.56801 0.78571 0.31184 0.30975 1.00000 0.63636 1.00000 1.00000 0.66071 0.72279
75.00000 228.00000 0.58140 0.15385 1.00000 1.00000 0.40047 0.57702 0.40624 1.00000 0.75000 0.52874 0.78824 0.31058 0.66667 0.51429 0.55935 0.78571 0.34034 0.31144 1.00000 0.54545 1.00000 1.00000 0.68452 0.63076
75.00000 229.00000 0.51744 0.76923 1.00000 1.00000 0.31850 0.41104 0.49906 1.00000 0.75000 0.53831 0.79412 0.31081 0.66667 0.37714 0.56648 0.77976 0.34998 0.34838 1.00000 0.54545 1.00000 1.00000 0.65476 0.65776
75.00000 230.00000 0.43023 0.38462 1.00000 1.00000 0.55035 0.47700 0.57925 1.00000 0.75000 0.57423 0.80588 0.33031 0.66667 0.67429 0.54916 0.78571 0.34018 0.34211 1.00000 0.54545 1.00000 1.00000 0.74405 0.61880
75.00000 231.00000 0.51744 0.69231 1.00000 1.00000 0.45433 0.47015 0.62855 1.00000 0.81250 0.63314 0.80588 0.32865 0.66667 0.48571 0.59246 0.81548 0.34128 0.36432 1.00000 0.45455 1.00000 1.00000 0.67262 0.75202
75.00000 232.00000 0.39535 0.15385 1.00000 1.00000 0.35363 0.54355 0.47207 1.00000 0.75000 0.53831 0.80588 0.31654 0.66667 0.54286 0.57106 0.77976 0.31016 0.40729 1.00000 0.63636 1.00000 1.00000 0.72619 0.67669
75.00000 233.00000 0.77907 0.53846 1.00000 1.00000 0.44496 0.54707 0.60780 1.00000 0.75000 0.60728 0.80000 0.32047 0.66667 0.52571 0.59501 0.79762 0.34809 0.33897 1.00000 0.54545 1.00000 1.00000 0.71429 0.74413
75.00000 234.00000 0.45930 0.23077 1.00000 1.00000 0.50585 0.49305 0.43463 1.00000 0.75000 0.62308 0.80588 0.31257 0.66667 0.47429 0.58482 0.79167 0.36182 0.37301 1.00000 0.63636 1.00000 1.00000 0.67857 0.61017
75.00000 235.00000 0.40698 0.38462 1.00000 1.00000 0.35597 0.62087 0.50577 1.00000 0.81250 0.60632 0.81765 0.34529 0.66667 0.52000 0.63933 0.80357 0.35249 0.29261 1.00000 0.54545 1.00000 1.00000 0.71429 0.70294
75.00000 236.00000 0.41279 0.38462 1.00000 1.00000 0.50351 0.66569 0.50905 1.00000 0.75000 0.62165 0.84118 0.33420 0.66667 0.56000 0.62557 0.82143 0.36742 0.27547 1.00000 0.63636 1.00000 1.00000 0.74405 0.68689
75.00000 237.00000 0.61047 0.61538 1.00000 1.00000 0.40515 0.49971 0.57301 1.00000 0.75000 0.59579 0.81765 0.36433 0.66667 0.55429 0.63474 0.79167 0.34573 0.35466 1.00000 0.63636 1.00000 1.00000 0.70238 0.80833
75.00000 238.00000 0.55814 0.53846 1.00000 1.00000 0.48009 0.38305 0.65491 1.00000 0.75000 0.62213 0.85294 0.35772 0.66667 0.68571 0.62150 0.79167 0.38251 0.31676 1.00000 0.54545 1.00000 1.00000 0.68452 0.74014
75.00000 239.00000 0.50581 0.69231 1.00000 1.00000 0.53630 0.67587 0.51716 1.00000 0.75000 0.59483 0.80000 0.36253 0.66667 0.62857 0.64748 0.80952 0.36260 0.30227 1.00000 0.45455 1.00000 1.00000 0.66071 0.62919
75.00000 240.00000 0.43023 0.46154 1.00000 1.00000 0.48712 0.70092 0.59501 1.00000 0.75000 0.65230 0.82353 0.37588 0.66667 0.52571 0.65359 0.80952 0.36873 0.31845 1.00000 0.63636 1.00000 1.00000 0.72619 0.71194
75.00000 241.00000 0.41860 0.53846 1.00000 1.00000 0.59485 0.62889 0.55507 1.00000 0.75000 0.68487 0.84118 0.33142 0.66667 0.68000 0.68314 0.83333 0.38104 0.30420 1.00000 0.54545 1.00000 1.00000 0.75595 0.73309
75.00000 242.00000 0.58140 0.30769 1.00000 1.00000 0.47073 0.46252 0.69048 1.00000 0.75000 0.65134 0.83529 0.42247 0.66667 0.60000 0.68467 0.85119 0.38660 0.26557 1.00000 0.63636 1.00000 1.00000 0.75595 0.69023
75.00000 243.00000 0.40116 0.69231 1.00000 1.00000 0.55035 0.69485 0.58877 1.00000 0.75000 0.69732 0.82353 0.38342 0.66667 0.76000 0.68467 0.84524 0.38791 0.28223 1.00000 0.63636 1.00000 1.00000 0.69643 0.59690
75.00000 244.00000 0.53488 0.46154 1.00000 1.00000 0.47775 0.67802 0.60967 1.00000 0.81250 0.69205 0.85294 0.39885 0.66667 0.53714 0.70250 0.82738 0.41379 0.21777 1.00000 0.54545 1.00000 1.00000 0.76786 0.70684
75.00000 245.00000 0.50000 0.23077 1.00000 1.00000 0.47541 0.73400 0.55476 1.00000 0.75000 0.70450 0.90588 0.41221 0.66667 0.69143 0.69027 0.83333 0.39074 0.32327 1.00000 0.63636 1.00000 1.00000 0.76786 0.69459
75.00000 246.00000 0.50581 0.46154 1.00000 1.00000 0.50585 0.58368 0.52980 1.00000 0.75000 0.68678 0.85882 0.37676 0.66667 0.70857 0.74172 0.83929 0.40520 0.20932 1.00000 0.72727 1.00000 1.00000 0.77976 0.79970
75.00000 247.00000 0.56395 0.76923 1.00000 1.00000 0.49180 0.68507 0.60749 1.00000 0.75000 0.71552 0.87059 0.44683 0.66667 0.85143 0.74834 0.87500 0.40232 0.22549 1.00000 0.54545 1.00000 1.00000 0.73810 0.78440
75.00000 248.00000 0.43605 0.61538 1.00000 1.00000 0.52225 0.60971 0.70562 1.00000 0.75000 0.74282 0.86471 0.41914 0.66667 0.65714 0.74070 0.87500 0.42904 0.32496 1.00000 0.63636 1.00000 1.00000 0.73214 0.79247
75.00000 249.00000 0.40698 0.53846 1.00000 1.00000 0.57845 0.56234 0.60109 1.00000 0.75000 0.76245 0.87059 0.43495 0.66667 0.73143 0.75548 0.88690 0.36030 0.28778 1.00000 0.72727 1.00000 1.00000 0.76786 0.75109
75.00000 250.00000 0.53488 0.61538 1.00000 1.00000 0.59016 0.60540 0.72793 1.00000 0.81250 0.72941 0.90000 0.43615 0.66667 0.76000 0.78197 0.86905 0.42951 0.26823 1.00000 0.72727 1.00000 1.00000 0.73214 0.72075
75.00000 251.00000 0.33721 0.38462 1.00000 1.00000 0.55738 0.60344 0.60905 1.00000 0.81250 0.77107 0.90588 0.43121 0.66667 0.76000 0.79368 0.90476 0.44942 0.18952 1.00000 0.72727 1.00000 1.00000 0.80357 0.79562
75.00000 252.00000 0.39535 0.07692 1.00000 1.00000 0.59485 0.63535 0.72886 1.00000 0.75000 0.77011 0.90000 0.43379 0.66667 0.76000 0.79012 0.89286 0.43422 0.27933 1.00000 0.72727 1.00000 1.00000 0.75000 0.80063
75.00000 253.00000 0.43023 0.30769 1.00000 1.00000 0.50820 0.56743 0.68768 1.00000 0.81250 0.83621 0.87647 0.44738 0.66667 0.74286 0.82221 0.89881 0.43574 0.21246 1.00000 0.63636 1.00000 1.00000 0.76786 0.80416
75.00000 254.00000 0.64535 0.30769 1.00000 1.00000 0.63466 0.75044 0.66708 1.00000 0.81250 0.84626 0.92353 0.47165 0.66667 0.74286 0.85430 0.91071 0.46037 0.22477 1.00000 0.72727 1.00000 1.00000 0.85119 0.85694
75.00000 255.00000 0.54070 0.15385 1.00000 1.00000 0.45199 0.74731 0.70218 1.00000 0.75000 0.78305 0.88824 0.46970 0.66667 0.74286 0.79063 0.90476 0.46042 0.22863 1.00000 0.72727 1.00000 1.00000 0.88690 0.81464
75.00000 256.00000 0.52326 0.46154 1.00000 1.00000 0.59719 0.79233 0.75476 1.00000 0.81250 0.84914 0.96471 0.48722 1.00000 0.78286 0.90117 0.92857 0.47629 0.26316 1.00000 0.72727 1.00000 1.00000 0.79167 0.86548
75.00000 257.00000 0.57558 0.69231 1.00000 1.00000 0.62763 0.73185 0.78003 1.00000 0.81250 0.89272 0.94118 0.50076 0.66667 0.77714 0.89200 0.94643 0.46199 0.18276 1.00000 0.81818 1.00000 1.00000 0.91071 0.90018
75.00000 258.00000 0.33140 0.61538 1.00000 1.00000 0.49415 0.86514 0.80406 1.00000 0.81250 0.86111 0.95882 0.44803 1.00000 0.92571 0.90678 0.93452 0.48950 0.21053 1.00000 0.81818 1.00000 1.00000 0.94048 0.80648
75.00000 259.00000 0.26744 0.61538 1.00000 1.00000 0.57845 0.81856 0.84243 1.00000 0.81250 0.96073 0.92353 0.48343 1.00000 0.89143 0.93428 0.94643 0.48127 0.27668 1.00000 0.81818 1.00000 1.00000 0.87500 0.86297
