240.00000 1.00000 0.59513 0.73634 0.00000 0.23809 0.00835 0.04906 0.03545 0.29318 0.21016 0.09106 0.00108 0.02301 0.02564 0.04789 0.08884 0.00171 0.05497 0.92645 0.00000 0.05155 0.00000 0.00000 0.13623 0.13782
240.00000 2.00000 0.99982 0.99869 1.00000 0.00000 0.12254 0.30168 0.21138 0.00000 0.00251 0.00720 0.62690 0.27045 0.23077 0.47078 0.00518 0.99297 0.57314 0.41517 0.00000 0.27835 0.62791 1.00000 0.02220 0.01202
240.00000 3.00000 0.99992 0.99762 1.00000 0.00000 0.12704 0.27133 0.22779 0.00000 0.00251 0.00467 0.62700 0.27633 0.23077 0.47727 0.00540 0.99306 0.56691 0.40479 0.00000 0.27835 0.62791 1.00000 0.01917 0.01275
240.00000 4.00000 0.47615 0.83135 1.00000 0.62699 0.65623 0.65847 0.54118 0.50794 0.50063 0.45654 0.86354 0.60013 0.38462 0.66396 0.45774 0.99322 0.51045 0.35314 0.00000 0.65979 0.86469 1.00000 0.48604 0.48851
240.00000 5.00000 0.83323 0.99762 1.00000 0.06027 0.18065 0.31040 0.23824 0.14659 0.14617 0.13586 0.65009 0.30031 0.23077 0.48052 0.13468 0.99297 0.51369 0.37906 0.00000 0.30928 0.65116 1.00000 0.16448 0.15461
240.00000 6.00000 0.59508 0.73705 0.00000 0.23809 0.00918 0.03267 0.03456 0.29318 0.21016 0.08984 0.00116 0.00900 0.02564 0.05276 0.08889 0.00154 0.06074 0.93479 0.00000 0.05155 0.00000 0.00000 0.14632 0.13991
240.00000 7.00000 0.00005 0.00000 1.00000 1.00000 0.98127 0.92766 0.90573 1.00000 1.00000 0.96045 0.99873 0.88112 0.94872 0.90584 0.96161 0.99336 0.69416 0.07760 1.00000 0.91753 1.00000 1.00000 0.97376 0.97003
240.00000 8.00000 0.59511 0.73634 0.00000 0.23809 0.01340 0.03610 0.04482 0.29318 0.21079 0.09005 0.00106 0.02164 0.02564 0.06006 0.08911 0.00157 0.05855 0.94188 0.00000 0.03093 0.00000 0.00000 0.14127 0.13608
240.00000 9.00000 0.59529 0.73836 0.00000 0.23809 0.01230 0.02268 0.04518 0.29318 0.21016 0.09049 0.00120 0.02064 0.02564 0.05195 0.08984 0.00176 0.06942 0.93451 0.00000 0.04124 0.00000 0.00000 0.13959 0.14003
240.00000 10.00000 0.83336 0.99881 1.00000 0.06027 0.18294 0.33003 0.24134 0.14659 0.14617 0.13377 0.65017 0.29706 0.23077 0.46591 0.13527 0.99297 0.51797 0.38601 0.00000 0.32990 0.65116 1.00000 0.15237 0.16539
240.00000 11.00000 0.99994 0.99762 1.00000 0.00000 0.12548 0.27918 0.23461 0.00000 0.00251 0.00522 0.62703 0.27258 0.23077 0.46997 0.00589 0.99286 0.56078 0.40248 0.00000 0.27835 0.62791 1.00000 0.01581 0.01642
240.00000 12.00000 0.23815 0.29691 1.00000 0.59794 0.63604 0.66692 0.66026 0.61718 0.61606 0.59456 0.85274 0.64806 0.84615 0.74269 0.59404 0.99328 0.67035 0.15409 1.00000 0.67010 0.85412 1.00000 0.61823 0.62438
240.00000 13.00000 0.47610 0.83135 1.00000 0.62699 0.65816 0.63838 0.53537 0.50794 0.50063 0.45783 0.86335 0.60195 0.38462 0.65747 0.45730 0.99328 0.51581 0.34515 0.00000 0.63918 0.86469 1.00000 0.48436 0.47868
240.00000 14.00000 0.83319 0.99762 1.00000 0.06027 0.18212 0.31666 0.23291 0.14659 0.14617 0.13489 0.65024 0.29862 0.23077 0.46104 0.13478 0.99306 0.52262 0.39826 0.00000 0.30928 0.65116 1.00000 0.16145 0.16151
240.00000 15.00000 0.59531 0.73860 0.00000 0.23809 0.00569 0.05338 0.05236 0.29318 0.21079 0.08996 0.00118 0.01486 0.02564 0.05357 0.08840 0.00165 0.05733 0.93641 0.00000 0.03093 0.00000 0.00000 0.13690 0.13826
240.00000 16.00000 0.59529 0.73634 0.00000 0.23809 0.00725 0.06608 0.05375 0.29318 0.21016 0.08897 0.00129 0.01481 0.02564 0.03409 0.08923 0.00182 0.06247 0.92777 0.00000 0.05155 0.00000 0.00000 0.14026 0.13857
240.00000 17.00000 0.99982 0.99762 1.00000 0.00000 0.12392 0.29522 0.22515 0.00000 0.00251 0.00522 0.62696 0.26447 0.23077 0.47646 0.00584 0.99286 0.55299 0.40455 0.00000 0.30928 0.62791 1.00000 0.01581 0.01603
240.00000 18.00000 0.99993 0.99964 1.00000 0.00000 0.13145 0.26860 0.23598 0.00000 0.00251 0.00798 0.62688 0.27525 0.23077 0.49675 0.00596 0.99289 0.56147 0.39916 0.00000 0.28866 0.62791 1.00000 0.01648 0.01493
240.00000 19.00000 0.47617 0.83135 1.00000 0.62699 0.65669 0.64416 0.53441 0.50794 0.50063 0.45794 0.86342 0.60747 0.38462 0.67695 0.45657 0.99328 0.50482 0.35525 0.00000 0.63918 0.86469 1.00000 0.48873 0.49103
240.00000 20.00000 0.00001 0.00059 1.00000 1.00000 0.97246 0.91313 0.89672 1.00000 1.00000 0.96231 0.99869 0.88501 0.94872 0.91071 0.96207 0.99311 0.68529 0.08548 1.00000 0.92784 1.00000 1.00000 0.97074 0.97257
240.00000 21.00000 0.47618 0.83135 1.00000 0.62699 0.65476 0.64329 0.53573 0.50794 0.50063 0.45790 0.86333 0.59720 0.35897 0.66721 0.45657 0.99325 0.51230 0.34851 0.00000 0.64948 0.86469 1.00000 0.48671 0.48892
240.00000 22.00000 0.00006 0.00048 1.00000 1.00000 0.97843 0.92345 0.91534 1.00000 1.00000 0.96192 0.99865 0.87812 0.94872 0.89692 0.96170 0.99330 0.70075 0.07120 1.00000 0.92784 1.00000 1.00000 0.97275 0.96929
240.00000 23.00000 0.23810 0.29929 1.00000 0.59794 0.63393 0.69975 0.67599 0.61718 0.61606 0.59461 0.85274 0.64684 0.84615 0.74756 0.59729 0.99344 0.68036 0.15031 1.00000 0.69072 0.85412 1.00000 0.61924 0.62493
240.00000 24.00000 0.47628 0.83290 1.00000 0.62699 0.65550 0.65050 0.54312 0.50794 0.50063 0.45746 0.86352 0.60702 0.38462 0.66883 0.45799 0.99333 0.50727 0.34387 0.00000 0.64948 0.86469 1.00000 0.48200 0.48059
240.00000 25.00000 0.83325 1.00000 1.00000 0.06027 0.17992 0.31453 0.23293 0.14659 0.14617 0.13505 0.65032 0.30062 0.23077 0.45617 0.13429 0.99311 0.51992 0.38670 0.00000 0.31959 0.65116 1.00000 0.15271 0.16483
240.00000 26.00000 0.83320 0.99762 1.00000 0.06027 0.18267 0.33351 0.24503 0.14659 0.14617 0.13602 0.65019 0.29621 0.23077 0.47808 0.13512 0.99306 0.52459 0.39068 0.00000 0.30928 0.65116 1.00000 0.16246 0.15918
240.00000 27.00000 0.00007 0.00036 1.00000 1.00000 0.98045 0.92415 0.89773 1.00000 1.00000 0.96054 0.99867 0.87590 0.94872 0.90909 0.96207 0.99319 0.69106 0.08434 1.00000 0.92784 1.00000 1.00000 0.96636 0.96518
240.00000 28.00000 0.23816 0.29739 1.00000 0.59794 0.63677 0.69265 0.66192 0.61718 0.61606 0.59353 0.85284 0.65738 0.84615 0.75487 0.59575 0.99336 0.67252 0.15474 1.00000 0.69072 0.85412 1.00000 0.61419 0.63031
240.00000 29.00000 0.00005 0.00000 1.00000 1.00000 0.98540 0.92617 0.91027 1.00000 1.00000 0.96415 0.99873 0.88120 0.94872 0.90909 0.96192 0.99322 0.69591 0.07881 1.00000 0.93814 1.00000 1.00000 0.97107 0.97125
240.00000 30.00000 0.59530 0.73634 0.00000 0.23809 0.01202 0.04312 0.05142 0.29318 0.21079 0.09159 0.00131 0.01460 0.02564 0.02841 0.08940 0.00171 0.07312 0.91452 0.00000 0.04124 0.00000 0.00000 0.13892 0.14028
240.00000 31.00000 0.99978 0.99762 1.00000 0.00000 0.12447 0.31018 0.20699 0.00000 0.00251 0.00748 0.62692 0.27502 0.23077 0.46916 0.00613 0.99281 0.56599 0.40106 0.00000 0.29897 0.62791 1.00000 0.02085 0.01866
240.00000 32.00000 0.99985 0.99762 1.00000 0.00000 0.12860 0.28140 0.24364 0.00000 0.00314 0.00644 0.62694 0.27710 0.23077 0.46916 0.00618 0.99297 0.55791 0.39667 0.00000 0.29897 0.62791 1.00000 0.01850 0.00877
240.00000 33.00000 0.99996 0.99762 1.00000 0.00000 0.12521 0.30297 0.22099 0.00000 0.00251 0.00580 0.62698 0.27237 0.23077 0.47321 0.00550 0.99289 0.57407 0.38968 0.00000 0.28866 0.62791 1.00000 0.01177 0.01886
240.00000 34.00000 0.99977 0.99762 1.00000 0.00000 0.12521 0.29071 0.23425 0.00000 0.00251 0.00688 0.62696 0.27138 0.23077 0.46916 0.00538 0.99286 0.56753 0.39763 0.00000 0.26804 0.62791 1.00000 0.01581 0.01509
240.00000 35.00000 0.47617 0.83230 1.00000 0.62699 0.65880 0.64081 0.54274 0.50794 0.50063 0.45928 0.86339 0.60381 0.38462 0.66558 0.45601 0.99317 0.49758 0.35657 0.00000 0.63918 0.86469 1.00000 0.48032 0.48401
240.00000 36.00000 0.23819 0.29691 1.00000 0.59794 0.63108 0.69803 0.68161 0.61718 0.61606 0.59613 0.85282 0.64910 0.84615 0.74269 0.59514 0.99333 0.67562 0.16197 1.00000 0.70103 0.85412 1.00000 0.62563 0.62049
240.00000 37.00000 0.00002 0.00214 1.00000 1.00000 0.98228 0.93157 0.90832 1.00000 1.00000 0.96229 0.99867 0.87455 0.94872 0.89773 0.96354 0.99330 0.69986 0.07597 1.00000 0.92784 1.00000 1.00000 0.97309 0.96845
240.00000 38.00000 0.23811 0.29691 1.00000 0.59794 0.63126 0.68998 0.67681 0.61718 0.61606 0.59415 0.85274 0.65452 0.84615 0.75081 0.59429 0.99325 0.67247 0.15848 1.00000 0.70103 0.85412 1.00000 0.62597 0.62428
240.00000 39.00000 0.00006 0.00000 1.00000 1.00000 0.98026 0.92177 0.89185 1.00000 1.00000 0.96077 0.99873 0.88038 0.94872 0.91071 0.96371 0.99344 0.67504 0.07784 1.00000 0.93814 1.00000 1.00000 0.96872 0.97560
240.00000 40.00000 0.99999 0.99786 1.00000 0.00000 0.12603 0.29112 0.23756 0.00000 0.00251 0.00522 0.62692 0.27247 0.23077 0.47484 0.00540 0.99292 0.56229 0.40258 0.00000 0.29897 0.62791 1.00000 0.01951 0.01665
240.00000 41.00000 0.99989 0.99834 1.00000 0.00000 0.12879 0.29760 0.23622 0.00000 0.00314 0.00660 0.62696 0.27143 0.23077 0.46591 0.00741 0.99264 0.56294 0.41102 0.00000 0.28866 0.62791 1.00000 0.01413 0.01854
240.00000 42.00000 0.99987 0.99834 1.00000 0.00000 0.12860 0.27837 0.23853 0.00000 0.00251 0.00554 0.62705 0.27544 0.23077 0.46753 0.00667 0.99297 0.57335 0.41268 0.00000 0.29897 0.62791 1.00000 0.01749 0.01061
240.00000 43.00000 1.00000 0.99929 1.00000 0.00000 0.12897 0.31323 0.22918 0.00000 0.00251 0.00600 0.62690 0.27200 0.23077 0.48133 0.00464 0.99303 0.55284 0.40386 0.00000 0.27835 0.62791 1.00000 0.01917 0.01906
240.00000 44.00000 0.23817 0.29691 1.00000 0.59794 0.62925 0.69047 0.68245 0.61718 0.61606 0.59711 0.85268 0.65369 0.84615 0.75812 0.59499 0.99333 0.67285 0.15827 1.00000 0.69072 0.85412 1.00000 0.61722 0.61572
240.00000 45.00000 0.23813 0.29691 1.00000 0.59794 0.63338 0.66581 0.65363 0.61718 0.61606 0.59640 0.85274 0.64931 0.84615 0.74919 0.59487 0.99319 0.67855 0.16630 1.00000 0.69072 0.85412 1.00000 0.61756 0.62456
240.00000 46.00000 0.59517 0.73634 0.00000 0.23809 0.00633 0.05563 0.05469 0.29318 0.21016 0.09030 0.00116 0.02220 0.02564 0.03409 0.08945 0.00165 0.05624 0.94406 0.00000 0.04124 0.00000 0.00000 0.14295 0.14266
240.00000 47.00000 0.00003 0.00202 1.00000 1.00000 0.98440 0.93460 0.88911 1.00000 1.00000 0.96105 0.99882 0.88026 0.94872 0.91802 0.96141 0.99339 0.68341 0.06877 1.00000 0.91753 1.00000 1.00000 0.96199 0.97049
240.00000 48.00000 0.59508 0.73872 0.00000 0.23809 0.01680 0.02371 0.03055 0.29318 0.21016 0.09024 0.00122 0.02064 0.02564 0.04464 0.08915 0.00160 0.05562 0.93759 0.00000 0.05155 0.00000 0.00000 0.14161 0.14064
240.00000 49.00000 0.99988 0.99762 1.00000 0.00000 0.12668 0.30881 0.23572 0.00000 0.00314 0.00619 0.62694 0.26893 0.23077 0.47890 0.00525 0.99292 0.56361 0.39926 0.00000 0.28866 0.62791 1.00000 0.01480 0.01672
240.00000 50.00000 0.00006 0.00000 1.00000 1.00000 0.98440 0.93792 0.91519 1.00000 1.00000 0.96142 0.99882 0.87411 0.94872 0.92532 0.96249 0.99339 0.69096 0.07663 1.00000 0.92784 1.00000 1.00000 0.97040 0.97363
240.00000 51.00000 0.59527 0.73634 0.00000 0.23809 0.01221 0.06618 0.05366 0.29318 0.21016 0.09139 0.00127 0.01910 0.02564 0.05519 0.08935 0.00171 0.05499 0.95177 0.00000 0.02062 0.00000 0.00000 0.13522 0.14410
240.00000 52.00000 0.83317 0.99964 1.00000 0.06027 0.18395 0.30870 0.23922 0.14659 0.14617 0.13464 0.65028 0.29775 0.23077 0.46672 0.13461 0.99311 0.52019 0.38656 0.00000 0.32990 0.65116 1.00000 0.15943 0.16581
240.00000 53.00000 0.47613 0.83135 1.00000 0.62699 0.65201 0.65785 0.51111 0.50794 0.50063 0.45732 0.86339 0.60916 0.38462 0.66477 0.45716 0.99314 0.49862 0.35557 0.00000 0.65979 0.86469 1.00000 0.48873 0.48071
240.00000 54.00000 0.83325 0.99762 1.00000 0.06027 0.18350 0.32938 0.22834 0.14659 0.14617 0.13528 0.65032 0.29862 0.23077 0.46104 0.13481 0.99314 0.53235 0.39269 0.00000 0.32990 0.65116 1.00000 0.16179 0.15858
240.00000 55.00000 0.00004 0.00000 1.00000 1.00000 0.98210 0.92569 0.92252 1.00000 1.00000 0.96135 0.99878 0.87393 0.94872 0.92532 0.96359 0.99339 0.68827 0.08638 1.00000 0.93814 1.00000 1.00000 0.97040 0.98006
240.00000 56.00000 0.00005 0.00000 1.00000 1.00000 0.98008 0.91526 0.90104 1.00000 1.00000 0.96004 0.99871 0.87967 0.94872 0.90584 0.96251 0.99317 0.69099 0.08206 1.00000 0.92784 1.00000 1.00000 0.97444 0.97121
240.00000 57.00000 0.00004 0.00000 1.00000 1.00000 0.98091 0.94529 0.89281 1.00000 1.00000 0.96222 0.99865 0.87705 0.94872 0.90828 0.96222 0.99328 0.68089 0.07735 1.00000 0.92784 1.00000 1.00000 0.97309 0.97498
240.00000 58.00000 0.47614 0.83278 1.00000 0.62699 0.66000 0.62963 0.52900 0.50794 0.50125 0.45776 0.86342 0.60379 0.35897 0.67695 0.45701 0.99317 0.50826 0.35159 0.00000 0.62887 0.86469 1.00000 0.48133 0.48047
240.00000 59.00000 0.23822 0.29751 1.00000 0.59794 0.63714 0.69643 0.68334 0.61718 0.61606 0.59553 0.85282 0.65370 0.84615 0.76055 0.59429 0.99336 0.67485 0.15993 1.00000 0.69072 0.85412 1.00000 0.61655 0.62686
240.00000 60.00000 0.83334 0.99762 1.00000 0.06027 0.18763 0.33746 0.24376 0.14659 0.14617 0.13489 0.65032 0.29428 0.23077 0.46591 0.13422 0.99303 0.52319 0.39829 0.00000 0.31959 0.65116 1.00000 0.15540 0.16315
240.00000 61.00000 0.99980 0.99762 1.00000 0.00000 0.13026 0.28510 0.23944 0.00000 0.00251 0.00688 0.62703 0.27299 0.23077 0.48864 0.00479 0.99289 0.55931 0.40753 0.00000 0.29897 0.62791 1.00000 0.01581 0.01340
240.00000 62.00000 0.23801 0.29798 1.00000 0.59794 0.63475 0.70248 0.68171 0.61718 0.61606 0.59481 0.85282 0.64903 0.84615 0.74838 0.59624 0.99350 0.67622 0.15502 1.00000 0.69072 0.85412 1.00000 0.62126 0.62173
240.00000 63.00000 0.83322 0.99762 1.00000 0.06027 0.18634 0.33640 0.24453 0.14659 0.14617 0.13510 0.65017 0.29795 0.23077 0.46672 0.13339 0.99308 0.53430 0.39725 0.00000 0.31959 0.65116 1.00000 0.15910 0.16291
240.00000 64.00000 0.99980 0.99762 1.00000 0.00000 0.12319 0.29822 0.22716 0.00000 0.00251 0.00548 0.62681 0.27044 0.23077 0.48782 0.00623 0.99273 0.56429 0.41631 0.00000 0.28866 0.62791 1.00000 0.01144 0.01880
240.00000 65.00000 0.83324 0.99762 1.00000 0.06027 0.17992 0.33146 0.24770 0.14659 0.14617 0.13579 0.65026 0.29715 0.23077 0.48133 0.13471 0.99295 0.52007 0.38781 0.00000 0.30928 0.65116 1.00000 0.15943 0.15325
240.00000 66.00000 0.00005 0.00000 1.00000 1.00000 0.97779 0.92887 0.90412 1.00000 1.00000 0.96155 0.99882 0.88010 0.94872 0.91234 0.96197 0.99330 0.68966 0.07998 1.00000 0.93814 1.00000 1.00000 0.97040 0.96520
240.00000 67.00000 0.99997 0.99964 1.00000 0.00000 0.13126 0.30476 0.24470 0.00000 0.00314 0.00545 0.62700 0.27336 0.23077 0.47403 0.00579 0.99295 0.54950 0.40386 0.00000 0.30928 0.62791 1.00000 0.01110 0.01049
240.00000 68.00000 0.47611 0.83242 1.00000 0.62699 0.66321 0.64010 0.55696 0.50794 0.50063 0.45824 0.86339 0.60420 0.38462 0.66396 0.45667 0.99336 0.51139 0.36484 0.00000 0.64948 0.86469 1.00000 0.48671 0.48505
240.00000 69.00000 0.47626 0.83207 1.00000 0.62699 0.65981 0.63794 0.53376 0.50794 0.50125 0.45787 0.86344 0.59630 0.38462 0.67045 0.45708 0.99336 0.51470 0.36058 0.00000 0.63918 0.86469 1.00000 0.47965 0.47984
240.00000 70.00000 0.99985 0.99834 1.00000 0.00000 0.13062 0.29166 0.22630 0.00000 0.00314 0.00564 0.62694 0.27958 0.23077 0.48620 0.00567 0.99278 0.55633 0.40400 0.00000 0.27835 0.62791 1.00000 0.01648 0.01941
240.00000 71.00000 0.23822 0.29691 1.00000 0.59794 0.63696 0.70137 0.67157 0.61718 0.61606 0.59424 0.85287 0.65731 0.84615 0.75081 0.59517 0.99344 0.67839 0.15360 1.00000 0.67010 0.85412 1.00000 0.61520 0.62307
240.00000 72.00000 0.00005 0.00000 1.00000 1.00000 0.97485 0.93195 0.90102 1.00000 1.00000 0.96158 0.99873 0.87791 0.94872 0.93101 0.96200 0.99319 0.67396 0.07746 1.00000 0.92784 1.00000 1.00000 0.96939 0.96459
240.00000 73.00000 0.59519 0.73741 0.00000 0.23809 0.01267 0.04180 0.05945 0.29318 0.21079 0.08952 0.00114 0.01985 0.02564 0.03734 0.08798 0.00163 0.05357 0.92777 0.00000 0.04124 0.00000 0.00000 0.14127 0.14351
240.00000 74.00000 0.99997 0.99869 1.00000 0.00000 0.12640 0.30160 0.23591 0.00000 0.00314 0.00614 0.62688 0.27258 0.23077 0.48052 0.00450 0.99303 0.56232 0.41452 0.00000 0.28866 0.62791 1.00000 0.01884 0.01383
240.00000 75.00000 0.83318 0.99774 1.00000 0.06027 0.18441 0.31386 0.25428 0.14659 0.14617 0.13436 0.65026 0.29008 0.23077 0.48782 0.13383 0.99292 0.52257 0.40144 0.00000 0.35052 0.65116 1.00000 0.15977 0.16104
240.00000 76.00000 0.83314 0.99798 1.00000 0.06027 0.18184 0.33816 0.24359 0.14659 0.14617 0.13494 0.65024 0.29941 0.23077 0.46510 0.13464 0.99300 0.51954 0.38584 0.00000 0.31959 0.65116 1.00000 0.15809 0.16086
240.00000 77.00000 0.99979 0.99762 1.00000 0.00000 0.13016 0.31507 0.22738 0.00000 0.00251 0.00538 0.62675 0.27610 0.23077 0.50325 0.00525 0.99284 0.55693 0.41331 0.00000 0.28866 0.62791 1.00000 0.01749 0.01463
240.00000 78.00000 0.59515 0.73812 0.00000 0.23809 0.01533 0.05571 0.04061 0.29318 0.21079 0.09024 0.00122 0.01641 0.02564 0.04708 0.08925 0.00160 0.05006 0.93275 0.00000 0.07216 0.00000 0.00000 0.13791 0.14062
240.00000 79.00000 0.00004 0.00214 1.00000 1.00000 0.97632 0.93473 0.90789 1.00000 1.00000 0.96121 0.99894 0.87951 0.94872 0.92451 0.96195 0.99339 0.67261 0.08656 1.00000 0.92784 1.00000 1.00000 0.96435 0.96653
240.00000 80.00000 0.47608 0.83302 1.00000 0.62699 0.66055 0.65771 0.53983 0.50794 0.50063 0.45608 0.86348 0.60452 0.38462 0.66153 0.45708 0.99317 0.50699 0.37006 0.00000 0.65979 0.86469 1.00000 0.48335 0.48547
240.00000 81.00000 0.83321 0.99762 1.00000 0.06027 0.18579 0.33276 0.26103 0.14659 0.14617 0.13551 0.65017 0.30563 0.23077 0.46672 0.13371 0.99300 0.52377 0.38629 0.00000 0.34021 0.65116 1.00000 0.15843 0.16076
240.00000 82.00000 0.23814 0.29691 1.00000 0.59794 0.63668 0.69881 0.66557 0.61718 0.61606 0.59518 0.85289 0.64716 0.84615 0.75162 0.59473 0.99358 0.67497 0.17394 1.00000 0.69072 0.85412 1.00000 0.62059 0.62188
240.00000 83.00000 0.59526 0.73634 0.00000 0.23809 0.01037 0.04142 0.06711 0.29318 0.21079 0.09125 0.00122 0.01859 0.02564 0.05763 0.08840 0.00165 0.06742 0.94441 0.00000 0.07216 0.00000 0.00000 0.13791 0.14291
240.00000 84.00000 0.47627 0.83266 1.00000 0.62699 0.66147 0.64135 0.54113 0.50794 0.50063 0.45617 0.86344 0.60351 0.38462 0.68263 0.45616 0.99339 0.51191 0.36757 0.00000 0.64948 0.86469 1.00000 0.48638 0.48489
240.00000 85.00000 0.47609 0.83135 1.00000 0.62699 0.66110 0.65164 0.54800 0.50794 0.50063 0.45764 0.86346 0.61097 0.38462 0.67127 0.45696 0.99339 0.49674 0.35927 0.00000 0.63918 0.86469 1.00000 0.48470 0.48473
240.00000 86.00000 0.47625 0.83325 1.00000 0.62699 0.66046 0.65895 0.54389 0.50794 0.50125 0.45780 0.86354 0.60348 0.38462 0.67532 0.45645 0.99325 0.50754 0.35615 0.00000 0.63918 0.86469 1.00000 0.48032 0.48367
240.00000 87.00000 0.23810 0.29691 1.00000 0.59794 0.63384 0.68922 0.66997 0.61718 0.61606 0.59332 0.85297 0.65603 0.84615 0.76948 0.59514 0.99347 0.67014 0.17636 1.00000 0.69072 0.85412 1.00000 0.61958 0.62425
240.00000 88.00000 0.83317 0.99941 1.00000 0.06027 0.18597 0.31213 0.25563 0.14659 0.14617 0.13508 0.65022 0.29248 0.23077 0.47159 0.13356 0.99273 0.53132 0.40573 0.00000 0.31959 0.65116 1.00000 0.16280 0.15804
240.00000 89.00000 0.00000 0.00048 1.00000 1.00000 0.98201 0.93292 0.92927 1.00000 1.00000 0.96107 0.99886 0.87494 0.94872 0.92857 0.96178 0.99355 0.70123 0.07753 1.00000 0.91753 1.00000 1.00000 0.96838 0.96491
240.00000 90.00000 0.23806 0.29774 1.00000 0.59794 0.63283 0.69284 0.68961 0.61718 0.61606 0.59454 0.85287 0.65771 0.84615 0.76299 0.59463 0.99339 0.67466 0.17062 1.00000 0.70103 0.85412 1.00000 0.62193 0.61966
240.00000 91.00000 0.99991 0.99762 1.00000 0.00000 0.12768 0.30054 0.24859 0.00000 0.00251 0.00575 0.62675 0.27249 0.23077 0.47971 0.00633 0.99278 0.55354 0.40991 0.00000 0.27835 0.62791 1.00000 0.01211 0.01530
240.00000 92.00000 0.47615 0.83242 1.00000 0.62699 0.65632 0.66238 0.53683 0.50794 0.50125 0.45562 0.86350 0.60611 0.38462 0.68669 0.45603 0.99341 0.49828 0.36342 0.00000 0.67010 0.86469 1.00000 0.48335 0.48548
240.00000 93.00000 0.99981 0.99905 1.00000 0.00000 0.13374 0.30851 0.24114 0.00000 0.00314 0.00531 0.62675 0.27204 0.23077 0.49838 0.00587 0.99275 0.56068 0.41794 0.00000 0.29897 0.62791 1.00000 0.01480 0.01499
240.00000 94.00000 0.83316 0.99762 1.00000 0.06027 0.18873 0.33476 0.23728 0.14659 0.14617 0.13349 0.65013 0.29736 0.23077 0.47565 0.13446 0.99295 0.50788 0.38871 0.00000 0.31959 0.65116 1.00000 0.16011 0.16163
240.00000 95.00000 0.99998 0.99762 1.00000 0.00000 0.13200 0.30343 0.24114 0.00000 0.00251 0.00580 0.62686 0.27102 0.23077 0.47890 0.00484 0.99270 0.55529 0.41140 0.00000 0.28866 0.62791 1.00000 0.01514 0.01818
240.00000 96.00000 0.23817 0.29869 1.00000 0.59794 0.63585 0.67488 0.66725 0.61718 0.61606 0.59541 0.85289 0.64476 0.84615 0.76299 0.59377 0.99350 0.66937 0.18276 1.00000 0.68041 0.85412 1.00000 0.61655 0.62247
240.00000 97.00000 0.83313 0.99881 1.00000 0.06027 0.18790 0.34097 0.25092 0.14659 0.14617 0.13430 0.65007 0.30013 0.23077 0.48539 0.13405 0.99284 0.52004 0.39300 0.00000 0.30928 0.65116 1.00000 0.15506 0.15882
240.00000 98.00000 0.00000 0.00059 1.00000 1.00000 0.98137 0.93544 0.92305 1.00000 1.00000 0.96054 0.99897 0.87241 0.94872 0.93506 0.96085 0.99330 0.67906 0.07978 1.00000 0.94845 1.00000 1.00000 0.96805 0.97044
240.00000 99.00000 0.23816 0.29703 1.00000 0.59794 0.64384 0.70605 0.70289 0.61718 0.61606 0.59394 0.85291 0.65085 0.84615 0.75731 0.59451 0.99361 0.67146 0.17263 1.00000 0.69072 0.85412 1.00000 0.62395 0.61781
240.00000 100.00000 0.99983 0.99762 1.00000 0.00000 0.12511 0.30605 0.24275 0.00000 0.00251 0.00568 0.62677 0.26987 0.23077 0.50406 0.00508 0.99286 0.56958 0.40829 0.00000 0.29897 0.62791 1.00000 0.01480 0.01705
240.00000 101.00000 0.00007 0.00000 1.00000 1.00000 0.98449 0.92472 0.92991 1.00000 1.00000 0.95882 0.99890 0.87779 0.94872 0.93019 0.96085 0.99333 0.69111 0.09406 1.00000 0.93814 1.00000 1.00000 0.96367 0.96505
240.00000 102.00000 0.83326 0.99881 1.00000 0.06027 0.18460 0.34507 0.27085 0.14659 0.14617 0.13533 0.65017 0.29401 0.23077 0.47565 0.13270 0.99297 0.52678 0.39833 0.00000 0.34021 0.65116 1.00000 0.15843 0.16003
240.00000 103.00000 0.99985 0.99762 1.00000 0.00000 0.12622 0.30373 0.25183 0.00000 0.00314 0.00743 0.62688 0.27648 0.23077 0.49269 0.00530 0.99270 0.56544 0.39774 0.00000 0.28866 0.62791 1.00000 0.02186 0.01885
240.00000 104.00000 0.47611 0.83159 1.00000 0.62699 0.66275 0.66236 0.54870 0.50794 0.50125 0.45686 0.86358 0.60856 0.38462 0.67289 0.45589 0.99333 0.50549 0.36563 0.00000 0.63918 0.86469 1.00000 0.48537 0.48617
240.00000 105.00000 0.23823 0.29691 1.00000 0.59794 0.63943 0.68363 0.67974 0.61718 0.61606 0.59449 0.85306 0.65675 0.84615 0.77192 0.59429 0.99372 0.65920 0.16391 1.00000 0.70103 0.85412 1.00000 0.61857 0.61760
240.00000 106.00000 0.99996 0.99988 1.00000 0.00000 0.12888 0.32228 0.24314 0.00000 0.00251 0.00550 0.62686 0.27563 0.23077 0.50162 0.00530 0.99281 0.55864 0.41915 0.00000 0.29897 0.62791 1.00000 0.00807 0.01875
240.00000 107.00000 0.59518 0.73646 0.00000 0.23809 0.01616 0.07191 0.06550 0.29318 0.21079 0.09033 0.00112 0.01970 0.02564 0.06006 0.08766 0.00152 0.06620 0.94371 0.00000 0.06186 0.00000 0.00000 0.13656 0.13548
240.00000 108.00000 0.99993 0.99762 1.00000 0.00000 0.12925 0.29652 0.24285 0.00000 0.00251 0.00548 0.62669 0.27330 0.23077 0.49594 0.00396 0.99259 0.57246 0.41362 0.00000 0.28866 0.62791 1.00000 0.01144 0.01609
240.00000 109.00000 0.23811 0.29691 1.00000 0.59794 0.63787 0.69849 0.71087 0.61718 0.61606 0.59309 0.85297 0.64801 0.84615 0.76055 0.59434 0.99352 0.66862 0.15388 1.00000 0.69072 0.85412 1.00000 0.61789 0.61436
240.00000 110.00000 0.59512 0.73705 0.00000 0.23809 0.01028 0.05247 0.07712 0.29318 0.21079 0.09090 0.00112 0.02025 0.02564 0.05114 0.08876 0.00149 0.05042 0.95811 0.00000 0.06186 0.00000 0.00000 0.14363 0.14108
240.00000 111.00000 0.23818 0.29762 1.00000 0.59794 0.63512 0.69600 0.69771 0.61718 0.61606 0.59419 0.85312 0.64509 0.84615 0.76948 0.59372 0.99372 0.65948 0.17024 1.00000 0.69072 0.85412 1.00000 0.61789 0.62068
240.00000 112.00000 0.59519 0.73777 0.00000 0.23809 0.01028 0.05422 0.06852 0.29318 0.21079 0.08909 0.00101 0.01519 0.02564 0.06169 0.08830 0.00143 0.05790 0.95478 0.00000 0.06186 0.00000 0.00000 0.14329 0.13647
240.00000 113.00000 0.83334 0.99762 1.00000 0.06027 0.18864 0.32409 0.24013 0.14659 0.14617 0.13464 0.65007 0.29566 0.23077 0.47808 0.13334 0.99281 0.51699 0.39826 0.00000 0.32990 0.65116 1.00000 0.15506 0.15879
240.00000 114.00000 0.99995 0.99762 1.00000 0.00000 0.13117 0.29528 0.24655 0.00000 0.00251 0.00506 0.62681 0.27688 0.23077 0.50812 0.00565 0.99245 0.55044 0.41960 0.00000 0.29897 0.62791 1.00000 0.01245 0.00766
240.00000 115.00000 0.99998 0.99762 1.00000 0.00000 0.13374 0.30532 0.26425 0.00000 0.00251 0.00642 0.62673 0.26787 0.23077 0.49513 0.00494 0.99259 0.56227 0.41569 0.00000 0.30928 0.62791 1.00000 0.01110 0.01358
240.00000 116.00000 0.59521 0.73634 0.00000 0.23809 0.01212 0.05014 0.06144 0.29318 0.21016 0.08929 0.00101 0.01486 0.02564 0.07549 0.08952 0.00138 0.05372 0.93517 0.00000 0.07216 0.00000 0.00000 0.13286 0.13605
240.00000 117.00000 0.83313 0.99762 1.00000 0.06027 0.18680 0.35938 0.26898 0.14659 0.14617 0.13549 0.65005 0.29171 0.23077 0.47971 0.13307 0.99267 0.52348 0.40452 0.00000 0.32990 0.65116 1.00000 0.15708 0.15890
240.00000 118.00000 0.23804 0.29691 1.00000 0.59794 0.63384 0.72354 0.68462 0.61718 0.61606 0.59185 0.85303 0.65170 0.84615 0.76867 0.59346 0.99369 0.64951 0.16450 1.00000 0.70103 0.85412 1.00000 0.61150 0.61694
240.00000 119.00000 0.99989 0.99762 1.00000 0.00000 0.13145 0.30894 0.27424 0.00000 0.00251 0.00439 0.62660 0.26822 0.23077 0.51136 0.00555 0.99248 0.55431 0.43268 0.00000 0.30928 0.62791 1.00000 0.01345 0.01704
240.00000 120.00000 0.59519 0.73634 0.00000 0.23809 0.00964 0.06521 0.07890 0.29318 0.21079 0.09083 0.00093 0.01679 0.02564 0.07955 0.08820 0.00154 0.05862 0.95683 0.00000 0.05155 0.00000 0.00000 0.13959 0.13767
240.00000 121.00000 0.99998 0.99762 1.00000 0.00000 0.13246 0.30187 0.24544 0.00000 0.00251 0.00577 0.62652 0.27328 0.23077 0.50162 0.00442 0.99240 0.55320 0.42593 0.00000 0.30928 0.62791 1.00000 0.01211 0.00829
240.00000 122.00000 0.99982 0.99798 1.00000 0.00000 0.13696 0.30165 0.25714 0.00000 0.00314 0.00564 0.62635 0.26914 0.23077 0.51786 0.00440 0.99220 0.55580 0.42763 0.00000 0.29897 0.62791 1.00000 0.01245 0.01055
240.00000 123.00000 0.23801 0.29691 1.00000 0.59794 0.64118 0.70362 0.71243 0.61718 0.61669 0.59382 0.85320 0.65089 0.84615 0.78084 0.59443 0.99388 0.64746 0.18152 1.00000 0.70103 0.85412 1.00000 0.60982 0.61756
240.00000 124.00000 0.59526 0.73634 0.00000 0.23809 0.01221 0.07059 0.07121 0.29318 0.21079 0.09099 0.00095 0.01500 0.02564 0.07386 0.08759 0.00138 0.05932 0.95264 0.00000 0.06186 0.00000 0.00000 0.13421 0.14108
240.00000 125.00000 0.83325 0.99774 1.00000 0.06027 0.19066 0.33532 0.27883 0.14659 0.14617 0.13337 0.65005 0.30089 0.23077 0.49107 0.13305 0.99273 0.51011 0.40123 0.00000 0.34021 0.65116 1.00000 0.15473 0.15540
240.00000 126.00000 0.00002 0.00000 1.00000 1.00000 0.98788 0.95123 0.94798 1.00000 1.00000 0.95838 0.99911 0.87798 0.94872 0.95292 0.95853 0.99363 0.67653 0.10994 1.00000 0.95876 1.00000 1.00000 0.95896 0.96655
240.00000 127.00000 0.99988 0.99917 1.00000 0.00000 0.13035 0.31226 0.26108 0.00000 0.00314 0.00343 0.62662 0.27672 0.23077 0.49513 0.00457 0.99237 0.56472 0.42597 0.00000 0.31959 0.62791 1.00000 0.01749 0.01145
240.00000 128.00000 0.00006 0.00131 1.00000 1.00000 0.98559 0.95588 0.93883 1.00000 1.00000 0.95785 0.99894 0.87737 0.94872 0.95536 0.95860 0.99363 0.66451 0.09704 1.00000 0.94845 1.00000 1.00000 0.96334 0.96182
240.00000 129.00000 0.83320 0.99905 1.00000 0.06027 0.18579 0.33019 0.26579 0.14659 0.14617 0.13266 0.64996 0.29778 0.23077 0.49351 0.13273 0.99264 0.50658 0.40794 0.00000 0.35052 0.65116 1.00000 0.15506 0.15648
240.00000 130.00000 0.59526 0.73717 0.00000 0.23809 0.01056 0.05363 0.06706 0.29318 0.21079 0.08835 0.00095 0.01506 0.02564 0.08036 0.08783 0.00121 0.04523 0.95510 0.00000 0.07216 0.00000 0.00000 0.13892 0.14021
240.00000 131.00000 0.59514 0.73634 0.00000 0.23809 0.01698 0.05430 0.08875 0.29318 0.21016 0.08973 0.00101 0.01816 0.02564 0.07873 0.08881 0.00135 0.05355 0.96568 0.00000 0.05155 0.00000 0.00000 0.13724 0.13993
240.00000 132.00000 0.47620 0.83266 1.00000 0.62699 0.66780 0.67337 0.57677 0.50794 0.50125 0.45486 0.86367 0.60555 0.38462 0.69724 0.45354 0.99341 0.49665 0.38179 0.00000 0.67010 0.86469 1.00000 0.47360 0.48298
240.00000 133.00000 0.59522 0.73634 0.00000 0.23809 0.01019 0.07631 0.08200 0.29318 0.21079 0.08998 0.00091 0.01877 0.02564 0.07792 0.08932 0.00127 0.05369 0.95689 0.00000 0.07216 0.00000 0.00000 0.13387 0.13663
240.00000 134.00000 0.47606 0.83230 1.00000 0.62699 0.66541 0.67845 0.58677 0.50794 0.50125 0.45534 0.86365 0.60231 0.35897 0.71347 0.45467 0.99344 0.48520 0.38480 1.00000 0.65979 0.86469 1.00000 0.47259 0.48190
240.00000 135.00000 0.59512 0.73634 0.00000 0.23809 0.01157 0.07933 0.07643 0.29318 0.21079 0.09003 0.00091 0.02053 0.00000 0.07955 0.08595 0.00132 0.05228 0.96686 0.00000 0.07216 0.00000 0.00000 0.13757 0.13514
240.00000 136.00000 0.59510 0.73765 0.00000 0.23809 0.01340 0.07348 0.08248 0.29318 0.21079 0.08761 0.00093 0.01365 0.02564 0.09416 0.08820 0.00121 0.04280 0.96890 0.00000 0.07216 0.00000 0.00000 0.13421 0.13627
240.00000 137.00000 0.00005 0.00143 1.00000 1.00000 0.98687 0.95712 0.93844 1.00000 1.00000 0.95633 0.99913 0.87959 0.94872 0.95617 0.95638 0.99363 0.66651 0.10939 1.00000 0.95876 1.00000 1.00000 0.95930 0.96018
240.00000 138.00000 0.23813 0.29881 1.00000 0.59794 0.64246 0.71288 0.70904 0.61718 0.61669 0.59304 0.85327 0.64511 0.84615 0.81006 0.59297 0.99399 0.63832 0.20051 1.00000 0.70103 0.85412 1.00000 0.61184 0.61212
240.00000 139.00000 0.47617 0.83230 1.00000 0.62699 0.66238 0.68274 0.57915 0.50794 0.50125 0.45442 0.86373 0.60094 0.35897 0.71104 0.45440 0.99363 0.47474 0.38788 1.00000 0.68041 0.86469 1.00000 0.47864 0.48062
240.00000 140.00000 0.59529 0.73634 0.00000 0.23809 0.01230 0.05746 0.09485 0.29318 0.21079 0.08810 0.00082 0.01815 0.02564 0.10308 0.08830 0.00099 0.04028 0.97181 0.00000 0.06186 0.00000 0.00000 0.13589 0.12909
240.00000 141.00000 0.99990 0.99834 1.00000 0.00000 0.13328 0.32217 0.27602 0.00000 0.00251 0.00465 0.62620 0.26584 0.23077 0.53084 0.00342 0.99176 0.52774 0.44714 0.00000 0.31959 0.62791 1.00000 0.01547 0.00843
240.00000 142.00000 0.23800 0.29834 1.00000 0.59794 0.64834 0.72570 0.72331 0.61718 0.61669 0.59021 0.85337 0.64923 0.84615 0.80601 0.59238 0.99424 0.64934 0.19456 1.00000 0.71134 0.85412 1.00000 0.61016 0.61322
240.00000 143.00000 0.59517 0.73634 0.00000 0.23809 0.01551 0.07885 0.09470 0.29318 0.21079 0.08821 0.00082 0.01894 0.02564 0.09010 0.08837 0.00116 0.03472 0.97789 0.00000 0.08247 0.00000 0.00000 0.13522 0.13619
240.00000 144.00000 0.83319 0.99762 1.00000 0.06027 0.19277 0.35117 0.29480 0.14659 0.14617 0.13084 0.64971 0.29292 0.23077 0.50812 0.13116 0.99251 0.48465 0.43773 0.00000 0.36082 0.65116 1.00000 0.15473 0.15221
240.00000 145.00000 0.83329 0.99762 1.00000 0.06027 0.19782 0.34661 0.29031 0.14659 0.14617 0.13317 0.64977 0.29311 0.23077 0.52029 0.13195 0.99253 0.48438 0.43524 0.00000 0.36082 0.65116 1.00000 0.15439 0.15705
240.00000 146.00000 0.99985 0.99917 1.00000 0.00000 0.13365 0.33208 0.28565 0.00000 0.00251 0.00382 0.62603 0.27347 0.23077 0.52922 0.00318 0.99179 0.55130 0.45523 0.00000 0.31959 0.62791 1.00000 0.00673 0.01234
240.00000 147.00000 0.99999 0.99762 1.00000 0.00000 0.13218 0.32752 0.28193 0.00000 0.00251 0.00488 0.62601 0.26377 0.23077 0.54545 0.00308 0.99168 0.52302 0.46724 0.00000 0.34021 0.62791 1.00000 0.01110 0.00960
240.00000 148.00000 0.83328 0.99893 1.00000 0.06027 0.19020 0.36543 0.30042 0.14659 0.14617 0.13262 0.64973 0.29467 0.23077 0.54708 0.13275 0.99226 0.49576 0.43406 0.00000 0.34021 0.65116 1.00000 0.15405 0.15336
240.00000 149.00000 0.99978 0.99762 1.00000 0.00000 0.14035 0.32941 0.29521 0.00000 0.00314 0.00446 0.62599 0.26705 0.23077 0.54708 0.00445 0.99157 0.53709 0.43659 0.00000 0.32990 0.62791 1.00000 0.01076 0.01012
