42.00000 1.00000 0.83321 0.99988 1.00000 0.06027 0.17698 0.30956 0.22202 0.14659 0.14555 0.13255 0.65022 0.29696 0.23077 0.45049 0.13346 0.99300 0.52028 0.38009 0.00000 0.30928 0.65116 1.00000 0.15843 0.16394
42.00000 2.00000 0.00001 0.00202 1.00000 1.00000 0.97375 0.93360 0.89235 1.00000 0.99937 0.96084 0.99852 0.87177 0.94872 0.91477 0.96192 0.99295 0.70522 0.07542 1.00000 0.91753 1.00000 1.00000 0.97107 0.97573
42.00000 3.00000 0.00002 0.00214 1.00000 1.00000 0.97769 0.90338 0.87900 1.00000 0.99937 0.96264 0.99861 0.87675 0.94872 0.89367 0.96312 0.99317 0.69928 0.07414 1.00000 0.93814 1.00000 1.00000 0.97107 0.97632
42.00000 4.00000 0.99985 0.99822 1.00000 0.00000 0.12365 0.27303 0.19820 0.00000 0.00251 0.00672 0.62703 0.27314 0.23077 0.45130 0.00452 0.99306 0.56005 0.39487 0.00000 0.26804 0.62791 1.00000 0.01850 0.01845
42.00000 5.00000 0.47627 0.83135 1.00000 0.62699 0.65302 0.63487 0.52079 0.50794 0.50063 0.45686 0.86325 0.60690 0.38462 0.65584 0.45577 0.99297 0.51160 0.35384 0.00000 0.63918 0.86469 1.00000 0.47999 0.48966
42.00000 6.00000 0.47614 0.83135 1.00000 0.62699 0.65531 0.63603 0.50964 0.50794 0.50063 0.45810 0.86329 0.61048 0.38462 0.64773 0.45589 0.99289 0.50653 0.34882 0.00000 0.62887 0.86469 1.00000 0.48503 0.48637
42.00000 7.00000 0.99989 0.99786 1.00000 0.00000 0.12254 0.29439 0.22515 0.00000 0.00251 0.00531 0.62717 0.27105 0.23077 0.44643 0.00562 0.99319 0.55929 0.40701 0.00000 0.26804 0.62791 1.00000 0.01682 0.00954
42.00000 8.00000 0.47608 0.83135 1.00000 0.62699 0.65550 0.61680 0.50189 0.50794 0.50000 0.45707 0.86310 0.60809 0.35897 0.62825 0.45674 0.99303 0.50886 0.34796 0.00000 0.62887 0.86469 1.00000 0.48200 0.48845
42.00000 9.00000 0.59521 0.73729 0.00000 0.23809 0.00220 0.01952 0.03780 0.29318 0.21016 0.08897 0.00129 0.02051 0.02564 0.03166 0.08937 0.00157 0.06899 0.92967 0.00000 0.04124 0.00000 0.00000 0.13555 0.14486
42.00000 10.00000 0.99999 1.00000 1.00000 0.00000 0.12199 0.28191 0.21835 0.00000 0.00251 0.00628 0.62707 0.27553 0.23077 0.46104 0.00650 0.99317 0.57643 0.39103 0.00000 0.27835 0.62791 1.00000 0.01245 0.01638
42.00000 11.00000 0.59515 0.73634 0.00000 0.23809 0.00560 0.02635 0.04518 0.29318 0.21016 0.09003 0.00129 0.02372 0.02564 0.03734 0.08942 0.00154 0.04970 0.92417 0.00000 0.03093 0.00000 0.00000 0.14430 0.14270
42.00000 12.00000 0.99992 0.99857 1.00000 0.00000 0.12860 0.27686 0.20901 0.00000 0.00251 0.00508 0.62711 0.27106 0.23077 0.45373 0.00538 0.99322 0.57073 0.40974 0.00000 0.26804 0.62791 1.00000 0.01547 0.01588
42.00000 13.00000 0.83324 0.99929 1.00000 0.06027 0.18019 0.32063 0.23019 0.14659 0.14555 0.13418 0.65022 0.29569 0.23077 0.44643 0.13405 0.99300 0.52447 0.38009 0.00000 0.30928 0.65116 1.00000 0.15943 0.16096
42.00000 14.00000 0.99981 0.99762 1.00000 0.00000 0.12805 0.28275 0.21511 0.00000 0.00251 0.00483 0.62709 0.27279 0.23077 0.44643 0.00560 0.99325 0.55332 0.40960 0.00000 0.27835 0.62791 1.00000 0.01648 0.01608
42.00000 15.00000 0.47606 0.83135 1.00000 0.62699 0.65834 0.64208 0.51966 0.50794 0.50063 0.45681 0.86327 0.60426 0.38462 0.65990 0.45792 0.99297 0.50367 0.35155 0.00000 0.63918 0.86469 1.00000 0.49109 0.48740
42.00000 16.00000 0.47616 0.83219 1.00000 0.62699 0.65577 0.65566 0.51101 0.50794 0.50063 0.45879 0.86329 0.60883 0.38462 0.65747 0.45748 0.99306 0.51778 0.34201 0.00000 0.64948 0.86469 1.00000 0.48503 0.48838
42.00000 17.00000 0.00001 0.00154 1.00000 1.00000 0.97650 0.92261 0.89249 1.00000 0.99937 0.96096 0.99871 0.88323 0.94872 0.89854 0.96322 0.99325 0.71065 0.06891 1.00000 0.90722 1.00000 1.00000 0.97814 0.97536
42.00000 18.00000 0.83332 0.99988 1.00000 0.06027 0.17900 0.29892 0.24467 0.14659 0.14555 0.13381 0.65026 0.29720 0.23077 0.45860 0.13373 0.99306 0.51891 0.37553 0.00000 0.29897 0.65116 1.00000 0.16044 0.16532
42.00000 19.00000 0.99979 0.99762 1.00000 0.00000 0.12539 0.27746 0.20567 0.00000 0.00251 0.00564 0.62711 0.26903 0.23077 0.46510 0.00599 0.99322 0.57008 0.39583 0.00000 0.27835 0.62791 1.00000 0.01480 0.01903
42.00000 20.00000 0.59527 0.73634 0.00000 0.23809 0.00789 0.05371 0.03331 0.29318 0.21016 0.09118 0.00135 0.01576 0.02564 0.03247 0.08847 0.00179 0.07187 0.93918 0.00000 0.04124 0.00000 0.00000 0.13589 0.14010
42.00000 21.00000 0.59512 0.73824 0.00000 0.23809 0.00523 0.02033 0.03754 0.29318 0.21016 0.09035 0.00137 0.01685 0.02564 0.03490 0.08835 0.00176 0.05422 0.92656 0.00000 0.03093 0.00000 0.00000 0.14598 0.13745
42.00000 22.00000 0.23806 0.29834 1.00000 0.59794 0.62980 0.67497 0.66792 0.61718 0.61543 0.59509 0.85253 0.65195 0.84615 0.72240 0.59431 0.99308 0.68642 0.15616 1.00000 0.69072 0.85412 1.00000 0.62328 0.61902
42.00000 23.00000 0.47618 0.83290 1.00000 0.62699 0.65449 0.64672 0.52060 0.50794 0.50063 0.45578 0.86316 0.60453 0.38462 0.64529 0.45618 0.99325 0.50963 0.34245 0.00000 0.63918 0.86469 1.00000 0.49075 0.49355
42.00000 24.00000 0.59526 0.73741 0.00000 0.23809 0.01056 0.03294 0.03603 0.29318 0.21016 0.09063 0.00118 0.01595 0.02564 0.03328 0.08928 0.00171 0.07072 0.92835 0.00000 0.04124 0.00000 0.00000 0.14430 0.14451
42.00000 25.00000 0.00005 0.00071 1.00000 1.00000 0.97971 0.92010 0.87883 1.00000 0.99937 0.96323 0.99865 0.88132 0.94872 0.90016 0.96356 0.99303 0.69038 0.06289 1.00000 0.90722 1.00000 1.00000 0.97309 0.97801
42.00000 26.00000 0.23810 0.29691 1.00000 0.59794 0.63374 0.68012 0.65123 0.61718 0.61543 0.59256 0.85253 0.65360 0.84615 0.73782 0.59441 0.99295 0.67490 0.14987 1.00000 0.67010 0.85412 1.00000 0.62092 0.63054
42.00000 27.00000 0.59519 0.73634 0.00000 0.23809 0.00487 0.03867 0.03070 0.29318 0.21016 0.09072 0.00110 0.01880 0.02564 0.03734 0.08867 0.00179 0.06651 0.93199 0.00000 0.02062 0.00000 0.00000 0.13824 0.14085
42.00000 28.00000 0.23818 0.29691 1.00000 0.59794 0.63154 0.68261 0.66552 0.61718 0.61606 0.59502 0.85257 0.65111 0.84615 0.73133 0.59526 0.99303 0.68286 0.14703 1.00000 0.65979 0.85412 1.00000 0.62260 0.62533
42.00000 29.00000 0.99978 0.99762 1.00000 0.00000 0.12768 0.27902 0.20994 0.00000 0.00251 0.00573 0.62705 0.26736 0.23077 0.43750 0.00521 0.99317 0.56280 0.39670 0.00000 0.25773 0.62791 1.00000 0.00942 0.02348
42.00000 30.00000 0.00001 0.00000 1.00000 1.00000 0.97522 0.90995 0.88334 1.00000 0.99937 0.96254 0.99867 0.88181 0.94872 0.89042 0.96212 0.99311 0.69368 0.07514 1.00000 0.92784 1.00000 1.00000 0.97376 0.97209
42.00000 31.00000 0.99976 0.99762 1.00000 0.00000 0.12796 0.27964 0.21422 0.00000 0.00251 0.00573 0.62707 0.26882 0.23077 0.45860 0.00631 0.99317 0.56131 0.39404 0.00000 0.28866 0.62791 1.00000 0.01278 0.02016
42.00000 32.00000 0.23813 0.29691 1.00000 0.59794 0.62915 0.67054 0.65447 0.61718 0.61543 0.59578 0.85261 0.64946 0.84615 0.74513 0.59468 0.99297 0.67471 0.14174 1.00000 0.68041 0.85412 1.00000 0.62059 0.62522
42.00000 33.00000 0.83322 0.99786 1.00000 0.06027 0.18019 0.32517 0.23480 0.14659 0.14555 0.13266 0.65019 0.29079 0.23077 0.45698 0.13429 0.99306 0.53971 0.38470 0.00000 0.34021 0.65116 1.00000 0.15473 0.16334
42.00000 34.00000 0.00002 0.00024 1.00000 1.00000 0.97687 0.91605 0.88012 1.00000 0.99937 0.96077 0.99859 0.88150 0.94872 0.88799 0.96293 0.99317 0.68449 0.08213 1.00000 0.89691 1.00000 1.00000 0.97275 0.97591
42.00000 35.00000 0.99998 0.99762 1.00000 0.00000 0.12411 0.29314 0.21645 0.00000 0.00251 0.00642 0.62711 0.27245 0.23077 0.45536 0.00604 0.99333 0.56549 0.39860 0.00000 0.26804 0.62791 1.00000 0.01581 0.02063
42.00000 36.00000 0.83320 0.99762 1.00000 0.06027 0.18423 0.31485 0.22118 0.14659 0.14617 0.13409 0.65024 0.29622 0.23077 0.43669 0.13454 0.99297 0.53522 0.38591 0.00000 0.29897 0.65116 1.00000 0.15439 0.15912
42.00000 37.00000 0.99990 0.99762 1.00000 0.00000 0.12254 0.27200 0.22935 0.00000 0.00251 0.00600 0.62709 0.26989 0.23077 0.45211 0.00584 0.99308 0.56402 0.39888 0.00000 0.27835 0.62791 1.00000 0.01278 0.02194
42.00000 38.00000 0.99982 0.99762 1.00000 0.00000 0.12750 0.26722 0.22423 0.00000 0.00251 0.00529 0.62722 0.27490 0.23077 0.44968 0.00565 0.99330 0.55722 0.40396 0.00000 0.27835 0.62791 1.00000 0.01783 0.01711
42.00000 39.00000 0.99998 0.99834 1.00000 0.00000 0.12567 0.26711 0.17360 0.00000 0.00251 0.00612 0.62726 0.27237 0.23077 0.45536 0.00511 0.99306 0.56811 0.40054 0.00000 0.26804 0.62791 1.00000 0.01211 0.01121
42.00000 40.00000 0.23810 0.29810 1.00000 0.59794 0.63273 0.66597 0.65683 0.61718 0.61543 0.59408 0.85255 0.65025 0.84615 0.71753 0.59492 0.99306 0.68319 0.15080 1.00000 0.68041 0.85412 1.00000 0.62529 0.62728
42.00000 41.00000 0.83332 0.99941 1.00000 0.06027 0.18386 0.31345 0.22037 0.14659 0.14555 0.13268 0.65017 0.29990 0.23077 0.45860 0.13361 0.99300 0.52615 0.39753 0.00000 0.31959 0.65116 1.00000 0.16044 0.15772
42.00000 42.00000 0.83336 0.99988 1.00000 0.06027 0.17936 0.30025 0.21982 0.14659 0.14555 0.13418 0.65022 0.29609 0.23077 0.44724 0.13270 0.99295 0.51990 0.38141 0.00000 0.31959 0.65116 1.00000 0.15338 0.15969
42.00000 43.00000 0.99983 0.99762 1.00000 0.00000 0.12603 0.27829 0.22375 0.00000 0.00251 0.00617 0.62715 0.27439 0.23077 0.45130 0.00631 0.99306 0.55931 0.39812 0.00000 0.27835 0.62791 1.00000 0.02254 0.01182
42.00000 44.00000 0.99998 0.99929 1.00000 0.00000 0.12668 0.28518 0.22887 0.00000 0.00251 0.00734 0.62717 0.27282 0.23077 0.46834 0.00633 0.99311 0.56580 0.41140 0.00000 0.27835 0.62791 1.00000 0.01850 0.01862
42.00000 45.00000 0.83325 0.99917 1.00000 0.06027 0.17918 0.31305 0.22556 0.14659 0.14617 0.13234 0.65032 0.29852 0.23077 0.44643 0.13473 0.99306 0.53113 0.38535 0.00000 0.31959 0.65116 1.00000 0.16650 0.15921
42.00000 46.00000 0.83325 0.99774 1.00000 0.06027 0.18019 0.29495 0.22649 0.14659 0.14555 0.13342 0.65011 0.29676 0.23077 0.44481 0.13481 0.99308 0.53019 0.38075 0.00000 0.31959 0.65116 1.00000 0.15473 0.15864
42.00000 47.00000 0.83317 0.99869 1.00000 0.06027 0.18093 0.34645 0.23684 0.14659 0.14555 0.13517 0.65019 0.29490 0.23077 0.44886 0.13317 0.99306 0.51879 0.38380 0.00000 0.29897 0.65116 1.00000 0.16213 0.15658
42.00000 48.00000 0.83335 0.99762 1.00000 0.06027 0.18166 0.29987 0.22810 0.14659 0.14617 0.13363 0.65019 0.29609 0.23077 0.45373 0.13329 0.99308 0.51100 0.37214 0.00000 0.31959 0.65116 1.00000 0.16280 0.16056
42.00000 49.00000 0.47615 0.83325 1.00000 0.62699 0.65357 0.62099 0.51341 0.50794 0.50000 0.45585 0.86316 0.59929 0.35897 0.65747 0.45621 0.99289 0.49871 0.33792 0.00000 0.63918 0.86469 1.00000 0.48739 0.48973
42.00000 50.00000 0.59516 0.73682 0.00000 0.23809 0.00955 0.04998 0.05166 0.29318 0.21016 0.09010 0.00122 0.01271 0.02564 0.01786 0.08737 0.00160 0.06786 0.93922 0.00000 0.04124 0.00000 0.00000 0.13656 0.14238
42.00000 51.00000 0.99980 0.99917 1.00000 0.00000 0.12658 0.29047 0.23048 0.00000 0.00251 0.00525 0.62715 0.27487 0.23077 0.46916 0.00411 0.99311 0.56874 0.40317 0.00000 0.29897 0.62791 1.00000 0.01951 0.01459
42.00000 52.00000 0.83330 0.99762 1.00000 0.06027 0.17964 0.32274 0.21042 0.14659 0.14555 0.13441 0.65022 0.28716 0.23077 0.45779 0.13283 0.99306 0.51506 0.37906 0.00000 0.31959 0.65116 1.00000 0.15843 0.15715
42.00000 53.00000 0.00004 0.00000 1.00000 1.00000 0.98302 0.91151 0.88822 1.00000 0.99937 0.96247 0.99859 0.88024 0.94872 0.90584 0.96290 0.99297 0.69628 0.07023 1.00000 0.91753 1.00000 1.00000 0.97040 0.97087
42.00000 54.00000 0.99995 0.99857 1.00000 0.00000 0.12585 0.27783 0.22743 0.00000 0.00251 0.00637 0.62717 0.27222 0.23077 0.46347 0.00628 0.99311 0.57169 0.38836 0.00000 0.27835 0.62791 1.00000 0.01715 0.00983
42.00000 55.00000 1.00000 0.99762 1.00000 0.00000 0.12310 0.26611 0.22459 0.00000 0.00251 0.00538 0.62713 0.27271 0.23077 0.45455 0.00579 0.99311 0.56563 0.39777 0.00000 0.27835 0.62791 1.00000 0.02085 0.02072
42.00000 56.00000 0.99985 0.99917 1.00000 0.00000 0.12640 0.28872 0.23007 0.00000 0.00251 0.00587 0.62713 0.27058 0.23077 0.47484 0.00601 0.99306 0.56922 0.40787 0.00000 0.25773 0.62791 1.00000 0.01345 0.01470
42.00000 57.00000 0.00005 0.00119 1.00000 1.00000 0.97255 0.92015 0.90515 1.00000 0.99937 0.96158 0.99850 0.88081 0.94872 0.90503 0.96244 0.99306 0.69767 0.07964 1.00000 0.92784 1.00000 1.00000 0.97511 0.97322
42.00000 58.00000 0.00004 0.00000 1.00000 1.00000 0.97246 0.91589 0.89149 1.00000 0.99937 0.96270 0.99871 0.87717 0.94872 0.90422 0.96319 0.99325 0.69587 0.07372 1.00000 0.93814 1.00000 1.00000 0.97679 0.97519
42.00000 59.00000 0.00007 0.00119 1.00000 1.00000 0.97623 0.90554 0.87270 1.00000 0.99937 0.96135 0.99859 0.88064 0.94872 0.89205 0.96229 0.99322 0.70017 0.07234 1.00000 0.91753 1.00000 1.00000 0.97410 0.97291
42.00000 60.00000 0.47610 0.83325 1.00000 0.62699 0.65605 0.64086 0.51668 0.50794 0.50000 0.45576 0.86331 0.60974 0.35897 0.64610 0.45667 0.99300 0.51687 0.36086 0.00000 0.63918 0.86469 1.00000 0.48402 0.48487
42.00000 61.00000 0.59513 0.73812 0.00000 0.23809 0.00799 0.03978 0.05356 0.29318 0.21016 0.09049 0.00118 0.01797 0.02564 0.03571 0.08986 0.00179 0.07161 0.91915 0.00000 0.01031 0.00000 0.00000 0.14766 0.14104
42.00000 62.00000 0.59521 0.73634 0.00000 0.23809 0.00835 0.03232 0.03017 0.29318 0.21016 0.09104 0.00116 0.01641 0.02564 0.03896 0.08896 0.00171 0.06932 0.92669 0.00000 0.05155 0.00000 0.00000 0.13892 0.14369
42.00000 63.00000 0.00005 0.00012 1.00000 1.00000 0.97494 0.90743 0.87314 1.00000 0.99937 0.95916 0.99865 0.87655 0.94872 0.89367 0.96234 0.99317 0.69611 0.07355 1.00000 0.91753 1.00000 1.00000 0.96704 0.97356
42.00000 64.00000 0.47609 0.83171 1.00000 0.62699 0.65531 0.62547 0.51289 0.50794 0.50063 0.45656 0.86327 0.60632 0.38462 0.63068 0.45691 0.99303 0.51401 0.35470 0.00000 0.62887 0.86469 1.00000 0.48638 0.48403
42.00000 65.00000 0.59525 0.73634 0.00000 0.23809 0.00294 0.04542 0.04784 0.29318 0.21016 0.09067 0.00116 0.01841 0.02564 0.02760 0.08962 0.00168 0.05045 0.93164 0.00000 0.03093 0.00000 0.00000 0.14396 0.14707
42.00000 66.00000 0.99977 0.99762 1.00000 0.00000 0.12401 0.27548 0.23266 0.00000 0.00251 0.00435 0.62705 0.27330 0.23077 0.46347 0.00481 0.99311 0.56936 0.39992 0.00000 0.28866 0.62791 1.00000 0.01278 0.02253
42.00000 67.00000 0.83324 0.99762 1.00000 0.06027 0.18276 0.32984 0.22709 0.14659 0.14617 0.13416 0.65026 0.29891 0.23077 0.46185 0.13495 0.99308 0.52730 0.38539 0.00000 0.30928 0.65116 1.00000 0.16246 0.16328
42.00000 68.00000 0.59524 0.73634 0.00000 0.23809 0.00789 0.01545 0.04203 0.29318 0.21016 0.09173 0.00133 0.01511 0.02564 0.02192 0.08996 0.00190 0.06730 0.92770 0.00000 0.04124 0.00000 0.00000 0.14430 0.15140
42.00000 69.00000 0.00004 0.00000 1.00000 1.00000 0.97843 0.93311 0.89550 1.00000 0.99937 0.96247 0.99867 0.88376 0.94872 0.89205 0.96422 0.99308 0.71284 0.07926 1.00000 0.91753 1.00000 1.00000 0.97780 0.97015
42.00000 70.00000 0.00004 0.00024 1.00000 1.00000 0.97558 0.93490 0.89146 1.00000 0.99937 0.96402 0.99861 0.88415 0.94872 0.89448 0.96307 0.99308 0.69346 0.06898 1.00000 0.92784 1.00000 1.00000 0.97040 0.97997
42.00000 71.00000 0.23821 0.29691 1.00000 0.59794 0.62723 0.68288 0.65527 0.61718 0.61606 0.59560 0.85261 0.65039 0.84615 0.73945 0.59597 0.99314 0.68264 0.14987 1.00000 0.68041 0.85412 1.00000 0.62025 0.62261
42.00000 72.00000 0.59522 0.73634 0.00000 0.23809 0.00606 0.02738 0.03869 0.29318 0.21016 0.09067 0.00122 0.01533 0.02564 0.02192 0.08950 0.00174 0.06298 0.93316 0.00000 0.04124 0.00000 0.00000 0.13555 0.14341
42.00000 73.00000 0.47614 0.83254 1.00000 0.62699 0.65495 0.62984 0.54015 0.50794 0.50063 0.45741 0.86342 0.60601 0.35897 0.64692 0.45787 0.99306 0.50071 0.35218 0.00000 0.64948 0.86469 1.00000 0.48638 0.48104
42.00000 74.00000 0.99978 0.99762 1.00000 0.00000 0.12585 0.27324 0.22731 0.00000 0.00251 0.00626 0.62719 0.27337 0.23077 0.46185 0.00513 0.99311 0.58427 0.39532 0.00000 0.26804 0.62791 1.00000 0.02186 0.01989
42.00000 75.00000 0.23815 0.29822 1.00000 0.59794 0.63218 0.66292 0.64355 0.61718 0.61543 0.59599 0.85268 0.65231 0.84615 0.73214 0.59585 0.99308 0.68454 0.14533 1.00000 0.67010 0.85412 1.00000 0.61588 0.62985
42.00000 76.00000 0.59512 0.73634 0.00000 0.23809 0.01248 0.03756 0.03389 0.29318 0.21016 0.08957 0.00124 0.01804 0.02564 0.03571 0.08964 0.00174 0.06375 0.92178 0.00000 0.05155 0.00000 0.00000 0.14632 0.14229
42.00000 77.00000 0.23815 0.29774 1.00000 0.59794 0.62879 0.68766 0.65829 0.61718 0.61543 0.59424 0.85249 0.65387 0.84615 0.72484 0.59563 0.99306 0.67572 0.14388 1.00000 0.68041 0.85412 1.00000 0.62059 0.62663
42.00000 78.00000 0.00003 0.00095 1.00000 1.00000 0.97724 0.91529 0.88262 1.00000 0.99937 0.96372 0.99859 0.88006 0.94872 0.91477 0.96344 0.99308 0.70065 0.07677 1.00000 0.92784 1.00000 1.00000 0.97074 0.97847
42.00000 79.00000 0.59522 0.73634 0.00000 0.23809 0.01065 0.03329 0.06622 0.29318 0.21016 0.09017 0.00122 0.02033 0.02564 0.03328 0.08847 0.00179 0.04780 0.92880 0.00000 0.04124 0.00000 0.00000 0.13791 0.13907
42.00000 80.00000 0.47616 0.83135 1.00000 0.62699 0.65284 0.61634 0.53116 0.50794 0.50000 0.45675 0.86325 0.59593 0.35897 0.64610 0.45489 0.99292 0.50970 0.35785 0.00000 0.62887 0.86469 1.00000 0.48167 0.48227
42.00000 81.00000 0.83320 0.99762 1.00000 0.06027 0.18294 0.33705 0.22106 0.14659 0.14617 0.13478 0.65024 0.29812 0.25641 0.45536 0.13454 0.99322 0.52074 0.38110 0.00000 0.31959 0.65116 1.00000 0.16078 0.16324
42.00000 82.00000 0.99993 0.99774 1.00000 0.00000 0.12640 0.29090 0.21955 0.00000 0.00251 0.00573 0.62711 0.26925 0.23077 0.47403 0.00550 0.99314 0.57429 0.39812 0.00000 0.27835 0.62791 1.00000 0.01783 0.02280
42.00000 83.00000 0.00006 0.00178 1.00000 1.00000 0.98265 0.91851 0.88997 1.00000 0.99937 0.96438 0.99852 0.87681 0.94872 0.89773 0.96261 0.99330 0.69762 0.07874 1.00000 0.90722 1.00000 1.00000 0.96973 0.97424
42.00000 84.00000 0.83331 0.99762 1.00000 0.06027 0.17927 0.31391 0.20961 0.14659 0.14555 0.13404 0.65038 0.29675 0.23077 0.44562 0.13366 0.99322 0.52805 0.37989 0.00000 0.30928 0.65116 1.00000 0.16313 0.16226
42.00000 85.00000 0.23804 0.29691 1.00000 0.59794 0.63200 0.67950 0.65394 0.61718 0.61543 0.59334 0.85253 0.64738 0.84615 0.71834 0.59436 0.99306 0.66958 0.15952 1.00000 0.68041 0.85412 1.00000 0.62328 0.62053
42.00000 86.00000 0.99996 0.99762 1.00000 0.00000 0.12530 0.26849 0.21775 0.00000 0.00251 0.00676 0.62709 0.26950 0.23077 0.46185 0.00587 0.99322 0.57352 0.38539 0.00000 0.27835 0.62791 1.00000 0.01581 0.02017
42.00000 87.00000 0.59511 0.73634 0.00000 0.23809 0.00670 0.02557 0.05010 0.29318 0.21016 0.09065 0.00122 0.01649 0.02564 0.02841 0.08962 0.00182 0.06355 0.92884 0.00000 0.03093 0.00000 0.00000 0.13421 0.14276
42.00000 88.00000 0.47611 0.83135 1.00000 0.62699 0.65770 0.62082 0.52804 0.50794 0.50000 0.45698 0.86318 0.60949 0.38462 0.65747 0.45735 0.99306 0.49912 0.34851 0.00000 0.62887 0.86469 1.00000 0.48840 0.49102
42.00000 89.00000 0.47626 0.83135 1.00000 0.62699 0.65587 0.62366 0.52852 0.50794 0.50063 0.45902 0.86335 0.60427 0.38462 0.65341 0.45782 0.99317 0.52156 0.33900 0.00000 0.61856 0.86469 1.00000 0.48806 0.48635
42.00000 90.00000 0.83335 0.99952 1.00000 0.06027 0.18285 0.30440 0.21417 0.14659 0.14555 0.13482 0.65028 0.29993 0.23077 0.44399 0.13388 0.99303 0.52350 0.37999 0.00000 0.31959 0.65116 1.00000 0.15742 0.15467
42.00000 91.00000 0.99983 0.99762 1.00000 0.00000 0.12557 0.29466 0.22527 0.00000 0.00251 0.00791 0.62713 0.27550 0.23077 0.47484 0.00538 0.99319 0.56453 0.38712 0.00000 0.26804 0.62791 1.00000 0.01076 0.02070
42.00000 92.00000 0.23814 0.29691 1.00000 0.59794 0.62860 0.67245 0.64763 0.61718 0.61543 0.59525 0.85261 0.65078 0.84615 0.73539 0.59524 0.99311 0.68396 0.14122 1.00000 0.67010 0.85412 1.00000 0.61588 0.62517
42.00000 93.00000 0.83328 0.99798 1.00000 0.06027 0.18037 0.32179 0.23720 0.14659 0.14617 0.13522 0.65036 0.29998 0.23077 0.45536 0.13471 0.99311 0.52911 0.38016 0.00000 0.30928 0.65116 1.00000 0.16011 0.15789
42.00000 94.00000 0.99984 0.99762 1.00000 0.00000 0.12346 0.29360 0.21588 0.00000 0.00251 0.00550 0.62715 0.27139 0.23077 0.46185 0.00552 0.99306 0.56898 0.39874 0.00000 0.27835 0.62791 1.00000 0.01917 0.01489
42.00000 95.00000 0.83321 0.99762 1.00000 0.06027 0.18350 0.33138 0.22349 0.14659 0.14555 0.13386 0.65028 0.29380 0.23077 0.44968 0.13466 0.99325 0.52764 0.39241 0.00000 0.29897 0.65116 1.00000 0.16078 0.16039
42.00000 96.00000 0.23808 0.29857 1.00000 0.59794 0.63218 0.68898 0.64835 0.61718 0.61543 0.59511 0.85268 0.65875 0.84615 0.73864 0.59524 0.99314 0.66793 0.14184 1.00000 0.69072 0.85412 1.00000 0.62563 0.62551
42.00000 97.00000 0.99995 0.99798 1.00000 0.00000 0.12300 0.29512 0.21715 0.00000 0.00251 0.00785 0.62717 0.27477 0.23077 0.46510 0.00633 0.99319 0.57366 0.39625 0.00000 0.27835 0.62791 1.00000 0.01783 0.01797
42.00000 98.00000 0.59525 0.73634 0.00000 0.23809 0.00376 0.02938 0.03209 0.29318 0.21016 0.08989 0.00131 0.02211 0.02564 0.01867 0.08840 0.00171 0.06348 0.91739 0.00000 0.04124 0.00000 0.00000 0.14363 0.14170
42.00000 99.00000 0.83335 0.99786 1.00000 0.06027 0.18276 0.33227 0.25258 0.14659 0.14555 0.13446 0.65032 0.29939 0.23077 0.46429 0.13449 0.99311 0.53416 0.38940 0.00000 0.31959 0.65116 1.00000 0.15910 0.15816
42.00000 100.00000 0.99977 0.99846 1.00000 0.00000 0.12567 0.28021 0.22231 0.00000 0.00251 0.00614 0.62711 0.27490 0.23077 0.47321 0.00577 0.99306 0.58073 0.39604 0.00000 0.28866 0.62791 1.00000 0.01413 0.02256
42.00000 101.00000 0.83318 0.99762 1.00000 0.06027 0.18083 0.32377 0.23636 0.14659 0.14555 0.13505 0.65041 0.30296 0.23077 0.45455 0.13456 0.99319 0.52490 0.38072 0.00000 0.29897 0.65116 1.00000 0.16145 0.15865
42.00000 102.00000 0.59526 0.73634 0.00000 0.23809 0.01515 0.02922 0.03466 0.29318 0.21016 0.09164 0.00118 0.01556 0.02564 0.02760 0.08930 0.00154 0.06194 0.91739 0.00000 0.03093 0.00000 0.00000 0.13555 0.13935
42.00000 103.00000 0.99981 0.99762 1.00000 0.00000 0.12787 0.27800 0.23588 0.00000 0.00251 0.00690 0.62715 0.27093 0.23077 0.45211 0.00557 0.99314 0.57386 0.39317 0.00000 0.26804 0.62791 1.00000 0.01715 0.02107
42.00000 104.00000 0.23818 0.29691 1.00000 0.59794 0.62860 0.70065 0.65512 0.61718 0.61543 0.59615 0.85263 0.65587 0.84615 0.73214 0.59473 0.99311 0.67776 0.15730 1.00000 0.67010 0.85412 1.00000 0.62395 0.62467
42.00000 105.00000 0.83336 0.99798 1.00000 0.06027 0.18441 0.31458 0.21984 0.14659 0.14555 0.13489 0.65024 0.29612 0.23077 0.46104 0.13449 0.99311 0.53711 0.37888 0.00000 0.30928 0.65116 1.00000 0.15809 0.15928
42.00000 106.00000 0.23806 0.29751 1.00000 0.59794 0.63374 0.67664 0.66177 0.61718 0.61543 0.59544 0.85251 0.64897 0.84615 0.73458 0.59553 0.99319 0.66898 0.14599 1.00000 0.68041 0.85412 1.00000 0.62664 0.62295
42.00000 107.00000 0.83320 0.99917 1.00000 0.06027 0.18212 0.33265 0.21746 0.14659 0.14555 0.13459 0.65030 0.29945 0.23077 0.45779 0.13395 0.99330 0.52848 0.38179 0.00000 0.30928 0.65116 1.00000 0.15674 0.16682
42.00000 108.00000 0.99980 0.99834 1.00000 0.00000 0.12704 0.28215 0.22592 0.00000 0.00251 0.00727 0.62713 0.27088 0.23077 0.47321 0.00684 0.99306 0.57011 0.38622 0.00000 0.27835 0.62791 1.00000 0.01615 0.02070
42.00000 109.00000 0.59527 0.73634 0.00000 0.23809 0.00643 0.02158 0.02817 0.29318 0.21016 0.09180 0.00124 0.01876 0.02564 0.03815 0.08896 0.00187 0.05600 0.91635 0.00000 0.05155 0.00000 0.00000 0.14295 0.13769
42.00000 110.00000 0.99979 0.99857 1.00000 0.00000 0.12998 0.28931 0.22383 0.00000 0.00251 0.00467 0.62719 0.26819 0.23077 0.47159 0.00579 0.99333 0.57253 0.39327 0.00000 0.26804 0.62791 1.00000 0.01850 0.02036
42.00000 111.00000 0.99983 0.99762 1.00000 0.00000 0.12392 0.28199 0.20404 0.00000 0.00251 0.00745 0.62711 0.27657 0.23077 0.47159 0.00582 0.99328 0.56655 0.38117 0.00000 0.28866 0.62791 1.00000 0.01682 0.01803
42.00000 112.00000 0.47627 0.83314 1.00000 0.62699 0.65513 0.64591 0.52953 0.50794 0.50063 0.45870 0.86348 0.60617 0.38462 0.66153 0.45767 0.99325 0.50756 0.33014 0.00000 0.63918 0.86469 1.00000 0.48907 0.48112
42.00000 113.00000 0.00000 0.00048 1.00000 1.00000 0.97687 0.91170 0.89052 1.00000 0.99937 0.96303 0.99861 0.87948 0.94872 0.89773 0.96339 0.99297 0.71051 0.07109 1.00000 0.93814 1.00000 1.00000 0.97107 0.97636
42.00000 114.00000 0.99982 0.99762 1.00000 0.00000 0.12925 0.29085 0.23761 0.00000 0.00251 0.00676 0.62707 0.27653 0.23077 0.46591 0.00648 0.99319 0.58040 0.39168 0.00000 0.28866 0.62791 1.00000 0.01917 0.01640
42.00000 115.00000 0.00001 0.00166 1.00000 1.00000 0.97953 0.91607 0.89559 1.00000 0.99937 0.96316 0.99878 0.88488 0.94872 0.88799 0.96329 0.99314 0.70253 0.07248 1.00000 0.92784 1.00000 1.00000 0.97376 0.97846
42.00000 116.00000 0.47619 0.83135 1.00000 0.62699 0.65614 0.65142 0.54031 0.50794 0.50000 0.45907 0.86335 0.61048 0.38462 0.64935 0.45767 0.99325 0.52067 0.34550 0.00000 0.62887 0.86469 1.00000 0.48570 0.48411
42.00000 117.00000 0.83325 0.99964 1.00000 0.06027 0.18175 0.33937 0.23699 0.14659 0.14555 0.13542 0.65034 0.29879 0.25641 0.44968 0.13449 0.99300 0.53918 0.37117 0.00000 0.30928 0.65116 1.00000 0.15775 0.16355
42.00000 118.00000 0.99985 0.99762 1.00000 0.00000 0.12374 0.27686 0.21134 0.00000 0.00251 0.00541 0.62713 0.27532 0.23077 0.46672 0.00579 0.99322 0.59074 0.40068 0.00000 0.27835 0.62791 1.00000 0.01749 0.01348
42.00000 119.00000 0.99979 0.99869 1.00000 0.00000 0.12392 0.28809 0.22522 0.00000 0.00251 0.00750 0.62717 0.27219 0.23077 0.46429 0.00579 0.99325 0.56994 0.40393 0.00000 0.27835 0.62791 1.00000 0.01648 0.00725
42.00000 120.00000 0.99978 0.99881 1.00000 0.00000 0.12337 0.28126 0.21924 0.00000 0.00251 0.00561 0.62732 0.26804 0.23077 0.46104 0.00457 0.99328 0.56580 0.39943 0.00000 0.27835 0.62791 1.00000 0.01682 0.01866
42.00000 121.00000 0.00005 0.00000 1.00000 1.00000 0.97292 0.92507 0.91229 1.00000 0.99937 0.96388 0.99869 0.87803 0.94872 0.90179 0.96359 0.99303 0.71186 0.07344 1.00000 0.90722 1.00000 1.00000 0.96603 0.97570
42.00000 122.00000 0.00003 0.00036 1.00000 1.00000 0.98036 0.91842 0.88423 1.00000 0.99937 0.96330 0.99869 0.87827 0.94872 0.90016 0.96449 0.99330 0.70695 0.07286 1.00000 0.92784 1.00000 1.00000 0.97343 0.97661
42.00000 123.00000 0.23817 0.29739 1.00000 0.59794 0.63044 0.67027 0.66519 0.61718 0.61543 0.59590 0.85268 0.65869 0.84615 0.73701 0.59487 0.99303 0.66684 0.15495 1.00000 0.70103 0.85412 1.00000 0.62832 0.62597
42.00000 124.00000 0.99990 0.99905 1.00000 0.00000 0.12392 0.27989 0.21124 0.00000 0.00251 0.00527 0.62715 0.27689 0.23077 0.46104 0.00577 0.99322 0.57225 0.39023 0.00000 0.29897 0.62791 1.00000 0.02220 0.01652
42.00000 125.00000 0.99984 0.99846 1.00000 0.00000 0.12511 0.28240 0.20600 0.00000 0.00251 0.00598 0.62713 0.27548 0.23077 0.47403 0.00535 0.99319 0.56989 0.39224 0.00000 0.26804 0.62791 1.00000 0.00975 0.01391
42.00000 126.00000 0.23812 0.29786 1.00000 0.59794 0.63328 0.67534 0.66478 0.61718 0.61543 0.59663 0.85263 0.65311 0.84615 0.73458 0.59693 0.99325 0.68769 0.13582 1.00000 0.67010 0.85412 1.00000 0.62698 0.62213
42.00000 127.00000 0.23816 0.29691 1.00000 0.59794 0.62961 0.68566 0.65558 0.61718 0.61543 0.59507 0.85265 0.65771 0.84615 0.75162 0.59727 0.99319 0.68798 0.14208 1.00000 0.67010 0.85412 1.00000 0.61655 0.62470
42.00000 128.00000 0.99998 0.99762 1.00000 0.00000 0.12732 0.27565 0.21907 0.00000 0.00251 0.00545 0.62715 0.26845 0.23077 0.46672 0.00650 0.99325 0.56708 0.39476 0.00000 0.28866 0.62791 1.00000 0.01514 0.01713
42.00000 129.00000 0.47611 0.83135 1.00000 0.62699 0.65963 0.62482 0.52583 0.50794 0.50000 0.45748 0.86331 0.60176 0.38462 0.63961 0.45694 0.99317 0.51677 0.33861 0.00000 0.62887 0.86469 1.00000 0.48873 0.48685
42.00000 130.00000 0.59527 0.73729 0.00000 0.23809 0.00661 0.05498 0.04129 0.29318 0.21016 0.09120 0.00133 0.02060 0.02564 0.03653 0.08903 0.00179 0.06651 0.91988 0.00000 0.04124 0.00000 0.00000 0.13925 0.13866
42.00000 131.00000 0.99981 0.99964 1.00000 0.00000 0.12649 0.26012 0.21220 0.00000 0.00251 0.00660 0.62724 0.27741 0.23077 0.46185 0.00538 0.99317 0.55476 0.39227 0.00000 0.29897 0.62791 1.00000 0.02691 0.01941
42.00000 132.00000 0.00007 0.00000 1.00000 1.00000 0.97769 0.91327 0.88863 1.00000 0.99937 0.96418 0.99871 0.87939 0.94872 0.89448 0.96295 0.99319 0.69560 0.06231 1.00000 0.91753 1.00000 1.00000 0.97410 0.97128
42.00000 133.00000 0.99986 0.99762 1.00000 0.00000 0.12851 0.28034 0.22078 0.00000 0.00251 0.00474 0.62717 0.28068 0.23077 0.45455 0.00599 0.99328 0.58458 0.38777 0.00000 0.27835 0.62791 1.00000 0.02287 0.00845
42.00000 134.00000 0.99984 0.99941 1.00000 0.00000 0.12649 0.28842 0.22318 0.00000 0.00251 0.00594 0.62719 0.27689 0.23077 0.46591 0.00569 0.99322 0.58740 0.38985 0.00000 0.29897 0.62791 1.00000 0.01648 0.01813
42.00000 135.00000 0.00004 0.00000 1.00000 1.00000 0.97834 0.91521 0.87405 1.00000 0.99937 0.96300 0.99863 0.88222 0.94872 0.90097 0.96576 0.99311 0.70166 0.06615 1.00000 0.93814 1.00000 1.00000 0.98116 0.97116
42.00000 136.00000 0.00001 0.00048 1.00000 1.00000 0.97852 0.92617 0.91733 1.00000 0.99937 0.96475 0.99871 0.88077 0.94872 0.90828 0.96464 0.99317 0.71073 0.06570 1.00000 0.93814 1.00000 1.00000 0.97208 0.97433
42.00000 137.00000 0.00005 0.00000 1.00000 1.00000 0.97659 0.91861 0.88719 1.00000 0.99937 0.96489 0.99869 0.87746 0.94872 0.91071 0.96432 0.99306 0.70823 0.07466 1.00000 0.92784 1.00000 1.00000 0.97141 0.97710
42.00000 138.00000 0.99977 0.99762 1.00000 0.00000 0.12374 0.31056 0.21439 0.00000 0.00251 0.00612 0.62705 0.27916 0.23077 0.45455 0.00530 0.99314 0.57795 0.38286 0.00000 0.27835 0.62791 1.00000 0.01480 0.01715
42.00000 139.00000 0.23805 0.29929 1.00000 0.59794 0.63833 0.68733 0.67244 0.61718 0.61543 0.59576 0.85274 0.64870 0.84615 0.72484 0.59700 0.99341 0.68728 0.15391 1.00000 0.68041 0.85412 1.00000 0.62395 0.62771
42.00000 140.00000 0.23824 0.29691 1.00000 0.59794 0.62943 0.66929 0.67203 0.61718 0.61543 0.59587 0.85263 0.65741 0.84615 0.72240 0.59651 0.99325 0.68738 0.14343 1.00000 0.69072 0.85412 1.00000 0.62597 0.62519
42.00000 141.00000 0.99998 0.99822 1.00000 0.00000 0.12897 0.27224 0.22042 0.00000 0.00251 0.00690 0.62717 0.28005 0.23077 0.46266 0.00618 0.99333 0.57597 0.38732 0.00000 0.27835 0.62791 1.00000 0.01446 0.01144
42.00000 142.00000 0.99990 0.99762 1.00000 0.00000 0.12310 0.26922 0.21878 0.00000 0.00251 0.00656 0.62719 0.27247 0.23077 0.47971 0.00672 0.99339 0.58564 0.38393 0.00000 0.28866 0.62791 1.00000 0.02254 0.01108
42.00000 143.00000 0.23820 0.29893 1.00000 0.59794 0.63264 0.68550 0.66653 0.61718 0.61543 0.59622 0.85280 0.65487 0.84615 0.72808 0.59754 0.99330 0.69611 0.15305 1.00000 0.68041 0.85412 1.00000 0.62462 0.62632
42.00000 144.00000 0.47607 0.83302 1.00000 0.62699 0.65238 0.62196 0.53407 0.50794 0.50000 0.45900 0.86337 0.61091 0.38462 0.65422 0.45853 0.99317 0.51567 0.34913 0.00000 0.62887 0.86469 1.00000 0.48369 0.48912
42.00000 145.00000 0.23817 0.29798 1.00000 0.59794 0.63503 0.67729 0.65635 0.61718 0.61606 0.59764 0.85274 0.65155 0.84615 0.74432 0.59695 0.99325 0.68596 0.14862 1.00000 0.67010 0.85412 1.00000 0.62395 0.62788
42.00000 146.00000 0.47606 0.83159 1.00000 0.62699 0.65513 0.63614 0.51678 0.50794 0.50063 0.45909 0.86352 0.61000 0.38462 0.65503 0.45919 0.99325 0.52682 0.33007 0.00000 0.63918 0.86469 1.00000 0.48907 0.49339
42.00000 147.00000 0.23819 0.29691 1.00000 0.59794 0.63319 0.66943 0.65322 0.61718 0.61543 0.59532 0.85263 0.65287 0.84615 0.72808 0.59737 0.99317 0.68418 0.15163 1.00000 0.67010 0.85412 1.00000 0.62294 0.62552
42.00000 148.00000 0.47623 0.83135 1.00000 0.62699 0.65706 0.64356 0.52432 0.50794 0.50063 0.45863 0.86356 0.60846 0.38462 0.66315 0.45926 0.99347 0.53072 0.36076 0.00000 0.64948 0.86469 1.00000 0.49310 0.48651
42.00000 149.00000 0.23818 0.29917 1.00000 0.59794 0.62915 0.68560 0.67340 0.61718 0.61543 0.59829 0.85272 0.64902 0.84615 0.74269 0.59749 0.99322 0.67309 0.14360 1.00000 0.67010 0.85412 1.00000 0.62092 0.62378
42.00000 150.00000 0.23803 0.29822 1.00000 0.59794 0.63549 0.67856 0.66576 0.61718 0.61606 0.59493 0.85268 0.64997 0.84615 0.74351 0.59668 0.99330 0.69062 0.13205 1.00000 0.68041 0.85412 1.00000 0.62361 0.63367
42.00000 151.00000 0.59511 0.73634 0.00000 0.23809 0.01010 0.03321 0.02284 0.29318 0.21016 0.09047 0.00137 0.01784 0.02564 0.03166 0.08862 0.00185 0.07293 0.91659 0.00000 0.04124 0.00000 0.00000 0.13757 0.14662
42.00000 152.00000 0.00005 0.00000 1.00000 1.00000 0.97843 0.92896 0.89137 1.00000 0.99937 0.96445 0.99880 0.89150 0.94872 0.89692 0.96469 0.99319 0.69084 0.07535 1.00000 0.92784 1.00000 1.00000 0.97175 0.97880
42.00000 153.00000 0.83328 0.99762 1.00000 0.06027 0.18239 0.31701 0.23574 0.14659 0.14555 0.13568 0.65041 0.30036 0.23077 0.44805 0.13432 0.99330 0.53269 0.38701 0.00000 0.30928 0.65116 1.00000 0.16145 0.15654
42.00000 154.00000 0.23807 0.29786 1.00000 0.59794 0.63393 0.69136 0.66555 0.61718 0.61543 0.59688 0.85280 0.66195 0.84615 0.72808 0.59739 0.99330 0.67689 0.13278 1.00000 0.67010 0.85412 1.00000 0.62664 0.62410
42.00000 155.00000 0.59513 0.73694 0.00000 0.23809 0.00789 0.05087 0.03194 0.29318 0.21016 0.09173 0.00137 0.02091 0.02564 0.02597 0.08879 0.00187 0.06192 0.91542 0.00000 0.05155 0.00000 0.00000 0.14262 0.14391
42.00000 156.00000 0.47625 0.83135 1.00000 0.62699 0.65431 0.63673 0.52951 0.50794 0.50000 0.45755 0.86350 0.60788 0.38462 0.66721 0.45931 0.99330 0.51365 0.33879 0.00000 0.64948 0.86469 1.00000 0.48234 0.49175
42.00000 157.00000 0.59526 0.73741 0.00000 0.23809 0.01010 0.03030 0.02988 0.29318 0.21016 0.09033 0.00141 0.01480 0.02564 0.03490 0.08991 0.00182 0.06319 0.92320 0.00000 0.04124 0.00000 0.00000 0.14127 0.14359
42.00000 158.00000 0.83323 0.99976 1.00000 0.06027 0.18166 0.32503 0.22558 0.14659 0.14555 0.13620 0.65043 0.29851 0.25641 0.45698 0.13527 0.99333 0.54794 0.37446 0.00000 0.31959 0.65116 1.00000 0.16583 0.16049
42.00000 159.00000 0.00000 0.00000 1.00000 1.00000 0.98127 0.92409 0.90556 1.00000 0.99937 0.96618 0.99876 0.88575 0.94872 0.91477 0.96713 0.99319 0.71787 0.06217 1.00000 0.91753 1.00000 1.00000 0.97511 0.97709
42.00000 160.00000 0.47627 0.83337 1.00000 0.62699 0.65697 0.63862 0.54180 0.50794 0.50000 0.45918 0.86350 0.61298 0.38462 0.66071 0.45933 0.99325 0.53392 0.33422 0.00000 0.63918 0.86469 1.00000 0.48503 0.48785
42.00000 161.00000 0.59520 0.73634 0.00000 0.23809 0.01147 0.03921 0.05606 0.29318 0.21016 0.09274 0.00129 0.02282 0.02564 0.03734 0.08889 0.00179 0.06151 0.91728 0.00000 0.05155 0.00000 0.00000 0.14430 0.14416
42.00000 162.00000 0.59523 0.73729 0.00000 0.23809 0.00918 0.03070 0.03913 0.29318 0.21016 0.09313 0.00133 0.01764 0.02564 0.03896 0.08996 0.00207 0.07216 0.92576 0.00000 0.05155 0.00000 0.00000 0.14060 0.14067
42.00000 163.00000 0.00004 0.00000 1.00000 1.00000 0.97861 0.92123 0.89696 1.00000 0.99937 0.96756 0.99871 0.89324 0.94872 0.90909 0.96669 0.99308 0.69842 0.06836 1.00000 0.92784 1.00000 1.00000 0.97713 0.98061
42.00000 164.00000 0.83333 0.99822 1.00000 0.06027 0.18322 0.32123 0.22618 0.14659 0.14555 0.13413 0.65047 0.30131 0.23077 0.45536 0.13517 0.99344 0.53454 0.37587 0.00000 0.30928 0.65116 1.00000 0.16078 0.16215
42.00000 165.00000 0.99988 0.99762 1.00000 0.00000 0.12888 0.29198 0.23115 0.00000 0.00251 0.00670 0.62713 0.27979 0.23077 0.46104 0.00733 0.99341 0.57383 0.40030 0.00000 0.27835 0.62791 1.00000 0.01245 0.01626
42.00000 166.00000 0.59528 0.73646 0.00000 0.23809 0.00643 0.03826 0.03792 0.29318 0.21016 0.09148 0.00127 0.01698 0.02564 0.03166 0.08986 0.00196 0.07707 0.92337 0.00000 0.04124 0.00000 0.00000 0.14161 0.13885
42.00000 167.00000 0.99983 0.99762 1.00000 0.00000 0.12851 0.27845 0.21957 0.00000 0.00251 0.00571 0.62726 0.27944 0.23077 0.47159 0.00780 0.99330 0.57898 0.39241 0.00000 0.28866 0.62791 1.00000 0.01951 0.01834
42.00000 168.00000 0.00004 0.00095 1.00000 1.00000 0.97962 0.91292 0.90448 1.00000 0.99937 0.96480 0.99873 0.87948 0.94872 0.89367 0.96596 0.99322 0.71311 0.06383 1.00000 0.91753 1.00000 1.00000 0.97376 0.97463
42.00000 169.00000 0.23804 0.29869 1.00000 0.59794 0.63384 0.68531 0.66819 0.61718 0.61543 0.59764 0.85270 0.65474 0.84615 0.74513 0.59825 0.99328 0.70664 0.14852 1.00000 0.68041 0.85412 1.00000 0.62260 0.62588
42.00000 170.00000 0.99989 0.99762 1.00000 0.00000 0.12961 0.29881 0.23014 0.00000 0.00251 0.00693 0.62730 0.28284 0.25641 0.46997 0.00662 0.99322 0.60076 0.39424 0.00000 0.28866 0.62791 1.00000 0.01480 0.01686
42.00000 171.00000 0.00005 0.00071 1.00000 1.00000 0.97714 0.91923 0.88846 1.00000 0.99937 0.96777 0.99873 0.88652 0.94872 0.91558 0.96789 0.99322 0.70342 0.05535 1.00000 0.90722 1.00000 1.00000 0.97040 0.97253
42.00000 172.00000 0.99993 0.99762 1.00000 0.00000 0.13200 0.28348 0.22945 0.00000 0.00251 0.00727 0.62726 0.27902 0.25641 0.47808 0.00775 0.99347 0.58444 0.39009 0.00000 0.28866 0.62791 1.00000 0.01144 0.01356
42.00000 173.00000 0.47627 0.83278 1.00000 0.62699 0.65862 0.63541 0.53287 0.50794 0.50063 0.45937 0.86354 0.60968 0.38462 0.65097 0.46038 0.99339 0.52235 0.32716 0.00000 0.64948 0.86469 1.00000 0.48772 0.49160
42.00000 174.00000 0.83328 0.99798 1.00000 0.06027 0.18634 0.31753 0.24633 0.14659 0.14555 0.13676 0.65060 0.30215 0.25641 0.45373 0.13657 0.99328 0.54517 0.36864 0.00000 0.31959 0.65116 1.00000 0.16011 0.16512
42.00000 175.00000 0.47622 0.83135 1.00000 0.62699 0.65899 0.63543 0.53337 0.50794 0.50063 0.46075 0.86354 0.60924 0.38462 0.66234 0.46134 0.99358 0.53271 0.33744 0.00000 0.63918 0.86469 1.00000 0.49075 0.49244
42.00000 176.00000 0.23812 0.29691 1.00000 0.59794 0.63806 0.69751 0.64950 0.61718 0.61543 0.59962 0.85274 0.65617 0.84615 0.76867 0.59834 0.99325 0.68726 0.14928 1.00000 0.68041 0.85412 1.00000 0.62159 0.63063
42.00000 177.00000 0.99979 0.99810 1.00000 0.00000 0.12411 0.27829 0.21549 0.00000 0.00251 0.00704 0.62726 0.28160 0.23077 0.47890 0.00606 0.99328 0.57922 0.38691 0.00000 0.28866 0.62791 1.00000 0.01615 0.01434
42.00000 178.00000 0.47628 0.83230 1.00000 0.62699 0.65724 0.64596 0.51353 0.50794 0.50000 0.45978 0.86363 0.60698 0.38462 0.66640 0.46080 0.99358 0.53043 0.33737 0.00000 0.63918 0.86469 1.00000 0.49041 0.49468
42.00000 179.00000 0.99995 0.99941 1.00000 0.00000 0.12273 0.28904 0.23672 0.00000 0.00251 0.00856 0.62724 0.27732 0.25641 0.47159 0.00833 0.99330 0.57831 0.37791 0.00000 0.27835 0.62791 1.00000 0.02523 0.01707
42.00000 180.00000 0.23822 0.29691 1.00000 0.59794 0.63209 0.67729 0.66965 0.61718 0.61543 0.59771 0.85287 0.65602 0.84615 0.73782 0.59771 0.99350 0.68230 0.15236 1.00000 0.65979 0.85412 1.00000 0.62462 0.62520
42.00000 181.00000 0.59514 0.73634 0.00000 0.23809 0.01221 0.01431 0.06180 0.29318 0.21016 0.09249 0.00148 0.01825 0.02564 0.04870 0.08889 0.00201 0.07587 0.92244 0.00000 0.05155 0.00000 0.00000 0.13892 0.14414
42.00000 182.00000 0.83314 0.99762 1.00000 0.06027 0.17964 0.30827 0.22433 0.14659 0.14555 0.13685 0.65066 0.30344 0.25641 0.45211 0.13649 0.99361 0.55130 0.35961 0.00000 0.32990 0.65116 1.00000 0.16011 0.16238
42.00000 183.00000 0.47605 0.83290 1.00000 0.62699 0.65972 0.64931 0.52319 0.50794 0.50000 0.45836 0.86350 0.61030 0.38462 0.64610 0.45975 0.99366 0.52892 0.34031 0.00000 0.64948 0.86469 1.00000 0.48772 0.48928
42.00000 184.00000 0.59513 0.73634 0.00000 0.23809 0.01037 0.03527 0.05743 0.29318 0.20954 0.09173 0.00141 0.02035 0.02564 0.04302 0.09170 0.00193 0.07611 0.90884 0.00000 0.03093 0.00000 0.00000 0.13791 0.14472
42.00000 185.00000 0.00005 0.00000 1.00000 1.00000 0.98293 0.93085 0.90875 1.00000 0.99937 0.96896 0.99886 0.88677 0.94872 0.90990 0.96740 0.99328 0.71359 0.08023 1.00000 0.91753 1.00000 1.00000 0.97780 0.97871
42.00000 186.00000 0.99989 0.99762 1.00000 0.00000 0.12493 0.30108 0.23281 0.00000 0.00251 0.00651 0.62732 0.27500 0.23077 0.47971 0.00767 0.99336 0.60165 0.38158 0.00000 0.27835 0.62791 1.00000 0.01615 0.01838
42.00000 187.00000 0.47615 0.83135 1.00000 0.62699 0.65853 0.64834 0.52307 0.50794 0.50000 0.46017 0.86356 0.61739 0.38462 0.66883 0.46060 0.99352 0.52120 0.33571 0.00000 0.64948 0.86469 1.00000 0.48940 0.48911
42.00000 188.00000 0.59514 0.73824 0.00000 0.23809 0.01221 0.02646 0.05310 0.29318 0.21016 0.09348 0.00141 0.02420 0.02564 0.04708 0.09135 0.00193 0.07310 0.91510 0.00000 0.05155 0.00000 0.00000 0.13959 0.14026
42.00000 189.00000 0.00005 0.00048 1.00000 1.00000 0.97567 0.91327 0.90184 1.00000 0.99937 0.96781 0.99880 0.88656 0.94872 0.91640 0.96918 0.99344 0.71748 0.07282 1.00000 0.91753 1.00000 1.00000 0.97376 0.98645
42.00000 190.00000 0.23822 0.29739 1.00000 0.59794 0.63384 0.67929 0.65740 0.61718 0.61543 0.59875 0.85276 0.65758 0.84615 0.75568 0.59937 0.99350 0.69616 0.13084 1.00000 0.69072 0.85412 1.00000 0.63068 0.62540
42.00000 191.00000 0.99985 0.99952 1.00000 0.00000 0.12778 0.30349 0.24242 0.00000 0.00251 0.00658 0.62738 0.28475 0.25641 0.48377 0.00753 0.99355 0.59216 0.37456 0.00000 0.28866 0.62791 1.00000 0.01783 0.01664
42.00000 192.00000 0.59517 0.73682 0.00000 0.23809 0.00927 0.06637 0.02013 0.29318 0.21016 0.09297 0.00158 0.01957 0.02564 0.04302 0.09089 0.00198 0.06894 0.91801 0.00000 0.05155 0.00000 0.00000 0.14834 0.14024
42.00000 193.00000 0.00004 0.00000 1.00000 1.00000 0.98146 0.92682 0.89761 1.00000 0.99937 0.96839 0.99880 0.88966 0.94872 0.90828 0.96874 0.99333 0.72477 0.06272 1.00000 0.91753 1.00000 1.00000 0.97746 0.98149
42.00000 194.00000 0.99990 0.99869 1.00000 0.00000 0.12392 0.28094 0.23070 0.00000 0.00251 0.00828 0.62743 0.28547 0.25641 0.48782 0.00894 0.99350 0.59639 0.36767 0.00000 0.30928 0.62791 1.00000 0.02085 0.02520
42.00000 195.00000 0.59514 0.73694 0.00000 0.23809 0.01092 0.04528 0.03653 0.29318 0.21016 0.09228 0.00154 0.02756 0.02564 0.04464 0.09069 0.00215 0.08305 0.90933 0.00000 0.02062 0.00000 0.00000 0.13724 0.14032
42.00000 196.00000 0.23822 0.29917 1.00000 0.59794 0.63264 0.68269 0.66286 0.61718 0.61543 0.59960 0.85301 0.66499 0.84615 0.76461 0.60108 0.99369 0.70084 0.13962 1.00000 0.69072 0.85412 1.00000 0.62731 0.62848
42.00000 197.00000 0.00003 0.00154 1.00000 1.00000 0.97724 0.92315 0.89189 1.00000 0.99937 0.96804 0.99878 0.89008 0.94872 0.91477 0.97014 0.99341 0.71825 0.05497 1.00000 0.92784 1.00000 1.00000 0.97780 0.98224
42.00000 198.00000 0.83329 0.99762 1.00000 0.06027 0.18212 0.33899 0.22524 0.14659 0.14555 0.13897 0.65072 0.30929 0.25641 0.46997 0.13666 0.99363 0.55380 0.36861 0.00000 0.31959 0.65116 1.00000 0.15977 0.17073
42.00000 199.00000 0.23812 0.29869 1.00000 0.59794 0.63292 0.71890 0.67842 0.61718 0.61543 0.60112 0.85293 0.66277 0.84615 0.74351 0.60022 0.99361 0.72347 0.14641 1.00000 0.69072 0.85412 1.00000 0.62832 0.63122
42.00000 200.00000 1.00000 0.99810 1.00000 0.00000 0.12640 0.29009 0.24126 0.00000 0.00251 0.00886 0.62728 0.28665 0.25641 0.46997 0.00758 0.99350 0.59632 0.37982 0.00000 0.28866 0.62791 1.00000 0.01985 0.01750
42.00000 201.00000 0.99981 0.99762 1.00000 0.00000 0.12539 0.28221 0.23209 0.00000 0.00251 0.00594 0.62734 0.28534 0.25641 0.47727 0.00819 0.99344 0.61012 0.37885 0.00000 0.29897 0.62791 1.00000 0.01884 0.02000
42.00000 202.00000 0.59523 0.73694 0.00000 0.23809 0.01184 0.03775 0.03449 0.29318 0.21016 0.09270 0.00152 0.02148 0.02564 0.04302 0.09292 0.00215 0.07738 0.90137 0.00000 0.04124 0.00000 0.00000 0.14295 0.14020
42.00000 203.00000 0.83317 0.99905 1.00000 0.06027 0.18616 0.34850 0.24804 0.14659 0.14617 0.13818 0.65072 0.31210 0.25641 0.44968 0.13840 0.99358 0.55250 0.35806 0.00000 0.31959 0.65116 1.00000 0.16246 0.16806
42.00000 204.00000 0.59513 0.73646 0.00000 0.23809 0.00927 0.03845 0.06117 0.29318 0.21016 0.09373 0.00146 0.02213 0.02564 0.03977 0.09094 0.00209 0.08803 0.92617 0.00000 0.05155 0.00000 0.00000 0.14161 0.14681
42.00000 205.00000 0.00003 0.00226 1.00000 1.00000 0.98182 0.93052 0.89891 1.00000 0.99937 0.97122 0.99890 0.89670 0.97436 0.89773 0.97075 0.99347 0.72299 0.06179 1.00000 0.92784 1.00000 1.00000 0.97612 0.98347
42.00000 206.00000 0.47616 0.83230 1.00000 0.62699 0.65706 0.63276 0.53066 0.50794 0.50000 0.46314 0.86377 0.61617 0.38462 0.66883 0.46202 0.99369 0.53579 0.32737 0.00000 0.64948 0.86469 1.00000 0.48604 0.48594
42.00000 207.00000 0.83319 0.99929 1.00000 0.06027 0.18469 0.31842 0.24035 0.14659 0.14617 0.13671 0.65078 0.30770 0.25641 0.46916 0.13815 0.99377 0.56388 0.35954 0.00000 0.31959 0.65116 1.00000 0.16145 0.17050
42.00000 208.00000 0.99986 0.99762 1.00000 0.00000 0.12750 0.28467 0.24873 0.00000 0.00251 0.00674 0.62730 0.28597 0.25641 0.47971 0.00890 0.99347 0.60803 0.36999 0.00000 0.28866 0.62791 1.00000 0.01480 0.01782
42.00000 209.00000 0.99994 0.99762 1.00000 0.00000 0.12264 0.29960 0.22805 0.00000 0.00251 0.00759 0.62741 0.28758 0.25641 0.49269 0.00868 0.99363 0.60382 0.38854 0.00000 0.28866 0.62791 1.00000 0.01951 0.01518
42.00000 210.00000 0.23811 0.29917 1.00000 0.59794 0.63576 0.70875 0.67731 0.61718 0.61606 0.60376 0.85308 0.66516 0.84615 0.75406 0.60147 0.99380 0.71799 0.13381 1.00000 0.69072 0.85412 1.00000 0.63269 0.63292
42.00000 211.00000 0.23810 0.29727 1.00000 0.59794 0.63475 0.68763 0.67823 0.61718 0.61606 0.60319 0.85303 0.66724 0.84615 0.74351 0.60201 0.99369 0.71015 0.13606 1.00000 0.71134 0.85412 1.00000 0.63438 0.63520
42.00000 212.00000 0.59512 0.73634 0.00000 0.23809 0.00991 0.02260 0.05555 0.29318 0.21016 0.09470 0.00160 0.03047 0.02564 0.04708 0.09201 0.00229 0.08736 0.90137 0.00000 0.05155 0.00000 0.00000 0.14329 0.14254
42.00000 213.00000 0.59519 0.73634 0.00000 0.23809 0.01074 0.03589 0.05577 0.29318 0.21016 0.09297 0.00162 0.02664 0.02564 0.04789 0.09226 0.00237 0.08532 0.89967 0.00000 0.05155 0.00000 0.00000 0.13757 0.14721
42.00000 214.00000 0.99977 1.00000 1.00000 0.00000 0.12668 0.30262 0.25140 0.00000 0.00251 0.00900 0.62755 0.28740 0.25641 0.48864 0.00677 0.99363 0.61813 0.35875 0.00000 0.28866 0.62791 1.00000 0.01547 0.01607
42.00000 215.00000 0.47619 0.83266 1.00000 0.62699 0.65678 0.66192 0.53741 0.50794 0.50063 0.46507 0.86384 0.62094 0.38462 0.65990 0.46478 0.99397 0.55306 0.33837 0.00000 0.65979 0.86469 1.00000 0.48940 0.49339
42.00000 216.00000 0.99990 0.99952 1.00000 0.00000 0.13081 0.29736 0.26041 0.00000 0.00251 0.00985 0.62736 0.28910 0.25641 0.47890 0.00738 0.99361 0.61841 0.37594 0.00000 0.29897 0.62791 1.00000 0.02052 0.01895
42.00000 217.00000 0.23805 0.29691 1.00000 0.59794 0.63576 0.66778 0.69105 0.61718 0.61543 0.60333 0.85318 0.66203 0.84615 0.75406 0.60316 0.99388 0.71722 0.13319 1.00000 0.69072 0.85412 1.00000 0.62664 0.62602
42.00000 218.00000 0.00002 0.00202 1.00000 1.00000 0.98651 0.93376 0.90121 1.00000 0.99937 0.97246 0.99899 0.89634 0.97436 0.91153 0.97378 0.99347 0.74785 0.05328 1.00000 0.92784 1.00000 1.00000 0.98385 0.98287
42.00000 219.00000 0.47628 0.83135 1.00000 0.62699 0.65990 0.66659 0.54829 0.50794 0.50000 0.46372 0.86392 0.62131 0.38462 0.68101 0.46415 0.99394 0.54952 0.32668 0.00000 0.63918 0.86469 1.00000 0.48739 0.49675
42.00000 220.00000 0.99984 0.99762 1.00000 0.00000 0.12300 0.28715 0.22767 0.00000 0.00251 0.01005 0.62751 0.28951 0.25641 0.48214 0.00885 0.99358 0.61084 0.35737 0.00000 0.29897 0.62791 1.00000 0.01917 0.01526
42.00000 221.00000 0.99989 0.99810 1.00000 0.00000 0.12732 0.30405 0.23254 0.00000 0.00251 0.01056 0.62751 0.28635 0.25641 0.49432 0.00956 0.99366 0.61654 0.36712 0.00000 0.29897 0.62791 1.00000 0.01278 0.01409
42.00000 222.00000 0.59528 0.73634 0.00000 0.23809 0.00973 0.05128 0.04206 0.29318 0.21016 0.09486 0.00158 0.02857 0.02564 0.04545 0.09262 0.00220 0.08895 0.89680 0.00000 0.03093 0.00000 0.00000 0.14363 0.14145
42.00000 223.00000 0.99995 0.99762 1.00000 0.00000 0.12897 0.30764 0.24148 0.00000 0.00251 0.00893 0.62743 0.29581 0.25641 0.49756 0.00931 0.99375 0.61608 0.35941 0.00000 0.29897 0.62791 1.00000 0.01951 0.01745
42.00000 224.00000 0.83321 0.99762 1.00000 0.06027 0.18809 0.33600 0.24794 0.14659 0.14555 0.13772 0.65102 0.31670 0.25641 0.47078 0.13862 0.99408 0.58112 0.35882 0.00000 0.32990 0.65116 1.00000 0.16583 0.16535
42.00000 225.00000 0.23803 0.29691 1.00000 0.59794 0.63760 0.69074 0.68128 0.61718 0.61543 0.60202 0.85316 0.66542 0.84615 0.76705 0.60479 0.99386 0.72270 0.13129 1.00000 0.68041 0.85412 1.00000 0.63000 0.63467
42.00000 226.00000 0.47626 0.83242 1.00000 0.62699 0.65917 0.67610 0.53606 0.50794 0.50063 0.46616 0.86401 0.62277 0.38462 0.67857 0.46571 0.99402 0.55246 0.32419 0.00000 0.64948 0.86469 1.00000 0.49109 0.49372
42.00000 227.00000 0.00004 0.00131 1.00000 1.00000 0.98256 0.94864 0.92031 1.00000 0.99937 0.97478 0.99892 0.90138 0.97436 0.93506 0.97673 0.99361 0.74752 0.05611 1.00000 0.92784 1.00000 1.00000 0.97578 0.98184
42.00000 228.00000 0.59531 0.73634 0.00000 0.23809 0.01074 0.04998 0.05704 0.29318 0.21016 0.09461 0.00173 0.03568 0.02564 0.04708 0.09463 0.00242 0.08931 0.90469 0.00000 0.05155 0.00000 0.00000 0.14363 0.14209
42.00000 229.00000 0.47623 0.83325 1.00000 0.62699 0.66018 0.65903 0.53164 0.50794 0.50000 0.46604 0.86405 0.62460 0.38462 0.68182 0.46657 0.99402 0.55929 0.31454 0.00000 0.64948 0.86469 1.00000 0.48604 0.48815
42.00000 230.00000 0.59522 0.73634 0.00000 0.23809 0.00890 0.08182 0.04177 0.29318 0.21016 0.09410 0.00167 0.02991 0.02564 0.04545 0.09282 0.00245 0.10270 0.89750 0.00000 0.06186 0.00000 0.00000 0.14329 0.14504
42.00000 231.00000 0.99987 1.00000 1.00000 0.00000 0.13053 0.29873 0.25056 0.00000 0.00251 0.01049 0.62757 0.29285 0.25641 0.47971 0.00936 0.99380 0.63633 0.37951 0.00000 0.28866 0.62791 1.00000 0.01312 0.01527
42.00000 232.00000 0.47605 0.83290 1.00000 0.62699 0.66266 0.65960 0.54812 0.50794 0.50000 0.46618 0.86411 0.63568 0.38462 0.68912 0.46608 0.99421 0.57342 0.32668 1.00000 0.64948 0.86469 1.00000 0.48570 0.49154
42.00000 233.00000 0.47628 0.83135 1.00000 0.62699 0.66238 0.65496 0.53839 0.50794 0.50000 0.46680 0.86399 0.62823 0.38462 0.66883 0.46564 0.99421 0.56849 0.31115 1.00000 0.67010 0.86469 1.00000 0.49210 0.48722
42.00000 234.00000 0.47624 0.83135 1.00000 0.62699 0.66055 0.66049 0.55790 0.50794 0.50000 0.46517 0.86422 0.62156 0.38462 0.67938 0.46515 0.99419 0.55700 0.32516 0.00000 0.65979 0.86469 1.00000 0.49210 0.48947
42.00000 235.00000 0.99988 0.99857 1.00000 0.00000 0.12649 0.29133 0.24362 0.00000 0.00251 0.01130 0.62753 0.29772 0.25641 0.49675 0.00948 0.99383 0.62957 0.34982 0.00000 0.31959 0.62791 1.00000 0.02422 0.02052
42.00000 236.00000 0.23824 0.29917 1.00000 0.59794 0.63209 0.71112 0.69276 0.61718 0.61543 0.60611 0.85337 0.67203 0.84615 0.74594 0.60575 0.99416 0.73311 0.13001 1.00000 0.68041 0.85412 1.00000 0.63337 0.63064
42.00000 237.00000 0.47620 0.83135 1.00000 0.62699 0.66064 0.65914 0.54814 0.50794 0.50000 0.46761 0.86405 0.63325 0.41026 0.68506 0.46667 0.99419 0.56982 0.31108 1.00000 0.65979 0.86469 1.00000 0.48907 0.49695
42.00000 238.00000 0.59523 0.73634 0.00000 0.23809 0.00679 0.05298 0.04494 0.29318 0.21016 0.09590 0.00184 0.03370 0.02564 0.06494 0.09341 0.00253 0.08464 0.89151 0.00000 0.05155 0.00000 0.00000 0.14598 0.13945
42.00000 239.00000 0.83313 0.99786 1.00000 0.06027 0.18717 0.33978 0.27294 0.14659 0.14617 0.14154 0.65114 0.32591 0.28205 0.48377 0.14114 0.99427 0.58884 0.33149 0.00000 0.32990 0.65116 1.00000 0.16717 0.16911
42.00000 240.00000 0.59514 0.73634 0.00000 0.23809 0.01294 0.03594 0.05884 0.29318 0.21016 0.09530 0.00196 0.03583 0.02564 0.07224 0.09368 0.00248 0.11124 0.88964 0.00000 0.06186 0.00000 0.00000 0.14733 0.14668
42.00000 241.00000 0.99991 0.99905 1.00000 0.00000 0.12842 0.30608 0.24107 0.00000 0.00251 0.01081 0.62766 0.29611 0.28205 0.50893 0.00982 0.99386 0.63808 0.34975 0.00000 0.28866 0.62791 1.00000 0.02052 0.02760
42.00000 242.00000 0.23801 0.29691 1.00000 0.59794 0.63842 0.70796 0.66960 0.61718 0.61543 0.60671 0.85344 0.67745 0.87179 0.77679 0.60687 0.99427 0.74658 0.11129 1.00000 0.70103 0.85412 1.00000 0.63471 0.62769
42.00000 243.00000 0.83319 0.99762 1.00000 0.06027 0.18662 0.35026 0.26245 0.14659 0.14617 0.14085 0.65123 0.32697 0.28205 0.48377 0.14121 0.99438 0.61560 0.34290 0.00000 0.35052 0.65116 1.00000 0.16650 0.16267
42.00000 244.00000 0.00007 0.00190 1.00000 1.00000 0.98302 0.92917 0.92477 1.00000 0.99937 0.98047 0.99916 0.90821 0.97436 0.94886 0.97991 0.99372 0.76211 0.04248 1.00000 0.95876 1.00000 1.00000 0.97915 0.98307
42.00000 245.00000 0.59511 0.73765 0.00000 0.23809 0.01597 0.07137 0.05973 0.29318 0.21016 0.09596 0.00177 0.04344 0.02564 0.04464 0.09453 0.00284 0.10126 0.87909 0.00000 0.04124 0.00000 0.00000 0.14733 0.14810
42.00000 246.00000 0.83315 0.99762 1.00000 0.06027 0.18368 0.34175 0.26679 0.14659 0.14617 0.14246 0.65125 0.32647 0.28205 0.48864 0.14131 0.99432 0.60646 0.34069 0.00000 0.34021 0.65116 1.00000 0.16919 0.16762
42.00000 247.00000 0.23820 0.29691 1.00000 0.59794 0.63760 0.70464 0.69084 0.61718 0.61606 0.60889 0.85350 0.67887 0.87179 0.76461 0.60792 0.99443 0.75067 0.12018 1.00000 0.69072 0.85412 1.00000 0.63606 0.62884
42.00000 248.00000 0.99993 0.99893 1.00000 0.00000 0.12787 0.31915 0.28699 0.00000 0.00251 0.01148 0.62785 0.30619 0.28205 0.50406 0.01149 0.99399 0.66239 0.34865 0.00000 0.29897 0.62791 1.00000 0.01581 0.02632
42.00000 249.00000 0.59527 0.73634 0.00000 0.23809 0.01010 0.03572 0.05094 0.29318 0.21016 0.09691 0.00186 0.04227 0.02564 0.05763 0.09556 0.00276 0.11816 0.88027 0.00000 0.05155 0.00000 0.00000 0.14564 0.15207
42.00000 250.00000 0.99980 0.99988 1.00000 0.00000 0.12989 0.31839 0.24355 0.00000 0.00251 0.01061 0.62776 0.29881 0.28205 0.50649 0.01124 0.99399 0.65001 0.34972 0.00000 0.31959 0.62791 1.00000 0.01278 0.02320
42.00000 251.00000 0.83330 0.99822 1.00000 0.06027 0.18377 0.36152 0.27246 0.14659 0.14617 0.14509 0.65133 0.32794 0.28205 0.50649 0.14160 0.99457 0.61541 0.34685 0.00000 0.35052 0.65116 1.00000 0.16919 0.16921
42.00000 252.00000 0.23801 0.29798 1.00000 0.59794 0.63668 0.71785 0.72578 0.61718 0.61543 0.61053 0.85369 0.67967 0.87179 0.78166 0.61020 0.99452 0.75346 0.11593 1.00000 0.72165 0.85412 1.00000 0.62933 0.63580
42.00000 253.00000 0.83323 0.99988 1.00000 0.06027 0.18864 0.35274 0.26338 0.14659 0.14555 0.14407 0.65131 0.33199 0.28205 0.50568 0.14341 0.99449 0.61801 0.32277 0.00000 0.34021 0.65116 1.00000 0.17053 0.16987
42.00000 254.00000 0.99990 0.99798 1.00000 0.00000 0.13567 0.30422 0.26785 0.00000 0.00251 0.01215 0.62783 0.31085 0.28205 0.51623 0.01070 0.99438 0.65792 0.34595 0.00000 0.30928 0.62791 1.00000 0.02220 0.02190
42.00000 255.00000 0.83330 0.99762 1.00000 0.06027 0.18460 0.34361 0.28546 0.14659 0.14555 0.14313 0.65138 0.32876 0.28205 0.50244 0.14314 0.99465 0.60726 0.32678 0.00000 0.34021 0.65116 1.00000 0.16448 0.16833
42.00000 256.00000 0.83315 0.99762 1.00000 0.06027 0.18579 0.32485 0.27755 0.14659 0.14617 0.14324 0.65133 0.33377 0.28205 0.51136 0.14338 0.99482 0.61310 0.34235 0.00000 0.34021 0.65116 1.00000 0.16515 0.17037
42.00000 257.00000 0.59526 0.73729 0.00000 0.23809 0.00753 0.05663 0.06182 0.29318 0.21016 0.09854 0.00217 0.05249 0.02564 0.08117 0.09629 0.00292 0.11148 0.88746 0.00000 0.05155 0.00000 0.00000 0.14632 0.14566
42.00000 258.00000 0.99993 0.99762 1.00000 0.00000 0.12695 0.31909 0.27318 0.00000 0.00251 0.01300 0.62774 0.30442 0.28205 0.51786 0.01268 0.99419 0.66384 0.33578 0.00000 0.31959 0.62791 1.00000 0.02186 0.02209
42.00000 259.00000 0.83333 0.99952 1.00000 0.06027 0.18506 0.35231 0.27314 0.14659 0.14617 0.14446 0.65152 0.33084 0.28205 0.51461 0.14444 0.99487 0.62601 0.32488 0.00000 0.34021 0.65116 1.00000 0.17087 0.17109
42.00000 260.00000 0.83318 0.99917 1.00000 0.06027 0.18671 0.35425 0.26072 0.14659 0.14555 0.14649 0.65152 0.32929 0.28205 0.50325 0.14529 0.99471 0.62077 0.33308 0.00000 0.34021 0.65116 1.00000 0.17289 0.17164
42.00000 261.00000 0.59524 0.73634 0.00000 0.23809 0.01377 0.05112 0.05632 0.29318 0.21016 0.09792 0.00205 0.04063 0.02564 0.08442 0.09551 0.00278 0.12593 0.86131 0.00000 0.06186 0.00000 0.00000 0.14699 0.14550
42.00000 262.00000 0.23815 0.29691 1.00000 0.59794 0.64035 0.73243 0.69725 0.61718 0.61606 0.61276 0.85390 0.68391 0.87179 0.76705 0.61286 0.99485 0.77652 0.11070 1.00000 0.71134 0.85412 1.00000 0.64077 0.63460
42.00000 263.00000 0.59522 0.73634 0.00000 0.23809 0.01423 0.04596 0.06096 0.29318 0.21016 0.09833 0.00219 0.04573 0.02564 0.07224 0.09568 0.00287 0.12451 0.87006 0.00000 0.07216 0.00000 0.00000 0.14430 0.14672
42.00000 264.00000 0.83324 0.99762 1.00000 0.06027 0.19038 0.34712 0.27287 0.14659 0.14555 0.14573 0.65171 0.34168 0.28205 0.50244 0.14409 0.99490 0.63181 0.32952 0.00000 0.36082 0.65116 1.00000 0.16784 0.16809
42.00000 265.00000 0.00004 0.00190 1.00000 1.00000 0.98724 0.95037 0.94927 1.00000 0.99937 0.98737 0.99951 0.92711 0.97436 0.96672 0.98930 0.99427 0.79486 0.04030 1.00000 0.95876 1.00000 1.00000 0.98789 0.99358
42.00000 266.00000 0.47625 0.83135 1.00000 0.62699 0.66284 0.67043 0.56832 0.50794 0.50063 0.47646 0.86485 0.64896 0.41026 0.72646 0.47605 0.99510 0.61793 0.29973 1.00000 0.69072 0.86469 1.00000 0.49748 0.49595
42.00000 267.00000 0.00007 0.00202 1.00000 1.00000 0.98853 0.96797 0.94104 1.00000 1.00000 0.98905 0.99962 0.92860 0.97436 0.96510 0.99110 0.99443 0.80650 0.04144 1.00000 0.96907 1.00000 1.00000 0.98890 0.98972
42.00000 268.00000 0.99991 0.99834 1.00000 0.00000 0.12741 0.32109 0.27347 0.00000 0.00251 0.01516 0.62802 0.31970 0.30769 0.51218 0.01391 0.99452 0.70000 0.32979 0.00000 0.32990 0.62791 1.00000 0.01951 0.02100
42.00000 269.00000 0.47621 0.83135 1.00000 0.62699 0.66376 0.68150 0.57123 0.50794 0.50063 0.47683 0.86491 0.65405 0.43590 0.70536 0.47556 0.99526 0.62205 0.29160 1.00000 0.65979 0.86469 1.00000 0.49411 0.49464
42.00000 270.00000 0.00004 0.00000 1.00000 1.00000 0.98926 0.95334 0.94166 1.00000 1.00000 0.98983 0.99964 0.93603 0.97436 0.97403 0.99181 0.99454 0.81713 0.03072 1.00000 0.97938 1.00000 1.00000 0.98924 0.99390
42.00000 271.00000 0.23806 0.29691 1.00000 0.59794 0.63861 0.72389 0.70208 0.61718 0.61606 0.61400 0.85417 0.69667 0.87179 0.79708 0.61667 0.99526 0.79777 0.10510 1.00000 0.73196 0.85412 1.00000 0.63606 0.63268
42.00000 272.00000 0.83318 0.99762 1.00000 0.06027 0.18652 0.35703 0.28930 0.14659 0.14555 0.14854 0.65205 0.35197 0.30769 0.50731 0.14676 0.99532 0.64922 0.29842 0.00000 0.36082 0.65116 1.00000 0.16784 0.17140
42.00000 273.00000 0.23803 0.29917 1.00000 0.59794 0.64182 0.72492 0.72792 0.61718 0.61606 0.61669 0.85424 0.70328 0.87179 0.79140 0.61767 0.99545 0.80234 0.09721 1.00000 0.73196 0.85412 1.00000 0.63370 0.64096
42.00000 274.00000 0.00006 0.00000 1.00000 1.00000 0.98715 0.97154 0.94915 1.00000 1.00000 0.99342 0.99964 0.93553 0.97436 0.96347 0.99445 0.99449 0.81528 0.02844 1.00000 0.96907 1.00000 1.00000 0.99193 0.99910
42.00000 275.00000 0.59524 0.73634 0.00000 0.23809 0.01496 0.07245 0.06096 0.29318 0.21016 0.09919 0.00226 0.05584 0.02564 0.07873 0.09866 0.00331 0.12653 0.85394 0.00000 0.06186 0.00000 0.00000 0.14733 0.15034
42.00000 276.00000 0.83319 0.99917 1.00000 0.06027 0.18937 0.36044 0.28342 0.14659 0.14555 0.14805 0.65199 0.35143 0.30769 0.53734 0.14712 0.99548 0.67576 0.31291 0.00000 0.36082 0.65116 1.00000 0.17188 0.16890
42.00000 277.00000 0.83317 0.99762 1.00000 0.06027 0.18386 0.35609 0.28952 0.14659 0.14555 0.14778 0.65199 0.35315 0.30769 0.51461 0.14771 0.99543 0.66860 0.30405 0.00000 0.36082 0.65116 1.00000 0.17121 0.16450
42.00000 278.00000 0.59515 0.73634 0.00000 0.23809 0.01606 0.07391 0.07119 0.29318 0.21016 0.10112 0.00236 0.05310 0.02564 0.09172 0.10020 0.00336 0.14800 0.85937 0.00000 0.07216 0.00000 0.00000 0.14901 0.14802
42.00000 279.00000 0.47622 0.83135 1.00000 0.62699 0.67092 0.68550 0.57665 0.50794 0.50063 0.47718 0.86529 0.66278 0.43590 0.72484 0.47835 0.99584 0.65032 0.29042 1.00000 0.68041 0.86469 1.00000 0.50185 0.49952
42.00000 280.00000 0.00003 0.00000 1.00000 1.00000 0.99174 0.98048 0.94973 1.00000 1.00000 0.99482 0.99983 0.93578 1.00000 0.98295 0.99954 0.99471 0.84146 0.02062 1.00000 0.96907 1.00000 1.00000 0.99260 0.99898
