79.00000 1.00000 0.22414 0.08333 1.00000 1.00000 0.30422 0.23392 0.17775 1.00000 1.00000 0.73913 0.07576 0.15095 1.00000 0.14881 0.82090 0.25000 0.20415 0.21008 1.00000 0.25000 1.00000 1.00000 0.68217 0.87241
79.00000 2.00000 0.60920 0.58333 1.00000 1.00000 0.22892 0.24177 0.28663 1.00000 1.00000 0.80998 0.09091 0.13879 1.00000 0.17857 0.78891 0.17647 0.18882 0.22278 1.00000 0.25000 1.00000 1.00000 0.71318 0.62704
79.00000 3.00000 0.51724 0.08333 1.00000 1.00000 0.28313 0.29540 0.26756 1.00000 0.00000 0.83897 0.13636 0.16181 1.00000 0.30952 0.73561 0.16176 0.18970 0.39977 1.00000 0.33333 1.00000 1.00000 0.62791 0.68655
79.00000 4.00000 0.44828 0.33333 1.00000 1.00000 0.15060 0.28624 0.23396 1.00000 1.00000 0.71659 0.13636 0.16957 1.00000 0.14286 0.78038 0.17647 0.21937 0.26703 1.00000 0.33333 1.00000 1.00000 0.73643 0.80585
79.00000 5.00000 0.63218 0.66667 1.00000 1.00000 0.28313 0.24133 0.25658 1.00000 1.00000 0.75362 0.21212 0.16692 1.00000 0.15476 0.83156 0.26471 0.19347 0.30050 1.00000 0.33333 1.00000 1.00000 0.75194 0.69787
79.00000 6.00000 0.61494 0.50000 1.00000 1.00000 0.41867 0.24177 0.24173 1.00000 1.00000 0.74074 0.16667 0.14291 1.00000 0.13690 0.82090 0.17647 0.21112 0.35206 1.00000 0.25000 1.00000 1.00000 0.68217 0.79094
79.00000 7.00000 0.62644 0.08333 1.00000 1.00000 0.24699 0.29889 0.41290 1.00000 1.00000 0.72947 0.21212 0.13600 1.00000 0.14286 0.83795 0.22059 0.22169 0.16083 1.00000 0.25000 1.00000 1.00000 0.75969 0.83430
79.00000 8.00000 0.31609 0.50000 1.00000 1.00000 0.45783 0.27622 0.22367 1.00000 1.00000 0.66184 0.27273 0.15503 1.00000 0.17262 0.82303 0.16176 0.20611 0.30781 1.00000 0.33333 1.00000 1.00000 0.75194 0.77423
79.00000 9.00000 0.28161 0.08333 1.00000 1.00000 0.39458 0.32178 0.24223 1.00000 1.00000 0.88889 0.18182 0.13677 1.00000 0.16667 0.92537 0.10294 0.19445 0.18776 1.00000 0.25000 1.00000 1.00000 0.82171 0.69953
79.00000 10.00000 0.62644 0.25000 1.00000 1.00000 0.32530 0.38282 0.23666 1.00000 1.00000 0.67150 0.12121 0.16136 1.00000 0.13690 0.85288 0.23529 0.21364 0.22239 1.00000 0.33333 1.00000 1.00000 0.62791 0.75614
79.00000 11.00000 0.45977 0.08333 1.00000 1.00000 0.31928 0.12753 0.25608 1.00000 1.00000 0.77456 0.13636 0.15956 1.00000 0.17262 0.82516 0.16176 0.19424 0.27934 1.00000 0.25000 1.00000 1.00000 0.68992 0.56462
79.00000 12.00000 0.51149 0.66667 1.00000 1.00000 0.22892 0.46043 0.35972 1.00000 0.00000 0.78744 0.18182 0.16531 1.00000 0.29167 0.79531 0.20588 0.22159 0.24279 1.00000 0.33333 1.00000 1.00000 0.69767 0.85446
79.00000 13.00000 0.41379 0.75000 1.00000 1.00000 0.21988 0.20820 0.33710 1.00000 1.00000 0.81159 0.24242 0.17670 1.00000 0.16667 0.78891 0.16176 0.21452 0.28780 1.00000 0.33333 1.00000 1.00000 0.62016 0.68738
79.00000 14.00000 0.27586 0.83333 1.00000 1.00000 0.24096 0.30325 0.36901 1.00000 1.00000 0.76651 0.21212 0.14812 1.00000 0.28571 0.80597 0.14706 0.21122 0.21200 1.00000 0.16667 1.00000 1.00000 0.59690 0.79343
79.00000 15.00000 0.45402 0.16667 1.00000 1.00000 0.24096 0.39568 0.30250 1.00000 0.00000 0.70853 0.25758 0.18052 1.00000 0.22619 0.76546 0.20588 0.19832 0.36014 1.00000 0.33333 1.00000 1.00000 0.59690 0.70409
79.00000 16.00000 0.38506 0.66667 1.00000 1.00000 0.39759 0.14149 0.26401 1.00000 1.00000 0.82609 0.15152 0.16593 1.00000 0.04167 0.77399 0.08824 0.22464 0.36091 1.00000 0.25000 1.00000 1.00000 0.72093 0.73709
79.00000 17.00000 0.82759 0.25000 1.00000 1.00000 0.29819 0.20318 0.11158 1.00000 1.00000 0.80354 0.13636 0.14449 1.00000 0.19048 0.73987 0.20588 0.18753 0.34052 1.00000 0.33333 1.00000 1.00000 0.71318 0.77962
79.00000 18.00000 0.49425 0.41667 1.00000 1.00000 0.23193 0.31328 0.22265 1.00000 1.00000 0.77456 0.19697 0.14139 1.00000 0.04762 0.84009 0.19118 0.20043 0.19892 1.00000 0.25000 1.00000 1.00000 0.82171 0.83761
79.00000 19.00000 0.34483 0.66667 1.00000 1.00000 0.39759 0.37236 0.29895 1.00000 1.00000 0.65700 0.15152 0.17352 1.00000 0.13690 0.76546 0.14706 0.20064 0.21855 1.00000 0.25000 1.00000 1.00000 0.76744 0.62248
79.00000 20.00000 0.45402 0.08333 1.00000 1.00000 0.46084 0.12623 0.32866 1.00000 1.00000 0.84541 0.12121 0.16764 1.00000 0.15476 0.74840 0.11765 0.21112 0.21393 1.00000 0.25000 1.00000 1.00000 0.70543 0.76871
79.00000 21.00000 0.42529 0.58333 1.00000 1.00000 0.20783 0.20144 0.30790 1.00000 1.00000 0.68760 0.16667 0.17033 1.00000 0.22024 0.86141 0.25000 0.20069 0.36553 1.00000 0.33333 1.00000 1.00000 0.84496 0.76029
79.00000 22.00000 0.27586 0.41667 1.00000 1.00000 0.28313 0.22695 0.23987 1.00000 1.00000 0.75362 0.10606 0.13506 1.00000 0.11905 0.82516 0.20588 0.19037 0.34821 1.00000 0.33333 1.00000 1.00000 0.69767 0.87807
79.00000 23.00000 0.52299 0.16667 1.00000 1.00000 0.34337 0.25202 0.12188 1.00000 1.00000 0.69243 0.21212 0.14300 1.00000 0.14286 0.76972 0.19118 0.18676 0.37822 1.00000 0.25000 1.00000 1.00000 0.72093 0.68379
79.00000 24.00000 0.59770 0.25000 1.00000 1.00000 0.31627 0.26008 0.22198 1.00000 1.00000 0.65217 0.09091 0.14390 1.00000 0.20833 0.72068 0.14706 0.19868 0.13582 1.00000 0.33333 1.00000 1.00000 0.78295 0.74938
79.00000 25.00000 0.63793 0.33333 1.00000 1.00000 0.02711 0.12012 0.20712 1.00000 1.00000 0.78905 0.18182 0.17145 1.00000 0.17262 0.89765 0.11765 0.20575 0.35629 1.00000 0.33333 1.00000 1.00000 0.64341 0.82546
79.00000 26.00000 0.45402 0.16667 1.00000 1.00000 0.31325 0.38718 0.36242 1.00000 1.00000 0.73430 0.10606 0.15095 1.00000 0.13690 0.76333 0.10294 0.21303 0.31012 1.00000 0.33333 1.00000 1.00000 0.82171 0.82878
79.00000 27.00000 0.40230 0.66667 1.00000 1.00000 0.26807 0.35383 0.22603 1.00000 1.00000 0.82770 0.16667 0.12927 1.00000 0.20238 0.85928 0.14706 0.23217 0.32974 1.00000 0.33333 1.00000 1.00000 0.69767 0.65893
79.00000 28.00000 0.46552 0.08333 1.00000 1.00000 0.50301 0.38369 0.31381 1.00000 1.00000 0.73430 0.13636 0.17455 1.00000 0.14881 0.90832 0.11765 0.21060 0.43748 1.00000 0.16667 1.00000 1.00000 0.63566 0.71444
79.00000 29.00000 0.43678 0.16667 1.00000 1.00000 0.22289 0.35753 0.24527 1.00000 1.00000 0.72786 0.10606 0.14839 1.00000 0.23214 0.79531 0.16176 0.20678 0.18623 1.00000 0.25000 1.00000 1.00000 0.68992 0.81773
79.00000 30.00000 0.71264 0.83333 1.00000 1.00000 0.25602 0.24548 0.41830 1.00000 1.00000 0.76490 0.18182 0.17468 1.00000 0.16071 0.87846 0.11765 0.21380 0.20700 1.00000 0.25000 1.00000 1.00000 0.74419 0.84328
79.00000 31.00000 0.45402 0.41667 1.00000 1.00000 0.29217 0.23000 0.44142 1.00000 1.00000 0.94203 0.19697 0.16432 1.00000 0.23810 0.76759 0.22059 0.21700 0.32397 1.00000 0.16667 1.00000 1.00000 0.59690 0.87683
79.00000 32.00000 0.58046 0.83333 1.00000 1.00000 0.18675 0.33791 0.40682 1.00000 1.00000 0.85346 0.19697 0.17944 1.00000 0.40476 0.78465 0.23529 0.20327 0.36629 1.00000 0.33333 1.00000 1.00000 0.60465 0.71582
79.00000 33.00000 0.37356 0.83333 1.00000 1.00000 0.08735 0.28581 0.11040 1.00000 1.00000 0.73591 0.15152 0.17800 1.00000 0.23214 0.75053 0.17647 0.22562 0.12505 1.00000 0.33333 1.00000 1.00000 0.72093 0.84700
79.00000 34.00000 0.51724 0.83333 1.00000 1.00000 0.39759 0.13342 0.30233 1.00000 1.00000 0.71981 0.16667 0.14462 1.00000 0.27381 0.79744 0.17647 0.20946 0.27511 1.00000 0.25000 1.00000 1.00000 0.79070 0.85170
79.00000 35.00000 0.64943 0.58333 1.00000 1.00000 0.41566 0.26989 0.17336 1.00000 0.00000 0.75362 0.18182 0.15166 1.00000 0.22619 0.86141 0.14706 0.22133 0.25587 1.00000 0.25000 1.00000 1.00000 0.67442 0.71831
79.00000 36.00000 0.36782 0.75000 1.00000 1.00000 0.42470 0.20689 0.32562 1.00000 1.00000 0.79549 0.21212 0.19604 1.00000 0.25595 0.73348 0.19118 0.20162 0.34052 1.00000 0.25000 1.00000 1.00000 0.63566 0.77575
79.00000 37.00000 0.54023 0.75000 1.00000 1.00000 0.27711 0.24809 0.25574 1.00000 1.00000 0.71659 0.16667 0.10433 1.00000 0.16667 0.81663 0.17647 0.21690 0.22970 1.00000 0.25000 1.00000 1.00000 0.80620 0.72480
79.00000 38.00000 0.54023 0.50000 1.00000 1.00000 0.26807 0.15021 0.23970 1.00000 1.00000 0.71659 0.13636 0.11967 1.00000 0.19643 0.84435 0.16176 0.18211 0.27087 1.00000 0.33333 1.00000 1.00000 0.63566 0.71085
79.00000 39.00000 0.32184 0.83333 1.00000 1.00000 0.07530 0.29213 0.22248 1.00000 1.00000 0.80515 0.21212 0.18222 1.00000 0.14286 0.76759 0.20588 0.19987 0.22624 1.00000 0.33333 1.00000 1.00000 0.86047 0.71458
79.00000 40.00000 0.55747 0.25000 1.00000 1.00000 0.35843 0.37955 0.18045 1.00000 1.00000 0.86312 0.19697 0.16441 1.00000 0.19048 0.76119 0.26471 0.22427 0.24317 1.00000 0.25000 1.00000 1.00000 0.68992 0.65079
79.00000 41.00000 0.41954 0.25000 1.00000 1.00000 0.25602 0.30804 0.33103 1.00000 1.00000 0.78261 0.16667 0.16176 1.00000 0.16071 0.76972 0.17647 0.22077 0.29973 1.00000 0.33333 1.00000 1.00000 0.64341 0.82422
79.00000 42.00000 0.45402 0.66667 1.00000 1.00000 0.28916 0.42642 0.32242 1.00000 1.00000 0.66989 0.18182 0.15211 1.00000 0.16071 0.68657 0.11765 0.20410 0.10504 1.00000 0.25000 1.00000 1.00000 0.79070 0.70699
79.00000 43.00000 0.46552 0.50000 1.00000 1.00000 0.27711 0.32374 0.28038 1.00000 1.00000 0.69243 0.13636 0.13843 1.00000 0.23214 0.82942 0.22059 0.20750 0.40169 1.00000 0.33333 1.00000 1.00000 0.67442 0.81290
79.00000 44.00000 0.75287 0.75000 1.00000 1.00000 0.28313 0.23131 0.23633 1.00000 1.00000 0.66345 0.10606 0.16804 1.00000 0.20833 0.79744 0.14706 0.21416 0.20354 1.00000 0.33333 1.00000 1.00000 0.82946 0.83955
79.00000 45.00000 0.48276 0.75000 1.00000 1.00000 0.39759 0.22150 0.31178 1.00000 1.00000 0.78744 0.15152 0.16872 1.00000 0.16071 0.67591 0.20588 0.22856 0.36052 1.00000 0.33333 1.00000 1.00000 0.64341 0.66156
79.00000 46.00000 0.22414 0.08333 1.00000 1.00000 0.22892 0.29954 0.35061 1.00000 1.00000 0.65378 0.21212 0.16755 1.00000 0.19048 0.77825 0.11765 0.20606 0.38169 1.00000 0.25000 1.00000 1.00000 0.56589 0.77492
79.00000 47.00000 0.55747 0.16667 1.00000 1.00000 0.40964 0.28210 0.29845 1.00000 1.00000 0.73913 0.22727 0.15463 1.00000 0.15476 0.69510 0.19118 0.18846 0.19046 1.00000 0.25000 1.00000 1.00000 0.70543 0.64015
79.00000 48.00000 0.55172 0.33333 1.00000 1.00000 0.20783 0.25550 0.29085 1.00000 1.00000 0.77134 0.15152 0.11927 1.00000 0.13690 0.81023 0.16176 0.18206 0.27472 1.00000 0.16667 1.00000 1.00000 0.65891 0.66515
79.00000 49.00000 0.41954 0.66667 1.00000 1.00000 0.41566 0.24678 0.27718 1.00000 1.00000 0.83253 0.12121 0.20031 1.00000 0.18452 0.81237 0.22059 0.19909 0.19007 1.00000 0.25000 1.00000 1.00000 0.84496 0.63366
79.00000 50.00000 0.63218 0.08333 1.00000 1.00000 0.23494 0.33573 0.26249 1.00000 1.00000 0.75362 0.16667 0.13924 1.00000 0.25000 0.86354 0.22059 0.20776 0.24894 1.00000 0.33333 1.00000 1.00000 0.64341 0.86675
79.00000 51.00000 0.50000 0.66667 1.00000 1.00000 0.12048 0.20689 0.42488 1.00000 1.00000 0.77939 0.15152 0.18150 1.00000 0.22619 0.83795 0.22059 0.20121 0.26395 1.00000 0.16667 1.00000 1.00000 0.44961 0.60715
79.00000 52.00000 0.39655 0.16667 1.00000 1.00000 0.24699 0.18552 0.24122 1.00000 1.00000 0.76812 0.16667 0.16531 1.00000 0.25595 0.75053 0.23529 0.21493 0.27126 1.00000 0.50000 1.00000 1.00000 0.73643 0.84107
79.00000 53.00000 0.64943 0.41667 1.00000 1.00000 0.31325 0.28014 0.24713 1.00000 1.00000 0.73108 0.12121 0.18043 1.00000 0.26190 0.75053 0.17647 0.20482 0.18315 1.00000 0.16667 1.00000 1.00000 0.64341 0.78376
79.00000 54.00000 0.48851 0.83333 1.00000 1.00000 0.34639 0.18879 0.16391 1.00000 1.00000 0.66184 0.16667 0.16517 1.00000 0.26190 0.83156 0.26471 0.18211 0.28126 1.00000 0.25000 1.00000 1.00000 0.75194 0.69981
79.00000 55.00000 0.49425 0.00000 1.00000 1.00000 0.42470 0.12753 0.26941 1.00000 1.00000 0.64895 0.16667 0.14081 1.00000 0.13690 0.78465 0.19118 0.20544 0.24202 1.00000 0.25000 1.00000 1.00000 0.72093 0.51616
79.00000 56.00000 0.79310 0.50000 1.00000 1.00000 0.23193 0.12383 0.19058 1.00000 1.00000 0.72464 0.21212 0.17863 1.00000 0.14286 0.82942 0.11765 0.20513 0.15621 1.00000 0.33333 1.00000 1.00000 0.71318 0.69152
79.00000 57.00000 0.60345 0.83333 1.00000 1.00000 0.23494 0.25943 0.25810 1.00000 1.00000 0.74557 0.13636 0.15108 1.00000 0.14286 0.74627 0.16176 0.21896 0.35052 1.00000 0.41667 1.00000 1.00000 0.66667 0.71182
79.00000 58.00000 0.62069 0.08333 1.00000 1.00000 0.37651 0.40419 0.26705 1.00000 1.00000 0.75362 0.18182 0.15494 1.00000 0.20238 0.81663 0.22059 0.22128 0.36514 1.00000 0.41667 1.00000 1.00000 0.61240 0.60674
79.00000 59.00000 0.39655 0.33333 1.00000 1.00000 0.23795 0.11206 0.23548 1.00000 1.00000 0.69887 0.21212 0.18536 1.00000 0.17262 0.59488 0.17647 0.22479 0.25972 1.00000 0.25000 1.00000 1.00000 0.79070 0.71955
79.00000 60.00000 0.50575 0.41667 1.00000 1.00000 0.41566 0.33442 0.29271 1.00000 1.00000 0.71981 0.19697 0.14480 1.00000 0.19643 0.69510 0.19118 0.18949 0.20239 1.00000 0.33333 1.00000 1.00000 0.72868 0.67813
79.00000 61.00000 0.58621 0.83333 1.00000 1.00000 0.09940 0.34707 0.28596 1.00000 1.00000 0.73430 0.19697 0.18864 1.00000 0.19643 0.78891 0.22059 0.20828 0.40593 1.00000 0.33333 1.00000 1.00000 0.74419 0.69138
79.00000 62.00000 0.56897 0.41667 1.00000 1.00000 0.23193 0.32112 0.39433 1.00000 1.00000 0.72786 0.19697 0.15027 1.00000 0.06548 0.88273 0.20588 0.21561 0.19931 1.00000 0.41667 1.00000 1.00000 0.72093 0.79992
79.00000 63.00000 0.43678 0.83333 1.00000 1.00000 0.52108 0.24984 0.17083 1.00000 0.00000 0.64734 0.16667 0.15220 1.00000 0.22024 0.75693 0.19118 0.20162 0.21893 1.00000 0.33333 1.00000 1.00000 0.68217 0.74565
79.00000 64.00000 0.55747 0.25000 1.00000 1.00000 0.21386 0.28210 0.20020 1.00000 1.00000 0.73591 0.18182 0.16616 1.00000 0.26786 0.76972 0.22059 0.23630 0.27395 1.00000 0.25000 1.00000 1.00000 0.76744 0.66611
79.00000 65.00000 0.67241 0.58333 1.00000 1.00000 0.22590 0.29518 0.35922 1.00000 1.00000 0.86795 0.18182 0.17114 1.00000 0.14881 0.73348 0.23529 0.21019 0.22355 1.00000 0.25000 1.00000 1.00000 0.63566 0.72162
79.00000 66.00000 0.59195 0.83333 1.00000 1.00000 0.30422 0.13320 0.24274 1.00000 1.00000 0.62480 0.24242 0.14552 1.00000 0.14286 0.83795 0.17647 0.21189 0.33013 1.00000 0.33333 1.00000 1.00000 0.60465 0.66487
79.00000 67.00000 0.39080 0.66667 1.00000 1.00000 0.21386 0.40528 0.25827 1.00000 1.00000 0.73913 0.24242 0.16598 1.00000 0.23214 0.76119 0.16176 0.23743 0.41247 1.00000 0.25000 1.00000 1.00000 0.62791 0.73819
79.00000 68.00000 0.53448 0.16667 1.00000 1.00000 0.34639 0.24373 0.33947 1.00000 1.00000 0.70209 0.15152 0.16522 1.00000 0.22024 0.74840 0.19118 0.19950 0.31781 1.00000 0.41667 1.00000 1.00000 0.79845 0.78362
79.00000 69.00000 0.52299 0.00000 1.00000 1.00000 0.38253 0.40549 0.32968 1.00000 1.00000 0.79388 0.24242 0.21489 1.00000 0.07143 0.80597 0.22059 0.20755 0.38746 1.00000 0.33333 1.00000 1.00000 0.74419 0.70920
79.00000 70.00000 0.47126 0.41667 1.00000 1.00000 0.42470 0.22825 0.35010 1.00000 1.00000 0.71659 0.13636 0.15763 1.00000 0.29167 0.79744 0.23529 0.21060 0.24240 1.00000 0.33333 1.00000 1.00000 0.71318 0.58658
79.00000 71.00000 0.18966 0.41667 1.00000 1.00000 0.19578 0.23392 0.16307 1.00000 1.00000 0.73430 0.25758 0.16948 1.00000 0.19048 0.81876 0.23529 0.21715 0.37630 1.00000 0.33333 1.00000 1.00000 0.59690 0.90762
79.00000 72.00000 0.39080 0.33333 1.00000 1.00000 0.46988 0.25245 0.38319 1.00000 1.00000 0.71498 0.19697 0.16046 1.00000 0.28571 0.74840 0.17647 0.22644 0.37091 1.00000 0.33333 1.00000 1.00000 0.60465 0.75159
79.00000 73.00000 0.34483 0.50000 1.00000 1.00000 0.18072 0.39656 0.32596 1.00000 1.00000 0.82609 0.15152 0.15795 1.00000 0.24405 0.83156 0.25000 0.20580 0.19238 1.00000 0.33333 1.00000 1.00000 0.62791 0.82671
79.00000 74.00000 0.44828 0.41667 1.00000 1.00000 0.30422 0.35448 0.16999 1.00000 1.00000 0.69404 0.13636 0.15925 1.00000 0.29167 0.79531 0.16176 0.19646 0.32782 1.00000 0.33333 1.00000 1.00000 0.72868 0.74109
79.00000 75.00000 0.43678 0.66667 1.00000 1.00000 0.28614 0.38675 0.31077 1.00000 1.00000 0.65862 0.22727 0.17531 1.00000 0.24405 0.76333 0.14706 0.19311 0.31281 1.00000 0.33333 1.00000 1.00000 0.65116 0.83941
79.00000 76.00000 0.61494 0.58333 1.00000 1.00000 0.03313 0.21932 0.35905 1.00000 1.00000 0.71659 0.19697 0.15063 1.00000 0.23810 0.80597 0.17647 0.21452 0.31012 1.00000 0.41667 1.00000 1.00000 0.85271 0.75311
79.00000 77.00000 0.48276 0.08333 1.00000 1.00000 0.31325 0.32919 0.26131 1.00000 1.00000 0.62641 0.12121 0.12443 1.00000 0.32738 0.75053 0.17647 0.22887 0.38592 1.00000 0.16667 1.00000 1.00000 0.55814 0.62897
79.00000 78.00000 0.39655 0.33333 1.00000 1.00000 0.14157 0.33551 0.35196 1.00000 1.00000 0.75523 0.18182 0.17509 1.00000 0.14881 0.79104 0.23529 0.21726 0.25317 1.00000 0.41667 1.00000 1.00000 0.72868 0.84383
79.00000 79.00000 0.36207 0.41667 1.00000 1.00000 0.47892 0.25965 0.27448 1.00000 1.00000 0.79710 0.12121 0.14256 1.00000 0.29167 0.69296 0.17647 0.21808 0.28049 1.00000 0.25000 1.00000 1.00000 0.64341 0.72618
79.00000 80.00000 0.57471 0.50000 1.00000 1.00000 0.33434 0.40048 0.33609 1.00000 0.00000 0.70370 0.18182 0.19025 1.00000 0.28571 0.81237 0.20588 0.21979 0.25394 1.00000 0.25000 1.00000 1.00000 0.75194 0.65106
79.00000 81.00000 0.43678 0.41667 1.00000 1.00000 0.01807 0.23697 0.33356 1.00000 1.00000 0.66023 0.18182 0.18020 1.00000 0.17262 0.72708 0.08824 0.21839 0.19123 1.00000 0.25000 1.00000 1.00000 0.74419 0.70312
79.00000 82.00000 0.50000 0.41667 1.00000 1.00000 0.15361 0.30913 0.19986 1.00000 0.00000 0.72786 0.19697 0.17154 1.00000 0.14286 0.82942 0.22059 0.21690 0.48249 1.00000 0.33333 1.00000 1.00000 0.51163 0.64043
79.00000 83.00000 0.31034 0.75000 1.00000 1.00000 0.24699 0.22869 0.22164 1.00000 1.00000 0.85990 0.21212 0.15880 1.00000 0.25595 0.77825 0.14706 0.22876 0.32012 1.00000 0.25000 1.00000 1.00000 0.72093 0.56393
79.00000 84.00000 0.36207 0.50000 1.00000 1.00000 0.28614 0.37497 0.28106 1.00000 1.00000 0.69565 0.19697 0.17962 1.00000 0.22024 0.73987 0.26471 0.23207 0.32089 1.00000 0.33333 1.00000 1.00000 0.53488 0.50898
79.00000 85.00000 0.55747 0.50000 1.00000 1.00000 0.23494 0.46239 0.38268 1.00000 1.00000 0.75201 0.16667 0.18801 1.00000 0.19643 0.73348 0.13235 0.21979 0.40169 1.00000 0.41667 1.00000 1.00000 0.72868 0.84687
79.00000 86.00000 0.54023 0.16667 1.00000 1.00000 0.48193 0.19969 0.29153 1.00000 0.00000 0.81481 0.21212 0.13336 1.00000 0.30952 0.81450 0.20588 0.23310 0.21162 1.00000 0.33333 1.00000 1.00000 0.59690 0.66984
79.00000 87.00000 0.70690 0.08333 1.00000 1.00000 0.25904 0.15152 0.35162 1.00000 1.00000 0.75523 0.16667 0.14659 1.00000 0.33333 0.76546 0.22059 0.19873 0.27126 1.00000 0.41667 1.00000 1.00000 0.48837 0.73888
79.00000 88.00000 0.66667 0.66667 1.00000 1.00000 0.21084 0.43209 0.28933 1.00000 1.00000 0.71981 0.09091 0.13452 1.00000 0.23810 0.81450 0.25000 0.22077 0.23778 1.00000 0.25000 1.00000 1.00000 0.55039 0.65341
79.00000 89.00000 0.55747 0.58333 1.00000 1.00000 0.32831 0.55003 0.33913 1.00000 1.00000 0.70370 0.15152 0.20071 1.00000 0.26190 0.81663 0.23529 0.21416 0.49327 1.00000 0.25000 1.00000 1.00000 0.68217 0.49461
79.00000 90.00000 0.29885 0.41667 1.00000 1.00000 0.35542 0.35448 0.36158 1.00000 1.00000 0.75201 0.18182 0.17522 1.00000 0.32143 0.67804 0.23529 0.20838 0.21701 1.00000 0.33333 1.00000 1.00000 0.49612 0.68227
79.00000 91.00000 0.50575 0.83333 1.00000 1.00000 0.39458 0.30848 0.32951 1.00000 1.00000 0.65056 0.19697 0.18411 1.00000 0.11310 0.89552 0.25000 0.21948 0.08773 1.00000 0.25000 1.00000 1.00000 0.63566 0.82298
79.00000 92.00000 0.64943 0.83333 1.00000 1.00000 0.37651 0.34772 0.34335 1.00000 1.00000 0.65862 0.13636 0.16001 1.00000 0.29762 0.78465 0.26471 0.23341 0.30242 1.00000 0.33333 1.00000 1.00000 0.60465 0.62828
79.00000 93.00000 0.31609 0.16667 1.00000 1.00000 0.33735 0.44037 0.36462 1.00000 1.00000 0.69404 0.19697 0.17980 1.00000 0.34524 0.72708 0.19118 0.19687 0.42209 1.00000 0.25000 1.00000 1.00000 0.60465 0.70505
79.00000 94.00000 0.52874 0.25000 1.00000 1.00000 0.34337 0.34402 0.25439 1.00000 1.00000 0.77456 0.18182 0.14848 1.00000 0.26190 0.67164 0.29412 0.19465 0.37591 1.00000 0.41667 1.00000 1.00000 0.62791 0.72908
79.00000 95.00000 0.36207 0.75000 1.00000 1.00000 0.29819 0.49379 0.32157 1.00000 1.00000 0.64412 0.22727 0.15934 1.00000 0.15476 0.86141 0.25000 0.20358 0.22393 1.00000 0.33333 1.00000 1.00000 0.55039 0.60384
79.00000 96.00000 0.51724 0.08333 1.00000 1.00000 0.39759 0.27752 0.08964 1.00000 1.00000 0.75040 0.19697 0.16800 1.00000 0.22619 0.65032 0.19118 0.24605 0.36091 1.00000 0.41667 1.00000 1.00000 0.55814 0.89616
79.00000 97.00000 0.60920 0.41667 1.00000 1.00000 0.30422 0.38042 0.30874 1.00000 1.00000 0.75684 0.25758 0.16113 1.00000 0.29762 0.64819 0.16176 0.21808 0.30012 1.00000 0.25000 1.00000 1.00000 0.62016 0.67495
79.00000 98.00000 0.52874 0.50000 1.00000 1.00000 0.11145 0.44670 0.16087 1.00000 1.00000 0.61675 0.18182 0.16275 1.00000 0.29167 0.84222 0.26471 0.20544 0.24933 1.00000 0.41667 1.00000 1.00000 0.52713 0.81663
79.00000 99.00000 0.54023 0.75000 1.00000 1.00000 0.33133 0.29126 0.34892 1.00000 1.00000 0.70048 0.27273 0.18644 1.00000 0.24405 0.60341 0.13235 0.17174 0.28934 1.00000 0.33333 1.00000 1.00000 0.65116 0.61364
79.00000 100.00000 0.47126 0.41667 1.00000 1.00000 0.36446 0.18618 0.31364 1.00000 1.00000 0.68277 0.21212 0.16490 1.00000 0.23214 0.81237 0.30882 0.21462 0.25779 1.00000 0.41667 1.00000 1.00000 0.62016 0.74634
79.00000 101.00000 0.48851 0.16667 1.00000 1.00000 0.40663 0.42163 0.37508 1.00000 1.00000 0.66345 0.24242 0.20026 1.00000 0.27976 0.68017 0.29412 0.23816 0.40900 1.00000 0.41667 1.00000 1.00000 0.66667 0.71182
79.00000 102.00000 0.56322 0.58333 1.00000 1.00000 0.24398 0.25158 0.25169 1.00000 1.00000 0.62641 0.18182 0.16046 1.00000 0.26786 0.64179 0.23529 0.21272 0.24163 1.00000 0.25000 1.00000 1.00000 0.65116 0.50677
79.00000 103.00000 0.40805 0.25000 1.00000 1.00000 0.40361 0.37999 0.32782 1.00000 1.00000 0.62963 0.18182 0.18357 1.00000 0.35119 0.69510 0.19118 0.21555 0.26279 1.00000 0.33333 1.00000 1.00000 0.56589 0.63712
79.00000 104.00000 0.64368 0.58333 1.00000 1.00000 0.43976 0.18356 0.27498 1.00000 1.00000 0.54267 0.28788 0.18101 1.00000 0.33333 0.70362 0.19118 0.20750 0.23394 1.00000 0.25000 1.00000 1.00000 0.60465 0.70022
79.00000 105.00000 0.58046 0.16667 1.00000 1.00000 0.39458 0.37083 0.32444 1.00000 1.00000 0.68921 0.16667 0.18240 1.00000 0.30952 0.72708 0.27941 0.22835 0.21008 1.00000 0.25000 1.00000 1.00000 0.55814 0.61392
79.00000 106.00000 0.46552 0.75000 1.00000 1.00000 0.28313 0.40702 0.30486 1.00000 1.00000 0.75684 0.22727 0.17226 1.00000 0.15476 0.68230 0.13235 0.21364 0.29627 1.00000 0.41667 1.00000 1.00000 0.66667 0.73474
79.00000 107.00000 0.55172 0.08333 1.00000 1.00000 0.48193 0.18901 0.28292 1.00000 1.00000 0.73752 0.28788 0.20946 1.00000 0.36310 0.58635 0.30882 0.21189 0.32359 1.00000 0.41667 1.00000 1.00000 0.58140 0.51036
79.00000 108.00000 0.37356 0.16667 1.00000 1.00000 0.30120 0.35579 0.39720 1.00000 1.00000 0.59098 0.12121 0.18150 1.00000 0.32143 0.74627 0.23529 0.21014 0.38707 1.00000 0.16667 1.00000 1.00000 0.55814 0.54778
79.00000 109.00000 0.38506 0.33333 1.00000 1.00000 0.35542 0.34750 0.34099 1.00000 1.00000 0.68760 0.24242 0.21911 1.00000 0.21429 0.61620 0.26471 0.21452 0.38592 1.00000 0.41667 1.00000 1.00000 0.63566 0.68172
79.00000 110.00000 0.40230 0.66667 1.00000 1.00000 0.43373 0.43950 0.27937 1.00000 0.00000 0.64251 0.19697 0.17190 1.00000 0.26786 0.80810 0.14706 0.23042 0.38630 1.00000 0.25000 1.00000 1.00000 0.56589 0.74289
79.00000 111.00000 0.52874 0.41667 1.00000 1.00000 0.33735 0.31960 0.29946 1.00000 1.00000 0.67150 0.19697 0.13044 1.00000 0.31548 0.70149 0.27941 0.21715 0.41901 1.00000 0.33333 1.00000 1.00000 0.77519 0.48964
79.00000 112.00000 0.58621 0.25000 1.00000 1.00000 0.36145 0.33333 0.35483 1.00000 1.00000 0.62641 0.22727 0.16800 1.00000 0.18452 0.69510 0.19118 0.21602 0.25548 1.00000 0.41667 1.00000 1.00000 0.61240 0.60094
79.00000 113.00000 0.40230 0.25000 1.00000 1.00000 0.41265 0.54327 0.33964 1.00000 1.00000 0.64895 0.12121 0.19151 1.00000 0.28571 0.66951 0.30882 0.20508 0.39169 1.00000 0.41667 1.00000 1.00000 0.62791 0.49738
79.00000 114.00000 0.59195 0.16667 1.00000 1.00000 0.30723 0.51101 0.42640 1.00000 1.00000 0.80193 0.18182 0.19030 1.00000 0.28571 0.71855 0.23529 0.22314 0.40477 1.00000 0.33333 1.00000 1.00000 0.58915 0.61074
79.00000 115.00000 0.50575 0.58333 1.00000 1.00000 0.35843 0.42817 0.33170 1.00000 0.00000 0.90821 0.21212 0.15849 1.00000 0.31548 0.63753 0.22059 0.23207 0.24625 1.00000 0.41667 1.00000 1.00000 0.61240 0.59114
79.00000 116.00000 0.62069 0.33333 1.00000 1.00000 0.34639 0.36865 0.44733 1.00000 1.00000 0.71981 0.21212 0.20973 1.00000 0.37500 0.74627 0.29412 0.21143 0.26895 1.00000 0.33333 1.00000 1.00000 0.65116 0.71141
79.00000 117.00000 0.39080 0.75000 1.00000 1.00000 0.32229 0.33486 0.27971 1.00000 1.00000 0.67472 0.27273 0.17984 1.00000 0.30357 0.64606 0.22059 0.22040 0.23124 1.00000 0.41667 1.00000 1.00000 0.76744 0.65134
79.00000 118.00000 0.58621 0.75000 1.00000 1.00000 0.39759 0.38631 0.38302 1.00000 1.00000 0.61192 0.18182 0.17338 1.00000 0.25000 0.72281 0.25000 0.24466 0.44440 1.00000 0.50000 1.00000 1.00000 0.62791 0.57387
79.00000 119.00000 0.51724 0.08333 1.00000 1.00000 0.39759 0.30434 0.39669 1.00000 1.00000 0.58293 0.22727 0.18788 1.00000 0.33333 0.66525 0.20588 0.24781 0.44363 1.00000 0.25000 1.00000 1.00000 0.47287 0.69787
79.00000 120.00000 0.68966 0.66667 1.00000 1.00000 0.26807 0.53826 0.28494 1.00000 1.00000 0.51691 0.24242 0.17459 1.00000 0.32143 0.71429 0.29412 0.23403 0.52328 1.00000 0.25000 1.00000 1.00000 0.65116 0.56711
79.00000 121.00000 0.55172 0.66667 1.00000 1.00000 0.23795 0.46850 0.43670 1.00000 1.00000 0.71176 0.25758 0.21565 1.00000 0.25000 0.68870 0.23529 0.20838 0.28780 1.00000 0.41667 1.00000 1.00000 0.51938 0.52720
79.00000 122.00000 0.50575 0.83333 1.00000 1.00000 0.30723 0.35928 0.52093 1.00000 1.00000 0.64251 0.24242 0.16504 1.00000 0.27976 0.83156 0.27941 0.23274 0.44055 1.00000 0.33333 1.00000 1.00000 0.55039 0.71693
79.00000 123.00000 0.55747 0.16667 1.00000 1.00000 0.40060 0.30150 0.35415 1.00000 1.00000 0.63285 0.21212 0.17661 1.00000 0.35119 0.65672 0.30882 0.23021 0.33282 1.00000 0.25000 1.00000 1.00000 0.57364 0.70243
79.00000 124.00000 0.52299 0.16667 1.00000 1.00000 0.38855 0.29562 0.41610 1.00000 1.00000 0.62319 0.19697 0.18859 1.00000 0.32738 0.69083 0.20588 0.21401 0.43286 1.00000 0.41667 1.00000 1.00000 0.62791 0.55938
79.00000 125.00000 0.59195 0.08333 1.00000 1.00000 0.37651 0.32069 0.40631 1.00000 1.00000 0.63285 0.22727 0.18891 1.00000 0.36905 0.79744 0.22059 0.26375 0.39785 1.00000 0.33333 1.00000 1.00000 0.52713 0.66404
79.00000 126.00000 0.44828 0.08333 1.00000 1.00000 0.22892 0.19119 0.42860 1.00000 1.00000 0.73752 0.19697 0.17482 1.00000 0.38095 0.60981 0.19118 0.23165 0.36168 1.00000 0.50000 1.00000 1.00000 0.68992 0.79785
79.00000 127.00000 0.47126 0.58333 1.00000 1.00000 0.27108 0.45455 0.30891 1.00000 1.00000 0.59742 0.19697 0.19981 1.00000 0.30952 0.66738 0.22059 0.23738 0.40131 1.00000 0.41667 1.00000 1.00000 0.63566 0.58934
79.00000 128.00000 0.58621 0.83333 1.00000 1.00000 0.45783 0.39939 0.35955 1.00000 1.00000 0.69082 0.28788 0.19124 1.00000 0.29167 0.75693 0.27941 0.24610 0.37591 1.00000 0.41667 1.00000 1.00000 0.66667 0.57760
79.00000 129.00000 0.52874 0.41667 1.00000 1.00000 0.34940 0.32330 0.35027 1.00000 1.00000 0.64734 0.15152 0.18779 1.00000 0.29762 0.73561 0.27941 0.24915 0.28549 1.00000 0.41667 1.00000 1.00000 0.55814 0.55565
79.00000 130.00000 0.66092 0.41667 1.00000 1.00000 0.39157 0.24613 0.47215 1.00000 1.00000 0.68599 0.36364 0.18622 1.00000 0.32143 0.69083 0.22059 0.24430 0.45441 1.00000 0.33333 1.00000 1.00000 0.58915 0.60563
79.00000 131.00000 0.66667 0.58333 1.00000 1.00000 0.23795 0.38020 0.38673 1.00000 1.00000 0.51047 0.25758 0.20811 1.00000 0.32143 0.77612 0.25000 0.23284 0.38669 1.00000 0.25000 1.00000 1.00000 0.41860 0.63049
79.00000 132.00000 0.40230 0.75000 1.00000 1.00000 0.38554 0.44016 0.38150 1.00000 1.00000 0.60064 0.22727 0.21632 1.00000 0.34524 0.59488 0.27941 0.21385 0.32436 1.00000 0.33333 1.00000 1.00000 0.43411 0.57457
79.00000 133.00000 0.57471 0.41667 1.00000 1.00000 0.37651 0.45607 0.45611 1.00000 1.00000 0.47343 0.22727 0.21206 1.00000 0.33929 0.48188 0.23529 0.25870 0.29127 1.00000 0.41667 1.00000 1.00000 0.45736 0.52803
79.00000 134.00000 0.37356 0.50000 1.00000 1.00000 0.41867 0.41400 0.31280 1.00000 1.00000 0.72464 0.31818 0.20695 1.00000 0.33929 0.67377 0.20588 0.21014 0.30242 1.00000 0.58333 1.00000 1.00000 0.53488 0.57553
79.00000 135.00000 0.43678 0.83333 1.00000 1.00000 0.35843 0.33115 0.41577 1.00000 1.00000 0.61997 0.27273 0.18806 1.00000 0.44048 0.52878 0.25000 0.24456 0.41978 1.00000 0.33333 1.00000 1.00000 0.66667 0.68655
79.00000 136.00000 0.45977 0.41667 1.00000 1.00000 0.22590 0.48834 0.50203 1.00000 1.00000 0.60548 0.22727 0.23530 1.00000 0.36310 0.68443 0.25000 0.24192 0.45710 1.00000 0.41667 1.00000 1.00000 0.54264 0.51988
79.00000 137.00000 0.55172 0.58333 1.00000 1.00000 0.39759 0.63898 0.41172 1.00000 0.00000 0.59581 0.22727 0.22005 1.00000 0.36310 0.47974 0.33824 0.24151 0.49942 1.00000 0.33333 1.00000 1.00000 0.65116 0.60991
79.00000 138.00000 0.32759 0.83333 1.00000 1.00000 0.40060 0.42293 0.37272 1.00000 1.00000 0.68277 0.19697 0.19182 1.00000 0.30357 0.51812 0.33824 0.24972 0.45671 1.00000 0.41667 1.00000 1.00000 0.62791 0.54750
79.00000 139.00000 0.32759 0.08333 1.00000 1.00000 0.46084 0.46719 0.39348 1.00000 1.00000 0.53945 0.22727 0.21780 1.00000 0.33929 0.60981 0.27941 0.22789 0.51982 1.00000 0.41667 1.00000 1.00000 0.55039 0.58658
79.00000 140.00000 0.19540 0.83333 1.00000 1.00000 0.35241 0.46479 0.40007 1.00000 1.00000 0.57166 0.30303 0.20681 1.00000 0.40476 0.55224 0.26471 0.25632 0.37322 1.00000 0.41667 1.00000 1.00000 0.37984 0.72149
79.00000 141.00000 0.70115 0.66667 1.00000 1.00000 0.31928 0.32614 0.55452 1.00000 1.00000 0.54589 0.21212 0.20309 1.00000 0.44643 0.58422 0.25000 0.26313 0.50481 1.00000 0.41667 1.00000 1.00000 0.48062 0.53714
79.00000 142.00000 0.50000 0.83333 1.00000 1.00000 0.44578 0.25725 0.44598 1.00000 1.00000 0.46699 0.25758 0.22261 1.00000 0.32738 0.50107 0.26471 0.27361 0.42901 1.00000 0.33333 1.00000 1.00000 0.51938 0.64485
79.00000 143.00000 0.50575 0.16667 1.00000 1.00000 0.33133 0.36451 0.42505 1.00000 1.00000 0.45733 0.21212 0.21089 1.00000 0.36310 0.63113 0.26471 0.25957 0.35398 1.00000 0.41667 1.00000 1.00000 0.58915 0.51892
79.00000 144.00000 0.40805 0.25000 1.00000 1.00000 0.44578 0.44844 0.33896 1.00000 1.00000 0.73752 0.21212 0.21085 1.00000 0.27976 0.59062 0.16176 0.25178 0.39631 1.00000 0.33333 1.00000 1.00000 0.58140 0.78638
79.00000 145.00000 0.36782 0.16667 1.00000 1.00000 0.49398 0.54088 0.56786 1.00000 1.00000 0.60548 0.34848 0.21906 1.00000 0.35119 0.65245 0.29412 0.23661 0.45594 1.00000 0.50000 1.00000 1.00000 0.48062 0.53148
79.00000 146.00000 0.39655 0.33333 1.00000 1.00000 0.20783 0.29758 0.37086 1.00000 1.00000 0.64412 0.27273 0.22261 1.00000 0.41071 0.70789 0.25000 0.26577 0.42824 1.00000 0.41667 1.00000 1.00000 0.57364 0.53342
79.00000 147.00000 0.48851 0.08333 1.00000 1.00000 0.37952 0.40549 0.39956 1.00000 1.00000 0.51208 0.33333 0.21888 1.00000 0.41071 0.60768 0.30882 0.24801 0.46095 1.00000 0.33333 1.00000 1.00000 0.52713 0.63422
79.00000 148.00000 0.33333 0.25000 1.00000 1.00000 0.53614 0.42969 0.40108 1.00000 1.00000 0.68921 0.30303 0.19182 1.00000 0.50000 0.50533 0.25000 0.25513 0.46402 1.00000 0.50000 1.00000 1.00000 0.44961 0.42682
79.00000 149.00000 0.58046 0.50000 1.00000 1.00000 0.58434 0.33486 0.50945 1.00000 1.00000 0.48148 0.24242 0.19806 1.00000 0.38690 0.65032 0.29412 0.24094 0.44171 1.00000 0.33333 1.00000 1.00000 0.62791 0.63670
79.00000 150.00000 0.35632 0.75000 1.00000 1.00000 0.24398 0.43318 0.50574 1.00000 1.00000 0.58776 0.31818 0.20883 1.00000 0.44643 0.62687 0.25000 0.24858 0.28396 1.00000 0.41667 1.00000 1.00000 0.41085 0.44891
79.00000 151.00000 0.58046 0.66667 1.00000 1.00000 0.65964 0.28341 0.43889 1.00000 1.00000 0.52335 0.25758 0.20214 1.00000 0.29167 0.63539 0.26471 0.23898 0.46672 1.00000 0.50000 1.00000 1.00000 0.48062 0.59279
79.00000 152.00000 0.54023 0.58333 1.00000 1.00000 0.52410 0.49030 0.51452 1.00000 1.00000 0.51047 0.30303 0.22678 1.00000 0.41667 0.54584 0.29412 0.25276 0.48480 1.00000 0.33333 1.00000 1.00000 0.47287 0.45402
79.00000 153.00000 0.44828 0.41667 1.00000 1.00000 0.47892 0.30020 0.48109 1.00000 1.00000 0.48148 0.30303 0.22781 1.00000 0.34524 0.50959 0.33824 0.24564 0.34436 1.00000 0.33333 1.00000 1.00000 0.60465 0.53121
79.00000 154.00000 0.56897 0.33333 1.00000 1.00000 0.41566 0.53543 0.30638 1.00000 1.00000 0.60064 0.34848 0.22059 1.00000 0.38690 0.62260 0.29412 0.24564 0.54021 1.00000 0.41667 1.00000 1.00000 0.58140 0.50276
79.00000 155.00000 0.59770 0.25000 1.00000 1.00000 0.47590 0.33224 0.42505 1.00000 1.00000 0.58937 0.27273 0.21632 1.00000 0.46429 0.56716 0.23529 0.26458 0.48942 1.00000 0.33333 1.00000 1.00000 0.38760 0.50525
79.00000 156.00000 0.59770 0.83333 1.00000 1.00000 0.50904 0.34184 0.38859 1.00000 1.00000 0.55395 0.33333 0.22777 1.00000 0.51786 0.55650 0.32353 0.24053 0.44748 1.00000 0.50000 1.00000 1.00000 0.44186 0.55910
79.00000 157.00000 0.44253 0.66667 1.00000 1.00000 0.59337 0.60039 0.40817 1.00000 1.00000 0.58132 0.28788 0.24266 1.00000 0.48810 0.56503 0.32353 0.26778 0.54636 1.00000 0.50000 1.00000 1.00000 0.53488 0.26843
79.00000 158.00000 0.66667 0.75000 1.00000 1.00000 0.42771 0.43863 0.36209 1.00000 1.00000 0.51369 0.34848 0.21534 1.00000 0.48214 0.57143 0.23529 0.25142 0.42863 1.00000 0.50000 1.00000 1.00000 0.51163 0.51560
79.00000 159.00000 0.47126 0.08333 1.00000 1.00000 0.46687 0.40484 0.52127 1.00000 1.00000 0.55717 0.33333 0.20479 1.00000 0.44048 0.63326 0.32353 0.27227 0.47441 1.00000 0.50000 1.00000 1.00000 0.59690 0.58147
79.00000 160.00000 0.50000 0.08333 1.00000 1.00000 0.27410 0.46414 0.50760 1.00000 1.00000 0.50403 0.37879 0.23320 1.00000 0.50595 0.55011 0.35294 0.29085 0.53367 1.00000 0.50000 1.00000 1.00000 0.51938 0.62331
79.00000 161.00000 0.40805 0.75000 1.00000 1.00000 0.45783 0.46130 0.51047 1.00000 1.00000 0.67311 0.22727 0.23665 1.00000 0.47024 0.50320 0.30882 0.27454 0.53905 1.00000 0.50000 1.00000 1.00000 0.33333 0.27934
79.00000 162.00000 0.47126 0.83333 1.00000 1.00000 0.51506 0.57336 0.46219 1.00000 1.00000 0.47343 0.28788 0.19905 1.00000 0.50000 0.56930 0.38235 0.27273 0.46595 1.00000 0.41667 1.00000 1.00000 0.40310 0.47473
79.00000 163.00000 0.44253 0.58333 1.00000 1.00000 0.54217 0.35797 0.50118 1.00000 1.00000 0.57327 0.40909 0.26380 1.00000 0.51190 0.57569 0.35294 0.27340 0.54059 1.00000 0.50000 1.00000 1.00000 0.41860 0.59832
79.00000 164.00000 0.74713 0.25000 1.00000 1.00000 0.53614 0.48943 0.64146 1.00000 1.00000 0.42673 0.25758 0.23266 1.00000 0.56548 0.60341 0.33824 0.27758 0.47134 1.00000 0.41667 1.00000 1.00000 0.49612 0.43952
79.00000 165.00000 0.43103 0.16667 1.00000 1.00000 0.52711 0.48092 0.43619 1.00000 1.00000 0.43478 0.28788 0.28628 1.00000 0.49405 0.68657 0.47059 0.23981 0.47326 1.00000 0.41667 1.00000 1.00000 0.42636 0.52347
79.00000 166.00000 0.24138 0.41667 1.00000 1.00000 0.47289 0.56006 0.52701 1.00000 1.00000 0.47504 0.25758 0.24814 1.00000 0.57738 0.60768 0.42647 0.29693 0.58792 1.00000 0.50000 1.00000 1.00000 0.42636 0.50608
79.00000 167.00000 0.40230 0.25000 1.00000 1.00000 0.53012 0.48245 0.51536 1.00000 1.00000 0.51691 0.43939 0.22633 1.00000 0.54167 0.45203 0.41176 0.25808 0.50750 1.00000 0.41667 1.00000 1.00000 0.54264 0.54515
79.00000 168.00000 0.18391 0.25000 1.00000 1.00000 0.54518 0.43928 0.62880 1.00000 1.00000 0.50242 0.24242 0.24724 1.00000 0.48214 0.43710 0.35294 0.27769 0.53982 1.00000 0.41667 1.00000 1.00000 0.55814 0.29218
79.00000 169.00000 0.59195 0.75000 1.00000 1.00000 0.29518 0.50621 0.46202 1.00000 1.00000 0.46538 0.27273 0.28332 1.00000 0.42262 0.42217 0.32353 0.29848 0.40593 1.00000 0.41667 1.00000 1.00000 0.46512 0.40030
79.00000 170.00000 0.51724 0.50000 1.00000 1.00000 0.58434 0.42664 0.47721 1.00000 1.00000 0.47826 0.28788 0.21893 1.00000 0.54762 0.45842 0.44118 0.25818 0.63524 1.00000 0.50000 1.00000 1.00000 0.55814 0.41080
79.00000 171.00000 0.40805 0.41667 1.00000 1.00000 0.46386 0.57118 0.59453 1.00000 1.00000 0.50081 0.30303 0.25011 1.00000 0.55357 0.54797 0.35294 0.28352 0.45402 1.00000 0.66667 1.00000 1.00000 0.34884 0.42585
79.00000 172.00000 0.47126 0.83333 1.00000 1.00000 0.33434 0.42381 0.53123 1.00000 1.00000 0.37842 0.31818 0.25209 1.00000 0.55952 0.39872 0.36765 0.28011 0.51789 1.00000 0.50000 1.00000 1.00000 0.50388 0.40251
79.00000 173.00000 0.25287 0.25000 1.00000 1.00000 0.45482 0.73861 0.56820 1.00000 1.00000 0.29791 0.31818 0.28884 1.00000 0.46429 0.43070 0.36765 0.26406 0.49788 1.00000 0.50000 1.00000 1.00000 0.36434 0.42999
79.00000 174.00000 0.52299 0.66667 1.00000 1.00000 0.62651 0.54197 0.51654 1.00000 1.00000 0.49114 0.31818 0.24352 1.00000 0.59524 0.41578 0.42647 0.27965 0.58215 1.00000 0.66667 1.00000 1.00000 0.32558 0.46479
79.00000 175.00000 0.40805 0.25000 1.00000 1.00000 0.52108 0.42446 0.65209 1.00000 1.00000 0.48953 0.36364 0.26932 1.00000 0.61905 0.54158 0.36765 0.28331 0.53713 1.00000 0.66667 1.00000 1.00000 0.42636 0.43331
79.00000 176.00000 0.53448 0.66667 1.00000 1.00000 0.47289 0.48398 0.60483 1.00000 1.00000 0.46699 0.24242 0.29050 1.00000 0.54167 0.46055 0.41176 0.28899 0.53290 1.00000 0.58333 1.00000 1.00000 0.35659 0.52416
79.00000 177.00000 0.44828 0.58333 1.00000 1.00000 0.58434 0.60737 0.53798 1.00000 1.00000 0.41546 0.36364 0.25402 1.00000 0.54762 0.54797 0.38235 0.27216 0.67603 1.00000 0.58333 1.00000 1.00000 0.37209 0.29495
79.00000 178.00000 0.56322 0.25000 1.00000 1.00000 0.63253 0.54284 0.66627 1.00000 1.00000 0.42029 0.39394 0.30988 1.00000 0.49405 0.35608 0.33824 0.30019 0.52636 1.00000 0.50000 1.00000 1.00000 0.37209 0.31814
79.00000 179.00000 0.65517 0.66667 1.00000 1.00000 0.50301 0.55178 0.53883 1.00000 1.00000 0.40258 0.33333 0.28184 1.00000 0.55952 0.42431 0.38235 0.30798 0.56753 1.00000 0.66667 1.00000 1.00000 0.41085 0.37614
79.00000 180.00000 0.54023 0.58333 1.00000 1.00000 0.72289 0.59996 0.67539 1.00000 1.00000 0.43478 0.36364 0.31132 1.00000 0.61310 0.34968 0.41176 0.30803 0.64525 1.00000 0.58333 1.00000 1.00000 0.39535 0.54612
79.00000 181.00000 0.48276 0.25000 1.00000 1.00000 0.54819 0.65533 0.60415 1.00000 1.00000 0.38647 0.39394 0.26936 1.00000 0.67262 0.44989 0.47059 0.29466 0.68911 1.00000 0.58333 1.00000 1.00000 0.58915 0.63394
79.00000 182.00000 0.64368 0.25000 1.00000 1.00000 0.56928 0.48725 0.60483 1.00000 1.00000 0.33977 0.34848 0.26950 1.00000 0.61310 0.38380 0.41176 0.32449 0.71874 1.00000 0.58333 1.00000 1.00000 0.37209 0.21196
79.00000 183.00000 0.41379 0.08333 1.00000 1.00000 0.63855 0.60824 0.49207 1.00000 1.00000 0.30274 0.40909 0.30198 1.00000 0.69048 0.20896 0.45588 0.29559 0.64679 1.00000 0.66667 1.00000 1.00000 0.51163 0.26402
79.00000 184.00000 0.36207 0.33333 1.00000 1.00000 0.60542 0.52387 0.64737 1.00000 1.00000 0.32850 0.40909 0.30674 1.00000 0.65476 0.38593 0.38235 0.31753 0.65371 1.00000 0.75000 1.00000 1.00000 0.43411 0.39658
79.00000 185.00000 0.50575 0.66667 1.00000 1.00000 0.64157 0.71419 0.70003 1.00000 1.00000 0.32367 0.39394 0.31939 1.00000 0.63690 0.27719 0.41176 0.32398 0.71604 1.00000 0.66667 1.00000 1.00000 0.24031 0.34231
79.00000 186.00000 0.41954 0.50000 1.00000 1.00000 0.60542 0.66514 0.66745 1.00000 1.00000 0.36554 0.40909 0.29090 1.00000 0.69048 0.45842 0.41176 0.33915 0.72259 1.00000 0.66667 1.00000 1.00000 0.31008 0.19069
79.00000 187.00000 0.81034 0.16667 1.00000 1.00000 0.75000 0.64574 0.70898 1.00000 1.00000 0.31079 0.43939 0.29548 1.00000 0.69048 0.37313 0.42647 0.30194 0.63063 1.00000 0.66667 1.00000 1.00000 0.34884 0.31718
79.00000 188.00000 0.61494 0.50000 1.00000 1.00000 0.59036 0.74755 0.77465 1.00000 1.00000 0.38325 0.37879 0.33101 1.00000 0.66667 0.41578 0.41176 0.34426 0.58523 1.00000 0.50000 1.00000 1.00000 0.37984 0.46258
79.00000 189.00000 0.43103 0.50000 1.00000 1.00000 0.53614 0.69675 0.71708 1.00000 1.00000 0.27858 0.31818 0.34555 1.00000 0.65476 0.43710 0.44118 0.31670 0.65948 1.00000 0.66667 1.00000 1.00000 0.28682 0.34231
79.00000 190.00000 0.49425 0.50000 1.00000 1.00000 0.53614 0.73621 0.77059 1.00000 1.00000 0.30113 0.40909 0.29498 1.00000 0.64881 0.28358 0.39706 0.32950 0.68219 1.00000 0.50000 1.00000 1.00000 0.34109 0.25904
79.00000 191.00000 0.21264 0.50000 1.00000 1.00000 0.58434 0.71485 0.79169 1.00000 1.00000 0.47665 0.33333 0.27425 1.00000 0.69048 0.25586 0.41176 0.29275 0.76568 1.00000 0.58333 1.00000 1.00000 0.17054 0.40293
79.00000 192.00000 0.64943 0.25000 1.00000 1.00000 0.61446 0.59451 0.59419 1.00000 1.00000 0.24960 0.40909 0.35857 1.00000 0.66667 0.31770 0.44118 0.36541 0.74913 1.00000 0.66667 1.00000 1.00000 0.25581 0.37117
79.00000 193.00000 0.44253 0.16667 1.00000 1.00000 0.70482 0.75191 0.69396 1.00000 1.00000 0.33333 0.43939 0.33182 1.00000 0.79167 0.26226 0.45588 0.34462 0.64525 1.00000 0.58333 1.00000 1.00000 0.30233 0.29536
79.00000 194.00000 0.30460 0.58333 1.00000 1.00000 0.63554 0.62699 0.78731 1.00000 1.00000 0.28019 0.45455 0.32743 1.00000 0.77381 0.23241 0.50000 0.34730 0.57984 1.00000 0.66667 1.00000 1.00000 0.25581 0.18862
79.00000 195.00000 0.44253 0.16667 1.00000 1.00000 0.79217 0.66776 0.79659 1.00000 1.00000 0.27375 0.39394 0.33869 1.00000 0.75595 0.34328 0.42647 0.32227 0.75106 1.00000 0.58333 1.00000 1.00000 0.31008 0.25904
79.00000 196.00000 0.39080 0.58333 1.00000 1.00000 0.90964 0.57619 0.83913 1.00000 1.00000 0.23994 0.42424 0.32653 1.00000 0.71429 0.24307 0.48529 0.33750 0.71797 1.00000 0.75000 1.00000 1.00000 0.13178 0.33375
79.00000 197.00000 0.52874 0.83333 1.00000 1.00000 0.78614 0.71463 0.68265 1.00000 1.00000 0.36071 0.42424 0.36898 1.00000 0.75595 0.35394 0.50000 0.35747 0.73028 1.00000 0.75000 1.00000 1.00000 0.27907 0.27368
79.00000 198.00000 0.28736 0.08333 1.00000 1.00000 0.81325 0.76957 0.83052 1.00000 1.00000 0.27214 0.50000 0.38181 1.00000 0.80357 0.26013 0.44118 0.33363 0.71874 1.00000 0.66667 1.00000 1.00000 0.16279 0.23626
79.00000 199.00000 0.36782 0.16667 1.00000 1.00000 0.71084 0.59538 0.92302 1.00000 1.00000 0.18519 0.54545 0.33312 1.00000 0.80357 0.19829 0.48529 0.33729 0.77876 1.00000 0.75000 1.00000 1.00000 0.20155 0.29467
