84.00000 1.00000 0.00004 0.00000 1.00000 1.00000 0.98238 0.92282 0.92348 1.00000 1.00000 0.99377 0.99939 0.86354 1.00000 0.91287 0.99561 0.99336 0.67094 0.03350 1.00000 0.94792 1.00000 1.00000 0.98560 0.98439
84.00000 2.00000 0.47626 0.83337 1.00000 0.62699 0.65740 0.65881 0.56273 0.50794 0.50000 0.47265 0.86388 0.59806 0.40541 0.67182 0.47196 0.99330 0.48346 0.31990 0.00000 0.64583 0.86469 1.00000 0.49211 0.49699
84.00000 3.00000 0.00003 0.00048 1.00000 1.00000 0.98440 0.95834 0.94808 1.00000 1.00000 0.99422 0.99943 0.86448 1.00000 0.91938 0.99569 0.99347 0.68446 0.03581 1.00000 0.93750 1.00000 1.00000 0.98525 0.97574
84.00000 4.00000 0.99996 0.99905 1.00000 0.00000 0.12607 0.29571 0.25796 0.00000 0.00000 0.00525 0.62709 0.26803 0.24324 0.46661 0.00393 0.99283 0.54363 0.37614 0.00000 0.30208 0.62791 1.00000 0.01646 0.01916
84.00000 5.00000 0.00007 0.00000 1.00000 1.00000 0.98367 0.92626 0.91058 1.00000 1.00000 0.99413 0.99943 0.86188 1.00000 0.92182 0.99503 0.99336 0.67732 0.03621 1.00000 0.94792 1.00000 1.00000 0.98217 0.98170
84.00000 6.00000 0.47621 0.83147 1.00000 0.62699 0.66052 0.64500 0.56082 0.50794 0.49937 0.47124 0.86394 0.59847 0.40541 0.65472 0.47150 0.99328 0.50036 0.33169 0.00000 0.64583 0.86469 1.00000 0.47908 0.49129
84.00000 7.00000 0.23809 0.29691 1.00000 0.59794 0.63657 0.68652 0.67595 0.61718 0.61509 0.61343 0.85334 0.63954 0.89189 0.75081 0.61420 0.99358 0.66268 0.11735 1.00000 0.68750 0.85412 1.00000 0.62963 0.63397
84.00000 8.00000 0.99988 0.99762 1.00000 0.00000 0.13359 0.28349 0.26274 0.00000 0.00000 0.00482 0.62685 0.26855 0.24324 0.47313 0.00355 0.99259 0.53394 0.36497 0.00000 0.28125 0.62791 1.00000 0.01063 0.01748
84.00000 9.00000 0.99984 0.99762 1.00000 0.00000 0.13047 0.30307 0.24816 0.00000 0.00000 0.00551 0.62711 0.26794 0.24324 0.47883 0.00380 0.99253 0.55174 0.38463 0.00000 0.29167 0.62791 1.00000 0.01337 0.01986
84.00000 10.00000 0.23813 0.29834 1.00000 0.59794 0.63850 0.69378 0.68199 0.61718 0.61572 0.61548 0.85336 0.63260 0.89189 0.75814 0.61715 0.99339 0.65433 0.11116 1.00000 0.68750 0.85412 1.00000 0.63100 0.63002
84.00000 11.00000 0.59521 0.73836 0.00000 0.23809 0.00963 0.05705 0.05950 0.29318 0.20818 0.09338 0.00103 0.01926 0.02703 0.02850 0.09162 0.00135 0.03187 0.92611 0.00000 0.02083 0.00000 0.00000 0.14335 0.14375
84.00000 12.00000 0.23812 0.29881 1.00000 0.59794 0.63914 0.70329 0.68387 0.61718 0.61509 0.61355 0.85345 0.64500 0.89189 0.74023 0.61420 0.99361 0.66295 0.11193 1.00000 0.68750 0.85412 1.00000 0.62517 0.63042
84.00000 13.00000 0.47623 0.83135 1.00000 0.62699 0.66070 0.64096 0.54592 0.50794 0.50000 0.47182 0.86390 0.59533 0.40541 0.67671 0.47234 0.99339 0.47158 0.32879 0.00000 0.63542 0.86469 1.00000 0.48868 0.49571
84.00000 14.00000 0.83331 0.99762 1.00000 0.06027 0.18268 0.34100 0.26311 0.14659 0.14403 0.13964 0.65039 0.29010 0.24324 0.47150 0.13621 0.99292 0.52882 0.36094 0.00000 0.31250 0.65116 1.00000 0.15809 0.16381
84.00000 15.00000 0.00003 0.00000 1.00000 1.00000 0.98550 0.93518 0.94129 1.00000 1.00000 0.99236 0.99945 0.86455 1.00000 0.92671 0.99447 0.99336 0.66492 0.02728 1.00000 0.92708 1.00000 1.00000 0.97257 0.98153
84.00000 16.00000 0.99989 0.99905 1.00000 0.00000 0.12698 0.31556 0.24828 0.00000 0.00000 0.00504 0.62713 0.27544 0.24324 0.47068 0.00383 0.99272 0.56146 0.37665 0.00000 0.28125 0.62791 1.00000 0.00754 0.01809
84.00000 17.00000 0.23809 0.29691 1.00000 0.59794 0.63786 0.70922 0.67318 0.61718 0.61509 0.61517 0.85334 0.64736 0.89189 0.74837 0.61535 0.99355 0.64555 0.12218 1.00000 0.69792 0.85412 1.00000 0.62894 0.62810
84.00000 18.00000 0.00003 0.00000 1.00000 1.00000 0.98046 0.91610 0.93289 1.00000 1.00000 0.99494 0.99937 0.86110 1.00000 0.91531 0.99477 0.99339 0.67965 0.03925 1.00000 0.93750 1.00000 1.00000 0.97840 0.98619
84.00000 19.00000 0.83332 0.99988 1.00000 0.06027 0.18506 0.32737 0.25771 0.14659 0.14403 0.13837 0.65054 0.29498 0.24324 0.46417 0.13674 0.99303 0.51630 0.37138 0.00000 0.31250 0.65116 1.00000 0.15466 0.16410
84.00000 20.00000 0.23801 0.29786 1.00000 0.59794 0.63538 0.70508 0.68878 0.61718 0.61509 0.61441 0.85332 0.64473 0.89189 0.75407 0.61425 0.99350 0.65473 0.11347 1.00000 0.68750 0.85412 1.00000 0.62860 0.62744
84.00000 21.00000 0.47624 0.83135 1.00000 0.62699 0.66061 0.65385 0.56540 0.50794 0.50000 0.47003 0.86392 0.59893 0.40541 0.68078 0.47100 0.99336 0.49395 0.32894 0.00000 0.63542 0.86469 1.00000 0.49211 0.49348
84.00000 22.00000 0.47612 0.83337 1.00000 0.62699 0.66309 0.64221 0.54289 0.50794 0.50000 0.47368 0.86396 0.59168 0.40541 0.65635 0.47018 0.99347 0.49712 0.32883 0.00000 0.65625 0.86469 1.00000 0.49486 0.49181
84.00000 23.00000 0.99994 0.99762 1.00000 0.00000 0.12579 0.30489 0.22130 0.00000 0.00000 0.00513 0.62715 0.26907 0.24324 0.47394 0.00347 0.99264 0.54577 0.37939 0.00000 0.29167 0.62791 1.00000 0.00995 0.01816
84.00000 24.00000 0.83328 0.99774 1.00000 0.06027 0.18708 0.31814 0.26823 0.14659 0.14403 0.13701 0.65046 0.29398 0.24324 0.45277 0.13722 0.99292 0.51007 0.35988 0.00000 0.31250 0.65116 1.00000 0.15535 0.16117
84.00000 25.00000 0.99989 0.99822 1.00000 0.00000 0.12864 0.29600 0.24823 0.00000 0.00063 0.00408 0.62711 0.26385 0.24324 0.48127 0.00342 0.99272 0.54184 0.37859 0.00000 0.28125 0.62791 1.00000 0.01029 0.02000
84.00000 26.00000 0.99980 0.99905 1.00000 0.00000 0.12304 0.31258 0.25105 0.00000 0.00063 0.00329 0.62715 0.27285 0.24324 0.47638 0.00365 0.99275 0.56255 0.38247 0.00000 0.28125 0.62791 1.00000 0.01680 0.02401
84.00000 27.00000 0.59519 0.73634 0.00000 0.23809 0.00918 0.05063 0.06672 0.29318 0.20818 0.08980 0.00101 0.01842 0.02703 0.04642 0.08911 0.00138 0.04908 0.94830 0.00000 0.06250 0.00000 0.00000 0.14335 0.14743
84.00000 28.00000 0.99978 0.99762 1.00000 0.00000 0.13231 0.28530 0.23504 0.00000 0.00000 0.00539 0.62721 0.26817 0.24324 0.48208 0.00302 0.99272 0.54525 0.38177 0.00000 0.31250 0.62791 1.00000 0.01440 0.01532
84.00000 29.00000 0.47627 0.83325 1.00000 0.62699 0.65501 0.64508 0.53702 0.50794 0.50000 0.47081 0.86403 0.59319 0.40541 0.66694 0.47094 0.99341 0.49405 0.32575 0.00000 0.64583 0.86469 1.00000 0.49314 0.49346
84.00000 30.00000 0.47617 0.83135 1.00000 0.62699 0.66456 0.65662 0.56660 0.50794 0.49937 0.46988 0.86390 0.59807 0.40541 0.65391 0.47166 0.99341 0.49048 0.32949 0.00000 0.64583 0.86469 1.00000 0.49280 0.49221
84.00000 31.00000 0.59523 0.73634 0.00000 0.23809 0.00596 0.03662 0.06015 0.29318 0.20818 0.09300 0.00097 0.01746 0.02703 0.03990 0.08989 0.00149 0.06319 0.93095 0.00000 0.03125 0.00000 0.00000 0.14163 0.14324
84.00000 32.00000 0.99984 0.99881 1.00000 0.00000 0.13203 0.29137 0.24529 0.00000 0.00000 0.00449 0.62715 0.26784 0.24324 0.48616 0.00492 0.99270 0.54689 0.36768 0.00000 0.30208 0.62791 1.00000 0.01303 0.01810
84.00000 33.00000 0.99981 0.99762 1.00000 0.00000 0.13148 0.29010 0.24606 0.00000 0.00063 0.00298 0.62709 0.26989 0.24324 0.48860 0.00284 0.99289 0.55339 0.38533 0.00000 0.30208 0.62791 1.00000 0.01920 0.01863
84.00000 34.00000 0.99986 0.99846 1.00000 0.00000 0.12946 0.29232 0.23805 0.00000 0.00000 0.00544 0.62717 0.26930 0.24324 0.49349 0.00337 0.99283 0.54187 0.36973 0.00000 0.28125 0.62791 1.00000 0.01578 0.01770
84.00000 35.00000 0.23823 0.29691 1.00000 0.59794 0.63712 0.70104 0.66728 0.61718 0.61509 0.61513 0.85336 0.63827 0.89189 0.73860 0.61425 0.99355 0.65414 0.11453 1.00000 0.67708 0.85412 1.00000 0.63203 0.62858
84.00000 36.00000 0.00005 0.00071 1.00000 1.00000 0.98027 0.94021 0.92741 1.00000 1.00000 0.99496 0.99949 0.86874 1.00000 0.90798 0.99455 0.99355 0.66718 0.03724 1.00000 0.92708 1.00000 1.00000 0.98422 0.98344
84.00000 37.00000 0.59513 0.73634 0.00000 0.23809 0.00945 0.04784 0.07296 0.29318 0.20818 0.09210 0.00114 0.02090 0.02703 0.05700 0.09073 0.00157 0.05760 0.94101 0.00000 0.03125 0.00000 0.00000 0.13374 0.14289
84.00000 38.00000 0.23808 0.29917 1.00000 0.59794 0.63822 0.69758 0.68750 0.61718 0.61509 0.61324 0.85347 0.64070 0.89189 0.75651 0.61479 0.99341 0.66828 0.12145 1.00000 0.66667 0.85412 1.00000 0.62723 0.63202
84.00000 39.00000 0.99991 0.99762 1.00000 0.00000 0.12671 0.28996 0.24527 0.00000 0.00063 0.00563 0.62713 0.27151 0.24324 0.48941 0.00360 0.99275 0.54334 0.37738 0.00000 0.28125 0.62791 1.00000 0.02058 0.01695
84.00000 40.00000 0.99993 0.99762 1.00000 0.00000 0.13093 0.28766 0.25008 0.00000 0.00000 0.00437 0.62702 0.26733 0.24324 0.47638 0.00299 0.99283 0.54975 0.38115 0.00000 0.28125 0.62791 1.00000 0.01475 0.01979
84.00000 41.00000 0.83327 0.99762 1.00000 0.06027 0.18369 0.32217 0.24732 0.14659 0.14403 0.13625 0.65046 0.28942 0.24324 0.45684 0.13740 0.99281 0.51054 0.36156 0.00000 0.32292 0.65116 1.00000 0.16187 0.16104
84.00000 42.00000 0.99980 0.99952 1.00000 0.00000 0.12891 0.30126 0.23653 0.00000 0.00000 0.00501 0.62704 0.26977 0.24324 0.48290 0.00322 0.99259 0.55432 0.36713 0.00000 0.29167 0.62791 1.00000 0.01509 0.02170
84.00000 43.00000 0.59511 0.73634 0.00000 0.23809 0.01422 0.03473 0.06070 0.29318 0.20881 0.09059 0.00112 0.01887 0.02703 0.06352 0.08878 0.00138 0.05812 0.93787 0.00000 0.04167 0.00000 0.00000 0.14163 0.14861
84.00000 44.00000 0.00001 0.00000 1.00000 1.00000 0.98147 0.92499 0.92729 1.00000 1.00000 0.99499 0.99926 0.86620 1.00000 0.92020 0.99533 0.99341 0.66742 0.02775 1.00000 0.92708 1.00000 1.00000 0.98251 0.98992
84.00000 45.00000 0.59531 0.73800 0.00000 0.23809 0.00789 0.04361 0.06677 0.29318 0.20881 0.09248 0.00093 0.01962 0.02703 0.03664 0.08982 0.00138 0.05641 0.92326 0.00000 0.04167 0.00000 0.00000 0.13923 0.14449
84.00000 46.00000 0.83315 0.99905 1.00000 0.06027 0.18782 0.32293 0.25295 0.14659 0.14403 0.13706 0.65050 0.29010 0.24324 0.46010 0.13768 0.99283 0.50581 0.36541 0.00000 0.32292 0.65116 1.00000 0.16598 0.16679
84.00000 47.00000 0.83332 0.99810 1.00000 0.06027 0.18295 0.34479 0.24929 0.14659 0.14403 0.13703 0.65054 0.29177 0.24324 0.48779 0.13588 0.99295 0.50607 0.37515 0.00000 0.31250 0.65116 1.00000 0.16084 0.16440
84.00000 48.00000 0.23812 0.29691 1.00000 0.59794 0.63446 0.69703 0.69785 0.61718 0.61509 0.61503 0.85332 0.63719 0.89189 0.74186 0.61527 0.99374 0.66154 0.13042 1.00000 0.68750 0.85412 1.00000 0.63409 0.62919
84.00000 49.00000 0.99989 0.99762 1.00000 0.00000 0.13313 0.30104 0.24609 0.00000 0.00063 0.00267 0.62711 0.26764 0.24324 0.48127 0.00517 0.99275 0.56412 0.39473 0.00000 0.27083 0.62791 1.00000 0.00617 0.02278
84.00000 50.00000 0.23804 0.29691 1.00000 0.59794 0.63602 0.69018 0.67966 0.61718 0.61509 0.61544 0.85332 0.63896 0.89189 0.75407 0.61568 0.99347 0.66197 0.11035 1.00000 0.69792 0.85412 1.00000 0.63032 0.63454
84.00000 51.00000 0.47624 0.83195 1.00000 0.62699 0.65859 0.65263 0.55291 0.50794 0.50000 0.47260 0.86388 0.59607 0.40541 0.66042 0.47292 0.99339 0.48841 0.31865 0.00000 0.64583 0.86469 1.00000 0.49451 0.49306
84.00000 52.00000 0.83323 0.99941 1.00000 0.06027 0.18396 0.31145 0.26373 0.14659 0.14403 0.13856 0.65056 0.28416 0.24324 0.46336 0.13633 0.99317 0.51495 0.36134 0.00000 0.32292 0.65116 1.00000 0.16084 0.16846
84.00000 53.00000 0.47619 0.83135 1.00000 0.62699 0.66245 0.65212 0.54513 0.50794 0.50000 0.47134 0.86396 0.59456 0.40541 0.66612 0.47064 0.99333 0.50157 0.32356 0.00000 0.66667 0.86469 1.00000 0.49623 0.49540
84.00000 54.00000 0.47616 0.83302 1.00000 0.62699 0.65896 0.63787 0.53659 0.50794 0.49937 0.47208 0.86403 0.60154 0.40541 0.66042 0.47168 0.99347 0.49852 0.32901 0.00000 0.64583 0.86469 1.00000 0.49486 0.49016
84.00000 55.00000 0.47612 0.83266 1.00000 0.62699 0.66116 0.65269 0.55753 0.50794 0.50000 0.47150 0.86398 0.60018 0.40541 0.67915 0.46945 0.99336 0.50290 0.32835 0.00000 0.66667 0.86469 1.00000 0.48663 0.49533
84.00000 56.00000 0.99993 0.99762 1.00000 0.00000 0.12891 0.28641 0.23186 0.00000 0.00063 0.00284 0.62717 0.27486 0.24324 0.47150 0.00419 0.99275 0.55843 0.38445 0.00000 0.30208 0.62791 1.00000 0.01440 0.02421
84.00000 57.00000 0.99982 0.99762 1.00000 0.00000 0.13295 0.27628 0.23338 0.00000 0.00063 0.00379 0.62709 0.26864 0.24324 0.47557 0.00490 0.99272 0.55436 0.38024 0.00000 0.28125 0.62791 1.00000 0.01440 0.01931
84.00000 58.00000 0.59516 0.73694 0.00000 0.23809 0.01184 0.03178 0.07411 0.29318 0.20818 0.09124 0.00106 0.01769 0.02703 0.02932 0.09015 0.00157 0.06060 0.93457 0.00000 0.04167 0.00000 0.00000 0.13992 0.14099
84.00000 59.00000 0.99982 0.99857 1.00000 0.00000 0.12946 0.30210 0.24472 0.00000 0.00000 0.00265 0.62715 0.26702 0.24324 0.46336 0.00317 0.99272 0.55132 0.39133 0.00000 0.30208 0.62791 1.00000 0.00926 0.01886
84.00000 60.00000 0.99981 0.99762 1.00000 0.00000 0.13166 0.28682 0.22999 0.00000 0.00000 0.00356 0.62730 0.27034 0.24324 0.46743 0.00391 0.99300 0.55389 0.38727 0.00000 0.28125 0.62791 1.00000 0.01680 0.01828
84.00000 61.00000 0.83330 0.99762 1.00000 0.06027 0.18589 0.31811 0.24195 0.14659 0.14403 0.13739 0.65050 0.28992 0.24324 0.46010 0.13740 0.99314 0.50840 0.35230 0.00000 0.33333 0.65116 1.00000 0.15981 0.16858
84.00000 62.00000 0.83328 0.99762 1.00000 0.06027 0.18873 0.34753 0.25232 0.14659 0.14403 0.13706 0.65037 0.28927 0.24324 0.46824 0.13633 0.99303 0.51638 0.36189 0.00000 0.33333 0.65116 1.00000 0.16221 0.15798
84.00000 63.00000 0.47624 0.83266 1.00000 0.62699 0.66061 0.66361 0.54282 0.50794 0.49937 0.47165 0.86392 0.60018 0.37838 0.66857 0.47036 0.99341 0.50393 0.31730 1.00000 0.65625 0.86469 1.00000 0.49143 0.49169
84.00000 64.00000 1.00000 0.99762 1.00000 0.00000 0.12717 0.31927 0.25959 0.00000 0.00000 0.00515 0.62692 0.26725 0.24324 0.47394 0.00449 0.99261 0.54986 0.38379 0.00000 0.28125 0.62791 1.00000 0.01029 0.02047
84.00000 65.00000 0.99981 0.99762 1.00000 0.00000 0.12937 0.29879 0.25442 0.00000 0.00063 0.00566 0.62713 0.27163 0.24324 0.48290 0.00368 0.99286 0.54008 0.39580 0.00000 0.28125 0.62791 1.00000 0.01749 0.02450
84.00000 66.00000 0.99985 0.99762 1.00000 0.00000 0.13387 0.29581 0.25923 0.00000 0.00063 0.00396 0.62713 0.26732 0.24324 0.48127 0.00256 0.99278 0.55634 0.38441 0.00000 0.30208 0.62791 1.00000 0.01612 0.02065
84.00000 67.00000 0.47624 0.83135 1.00000 0.62699 0.65593 0.64965 0.53972 0.50794 0.49937 0.47253 0.86381 0.59715 0.40541 0.65879 0.47125 0.99347 0.50269 0.31869 0.00000 0.65625 0.86469 1.00000 0.49108 0.49626
84.00000 68.00000 0.59520 0.73682 0.00000 0.23809 0.01450 0.05114 0.05062 0.29318 0.20881 0.09233 0.00103 0.01482 0.02703 0.06189 0.08989 0.00154 0.05153 0.93508 0.00000 0.05208 0.00000 0.00000 0.14678 0.14760
84.00000 69.00000 0.83328 0.99822 1.00000 0.06027 0.18451 0.34495 0.26282 0.14659 0.14403 0.13909 0.65056 0.29602 0.24324 0.45521 0.13763 0.99314 0.50962 0.35563 0.00000 0.32292 0.65116 1.00000 0.16564 0.16375
84.00000 70.00000 0.59515 0.73634 0.00000 0.23809 0.01220 0.02598 0.06516 0.29318 0.20881 0.09319 0.00106 0.01427 0.02703 0.04235 0.08999 0.00141 0.04863 0.93014 0.00000 0.03125 0.00000 0.00000 0.13752 0.14590
84.00000 71.00000 0.83313 0.99786 1.00000 0.06027 0.17937 0.33610 0.25138 0.14659 0.14403 0.13713 0.65054 0.29280 0.24324 0.47476 0.13628 0.99311 0.51319 0.36068 0.00000 0.33333 0.65116 1.00000 0.15706 0.16319
84.00000 72.00000 0.99998 0.99762 1.00000 0.00000 0.12772 0.30662 0.24012 0.00000 0.00000 0.00527 0.62723 0.27099 0.24324 0.48860 0.00368 0.99275 0.56436 0.37753 0.00000 0.29167 0.62791 1.00000 0.01406 0.01640
84.00000 73.00000 0.83318 0.99762 1.00000 0.06027 0.18919 0.32664 0.23750 0.14659 0.14403 0.13985 0.65046 0.29139 0.24324 0.46824 0.13730 0.99289 0.51012 0.36164 0.00000 0.32292 0.65116 1.00000 0.15775 0.16498
84.00000 74.00000 0.23807 0.29810 1.00000 0.59794 0.63621 0.68991 0.68194 0.61718 0.61509 0.61388 0.85343 0.64375 0.89189 0.72964 0.61585 0.99374 0.66383 0.12687 1.00000 0.69792 0.85412 1.00000 0.62517 0.63203
84.00000 75.00000 0.59524 0.73634 0.00000 0.23809 0.01211 0.04844 0.07048 0.29318 0.20881 0.09109 0.00108 0.01445 0.02703 0.04886 0.08964 0.00157 0.06781 0.93787 0.00000 0.03125 0.00000 0.00000 0.13957 0.14419
84.00000 76.00000 0.00001 0.00059 1.00000 1.00000 0.98468 0.95584 0.92962 1.00000 1.00000 0.99394 0.99941 0.87373 1.00000 0.89902 0.99536 0.99352 0.67023 0.04218 1.00000 0.94792 1.00000 1.00000 0.98251 0.99043
84.00000 77.00000 0.00004 0.00154 1.00000 1.00000 0.98284 0.94303 0.92387 1.00000 1.00000 0.99442 0.99945 0.86781 1.00000 0.93893 0.99424 0.99341 0.68173 0.03907 1.00000 0.94792 1.00000 1.00000 0.98560 0.98516
84.00000 78.00000 0.00002 0.00000 1.00000 1.00000 0.97862 0.94038 0.91946 1.00000 1.00000 0.99413 0.99943 0.86680 1.00000 0.91694 0.99439 0.99350 0.67846 0.04009 1.00000 0.93750 1.00000 1.00000 0.98182 0.98131
84.00000 79.00000 0.47612 0.83135 1.00000 0.62699 0.66116 0.64142 0.55132 0.50794 0.50000 0.47222 0.86392 0.59866 0.40541 0.67101 0.47021 0.99330 0.49545 0.32524 0.00000 0.63542 0.86469 1.00000 0.48663 0.49326
84.00000 80.00000 0.23805 0.29691 1.00000 0.59794 0.63079 0.69362 0.69439 0.61718 0.61572 0.61508 0.85347 0.64612 0.89189 0.74104 0.61555 0.99361 0.65911 0.11709 1.00000 0.70833 0.85412 1.00000 0.63272 0.63264
84.00000 81.00000 0.99994 0.99810 1.00000 0.00000 0.12809 0.30199 0.23632 0.00000 0.00000 0.00344 0.62706 0.26752 0.24324 0.48779 0.00378 0.99292 0.54308 0.37203 0.00000 0.30208 0.62791 1.00000 0.02092 0.01554
84.00000 82.00000 0.23805 0.29869 1.00000 0.59794 0.63776 0.68243 0.68074 0.61718 0.61509 0.61589 0.85341 0.64455 0.89189 0.75081 0.61512 0.99361 0.65676 0.11954 1.00000 0.68750 0.85412 1.00000 0.62894 0.63314
84.00000 83.00000 0.99994 0.99762 1.00000 0.00000 0.12937 0.29451 0.25449 0.00000 0.00063 0.00442 0.62715 0.27918 0.24324 0.48941 0.00322 0.99286 0.55348 0.37573 0.00000 0.29167 0.62791 1.00000 0.01406 0.01832
84.00000 84.00000 0.99985 0.99941 1.00000 0.00000 0.12827 0.30351 0.25143 0.00000 0.00063 0.00535 0.62713 0.26265 0.24324 0.48208 0.00408 0.99295 0.53711 0.39045 0.00000 0.29167 0.62791 1.00000 0.01749 0.02218
84.00000 85.00000 0.99993 0.99929 1.00000 0.00000 0.13258 0.29785 0.25485 0.00000 0.00063 0.00401 0.62702 0.26877 0.24324 0.48208 0.00383 0.99283 0.56017 0.37654 0.00000 0.30208 0.62791 1.00000 0.00926 0.01705
84.00000 86.00000 0.99990 0.99762 1.00000 0.00000 0.13203 0.28926 0.24698 0.00000 0.00063 0.00418 0.62717 0.26846 0.24324 0.47801 0.00251 0.99270 0.54422 0.38295 0.00000 0.28125 0.62791 1.00000 0.01749 0.01608
84.00000 87.00000 0.99995 0.99762 1.00000 0.00000 0.13387 0.31808 0.25678 0.00000 0.00000 0.00463 0.62709 0.27008 0.24324 0.48860 0.00383 0.99286 0.56038 0.38240 0.00000 0.29167 0.62791 1.00000 0.01063 0.02163
84.00000 88.00000 0.99981 0.99834 1.00000 0.00000 0.13662 0.31356 0.25716 0.00000 0.00063 0.00570 0.62734 0.27367 0.24324 0.47720 0.00269 0.99289 0.55984 0.37789 0.00000 0.31250 0.62791 1.00000 0.01578 0.01395
84.00000 89.00000 0.59525 0.73765 0.00000 0.23809 0.01119 0.05694 0.06622 0.29318 0.20818 0.09150 0.00099 0.01484 0.02703 0.05212 0.08941 0.00160 0.05889 0.93486 0.00000 0.04167 0.00000 0.00000 0.14198 0.14588
84.00000 90.00000 0.00005 0.00226 1.00000 1.00000 0.98165 0.93564 0.92100 1.00000 1.00000 0.99339 0.99945 0.86137 1.00000 0.92752 0.99427 0.99350 0.68258 0.04914 1.00000 0.92708 1.00000 1.00000 0.98251 0.98494
84.00000 91.00000 0.47613 0.83135 1.00000 0.62699 0.65942 0.66125 0.54833 0.50794 0.50000 0.47361 0.86392 0.58981 0.40541 0.66775 0.47127 0.99344 0.50340 0.32502 0.00000 0.63542 0.86469 1.00000 0.48663 0.48695
84.00000 92.00000 0.83319 0.99762 1.00000 0.06027 0.18460 0.32288 0.25329 0.14659 0.14403 0.13818 0.65048 0.29515 0.24324 0.46498 0.13798 0.99308 0.50557 0.36387 0.00000 0.33333 0.65116 1.00000 0.16084 0.16251
84.00000 93.00000 0.99980 0.99762 1.00000 0.00000 0.12790 0.30118 0.25942 0.00000 0.00000 0.00477 0.62728 0.27713 0.24324 0.49186 0.00393 0.99278 0.56284 0.37851 0.00000 0.29167 0.62791 1.00000 0.00754 0.01803
84.00000 94.00000 0.99995 0.99762 1.00000 0.00000 0.12983 0.28119 0.23468 0.00000 0.00000 0.00465 0.62728 0.26809 0.24324 0.48616 0.00378 0.99267 0.55320 0.37185 0.00000 0.29167 0.62791 1.00000 0.01612 0.01650
84.00000 95.00000 0.83335 0.99762 1.00000 0.06027 0.18204 0.35102 0.25709 0.14659 0.14403 0.13782 0.65058 0.29611 0.24324 0.46824 0.13753 0.99325 0.51952 0.36409 0.00000 0.33333 0.65116 1.00000 0.15569 0.16467
84.00000 96.00000 0.00004 0.00000 1.00000 1.00000 0.98642 0.95170 0.92351 1.00000 1.00000 0.99566 0.99947 0.87094 1.00000 0.91287 0.99391 0.99352 0.67846 0.03628 1.00000 0.92708 1.00000 1.00000 0.98320 0.98431
84.00000 97.00000 0.83314 0.99762 1.00000 0.06027 0.18304 0.32781 0.25779 0.14659 0.14403 0.13687 0.65052 0.29528 0.24324 0.47231 0.13849 0.99317 0.49660 0.36801 0.00000 0.32292 0.65116 1.00000 0.15672 0.16142
84.00000 98.00000 0.99985 0.99762 1.00000 0.00000 0.13148 0.30432 0.25456 0.00000 0.00063 0.00368 0.62728 0.27083 0.24324 0.47557 0.00322 0.99297 0.54820 0.38170 0.00000 0.30208 0.62791 1.00000 0.01920 0.01893
84.00000 99.00000 0.23812 0.29691 1.00000 0.59794 0.63419 0.70968 0.68801 0.61718 0.61509 0.61567 0.85353 0.64508 0.89189 0.75407 0.61555 0.99361 0.65847 0.12255 1.00000 0.67708 0.85412 1.00000 0.62826 0.63526
84.00000 100.00000 0.99978 0.99905 1.00000 0.00000 0.12919 0.29311 0.24166 0.00000 0.00063 0.00348 0.62715 0.27291 0.24324 0.49104 0.00408 0.99297 0.55798 0.37222 0.00000 0.29167 0.62791 1.00000 0.01475 0.02060
84.00000 101.00000 0.99989 0.99762 1.00000 0.00000 0.12698 0.29606 0.26833 0.00000 0.00063 0.00308 0.62725 0.27481 0.24324 0.48697 0.00302 0.99295 0.55950 0.38756 0.00000 0.29167 0.62791 1.00000 0.01097 0.02101
84.00000 102.00000 0.00001 0.00000 1.00000 1.00000 0.98211 0.93956 0.91061 1.00000 1.00000 0.99370 0.99941 0.86578 1.00000 0.92997 0.99587 0.99341 0.67442 0.02867 1.00000 0.93750 1.00000 1.00000 0.97702 0.98704
84.00000 103.00000 0.00003 0.00000 1.00000 1.00000 0.97835 0.94179 0.93417 1.00000 1.00000 0.99475 0.99941 0.86779 1.00000 0.92182 0.99475 0.99344 0.69482 0.04039 1.00000 0.93750 1.00000 1.00000 0.98045 0.98900
84.00000 104.00000 0.99981 0.99798 1.00000 0.00000 0.12717 0.30410 0.22953 0.00000 0.00063 0.00239 0.62704 0.27045 0.24324 0.47883 0.00317 0.99283 0.55013 0.38155 0.00000 0.30208 0.62791 1.00000 0.01200 0.01765
84.00000 105.00000 0.23810 0.29893 1.00000 0.59794 0.63409 0.67536 0.67985 0.61718 0.61509 0.61446 0.85347 0.64218 0.89189 0.76547 0.61550 0.99350 0.67630 0.12771 1.00000 0.69792 0.85412 1.00000 0.62586 0.62987
84.00000 106.00000 0.23802 0.29691 1.00000 0.59794 0.63621 0.70256 0.67797 0.61718 0.61509 0.61331 0.85349 0.64146 0.89189 0.77117 0.61466 0.99358 0.67009 0.11237 1.00000 0.70833 0.85412 1.00000 0.62414 0.62767
84.00000 107.00000 0.23804 0.29822 1.00000 0.59794 0.63299 0.70278 0.68161 0.61718 0.61509 0.61465 0.85328 0.63975 0.89189 0.76221 0.61456 0.99355 0.66559 0.11310 1.00000 0.68750 0.85412 1.00000 0.63272 0.63037
84.00000 108.00000 0.59527 0.73800 0.00000 0.23809 0.00945 0.04388 0.05745 0.29318 0.20881 0.09305 0.00110 0.01870 0.02703 0.05212 0.08842 0.00152 0.04237 0.94153 0.00000 0.04167 0.00000 0.00000 0.14746 0.14297
84.00000 109.00000 0.23808 0.29727 1.00000 0.59794 0.63648 0.70540 0.68731 0.61718 0.61509 0.61470 0.85332 0.64005 0.89189 0.75489 0.61418 0.99358 0.66466 0.12156 1.00000 0.69792 0.85412 1.00000 0.63237 0.63211
84.00000 110.00000 0.99979 0.99952 1.00000 0.00000 0.13625 0.27980 0.25743 0.00000 0.00000 0.00468 0.62717 0.26869 0.24324 0.48779 0.00424 0.99289 0.57229 0.38181 0.00000 0.29167 0.62791 1.00000 0.01303 0.02118
84.00000 111.00000 0.99979 0.99762 1.00000 0.00000 0.13176 0.30521 0.23781 0.00000 0.00063 0.00442 0.62721 0.27185 0.24324 0.48616 0.00211 0.99289 0.54161 0.38840 0.00000 0.29167 0.62791 1.00000 0.01097 0.01802
84.00000 112.00000 0.99982 0.99762 1.00000 0.00000 0.12873 0.31814 0.25651 0.00000 0.00000 0.00401 0.62721 0.27687 0.24324 0.49104 0.00391 0.99306 0.54972 0.37635 0.00000 0.29167 0.62791 1.00000 0.02263 0.01982
84.00000 113.00000 0.59511 0.73800 0.00000 0.23809 0.01147 0.04946 0.06338 0.29318 0.20881 0.09183 0.00112 0.02628 0.02703 0.04805 0.08946 0.00168 0.06031 0.95573 0.00000 0.05208 0.00000 0.00000 0.13580 0.14161
84.00000 114.00000 0.83326 0.99762 1.00000 0.06027 0.17525 0.32838 0.27618 0.14659 0.14403 0.13777 0.65073 0.29955 0.24324 0.46824 0.13578 0.99322 0.51935 0.36651 0.00000 0.32292 0.65116 1.00000 0.15706 0.16694
84.00000 115.00000 0.00000 0.00000 1.00000 1.00000 0.98284 0.94525 0.92524 1.00000 1.00000 0.99370 0.99941 0.86740 1.00000 0.91368 0.99546 0.99361 0.67920 0.04251 1.00000 0.94792 1.00000 1.00000 0.97908 0.98397
84.00000 116.00000 0.47615 0.83278 1.00000 0.62699 0.66318 0.66577 0.55264 0.50794 0.49937 0.47153 0.86398 0.59794 0.40541 0.67020 0.47247 0.99363 0.48979 0.33652 1.00000 0.64583 0.86469 1.00000 0.48903 0.48998
84.00000 117.00000 0.83317 0.99762 1.00000 0.06027 0.18726 0.34620 0.25781 0.14659 0.14403 0.13649 0.65058 0.29407 0.24324 0.46824 0.13623 0.99300 0.51007 0.36760 0.00000 0.31250 0.65116 1.00000 0.15809 0.16170
84.00000 118.00000 0.59519 0.73634 0.00000 0.23809 0.00817 0.04611 0.08612 0.29318 0.20881 0.09298 0.00108 0.01671 0.02703 0.05293 0.09055 0.00157 0.05984 0.95592 0.00000 0.04167 0.00000 0.00000 0.13752 0.14160
84.00000 119.00000 0.23816 0.29691 1.00000 0.59794 0.63685 0.70039 0.68214 0.61718 0.61509 0.61412 0.85347 0.64154 0.89189 0.74756 0.61385 0.99352 0.67623 0.11167 1.00000 0.70833 0.85412 1.00000 0.62723 0.63172
84.00000 120.00000 0.47609 0.83135 1.00000 0.62699 0.65410 0.64993 0.57936 0.50794 0.50000 0.47234 0.86396 0.60385 0.40541 0.66857 0.47107 0.99350 0.51078 0.34205 0.00000 0.64583 0.86469 1.00000 0.49383 0.48885
84.00000 121.00000 0.47623 0.83325 1.00000 0.62699 0.66437 0.65651 0.55563 0.50794 0.50000 0.47153 0.86405 0.60052 0.37838 0.66287 0.47064 0.99350 0.50840 0.32370 0.00000 0.64583 0.86469 1.00000 0.49588 0.49192
84.00000 122.00000 0.99985 0.99762 1.00000 0.00000 0.13157 0.28362 0.26640 0.00000 0.00063 0.00451 0.62730 0.27289 0.24324 0.47231 0.00386 0.99297 0.56669 0.38229 0.00000 0.29167 0.62791 1.00000 0.00926 0.01886
84.00000 123.00000 0.59509 0.73634 0.00000 0.23809 0.01000 0.05353 0.04193 0.29318 0.20881 0.09169 0.00133 0.02375 0.02703 0.05619 0.08867 0.00174 0.06455 0.95683 0.00000 0.04167 0.00000 0.00000 0.14232 0.14594
84.00000 124.00000 0.99981 0.99762 1.00000 0.00000 0.13148 0.29888 0.24445 0.00000 0.00063 0.00527 0.62725 0.27535 0.24324 0.48290 0.00335 0.99292 0.55079 0.39726 0.00000 0.29167 0.62791 1.00000 0.01337 0.01627
84.00000 125.00000 0.83321 0.99762 1.00000 0.06027 0.18662 0.33531 0.26048 0.14659 0.14403 0.13825 0.65065 0.29966 0.24324 0.46824 0.13613 0.99319 0.52452 0.35816 0.00000 0.33333 0.65116 1.00000 0.15912 0.16206
84.00000 126.00000 0.99979 1.00000 1.00000 0.00000 0.12964 0.30031 0.24180 0.00000 0.00063 0.00322 0.62734 0.27040 0.24324 0.48371 0.00302 0.99297 0.56112 0.38214 0.00000 0.29167 0.62791 1.00000 0.01200 0.01590
84.00000 127.00000 0.23817 0.29691 1.00000 0.59794 0.63712 0.71131 0.69525 0.61718 0.61509 0.61355 0.85341 0.64735 0.89189 0.75814 0.61527 0.99374 0.67670 0.12884 1.00000 0.68750 0.85412 1.00000 0.62551 0.63298
84.00000 128.00000 0.47612 0.83219 1.00000 0.62699 0.66098 0.66862 0.56696 0.50794 0.50000 0.47346 0.86419 0.59594 0.37838 0.66694 0.47292 0.99358 0.51580 0.31982 0.00000 0.63542 0.86469 1.00000 0.48765 0.49466
84.00000 129.00000 0.47612 0.83159 1.00000 0.62699 0.66254 0.67054 0.55637 0.50794 0.50000 0.47072 0.86405 0.60187 0.40541 0.67671 0.47107 0.99363 0.51326 0.32132 0.00000 0.66667 0.86469 1.00000 0.48457 0.49250
84.00000 130.00000 0.83320 0.99762 1.00000 0.06027 0.18827 0.33076 0.24652 0.14659 0.14403 0.13699 0.65071 0.29746 0.24324 0.47638 0.13517 0.99339 0.51807 0.37339 0.00000 0.32292 0.65116 1.00000 0.16598 0.16972
84.00000 131.00000 0.23811 0.29917 1.00000 0.59794 0.63538 0.70903 0.69877 0.61718 0.61572 0.61451 0.85351 0.64325 0.89189 0.77769 0.61413 0.99372 0.68232 0.12269 1.00000 0.67708 0.85412 1.00000 0.62586 0.63276
84.00000 132.00000 0.59512 0.73646 0.00000 0.23809 0.01881 0.05805 0.08155 0.29318 0.20818 0.09241 0.00120 0.02064 0.02703 0.03664 0.09058 0.00174 0.07645 0.93739 0.00000 0.05208 0.00000 0.00000 0.14060 0.14513
84.00000 133.00000 0.00002 0.00036 1.00000 1.00000 0.98660 0.93336 0.92522 1.00000 1.00000 0.99496 0.99939 0.87598 1.00000 0.93160 0.99551 0.99339 0.67854 0.04566 1.00000 0.93750 1.00000 1.00000 0.98011 0.98707
84.00000 134.00000 0.59525 0.73753 0.00000 0.23809 0.01129 0.06017 0.06400 0.29318 0.20881 0.09083 0.00108 0.02735 0.02703 0.03827 0.08867 0.00174 0.06165 0.95149 0.00000 0.04167 0.00000 0.00000 0.13923 0.14304
84.00000 135.00000 0.47609 0.83302 1.00000 0.62699 0.66107 0.67804 0.54867 0.50794 0.50000 0.47272 0.86398 0.60515 0.40541 0.66694 0.47237 0.99366 0.49362 0.33623 0.00000 0.65625 0.86469 1.00000 0.48560 0.49139
84.00000 136.00000 0.00006 0.00059 1.00000 1.00000 0.98266 0.94097 0.91816 1.00000 1.00000 0.99485 0.99945 0.87305 1.00000 0.93322 0.99505 0.99352 0.69182 0.03240 1.00000 0.93750 1.00000 1.00000 0.98525 0.97700
84.00000 137.00000 0.59522 0.73634 0.00000 0.23809 0.00706 0.06675 0.06104 0.29318 0.20881 0.09150 0.00122 0.01969 0.02703 0.05049 0.08982 0.00165 0.06210 0.94394 0.00000 0.05208 0.00000 0.00000 0.14266 0.14626
84.00000 138.00000 0.23813 0.29810 1.00000 0.59794 0.63813 0.68633 0.69605 0.61718 0.61572 0.61477 0.85351 0.65017 0.89189 0.76792 0.61469 0.99358 0.67901 0.11749 1.00000 0.69792 0.85412 1.00000 0.62791 0.62263
84.00000 139.00000 0.83330 0.99941 1.00000 0.06027 0.18075 0.34769 0.26489 0.14659 0.14403 0.13725 0.65073 0.30324 0.24324 0.47068 0.13606 0.99341 0.52725 0.36310 0.00000 0.33333 0.65116 1.00000 0.15809 0.16441
84.00000 140.00000 0.23803 0.29822 1.00000 0.59794 0.64327 0.71424 0.68726 0.61718 0.61509 0.61587 0.85334 0.64349 0.89189 0.77036 0.61529 0.99372 0.68211 0.12548 1.00000 0.67708 0.85412 1.00000 0.62997 0.62953
84.00000 141.00000 0.99995 0.99929 1.00000 0.00000 0.13001 0.28655 0.25793 0.00000 0.00063 0.00518 0.62736 0.27404 0.24324 0.47476 0.00347 0.99322 0.56267 0.38924 0.00000 0.30208 0.62791 1.00000 0.01715 0.02080
84.00000 142.00000 0.23809 0.29774 1.00000 0.59794 0.63786 0.69904 0.68303 0.61718 0.61509 0.61477 0.85345 0.64844 0.89189 0.75570 0.61489 0.99361 0.67106 0.11859 1.00000 0.69792 0.85412 1.00000 0.62997 0.62881
84.00000 143.00000 0.00001 0.00000 1.00000 1.00000 0.98211 0.95452 0.93667 1.00000 1.00000 0.99418 0.99935 0.87272 1.00000 0.93567 0.99505 0.99372 0.68463 0.05909 1.00000 0.94792 1.00000 1.00000 0.98148 0.97931
84.00000 144.00000 0.83333 0.99774 1.00000 0.06027 0.18635 0.32851 0.26982 0.14659 0.14403 0.13823 0.65073 0.30127 0.24324 0.46906 0.13570 0.99336 0.51771 0.37152 0.00000 0.32292 0.65116 1.00000 0.16392 0.16164
84.00000 145.00000 0.23804 0.29691 1.00000 0.59794 0.63703 0.70630 0.69364 0.61718 0.61572 0.61274 0.85332 0.64494 0.89189 0.74349 0.61372 0.99355 0.67732 0.12727 1.00000 0.69792 0.85412 1.00000 0.62791 0.62847
84.00000 146.00000 0.83325 0.99881 1.00000 0.06027 0.18754 0.33425 0.24847 0.14659 0.14403 0.13606 0.65080 0.29901 0.24324 0.48208 0.13659 0.99350 0.53958 0.37086 0.00000 0.33333 0.65116 1.00000 0.16084 0.16851
84.00000 147.00000 0.99997 0.99762 1.00000 0.00000 0.12983 0.30419 0.24513 0.00000 0.00063 0.00482 0.62747 0.28157 0.24324 0.48046 0.00284 0.99317 0.56424 0.38119 0.00000 0.30208 0.62791 1.00000 0.01406 0.01903
84.00000 148.00000 0.23802 0.29715 1.00000 0.59794 0.63565 0.68799 0.70389 0.61718 0.61509 0.61353 0.85345 0.64833 0.89189 0.75651 0.61367 0.99372 0.68889 0.12258 1.00000 0.69792 0.85412 1.00000 0.62894 0.63000
84.00000 149.00000 0.00004 0.00000 1.00000 1.00000 0.98385 0.95964 0.93792 1.00000 1.00000 0.99277 0.99941 0.87690 1.00000 0.92590 0.99490 0.99352 0.68870 0.04665 1.00000 0.93750 1.00000 1.00000 0.97908 0.97988
84.00000 150.00000 0.99990 0.99762 1.00000 0.00000 0.12873 0.30624 0.25858 0.00000 0.00063 0.00365 0.62749 0.28506 0.24324 0.50570 0.00525 0.99306 0.56524 0.38448 0.00000 0.29167 0.62791 1.00000 0.01132 0.02369
84.00000 151.00000 0.59513 0.73789 0.00000 0.23809 0.01275 0.03625 0.05683 0.29318 0.20881 0.09298 0.00133 0.02571 0.02703 0.05782 0.08875 0.00193 0.07671 0.94493 0.00000 0.06250 0.00000 0.00000 0.14369 0.14978
84.00000 152.00000 0.23821 0.29929 1.00000 0.59794 0.63868 0.69622 0.70255 0.61718 0.61509 0.61300 0.85343 0.65383 0.89189 0.75163 0.61471 0.99380 0.68306 0.13313 1.00000 0.70833 0.85412 1.00000 0.62757 0.63617
84.00000 153.00000 0.59508 0.73670 0.00000 0.23809 0.00780 0.03448 0.08128 0.29318 0.20881 0.09243 0.00129 0.03204 0.02703 0.05537 0.09015 0.00187 0.05808 0.94248 0.00000 0.06250 0.00000 0.00000 0.14335 0.14652
84.00000 154.00000 0.99992 0.99762 1.00000 0.00000 0.13708 0.30684 0.26111 0.00000 0.00000 0.00446 0.62749 0.27861 0.24324 0.48290 0.00274 0.99333 0.57745 0.39624 0.00000 0.30208 0.62791 1.00000 0.00995 0.01893
84.00000 155.00000 0.59520 0.73694 0.00000 0.23809 0.01477 0.07236 0.05924 0.29318 0.20881 0.09284 0.00137 0.02568 0.02703 0.05212 0.08977 0.00190 0.05784 0.95215 0.00000 0.05208 0.00000 0.00000 0.13889 0.14864
84.00000 156.00000 0.23809 0.29691 1.00000 0.59794 0.63345 0.69741 0.71704 0.61718 0.61509 0.61606 0.85343 0.64613 0.89189 0.74837 0.61494 0.99374 0.68630 0.12105 1.00000 0.68750 0.85412 1.00000 0.62929 0.63267
84.00000 157.00000 0.99988 0.99822 1.00000 0.00000 0.13111 0.29086 0.23307 0.00000 0.00000 0.00518 0.62747 0.28202 0.24324 0.48046 0.00512 0.99311 0.56576 0.39023 0.00000 0.29167 0.62791 1.00000 0.01303 0.01335
84.00000 158.00000 0.83327 0.99869 1.00000 0.06027 0.18938 0.33639 0.24566 0.14659 0.14403 0.13651 0.65084 0.29894 0.24324 0.47394 0.13692 0.99352 0.52675 0.36907 0.00000 0.33333 0.65116 1.00000 0.15809 0.16734
84.00000 159.00000 0.59522 0.73741 0.00000 0.23809 0.01385 0.05442 0.07122 0.29318 0.20881 0.09095 0.00131 0.01842 0.02703 0.05863 0.08959 0.00204 0.06729 0.94354 0.00000 0.06250 0.00000 0.00000 0.14163 0.14408
84.00000 160.00000 0.59518 0.73646 0.00000 0.23809 0.01064 0.05811 0.08492 0.29318 0.20881 0.09214 0.00146 0.02475 0.02703 0.07003 0.09007 0.00193 0.07321 0.94076 0.00000 0.04167 0.00000 0.00000 0.13855 0.14380
84.00000 161.00000 0.83313 0.99762 1.00000 0.06027 0.18791 0.33187 0.27425 0.14659 0.14403 0.13615 0.65080 0.30522 0.24324 0.46010 0.13768 0.99355 0.52818 0.37028 0.00000 0.33333 0.65116 1.00000 0.16427 0.15866
84.00000 162.00000 0.83325 0.99762 1.00000 0.06027 0.18515 0.33090 0.27391 0.14659 0.14403 0.13603 0.65088 0.30441 0.24324 0.47476 0.13692 0.99352 0.52913 0.37694 0.00000 0.33333 0.65116 1.00000 0.15741 0.16166
84.00000 163.00000 0.23803 0.29822 1.00000 0.59794 0.63712 0.69579 0.69997 0.61718 0.61509 0.61479 0.85345 0.64997 0.89189 0.75977 0.61443 0.99372 0.68663 0.13386 1.00000 0.68750 0.85412 1.00000 0.62689 0.63687
84.00000 164.00000 0.83333 0.99952 1.00000 0.06027 0.18726 0.35836 0.27319 0.14659 0.14403 0.13586 0.65092 0.30493 0.24324 0.46580 0.13644 0.99355 0.53230 0.35274 0.00000 0.33333 0.65116 1.00000 0.16187 0.16761
84.00000 165.00000 0.23817 0.29881 1.00000 0.59794 0.64061 0.68999 0.68837 0.61718 0.61572 0.61570 0.85345 0.65212 0.89189 0.77036 0.61438 0.99383 0.68034 0.12064 1.00000 0.70833 0.85412 1.00000 0.63237 0.62611
84.00000 166.00000 0.59521 0.73848 0.00000 0.23809 0.01496 0.04183 0.07105 0.29318 0.20881 0.09181 0.00139 0.02488 0.02703 0.04967 0.08959 0.00209 0.07802 0.95621 0.00000 0.03125 0.00000 0.00000 0.13752 0.15051
84.00000 167.00000 0.59515 0.73634 0.00000 0.23809 0.01385 0.04548 0.06913 0.29318 0.20881 0.09324 0.00141 0.01996 0.02703 0.05700 0.08677 0.00209 0.08223 0.95405 0.00000 0.06250 0.00000 0.00000 0.14026 0.13812
84.00000 168.00000 0.59524 0.73777 0.00000 0.23809 0.00963 0.07980 0.07250 0.29318 0.20881 0.09355 0.00137 0.02713 0.02703 0.04479 0.09037 0.00190 0.07557 0.94867 0.00000 0.04167 0.00000 0.00000 0.13717 0.14348
84.00000 169.00000 0.99985 0.99762 1.00000 0.00000 0.13194 0.31145 0.23774 0.00000 0.00000 0.00356 0.62755 0.28142 0.24324 0.48534 0.00345 0.99347 0.57617 0.37808 0.00000 0.29167 0.62791 1.00000 0.01303 0.02202
84.00000 170.00000 0.59527 0.73634 0.00000 0.23809 0.01367 0.05613 0.05613 0.29318 0.20881 0.09241 0.00152 0.02780 0.02703 0.05130 0.08959 0.00193 0.07905 0.94925 0.00000 0.06250 0.00000 0.00000 0.14060 0.14335
84.00000 171.00000 0.83335 0.99798 1.00000 0.06027 0.18827 0.34030 0.27943 0.14659 0.14403 0.13777 0.65092 0.30392 0.24324 0.46987 0.13669 0.99355 0.53689 0.37123 0.00000 0.33333 0.65116 1.00000 0.15947 0.15988
84.00000 172.00000 0.59530 0.73777 0.00000 0.23809 0.01422 0.03936 0.05485 0.29318 0.20881 0.09121 0.00146 0.01998 0.02703 0.04642 0.08921 0.00204 0.07876 0.96130 0.00000 0.04167 0.00000 0.00000 0.13717 0.14105
84.00000 173.00000 0.00004 0.00166 1.00000 1.00000 0.98413 0.95151 0.93600 1.00000 1.00000 0.99329 0.99943 0.88814 1.00000 0.93078 0.99429 0.99347 0.71141 0.04800 1.00000 0.94792 1.00000 1.00000 0.97908 0.97880
84.00000 174.00000 0.99978 0.99917 1.00000 0.00000 0.13396 0.30107 0.25651 0.00000 0.00063 0.00403 0.62759 0.28169 0.24324 0.49919 0.00530 0.99333 0.58071 0.39539 0.00000 0.29167 0.62791 1.00000 0.01200 0.02146
84.00000 175.00000 0.47606 0.83135 1.00000 0.62699 0.65740 0.65448 0.56282 0.50794 0.50000 0.47358 0.86419 0.61390 0.40541 0.66938 0.47351 0.99355 0.52368 0.33472 0.00000 0.64583 0.86469 1.00000 0.48697 0.49429
84.00000 176.00000 0.99988 0.99988 1.00000 0.00000 0.12717 0.30196 0.24188 0.00000 0.00063 0.00332 0.62763 0.28388 0.24324 0.48371 0.00388 0.99361 0.58297 0.38745 0.00000 0.28125 0.62791 1.00000 0.01886 0.01754
84.00000 177.00000 0.47627 0.83135 1.00000 0.62699 0.66557 0.66588 0.56109 0.50794 0.50000 0.47127 0.86432 0.61249 0.40541 0.67915 0.47092 0.99377 0.53480 0.32030 0.00000 0.64583 0.86469 1.00000 0.48834 0.49008
84.00000 178.00000 0.99997 0.99762 1.00000 0.00000 0.12919 0.30169 0.25054 0.00000 0.00063 0.00465 0.62768 0.28258 0.24324 0.49023 0.00297 0.99358 0.58561 0.37943 0.00000 0.30208 0.62791 1.00000 0.01235 0.01523
84.00000 179.00000 0.59518 0.73777 0.00000 0.23809 0.01395 0.07382 0.05762 0.29318 0.20881 0.09126 0.00156 0.02927 0.02703 0.05863 0.09083 0.00220 0.07778 0.94830 0.00000 0.05208 0.00000 0.00000 0.13374 0.14714
84.00000 180.00000 0.00005 0.00071 1.00000 1.00000 0.98284 0.94745 0.93569 1.00000 1.00000 0.99272 0.99949 0.88377 1.00000 0.93404 0.99282 0.99347 0.70924 0.03954 1.00000 0.95833 1.00000 1.00000 0.98114 0.97568
84.00000 181.00000 0.99993 0.99762 1.00000 0.00000 0.12992 0.30933 0.27242 0.00000 0.00063 0.00473 0.62757 0.28277 0.24324 0.47313 0.00388 0.99339 0.59773 0.37632 0.00000 0.28125 0.62791 1.00000 0.01783 0.01649
84.00000 182.00000 0.59513 0.73634 0.00000 0.23809 0.01367 0.05231 0.07336 0.29318 0.20881 0.09152 0.00154 0.02046 0.02703 0.04967 0.08834 0.00226 0.08890 0.95723 0.00000 0.02083 0.00000 0.00000 0.14198 0.14302
84.00000 183.00000 0.23809 0.29691 1.00000 0.59794 0.63804 0.70215 0.69237 0.61718 0.61509 0.61281 0.85351 0.66189 0.89189 0.75733 0.61423 0.99363 0.70484 0.12009 1.00000 0.71875 0.85412 1.00000 0.63066 0.62881
84.00000 184.00000 0.00006 0.00048 1.00000 1.00000 0.99027 0.96836 0.92745 1.00000 1.00000 0.99303 0.99932 0.89191 1.00000 0.92671 0.99262 0.99344 0.70415 0.05664 1.00000 0.92708 1.00000 1.00000 0.97394 0.97955
84.00000 185.00000 0.23808 0.29691 1.00000 0.59794 0.64208 0.70521 0.69858 0.61718 0.61572 0.61400 0.85347 0.65566 0.89189 0.78339 0.61408 0.99383 0.69805 0.12555 1.00000 0.69792 0.85412 1.00000 0.62860 0.62832
84.00000 186.00000 1.00000 0.99762 1.00000 0.00000 0.13322 0.30773 0.27136 0.00000 0.00000 0.00358 0.62776 0.28525 0.24324 0.50081 0.00408 0.99358 0.59185 0.38375 0.00000 0.32292 0.62791 1.00000 0.01029 0.01856
84.00000 187.00000 0.59514 0.73634 0.00000 0.23809 0.01193 0.05754 0.07409 0.29318 0.20881 0.09121 0.00156 0.03355 0.02703 0.07410 0.09030 0.00234 0.08359 0.95529 0.00000 0.04167 0.00000 0.00000 0.13615 0.14445
84.00000 188.00000 0.99982 0.99857 1.00000 0.00000 0.13139 0.31266 0.28357 0.00000 0.00063 0.00305 0.62774 0.28708 0.24324 0.50407 0.00457 0.99363 0.58062 0.36577 0.00000 0.31250 0.62791 1.00000 0.01337 0.01658
84.00000 189.00000 0.00006 0.00059 1.00000 1.00000 0.98284 0.94368 0.93855 1.00000 1.00000 0.99372 0.99956 0.88295 1.00000 0.92508 0.99412 0.99355 0.70674 0.03526 1.00000 0.94792 1.00000 1.00000 0.97874 0.97775
84.00000 190.00000 0.83334 0.99762 1.00000 0.06027 0.18938 0.33718 0.26631 0.14659 0.14403 0.13763 0.65126 0.31003 0.24324 0.46743 0.13712 0.99377 0.55053 0.37097 0.00000 0.32292 0.65116 1.00000 0.15775 0.16575
84.00000 191.00000 0.23806 0.29703 1.00000 0.59794 0.63877 0.71887 0.69910 0.61718 0.61572 0.61238 0.85360 0.66526 0.89189 0.76792 0.61372 0.99374 0.69413 0.12925 1.00000 0.71875 0.85412 1.00000 0.62277 0.63372
84.00000 192.00000 0.23800 0.29691 1.00000 0.59794 0.63832 0.71768 0.70204 0.61718 0.61509 0.61384 0.85349 0.65986 0.89189 0.75326 0.61428 0.99372 0.68934 0.12397 1.00000 0.68750 0.85412 1.00000 0.62894 0.62638
84.00000 193.00000 0.47605 0.83147 1.00000 0.62699 0.66300 0.65448 0.57194 0.50794 0.50000 0.46974 0.86434 0.61698 0.37838 0.68730 0.47092 0.99380 0.54003 0.33623 0.00000 0.65625 0.86469 1.00000 0.48457 0.49510
84.00000 194.00000 0.99987 0.99929 1.00000 0.00000 0.13387 0.30169 0.25750 0.00000 0.00063 0.00377 0.62774 0.29115 0.24324 0.50000 0.00416 0.99377 0.60463 0.39045 0.00000 0.29167 0.62791 1.00000 0.00480 0.01162
84.00000 195.00000 0.23820 0.29691 1.00000 0.59794 0.64171 0.70332 0.67920 0.61718 0.61509 0.61403 0.85349 0.65758 0.89189 0.78583 0.61375 0.99372 0.71329 0.14646 1.00000 0.70833 0.85412 1.00000 0.62757 0.62860
84.00000 196.00000 0.47629 0.83135 1.00000 0.62699 0.66502 0.66583 0.58044 0.50794 0.50000 0.47100 0.86434 0.61455 0.40541 0.67345 0.47191 0.99369 0.54801 0.31803 0.00000 0.65625 0.86469 1.00000 0.48422 0.49055
84.00000 197.00000 0.47625 0.83135 1.00000 0.62699 0.65768 0.67658 0.56884 0.50794 0.50000 0.47108 0.86432 0.61888 0.40541 0.69137 0.47173 0.99385 0.53696 0.33685 0.00000 0.65625 0.86469 1.00000 0.48491 0.49121
84.00000 198.00000 0.99995 0.99762 1.00000 0.00000 0.13166 0.31017 0.26323 0.00000 0.00063 0.00415 0.62778 0.28785 0.24324 0.49593 0.00297 0.99380 0.60961 0.39572 0.00000 0.29167 0.62791 1.00000 0.01372 0.01949
84.00000 199.00000 0.99992 0.99762 1.00000 0.00000 0.13176 0.30413 0.25449 0.00000 0.00063 0.00246 0.62806 0.29521 0.24324 0.49104 0.00419 0.99385 0.60987 0.38543 0.00000 0.31250 0.62791 1.00000 0.02092 0.02232
84.00000 200.00000 0.83324 0.99762 1.00000 0.06027 0.18873 0.32699 0.26787 0.14659 0.14403 0.13732 0.65132 0.31336 0.24324 0.46906 0.13542 0.99413 0.55565 0.36848 0.00000 0.33333 0.65116 1.00000 0.15809 0.16864
84.00000 201.00000 0.99989 0.99786 1.00000 0.00000 0.13836 0.30443 0.27288 0.00000 0.00063 0.00425 0.62797 0.29255 0.24324 0.50896 0.00350 0.99399 0.59673 0.38412 0.00000 0.32292 0.62791 1.00000 0.01578 0.01911
84.00000 202.00000 0.23813 0.29691 1.00000 0.59794 0.64061 0.70446 0.71598 0.61718 0.61572 0.61350 0.85357 0.66454 0.89189 0.78176 0.61332 0.99380 0.69812 0.12866 1.00000 0.70833 0.85412 1.00000 0.62380 0.62673
84.00000 203.00000 0.00003 0.00000 1.00000 1.00000 0.98679 0.94314 0.95290 1.00000 1.00000 0.99375 0.99937 0.88763 1.00000 0.94300 0.99361 0.99347 0.71659 0.04474 1.00000 0.92708 1.00000 1.00000 0.97291 0.97601
84.00000 204.00000 0.59530 0.73634 0.00000 0.23809 0.01156 0.04968 0.09341 0.29318 0.20881 0.09336 0.00186 0.03429 0.02703 0.06433 0.08906 0.00259 0.09978 0.94607 0.00000 0.04167 0.00000 0.00000 0.14129 0.14203
84.00000 205.00000 0.00001 0.00048 1.00000 1.00000 0.99000 0.94447 0.93061 1.00000 1.00000 0.99232 0.99945 0.89379 1.00000 0.92508 0.99399 0.99347 0.73978 0.05005 1.00000 0.94792 1.00000 1.00000 0.98217 0.97981
84.00000 206.00000 0.83314 0.99762 1.00000 0.06027 0.19011 0.35197 0.27485 0.14659 0.14403 0.13672 0.65149 0.31640 0.24324 0.47557 0.13618 0.99443 0.57245 0.37892 0.00000 0.34375 0.65116 1.00000 0.15535 0.16215
84.00000 207.00000 0.47628 0.83373 1.00000 0.62699 0.66199 0.66195 0.56460 0.50794 0.50000 0.47084 0.86451 0.61488 0.37838 0.67834 0.47018 0.99410 0.54941 0.34527 1.00000 0.66667 0.86469 1.00000 0.48765 0.48288
84.00000 208.00000 0.47618 0.83135 1.00000 0.62699 0.66245 0.67143 0.55806 0.50794 0.50000 0.47251 0.86422 0.62157 0.37838 0.69463 0.47006 0.99416 0.54527 0.33721 1.00000 0.66667 0.86469 1.00000 0.48320 0.48255
84.00000 209.00000 0.59524 0.73634 0.00000 0.23809 0.01358 0.06415 0.07483 0.29318 0.20881 0.09102 0.00205 0.04455 0.02703 0.06107 0.08956 0.00281 0.11468 0.95914 0.00000 0.06250 0.00000 0.00000 0.13923 0.14764
84.00000 210.00000 0.59519 0.73634 0.00000 0.23809 0.01652 0.05694 0.06930 0.29318 0.20881 0.09007 0.00207 0.03529 0.02703 0.07003 0.09035 0.00259 0.10382 0.95775 0.00000 0.06250 0.00000 0.00000 0.13409 0.14115
84.00000 211.00000 0.00005 0.00071 1.00000 1.00000 0.98605 0.95547 0.94671 1.00000 1.00000 0.99320 0.99954 0.90055 1.00000 0.93078 0.99379 0.99358 0.74290 0.04357 1.00000 0.94792 1.00000 1.00000 0.97325 0.97644
84.00000 212.00000 0.00003 0.00083 1.00000 1.00000 0.98982 0.96416 0.94683 1.00000 1.00000 0.99224 0.99947 0.89615 1.00000 0.94625 0.99259 0.99361 0.73454 0.04639 1.00000 0.93750 1.00000 1.00000 0.97668 0.97841
84.00000 213.00000 0.59511 0.73634 0.00000 0.23809 0.01569 0.07872 0.08047 0.29318 0.20881 0.09050 0.00192 0.04249 0.02703 0.06759 0.08959 0.00292 0.11963 0.95507 0.00000 0.05208 0.00000 0.00000 0.13717 0.13902
84.00000 214.00000 0.99979 0.99762 1.00000 0.00000 0.13543 0.31234 0.27122 0.00000 0.00063 0.00473 0.62820 0.29543 0.24324 0.49186 0.00543 0.99421 0.62048 0.38218 0.00000 0.29167 0.62791 1.00000 0.01406 0.01831
84.00000 215.00000 0.00005 0.00178 1.00000 1.00000 0.98642 0.96012 0.95371 1.00000 1.00000 0.99134 0.99949 0.89051 1.00000 0.95195 0.99343 0.99352 0.74325 0.06071 1.00000 0.95833 1.00000 1.00000 0.96982 0.98649
84.00000 216.00000 0.99994 1.00000 1.00000 0.00000 0.13020 0.29993 0.25981 0.00000 0.00063 0.00535 0.62831 0.29372 0.24324 0.50163 0.00391 0.99454 0.63462 0.38489 0.00000 0.31250 0.62791 1.00000 0.01406 0.01554
84.00000 217.00000 0.47611 0.83135 1.00000 0.62699 0.66648 0.66472 0.56566 0.50794 0.50000 0.47196 0.86447 0.62691 0.37838 0.67264 0.47087 0.99413 0.55800 0.34110 0.00000 0.67708 0.86469 1.00000 0.48765 0.48734
84.00000 218.00000 0.83322 0.99786 1.00000 0.06027 0.18809 0.33780 0.25312 0.14659 0.14403 0.13787 0.65166 0.32144 0.24324 0.49349 0.13375 0.99471 0.58376 0.37855 0.00000 0.33333 0.65116 1.00000 0.15912 0.16825
84.00000 219.00000 0.99987 0.99762 1.00000 0.00000 0.13258 0.30424 0.26385 0.00000 0.00063 0.00437 0.62831 0.29744 0.24324 0.50244 0.00383 0.99457 0.62677 0.38020 0.00000 0.29167 0.62791 1.00000 0.01235 0.01246
84.00000 220.00000 0.23819 0.29691 1.00000 0.59794 0.63914 0.71142 0.70375 0.61718 0.61572 0.61326 0.85357 0.67257 0.89189 0.77932 0.61321 0.99383 0.74608 0.12859 1.00000 0.70833 0.85412 1.00000 0.62894 0.62587
84.00000 221.00000 0.99988 0.99762 1.00000 0.00000 0.13818 0.34048 0.25957 0.00000 0.00063 0.00458 0.62835 0.29899 0.24324 0.49104 0.00327 0.99457 0.62460 0.40034 0.00000 0.31250 0.62791 1.00000 0.01200 0.01287
84.00000 222.00000 0.00003 0.00178 1.00000 1.00000 0.98404 0.97538 0.94967 1.00000 1.00000 0.99265 0.99943 0.89692 1.00000 0.95440 0.99277 0.99341 0.74071 0.04969 1.00000 0.95833 1.00000 1.00000 0.97599 0.97589
84.00000 223.00000 0.59511 0.73634 0.00000 0.23809 0.01486 0.05551 0.07977 0.29318 0.20881 0.09222 0.00226 0.04866 0.02703 0.06189 0.08906 0.00320 0.12810 0.96566 0.00000 0.05208 0.00000 0.00000 0.13786 0.14349
84.00000 224.00000 0.83317 0.99905 1.00000 0.06027 0.18745 0.35148 0.27574 0.14659 0.14403 0.13746 0.65179 0.32469 0.24324 0.48860 0.13606 0.99496 0.59794 0.38467 0.00000 0.34375 0.65116 1.00000 0.15878 0.16128
84.00000 225.00000 0.00000 0.00000 1.00000 1.00000 0.99349 0.93285 0.95020 1.00000 1.00000 0.99143 0.99943 0.90544 1.00000 0.94625 0.99325 0.99350 0.76998 0.05562 1.00000 0.94792 1.00000 1.00000 0.97119 0.97254
84.00000 226.00000 0.47608 0.83302 1.00000 0.62699 0.66823 0.65721 0.57876 0.50794 0.50000 0.47177 0.86460 0.63244 0.37838 0.68404 0.46922 0.99419 0.58152 0.34838 1.00000 0.66667 0.86469 1.00000 0.48525 0.49135
84.00000 227.00000 0.99995 0.99762 1.00000 0.00000 0.13001 0.30020 0.27654 0.00000 0.00063 0.00425 0.62854 0.30580 0.24324 0.50000 0.00292 0.99476 0.63662 0.38946 0.00000 0.31250 0.62791 1.00000 0.01680 0.01465
84.00000 228.00000 0.00004 0.00000 1.00000 1.00000 0.98706 0.96056 0.95651 1.00000 1.00000 0.99258 0.99930 0.90388 1.00000 0.95521 0.99305 0.99363 0.76641 0.04738 1.00000 0.93750 1.00000 1.00000 0.97908 0.97469
84.00000 229.00000 0.83315 0.99762 1.00000 0.06027 0.19332 0.35105 0.28592 0.14659 0.14403 0.13775 0.65204 0.32944 0.24324 0.48046 0.13580 0.99551 0.60532 0.38166 0.00000 0.33333 0.65116 1.00000 0.16084 0.16233
84.00000 230.00000 0.83321 0.99762 1.00000 0.06027 0.18882 0.35739 0.28578 0.14659 0.14403 0.13438 0.65200 0.32366 0.24324 0.49267 0.13707 0.99507 0.59716 0.37734 0.00000 0.33333 0.65116 1.00000 0.15706 0.15896
84.00000 231.00000 0.47615 0.83135 1.00000 0.62699 0.67006 0.66732 0.58501 0.50794 0.50000 0.47117 0.86466 0.63339 0.40541 0.70358 0.46914 0.99449 0.58376 0.34827 1.00000 0.67708 0.86469 1.00000 0.48560 0.48591
84.00000 232.00000 0.00003 0.00000 1.00000 1.00000 0.98422 0.93799 0.95983 1.00000 1.00000 0.99377 0.99932 0.90150 1.00000 0.94707 0.99259 0.99352 0.77765 0.07876 1.00000 0.95833 1.00000 1.00000 0.97462 0.97460
84.00000 233.00000 0.00006 0.00000 1.00000 1.00000 0.99459 0.95354 0.96156 1.00000 1.00000 0.99227 0.99943 0.91150 1.00000 0.94055 0.99292 0.99358 0.78779 0.06188 1.00000 0.96875 1.00000 1.00000 0.97119 0.97275
84.00000 234.00000 0.99983 0.99762 1.00000 0.00000 0.13377 0.32150 0.27538 0.00000 0.00063 0.00415 0.62877 0.30984 0.24324 0.50163 0.00403 0.99512 0.65271 0.40762 0.00000 0.30208 0.62791 1.00000 0.00823 0.01965
84.00000 235.00000 0.47616 0.83266 1.00000 0.62699 0.66437 0.67482 0.58251 0.50794 0.50000 0.47019 0.86477 0.64059 0.37838 0.69463 0.46922 0.99446 0.59080 0.34318 1.00000 0.66667 0.86469 1.00000 0.48868 0.48907
84.00000 236.00000 0.83332 0.99762 1.00000 0.06027 0.18754 0.35121 0.29228 0.14659 0.14403 0.13818 0.65223 0.33827 0.24324 0.48534 0.13616 0.99545 0.61449 0.38507 0.00000 0.36458 0.65116 1.00000 0.15844 0.16180
84.00000 237.00000 0.83321 0.99881 1.00000 0.06027 0.19093 0.36533 0.28263 0.14659 0.14403 0.13737 0.65240 0.33457 0.24324 0.48127 0.13494 0.99573 0.61620 0.39236 0.00000 0.33333 0.65116 1.00000 0.15844 0.16139
84.00000 238.00000 0.47610 0.83325 1.00000 0.62699 0.66474 0.66201 0.58788 0.50794 0.50000 0.47017 0.86477 0.64036 0.37838 0.67834 0.47092 0.99452 0.60332 0.35710 1.00000 0.67708 0.86469 1.00000 0.48388 0.48397
84.00000 239.00000 0.99977 0.99762 1.00000 0.00000 0.13359 0.31865 0.27569 0.00000 0.00063 0.00632 0.62892 0.31734 0.24324 0.49756 0.00347 0.99526 0.66416 0.39942 0.00000 0.30208 0.62791 1.00000 0.01543 0.01156
84.00000 240.00000 0.59513 0.73694 0.00000 0.23809 0.01762 0.08400 0.08054 0.29318 0.20881 0.09045 0.00281 0.04916 0.02703 0.07573 0.08933 0.00380 0.15721 0.97686 0.00000 0.06250 0.00000 0.00000 0.13340 0.13621
84.00000 241.00000 0.59530 0.73658 0.00000 0.23809 0.01505 0.05859 0.08436 0.29318 0.20881 0.09064 0.00287 0.05217 0.02703 0.06515 0.08880 0.00386 0.15354 0.96957 0.00000 0.08333 0.00000 0.00000 0.13649 0.14419
84.00000 242.00000 0.59513 0.73765 0.00000 0.23809 0.01459 0.07355 0.09414 0.29318 0.20881 0.09262 0.00268 0.05326 0.00000 0.06515 0.08946 0.00391 0.14947 0.97386 0.00000 0.07292 0.00000 0.00000 0.14643 0.14104
84.00000 243.00000 0.47629 0.83135 1.00000 0.62699 0.66832 0.69814 0.57197 0.50794 0.50000 0.47036 0.86474 0.63601 0.37838 0.69788 0.46937 0.99454 0.59980 0.34937 1.00000 0.66667 0.86469 1.00000 0.48628 0.47880
84.00000 244.00000 0.00004 0.00071 1.00000 1.00000 0.98881 0.96153 0.95607 1.00000 1.00000 0.99184 0.99954 0.91663 1.00000 0.95440 0.99234 0.99355 0.80223 0.06374 1.00000 0.95833 1.00000 1.00000 0.97154 0.96891
84.00000 245.00000 0.47610 0.83135 1.00000 0.62699 0.67263 0.64844 0.59091 0.50794 0.50000 0.46816 0.86493 0.64772 0.37838 0.71580 0.47110 0.99474 0.60953 0.34794 1.00000 0.65625 0.86469 1.00000 0.48628 0.48696
84.00000 246.00000 0.00006 0.00131 1.00000 1.00000 0.98697 0.95289 0.96262 1.00000 1.00000 0.99055 0.99949 0.91723 1.00000 0.95684 0.99234 0.99358 0.79512 0.06704 1.00000 0.96875 1.00000 1.00000 0.97325 0.97249
84.00000 247.00000 0.47629 0.83135 1.00000 0.62699 0.66648 0.65713 0.58201 0.50794 0.50000 0.46981 0.86496 0.64512 0.37838 0.70195 0.46937 0.99485 0.60154 0.34835 1.00000 0.66667 0.86469 1.00000 0.48560 0.49170
84.00000 248.00000 0.83328 0.99762 1.00000 0.06027 0.19561 0.35251 0.28624 0.14659 0.14465 0.13816 0.65278 0.34590 0.24324 0.49511 0.13717 0.99600 0.63041 0.38024 0.00000 0.34375 0.65116 1.00000 0.15364 0.15490
84.00000 249.00000 0.99977 0.99893 1.00000 0.00000 0.13240 0.32271 0.28207 0.00000 0.00063 0.00422 0.62937 0.32414 0.24324 0.52524 0.00386 0.99578 0.68832 0.39397 0.00000 0.31250 0.62791 1.00000 0.01200 0.01431
84.00000 250.00000 0.00000 0.00000 1.00000 1.00000 0.99202 0.94929 0.95107 1.00000 1.00000 0.99215 0.99945 0.91945 1.00000 0.95765 0.99247 0.99347 0.80656 0.06254 1.00000 0.96875 1.00000 1.00000 0.97394 0.96853
84.00000 251.00000 0.99991 0.99881 1.00000 0.00000 0.13533 0.35165 0.28109 0.00000 0.00063 0.00449 0.62943 0.32712 0.24324 0.51954 0.00386 0.99587 0.69315 0.41290 0.00000 0.31250 0.62791 1.00000 0.01337 0.01507
84.00000 252.00000 0.83327 0.99762 1.00000 0.06027 0.18993 0.35975 0.26828 0.14659 0.14465 0.13653 0.65295 0.34826 0.24324 0.50814 0.13529 0.99642 0.65414 0.38236 0.00000 0.36458 0.65116 1.00000 0.15364 0.16722
84.00000 253.00000 0.47610 0.83373 1.00000 0.62699 0.66731 0.67918 0.58964 0.50794 0.50000 0.46950 0.86496 0.65536 0.37838 0.70114 0.46782 0.99493 0.63146 0.35797 1.00000 0.66667 0.86469 1.00000 0.47908 0.48795
84.00000 254.00000 0.23823 0.29810 1.00000 0.59794 0.64235 0.71917 0.72604 0.61718 0.61572 0.61293 0.85379 0.70938 0.89189 0.77362 0.61152 0.99419 0.80583 0.14452 1.00000 0.71875 0.85412 1.00000 0.62037 0.61801
84.00000 255.00000 0.83332 0.99762 1.00000 0.06027 0.19121 0.36503 0.29981 0.14659 0.14465 0.13870 0.65303 0.35484 0.24324 0.50570 0.13522 0.99664 0.65747 0.37544 0.00000 0.34375 0.65116 1.00000 0.15775 0.16009
84.00000 256.00000 0.59518 0.73729 0.00000 0.23809 0.01312 0.08230 0.09411 0.29318 0.20881 0.08978 0.00338 0.06453 0.02703 0.07736 0.08888 0.00468 0.17430 0.96584 0.00000 0.07292 0.00000 0.00000 0.13546 0.14152
84.00000 257.00000 0.47617 0.83135 1.00000 0.62699 0.67043 0.68967 0.57428 0.50794 0.50000 0.46974 0.86534 0.66260 0.37838 0.70440 0.46952 0.99504 0.63705 0.33798 1.00000 0.67708 0.86469 1.00000 0.48114 0.48238
84.00000 258.00000 0.23816 0.29822 1.00000 0.59794 0.64703 0.72886 0.73001 0.61718 0.61572 0.61202 0.85393 0.70605 0.89189 0.80782 0.61286 0.99419 0.81925 0.15308 1.00000 0.72917 0.85412 1.00000 0.61968 0.63257
84.00000 259.00000 0.99995 0.99762 1.00000 0.00000 0.13717 0.31418 0.28660 0.00000 0.00063 0.00508 0.62968 0.34040 0.24324 0.51629 0.00350 0.99642 0.71840 0.38899 0.00000 0.32292 0.62791 1.00000 0.01097 0.01627
