17.00000 1.00000 0.31609 0.91667 1.00000 1.00000 0.07229 0.35928 0.32140 1.00000 1.00000 0.86957 0.19697 0.20704 1.00000 0.23810 0.74627 0.14706 0.23816 0.23471 1.00000 0.33333 1.00000 1.00000 0.82946 0.87503
17.00000 2.00000 0.54598 0.91667 1.00000 1.00000 0.27711 0.40964 0.29203 1.00000 1.00000 0.71659 0.24242 0.18106 1.00000 0.29167 0.72068 0.10294 0.20549 0.33705 1.00000 0.08333 1.00000 1.00000 0.79845 0.79384
17.00000 3.00000 0.43678 0.91667 1.00000 1.00000 0.26807 0.35731 0.31617 1.00000 1.00000 0.87279 0.18182 0.18052 1.00000 0.17857 0.85075 0.16176 0.22257 0.34513 1.00000 0.25000 1.00000 1.00000 0.79845 0.62068
17.00000 4.00000 0.74138 0.33333 1.00000 1.00000 0.25904 0.33813 0.20544 1.00000 1.00000 0.72464 0.24242 0.16876 1.00000 0.28571 0.84435 0.14706 0.24125 0.30165 1.00000 0.41667 1.00000 1.00000 0.61240 0.74496
17.00000 5.00000 0.54598 0.16667 1.00000 1.00000 0.26506 0.25768 0.31161 1.00000 1.00000 0.80998 0.16667 0.15723 1.00000 0.17857 0.78891 0.16176 0.24352 0.26241 1.00000 0.25000 1.00000 1.00000 0.74419 0.70906
17.00000 6.00000 0.35632 0.75000 1.00000 1.00000 0.40964 0.31001 0.30571 1.00000 1.00000 0.75201 0.16667 0.18186 1.00000 0.27976 0.75693 0.17647 0.23191 0.33244 1.00000 0.33333 1.00000 1.00000 0.67442 0.87724
17.00000 7.00000 0.46552 0.33333 1.00000 1.00000 0.09940 0.32309 0.27735 1.00000 1.00000 0.72625 0.12121 0.17639 1.00000 0.20833 0.77186 0.20588 0.22969 0.20700 1.00000 0.33333 1.00000 1.00000 0.69767 0.70077
17.00000 8.00000 0.34483 0.41667 1.00000 1.00000 0.31928 0.36146 0.29608 1.00000 0.00000 0.79066 0.12121 0.17827 1.00000 0.19048 0.85288 0.13235 0.19945 0.08080 1.00000 0.41667 1.00000 1.00000 0.65891 0.75573
17.00000 9.00000 0.45977 0.75000 1.00000 1.00000 0.25904 0.17462 0.18552 1.00000 1.00000 0.72786 0.15152 0.16006 1.00000 0.22024 0.76759 0.22059 0.21545 0.28742 1.00000 0.33333 1.00000 1.00000 0.86822 0.65700
17.00000 10.00000 0.63218 0.66667 1.00000 1.00000 0.33735 0.26183 0.16425 1.00000 1.00000 0.73752 0.19697 0.18119 1.00000 0.18452 0.82303 0.17647 0.22195 0.07695 1.00000 0.33333 1.00000 1.00000 0.77519 0.71182
17.00000 11.00000 0.62069 0.91667 1.00000 1.00000 0.32831 0.14061 0.26469 1.00000 1.00000 0.76812 0.12121 0.17756 1.00000 0.20238 0.67804 0.16176 0.23160 0.34475 1.00000 0.41667 1.00000 1.00000 0.70543 0.64954
17.00000 12.00000 0.38506 0.58333 1.00000 1.00000 0.13253 0.30085 0.13977 1.00000 1.00000 0.74879 0.10606 0.16750 1.00000 0.15476 0.81023 0.19118 0.21493 0.23855 1.00000 0.33333 1.00000 1.00000 0.61240 0.83016
17.00000 13.00000 0.32184 0.25000 1.00000 1.00000 0.15663 0.22498 0.28005 1.00000 0.00000 0.77456 0.19697 0.20129 1.00000 0.26190 0.75693 0.19118 0.23795 0.32089 1.00000 0.33333 1.00000 1.00000 0.70543 0.82187
17.00000 14.00000 0.73563 0.75000 1.00000 1.00000 0.09639 0.31546 0.34959 1.00000 1.00000 0.69565 0.12121 0.20223 1.00000 0.15476 0.79957 0.19118 0.21989 0.14929 1.00000 0.16667 1.00000 1.00000 0.75194 0.66252
17.00000 15.00000 0.62069 0.50000 1.00000 1.00000 0.17169 0.41596 0.28528 1.00000 1.00000 0.81965 0.19697 0.22956 1.00000 0.14286 0.71642 0.17647 0.24089 0.50596 1.00000 0.25000 1.00000 1.00000 0.72093 0.64112
17.00000 16.00000 0.63218 0.58333 1.00000 1.00000 0.17470 0.24460 0.19868 1.00000 0.00000 0.80515 0.22727 0.17868 1.00000 0.24405 0.78891 0.19118 0.21499 0.09042 1.00000 0.25000 1.00000 1.00000 0.72868 0.75753
17.00000 17.00000 0.40805 0.50000 1.00000 1.00000 0.29819 0.26837 0.34031 1.00000 1.00000 0.74879 0.24242 0.17271 1.00000 0.25595 0.72068 0.20588 0.23181 0.26164 1.00000 0.33333 1.00000 1.00000 0.71318 0.70022
17.00000 18.00000 0.45977 0.58333 1.00000 1.00000 0.20783 0.31524 0.26857 1.00000 1.00000 0.68599 0.13636 0.19739 1.00000 0.22619 0.68657 0.22059 0.23485 0.20739 1.00000 0.25000 1.00000 1.00000 0.49612 0.74027
17.00000 19.00000 0.39655 0.91667 1.00000 1.00000 0.27711 0.28842 0.33795 1.00000 1.00000 0.76329 0.19697 0.17145 1.00000 0.16071 0.81663 0.14706 0.21994 0.42016 1.00000 0.33333 1.00000 1.00000 0.75969 0.77838
17.00000 20.00000 0.47701 0.83333 1.00000 1.00000 0.23494 0.17332 0.22586 1.00000 0.00000 0.78261 0.18182 0.17854 1.00000 0.05952 0.74200 0.14706 0.19331 0.29704 1.00000 0.33333 1.00000 1.00000 0.59690 0.71085
17.00000 21.00000 0.50575 0.33333 1.00000 1.00000 0.19880 0.43514 0.20493 1.00000 0.00000 0.78422 0.18182 0.16077 1.00000 0.23214 0.78465 0.20588 0.24032 0.34552 1.00000 0.33333 1.00000 1.00000 0.69767 0.63532
17.00000 22.00000 0.39080 0.50000 1.00000 1.00000 0.30120 0.31698 0.33558 1.00000 1.00000 0.72142 0.13636 0.17863 1.00000 0.22024 0.79744 0.17647 0.21179 0.27972 1.00000 0.25000 1.00000 1.00000 0.67442 0.71002
17.00000 23.00000 0.46552 0.25000 1.00000 1.00000 0.41265 0.19381 0.22400 1.00000 1.00000 1.00000 0.21212 0.15198 1.00000 0.16667 0.89126 0.16176 0.24296 0.33628 1.00000 0.41667 1.00000 1.00000 0.52713 0.63353
17.00000 24.00000 0.44828 0.91667 1.00000 1.00000 0.23795 0.40571 0.26806 1.00000 1.00000 0.76651 0.21212 0.17572 1.00000 0.31548 0.91258 0.19118 0.21906 0.21893 1.00000 0.25000 1.00000 1.00000 0.77519 0.82284
17.00000 25.00000 0.52299 0.66667 1.00000 1.00000 0.21084 0.30913 0.29608 1.00000 1.00000 0.65862 0.22727 0.20569 1.00000 0.20238 0.80597 0.14706 0.21875 0.33090 1.00000 0.33333 1.00000 1.00000 0.71318 0.70933
17.00000 26.00000 0.61494 0.16667 1.00000 1.00000 0.26506 0.26989 0.19851 1.00000 1.00000 0.70209 0.16667 0.18438 1.00000 0.22619 0.76759 0.19118 0.23671 0.30858 1.00000 0.41667 1.00000 1.00000 0.67442 0.79854
17.00000 27.00000 0.46552 0.25000 1.00000 1.00000 0.34639 0.37148 0.20324 1.00000 1.00000 0.78261 0.24242 0.18586 1.00000 0.26786 0.69296 0.19118 0.23140 0.35129 1.00000 0.33333 1.00000 1.00000 0.83721 0.54695
17.00000 28.00000 0.51724 0.83333 1.00000 1.00000 0.36747 0.24460 0.22822 1.00000 1.00000 0.69404 0.10606 0.16881 1.00000 0.21429 0.73561 0.22059 0.20776 0.46210 1.00000 0.50000 1.00000 1.00000 0.69767 0.68061
17.00000 29.00000 0.49425 0.58333 1.00000 1.00000 0.32530 0.33508 0.20695 1.00000 1.00000 0.72786 0.19697 0.18168 1.00000 0.12500 0.84222 0.13235 0.21493 0.25394 1.00000 0.50000 1.00000 1.00000 0.58915 0.68572
17.00000 30.00000 0.44253 0.66667 1.00000 1.00000 0.25301 0.26488 0.19446 1.00000 1.00000 0.83092 0.19697 0.18931 1.00000 0.19048 0.80597 0.19118 0.26463 0.35668 1.00000 0.41667 1.00000 1.00000 0.56589 0.74386
17.00000 31.00000 0.50000 0.75000 1.00000 1.00000 0.30120 0.13865 0.30233 1.00000 1.00000 0.71659 0.18182 0.14085 1.00000 0.25595 0.75053 0.17647 0.21591 0.24702 1.00000 0.25000 1.00000 1.00000 0.62016 0.69166
17.00000 32.00000 0.42529 0.33333 1.00000 1.00000 0.21386 0.24635 0.27515 1.00000 1.00000 0.66184 0.15152 0.19492 1.00000 0.10119 0.76119 0.25000 0.24765 0.36052 1.00000 0.25000 1.00000 1.00000 0.58915 0.57885
17.00000 33.00000 0.27011 0.41667 1.00000 1.00000 0.19880 0.32919 0.34740 1.00000 1.00000 0.74396 0.09091 0.21700 1.00000 0.22619 0.68017 0.22059 0.20472 0.27626 1.00000 0.25000 1.00000 1.00000 0.65116 0.69787
17.00000 34.00000 0.59770 0.16667 1.00000 1.00000 0.25904 0.36255 0.23785 1.00000 1.00000 0.71981 0.24242 0.18263 1.00000 0.27381 0.80810 0.23529 0.22071 0.34937 1.00000 0.25000 1.00000 1.00000 0.69767 0.89561
17.00000 35.00000 0.41954 0.91667 1.00000 1.00000 0.34036 0.34990 0.22974 1.00000 1.00000 0.66184 0.15152 0.18653 1.00000 0.20833 0.70149 0.23529 0.23666 0.35360 1.00000 0.41667 1.00000 1.00000 0.69767 0.68807
17.00000 36.00000 0.54598 0.50000 1.00000 1.00000 0.29217 0.23022 0.32157 1.00000 1.00000 0.83253 0.15152 0.20564 1.00000 0.25595 0.73134 0.16176 0.23862 0.26087 1.00000 0.33333 1.00000 1.00000 0.67442 0.57291
17.00000 37.00000 0.43103 0.91667 1.00000 1.00000 0.31627 0.21605 0.26283 1.00000 1.00000 0.69726 0.16667 0.19995 1.00000 0.29167 0.84222 0.19118 0.19754 0.49173 1.00000 0.41667 1.00000 1.00000 0.62016 0.77341
17.00000 38.00000 0.41954 0.66667 1.00000 1.00000 0.31024 0.33813 0.30706 1.00000 1.00000 0.77778 0.12121 0.18447 1.00000 0.26786 0.65245 0.19118 0.22278 0.30666 1.00000 0.58333 1.00000 1.00000 0.67442 0.69290
17.00000 39.00000 0.22989 0.83333 1.00000 1.00000 0.37048 0.30281 0.25270 1.00000 1.00000 0.75845 0.13636 0.20156 1.00000 0.32143 0.73348 0.20588 0.19584 0.15891 1.00000 0.33333 1.00000 1.00000 0.57364 0.77202
17.00000 40.00000 0.43103 0.83333 1.00000 1.00000 0.25301 0.34075 0.23869 1.00000 1.00000 0.77939 0.13636 0.15884 1.00000 0.20238 0.77399 0.20588 0.22056 0.22085 1.00000 0.41667 1.00000 1.00000 0.62016 0.68061
17.00000 41.00000 0.45977 0.66667 1.00000 1.00000 0.29217 0.35317 0.25962 1.00000 0.00000 0.78905 0.18182 0.18258 1.00000 0.18452 0.75906 0.16176 0.25364 0.33590 1.00000 0.33333 1.00000 1.00000 0.68217 0.67813
17.00000 42.00000 0.71839 0.25000 1.00000 1.00000 0.46084 0.18596 0.25591 1.00000 1.00000 0.73591 0.13636 0.21305 1.00000 0.33929 0.88273 0.20588 0.23212 0.27972 1.00000 0.41667 1.00000 1.00000 0.61240 0.68959
17.00000 43.00000 0.57471 0.16667 1.00000 1.00000 0.32229 0.41116 0.14551 1.00000 1.00000 0.74074 0.10606 0.16212 1.00000 0.10119 0.79104 0.10294 0.22691 0.28280 1.00000 0.33333 1.00000 1.00000 0.63566 0.64720
17.00000 44.00000 0.74138 0.91667 1.00000 1.00000 0.18675 0.26597 0.26063 1.00000 1.00000 0.76490 0.19697 0.19631 1.00000 0.20833 0.72921 0.13235 0.20900 0.26741 1.00000 0.33333 1.00000 1.00000 0.69767 0.77271
17.00000 45.00000 0.20690 0.75000 1.00000 1.00000 0.37349 0.49008 0.35939 1.00000 1.00000 0.72786 0.18182 0.18595 1.00000 0.20238 0.77186 0.19118 0.23594 0.30358 1.00000 0.33333 1.00000 1.00000 0.71318 0.77713
17.00000 46.00000 0.60920 0.33333 1.00000 1.00000 0.25602 0.31807 0.14990 1.00000 1.00000 0.79871 0.18182 0.19932 1.00000 0.14881 0.84435 0.19118 0.24621 0.25548 1.00000 0.33333 1.00000 1.00000 0.67442 0.66832
17.00000 47.00000 0.59195 0.33333 1.00000 1.00000 0.37651 0.32309 0.35922 1.00000 1.00000 0.73430 0.22727 0.18456 1.00000 0.19048 0.78465 0.13235 0.25163 0.25933 1.00000 0.41667 1.00000 1.00000 0.54264 0.78708
17.00000 48.00000 0.52874 0.83333 1.00000 1.00000 0.34639 0.28363 0.24139 1.00000 1.00000 0.86151 0.15152 0.18810 1.00000 0.27381 0.68657 0.23529 0.23021 0.24663 1.00000 0.16667 1.00000 1.00000 0.68217 0.71790
17.00000 49.00000 0.39655 0.66667 1.00000 1.00000 0.15964 0.29845 0.23683 1.00000 1.00000 0.67955 0.24242 0.15763 1.00000 0.29762 0.79318 0.13235 0.23661 0.32743 1.00000 0.25000 1.00000 1.00000 0.64341 0.61461
17.00000 50.00000 0.48851 0.33333 1.00000 1.00000 0.24699 0.25659 0.29862 1.00000 1.00000 0.67150 0.16667 0.18213 1.00000 0.20238 0.85075 0.30882 0.22629 0.25356 1.00000 0.41667 1.00000 1.00000 0.59690 0.72121
17.00000 51.00000 0.60345 0.83333 1.00000 1.00000 0.30422 0.16307 0.21978 1.00000 1.00000 0.79549 0.09091 0.19995 1.00000 0.19643 0.81663 0.11765 0.22794 0.20739 1.00000 0.25000 1.00000 1.00000 0.68217 0.85418
17.00000 52.00000 0.17816 0.50000 1.00000 1.00000 0.25904 0.39263 0.31195 1.00000 1.00000 0.73752 0.18182 0.18388 1.00000 0.25000 0.71002 0.22059 0.23005 0.22778 1.00000 0.16667 1.00000 1.00000 0.63566 0.73571
17.00000 53.00000 0.50000 0.25000 1.00000 1.00000 0.51807 0.32418 0.14365 1.00000 0.00000 0.71820 0.19697 0.22045 1.00000 0.14881 0.77399 0.14706 0.24502 0.36860 1.00000 0.33333 1.00000 1.00000 0.66667 0.75324
17.00000 54.00000 0.56897 0.83333 1.00000 1.00000 0.39458 0.30674 0.30824 1.00000 1.00000 0.69404 0.24242 0.13915 1.00000 0.19048 0.76972 0.20588 0.24858 0.29357 1.00000 0.33333 1.00000 1.00000 0.54264 0.77009
17.00000 55.00000 0.52299 0.25000 1.00000 1.00000 0.26205 0.26488 0.18720 1.00000 1.00000 0.62319 0.10606 0.14843 1.00000 0.34524 0.65458 0.25000 0.24079 0.38245 1.00000 0.41667 1.00000 1.00000 0.58915 0.72300
17.00000 56.00000 0.46552 0.33333 1.00000 1.00000 0.32229 0.34489 0.19581 1.00000 1.00000 0.70048 0.16667 0.17150 1.00000 0.22024 0.80810 0.17647 0.23681 0.40015 1.00000 0.33333 1.00000 1.00000 0.91473 0.54791
17.00000 57.00000 0.66667 0.16667 1.00000 1.00000 0.17169 0.34838 0.25490 1.00000 1.00000 0.69726 0.16667 0.18774 1.00000 0.22024 0.76333 0.13235 0.22154 0.30050 1.00000 0.33333 1.00000 1.00000 0.65891 0.70229
17.00000 58.00000 0.68966 0.66667 1.00000 1.00000 0.32229 0.23000 0.38960 1.00000 1.00000 0.61836 0.25758 0.19577 1.00000 0.26786 0.83369 0.22059 0.26236 0.32205 1.00000 0.25000 1.00000 1.00000 0.65891 0.64209
17.00000 59.00000 0.40805 0.58333 1.00000 1.00000 0.23795 0.39961 0.33947 1.00000 1.00000 0.71014 0.16667 0.17913 1.00000 0.29762 0.78891 0.19118 0.25034 0.33359 1.00000 0.41667 1.00000 1.00000 0.66667 0.62911
17.00000 60.00000 0.50575 0.33333 1.00000 1.00000 0.33133 0.23349 0.32562 1.00000 1.00000 0.66828 0.12121 0.21264 1.00000 0.24405 0.61407 0.22059 0.24239 0.32820 1.00000 0.41667 1.00000 1.00000 0.65891 0.62469
17.00000 61.00000 0.43103 0.50000 1.00000 1.00000 0.35542 0.33944 0.32512 1.00000 1.00000 0.77939 0.19697 0.17899 1.00000 0.23810 0.88699 0.13235 0.24579 0.25010 1.00000 0.41667 1.00000 1.00000 0.59690 0.76415
17.00000 62.00000 0.37931 0.41667 1.00000 1.00000 0.28614 0.22978 0.13774 1.00000 1.00000 0.70692 0.16667 0.18640 1.00000 0.23214 0.71429 0.23529 0.22329 0.26818 1.00000 0.33333 1.00000 1.00000 0.61240 0.73184
17.00000 63.00000 0.52874 0.83333 1.00000 1.00000 0.33133 0.11445 0.29271 1.00000 1.00000 0.71820 0.13636 0.20057 1.00000 0.17857 0.68230 0.25000 0.23000 0.36514 1.00000 0.25000 1.00000 1.00000 0.81395 0.87683
17.00000 64.00000 0.40230 0.08333 1.00000 1.00000 0.25000 0.19926 0.34521 1.00000 1.00000 0.82931 0.16667 0.19887 1.00000 0.30357 0.81450 0.08824 0.26066 0.24125 1.00000 0.41667 1.00000 1.00000 0.75969 0.59555
17.00000 65.00000 0.73563 0.75000 1.00000 1.00000 0.37651 0.36080 0.42860 1.00000 1.00000 0.70209 0.18182 0.19896 1.00000 0.27976 0.79744 0.22059 0.22851 0.39169 1.00000 0.33333 1.00000 1.00000 0.59690 0.63132
17.00000 66.00000 0.67816 0.83333 1.00000 1.00000 0.19578 0.25856 0.30554 1.00000 1.00000 0.69404 0.18182 0.19627 1.00000 0.23810 0.86141 0.20588 0.24192 0.31320 1.00000 0.41667 1.00000 1.00000 0.58915 0.73295
17.00000 67.00000 0.47126 0.41667 1.00000 1.00000 0.33434 0.37279 0.40007 1.00000 1.00000 0.71176 0.22727 0.18298 1.00000 0.15476 0.81237 0.14706 0.22309 0.34552 1.00000 0.33333 1.00000 1.00000 0.63566 0.65755
17.00000 68.00000 0.75287 0.58333 1.00000 1.00000 0.45482 0.41596 0.29591 1.00000 1.00000 0.79549 0.21212 0.19492 1.00000 0.16667 0.72495 0.17647 0.22959 0.33013 1.00000 0.25000 1.00000 1.00000 0.71318 0.75394
17.00000 69.00000 0.28161 0.25000 1.00000 1.00000 0.32229 0.37563 0.33390 1.00000 1.00000 0.72625 0.22727 0.18550 1.00000 0.30952 0.79531 0.22059 0.25044 0.38553 1.00000 0.33333 1.00000 1.00000 0.66667 0.54004
17.00000 70.00000 0.54598 0.66667 1.00000 1.00000 0.26506 0.34096 0.31837 1.00000 1.00000 0.71981 0.13636 0.17150 1.00000 0.29167 0.64819 0.16176 0.25973 0.42093 1.00000 0.33333 1.00000 1.00000 0.68992 0.74965
17.00000 71.00000 0.45402 0.58333 1.00000 1.00000 0.47590 0.28886 0.35989 1.00000 1.00000 0.78905 0.18182 0.19272 1.00000 0.23214 0.83369 0.23529 0.24105 0.33013 1.00000 0.33333 1.00000 1.00000 0.66667 0.88111
17.00000 72.00000 0.50000 0.58333 1.00000 1.00000 0.20482 0.29278 0.27735 1.00000 1.00000 0.56039 0.16667 0.17809 1.00000 0.30952 0.79957 0.10294 0.22964 0.41901 1.00000 0.41667 1.00000 1.00000 0.68992 0.64236
17.00000 73.00000 0.68966 0.33333 1.00000 1.00000 0.26807 0.30695 0.22620 1.00000 1.00000 0.64573 0.15152 0.17123 1.00000 0.16071 0.78252 0.17647 0.26411 0.23894 1.00000 0.41667 1.00000 1.00000 0.51938 0.76678
17.00000 74.00000 0.47126 0.16667 1.00000 1.00000 0.17169 0.27251 0.32242 1.00000 1.00000 0.77295 0.12121 0.18823 1.00000 0.22024 0.70576 0.17647 0.24832 0.32705 1.00000 0.33333 1.00000 1.00000 0.64341 0.72328
17.00000 75.00000 0.44253 0.91667 1.00000 1.00000 0.39759 0.30368 0.28764 1.00000 1.00000 0.71014 0.16667 0.19281 1.00000 0.20238 0.80810 0.20588 0.24538 0.33128 1.00000 0.33333 1.00000 1.00000 0.58915 0.82339
17.00000 76.00000 0.54023 0.58333 1.00000 1.00000 0.27711 0.32025 0.37036 1.00000 1.00000 0.75845 0.15152 0.19748 1.00000 0.22024 0.75267 0.16176 0.21256 0.38553 1.00000 0.33333 1.00000 1.00000 0.62791 0.83513
17.00000 77.00000 0.18391 0.41667 1.00000 1.00000 0.22590 0.17026 0.26705 1.00000 1.00000 0.74396 0.10606 0.18963 1.00000 0.22024 0.74414 0.20588 0.24192 0.33013 1.00000 0.25000 1.00000 1.00000 0.58915 0.62386
17.00000 78.00000 0.48276 0.91667 1.00000 1.00000 0.40060 0.08960 0.30368 1.00000 1.00000 0.85507 0.18182 0.22063 1.00000 0.17262 0.76759 0.19118 0.23005 0.42209 1.00000 0.41667 1.00000 1.00000 0.63566 0.67412
17.00000 79.00000 0.52299 0.41667 1.00000 1.00000 0.32831 0.28276 0.33153 1.00000 1.00000 0.63285 0.19697 0.17962 1.00000 0.23214 0.73774 0.23529 0.23661 0.33090 1.00000 0.25000 1.00000 1.00000 0.72868 0.69829
17.00000 80.00000 0.44253 0.25000 1.00000 1.00000 0.37952 0.36625 0.31853 1.00000 1.00000 0.70209 0.19697 0.20443 1.00000 0.28571 0.69296 0.20588 0.20694 0.18353 1.00000 0.33333 1.00000 1.00000 0.68217 0.63491
17.00000 81.00000 0.36207 0.33333 1.00000 1.00000 0.29217 0.20602 0.34622 1.00000 1.00000 0.63446 0.18182 0.21085 1.00000 0.19048 0.76546 0.20588 0.19956 0.40977 1.00000 0.41667 1.00000 1.00000 0.72868 0.73944
17.00000 82.00000 0.66092 0.33333 1.00000 1.00000 0.26506 0.35666 0.34200 1.00000 1.00000 0.78422 0.15152 0.17778 1.00000 0.13690 0.76333 0.25000 0.21328 0.37207 1.00000 0.33333 1.00000 1.00000 0.55039 0.72314
17.00000 83.00000 0.64368 0.16667 1.00000 1.00000 0.15663 0.30979 0.28359 1.00000 1.00000 0.75362 0.18182 0.19564 1.00000 0.29762 0.67377 0.19118 0.24110 0.26664 1.00000 0.25000 1.00000 1.00000 0.57364 0.75808
17.00000 84.00000 0.54598 0.33333 1.00000 1.00000 0.48795 0.24090 0.25861 1.00000 1.00000 0.73913 0.09091 0.18711 1.00000 0.28571 0.79531 0.20588 0.23449 0.31358 1.00000 0.33333 1.00000 1.00000 0.66667 0.72342
17.00000 85.00000 0.58621 0.50000 1.00000 1.00000 0.25000 0.23196 0.34639 1.00000 1.00000 0.67633 0.06061 0.18958 1.00000 0.20833 0.78465 0.19118 0.23893 0.33590 1.00000 0.25000 1.00000 1.00000 0.61240 0.69580
17.00000 86.00000 0.51724 0.75000 1.00000 1.00000 0.30723 0.15043 0.30554 1.00000 1.00000 0.67472 0.19697 0.18496 1.00000 0.29167 0.73561 0.26471 0.23831 0.27126 1.00000 0.25000 1.00000 1.00000 0.55814 0.75242
17.00000 87.00000 0.39655 0.66667 1.00000 1.00000 0.30422 0.39765 0.23194 1.00000 1.00000 0.77939 0.09091 0.19663 1.00000 0.17262 0.76972 0.20588 0.23423 0.29935 1.00000 0.41667 1.00000 1.00000 0.72868 0.76968
17.00000 88.00000 0.35632 0.41667 1.00000 1.00000 0.40663 0.39132 0.26621 1.00000 1.00000 0.75040 0.15152 0.17971 1.00000 0.25000 0.74414 0.14706 0.23145 0.37938 1.00000 0.25000 1.00000 1.00000 0.75194 0.84038
17.00000 89.00000 0.70690 0.83333 1.00000 1.00000 0.20783 0.27687 0.44497 1.00000 1.00000 0.54589 0.15152 0.22566 1.00000 0.23214 0.63966 0.22059 0.26324 0.25625 1.00000 0.41667 1.00000 1.00000 0.74419 0.72494
17.00000 90.00000 0.68966 0.33333 1.00000 1.00000 0.38855 0.38609 0.25709 1.00000 1.00000 0.81481 0.09091 0.19887 1.00000 0.34524 0.72281 0.16176 0.22510 0.16275 1.00000 0.41667 1.00000 1.00000 0.55814 0.74758
17.00000 91.00000 0.65517 0.25000 1.00000 1.00000 0.52711 0.31240 0.33812 1.00000 1.00000 0.69726 0.18182 0.19043 1.00000 0.27381 0.79957 0.23529 0.23408 0.17699 1.00000 0.33333 1.00000 1.00000 0.83721 0.49296
17.00000 92.00000 0.48276 0.83333 1.00000 1.00000 0.31325 0.26880 0.32124 1.00000 1.00000 0.70370 0.19697 0.18689 1.00000 0.27976 0.69296 0.29412 0.21994 0.26933 1.00000 0.41667 1.00000 1.00000 0.60465 0.76650
17.00000 93.00000 0.41954 0.33333 1.00000 1.00000 0.22892 0.34489 0.40682 1.00000 1.00000 0.69565 0.21212 0.20394 1.00000 0.15476 0.73561 0.22059 0.24538 0.33667 1.00000 0.33333 1.00000 1.00000 0.72868 0.75904
17.00000 94.00000 0.39655 0.83333 1.00000 1.00000 0.34940 0.49815 0.31195 1.00000 1.00000 0.69243 0.13636 0.21036 1.00000 0.27381 0.66525 0.20588 0.22603 0.29704 1.00000 0.25000 1.00000 1.00000 0.66667 0.53839
17.00000 95.00000 0.35632 0.16667 1.00000 1.00000 0.38554 0.47133 0.28038 1.00000 1.00000 0.82448 0.15152 0.19079 1.00000 0.26190 0.84435 0.23529 0.24342 0.28626 1.00000 0.25000 1.00000 1.00000 0.69767 0.75697
17.00000 96.00000 0.55747 0.16667 1.00000 1.00000 0.50904 0.21932 0.30165 1.00000 1.00000 0.77939 0.13636 0.22561 1.00000 0.32738 0.73774 0.22059 0.25121 0.41516 1.00000 0.41667 1.00000 1.00000 0.67442 0.74275
17.00000 97.00000 0.35057 0.83333 1.00000 1.00000 0.28313 0.33573 0.29169 1.00000 1.00000 0.78583 0.28788 0.19218 1.00000 0.23214 0.75267 0.17647 0.23651 0.28049 1.00000 0.16667 1.00000 1.00000 0.59690 0.79011
17.00000 98.00000 0.41954 0.50000 1.00000 1.00000 0.37651 0.25354 0.33626 1.00000 1.00000 0.65862 0.15152 0.19824 1.00000 0.22619 0.75267 0.20588 0.21922 0.34013 1.00000 0.41667 1.00000 1.00000 0.67442 0.61944
17.00000 99.00000 0.49425 0.91667 1.00000 1.00000 0.30723 0.28603 0.32157 1.00000 1.00000 0.80032 0.19697 0.17711 1.00000 0.22619 0.76759 0.16176 0.23021 0.22855 1.00000 0.25000 1.00000 1.00000 0.58140 0.69456
17.00000 100.00000 0.08621 0.33333 1.00000 1.00000 0.33133 0.22302 0.24409 1.00000 1.00000 0.67472 0.18182 0.19357 1.00000 0.29762 0.77399 0.23529 0.25710 0.30204 1.00000 0.41667 1.00000 1.00000 0.72093 0.65203
17.00000 101.00000 0.58621 0.16667 1.00000 1.00000 0.20482 0.36124 0.40091 1.00000 1.00000 0.73591 0.16667 0.20403 1.00000 0.19643 0.76759 0.25000 0.27031 0.36860 1.00000 0.25000 1.00000 1.00000 0.51938 0.63394
17.00000 102.00000 0.52874 0.25000 1.00000 1.00000 0.33735 0.37650 0.31060 1.00000 1.00000 0.84863 0.16667 0.19447 1.00000 0.19048 0.72068 0.23529 0.22737 0.22547 1.00000 0.33333 1.00000 1.00000 0.71318 0.75421
17.00000 103.00000 0.63218 0.66667 1.00000 1.00000 0.36145 0.18727 0.27161 1.00000 1.00000 0.74718 0.15152 0.21601 1.00000 0.17262 0.67164 0.22059 0.26091 0.29819 1.00000 0.41667 1.00000 1.00000 0.71318 0.79218
17.00000 104.00000 0.56322 0.50000 1.00000 1.00000 0.25000 0.38435 0.38184 1.00000 1.00000 0.81159 0.13636 0.18635 1.00000 0.28571 0.82516 0.13235 0.25642 0.24279 1.00000 0.41667 1.00000 1.00000 0.58915 0.66446
17.00000 105.00000 0.43678 0.25000 1.00000 1.00000 0.21687 0.26226 0.24223 1.00000 0.00000 0.76329 0.21212 0.20910 1.00000 0.29167 0.79957 0.19118 0.24574 0.43632 1.00000 0.33333 1.00000 1.00000 0.62791 0.60771
17.00000 106.00000 0.37356 0.66667 1.00000 1.00000 0.31325 0.48790 0.32664 1.00000 1.00000 0.63768 0.13636 0.16315 1.00000 0.35714 0.77825 0.20588 0.25343 0.31935 1.00000 0.25000 1.00000 1.00000 0.50388 0.70284
17.00000 107.00000 0.50000 0.41667 1.00000 1.00000 0.45181 0.31873 0.32174 1.00000 0.00000 0.69082 0.18182 0.21215 1.00000 0.23214 0.71429 0.14706 0.22742 0.37361 1.00000 0.41667 1.00000 1.00000 0.51938 0.53770
17.00000 108.00000 0.47126 0.83333 1.00000 1.00000 0.31024 0.28036 0.19345 1.00000 1.00000 0.71176 0.22727 0.18473 1.00000 0.26190 0.72921 0.22059 0.26494 0.34937 1.00000 0.33333 1.00000 1.00000 0.65891 0.68158
17.00000 109.00000 0.44828 0.66667 1.00000 1.00000 0.28012 0.44517 0.38302 1.00000 1.00000 0.79710 0.18182 0.22611 1.00000 0.19048 0.80171 0.23529 0.22366 0.34129 1.00000 0.50000 1.00000 1.00000 0.65891 0.81179
17.00000 110.00000 0.56897 0.91667 1.00000 1.00000 0.35241 0.31567 0.34132 1.00000 1.00000 0.73591 0.19697 0.18397 1.00000 0.31548 0.70576 0.19118 0.23387 0.36514 1.00000 0.25000 1.00000 1.00000 0.65116 0.62994
17.00000 111.00000 0.59195 0.50000 1.00000 1.00000 0.28614 0.33312 0.26756 1.00000 1.00000 0.67472 0.19697 0.22274 1.00000 0.16071 0.80171 0.23529 0.26272 0.34052 1.00000 0.33333 1.00000 1.00000 0.62791 0.81621
17.00000 112.00000 0.48851 0.66667 1.00000 1.00000 0.43675 0.38740 0.32833 1.00000 1.00000 0.64090 0.18182 0.19030 1.00000 0.29167 0.75906 0.22059 0.23160 0.28973 1.00000 0.16667 1.00000 1.00000 0.51163 0.48909
17.00000 113.00000 0.50000 0.58333 1.00000 1.00000 0.50301 0.41923 0.25760 1.00000 1.00000 0.74074 0.24242 0.21341 1.00000 0.35119 0.78891 0.23529 0.25183 0.27549 1.00000 0.41667 1.00000 1.00000 0.65116 0.78141
17.00000 114.00000 0.63793 0.75000 1.00000 1.00000 0.30723 0.30259 0.31938 1.00000 1.00000 0.72464 0.19697 0.21498 1.00000 0.28571 0.82729 0.27941 0.25462 0.31705 1.00000 0.33333 1.00000 1.00000 0.57364 0.79343
17.00000 115.00000 0.43103 0.25000 1.00000 1.00000 0.34940 0.15849 0.28309 1.00000 1.00000 0.67794 0.21212 0.20932 1.00000 0.35714 0.69510 0.25000 0.26319 0.24509 1.00000 0.25000 1.00000 1.00000 0.71318 0.73626
17.00000 116.00000 0.67241 0.75000 1.00000 1.00000 0.26205 0.42075 0.27414 1.00000 1.00000 0.66345 0.18182 0.20035 1.00000 0.17262 0.73774 0.17647 0.24538 0.40285 1.00000 0.16667 1.00000 1.00000 0.51163 0.70478
17.00000 117.00000 0.27586 0.25000 1.00000 1.00000 0.31928 0.25332 0.29271 1.00000 1.00000 0.71659 0.22727 0.19640 1.00000 0.20238 0.74840 0.16176 0.24043 0.22124 1.00000 0.41667 1.00000 1.00000 0.79845 0.66570
17.00000 118.00000 0.43103 0.58333 1.00000 1.00000 0.10542 0.28515 0.50709 1.00000 1.00000 0.69404 0.22727 0.17082 1.00000 0.39286 0.77825 0.26471 0.24285 0.48172 1.00000 0.33333 1.00000 1.00000 0.61240 0.69373
17.00000 119.00000 0.33333 0.16667 1.00000 1.00000 0.35843 0.27687 0.20425 1.00000 1.00000 0.59903 0.13636 0.24168 1.00000 0.19048 0.73561 0.19118 0.25261 0.31935 1.00000 0.33333 1.00000 1.00000 0.61240 0.61212
17.00000 120.00000 0.33333 0.16667 1.00000 1.00000 0.30422 0.26597 0.26992 1.00000 1.00000 0.67955 0.16667 0.18545 1.00000 0.33929 0.79318 0.17647 0.24822 0.34744 1.00000 0.33333 1.00000 1.00000 0.63566 0.60425
17.00000 121.00000 0.35632 0.58333 1.00000 1.00000 0.12651 0.42381 0.36563 1.00000 1.00000 0.75362 0.18182 0.24168 1.00000 0.38690 0.65885 0.25000 0.22082 0.42747 1.00000 0.33333 1.00000 1.00000 0.61240 0.58561
17.00000 122.00000 0.51724 0.50000 1.00000 1.00000 0.30120 0.39525 0.35871 1.00000 1.00000 0.79710 0.24242 0.20129 1.00000 0.28571 0.57356 0.25000 0.25844 0.25548 1.00000 0.33333 1.00000 1.00000 0.58140 0.57429
17.00000 123.00000 0.46552 0.33333 1.00000 1.00000 0.34639 0.48899 0.36816 1.00000 1.00000 0.65217 0.22727 0.23957 1.00000 0.24405 0.83156 0.20588 0.25694 0.58984 1.00000 0.25000 1.00000 1.00000 0.62016 0.53010
17.00000 124.00000 0.34483 0.75000 1.00000 1.00000 0.52410 0.43667 0.27228 1.00000 1.00000 0.75040 0.21212 0.21938 1.00000 0.19048 0.69296 0.17647 0.27851 0.38438 1.00000 0.41667 1.00000 1.00000 0.74419 0.56642
17.00000 125.00000 0.41954 0.41667 1.00000 1.00000 0.17169 0.35579 0.32698 1.00000 1.00000 0.78583 0.24242 0.20120 1.00000 0.30952 0.72495 0.16176 0.25235 0.15544 1.00000 0.25000 1.00000 1.00000 0.65116 0.68075
17.00000 126.00000 0.45977 0.83333 1.00000 1.00000 0.37651 0.34729 0.48379 1.00000 1.00000 0.74879 0.16667 0.20349 1.00000 0.25000 0.73348 0.25000 0.26437 0.29319 1.00000 0.33333 1.00000 1.00000 0.57364 0.64319
17.00000 127.00000 0.51149 0.33333 1.00000 1.00000 0.30723 0.36037 0.39652 1.00000 1.00000 0.66184 0.15152 0.21372 1.00000 0.35714 0.68443 0.20588 0.22515 0.31974 1.00000 0.33333 1.00000 1.00000 0.55814 0.77368
17.00000 128.00000 0.58621 0.41667 1.00000 1.00000 0.33735 0.34532 0.35483 1.00000 1.00000 0.62158 0.16667 0.21731 1.00000 0.26190 0.66311 0.19118 0.23171 0.38823 1.00000 0.25000 1.00000 1.00000 0.72093 0.68048
17.00000 129.00000 0.60920 0.41667 1.00000 1.00000 0.17169 0.43231 0.21928 1.00000 1.00000 0.66989 0.24242 0.20861 1.00000 0.27976 0.66951 0.22059 0.25859 0.35552 1.00000 0.33333 1.00000 1.00000 0.62016 0.53659
17.00000 130.00000 0.31034 0.83333 1.00000 1.00000 0.42169 0.43362 0.35263 1.00000 1.00000 0.62963 0.15152 0.19546 1.00000 0.30357 0.78678 0.17647 0.24889 0.44055 1.00000 0.33333 1.00000 1.00000 0.64341 0.55675
17.00000 131.00000 0.35057 0.83333 1.00000 1.00000 0.21386 0.36058 0.41610 1.00000 1.00000 0.63929 0.16667 0.22624 1.00000 0.30952 0.73774 0.22059 0.26102 0.29858 1.00000 0.33333 1.00000 1.00000 0.71318 0.66045
17.00000 132.00000 0.75287 0.91667 1.00000 1.00000 0.50301 0.29845 0.38673 1.00000 1.00000 0.75201 0.21212 0.20336 1.00000 0.24405 0.74200 0.29412 0.24760 0.35167 1.00000 0.50000 1.00000 1.00000 0.74419 0.70215
17.00000 133.00000 0.60345 0.91667 1.00000 1.00000 0.40060 0.24548 0.22687 1.00000 1.00000 0.79388 0.24242 0.25446 1.00000 0.30952 0.69296 0.20588 0.27923 0.41016 1.00000 0.50000 1.00000 1.00000 0.78295 0.73046
17.00000 134.00000 0.34483 0.25000 1.00000 1.00000 0.49398 0.25616 0.32782 1.00000 1.00000 0.70048 0.19697 0.22777 1.00000 0.24405 0.73134 0.17647 0.27588 0.27588 1.00000 0.25000 1.00000 1.00000 0.69767 0.76471
17.00000 135.00000 0.56322 0.58333 1.00000 1.00000 0.35542 0.21997 0.29676 1.00000 1.00000 0.66667 0.15152 0.23028 1.00000 0.36310 0.78465 0.13235 0.26700 0.34359 1.00000 0.41667 1.00000 1.00000 0.80620 0.75780
17.00000 136.00000 0.58621 0.33333 1.00000 1.00000 0.41867 0.50273 0.29760 1.00000 1.00000 0.73108 0.18182 0.22014 1.00000 0.23810 0.75267 0.22059 0.23134 0.32551 1.00000 0.33333 1.00000 1.00000 0.52713 0.61323
17.00000 137.00000 0.39655 0.66667 1.00000 1.00000 0.41867 0.31524 0.35517 1.00000 1.00000 0.59259 0.07576 0.22072 1.00000 0.20833 0.73987 0.27941 0.27118 0.45671 1.00000 0.33333 1.00000 1.00000 0.65116 0.67039
17.00000 138.00000 0.59770 0.41667 1.00000 1.00000 0.42470 0.31873 0.37525 1.00000 1.00000 0.72142 0.19697 0.21430 1.00000 0.20833 0.73774 0.22059 0.27196 0.18815 1.00000 0.41667 1.00000 1.00000 0.64341 0.73667
17.00000 139.00000 0.50000 0.75000 1.00000 1.00000 0.40060 0.52213 0.21016 1.00000 1.00000 0.82770 0.18182 0.21058 1.00000 0.34524 0.73774 0.22059 0.25952 0.33513 1.00000 0.50000 1.00000 1.00000 0.58140 0.59238
17.00000 140.00000 0.47701 0.75000 1.00000 1.00000 0.27410 0.50011 0.26587 1.00000 1.00000 0.57649 0.22727 0.24980 1.00000 0.32738 0.79957 0.16176 0.29843 0.49711 1.00000 0.41667 1.00000 1.00000 0.62791 0.64996
17.00000 141.00000 0.52874 0.33333 1.00000 1.00000 0.30422 0.34271 0.33626 1.00000 1.00000 0.69082 0.21212 0.22516 1.00000 0.32738 0.68443 0.25000 0.27382 0.34975 1.00000 0.25000 1.00000 1.00000 0.56589 0.75228
17.00000 142.00000 0.60920 0.41667 1.00000 1.00000 0.37651 0.41836 0.21455 1.00000 1.00000 0.55878 0.19697 0.22813 1.00000 0.23810 0.62473 0.26471 0.24533 0.31551 1.00000 0.41667 1.00000 1.00000 0.53488 0.55137
17.00000 143.00000 0.58046 0.41667 1.00000 1.00000 0.40060 0.34227 0.35854 1.00000 1.00000 0.54106 0.18182 0.21453 1.00000 0.26786 0.81023 0.26471 0.26133 0.44363 1.00000 0.41667 1.00000 1.00000 0.64341 0.54502
17.00000 144.00000 0.39080 0.66667 1.00000 1.00000 0.21988 0.26226 0.41880 1.00000 1.00000 0.64412 0.22727 0.22063 1.00000 0.27976 0.66738 0.19118 0.24843 0.24817 1.00000 0.41667 1.00000 1.00000 0.67442 0.65521
17.00000 145.00000 0.39080 0.25000 1.00000 1.00000 0.32831 0.29671 0.26334 1.00000 1.00000 0.67794 0.18182 0.23418 1.00000 0.29762 0.74627 0.19118 0.26040 0.38630 1.00000 0.41667 1.00000 1.00000 0.55814 0.54322
17.00000 146.00000 0.49425 0.50000 1.00000 1.00000 0.36446 0.27360 0.38926 1.00000 0.00000 0.66023 0.25758 0.25989 1.00000 0.23810 0.62900 0.23529 0.26829 0.19084 1.00000 0.50000 1.00000 1.00000 0.60465 0.73474
17.00000 147.00000 0.31609 0.33333 1.00000 1.00000 0.12048 0.42969 0.39264 1.00000 1.00000 0.75040 0.15152 0.22202 1.00000 0.31548 0.62900 0.20588 0.28021 0.40746 1.00000 0.33333 1.00000 1.00000 0.71318 0.71348
17.00000 148.00000 0.55747 0.58333 1.00000 1.00000 0.49699 0.38413 0.37306 1.00000 1.00000 0.68599 0.19697 0.24652 1.00000 0.33333 0.67164 0.20588 0.26370 0.37476 1.00000 0.33333 1.00000 1.00000 0.46512 0.59390
17.00000 149.00000 0.67816 0.16667 1.00000 1.00000 0.44277 0.33987 0.29743 1.00000 1.00000 0.53945 0.22727 0.23023 1.00000 0.36310 0.67164 0.30882 0.25880 0.36822 1.00000 0.33333 1.00000 1.00000 0.66667 0.65341
17.00000 150.00000 0.64943 0.83333 1.00000 1.00000 0.23193 0.37781 0.30739 1.00000 1.00000 0.60709 0.19697 0.22830 1.00000 0.26786 0.72281 0.13235 0.26138 0.34590 1.00000 0.41667 1.00000 1.00000 0.54264 0.68213
17.00000 151.00000 0.65517 0.75000 1.00000 1.00000 0.38554 0.31589 0.33305 1.00000 1.00000 0.76490 0.19697 0.23809 1.00000 0.25595 0.79318 0.25000 0.29358 0.24894 1.00000 0.41667 1.00000 1.00000 0.59690 0.59417
17.00000 152.00000 0.79310 0.16667 1.00000 1.00000 0.25000 0.48158 0.35804 1.00000 1.00000 0.72625 0.25758 0.26169 1.00000 0.23214 0.71855 0.20588 0.28171 0.37091 1.00000 0.41667 1.00000 1.00000 0.65891 0.60632
17.00000 153.00000 0.63793 0.50000 1.00000 1.00000 0.52711 0.33181 0.21911 1.00000 1.00000 0.70853 0.21212 0.21610 1.00000 0.30952 0.58635 0.17647 0.28728 0.44171 1.00000 0.33333 1.00000 1.00000 0.58140 0.66694
17.00000 154.00000 0.52874 0.33333 1.00000 1.00000 0.53916 0.20209 0.35061 1.00000 1.00000 0.68599 0.25758 0.23046 1.00000 0.32143 0.69723 0.16176 0.25787 0.41401 1.00000 0.33333 1.00000 1.00000 0.72868 0.54143
17.00000 155.00000 0.35632 0.33333 1.00000 1.00000 0.31325 0.21670 0.27633 1.00000 1.00000 0.67955 0.21212 0.23948 1.00000 0.27976 0.67377 0.25000 0.26644 0.37245 1.00000 0.33333 1.00000 1.00000 0.67442 0.66694
17.00000 156.00000 0.58621 0.58333 1.00000 1.00000 0.39759 0.30957 0.22113 1.00000 1.00000 0.62641 0.16667 0.23468 1.00000 0.32143 0.62900 0.23529 0.25281 0.40208 1.00000 0.25000 1.00000 1.00000 0.63566 0.79536
17.00000 157.00000 0.56322 0.66667 1.00000 1.00000 0.51807 0.36887 0.34183 1.00000 1.00000 0.65056 0.22727 0.26223 1.00000 0.33333 0.73774 0.26471 0.27258 0.36514 1.00000 0.50000 1.00000 1.00000 0.60465 0.48771
17.00000 158.00000 0.24713 0.16667 1.00000 1.00000 0.34036 0.32854 0.44480 1.00000 0.00000 0.66828 0.12121 0.24639 1.00000 0.32143 0.69296 0.25000 0.28398 0.41324 1.00000 0.33333 1.00000 1.00000 0.70543 0.63284
17.00000 159.00000 0.50575 0.08333 1.00000 1.00000 0.45482 0.33464 0.19379 1.00000 1.00000 0.62158 0.19697 0.23454 1.00000 0.33929 0.65245 0.25000 0.27418 0.30358 1.00000 0.41667 1.00000 1.00000 0.51163 0.72798
17.00000 160.00000 0.45977 0.66667 1.00000 1.00000 0.41265 0.39830 0.21388 1.00000 1.00000 0.59259 0.28788 0.22445 1.00000 0.27976 0.68017 0.27941 0.25555 0.49865 1.00000 0.25000 1.00000 1.00000 0.65116 0.61447
17.00000 161.00000 0.54023 0.58333 1.00000 1.00000 0.44880 0.52714 0.32866 1.00000 1.00000 0.73108 0.18182 0.25684 1.00000 0.33333 0.61194 0.32353 0.27624 0.39977 1.00000 0.33333 1.00000 1.00000 0.47287 0.54971
17.00000 162.00000 0.47126 0.25000 1.00000 1.00000 0.22892 0.36538 0.36158 1.00000 1.00000 0.60548 0.12121 0.25747 1.00000 0.26190 0.70149 0.27941 0.29776 0.18392 1.00000 0.33333 1.00000 1.00000 0.66667 0.54046
17.00000 163.00000 0.47701 0.66667 1.00000 1.00000 0.25904 0.49749 0.40885 1.00000 1.00000 0.76167 0.19697 0.26191 1.00000 0.45238 0.75053 0.26471 0.27273 0.22970 1.00000 0.33333 1.00000 1.00000 0.62791 0.49448
17.00000 164.00000 0.35632 0.33333 1.00000 1.00000 0.30422 0.28014 0.51637 1.00000 1.00000 0.65539 0.25758 0.22229 1.00000 0.13690 0.84222 0.20588 0.28847 0.26395 1.00000 0.33333 1.00000 1.00000 0.65116 0.58768
17.00000 165.00000 0.33908 0.33333 1.00000 1.00000 0.29819 0.39743 0.31567 1.00000 1.00000 0.68277 0.19697 0.22171 1.00000 0.25595 0.70789 0.20588 0.25452 0.29088 1.00000 0.50000 1.00000 1.00000 0.65891 0.57387
17.00000 166.00000 0.50000 0.58333 1.00000 1.00000 0.40663 0.20514 0.22400 1.00000 1.00000 0.67311 0.21212 0.20708 1.00000 0.29762 0.71642 0.25000 0.29549 0.31705 1.00000 0.41667 1.00000 1.00000 0.57364 0.54930
17.00000 167.00000 0.46552 0.58333 1.00000 1.00000 0.34639 0.25158 0.34217 1.00000 1.00000 0.65056 0.27273 0.27318 1.00000 0.20833 0.64606 0.23529 0.24641 0.36706 1.00000 0.41667 1.00000 1.00000 0.67442 0.54018
17.00000 168.00000 0.41954 0.50000 1.00000 1.00000 0.23193 0.43907 0.21708 1.00000 1.00000 0.57971 0.21212 0.22489 1.00000 0.27976 0.73348 0.17647 0.28925 0.32551 1.00000 0.41667 1.00000 1.00000 0.60465 0.61958
17.00000 169.00000 0.24138 0.33333 1.00000 1.00000 0.43976 0.28341 0.47350 1.00000 1.00000 0.61675 0.30303 0.22826 1.00000 0.28571 0.75267 0.26471 0.33017 0.33667 1.00000 0.41667 1.00000 1.00000 0.58140 0.61613
17.00000 170.00000 0.51724 0.50000 1.00000 1.00000 0.49096 0.48049 0.26418 1.00000 1.00000 0.73108 0.21212 0.26133 1.00000 0.38095 0.77186 0.22059 0.30086 0.50327 1.00000 0.41667 1.00000 1.00000 0.59690 0.73750
17.00000 171.00000 0.71264 0.75000 1.00000 1.00000 0.41265 0.33769 0.35753 1.00000 1.00000 0.76329 0.13636 0.24944 1.00000 0.32143 0.71429 0.27941 0.27547 0.40516 1.00000 0.25000 1.00000 1.00000 0.57364 0.61613
17.00000 172.00000 0.40230 0.33333 1.00000 1.00000 0.45482 0.48550 0.34740 1.00000 1.00000 0.70853 0.09091 0.25482 1.00000 0.31548 0.68443 0.30882 0.27072 0.40208 1.00000 0.41667 1.00000 1.00000 0.58915 0.78293
17.00000 173.00000 0.32759 0.25000 1.00000 1.00000 0.49096 0.30216 0.43197 1.00000 1.00000 0.71659 0.18182 0.22579 1.00000 0.23214 0.63539 0.20588 0.30767 0.31474 1.00000 0.33333 1.00000 1.00000 0.62791 0.75987
17.00000 174.00000 0.64368 0.33333 1.00000 1.00000 0.55120 0.32592 0.25979 1.00000 1.00000 0.48470 0.18182 0.27187 1.00000 0.35714 0.72708 0.23529 0.31556 0.25471 1.00000 0.33333 1.00000 1.00000 0.58915 0.55855
17.00000 175.00000 0.48276 0.25000 1.00000 1.00000 0.37349 0.50316 0.38336 1.00000 1.00000 0.62319 0.24242 0.24773 1.00000 0.35714 0.67377 0.22059 0.31205 0.31935 1.00000 0.58333 1.00000 1.00000 0.70543 0.66998
17.00000 176.00000 0.45977 0.33333 1.00000 1.00000 0.29217 0.33355 0.29777 1.00000 1.00000 0.74557 0.18182 0.24042 1.00000 0.36310 0.64179 0.32353 0.27098 0.33167 1.00000 0.41667 1.00000 1.00000 0.55814 0.49834
17.00000 177.00000 0.47701 0.66667 1.00000 1.00000 0.34639 0.32374 0.43180 1.00000 1.00000 0.66667 0.30303 0.25590 1.00000 0.39286 0.65458 0.22059 0.28357 0.35052 1.00000 0.33333 1.00000 1.00000 0.58915 0.58271
17.00000 178.00000 0.36207 0.58333 1.00000 1.00000 0.42470 0.35121 0.35652 1.00000 1.00000 0.65056 0.25758 0.31634 1.00000 0.31548 0.72068 0.23529 0.28863 0.41978 1.00000 0.33333 1.00000 1.00000 0.61240 0.55800
17.00000 179.00000 0.71264 0.58333 1.00000 1.00000 0.53012 0.40113 0.32343 1.00000 1.00000 0.62158 0.18182 0.26209 1.00000 0.33333 0.60128 0.26471 0.28625 0.18161 1.00000 0.33333 1.00000 1.00000 0.39535 0.63974
17.00000 180.00000 0.45977 0.58333 1.00000 1.00000 0.27108 0.32614 0.51232 1.00000 1.00000 0.64251 0.24242 0.24823 1.00000 0.34524 0.64606 0.20588 0.28863 0.40477 1.00000 0.33333 1.00000 1.00000 0.61240 0.60329
17.00000 181.00000 0.40230 0.83333 1.00000 1.00000 0.37651 0.28079 0.46269 1.00000 1.00000 0.67311 0.18182 0.23571 1.00000 0.29762 0.63753 0.20588 0.31639 0.28434 1.00000 0.50000 1.00000 1.00000 0.60465 0.57498
17.00000 182.00000 0.56897 0.50000 1.00000 1.00000 0.42771 0.37715 0.44666 1.00000 1.00000 0.66828 0.12121 0.29862 1.00000 0.42262 0.77399 0.20588 0.31159 0.34783 1.00000 0.41667 1.00000 1.00000 0.47287 0.63781
17.00000 183.00000 0.22414 0.91667 1.00000 1.00000 0.53916 0.59233 0.38741 1.00000 1.00000 0.63607 0.22727 0.27116 1.00000 0.30952 0.65672 0.25000 0.30075 0.35437 1.00000 0.33333 1.00000 1.00000 0.79070 0.58934
17.00000 184.00000 0.43103 0.66667 1.00000 1.00000 0.42169 0.42729 0.32748 1.00000 1.00000 0.56361 0.15152 0.28045 1.00000 0.26190 0.63966 0.20588 0.31660 0.44209 1.00000 0.41667 1.00000 1.00000 0.60465 0.57995
17.00000 185.00000 0.52874 0.16667 1.00000 1.00000 0.40663 0.43165 0.33660 1.00000 1.00000 0.59259 0.24242 0.31998 1.00000 0.26786 0.67804 0.27941 0.32883 0.40516 1.00000 0.50000 1.00000 1.00000 0.57364 0.66128
17.00000 186.00000 0.56322 0.50000 1.00000 1.00000 0.41867 0.29322 0.25017 1.00000 1.00000 0.63124 0.24242 0.30625 1.00000 0.41667 0.75053 0.22059 0.29864 0.46826 1.00000 0.41667 1.00000 1.00000 0.66667 0.63643
17.00000 187.00000 0.32759 0.75000 1.00000 1.00000 0.48795 0.59690 0.41020 1.00000 1.00000 0.70531 0.18182 0.30355 1.00000 0.38095 0.66098 0.25000 0.28527 0.24586 1.00000 0.41667 1.00000 1.00000 0.45736 0.51063
17.00000 188.00000 0.52874 0.75000 1.00000 1.00000 0.40964 0.38195 0.41695 1.00000 1.00000 0.56039 0.12121 0.27973 1.00000 0.30952 0.65885 0.25000 0.32929 0.38669 1.00000 0.41667 1.00000 1.00000 0.58140 0.69718
17.00000 189.00000 0.38506 0.16667 1.00000 1.00000 0.36747 0.31284 0.32934 1.00000 1.00000 0.59420 0.19697 0.30346 1.00000 0.33929 0.71002 0.20588 0.33425 0.43709 1.00000 0.66667 1.00000 1.00000 0.50388 0.46410
17.00000 190.00000 0.31034 0.91667 1.00000 1.00000 0.31325 0.56377 0.48194 1.00000 1.00000 0.64573 0.19697 0.29489 1.00000 0.25000 0.62473 0.20588 0.31892 0.40362 1.00000 0.50000 1.00000 1.00000 0.48062 0.48426
17.00000 191.00000 0.33908 0.33333 1.00000 1.00000 0.42771 0.44801 0.30402 1.00000 1.00000 0.68921 0.10606 0.30032 1.00000 0.45238 0.52878 0.19118 0.34498 0.33590 1.00000 0.41667 1.00000 1.00000 0.73643 0.61765
17.00000 192.00000 0.63793 0.33333 1.00000 1.00000 0.40361 0.34162 0.46624 1.00000 0.00000 0.75523 0.30303 0.28776 1.00000 0.40476 0.60554 0.29412 0.34931 0.47865 1.00000 0.58333 1.00000 1.00000 0.71318 0.61972
17.00000 193.00000 0.51724 0.16667 1.00000 1.00000 0.37651 0.55788 0.44767 1.00000 1.00000 0.61031 0.24242 0.29135 1.00000 0.32738 0.65458 0.35294 0.32103 0.34590 1.00000 0.58333 1.00000 1.00000 0.55039 0.57084
17.00000 194.00000 0.43103 0.58333 1.00000 1.00000 0.56024 0.35906 0.47350 1.00000 1.00000 0.42834 0.18182 0.29126 1.00000 0.47024 0.66311 0.27941 0.30478 0.38938 1.00000 0.33333 1.00000 1.00000 0.66667 0.49033
17.00000 195.00000 0.68966 0.75000 1.00000 1.00000 0.49398 0.28712 0.38910 1.00000 1.00000 0.71176 0.15152 0.29045 1.00000 0.30357 0.69936 0.22059 0.32558 0.38553 1.00000 0.58333 1.00000 1.00000 0.64341 0.60922
17.00000 196.00000 0.51724 0.58333 1.00000 1.00000 0.53313 0.38435 0.38049 1.00000 1.00000 0.57488 0.16667 0.30418 1.00000 0.40476 0.73987 0.13235 0.33677 0.53290 1.00000 0.58333 1.00000 1.00000 0.61240 0.59555
17.00000 197.00000 0.62069 0.83333 1.00000 1.00000 0.37651 0.40898 0.49797 1.00000 1.00000 0.58454 0.24242 0.28745 1.00000 0.32738 0.67377 0.22059 0.34575 0.41247 1.00000 0.41667 1.00000 1.00000 0.63566 0.59044
17.00000 198.00000 0.53448 0.75000 1.00000 1.00000 0.34337 0.36625 0.43366 1.00000 1.00000 0.67955 0.25758 0.29839 1.00000 0.45238 0.65672 0.27941 0.33197 0.52212 1.00000 0.33333 1.00000 1.00000 0.51938 0.66211
17.00000 199.00000 0.27586 0.75000 1.00000 1.00000 0.25301 0.29039 0.36884 1.00000 1.00000 0.65862 0.16667 0.29171 1.00000 0.36310 0.59275 0.30882 0.31618 0.46710 1.00000 0.41667 1.00000 1.00000 0.58915 0.57774
17.00000 200.00000 0.60345 0.41667 1.00000 1.00000 0.38554 0.27164 0.33828 1.00000 1.00000 0.63607 0.28788 0.32038 1.00000 0.27381 0.64179 0.26471 0.34224 0.35937 1.00000 0.41667 1.00000 1.00000 0.50388 0.67896
17.00000 201.00000 0.52299 0.50000 1.00000 1.00000 0.40060 0.59342 0.41239 1.00000 1.00000 0.61675 0.27273 0.34089 1.00000 0.45833 0.53731 0.30882 0.35644 0.46710 1.00000 0.41667 1.00000 1.00000 0.48062 0.64181
17.00000 202.00000 0.62069 0.75000 1.00000 1.00000 0.27108 0.35012 0.37019 1.00000 1.00000 0.52979 0.22727 0.29377 1.00000 0.26190 0.54371 0.35294 0.35107 0.49788 1.00000 0.41667 1.00000 1.00000 0.46512 0.54239
17.00000 203.00000 0.39080 0.58333 1.00000 1.00000 0.49699 0.26422 0.43856 1.00000 1.00000 0.50242 0.15152 0.34668 1.00000 0.44048 0.54158 0.26471 0.37243 0.38476 1.00000 0.50000 1.00000 1.00000 0.44961 0.48771
17.00000 204.00000 0.67816 0.66667 1.00000 1.00000 0.50000 0.40724 0.41644 1.00000 1.00000 0.58293 0.25758 0.28475 1.00000 0.42857 0.59701 0.27941 0.35561 0.46672 1.00000 0.33333 1.00000 1.00000 0.65891 0.52941
17.00000 205.00000 0.41379 0.58333 1.00000 1.00000 0.39759 0.43972 0.44986 1.00000 1.00000 0.68277 0.15152 0.32182 1.00000 0.45833 0.67804 0.20588 0.33517 0.30435 1.00000 0.41667 1.00000 1.00000 0.47287 0.28901
17.00000 206.00000 0.14368 0.16667 1.00000 1.00000 0.46386 0.29780 0.31482 1.00000 1.00000 0.64251 0.16667 0.34995 1.00000 0.44048 0.73348 0.23529 0.35127 0.42209 1.00000 0.41667 1.00000 1.00000 0.62791 0.44325
17.00000 207.00000 0.74713 0.16667 1.00000 1.00000 0.43976 0.33813 0.46202 1.00000 1.00000 0.54589 0.22727 0.30656 1.00000 0.38690 0.63539 0.30882 0.35499 0.42632 1.00000 0.50000 1.00000 1.00000 0.44961 0.59762
17.00000 208.00000 0.61494 0.75000 1.00000 1.00000 0.29819 0.40789 0.44159 1.00000 1.00000 0.64412 0.19697 0.30728 1.00000 0.41071 0.54584 0.29412 0.37496 0.40092 1.00000 0.41667 1.00000 1.00000 0.57364 0.69345
17.00000 209.00000 0.32184 0.66667 1.00000 1.00000 0.49398 0.34336 0.29440 1.00000 1.00000 0.56361 0.25758 0.33743 1.00000 0.33333 0.51812 0.20588 0.35019 0.45402 1.00000 0.33333 1.00000 1.00000 0.41085 0.51988
17.00000 210.00000 0.41954 0.75000 1.00000 1.00000 0.41265 0.56944 0.41594 1.00000 1.00000 0.57005 0.24242 0.32805 1.00000 0.34524 0.68443 0.22059 0.38007 0.38861 1.00000 0.41667 1.00000 1.00000 0.36434 0.67854
17.00000 211.00000 0.44828 0.16667 1.00000 1.00000 0.39458 0.40876 0.51789 1.00000 1.00000 0.68116 0.22727 0.37369 1.00000 0.32143 0.56077 0.25000 0.36815 0.43517 1.00000 0.41667 1.00000 1.00000 0.51938 0.61281
17.00000 212.00000 0.53448 0.33333 1.00000 1.00000 0.40663 0.40179 0.52515 1.00000 1.00000 0.59742 0.21212 0.34430 1.00000 0.44643 0.51599 0.23529 0.38182 0.41747 1.00000 0.33333 1.00000 1.00000 0.41860 0.56863
17.00000 213.00000 0.39080 0.91667 1.00000 1.00000 0.37952 0.34990 0.43265 1.00000 1.00000 0.51852 0.19697 0.31625 1.00000 0.29167 0.66098 0.27941 0.35370 0.42709 1.00000 0.58333 1.00000 1.00000 0.58140 0.66460
17.00000 214.00000 0.51149 0.50000 1.00000 1.00000 0.54217 0.52256 0.54524 1.00000 1.00000 0.62641 0.25758 0.33272 1.00000 0.39286 0.56503 0.23529 0.38967 0.33051 1.00000 0.41667 1.00000 1.00000 0.46512 0.41439
17.00000 215.00000 0.51724 0.91667 1.00000 1.00000 0.46084 0.42141 0.47164 1.00000 1.00000 0.56039 0.22727 0.34111 1.00000 0.33333 0.60981 0.27941 0.37104 0.42285 1.00000 0.41667 1.00000 1.00000 0.51163 0.36606
17.00000 216.00000 0.36782 0.41667 1.00000 1.00000 0.45783 0.46915 0.59976 1.00000 1.00000 0.44444 0.30303 0.36135 1.00000 0.30952 0.52239 0.29412 0.37868 0.52790 1.00000 0.41667 1.00000 1.00000 0.42636 0.39519
17.00000 217.00000 0.74138 0.58333 1.00000 1.00000 0.48193 0.44256 0.45831 1.00000 1.00000 0.52979 0.27273 0.39949 1.00000 0.38095 0.51812 0.29412 0.38110 0.54175 1.00000 0.41667 1.00000 1.00000 0.49612 0.45209
17.00000 218.00000 0.58046 0.91667 1.00000 1.00000 0.44578 0.49924 0.45544 1.00000 1.00000 0.55233 0.31818 0.33232 1.00000 0.42262 0.64606 0.17647 0.38291 0.48903 1.00000 0.33333 1.00000 1.00000 0.74419 0.43828
17.00000 219.00000 0.46552 0.83333 1.00000 1.00000 0.43976 0.37410 0.45544 1.00000 1.00000 0.54589 0.24242 0.39083 1.00000 0.30357 0.64819 0.20588 0.40850 0.52866 1.00000 0.50000 1.00000 1.00000 0.53488 0.53245
17.00000 220.00000 0.44253 0.16667 1.00000 1.00000 0.36747 0.49967 0.48093 1.00000 1.00000 0.52335 0.24242 0.35780 1.00000 0.32143 0.56077 0.32353 0.40216 0.41901 1.00000 0.50000 1.00000 1.00000 0.58915 0.48260
17.00000 221.00000 0.36782 0.33333 1.00000 1.00000 0.44277 0.41094 0.41644 1.00000 1.00000 0.55395 0.22727 0.35726 1.00000 0.50000 0.53305 0.25000 0.41207 0.45094 1.00000 0.41667 1.00000 1.00000 0.48062 0.60342
17.00000 222.00000 0.41954 0.75000 1.00000 1.00000 0.62952 0.65184 0.41712 1.00000 1.00000 0.62802 0.25758 0.36669 1.00000 0.48810 0.55437 0.29412 0.40076 0.50635 1.00000 0.50000 1.00000 1.00000 0.52713 0.34410
17.00000 223.00000 0.54598 0.66667 1.00000 1.00000 0.47590 0.31131 0.46219 1.00000 1.00000 0.66023 0.22727 0.36301 1.00000 0.33929 0.54371 0.27941 0.39839 0.55175 1.00000 0.41667 1.00000 1.00000 0.55039 0.58754
17.00000 224.00000 0.27011 0.75000 1.00000 1.00000 0.55120 0.51755 0.47806 1.00000 1.00000 0.51369 0.31818 0.36238 1.00000 0.43452 0.61194 0.32353 0.40701 0.53559 1.00000 0.58333 1.00000 1.00000 0.44186 0.33016
17.00000 225.00000 0.55747 0.16667 1.00000 1.00000 0.74398 0.51450 0.45442 1.00000 1.00000 0.44444 0.18182 0.36328 1.00000 0.43452 0.58635 0.27941 0.44282 0.49673 1.00000 0.50000 1.00000 1.00000 0.48062 0.39188
17.00000 226.00000 0.36207 0.58333 1.00000 1.00000 0.59639 0.36255 0.52735 1.00000 1.00000 0.51208 0.30303 0.40025 1.00000 0.47024 0.47122 0.29412 0.42600 0.34783 1.00000 0.58333 1.00000 1.00000 0.61240 0.46327
17.00000 227.00000 0.50575 0.58333 1.00000 1.00000 0.43675 0.43754 0.47181 1.00000 1.00000 0.59098 0.25758 0.37871 1.00000 0.47024 0.48827 0.27941 0.41532 0.53636 1.00000 0.58333 1.00000 1.00000 0.59690 0.57691
17.00000 228.00000 0.40230 0.33333 1.00000 1.00000 0.57229 0.37563 0.48565 1.00000 1.00000 0.55878 0.27273 0.38194 1.00000 0.38095 0.57996 0.22059 0.44695 0.49827 1.00000 0.58333 1.00000 1.00000 0.51938 0.53424
17.00000 229.00000 0.37931 0.83333 1.00000 1.00000 0.51205 0.43798 0.51958 1.00000 1.00000 0.64090 0.27273 0.35695 1.00000 0.42857 0.50107 0.33824 0.39442 0.46941 1.00000 0.50000 1.00000 1.00000 0.48837 0.47694
17.00000 230.00000 0.40230 0.33333 1.00000 1.00000 0.56928 0.41552 0.49781 1.00000 1.00000 0.61675 0.34848 0.43404 1.00000 0.40476 0.46908 0.29412 0.44143 0.50212 1.00000 0.50000 1.00000 1.00000 0.50388 0.40113
17.00000 231.00000 0.59195 0.50000 1.00000 1.00000 0.47289 0.58535 0.60601 1.00000 1.00000 0.48470 0.25758 0.41021 1.00000 0.45238 0.48614 0.22059 0.40025 0.53213 1.00000 0.58333 1.00000 1.00000 0.52713 0.46921
17.00000 232.00000 0.65517 0.83333 1.00000 1.00000 0.56928 0.44801 0.55706 1.00000 1.00000 0.49275 0.27273 0.40146 1.00000 0.38095 0.50533 0.32353 0.41537 0.33667 1.00000 0.58333 1.00000 1.00000 0.34884 0.33761
17.00000 233.00000 0.47126 0.16667 1.00000 1.00000 0.54819 0.53281 0.46050 1.00000 1.00000 0.48631 0.27273 0.42233 1.00000 0.47619 0.51173 0.22059 0.42440 0.47172 1.00000 0.66667 1.00000 1.00000 0.51163 0.39823
17.00000 234.00000 0.46552 0.58333 1.00000 1.00000 0.48494 0.43405 0.60128 1.00000 1.00000 0.48792 0.28788 0.41304 1.00000 0.35714 0.52452 0.29412 0.46295 0.37938 1.00000 0.58333 1.00000 1.00000 0.47287 0.40652
17.00000 235.00000 0.45402 0.75000 1.00000 1.00000 0.60542 0.53608 0.43180 1.00000 1.00000 0.41385 0.28788 0.41282 1.00000 0.48214 0.56503 0.23529 0.45603 0.57907 1.00000 0.58333 1.00000 1.00000 0.49612 0.50690
17.00000 236.00000 0.64943 0.83333 1.00000 1.00000 0.52410 0.64007 0.58812 1.00000 1.00000 0.55878 0.27273 0.41851 1.00000 0.54167 0.42857 0.35294 0.45691 0.48326 1.00000 0.50000 1.00000 1.00000 0.47287 0.37973
17.00000 237.00000 0.58046 0.75000 1.00000 1.00000 0.37651 0.45891 0.43889 1.00000 1.00000 0.48953 0.22727 0.44593 1.00000 0.45238 0.49254 0.30882 0.45128 0.46787 1.00000 0.58333 1.00000 1.00000 0.42636 0.49461
17.00000 238.00000 0.34483 0.58333 1.00000 1.00000 0.53916 0.49924 0.61783 1.00000 1.00000 0.53623 0.31818 0.45118 1.00000 0.48810 0.57143 0.33824 0.46491 0.52866 1.00000 0.58333 1.00000 1.00000 0.41860 0.41466
17.00000 239.00000 0.48851 0.41667 1.00000 1.00000 0.40663 0.63440 0.68771 1.00000 1.00000 0.48792 0.31818 0.44405 1.00000 0.53571 0.54158 0.32353 0.49056 0.58715 1.00000 0.58333 1.00000 1.00000 0.35659 0.49959
17.00000 240.00000 0.44828 0.16667 1.00000 1.00000 0.59036 0.58382 0.61546 1.00000 1.00000 0.57488 0.18182 0.42946 1.00000 0.48810 0.47335 0.30882 0.45459 0.52597 1.00000 0.50000 1.00000 1.00000 0.50388 0.46796
17.00000 241.00000 0.52874 0.58333 1.00000 1.00000 0.52711 0.52431 0.55317 1.00000 1.00000 0.54106 0.37879 0.46316 1.00000 0.47619 0.61834 0.32353 0.46971 0.43825 1.00000 0.58333 1.00000 1.00000 0.58140 0.35556
17.00000 242.00000 0.45402 0.33333 1.00000 1.00000 0.66265 0.55984 0.62542 1.00000 1.00000 0.48953 0.31818 0.45087 1.00000 0.48214 0.50959 0.29412 0.48947 0.47672 1.00000 0.58333 1.00000 1.00000 0.40310 0.49061
17.00000 243.00000 0.28161 0.75000 1.00000 1.00000 0.68072 0.53957 0.53646 1.00000 1.00000 0.52335 0.25758 0.44409 1.00000 0.52976 0.48401 0.26471 0.48689 0.51597 1.00000 0.58333 1.00000 1.00000 0.44961 0.30641
17.00000 244.00000 0.43678 0.33333 1.00000 1.00000 0.55422 0.52823 0.67725 1.00000 1.00000 0.48148 0.30303 0.48842 1.00000 0.47619 0.54371 0.30882 0.47193 0.53328 1.00000 0.66667 1.00000 1.00000 0.46512 0.47142
17.00000 245.00000 0.48276 0.41667 1.00000 1.00000 0.65060 0.52736 0.49409 1.00000 1.00000 0.55395 0.22727 0.48838 1.00000 0.62500 0.49467 0.32353 0.48720 0.55906 1.00000 0.33333 1.00000 1.00000 0.28682 0.33969
17.00000 246.00000 0.37356 0.58333 1.00000 1.00000 0.42470 0.57859 0.63049 1.00000 1.00000 0.48148 0.34848 0.50655 1.00000 0.48214 0.43923 0.38235 0.48803 0.44171 1.00000 0.41667 1.00000 1.00000 0.46512 0.48633
17.00000 247.00000 0.55747 0.25000 1.00000 1.00000 0.57831 0.57794 0.57748 1.00000 1.00000 0.50725 0.31818 0.49520 1.00000 0.52381 0.49893 0.30882 0.48586 0.64140 1.00000 0.58333 1.00000 1.00000 0.38760 0.38083
17.00000 248.00000 0.47701 0.75000 1.00000 1.00000 0.45482 0.66034 0.51570 1.00000 1.00000 0.52013 0.24242 0.48811 1.00000 0.57738 0.39872 0.33824 0.51079 0.51751 1.00000 0.58333 1.00000 1.00000 0.39535 0.42212
17.00000 249.00000 0.15517 0.25000 1.00000 1.00000 0.55422 0.33028 0.66442 1.00000 1.00000 0.50403 0.28788 0.48129 1.00000 0.66071 0.52452 0.38235 0.54304 0.66872 1.00000 0.33333 1.00000 1.00000 0.50388 0.32408
17.00000 250.00000 0.42529 0.16667 1.00000 1.00000 0.60241 0.53259 0.55638 1.00000 1.00000 0.44122 0.34848 0.48542 1.00000 0.50000 0.39232 0.38235 0.51445 0.45402 1.00000 0.66667 1.00000 1.00000 0.44961 0.29923
17.00000 251.00000 0.45977 0.58333 1.00000 1.00000 0.57831 0.46523 0.55419 1.00000 1.00000 0.26248 0.39394 0.51063 1.00000 0.62500 0.53731 0.39706 0.52183 0.63601 1.00000 0.58333 1.00000 1.00000 0.34109 0.36620
17.00000 252.00000 0.58621 0.41667 1.00000 1.00000 0.51205 0.50578 0.54997 1.00000 1.00000 0.42029 0.31818 0.50363 1.00000 0.51190 0.40085 0.23529 0.52699 0.55637 1.00000 0.50000 1.00000 1.00000 0.38760 0.36854
17.00000 253.00000 0.50575 0.83333 1.00000 1.00000 0.60542 0.54393 0.61951 1.00000 1.00000 0.50564 0.27273 0.49107 1.00000 0.55952 0.47122 0.32353 0.52642 0.54636 1.00000 0.66667 1.00000 1.00000 0.27907 0.38097
17.00000 254.00000 0.50000 0.83333 1.00000 1.00000 0.54217 0.55635 0.66543 1.00000 1.00000 0.43478 0.24242 0.53697 1.00000 0.55357 0.42431 0.33824 0.54221 0.50481 1.00000 0.66667 1.00000 1.00000 0.27132 0.39547
17.00000 255.00000 0.55747 0.50000 1.00000 1.00000 0.55723 0.49989 0.66138 1.00000 1.00000 0.41224 0.28788 0.51521 1.00000 0.62500 0.36887 0.30882 0.56027 0.61716 1.00000 0.58333 1.00000 1.00000 0.32558 0.41411
17.00000 256.00000 0.37931 0.33333 1.00000 1.00000 0.59940 0.76106 0.66982 1.00000 1.00000 0.53462 0.33333 0.54451 1.00000 0.61310 0.39232 0.35294 0.55811 0.73567 1.00000 0.66667 1.00000 1.00000 0.29457 0.42019
17.00000 257.00000 0.56897 0.83333 1.00000 1.00000 0.86747 0.51624 0.62930 1.00000 1.00000 0.44605 0.39394 0.54164 1.00000 0.59524 0.42857 0.27941 0.54913 0.67026 1.00000 0.58333 1.00000 1.00000 0.25581 0.34673
17.00000 258.00000 0.59770 0.50000 1.00000 1.00000 0.74398 0.69217 0.55284 1.00000 1.00000 0.45411 0.30303 0.54667 1.00000 0.70238 0.48614 0.30882 0.57596 0.51751 1.00000 0.66667 1.00000 1.00000 0.41860 0.34300
17.00000 259.00000 0.34483 0.66667 1.00000 1.00000 0.62048 0.53586 0.77735 1.00000 1.00000 0.42995 0.31818 0.55165 1.00000 0.65476 0.45842 0.39706 0.56631 0.64332 1.00000 0.58333 1.00000 1.00000 0.18605 0.31870
17.00000 260.00000 0.43103 0.75000 1.00000 1.00000 0.59036 0.61631 0.78815 1.00000 1.00000 0.40741 0.36364 0.54738 1.00000 0.61905 0.41365 0.41176 0.59268 0.71720 1.00000 0.66667 1.00000 1.00000 0.34884 0.26291
17.00000 261.00000 0.67816 0.16667 1.00000 1.00000 0.80120 0.56420 0.65749 1.00000 1.00000 0.34783 0.25758 0.54945 1.00000 0.60714 0.40938 0.32353 0.58246 0.60023 1.00000 0.75000 1.00000 1.00000 0.34109 0.11613
17.00000 262.00000 0.43103 0.41667 1.00000 1.00000 0.62349 0.58644 0.60449 1.00000 1.00000 0.36715 0.25758 0.58261 1.00000 0.65476 0.27505 0.32353 0.59268 0.50712 1.00000 0.75000 1.00000 1.00000 0.21705 0.26388
17.00000 263.00000 0.53448 0.83333 1.00000 1.00000 0.73494 0.66296 0.57343 1.00000 1.00000 0.31562 0.37879 0.58777 1.00000 0.77976 0.40085 0.41176 0.59382 0.49134 1.00000 0.58333 1.00000 1.00000 0.34884 0.23460
17.00000 264.00000 0.32759 0.16667 1.00000 1.00000 0.72590 0.63091 0.76232 1.00000 1.00000 0.44444 0.39394 0.61608 1.00000 0.61905 0.43710 0.39706 0.62989 0.57599 1.00000 0.66667 1.00000 1.00000 0.30233 0.32588
17.00000 265.00000 0.49425 0.16667 1.00000 1.00000 0.73193 0.48616 0.79254 1.00000 1.00000 0.44122 0.34848 0.63282 1.00000 0.61310 0.45629 0.36765 0.64393 0.66487 1.00000 0.66667 1.00000 1.00000 0.26357 0.31842
17.00000 266.00000 0.61494 0.66667 1.00000 1.00000 0.78313 0.65838 0.76907 1.00000 1.00000 0.26087 0.40909 0.63331 1.00000 0.67262 0.30704 0.47059 0.61188 0.62601 1.00000 0.66667 1.00000 1.00000 0.39535 0.24938
17.00000 267.00000 0.67816 0.83333 1.00000 1.00000 0.69277 0.82450 0.66475 1.00000 1.00000 0.30596 0.30303 0.58409 1.00000 0.64286 0.45842 0.44118 0.59387 0.69950 1.00000 0.66667 1.00000 1.00000 0.23256 0.40514
17.00000 268.00000 0.38506 0.83333 1.00000 1.00000 0.59036 0.71027 0.81583 1.00000 1.00000 0.16586 0.37879 0.61904 1.00000 0.63095 0.31343 0.32353 0.61632 0.82763 1.00000 0.66667 1.00000 1.00000 0.15504 0.27175
17.00000 269.00000 0.64943 0.33333 1.00000 1.00000 0.75904 0.68106 0.82073 1.00000 1.00000 0.37842 0.42424 0.63008 1.00000 0.76786 0.39446 0.48529 0.65198 0.63794 1.00000 0.75000 1.00000 1.00000 0.27132 0.16031
17.00000 270.00000 0.59770 0.50000 1.00000 1.00000 0.63855 0.68585 0.70577 1.00000 1.00000 0.37681 0.37879 0.67379 1.00000 0.64286 0.33049 0.29412 0.65827 0.73336 1.00000 0.66667 1.00000 1.00000 0.23256 0.33085
17.00000 271.00000 0.64368 0.66667 1.00000 1.00000 0.70482 0.81775 0.85702 1.00000 1.00000 0.37520 0.37879 0.69021 1.00000 0.73810 0.39019 0.39706 0.66085 0.67295 1.00000 0.75000 1.00000 1.00000 0.23256 0.24979
17.00000 272.00000 0.41954 0.66667 1.00000 1.00000 0.57831 0.74973 0.68417 1.00000 1.00000 0.36715 0.40909 0.65324 1.00000 0.80357 0.29638 0.36765 0.66395 0.79608 1.00000 0.58333 1.00000 1.00000 0.13953 0.23819
17.00000 273.00000 0.67816 0.83333 1.00000 1.00000 0.75301 0.67757 0.68315 1.00000 1.00000 0.35266 0.36364 0.69909 1.00000 0.82143 0.29851 0.36765 0.68118 0.88496 1.00000 0.75000 1.00000 1.00000 0.23256 0.30309
17.00000 274.00000 0.39655 0.50000 1.00000 1.00000 0.71386 0.61914 0.64517 1.00000 1.00000 0.33977 0.45455 0.67639 1.00000 0.73810 0.23028 0.41176 0.68294 0.74952 1.00000 0.75000 1.00000 1.00000 0.29457 0.25090
17.00000 275.00000 0.48276 0.91667 1.00000 1.00000 0.84036 0.66449 0.81415 1.00000 1.00000 0.24960 0.34848 0.70246 1.00000 0.66667 0.12154 0.39706 0.66978 0.85533 1.00000 0.83333 1.00000 1.00000 0.29457 0.25904
17.00000 276.00000 0.46552 0.16667 1.00000 1.00000 0.83133 0.62743 0.84757 1.00000 1.00000 0.26731 0.36364 0.67765 1.00000 0.72024 0.32623 0.35294 0.71380 0.73952 1.00000 0.75000 1.00000 1.00000 0.27907 0.21748
