176.00000 1.00000 0.00003 0.00154 1.00000 1.00000 0.97623 0.91732 0.89370 1.00000 1.00000 0.96323 0.99869 0.88469 0.94872 0.90179 0.96283 0.99317 0.70070 0.08586 1.00000 0.93814 1.00000 1.00000 0.96872 0.97202
176.00000 2.00000 0.59521 0.73634 0.00000 0.23809 0.01147 0.03219 0.05423 0.29318 0.21016 0.09028 0.00127 0.01544 0.02564 0.03896 0.08823 0.00185 0.09015 0.92555 0.00000 0.03093 0.00000 0.00000 0.14094 0.14168
176.00000 3.00000 0.83318 0.99762 1.00000 0.06027 0.18579 0.31183 0.23408 0.14659 0.14617 0.13522 0.65047 0.30339 0.23077 0.46510 0.13383 0.99308 0.52269 0.38968 0.00000 0.31959 0.65116 1.00000 0.16246 0.15749
176.00000 4.00000 0.99978 0.99762 1.00000 0.00000 0.12741 0.28942 0.23415 0.00000 0.00251 0.00683 0.62713 0.27751 0.23077 0.46916 0.00540 0.99317 0.57876 0.39217 0.00000 0.26804 0.62791 1.00000 0.02590 0.01643
176.00000 5.00000 0.99992 0.99810 1.00000 0.00000 0.13200 0.29547 0.23862 0.00000 0.00314 0.00522 0.62715 0.27752 0.23077 0.47890 0.00655 0.99319 0.56477 0.39988 0.00000 0.28866 0.62791 1.00000 0.02085 0.01556
176.00000 6.00000 0.83334 1.00000 1.00000 0.06027 0.18386 0.30613 0.22733 0.14659 0.14617 0.13542 0.65043 0.30062 0.23077 0.45536 0.13510 0.99317 0.53887 0.38601 0.00000 0.32990 0.65116 1.00000 0.15809 0.15466
176.00000 7.00000 0.83319 0.99762 1.00000 0.06027 0.18129 0.34707 0.23387 0.14659 0.14617 0.13459 0.65049 0.29993 0.23077 0.46347 0.13517 0.99339 0.52762 0.38712 0.00000 0.31959 0.65116 1.00000 0.16280 0.16104
176.00000 8.00000 0.83329 0.99762 1.00000 0.06027 0.18405 0.30578 0.24083 0.14659 0.14617 0.13602 0.65047 0.30456 0.23077 0.44156 0.13444 0.99325 0.53988 0.39943 0.00000 0.30928 0.65116 1.00000 0.16280 0.16240
176.00000 9.00000 0.99985 0.99881 1.00000 0.00000 0.12511 0.28083 0.23300 0.00000 0.00314 0.00479 0.62705 0.26713 0.23077 0.46347 0.00665 0.99308 0.56825 0.40268 0.00000 0.28866 0.62791 1.00000 0.00875 0.01428
176.00000 10.00000 0.47612 0.83171 1.00000 0.62699 0.65825 0.63479 0.52494 0.50794 0.50063 0.45810 0.86333 0.61302 0.38462 0.65828 0.45826 0.99322 0.52519 0.34809 0.00000 0.63918 0.86469 1.00000 0.48806 0.48668
176.00000 11.00000 0.59521 0.73634 0.00000 0.23809 0.00890 0.02887 0.03970 0.29318 0.21079 0.09063 0.00139 0.01704 0.02564 0.04302 0.08801 0.00190 0.05841 0.92182 0.00000 0.04124 0.00000 0.00000 0.13824 0.14869
176.00000 12.00000 0.99994 0.99905 1.00000 0.00000 0.12585 0.28183 0.22613 0.00000 0.00314 0.00860 0.62719 0.27662 0.23077 0.46347 0.00736 0.99314 0.58658 0.39556 0.00000 0.27835 0.62791 1.00000 0.01514 0.02126
176.00000 13.00000 0.99980 0.99762 1.00000 0.00000 0.12291 0.29034 0.24638 0.00000 0.00251 0.00663 0.62719 0.27896 0.23077 0.47321 0.00633 0.99314 0.57898 0.39663 0.00000 0.28866 0.62791 1.00000 0.01211 0.02062
176.00000 14.00000 0.83331 0.99762 1.00000 0.06027 0.18285 0.31580 0.23797 0.14659 0.14617 0.13482 0.65038 0.30108 0.23077 0.45373 0.13432 0.99325 0.53904 0.38369 0.00000 0.31959 0.65116 1.00000 0.15809 0.15808
176.00000 15.00000 0.23803 0.29727 1.00000 0.59794 0.62925 0.68995 0.67484 0.61718 0.61606 0.59576 0.85276 0.65133 0.84615 0.73052 0.59556 0.99322 0.69411 0.15346 1.00000 0.67010 0.85412 1.00000 0.62328 0.62417
176.00000 16.00000 0.83323 0.99941 1.00000 0.06027 0.17900 0.33162 0.23552 0.14659 0.14617 0.13561 0.65047 0.29686 0.25641 0.45779 0.13578 0.99317 0.53736 0.37888 0.00000 0.31959 0.65116 1.00000 0.16179 0.15974
176.00000 17.00000 0.00001 0.00000 1.00000 1.00000 0.97898 0.93989 0.89223 1.00000 1.00000 0.96323 0.99867 0.88186 0.94872 0.91153 0.96322 0.99319 0.70750 0.07628 1.00000 0.92784 1.00000 1.00000 0.97545 0.97768
176.00000 18.00000 0.00003 0.00000 1.00000 1.00000 0.98265 0.92615 0.90875 1.00000 1.00000 0.96077 0.99869 0.88575 0.94872 0.90584 0.96349 0.99330 0.69772 0.08016 1.00000 0.90722 1.00000 1.00000 0.97242 0.97977
176.00000 19.00000 0.83325 0.99762 1.00000 0.06027 0.18708 0.31812 0.24455 0.14659 0.14617 0.13409 0.65032 0.30019 0.23077 0.46510 0.13400 0.99341 0.53743 0.37691 0.00000 0.31959 0.65116 1.00000 0.16112 0.15984
176.00000 20.00000 0.47625 0.83135 1.00000 0.62699 0.65981 0.63732 0.52105 0.50794 0.50063 0.45737 0.86344 0.60464 0.38462 0.65666 0.45806 0.99333 0.52478 0.35643 0.00000 0.64948 0.86469 1.00000 0.48369 0.48604
176.00000 21.00000 0.59517 0.73860 0.00000 0.23809 0.00826 0.02654 0.04760 0.29318 0.21016 0.08950 0.00116 0.01872 0.02564 0.02841 0.08940 0.00174 0.06745 0.91261 0.00000 0.04124 0.00000 0.00000 0.13959 0.14003
176.00000 22.00000 0.99978 0.99786 1.00000 0.00000 0.13301 0.28907 0.23266 0.00000 0.00251 0.00630 0.62717 0.27157 0.23077 0.48052 0.00665 0.99319 0.57095 0.40089 0.00000 0.27835 0.62791 1.00000 0.02186 0.01684
176.00000 23.00000 0.99987 0.99762 1.00000 0.00000 0.13035 0.29079 0.22882 0.00000 0.00314 0.00739 0.62715 0.27917 0.23077 0.47565 0.00606 0.99328 0.57749 0.41562 0.00000 0.30928 0.62791 1.00000 0.01345 0.01817
176.00000 24.00000 0.99986 0.99762 1.00000 0.00000 0.12502 0.28334 0.21403 0.00000 0.00314 0.00538 0.62722 0.28110 0.23077 0.47971 0.00455 0.99330 0.57282 0.39525 0.00000 0.27835 0.62791 1.00000 0.01816 0.02030
176.00000 25.00000 0.99979 0.99762 1.00000 0.00000 0.12915 0.27716 0.22373 0.00000 0.00314 0.00672 0.62724 0.28384 0.23077 0.45779 0.00633 0.99328 0.58102 0.39957 0.00000 0.29897 0.62791 1.00000 0.01009 0.00888
176.00000 26.00000 0.99992 0.99964 1.00000 0.00000 0.12713 0.31107 0.21696 0.00000 0.00314 0.00755 0.62730 0.28264 0.23077 0.47159 0.00577 0.99336 0.58011 0.39334 0.00000 0.27835 0.62791 1.00000 0.01345 0.01520
176.00000 27.00000 0.00000 0.00000 1.00000 1.00000 0.98311 0.93309 0.89511 1.00000 1.00000 0.96201 0.99876 0.87815 0.94872 0.90503 0.96180 0.99314 0.70486 0.08860 1.00000 0.92784 1.00000 1.00000 0.96603 0.97511
176.00000 28.00000 0.00004 0.00119 1.00000 1.00000 0.98375 0.93473 0.91483 1.00000 1.00000 0.96376 0.99865 0.88525 0.94872 0.90016 0.96334 0.99311 0.70500 0.08659 1.00000 0.91753 1.00000 1.00000 0.96771 0.97097
176.00000 29.00000 0.99990 0.99881 1.00000 0.00000 0.12557 0.28575 0.21590 0.00000 0.00251 0.00600 0.62717 0.27581 0.23077 0.48620 0.00692 0.99306 0.56407 0.40244 0.00000 0.28866 0.62791 1.00000 0.01749 0.01422
176.00000 30.00000 0.99983 0.99952 1.00000 0.00000 0.12640 0.27762 0.21713 0.00000 0.00314 0.00568 0.62715 0.28391 0.23077 0.46510 0.00662 0.99325 0.56761 0.40563 0.00000 0.28866 0.62791 1.00000 0.01917 0.02245
176.00000 31.00000 0.00006 0.00000 1.00000 1.00000 0.97925 0.90298 0.90477 1.00000 1.00000 0.96367 0.99854 0.88667 0.94872 0.90747 0.96310 0.99322 0.70989 0.08438 1.00000 0.92784 1.00000 1.00000 0.96704 0.97627
176.00000 32.00000 0.59517 0.73634 0.00000 0.23809 0.00863 0.01369 0.05109 0.29318 0.21016 0.09090 0.00133 0.01965 0.02564 0.02354 0.08950 0.00193 0.05937 0.93842 0.00000 0.04124 0.00000 0.00000 0.14094 0.14060
176.00000 33.00000 0.83314 0.99857 1.00000 0.06027 0.18056 0.32112 0.23012 0.14659 0.14617 0.13604 0.65041 0.30052 0.23077 0.46672 0.13476 0.99333 0.53543 0.39061 0.00000 0.32990 0.65116 1.00000 0.15775 0.15539
176.00000 34.00000 0.83322 0.99929 1.00000 0.06027 0.18717 0.34480 0.22846 0.14659 0.14617 0.13533 0.65049 0.29553 0.23077 0.47159 0.13473 0.99325 0.53988 0.38781 0.00000 0.31959 0.65116 1.00000 0.15439 0.16359
176.00000 35.00000 0.83334 0.99786 1.00000 0.06027 0.18047 0.31715 0.25618 0.14659 0.14617 0.13528 0.65038 0.29804 0.23077 0.46266 0.13459 0.99341 0.54253 0.38172 0.00000 0.30928 0.65116 1.00000 0.16313 0.16049
176.00000 36.00000 0.59519 0.73634 0.00000 0.23809 0.01359 0.04512 0.06271 0.29318 0.21079 0.08994 0.00129 0.02051 0.02564 0.04221 0.08893 0.00179 0.06471 0.93247 0.00000 0.05155 0.00000 0.00000 0.13892 0.13741
176.00000 37.00000 0.99985 0.99941 1.00000 0.00000 0.13237 0.28858 0.24328 0.00000 0.00251 0.00483 0.62717 0.27885 0.23077 0.47240 0.00354 0.99311 0.59143 0.40054 0.00000 0.29897 0.62791 1.00000 0.01413 0.01322
176.00000 38.00000 0.47626 0.83325 1.00000 0.62699 0.65945 0.62771 0.53340 0.50794 0.50063 0.45831 0.86350 0.61199 0.38462 0.65584 0.45694 0.99325 0.52262 0.35141 0.00000 0.63918 0.86469 1.00000 0.48100 0.48384
176.00000 39.00000 0.83329 0.99846 1.00000 0.06027 0.17891 0.31758 0.25536 0.14659 0.14617 0.13620 0.65041 0.29933 0.23077 0.45698 0.13437 0.99322 0.53560 0.39054 0.00000 0.30928 0.65116 1.00000 0.15708 0.16285
176.00000 40.00000 0.23810 0.29691 1.00000 0.59794 0.63659 0.67313 0.66432 0.61718 0.61606 0.59546 0.85272 0.64897 0.84615 0.74351 0.59451 0.99328 0.69406 0.16540 1.00000 0.68041 0.85412 1.00000 0.62597 0.62300
176.00000 41.00000 0.83328 0.99929 1.00000 0.06027 0.18359 0.32714 0.22174 0.14659 0.14617 0.13370 0.65045 0.29342 0.23077 0.46023 0.13424 0.99322 0.53493 0.38265 0.00000 0.29897 0.65116 1.00000 0.16213 0.16414
176.00000 42.00000 0.59522 0.73634 0.00000 0.23809 0.00551 0.05058 0.05073 0.29318 0.21016 0.08853 0.00129 0.02202 0.02564 0.03084 0.08893 0.00196 0.06122 0.93437 0.00000 0.04124 0.00000 0.00000 0.13858 0.14446
176.00000 43.00000 0.83316 0.99976 1.00000 0.06027 0.18194 0.31361 0.24554 0.14659 0.14617 0.13388 0.65051 0.29560 0.23077 0.45617 0.13495 0.99330 0.54755 0.38397 0.00000 0.31959 0.65116 1.00000 0.15473 0.16278
176.00000 44.00000 0.23812 0.29881 1.00000 0.59794 0.63696 0.69457 0.66639 0.61718 0.61606 0.59633 0.85287 0.66013 0.84615 0.73133 0.59480 0.99325 0.69224 0.16159 1.00000 0.68041 0.85412 1.00000 0.61958 0.62337
176.00000 45.00000 0.47626 0.83135 1.00000 0.62699 0.65761 0.63605 0.53248 0.50794 0.50063 0.45836 0.86346 0.60995 0.38462 0.66640 0.45845 0.99328 0.53507 0.34744 0.00000 0.63918 0.86469 1.00000 0.49109 0.48530
176.00000 46.00000 0.23806 0.29905 1.00000 0.59794 0.63163 0.69082 0.68464 0.61718 0.61606 0.59592 0.85276 0.65657 0.84615 0.73782 0.59761 0.99314 0.68846 0.15018 1.00000 0.68041 0.85412 1.00000 0.62294 0.62384
176.00000 47.00000 0.00002 0.00131 1.00000 1.00000 0.98146 0.92998 0.90275 1.00000 1.00000 0.96172 0.99869 0.88211 0.94872 0.92208 0.96332 0.99322 0.69086 0.08099 1.00000 0.92784 1.00000 1.00000 0.97275 0.97842
176.00000 48.00000 0.99998 0.99846 1.00000 0.00000 0.12557 0.29031 0.24119 0.00000 0.00251 0.00610 0.62717 0.27617 0.23077 0.46266 0.00701 0.99322 0.58182 0.39487 0.00000 0.29897 0.62791 1.00000 0.01413 0.01046
176.00000 49.00000 0.99980 0.99762 1.00000 0.00000 0.12245 0.28426 0.23363 0.00000 0.00251 0.00699 0.62722 0.28082 0.23077 0.46753 0.00626 0.99317 0.56876 0.39480 0.00000 0.27835 0.62791 1.00000 0.01884 0.02041
176.00000 50.00000 0.83321 0.99762 1.00000 0.06027 0.18597 0.31502 0.24712 0.14659 0.14617 0.13662 0.65043 0.29898 0.23077 0.46997 0.13547 0.99314 0.54221 0.38933 0.00000 0.30928 0.65116 1.00000 0.16347 0.16238
176.00000 51.00000 0.99988 0.99762 1.00000 0.00000 0.12603 0.28564 0.23221 0.00000 0.00251 0.00614 0.62732 0.27784 0.23077 0.47240 0.00501 0.99325 0.58244 0.39694 0.00000 0.28866 0.62791 1.00000 0.01446 0.02343
176.00000 52.00000 1.00000 0.99762 1.00000 0.00000 0.12695 0.29406 0.24071 0.00000 0.00314 0.00548 0.62728 0.27489 0.23077 0.48133 0.00496 0.99341 0.58309 0.40251 0.00000 0.26804 0.62791 1.00000 0.01413 0.01677
176.00000 53.00000 0.59520 0.73753 0.00000 0.23809 0.01368 0.02068 0.05848 0.29318 0.21079 0.09044 0.00141 0.02159 0.02564 0.04545 0.08911 0.00182 0.07370 0.93849 0.00000 0.04124 0.00000 0.00000 0.14060 0.14128
176.00000 54.00000 0.59532 0.73824 0.00000 0.23809 0.01092 0.04947 0.05025 0.29318 0.21016 0.09058 0.00143 0.02348 0.02564 0.03003 0.08915 0.00196 0.07005 0.91998 0.00000 0.04124 0.00000 0.00000 0.14060 0.13828
176.00000 55.00000 0.23801 0.29786 1.00000 0.59794 0.64054 0.68598 0.68512 0.61718 0.61606 0.59576 0.85272 0.65682 0.84615 0.74675 0.59607 0.99325 0.69070 0.14727 1.00000 0.67010 0.85412 1.00000 0.62462 0.62105
176.00000 56.00000 0.47621 0.83302 1.00000 0.62699 0.65825 0.64769 0.52300 0.50794 0.50063 0.45619 0.86337 0.60588 0.38462 0.65422 0.45647 0.99322 0.52572 0.36148 0.00000 0.63918 0.86469 1.00000 0.48705 0.48330
176.00000 57.00000 0.83332 0.99798 1.00000 0.06027 0.18368 0.32800 0.24357 0.14659 0.14617 0.13436 0.65043 0.30194 0.23077 0.46753 0.13283 0.99328 0.53882 0.38926 0.00000 0.30928 0.65116 1.00000 0.15910 0.16681
176.00000 58.00000 0.59528 0.73634 0.00000 0.23809 0.01056 0.04547 0.05906 0.29318 0.21016 0.09113 0.00131 0.01778 0.02564 0.05195 0.08774 0.00196 0.07192 0.92846 0.00000 0.05155 0.00000 0.00000 0.13925 0.13864
176.00000 59.00000 0.99998 0.99857 1.00000 0.00000 0.12695 0.29574 0.22596 0.00000 0.00251 0.00897 0.62734 0.28111 0.23077 0.47240 0.00648 0.99328 0.56470 0.40051 0.00000 0.26804 0.62791 1.00000 0.01682 0.01247
176.00000 60.00000 0.99977 0.99762 1.00000 0.00000 0.12833 0.28056 0.21965 0.00000 0.00314 0.00580 0.62741 0.27976 0.23077 0.47646 0.00621 0.99339 0.58826 0.39587 0.00000 0.27835 0.62791 1.00000 0.01749 0.02309
176.00000 61.00000 0.83331 0.99952 1.00000 0.06027 0.18460 0.32371 0.22371 0.14659 0.14617 0.13434 0.65038 0.30478 0.23077 0.46266 0.13412 0.99339 0.53793 0.39826 0.00000 0.29897 0.65116 1.00000 0.15876 0.16463
176.00000 62.00000 0.47606 0.83135 1.00000 0.62699 0.65816 0.61394 0.54094 0.50794 0.50063 0.45813 0.86342 0.60721 0.38462 0.65909 0.45699 0.99319 0.53625 0.35543 0.00000 0.62887 0.86469 1.00000 0.48503 0.48121
176.00000 63.00000 0.59530 0.73634 0.00000 0.23809 0.00863 0.04272 0.05803 0.29318 0.21079 0.09074 0.00160 0.02858 0.02564 0.03896 0.09028 0.00198 0.07457 0.93005 0.00000 0.05155 0.00000 0.00000 0.14094 0.14231
176.00000 64.00000 0.23801 0.29691 1.00000 0.59794 0.63365 0.68377 0.66867 0.61718 0.61606 0.59546 0.85270 0.65168 0.84615 0.75731 0.59455 0.99333 0.69043 0.16190 1.00000 0.68041 0.85412 1.00000 0.62059 0.62272
176.00000 65.00000 0.47613 0.83135 1.00000 0.62699 0.65522 0.65488 0.53979 0.50794 0.50063 0.45764 0.86344 0.61486 0.38462 0.65016 0.45625 0.99336 0.51947 0.35186 0.00000 0.63918 0.86469 1.00000 0.47864 0.48531
176.00000 66.00000 0.47615 0.83254 1.00000 0.62699 0.65678 0.62298 0.53200 0.50794 0.50125 0.45845 0.86344 0.60798 0.38462 0.67370 0.45752 0.99311 0.51978 0.35373 0.00000 0.63918 0.86469 1.00000 0.47931 0.48538
176.00000 67.00000 0.00004 0.00000 1.00000 1.00000 0.97494 0.92423 0.89309 1.00000 1.00000 0.95999 0.99876 0.88562 0.94872 0.92776 0.96180 0.99333 0.70553 0.08317 1.00000 0.92784 1.00000 1.00000 0.97275 0.97241
176.00000 68.00000 0.47614 0.83135 1.00000 0.62699 0.66247 0.63765 0.52617 0.50794 0.50063 0.45737 0.86352 0.60855 0.38462 0.66883 0.45586 0.99341 0.52776 0.35190 0.00000 0.65979 0.86469 1.00000 0.48133 0.48439
176.00000 69.00000 0.99983 0.99786 1.00000 0.00000 0.12511 0.29196 0.22277 0.00000 0.00251 0.00651 0.62726 0.27836 0.23077 0.48295 0.00557 0.99330 0.58136 0.40943 0.00000 0.28866 0.62791 1.00000 0.01413 0.01090
176.00000 70.00000 0.00003 0.00083 1.00000 1.00000 0.98026 0.94070 0.91224 1.00000 1.00000 0.96040 0.99880 0.88316 0.94872 0.90260 0.96305 0.99325 0.70717 0.07140 1.00000 0.93814 1.00000 1.00000 0.96435 0.96743
176.00000 71.00000 0.47620 0.83171 1.00000 0.62699 0.66009 0.65047 0.53659 0.50794 0.50063 0.45803 0.86348 0.61500 0.38462 0.66883 0.45740 0.99336 0.52418 0.34820 0.00000 0.64948 0.86469 1.00000 0.48200 0.48316
176.00000 72.00000 0.23817 0.29691 1.00000 0.59794 0.63053 0.69765 0.68073 0.61718 0.61606 0.59544 0.85272 0.65326 0.84615 0.75649 0.59656 0.99339 0.69579 0.15927 1.00000 0.67010 0.85412 1.00000 0.62193 0.63100
176.00000 73.00000 0.23812 0.29834 1.00000 0.59794 0.63071 0.66603 0.67856 0.61718 0.61606 0.59500 0.85268 0.65873 0.84615 0.75731 0.59666 0.99333 0.70132 0.15924 1.00000 0.67010 0.85412 1.00000 0.62159 0.62126
176.00000 74.00000 0.47606 0.83325 1.00000 0.62699 0.66459 0.65199 0.54063 0.50794 0.50125 0.45748 0.86354 0.61075 0.38462 0.66234 0.45706 0.99333 0.53615 0.36373 0.00000 0.64948 0.86469 1.00000 0.48100 0.48064
176.00000 75.00000 0.99996 0.99762 1.00000 0.00000 0.12888 0.30154 0.22935 0.00000 0.00251 0.00605 0.62707 0.27302 0.23077 0.47321 0.00562 0.99314 0.58384 0.39812 0.00000 0.29897 0.62791 1.00000 0.01312 0.01589
176.00000 76.00000 0.59522 0.73848 0.00000 0.23809 0.01377 0.05708 0.05274 0.29318 0.21079 0.09132 0.00133 0.02179 0.02564 0.04058 0.08881 0.00187 0.07233 0.94704 0.00000 0.04124 0.00000 0.00000 0.13354 0.13740
176.00000 77.00000 0.59523 0.73634 0.00000 0.23809 0.01267 0.04053 0.03259 0.29318 0.21079 0.09076 0.00127 0.01283 0.02564 0.05682 0.08908 0.00193 0.07255 0.93136 0.00000 0.06186 0.00000 0.00000 0.14127 0.14156
176.00000 78.00000 0.99997 0.99834 1.00000 0.00000 0.12741 0.30748 0.25118 0.00000 0.00251 0.00515 0.62719 0.27678 0.23077 0.47321 0.00533 0.99330 0.58131 0.41019 0.00000 0.28866 0.62791 1.00000 0.01816 0.01691
176.00000 79.00000 0.23806 0.29691 1.00000 0.59794 0.64228 0.70694 0.67273 0.61718 0.61606 0.59504 0.85274 0.65875 0.84615 0.74838 0.59499 0.99336 0.68392 0.16958 1.00000 0.70103 0.85412 1.00000 0.62731 0.62509
176.00000 80.00000 0.59530 0.73634 0.00000 0.23809 0.00119 0.05268 0.05639 0.29318 0.21016 0.09182 0.00133 0.01806 0.02564 0.04789 0.08884 0.00198 0.05947 0.92925 0.00000 0.03093 0.00000 0.00000 0.13892 0.14069
176.00000 81.00000 0.00005 0.00000 1.00000 1.00000 0.98192 0.92693 0.91096 1.00000 1.00000 0.96063 0.99878 0.88793 0.94872 0.91721 0.96231 0.99333 0.69875 0.08517 1.00000 0.92784 1.00000 1.00000 0.96435 0.97854
176.00000 82.00000 0.59518 0.73634 0.00000 0.23809 0.01267 0.04469 0.04256 0.29318 0.21016 0.09058 0.00146 0.02013 0.02564 0.05276 0.08896 0.00220 0.07853 0.93385 0.00000 0.05155 0.00000 0.00000 0.14094 0.14000
176.00000 83.00000 0.47609 0.83135 1.00000 0.62699 0.65642 0.65039 0.52821 0.50794 0.50125 0.45502 0.86342 0.61016 0.38462 0.66558 0.45635 0.99330 0.52488 0.35193 0.00000 0.62887 0.86469 1.00000 0.48570 0.48277
176.00000 84.00000 0.99980 0.99762 1.00000 0.00000 0.12447 0.29298 0.22935 0.00000 0.00251 0.00647 0.62717 0.27905 0.23077 0.48620 0.00555 0.99319 0.58915 0.40196 0.00000 0.26804 0.62791 1.00000 0.01884 0.01728
176.00000 85.00000 0.23804 0.29691 1.00000 0.59794 0.63686 0.68714 0.67064 0.61718 0.61606 0.59445 0.85282 0.65848 0.84615 0.75162 0.59402 0.99325 0.69288 0.16754 1.00000 0.69072 0.85412 1.00000 0.61520 0.61924
176.00000 86.00000 0.23816 0.29691 1.00000 0.59794 0.63227 0.67135 0.66346 0.61718 0.61606 0.59433 0.85276 0.65363 0.84615 0.75568 0.59634 0.99347 0.69301 0.16488 1.00000 0.68041 0.85412 1.00000 0.62698 0.61800
176.00000 87.00000 0.83323 0.99762 1.00000 0.06027 0.18350 0.32544 0.24393 0.14659 0.14617 0.13614 0.65060 0.30587 0.23077 0.45698 0.13334 0.99355 0.53089 0.39424 0.00000 0.30928 0.65116 1.00000 0.15506 0.15946
176.00000 88.00000 0.23814 0.29691 1.00000 0.59794 0.62640 0.68452 0.68301 0.61718 0.61606 0.59679 0.85282 0.65978 0.84615 0.74107 0.59507 0.99333 0.69570 0.15927 1.00000 0.70103 0.85412 1.00000 0.62059 0.62369
176.00000 89.00000 0.23806 0.29691 1.00000 0.59794 0.62814 0.68890 0.67309 0.61718 0.61606 0.59431 0.85274 0.65712 0.84615 0.75000 0.59524 0.99350 0.69070 0.16263 1.00000 0.68041 0.85412 1.00000 0.61621 0.61606
176.00000 90.00000 0.99992 0.99893 1.00000 0.00000 0.12906 0.28307 0.23423 0.00000 0.00314 0.00614 0.62722 0.27388 0.23077 0.49107 0.00640 0.99319 0.58088 0.41860 0.00000 0.29897 0.62791 1.00000 0.01715 0.01021
176.00000 91.00000 0.00005 0.00000 1.00000 1.00000 0.98430 0.92558 0.90477 1.00000 1.00000 0.96188 0.99888 0.88261 0.94872 0.92127 0.96148 0.99336 0.71296 0.08375 1.00000 0.92784 1.00000 1.00000 0.96905 0.97099
176.00000 92.00000 0.23821 0.29798 1.00000 0.59794 0.63062 0.70024 0.66177 0.61718 0.61606 0.59387 0.85280 0.65146 0.84615 0.74026 0.59517 0.99344 0.70166 0.15914 1.00000 0.68041 0.85412 1.00000 0.61621 0.62195
176.00000 93.00000 0.99980 0.99929 1.00000 0.00000 0.13182 0.29671 0.24823 0.00000 0.00251 0.00697 0.62732 0.28585 0.23077 0.47890 0.00540 0.99344 0.57857 0.40735 0.00000 0.28866 0.62791 1.00000 0.01278 0.02066
176.00000 94.00000 0.59526 0.73872 0.00000 0.23809 0.01157 0.06248 0.05351 0.29318 0.21079 0.08883 0.00135 0.02931 0.02564 0.04221 0.08908 0.00196 0.06981 0.94337 0.00000 0.03093 0.00000 0.00000 0.13892 0.14123
176.00000 95.00000 0.59513 0.73848 0.00000 0.23809 0.01404 0.05646 0.03026 0.29318 0.21016 0.09122 0.00143 0.01967 0.02564 0.05032 0.08889 0.00187 0.06189 0.94147 0.00000 0.05155 0.00000 0.00000 0.13858 0.13385
176.00000 96.00000 0.99988 0.99762 1.00000 0.00000 0.12530 0.27343 0.23648 0.00000 0.00251 0.00442 0.62715 0.27607 0.23077 0.47484 0.00591 0.99314 0.59035 0.40991 0.00000 0.31959 0.62791 1.00000 0.01917 0.01221
176.00000 97.00000 0.59514 0.73872 0.00000 0.23809 0.01368 0.04642 0.03509 0.29318 0.21079 0.08998 0.00127 0.02341 0.02564 0.04789 0.08754 0.00209 0.07464 0.94766 0.00000 0.03093 0.00000 0.00000 0.13522 0.14366
176.00000 98.00000 0.99981 0.99964 1.00000 0.00000 0.13044 0.30227 0.25044 0.00000 0.00251 0.00545 0.62724 0.27578 0.23077 0.48458 0.00611 0.99344 0.57773 0.39943 0.00000 0.29897 0.62791 1.00000 0.01648 0.01781
176.00000 99.00000 0.99985 0.99762 1.00000 0.00000 0.12383 0.32566 0.25159 0.00000 0.00251 0.00476 0.62730 0.28338 0.23077 0.47078 0.00621 0.99347 0.58338 0.40912 0.00000 0.28866 0.62791 1.00000 0.01514 0.01385
176.00000 100.00000 0.83320 0.99762 1.00000 0.06027 0.18221 0.35001 0.24054 0.14659 0.14617 0.13381 0.65064 0.29978 0.23077 0.48701 0.13454 0.99358 0.54245 0.40504 0.00000 0.32990 0.65116 1.00000 0.15809 0.15973
176.00000 101.00000 0.99991 0.99762 1.00000 0.00000 0.12943 0.30141 0.22459 0.00000 0.00251 0.00589 0.62722 0.28410 0.23077 0.47484 0.00687 0.99339 0.59269 0.41113 0.00000 0.27835 0.62791 1.00000 0.01514 0.02164
176.00000 102.00000 0.99977 0.99846 1.00000 0.00000 0.13062 0.28656 0.23516 0.00000 0.00251 0.00577 0.62719 0.28083 0.23077 0.48864 0.00381 0.99333 0.58487 0.41818 0.00000 0.30928 0.62791 1.00000 0.01816 0.01887
176.00000 103.00000 0.23814 0.29751 1.00000 0.59794 0.63705 0.69970 0.69156 0.61718 0.61606 0.59516 0.85293 0.65758 0.84615 0.75244 0.59485 0.99341 0.69221 0.15945 1.00000 0.69072 0.85412 1.00000 0.62227 0.61911
176.00000 104.00000 0.99979 0.99762 1.00000 0.00000 0.13209 0.29223 0.23665 0.00000 0.00251 0.00529 0.62717 0.27972 0.23077 0.49188 0.00599 0.99339 0.58475 0.42607 0.00000 0.29897 0.62791 1.00000 0.01413 0.01314
176.00000 105.00000 0.83322 0.99905 1.00000 0.06027 0.19194 0.34323 0.23459 0.14659 0.14617 0.13568 0.65060 0.30731 0.23077 0.46510 0.13393 0.99366 0.54354 0.39694 0.00000 0.31959 0.65116 1.00000 0.15977 0.15889
176.00000 106.00000 0.00005 0.00238 1.00000 1.00000 0.98568 0.92396 0.92249 1.00000 1.00000 0.96031 0.99882 0.88289 0.94872 0.92695 0.96026 0.99322 0.69933 0.09493 1.00000 0.91753 1.00000 1.00000 0.96569 0.97333
176.00000 107.00000 0.00006 0.00000 1.00000 1.00000 0.98045 0.94067 0.91224 1.00000 1.00000 0.95916 0.99892 0.89062 0.94872 0.93101 0.96148 0.99325 0.71840 0.08538 1.00000 0.92784 1.00000 1.00000 0.96199 0.96904
176.00000 108.00000 0.83325 0.99762 1.00000 0.06027 0.18625 0.31947 0.25431 0.14659 0.14617 0.13455 0.65055 0.30563 0.23077 0.48052 0.13520 0.99361 0.55123 0.39476 0.00000 0.32990 0.65116 1.00000 0.15809 0.16405
176.00000 109.00000 0.59508 0.73634 0.00000 0.23809 0.01285 0.05414 0.05455 0.29318 0.21016 0.09150 0.00148 0.02643 0.02564 0.04627 0.08818 0.00193 0.07906 0.92697 0.00000 0.05155 0.00000 0.00000 0.13589 0.14481
176.00000 110.00000 0.59512 0.73836 0.00000 0.23809 0.01560 0.04758 0.04871 0.29318 0.21079 0.09017 0.00137 0.02102 0.02564 0.03977 0.09028 0.00193 0.07211 0.94102 0.00000 0.05155 0.00000 0.00000 0.13320 0.13663
176.00000 111.00000 0.99999 0.99762 1.00000 0.00000 0.12970 0.28566 0.24744 0.00000 0.00314 0.00674 0.62717 0.28429 0.23077 0.49269 0.00555 0.99325 0.58622 0.41026 0.00000 0.26804 0.62791 1.00000 0.01211 0.01516
176.00000 112.00000 0.83332 0.99786 1.00000 0.06027 0.18350 0.32220 0.24729 0.14659 0.14617 0.13554 0.65057 0.30098 0.23077 0.47808 0.13420 0.99328 0.53471 0.39701 0.00000 0.35052 0.65116 1.00000 0.16347 0.15896
176.00000 113.00000 0.99995 0.99917 1.00000 0.00000 0.12814 0.29717 0.24162 0.00000 0.00314 0.00594 0.62722 0.27723 0.23077 0.47321 0.00479 0.99339 0.57826 0.40590 0.00000 0.29897 0.62791 1.00000 0.01547 0.01947
176.00000 114.00000 0.23816 0.29691 1.00000 0.59794 0.63686 0.69392 0.68068 0.61718 0.61606 0.59428 0.85291 0.66272 0.84615 0.76218 0.59394 0.99341 0.69673 0.16163 1.00000 0.69072 0.85412 1.00000 0.61689 0.62682
176.00000 115.00000 0.99988 0.99846 1.00000 0.00000 0.13301 0.31985 0.24167 0.00000 0.00314 0.00485 0.62734 0.28500 0.23077 0.49188 0.00543 0.99350 0.60541 0.39929 0.00000 0.30928 0.62791 1.00000 0.01547 0.01578
176.00000 116.00000 0.83334 0.99929 1.00000 0.06027 0.18469 0.31890 0.24804 0.14659 0.14617 0.13372 0.65055 0.31262 0.23077 0.46997 0.13371 0.99352 0.54089 0.38397 0.00000 0.32990 0.65116 1.00000 0.16213 0.15752
176.00000 117.00000 0.59519 0.73634 0.00000 0.23809 0.01588 0.02881 0.06639 0.29318 0.21079 0.08975 0.00150 0.02705 0.02564 0.05357 0.08906 0.00207 0.07974 0.94057 0.00000 0.06186 0.00000 0.00000 0.13656 0.14092
176.00000 118.00000 0.99990 0.99798 1.00000 0.00000 0.13136 0.29892 0.24167 0.00000 0.00251 0.00534 0.62736 0.27675 0.23077 0.49269 0.00457 0.99333 0.59478 0.40244 0.00000 0.29897 0.62791 1.00000 0.01446 0.01979
176.00000 119.00000 0.99988 0.99964 1.00000 0.00000 0.13264 0.30843 0.22085 0.00000 0.00251 0.00575 0.62726 0.28564 0.23077 0.49026 0.00582 0.99328 0.60307 0.41337 0.00000 0.27835 0.62791 1.00000 0.01413 0.01384
176.00000 120.00000 0.47614 0.83135 1.00000 0.62699 0.65899 0.64488 0.55535 0.50794 0.50063 0.45497 0.86354 0.61194 0.38462 0.67614 0.45657 0.99363 0.52704 0.35335 0.00000 0.65979 0.86469 1.00000 0.48133 0.47807
176.00000 121.00000 0.99988 0.99857 1.00000 0.00000 0.12796 0.27959 0.22995 0.00000 0.00314 0.00637 0.62732 0.27741 0.23077 0.50731 0.00557 0.99344 0.58925 0.41991 0.00000 0.28866 0.62791 1.00000 0.01783 0.01880
176.00000 122.00000 0.23815 0.29691 1.00000 0.59794 0.63558 0.67081 0.67938 0.61718 0.61606 0.59359 0.85295 0.66014 0.84615 0.75893 0.59519 0.99361 0.69392 0.16996 1.00000 0.69072 0.85412 1.00000 0.62025 0.61746
176.00000 123.00000 0.99989 0.99905 1.00000 0.00000 0.12961 0.30368 0.23363 0.00000 0.00314 0.00538 0.62724 0.28499 0.23077 0.47403 0.00560 0.99339 0.58292 0.41286 0.00000 0.29897 0.62791 1.00000 0.01682 0.01420
176.00000 124.00000 0.00002 0.00071 1.00000 1.00000 0.98182 0.92963 0.89629 1.00000 1.00000 0.96199 0.99876 0.89352 0.94872 0.91964 0.96244 0.99339 0.72109 0.08562 1.00000 0.93814 1.00000 1.00000 0.96872 0.97466
176.00000 125.00000 0.47623 0.83135 1.00000 0.62699 0.66174 0.67259 0.55701 0.50794 0.50125 0.45665 0.86358 0.61286 0.38462 0.68019 0.45640 0.99358 0.53445 0.36570 0.00000 0.65979 0.86469 1.00000 0.47797 0.48146
176.00000 126.00000 0.99992 0.99798 1.00000 0.00000 0.13439 0.30081 0.24700 0.00000 0.00251 0.00403 0.62728 0.28966 0.23077 0.49026 0.00518 0.99336 0.58970 0.41791 0.00000 0.28866 0.62791 1.00000 0.01446 0.01592
176.00000 127.00000 0.59511 0.73800 0.00000 0.23809 0.00854 0.06705 0.06828 0.29318 0.21079 0.09005 0.00162 0.01921 0.02564 0.06575 0.08867 0.00223 0.09808 0.94309 0.00000 0.06186 0.00000 0.00000 0.13488 0.14092
176.00000 128.00000 0.99989 0.99762 1.00000 0.00000 0.12888 0.31507 0.25659 0.00000 0.00314 0.00736 0.62722 0.28484 0.23077 0.50244 0.00606 0.99341 0.59418 0.42483 0.00000 0.30928 0.62791 1.00000 0.00942 0.01525
176.00000 129.00000 0.83322 0.99976 1.00000 0.06027 0.18974 0.33206 0.25354 0.14659 0.14617 0.13471 0.65055 0.30739 0.23077 0.49675 0.13412 0.99361 0.54426 0.39372 0.00000 0.34021 0.65116 1.00000 0.15405 0.15912
176.00000 130.00000 0.47606 0.83337 1.00000 0.62699 0.66394 0.64494 0.53640 0.50794 0.50125 0.45564 0.86363 0.62588 0.38462 0.67857 0.45625 0.99372 0.52579 0.34948 0.00000 0.65979 0.86469 1.00000 0.47730 0.48274
176.00000 131.00000 0.83318 0.99822 1.00000 0.06027 0.18652 0.32968 0.25399 0.14659 0.14617 0.13480 0.65076 0.30596 0.23077 0.48864 0.13434 0.99377 0.54644 0.40784 0.00000 0.34021 0.65116 1.00000 0.15506 0.15834
176.00000 132.00000 0.00007 0.00000 1.00000 1.00000 0.98182 0.93903 0.92377 1.00000 1.00000 0.96096 0.99882 0.88738 0.94872 0.93344 0.96117 0.99344 0.71861 0.08116 1.00000 0.91753 1.00000 1.00000 0.96401 0.96588
176.00000 133.00000 0.83331 0.99857 1.00000 0.06027 0.18809 0.35722 0.25673 0.14659 0.14617 0.13466 0.65068 0.31275 0.23077 0.47971 0.13429 0.99366 0.53704 0.39850 0.00000 0.32990 0.65116 1.00000 0.15372 0.16154
176.00000 134.00000 0.47612 0.83207 1.00000 0.62699 0.66046 0.66017 0.54320 0.50794 0.50125 0.45638 0.86369 0.62089 0.38462 0.67370 0.45655 0.99361 0.53839 0.37148 0.00000 0.65979 0.86469 1.00000 0.48335 0.48501
176.00000 135.00000 0.83327 0.99976 1.00000 0.06027 0.18478 0.33713 0.26202 0.14659 0.14617 0.13533 0.65062 0.30680 0.23077 0.48864 0.13481 0.99363 0.54346 0.40531 0.00000 0.34021 0.65116 1.00000 0.15002 0.15750
176.00000 136.00000 0.00003 0.00012 1.00000 1.00000 0.98669 0.95793 0.92506 1.00000 1.00000 0.96006 0.99880 0.89373 0.94872 0.93101 0.96056 0.99344 0.70839 0.10268 1.00000 0.93814 1.00000 1.00000 0.95829 0.96716
176.00000 137.00000 0.99983 0.99952 1.00000 0.00000 0.13292 0.30910 0.25392 0.00000 0.00314 0.00582 0.62726 0.29004 0.23077 0.50649 0.00501 0.99352 0.59533 0.40227 0.00000 0.30928 0.62791 1.00000 0.00673 0.01305
176.00000 138.00000 0.23805 0.29691 1.00000 0.59794 0.63797 0.70394 0.68109 0.61718 0.61669 0.59389 0.85301 0.66272 0.84615 0.77273 0.59429 0.99361 0.70253 0.18200 1.00000 0.71134 0.85412 1.00000 0.62159 0.62112
176.00000 139.00000 0.99997 0.99762 1.00000 0.00000 0.13264 0.30651 0.25356 0.00000 0.00251 0.00550 0.62730 0.29136 0.23077 0.51380 0.00494 0.99352 0.58749 0.40559 0.00000 0.29897 0.62791 1.00000 0.00841 0.01835
176.00000 140.00000 0.00003 0.00143 1.00000 1.00000 0.99458 0.93444 0.93933 1.00000 1.00000 0.95948 0.99888 0.90083 0.94872 0.92127 0.95997 0.99347 0.71496 0.09247 1.00000 0.94845 1.00000 1.00000 0.96065 0.96605
176.00000 141.00000 0.47620 0.83325 1.00000 0.62699 0.66459 0.65250 0.55276 0.50794 0.50125 0.45589 0.86363 0.61556 0.35897 0.69237 0.45562 0.99355 0.52952 0.36415 0.00000 0.65979 0.86469 1.00000 0.48100 0.48546
176.00000 142.00000 0.83317 0.99762 1.00000 0.06027 0.18496 0.34588 0.25419 0.14659 0.14617 0.13432 0.65076 0.30591 0.23077 0.49026 0.13302 0.99377 0.54671 0.41223 0.00000 0.34021 0.65116 1.00000 0.15742 0.15599
176.00000 143.00000 0.83315 0.99762 1.00000 0.06027 0.18799 0.33130 0.27261 0.14659 0.14617 0.13381 0.65062 0.30663 0.23077 0.48945 0.13378 0.99363 0.56383 0.41351 0.00000 0.35052 0.65116 1.00000 0.15843 0.15569
176.00000 144.00000 0.59526 0.73872 0.00000 0.23809 0.00955 0.07701 0.08385 0.29318 0.21079 0.09215 0.00148 0.03439 0.02564 0.07062 0.08776 0.00218 0.08221 0.94672 0.00000 0.05155 0.00000 0.00000 0.13925 0.13913
176.00000 145.00000 0.00003 0.00178 1.00000 1.00000 0.99293 0.92828 0.93537 1.00000 1.00000 0.95930 0.99888 0.89408 0.94872 0.93263 0.96029 0.99350 0.72184 0.10295 1.00000 0.95876 1.00000 1.00000 0.96334 0.96569
176.00000 146.00000 0.99989 0.99762 1.00000 0.00000 0.13007 0.31788 0.26675 0.00000 0.00314 0.00564 0.62738 0.28545 0.23077 0.50325 0.00545 0.99344 0.60016 0.42054 0.00000 0.30928 0.62791 1.00000 0.01413 0.01565
176.00000 147.00000 0.59528 0.73646 0.00000 0.23809 0.01230 0.06988 0.07330 0.29318 0.21079 0.09047 0.00173 0.02861 0.02564 0.08929 0.08781 0.00226 0.10631 0.96385 0.00000 0.07216 0.00000 0.00000 0.13824 0.13027
176.00000 148.00000 0.83318 0.99941 1.00000 0.06027 0.19084 0.35336 0.25337 0.14659 0.14617 0.13234 0.65060 0.30886 0.23077 0.48701 0.13368 0.99369 0.55779 0.39992 0.00000 0.35052 0.65116 1.00000 0.15573 0.15339
176.00000 149.00000 0.99977 0.99988 1.00000 0.00000 0.13457 0.31615 0.24294 0.00000 0.00251 0.00541 0.62745 0.28439 0.23077 0.49675 0.00547 0.99344 0.59475 0.43057 0.00000 0.29897 0.62791 1.00000 0.01278 0.01961
176.00000 150.00000 0.59509 0.73765 0.00000 0.23809 0.01717 0.05833 0.07599 0.29318 0.21079 0.09088 0.00169 0.02259 0.02564 0.08685 0.08705 0.00223 0.09462 0.96959 0.00000 0.06186 0.00000 0.00000 0.13589 0.14027
176.00000 151.00000 0.59523 0.73836 0.00000 0.23809 0.00890 0.06775 0.06360 0.29318 0.21079 0.09120 0.00169 0.03594 0.02564 0.08442 0.08928 0.00242 0.07613 0.94603 0.00000 0.05155 0.00000 0.00000 0.13791 0.13874
176.00000 152.00000 0.00000 0.00083 1.00000 1.00000 0.98504 0.94386 0.94224 1.00000 1.00000 0.95861 0.99894 0.89243 0.94872 0.96834 0.95889 0.99372 0.73071 0.10250 1.00000 0.94845 1.00000 1.00000 0.95661 0.95906
176.00000 153.00000 0.99984 0.99941 1.00000 0.00000 0.13769 0.30154 0.27186 0.00000 0.00314 0.00559 0.62726 0.28342 0.23077 0.50568 0.00420 0.99350 0.59283 0.41891 0.00000 0.30928 0.62791 1.00000 0.01884 0.01090
176.00000 154.00000 0.99992 0.99798 1.00000 0.00000 0.13328 0.32760 0.26067 0.00000 0.00314 0.00589 0.62745 0.29116 0.23077 0.51136 0.00420 0.99358 0.60180 0.42393 0.00000 0.29897 0.62791 1.00000 0.01345 0.00783
176.00000 155.00000 0.47619 0.83135 1.00000 0.62699 0.66459 0.68633 0.55773 0.50794 0.50125 0.45479 0.86384 0.62323 0.38462 0.70455 0.45496 0.99391 0.55527 0.36757 1.00000 0.67010 0.86469 1.00000 0.47629 0.47871
176.00000 156.00000 0.00002 0.00036 1.00000 1.00000 0.99027 0.94197 0.95362 1.00000 1.00000 0.95684 0.99886 0.89296 0.94872 0.95617 0.96009 0.99361 0.72674 0.10344 1.00000 0.94845 1.00000 1.00000 0.96300 0.96006
176.00000 157.00000 0.83316 0.99762 1.00000 0.06027 0.19286 0.34026 0.27491 0.14659 0.14617 0.13413 0.65089 0.31992 0.23077 0.49432 0.13244 0.99391 0.55659 0.41590 0.00000 0.34021 0.65116 1.00000 0.16381 0.15204
176.00000 158.00000 0.83337 0.99834 1.00000 0.06027 0.19130 0.34523 0.26307 0.14659 0.14617 0.13303 0.65083 0.31536 0.23077 0.48864 0.13302 0.99394 0.56727 0.41611 0.00000 0.34021 0.65116 1.00000 0.15742 0.15315
176.00000 159.00000 0.23817 0.29691 1.00000 0.59794 0.63879 0.69470 0.70849 0.61718 0.61669 0.59295 0.85325 0.66861 0.84615 0.78328 0.59338 0.99388 0.70565 0.17796 1.00000 0.70103 0.85412 1.00000 0.61453 0.61875
176.00000 160.00000 0.83319 0.99762 1.00000 0.06027 0.19681 0.35539 0.26586 0.14659 0.14617 0.13241 0.65089 0.31339 0.23077 0.50406 0.13329 0.99399 0.55140 0.43143 0.00000 0.36082 0.65116 1.00000 0.15910 0.15201
176.00000 161.00000 0.83313 0.99762 1.00000 0.06027 0.18882 0.34137 0.27700 0.14659 0.14617 0.13340 0.65078 0.31097 0.23077 0.50244 0.13349 0.99408 0.55609 0.43112 0.00000 0.35052 0.65116 1.00000 0.15641 0.14908
176.00000 162.00000 0.23806 0.29905 1.00000 0.59794 0.63824 0.70802 0.72069 0.61718 0.61669 0.59175 0.85322 0.67766 0.84615 0.80114 0.59245 0.99408 0.70277 0.17969 1.00000 0.72165 0.85412 1.00000 0.61621 0.61199
176.00000 163.00000 0.47607 0.83159 1.00000 0.62699 0.67358 0.68196 0.58285 0.50794 0.50125 0.45463 0.86392 0.62626 0.38462 0.69643 0.45508 0.99383 0.55229 0.37874 0.00000 0.65979 0.86469 1.00000 0.48167 0.47697
176.00000 164.00000 0.99998 0.99762 1.00000 0.00000 0.13503 0.32352 0.28255 0.00000 0.00314 0.00469 0.62753 0.29626 0.23077 0.52760 0.00474 0.99369 0.61163 0.42420 0.00000 0.32990 0.62791 1.00000 0.00605 0.01791
176.00000 165.00000 0.00004 0.00000 1.00000 1.00000 0.99165 0.95261 0.94781 1.00000 1.00000 0.95642 0.99892 0.89871 0.94872 0.96104 0.95738 0.99372 0.72472 0.10569 1.00000 0.95876 1.00000 1.00000 0.95022 0.95940
176.00000 166.00000 0.83319 0.99952 1.00000 0.06027 0.18974 0.35560 0.28928 0.14659 0.14617 0.13446 0.65093 0.31598 0.23077 0.51380 0.13182 0.99410 0.56491 0.42289 0.00000 0.34021 0.65116 1.00000 0.16246 0.15049
176.00000 167.00000 0.23808 0.29834 1.00000 0.59794 0.64577 0.72260 0.71337 0.61718 0.61669 0.59164 0.85335 0.67340 0.84615 0.78977 0.59201 0.99388 0.72119 0.18526 1.00000 0.71134 0.85412 1.00000 0.61049 0.61524
176.00000 168.00000 0.99991 0.99988 1.00000 0.00000 0.13540 0.33276 0.26879 0.00000 0.00314 0.00439 0.62749 0.30030 0.23077 0.54464 0.00547 0.99369 0.61248 0.42552 0.00000 0.30928 0.62791 1.00000 0.01682 0.01266
176.00000 169.00000 0.00002 0.00000 1.00000 1.00000 0.99055 0.95561 0.98432 1.00000 1.00000 0.95783 0.99905 0.90322 0.94872 0.97078 0.95938 0.99380 0.76081 0.10378 1.00000 0.96907 1.00000 1.00000 0.95627 0.95696
176.00000 170.00000 0.99985 0.99905 1.00000 0.00000 0.13668 0.32344 0.27335 0.00000 0.00314 0.00442 0.62749 0.29799 0.23077 0.52597 0.00477 0.99394 0.61178 0.44275 0.00000 0.32990 0.62791 1.00000 0.01446 0.01195
176.00000 171.00000 0.00007 0.00036 1.00000 1.00000 0.99128 0.96374 0.95379 1.00000 1.00000 0.95571 0.99905 0.90902 0.94872 0.97484 0.95772 0.99380 0.73802 0.11676 1.00000 0.94845 1.00000 1.00000 0.95392 0.95607
176.00000 172.00000 0.99990 0.99762 1.00000 0.00000 0.12998 0.33119 0.28409 0.00000 0.00314 0.00421 0.62755 0.29369 0.23077 0.53409 0.00506 0.99383 0.61786 0.42510 0.00000 0.31959 0.62791 1.00000 0.01514 0.01492
176.00000 173.00000 0.00006 0.00238 1.00000 1.00000 0.99220 0.96155 0.96025 1.00000 1.00000 0.95601 0.99911 0.90482 0.94872 0.95536 0.95784 0.99369 0.73208 0.12184 1.00000 0.94845 1.00000 1.00000 0.95560 0.96106
176.00000 174.00000 0.23810 0.29691 1.00000 0.59794 0.64219 0.72622 0.73090 0.61718 0.61669 0.59169 0.85337 0.67411 0.84615 0.81818 0.59118 0.99408 0.71469 0.19830 1.00000 0.72165 0.85412 1.00000 0.60679 0.61526
176.00000 175.00000 0.99991 0.99905 1.00000 0.00000 0.13604 0.33565 0.30035 0.00000 0.00314 0.00571 0.62755 0.30016 0.23077 0.54464 0.00354 0.99372 0.60569 0.43960 0.00000 0.31959 0.62791 1.00000 0.01076 0.01230
176.00000 176.00000 0.47613 0.83135 1.00000 0.62699 0.66725 0.66881 0.57937 0.50794 0.50125 0.45433 0.86409 0.63288 0.35897 0.71510 0.45425 0.99438 0.56902 0.40172 1.00000 0.70103 0.86469 1.00000 0.47797 0.47489
176.00000 177.00000 0.99997 0.99762 1.00000 0.00000 0.13934 0.31440 0.29547 0.00000 0.00314 0.00421 0.62760 0.30280 0.23077 0.54058 0.00423 0.99391 0.62233 0.43756 0.00000 0.31959 0.62791 1.00000 0.01413 0.01342
176.00000 178.00000 0.99979 0.99762 1.00000 0.00000 0.13613 0.34572 0.28851 0.00000 0.00314 0.00421 0.62768 0.29805 0.23077 0.52516 0.00408 0.99394 0.61577 0.43994 0.00000 0.32990 0.62791 1.00000 0.00942 0.01753
176.00000 179.00000 0.99982 0.99893 1.00000 0.00000 0.13604 0.32935 0.29257 0.00000 0.00314 0.00439 0.62766 0.30940 0.23077 0.54464 0.00464 0.99402 0.61748 0.43562 0.00000 0.32990 0.62791 1.00000 0.01043 0.00554
176.00000 180.00000 0.99984 0.99941 1.00000 0.00000 0.14210 0.34488 0.29326 0.00000 0.00314 0.00426 0.62776 0.30081 0.23077 0.53977 0.00528 0.99399 0.62623 0.45423 0.00000 0.32990 0.62791 1.00000 0.00875 0.01155
