100.00000 1.00000 0.00006 0.00166 1.00000 1.00000 0.98468 0.94731 0.89412 1.00000 1.00000 0.99687 0.99918 0.87855 1.00000 0.89739 0.99685 0.99319 0.70910 0.02252 1.00000 0.91667 1.00000 1.00000 0.98971 0.98586
100.00000 2.00000 0.23810 0.29905 1.00000 0.59794 0.63657 0.68536 0.66866 0.61718 0.61509 0.61591 0.85317 0.65951 0.89189 0.74104 0.61603 0.99336 0.68203 0.10911 1.00000 0.68750 0.85412 1.00000 0.62997 0.64095
100.00000 3.00000 0.00000 0.00000 1.00000 1.00000 0.97605 0.94463 0.89491 1.00000 1.00000 0.99690 0.99918 0.88050 1.00000 0.89495 0.99724 0.99325 0.72597 0.03200 1.00000 0.91667 1.00000 1.00000 0.98663 0.98744
100.00000 4.00000 0.00004 0.00202 1.00000 1.00000 0.97789 0.93190 0.91946 1.00000 1.00000 0.99711 0.99928 0.88739 1.00000 0.90391 0.99741 0.99317 0.71129 0.02925 1.00000 0.92708 1.00000 1.00000 0.98834 0.98795
100.00000 5.00000 0.00005 0.00000 1.00000 1.00000 0.97871 0.92935 0.91547 1.00000 1.00000 0.99737 0.99928 0.87638 1.00000 0.89332 0.99822 0.99336 0.70605 0.03233 1.00000 0.93750 1.00000 1.00000 0.98834 0.99011
100.00000 6.00000 0.99999 0.99762 1.00000 0.00000 0.12313 0.27655 0.23711 0.00000 0.00000 0.00511 0.62778 0.27694 0.24324 0.46010 0.00368 0.99361 0.57700 0.35647 0.00000 0.29167 0.62791 1.00000 0.01372 0.01676
100.00000 7.00000 0.47629 0.83135 1.00000 0.62699 0.65428 0.63199 0.53310 0.50794 0.50000 0.47306 0.86405 0.60624 0.40541 0.64658 0.47239 0.99350 0.53770 0.31920 0.00000 0.64583 0.86469 1.00000 0.49246 0.49194
100.00000 8.00000 0.23811 0.29691 1.00000 0.59794 0.63208 0.71266 0.66690 0.61718 0.61509 0.61470 0.85309 0.64534 0.89189 0.74023 0.61497 0.99333 0.68777 0.11321 1.00000 0.67708 0.85412 1.00000 0.63683 0.63579
100.00000 9.00000 0.99982 0.99762 1.00000 0.00000 0.12909 0.29842 0.23564 0.00000 0.00000 0.00489 0.62776 0.28168 0.24324 0.45684 0.00332 0.99369 0.59459 0.36112 0.00000 0.28125 0.62791 1.00000 0.02126 0.01871
100.00000 10.00000 0.23820 0.29715 1.00000 0.59794 0.63263 0.68986 0.68423 0.61718 0.61509 0.61684 0.85311 0.65727 0.89189 0.72801 0.61611 0.99319 0.69939 0.10508 1.00000 0.66667 0.85412 1.00000 0.62757 0.63831
100.00000 11.00000 0.23806 0.29691 1.00000 0.59794 0.63382 0.67929 0.67159 0.61718 0.61509 0.61575 0.85305 0.65282 0.89189 0.72394 0.61623 0.99328 0.70467 0.10750 1.00000 0.67708 0.85412 1.00000 0.63134 0.63127
100.00000 12.00000 0.99983 0.99822 1.00000 0.00000 0.12588 0.29078 0.24294 0.00000 0.00000 0.00382 0.62785 0.28029 0.24324 0.45521 0.00264 0.99377 0.58921 0.36453 0.00000 0.27083 0.62791 1.00000 0.01818 0.01320
100.00000 13.00000 0.00003 0.00000 1.00000 1.00000 0.97899 0.92288 0.91775 1.00000 1.00000 0.99723 0.99907 0.87548 1.00000 0.89739 0.99703 0.99308 0.71793 0.02362 1.00000 0.92708 1.00000 1.00000 0.98491 0.98874
100.00000 14.00000 0.99993 0.99893 1.00000 0.00000 0.12763 0.29411 0.24472 0.00000 0.00000 0.00609 0.62789 0.27998 0.24324 0.47638 0.00441 0.99383 0.59947 0.36405 0.00000 0.27083 0.62791 1.00000 0.02160 0.02470
100.00000 15.00000 0.47626 0.83278 1.00000 0.62699 0.65786 0.65965 0.52867 0.50794 0.49937 0.47244 0.86390 0.60888 0.40541 0.64332 0.47267 0.99339 0.51928 0.30620 0.00000 0.62500 0.86469 1.00000 0.49211 0.49378
100.00000 16.00000 0.59525 0.73860 0.00000 0.23809 0.01092 0.03256 0.05112 0.29318 0.20881 0.09238 0.00152 0.02714 0.02703 0.02199 0.09078 0.00218 0.07607 0.94069 0.00000 0.02083 0.00000 0.00000 0.14266 0.15104
100.00000 17.00000 0.59523 0.73634 0.00000 0.23809 0.00541 0.04418 0.05401 0.29318 0.20881 0.09226 0.00158 0.02929 0.02703 0.04235 0.09083 0.00229 0.07069 0.93080 0.00000 0.03125 0.00000 0.00000 0.14129 0.14797
100.00000 18.00000 0.00005 0.00000 1.00000 1.00000 0.97394 0.94030 0.90440 1.00000 1.00000 0.99391 0.99926 0.87725 1.00000 0.92020 0.99696 0.99328 0.69608 0.03445 1.00000 0.93750 1.00000 1.00000 0.98834 0.98878
100.00000 19.00000 0.83332 0.99929 1.00000 0.06027 0.17827 0.32458 0.24450 0.14659 0.14403 0.13722 0.65113 0.30032 0.24324 0.44055 0.13669 0.99391 0.54710 0.34622 0.00000 0.30208 0.65116 1.00000 0.16461 0.17077
100.00000 20.00000 0.99985 0.99762 1.00000 0.00000 0.12891 0.29107 0.24943 0.00000 0.00063 0.00542 0.62782 0.28316 0.24324 0.46254 0.00416 0.99369 0.59271 0.36365 0.00000 0.28125 0.62791 1.00000 0.01543 0.01121
100.00000 21.00000 0.59527 0.73860 0.00000 0.23809 0.00881 0.04649 0.06629 0.29318 0.20881 0.09188 0.00141 0.02814 0.02703 0.03909 0.08867 0.00229 0.08019 0.93538 0.00000 0.04167 0.00000 0.00000 0.14129 0.14375
100.00000 22.00000 0.83319 0.99810 1.00000 0.06027 0.17947 0.33572 0.26631 0.14659 0.14403 0.13749 0.65109 0.30692 0.24324 0.46010 0.13730 0.99377 0.53342 0.35530 0.00000 0.31250 0.65116 1.00000 0.15947 0.16797
100.00000 23.00000 0.00005 0.00000 1.00000 1.00000 0.98037 0.92380 0.91036 1.00000 1.00000 0.99747 0.99928 0.88152 1.00000 0.90309 0.99602 0.99325 0.71957 0.02263 1.00000 0.93750 1.00000 1.00000 0.98354 0.98759
100.00000 24.00000 0.83329 0.99762 1.00000 0.06027 0.18057 0.32022 0.24036 0.14659 0.14403 0.13808 0.65107 0.30020 0.24324 0.44055 0.13765 0.99374 0.53987 0.34025 0.00000 0.32292 0.65116 1.00000 0.16358 0.16400
100.00000 25.00000 1.00000 0.99762 1.00000 0.00000 0.12900 0.28731 0.24034 0.00000 0.00000 0.00587 0.62776 0.28113 0.24324 0.44951 0.00317 0.99366 0.59071 0.36658 0.00000 0.28125 0.62791 1.00000 0.01543 0.01854
100.00000 26.00000 0.59530 0.73634 0.00000 0.23809 0.00624 0.04378 0.06523 0.29318 0.20881 0.09145 0.00154 0.02449 0.02703 0.03420 0.08974 0.00207 0.06381 0.93750 0.00000 0.02083 0.00000 0.00000 0.14438 0.14494
100.00000 27.00000 0.47619 0.83135 1.00000 0.62699 0.65731 0.64803 0.53574 0.50794 0.49937 0.47334 0.86400 0.60575 0.40541 0.64984 0.47191 0.99358 0.52187 0.31876 0.00000 0.63542 0.86469 1.00000 0.49554 0.49396
100.00000 28.00000 0.59510 0.73634 0.00000 0.23809 0.00835 0.04234 0.04773 0.29318 0.20818 0.09307 0.00141 0.03545 0.02703 0.03094 0.09063 0.00220 0.07871 0.93131 0.00000 0.04167 0.00000 0.00000 0.13992 0.14711
100.00000 29.00000 0.99989 0.99976 1.00000 0.00000 0.13084 0.28614 0.23485 0.00000 0.00063 0.00511 0.62793 0.28418 0.24324 0.47394 0.00403 0.99383 0.59416 0.37269 0.00000 0.28125 0.62791 1.00000 0.01612 0.02767
100.00000 30.00000 0.83313 0.99774 1.00000 0.06027 0.18158 0.30895 0.24722 0.14659 0.14403 0.13839 0.65115 0.30002 0.24324 0.45114 0.13750 0.99377 0.52475 0.35215 0.00000 0.32292 0.65116 1.00000 0.15398 0.17012
100.00000 31.00000 0.99987 0.99762 1.00000 0.00000 0.12377 0.29438 0.23913 0.00000 0.00063 0.00473 0.62778 0.28288 0.24324 0.46580 0.00373 0.99374 0.59242 0.36530 0.00000 0.28125 0.62791 1.00000 0.01749 0.02824
100.00000 32.00000 0.99985 0.99762 1.00000 0.00000 0.12166 0.28479 0.23538 0.00000 0.00063 0.00439 0.62776 0.27886 0.24324 0.45847 0.00312 0.99380 0.59173 0.36900 0.00000 0.29167 0.62791 1.00000 0.01269 0.02437
100.00000 33.00000 0.83329 0.99834 1.00000 0.06027 0.18259 0.32331 0.23829 0.14659 0.14403 0.13866 0.65118 0.31200 0.24324 0.45358 0.13672 0.99385 0.54596 0.36383 0.00000 0.32292 0.65116 1.00000 0.15981 0.16438
100.00000 34.00000 0.00001 0.00000 1.00000 1.00000 0.98211 0.92578 0.91980 1.00000 1.00000 0.99611 0.99913 0.88053 1.00000 0.88681 0.99536 0.99314 0.72124 0.02362 1.00000 0.92708 1.00000 1.00000 0.98560 0.99015
100.00000 35.00000 0.83336 0.99798 1.00000 0.06027 0.18066 0.32472 0.24580 0.14659 0.14403 0.13687 0.65109 0.30509 0.24324 0.45114 0.13768 0.99385 0.55048 0.34490 0.00000 0.30208 0.65116 1.00000 0.15775 0.17078
100.00000 36.00000 0.23810 0.29893 1.00000 0.59794 0.63529 0.69863 0.67665 0.61718 0.61509 0.61534 0.85326 0.65678 0.89189 0.71987 0.61527 0.99336 0.70388 0.11522 1.00000 0.68750 0.85412 1.00000 0.63169 0.63673
100.00000 37.00000 0.83327 0.99762 1.00000 0.06027 0.17956 0.33555 0.23997 0.14659 0.14403 0.13823 0.65120 0.29885 0.24324 0.45277 0.13783 0.99377 0.55346 0.36599 0.00000 0.32292 0.65116 1.00000 0.16632 0.16436
100.00000 38.00000 0.59525 0.73836 0.00000 0.23809 0.01028 0.04838 0.03728 0.29318 0.20881 0.09410 0.00160 0.03079 0.02703 0.03420 0.08903 0.00223 0.08307 0.93981 0.00000 0.04167 0.00000 0.00000 0.13957 0.14851
100.00000 39.00000 0.59527 0.73634 0.00000 0.23809 0.01156 0.03289 0.05368 0.29318 0.20881 0.09293 0.00167 0.02927 0.02703 0.03176 0.09098 0.00229 0.07740 0.94376 0.00000 0.03125 0.00000 0.00000 0.13580 0.14185
100.00000 40.00000 0.59527 0.73860 0.00000 0.23809 0.01110 0.04681 0.05132 0.29318 0.20881 0.09398 0.00165 0.03038 0.02703 0.03664 0.09215 0.00231 0.07778 0.92476 0.00000 0.02083 0.00000 0.00000 0.14266 0.14728
100.00000 41.00000 0.59517 0.73634 0.00000 0.23809 0.01275 0.05664 0.04735 0.29318 0.20881 0.09491 0.00150 0.02313 0.02703 0.03990 0.09146 0.00243 0.07119 0.92710 0.00000 0.02083 0.00000 0.00000 0.14369 0.14864
100.00000 42.00000 0.59521 0.73682 0.00000 0.23809 0.00826 0.03660 0.05327 0.29318 0.20818 0.09231 0.00158 0.03167 0.02703 0.02769 0.08908 0.00215 0.07745 0.92578 0.00000 0.05208 0.00000 0.00000 0.14163 0.14552
100.00000 43.00000 0.23818 0.29929 1.00000 0.59794 0.63584 0.68991 0.66991 0.61718 0.61509 0.61491 0.85315 0.65817 0.89189 0.74104 0.61545 0.99344 0.69486 0.11508 1.00000 0.69792 0.85412 1.00000 0.63443 0.63348
100.00000 44.00000 0.83336 0.99976 1.00000 0.06027 0.18084 0.32607 0.24739 0.14659 0.14403 0.13751 0.65105 0.29804 0.24324 0.44788 0.13677 0.99374 0.54030 0.34835 0.00000 0.32292 0.65116 1.00000 0.16152 0.16506
100.00000 45.00000 0.47605 0.83135 1.00000 0.62699 0.65584 0.65889 0.51526 0.50794 0.49937 0.47427 0.86403 0.60360 0.40541 0.64088 0.47224 0.99355 0.52573 0.32206 0.00000 0.62500 0.86469 1.00000 0.49280 0.49879
100.00000 46.00000 0.99990 0.99869 1.00000 0.00000 0.12974 0.30180 0.25199 0.00000 0.00000 0.00480 0.62785 0.27896 0.24324 0.46173 0.00426 0.99374 0.59606 0.36467 0.00000 0.27083 0.62791 1.00000 0.01680 0.01981
100.00000 47.00000 0.99988 0.99762 1.00000 0.00000 0.13258 0.29722 0.24720 0.00000 0.00063 0.00652 0.62774 0.27454 0.24324 0.46743 0.00469 0.99374 0.58276 0.36691 0.00000 0.28125 0.62791 1.00000 0.01406 0.02184
100.00000 48.00000 0.23802 0.29774 1.00000 0.59794 0.63226 0.69126 0.68011 0.61718 0.61509 0.61474 0.85322 0.65094 0.89189 0.72720 0.61535 0.99339 0.70074 0.10556 1.00000 0.68750 0.85412 1.00000 0.62723 0.63455
100.00000 49.00000 0.99978 0.99762 1.00000 0.00000 0.12882 0.29587 0.24452 0.00000 0.00063 0.00504 0.62785 0.28169 0.24324 0.45521 0.00624 0.99369 0.59178 0.35376 0.00000 0.28125 0.62791 1.00000 0.01337 0.01730
100.00000 50.00000 0.00003 0.00071 1.00000 1.00000 0.97926 0.93718 0.89773 1.00000 1.00000 0.99585 0.99922 0.87716 1.00000 0.90228 0.99774 0.99330 0.70724 0.02786 1.00000 0.93750 1.00000 1.00000 0.98937 0.98731
100.00000 51.00000 0.99998 0.99762 1.00000 0.00000 0.12717 0.29690 0.25059 0.00000 0.00000 0.00539 0.62789 0.28882 0.24324 0.45684 0.00424 0.99385 0.60113 0.37723 0.00000 0.27083 0.62791 1.00000 0.01543 0.02397
100.00000 52.00000 0.99988 0.99762 1.00000 0.00000 0.13203 0.28804 0.24445 0.00000 0.00063 0.00334 0.62785 0.28601 0.24324 0.45521 0.00416 0.99391 0.59656 0.37753 0.00000 0.29167 0.62791 1.00000 0.01578 0.01853
100.00000 53.00000 0.00000 0.00083 1.00000 1.00000 0.97633 0.93057 0.90589 1.00000 1.00000 0.99850 0.99918 0.88288 1.00000 0.89821 0.99612 0.99311 0.72231 0.03680 1.00000 0.93750 1.00000 1.00000 0.98457 0.98583
100.00000 54.00000 0.99987 0.99952 1.00000 0.00000 0.12689 0.28723 0.24994 0.00000 0.00063 0.00561 0.62780 0.28111 0.24324 0.49104 0.00449 0.99383 0.58866 0.36266 0.00000 0.30208 0.62791 1.00000 0.01097 0.01962
100.00000 55.00000 0.23813 0.29691 1.00000 0.59794 0.63510 0.69443 0.67922 0.61718 0.61509 0.61663 0.85326 0.65011 0.89189 0.74267 0.61486 0.99325 0.69351 0.10713 1.00000 0.67708 0.85412 1.00000 0.62654 0.62898
100.00000 56.00000 0.99977 0.99762 1.00000 0.00000 0.12286 0.30465 0.23735 0.00000 0.00000 0.00348 0.62791 0.28058 0.24324 0.44951 0.00451 0.99399 0.59887 0.36563 0.00000 0.27083 0.62791 1.00000 0.01235 0.02244
100.00000 57.00000 0.99991 0.99952 1.00000 0.00000 0.12946 0.28633 0.22626 0.00000 0.00063 0.00399 0.62776 0.27660 0.24324 0.47476 0.00457 0.99374 0.59599 0.36332 0.00000 0.29167 0.62791 1.00000 0.01235 0.02220
100.00000 58.00000 0.99985 0.99762 1.00000 0.00000 0.12432 0.28414 0.24744 0.00000 0.00000 0.00544 0.62778 0.27724 0.24324 0.46254 0.00497 0.99380 0.58723 0.35907 0.00000 0.26042 0.62791 1.00000 0.01509 0.01966
100.00000 59.00000 0.83321 0.99762 1.00000 0.06027 0.18158 0.34046 0.23981 0.14659 0.14403 0.13808 0.65113 0.30228 0.24324 0.45114 0.13750 0.99374 0.54737 0.36193 0.00000 0.32292 0.65116 1.00000 0.16255 0.16916
100.00000 60.00000 0.00002 0.00000 1.00000 1.00000 0.98459 0.92862 0.92283 1.00000 1.00000 0.99482 0.99930 0.88293 1.00000 0.88925 0.99660 0.99322 0.70869 0.02966 1.00000 0.92708 1.00000 1.00000 0.99177 0.98465
100.00000 61.00000 0.83331 0.99834 1.00000 0.06027 0.17992 0.31638 0.24108 0.14659 0.14403 0.13785 0.65105 0.30393 0.24324 0.44300 0.13679 0.99385 0.55165 0.34644 0.00000 0.31250 0.65116 1.00000 0.15741 0.16640
100.00000 62.00000 0.99979 0.99834 1.00000 0.00000 0.13304 0.30172 0.23191 0.00000 0.00000 0.00570 0.62770 0.27382 0.24324 0.47720 0.00482 0.99372 0.58133 0.36793 0.00000 0.28125 0.62791 1.00000 0.01132 0.02391
100.00000 63.00000 0.99999 0.99941 1.00000 0.00000 0.12542 0.29489 0.22989 0.00000 0.00000 0.00394 0.62780 0.28259 0.24324 0.45440 0.00472 0.99391 0.58980 0.37269 0.00000 0.27083 0.62791 1.00000 0.02263 0.02287
100.00000 64.00000 0.47621 0.83207 1.00000 0.62699 0.66290 0.64318 0.54183 0.50794 0.49937 0.47232 0.86396 0.60505 0.40541 0.64495 0.47381 0.99341 0.53889 0.31741 0.00000 0.63542 0.86469 1.00000 0.49348 0.49114
100.00000 65.00000 0.99999 0.99798 1.00000 0.00000 0.13084 0.28246 0.24154 0.00000 0.00063 0.00499 0.62787 0.28685 0.24324 0.48127 0.00421 0.99377 0.59083 0.36142 0.00000 0.28125 0.62791 1.00000 0.01749 0.02187
100.00000 66.00000 0.47608 0.83314 1.00000 0.62699 0.65400 0.64286 0.53093 0.50794 0.49937 0.47408 0.86413 0.60897 0.40541 0.66450 0.47206 0.99352 0.54575 0.31796 0.00000 0.64583 0.86469 1.00000 0.49417 0.48811
100.00000 67.00000 0.47621 0.83325 1.00000 0.62699 0.65823 0.64811 0.51678 0.50794 0.50000 0.47251 0.86398 0.60537 0.40541 0.64577 0.47295 0.99341 0.52890 0.31576 0.00000 0.64583 0.86469 1.00000 0.49451 0.49232
100.00000 68.00000 0.59512 0.73634 0.00000 0.23809 0.00349 0.02901 0.04499 0.29318 0.20818 0.09281 0.00154 0.02547 0.02703 0.02280 0.08994 0.00220 0.08561 0.92813 0.00000 0.02083 0.00000 0.00000 0.14026 0.14483
100.00000 69.00000 0.59512 0.73682 0.00000 0.23809 0.00596 0.05602 0.04715 0.29318 0.20881 0.09198 0.00163 0.02705 0.02703 0.03502 0.09020 0.00226 0.08419 0.92582 0.00000 0.02083 0.00000 0.00000 0.14129 0.14707
100.00000 70.00000 0.00006 0.00024 1.00000 1.00000 0.98202 0.92873 0.91573 1.00000 1.00000 0.99453 0.99926 0.88107 1.00000 0.90065 0.99703 0.99314 0.71124 0.04178 1.00000 0.93750 1.00000 1.00000 0.98011 0.98846
100.00000 71.00000 0.99986 0.99762 1.00000 0.00000 0.13194 0.27024 0.24212 0.00000 0.00063 0.00642 0.62793 0.27940 0.24324 0.46743 0.00368 0.99377 0.57378 0.37559 0.00000 0.29167 0.62791 1.00000 0.01337 0.01740
100.00000 72.00000 0.47614 0.83135 1.00000 0.62699 0.65777 0.66044 0.52977 0.50794 0.49937 0.47315 0.86403 0.60624 0.40541 0.64658 0.47412 0.99350 0.51966 0.32224 0.00000 0.64583 0.86469 1.00000 0.49657 0.48999
100.00000 73.00000 0.83326 0.99762 1.00000 0.06027 0.18130 0.34514 0.23997 0.14659 0.14403 0.13973 0.65111 0.30233 0.24324 0.44544 0.13644 0.99374 0.54801 0.35325 0.00000 0.29167 0.65116 1.00000 0.15947 0.16370
100.00000 74.00000 0.99999 0.99762 1.00000 0.00000 0.12322 0.29297 0.24342 0.00000 0.00000 0.00253 0.62789 0.27994 0.24324 0.46091 0.00383 0.99380 0.60751 0.37910 0.00000 0.28125 0.62791 1.00000 0.01269 0.01511
100.00000 75.00000 0.83318 0.99762 1.00000 0.06027 0.18295 0.33225 0.24130 0.14659 0.14403 0.13873 0.65109 0.30294 0.24324 0.46091 0.13753 0.99385 0.55044 0.35450 0.00000 0.31250 0.65116 1.00000 0.16152 0.16324
100.00000 76.00000 0.99994 1.00000 1.00000 0.00000 0.12634 0.28956 0.23713 0.00000 0.00063 0.00539 0.62785 0.28399 0.24324 0.47068 0.00396 0.99388 0.58904 0.37365 0.00000 0.27083 0.62791 1.00000 0.01097 0.01832
100.00000 77.00000 0.99983 0.99941 1.00000 0.00000 0.12964 0.30562 0.22642 0.00000 0.00063 0.00470 0.62780 0.28645 0.24324 0.46091 0.00477 0.99372 0.58730 0.38225 0.00000 0.27083 0.62791 1.00000 0.01475 0.02702
100.00000 78.00000 0.47626 0.83135 1.00000 0.62699 0.65777 0.64050 0.53793 0.50794 0.49937 0.47217 0.86411 0.60979 0.40541 0.65961 0.47224 0.99339 0.53637 0.31268 0.00000 0.64583 0.86469 1.00000 0.49348 0.49866
100.00000 79.00000 0.23822 0.29917 1.00000 0.59794 0.63272 0.67100 0.68587 0.61718 0.61509 0.61529 0.85330 0.65491 0.89189 0.73697 0.61570 0.99347 0.70205 0.11116 1.00000 0.68750 0.85412 1.00000 0.62929 0.63753
100.00000 80.00000 0.47610 0.83195 1.00000 0.62699 0.65621 0.63489 0.53945 0.50794 0.49937 0.47399 0.86405 0.60398 0.40541 0.65961 0.47247 0.99366 0.53751 0.31887 0.00000 0.66667 0.86469 1.00000 0.49108 0.49773
100.00000 81.00000 0.23802 0.29774 1.00000 0.59794 0.63813 0.69441 0.68356 0.61718 0.61509 0.61661 0.85324 0.65691 0.89189 0.75081 0.61519 0.99347 0.70077 0.10025 1.00000 0.68750 0.85412 1.00000 0.62689 0.62881
100.00000 82.00000 0.59511 0.73634 0.00000 0.23809 0.01523 0.03102 0.05933 0.29318 0.20881 0.09257 0.00144 0.02518 0.02703 0.03746 0.09139 0.00220 0.08404 0.92575 0.00000 0.03125 0.00000 0.00000 0.14060 0.14736
100.00000 83.00000 0.23820 0.29691 1.00000 0.59794 0.63327 0.69636 0.67646 0.61718 0.61509 0.61572 0.85326 0.65669 0.89189 0.74674 0.61580 0.99347 0.69743 0.11830 1.00000 0.67708 0.85412 1.00000 0.63306 0.63252
100.00000 84.00000 0.99976 0.99762 1.00000 0.00000 0.12552 0.28119 0.24561 0.00000 0.00000 0.00215 0.62789 0.28257 0.24324 0.46906 0.00289 0.99374 0.58564 0.36629 0.00000 0.29167 0.62791 1.00000 0.01475 0.01507
100.00000 85.00000 0.59514 0.73824 0.00000 0.23809 0.00450 0.05808 0.05399 0.29318 0.20881 0.09360 0.00160 0.02383 0.02703 0.02524 0.08949 0.00226 0.07805 0.92955 0.00000 0.05208 0.00000 0.00000 0.14369 0.14649
100.00000 86.00000 0.59522 0.73634 0.00000 0.23809 0.00771 0.04746 0.05661 0.29318 0.20881 0.09138 0.00160 0.02610 0.02703 0.03339 0.09154 0.00218 0.07067 0.93395 0.00000 0.04167 0.00000 0.00000 0.14232 0.14753
100.00000 87.00000 0.00005 0.00000 1.00000 1.00000 0.98174 0.95137 0.93001 1.00000 1.00000 0.99714 0.99928 0.88607 1.00000 0.91857 0.99650 0.99336 0.70488 0.03669 1.00000 0.92708 1.00000 1.00000 0.98422 0.98540
100.00000 88.00000 0.00002 0.00000 1.00000 1.00000 0.98257 0.94365 0.92170 1.00000 1.00000 0.99716 0.99924 0.88102 1.00000 0.88925 0.99612 0.99314 0.71505 0.02907 1.00000 0.93750 1.00000 1.00000 0.97874 0.98849
100.00000 89.00000 0.00003 0.00000 1.00000 1.00000 0.98963 0.91521 0.90334 1.00000 1.00000 0.99542 0.99937 0.88544 1.00000 0.89902 0.99645 0.99311 0.70784 0.02493 1.00000 0.90625 1.00000 1.00000 0.98903 0.99112
100.00000 90.00000 0.83327 0.99964 1.00000 0.06027 0.18084 0.32645 0.26561 0.14659 0.14403 0.13701 0.65103 0.30388 0.24324 0.46173 0.13583 0.99383 0.53458 0.34941 0.00000 0.32292 0.65116 1.00000 0.16049 0.16374
100.00000 91.00000 0.00004 0.00083 1.00000 1.00000 0.97688 0.94019 0.92014 1.00000 1.00000 0.99439 0.99930 0.87963 1.00000 0.90065 0.99650 0.99336 0.71136 0.03010 1.00000 0.92708 1.00000 1.00000 0.98114 0.98212
100.00000 92.00000 0.47622 0.83135 1.00000 0.62699 0.65777 0.64307 0.53974 0.50794 0.50000 0.47191 0.86407 0.61099 0.40541 0.64821 0.47282 0.99333 0.53411 0.30661 0.00000 0.65625 0.86469 1.00000 0.48868 0.49738
100.00000 93.00000 0.47616 0.83135 1.00000 0.62699 0.65612 0.65144 0.53781 0.50794 0.49937 0.47272 0.86411 0.61614 0.40541 0.65879 0.47325 0.99352 0.52573 0.31580 0.00000 0.66667 0.86469 1.00000 0.49280 0.49310
100.00000 94.00000 0.47610 0.83278 1.00000 0.62699 0.66190 0.65055 0.54036 0.50794 0.49937 0.47229 0.86405 0.61005 0.40541 0.65309 0.47140 0.99358 0.52342 0.32264 0.00000 0.64583 0.86469 1.00000 0.48663 0.49894
100.00000 95.00000 0.99979 0.99762 1.00000 0.00000 0.12882 0.29879 0.25463 0.00000 0.00063 0.00325 0.62770 0.27959 0.24324 0.47476 0.00490 0.99396 0.58937 0.37526 0.00000 0.28125 0.62791 1.00000 0.01509 0.01451
100.00000 96.00000 0.99996 0.99762 1.00000 0.00000 0.13442 0.28184 0.25167 0.00000 0.00063 0.00458 0.62787 0.28267 0.24324 0.46336 0.00383 0.99380 0.58952 0.37328 0.00000 0.30208 0.62791 1.00000 0.01783 0.01291
100.00000 97.00000 0.59528 0.73646 0.00000 0.23809 0.01156 0.05434 0.08080 0.29318 0.20818 0.09131 0.00160 0.02684 0.02703 0.04316 0.08921 0.00226 0.08476 0.93893 0.00000 0.05208 0.00000 0.00000 0.14060 0.14104
100.00000 98.00000 1.00000 0.99762 1.00000 0.00000 0.13267 0.29852 0.24214 0.00000 0.00063 0.00477 0.62791 0.28078 0.24324 0.47150 0.00337 0.99372 0.58840 0.37716 0.00000 0.28125 0.62791 1.00000 0.01509 0.02392
100.00000 99.00000 0.00003 0.00166 1.00000 1.00000 0.97578 0.93496 0.89920 1.00000 1.00000 0.99661 0.99913 0.88550 1.00000 0.91612 0.99650 0.99325 0.71214 0.02058 1.00000 0.91667 1.00000 1.00000 0.99280 0.97879
100.00000 100.00000 0.23824 0.29691 1.00000 0.59794 0.63703 0.69313 0.69357 0.61718 0.61509 0.61797 0.85334 0.65582 0.89189 0.73127 0.61565 0.99339 0.71210 0.10849 1.00000 0.70833 0.85412 1.00000 0.62654 0.63459
100.00000 101.00000 0.99981 0.99834 1.00000 0.00000 0.12643 0.28379 0.22553 0.00000 0.00063 0.00449 0.62791 0.28434 0.24324 0.46173 0.00401 0.99383 0.58440 0.37712 0.00000 0.29167 0.62791 1.00000 0.01989 0.01885
100.00000 102.00000 0.00004 0.00107 1.00000 1.00000 0.98504 0.94720 0.92919 1.00000 1.00000 0.99652 0.99926 0.87912 1.00000 0.92101 0.99604 0.99330 0.71509 0.03255 1.00000 0.91667 1.00000 1.00000 0.98354 0.98336
100.00000 103.00000 0.23805 0.29798 1.00000 0.59794 0.63217 0.68157 0.68548 0.61718 0.61509 0.61355 0.85324 0.65890 0.89189 0.73860 0.61471 0.99350 0.70488 0.11647 1.00000 0.68750 0.85412 1.00000 0.63306 0.63683
100.00000 104.00000 0.99999 0.99869 1.00000 0.00000 0.13212 0.28392 0.24450 0.00000 0.00063 0.00282 0.62780 0.28339 0.24324 0.48127 0.00416 0.99391 0.58961 0.36358 0.00000 0.29167 0.62791 1.00000 0.01475 0.01878
100.00000 105.00000 0.00002 0.00048 1.00000 1.00000 0.98312 0.95704 0.92430 1.00000 1.00000 0.99492 0.99930 0.87593 1.00000 0.92345 0.99584 0.99333 0.71862 0.03753 1.00000 0.93750 1.00000 1.00000 0.98320 0.99054
100.00000 106.00000 0.99989 0.99810 1.00000 0.00000 0.12937 0.29863 0.23201 0.00000 0.00063 0.00482 0.62782 0.28120 0.24324 0.46417 0.00419 0.99385 0.59752 0.38262 0.00000 0.29167 0.62791 1.00000 0.01440 0.01918
100.00000 107.00000 0.23812 0.29917 1.00000 0.59794 0.63290 0.68948 0.69309 0.61718 0.61509 0.61575 0.85326 0.65430 0.89189 0.73779 0.61618 0.99344 0.70648 0.11171 1.00000 0.67708 0.85412 1.00000 0.63649 0.62740
100.00000 108.00000 0.83320 0.99762 1.00000 0.06027 0.18415 0.33182 0.25697 0.14659 0.14403 0.13758 0.65120 0.30348 0.24324 0.45114 0.13793 0.99391 0.54779 0.36028 0.00000 0.32292 0.65116 1.00000 0.16495 0.16121
100.00000 109.00000 0.83319 0.99822 1.00000 0.06027 0.18093 0.34520 0.27199 0.14659 0.14403 0.13684 0.65103 0.30507 0.24324 0.43974 0.13826 0.99377 0.53565 0.36768 0.00000 0.31250 0.65116 1.00000 0.16427 0.16857
100.00000 110.00000 0.23819 0.29691 1.00000 0.59794 0.63015 0.68734 0.69369 0.61718 0.61509 0.61522 0.85328 0.65427 0.89189 0.74023 0.61568 0.99355 0.70891 0.13368 1.00000 0.69792 0.85412 1.00000 0.62723 0.62818
100.00000 111.00000 0.99994 0.99822 1.00000 0.00000 0.12928 0.31185 0.25288 0.00000 0.00000 0.00334 0.62778 0.28442 0.24324 0.47068 0.00487 0.99369 0.59242 0.37361 0.00000 0.29167 0.62791 1.00000 0.01543 0.01975
100.00000 112.00000 0.47611 0.83135 1.00000 0.62699 0.65850 0.62782 0.53916 0.50794 0.50000 0.47248 0.86415 0.61206 0.40541 0.66694 0.47188 0.99366 0.51926 0.32107 0.00000 0.63542 0.86469 1.00000 0.48868 0.49233
100.00000 113.00000 0.47621 0.83337 1.00000 0.62699 0.66557 0.65610 0.53935 0.50794 0.50000 0.47189 0.86407 0.61512 0.40541 0.66287 0.47069 0.99366 0.53808 0.32806 0.00000 0.63542 0.86469 1.00000 0.48354 0.49667
100.00000 114.00000 0.59511 0.73634 0.00000 0.23809 0.00991 0.04248 0.06968 0.29318 0.20881 0.09276 0.00165 0.02974 0.02703 0.04479 0.08928 0.00234 0.08557 0.94274 0.00000 0.04167 0.00000 0.00000 0.13820 0.14553
100.00000 115.00000 0.59508 0.73634 0.00000 0.23809 0.01404 0.04286 0.05895 0.29318 0.20881 0.09217 0.00154 0.03218 0.02703 0.05537 0.09037 0.00237 0.09156 0.94307 0.00000 0.02083 0.00000 0.00000 0.13580 0.14558
100.00000 116.00000 0.59528 0.73634 0.00000 0.23809 0.01193 0.05012 0.05563 0.29318 0.20818 0.09233 0.00154 0.02390 0.02703 0.04072 0.09111 0.00234 0.09259 0.94900 0.00000 0.03125 0.00000 0.00000 0.14849 0.13844
100.00000 117.00000 0.59511 0.73670 0.00000 0.23809 0.01330 0.06488 0.06150 0.29318 0.20881 0.09348 0.00163 0.02453 0.02703 0.04397 0.09055 0.00220 0.08500 0.94783 0.00000 0.04167 0.00000 0.00000 0.14266 0.15007
100.00000 118.00000 0.47618 0.83135 1.00000 0.62699 0.66079 0.65564 0.53579 0.50794 0.49937 0.47329 0.86413 0.61471 0.37838 0.66287 0.47072 0.99374 0.53744 0.31957 0.00000 0.64583 0.86469 1.00000 0.48491 0.49106
100.00000 119.00000 0.23806 0.29774 1.00000 0.59794 0.63272 0.68609 0.68331 0.61718 0.61509 0.61727 0.85330 0.65817 0.89189 0.75326 0.61446 0.99333 0.70853 0.11914 1.00000 0.69792 0.85412 1.00000 0.62997 0.63165
100.00000 120.00000 0.83318 0.99881 1.00000 0.06027 0.18607 0.30982 0.25516 0.14659 0.14403 0.13668 0.65122 0.30527 0.24324 0.46580 0.13803 0.99399 0.55079 0.35874 0.00000 0.32292 0.65116 1.00000 0.15878 0.16133
100.00000 121.00000 0.59530 0.73872 0.00000 0.23809 0.00973 0.04296 0.05204 0.29318 0.20881 0.09229 0.00156 0.03171 0.02703 0.03339 0.09119 0.00226 0.08490 0.94006 0.00000 0.04167 0.00000 0.00000 0.13649 0.14499
100.00000 122.00000 0.59522 0.73765 0.00000 0.23809 0.01404 0.05640 0.08477 0.29318 0.20881 0.09312 0.00163 0.03153 0.02703 0.05700 0.09007 0.00240 0.09004 0.93713 0.00000 0.05208 0.00000 0.00000 0.13820 0.15024
100.00000 123.00000 0.23807 0.29857 1.00000 0.59794 0.63474 0.69890 0.68810 0.61718 0.61509 0.61338 0.85336 0.65424 0.89189 0.73534 0.61560 0.99347 0.71200 0.10867 1.00000 0.68750 0.85412 1.00000 0.62517 0.63459
100.00000 124.00000 0.59512 0.73741 0.00000 0.23809 0.00890 0.05255 0.04968 0.29318 0.20881 0.09155 0.00179 0.02854 0.02703 0.03094 0.08994 0.00237 0.08490 0.93615 0.00000 0.05208 0.00000 0.00000 0.13546 0.14475
100.00000 125.00000 0.59509 0.73634 0.00000 0.23809 0.01496 0.05123 0.05644 0.29318 0.20881 0.09427 0.00175 0.03085 0.02703 0.03827 0.08941 0.00234 0.08852 0.94955 0.00000 0.06250 0.00000 0.00000 0.14266 0.14404
100.00000 126.00000 0.00006 0.00071 1.00000 1.00000 0.98688 0.93428 0.91268 1.00000 1.00000 0.99451 0.99913 0.88497 1.00000 0.90391 0.99475 0.99322 0.70943 0.03387 1.00000 0.94792 1.00000 1.00000 0.97359 0.98217
100.00000 127.00000 0.99997 0.99762 1.00000 0.00000 0.12698 0.32196 0.23328 0.00000 0.00063 0.00387 0.62797 0.28752 0.24324 0.48127 0.00474 0.99380 0.58845 0.38100 0.00000 0.28125 0.62791 1.00000 0.02126 0.02180
100.00000 128.00000 0.47624 0.83183 1.00000 0.62699 0.65703 0.67008 0.55471 0.50794 0.50000 0.47287 0.86411 0.61080 0.40541 0.67182 0.47242 0.99372 0.53539 0.33128 0.00000 0.64583 0.86469 1.00000 0.49143 0.49561
100.00000 129.00000 0.47626 0.83266 1.00000 0.62699 0.65997 0.66247 0.54431 0.50794 0.49937 0.47320 0.86426 0.61425 0.40541 0.66287 0.47120 0.99358 0.53089 0.32696 0.00000 0.63542 0.86469 1.00000 0.49451 0.48615
100.00000 130.00000 0.59527 0.73634 0.00000 0.23809 0.01110 0.04963 0.05276 0.29318 0.20881 0.09253 0.00171 0.03249 0.02703 0.04153 0.09053 0.00240 0.09309 0.92278 0.00000 0.04167 0.00000 0.00000 0.13889 0.14405
100.00000 131.00000 0.99991 0.99976 1.00000 0.00000 0.13157 0.30259 0.24862 0.00000 0.00063 0.00549 0.62795 0.28568 0.24324 0.48208 0.00363 0.99388 0.59718 0.38371 0.00000 0.28125 0.62791 1.00000 0.01269 0.01830
100.00000 132.00000 0.47617 0.83135 1.00000 0.62699 0.66153 0.65117 0.53726 0.50794 0.49937 0.47313 0.86409 0.61449 0.40541 0.68078 0.47214 0.99372 0.54558 0.32165 0.00000 0.65625 0.86469 1.00000 0.48834 0.49388
100.00000 133.00000 0.99999 0.99810 1.00000 0.00000 0.13065 0.30681 0.22922 0.00000 0.00063 0.00489 0.62789 0.28450 0.24324 0.46743 0.00380 0.99394 0.59299 0.37738 0.00000 0.29167 0.62791 1.00000 0.01475 0.01790
100.00000 134.00000 0.83334 0.99798 1.00000 0.06027 0.18460 0.33260 0.24411 0.14659 0.14403 0.13625 0.65115 0.30935 0.24324 0.46254 0.13722 0.99383 0.56338 0.36442 0.00000 0.33333 0.65116 1.00000 0.15775 0.16199
100.00000 135.00000 0.59508 0.73812 0.00000 0.23809 0.00661 0.06640 0.06301 0.29318 0.20881 0.09286 0.00177 0.02533 0.02703 0.03909 0.08971 0.00237 0.08740 0.94508 0.00000 0.06250 0.00000 0.00000 0.14232 0.14842
100.00000 136.00000 0.00005 0.00000 1.00000 1.00000 0.98899 0.92615 0.92026 1.00000 1.00000 0.99360 0.99928 0.87917 1.00000 0.93241 0.99528 0.99341 0.71907 0.03965 1.00000 0.92708 1.00000 1.00000 0.98525 0.98888
100.00000 137.00000 0.99997 0.99786 1.00000 0.00000 0.13524 0.30727 0.24811 0.00000 0.00000 0.00444 0.62791 0.28733 0.24324 0.48371 0.00353 0.99380 0.59882 0.37998 0.00000 0.30208 0.62791 1.00000 0.01543 0.01327
100.00000 138.00000 0.83326 0.99762 1.00000 0.06027 0.18754 0.33910 0.26585 0.14659 0.14403 0.13739 0.65118 0.30927 0.24324 0.47150 0.13646 0.99402 0.55812 0.36566 0.00000 0.33333 0.65116 1.00000 0.15947 0.16837
100.00000 139.00000 0.00002 0.00048 1.00000 1.00000 0.97991 0.94452 0.91597 1.00000 1.00000 0.99599 0.99935 0.88127 1.00000 0.92182 0.99419 0.99339 0.72378 0.04097 1.00000 0.92708 1.00000 1.00000 0.98285 0.98254
100.00000 140.00000 0.59527 0.73634 0.00000 0.23809 0.01000 0.06371 0.06578 0.29318 0.20881 0.09145 0.00156 0.02956 0.02703 0.04153 0.09088 0.00237 0.07276 0.95086 0.00000 0.05208 0.00000 0.00000 0.13374 0.14232
100.00000 141.00000 0.00006 0.00226 1.00000 1.00000 0.98715 0.92973 0.92115 1.00000 1.00000 0.99294 0.99937 0.88792 1.00000 0.91938 0.99439 0.99339 0.71748 0.03617 1.00000 0.94792 1.00000 1.00000 0.98320 0.98732
100.00000 142.00000 0.99982 0.99762 1.00000 0.00000 0.13533 0.31730 0.25653 0.00000 0.00063 0.00530 0.62791 0.28652 0.24324 0.48208 0.00543 0.99383 0.59180 0.37709 0.00000 0.28125 0.62791 1.00000 0.01715 0.01426
100.00000 143.00000 0.59515 0.73800 0.00000 0.23809 0.01330 0.04692 0.05531 0.29318 0.20881 0.09124 0.00171 0.02755 0.02703 0.03827 0.08875 0.00251 0.08497 0.94684 0.00000 0.05208 0.00000 0.00000 0.13992 0.14099
100.00000 144.00000 0.59530 0.73694 0.00000 0.23809 0.01193 0.06201 0.06480 0.29318 0.20881 0.09298 0.00173 0.03063 0.02703 0.04560 0.09048 0.00223 0.08431 0.95756 0.00000 0.05208 0.00000 0.00000 0.14232 0.14255
100.00000 145.00000 0.47607 0.83290 1.00000 0.62699 0.66079 0.64854 0.55291 0.50794 0.50000 0.47093 0.86424 0.60985 0.37838 0.68322 0.47155 0.99383 0.53620 0.32682 0.00000 0.66667 0.86469 1.00000 0.48560 0.49218
100.00000 146.00000 0.00002 0.00048 1.00000 1.00000 0.98238 0.93989 0.92201 1.00000 1.00000 0.99463 0.99943 0.88424 1.00000 0.91857 0.99622 0.99336 0.72757 0.03779 1.00000 0.93750 1.00000 1.00000 0.97840 0.97735
100.00000 147.00000 0.99982 0.99869 1.00000 0.00000 0.12919 0.32412 0.25812 0.00000 0.00063 0.00348 0.62787 0.28420 0.24324 0.47068 0.00434 0.99366 0.59245 0.38716 0.00000 0.27083 0.62791 1.00000 0.01166 0.02031
100.00000 148.00000 0.00007 0.00083 1.00000 1.00000 0.98725 0.93425 0.92695 1.00000 1.00000 0.99389 0.99941 0.87953 1.00000 0.90879 0.99523 0.99347 0.71807 0.04145 1.00000 0.94792 1.00000 1.00000 0.96948 0.98169
100.00000 149.00000 0.47613 0.83135 1.00000 0.62699 0.66391 0.65832 0.55818 0.50794 0.50000 0.47239 0.86422 0.61483 0.37838 0.66612 0.47120 0.99388 0.52437 0.33282 0.00000 0.64583 0.86469 1.00000 0.48663 0.49139
100.00000 150.00000 0.23816 0.29798 1.00000 0.59794 0.63391 0.69763 0.71287 0.61718 0.61509 0.61565 0.85336 0.66143 0.89189 0.75977 0.61278 0.99352 0.70569 0.11881 1.00000 0.69792 0.85412 1.00000 0.62517 0.63268
100.00000 151.00000 0.00001 0.00000 1.00000 1.00000 0.98422 0.93723 0.94098 1.00000 1.00000 0.99399 0.99943 0.88953 1.00000 0.92508 0.99467 0.99336 0.72133 0.04976 1.00000 0.94792 1.00000 1.00000 0.97942 0.98197
100.00000 152.00000 0.47608 0.83135 1.00000 0.62699 0.66318 0.65662 0.57365 0.50794 0.50000 0.47229 0.86426 0.61402 0.40541 0.67590 0.47072 0.99369 0.53401 0.31554 0.00000 0.65625 0.86469 1.00000 0.49280 0.48811
100.00000 153.00000 0.99991 0.99834 1.00000 0.00000 0.12937 0.31510 0.26595 0.00000 0.00063 0.00396 0.62793 0.29512 0.24324 0.48860 0.00259 0.99377 0.59678 0.36962 0.00000 0.29167 0.62791 1.00000 0.01783 0.01914
100.00000 154.00000 0.00006 0.00000 1.00000 1.00000 0.98853 0.93821 0.94084 1.00000 1.00000 0.99315 0.99935 0.88757 1.00000 0.90635 0.99462 0.99339 0.71131 0.03786 1.00000 0.92708 1.00000 1.00000 0.98045 0.98036
100.00000 155.00000 0.23820 0.29905 1.00000 0.59794 0.63657 0.69739 0.70495 0.61718 0.61572 0.61329 0.85338 0.65708 0.89189 0.76384 0.61583 0.99374 0.69905 0.11921 1.00000 0.68750 0.85412 1.00000 0.63443 0.62711
100.00000 156.00000 0.99999 0.99762 1.00000 0.00000 0.12763 0.29300 0.26628 0.00000 0.00000 0.00513 0.62787 0.29377 0.24324 0.47964 0.00325 0.99388 0.60028 0.37317 0.00000 0.29167 0.62791 1.00000 0.01612 0.01964
100.00000 157.00000 0.00001 0.00226 1.00000 1.00000 0.98339 0.94607 0.92526 1.00000 1.00000 0.99391 0.99943 0.88086 1.00000 0.93160 0.99437 0.99347 0.72283 0.04291 1.00000 0.93750 1.00000 1.00000 0.98148 0.98402
100.00000 158.00000 0.99988 0.99762 1.00000 0.00000 0.12818 0.29191 0.24404 0.00000 0.00063 0.00480 0.62780 0.28616 0.24324 0.49593 0.00307 0.99394 0.60354 0.38851 0.00000 0.28125 0.62791 1.00000 0.01783 0.01583
100.00000 159.00000 0.23801 0.29810 1.00000 0.59794 0.63822 0.69167 0.68004 0.61718 0.61509 0.61529 0.85343 0.66260 0.89189 0.76547 0.61436 0.99361 0.71921 0.12760 1.00000 0.68750 0.85412 1.00000 0.62277 0.63716
100.00000 160.00000 0.00002 0.00000 1.00000 1.00000 0.98459 0.92578 0.92442 1.00000 1.00000 0.99208 0.99935 0.89028 1.00000 0.92590 0.99452 0.99355 0.71410 0.04386 1.00000 0.94792 1.00000 1.00000 0.97942 0.98720
100.00000 161.00000 0.99977 0.99941 1.00000 0.00000 0.13487 0.30527 0.24984 0.00000 0.00063 0.00408 0.62778 0.28773 0.24324 0.50977 0.00426 0.99399 0.60056 0.37917 0.00000 0.30208 0.62791 1.00000 0.01372 0.01388
100.00000 162.00000 0.23819 0.29869 1.00000 0.59794 0.63648 0.68655 0.69482 0.61718 0.61572 0.61544 0.85349 0.66460 0.89189 0.76140 0.61524 0.99372 0.72416 0.12775 1.00000 0.68750 0.85412 1.00000 0.62551 0.63165
100.00000 163.00000 0.99983 0.99762 1.00000 0.00000 0.13515 0.32049 0.23952 0.00000 0.00063 0.00389 0.62795 0.28782 0.24324 0.48534 0.00375 0.99380 0.60499 0.36497 0.00000 0.29167 0.62791 1.00000 0.01783 0.01881
100.00000 164.00000 0.99999 0.99762 1.00000 0.00000 0.13084 0.30456 0.24161 0.00000 0.00063 0.00422 0.62797 0.28307 0.24324 0.49593 0.00317 0.99396 0.61253 0.38115 0.00000 0.29167 0.62791 1.00000 0.01235 0.01786
100.00000 165.00000 0.59516 0.73634 0.00000 0.23809 0.01780 0.05708 0.07199 0.29318 0.20881 0.09210 0.00175 0.03205 0.02703 0.05537 0.09002 0.00245 0.09704 0.96291 0.00000 0.06250 0.00000 0.00000 0.13957 0.14072
100.00000 166.00000 0.47623 0.83349 1.00000 0.62699 0.66107 0.68032 0.55565 0.50794 0.50000 0.47105 0.86422 0.62195 0.40541 0.68404 0.47082 0.99394 0.53658 0.33469 0.00000 0.65625 0.86469 1.00000 0.48560 0.48768
100.00000 167.00000 0.00000 0.00000 1.00000 1.00000 0.98486 0.93908 0.93446 1.00000 1.00000 0.99368 0.99939 0.88404 1.00000 0.94788 0.99300 0.99363 0.72719 0.04269 1.00000 0.92708 1.00000 1.00000 0.97188 0.97576
100.00000 168.00000 0.00005 0.00154 1.00000 1.00000 0.98064 0.92350 0.95119 1.00000 1.00000 0.99306 0.99937 0.89031 1.00000 0.93404 0.99328 0.99344 0.72081 0.04383 1.00000 0.94792 1.00000 1.00000 0.97805 0.98211
100.00000 169.00000 0.00005 0.00000 1.00000 1.00000 0.98578 0.94021 0.93121 1.00000 1.00000 0.99394 0.99943 0.88842 1.00000 0.94300 0.99401 0.99336 0.73118 0.04353 1.00000 0.95833 1.00000 1.00000 0.97359 0.98221
100.00000 170.00000 0.23810 0.29774 1.00000 0.59794 0.63905 0.69953 0.69963 0.61718 0.61572 0.61202 0.85349 0.66736 0.89189 0.77117 0.61354 0.99374 0.70341 0.12086 1.00000 0.70833 0.85412 1.00000 0.62997 0.62656
100.00000 171.00000 0.83323 0.99929 1.00000 0.06027 0.18561 0.34948 0.26465 0.14659 0.14403 0.13641 0.65122 0.30713 0.24324 0.48453 0.13689 0.99408 0.54725 0.37756 0.00000 0.34375 0.65116 1.00000 0.16324 0.16205
100.00000 172.00000 0.59515 0.73634 0.00000 0.23809 0.01541 0.05654 0.06588 0.29318 0.20881 0.09174 0.00163 0.03007 0.02703 0.06433 0.08847 0.00231 0.10170 0.93765 0.00000 0.04167 0.00000 0.00000 0.14232 0.14103
100.00000 173.00000 0.59514 0.73824 0.00000 0.23809 0.01220 0.05840 0.07861 0.29318 0.20881 0.09386 0.00177 0.03146 0.02703 0.06759 0.08933 0.00234 0.09461 0.94468 0.00000 0.06250 0.00000 0.00000 0.13443 0.14171
100.00000 174.00000 0.59510 0.73789 0.00000 0.23809 0.02019 0.05570 0.07310 0.29318 0.20881 0.09291 0.00177 0.03291 0.02703 0.05782 0.08829 0.00229 0.10961 0.95368 0.00000 0.05208 0.00000 0.00000 0.14095 0.14820
100.00000 175.00000 0.99993 0.99798 1.00000 0.00000 0.12763 0.29525 0.24828 0.00000 0.00063 0.00456 0.62801 0.28691 0.24324 0.50651 0.00249 0.99385 0.61180 0.39206 0.00000 0.30208 0.62791 1.00000 0.01097 0.01549
100.00000 176.00000 0.23803 0.29691 1.00000 0.59794 0.63841 0.71180 0.70933 0.61718 0.61509 0.61381 0.85334 0.66126 0.89189 0.77199 0.61258 0.99377 0.70700 0.13382 1.00000 0.70833 0.85412 1.00000 0.62414 0.62929
100.00000 177.00000 0.99999 0.99905 1.00000 0.00000 0.13359 0.29581 0.27401 0.00000 0.00063 0.00370 0.62791 0.29601 0.24324 0.50000 0.00320 0.99391 0.62344 0.38862 0.00000 0.30208 0.62791 1.00000 0.01235 0.01678
100.00000 178.00000 0.59510 0.73634 0.00000 0.23809 0.01486 0.04510 0.07199 0.29318 0.20881 0.09183 0.00184 0.03518 0.02703 0.07085 0.08799 0.00245 0.09578 0.95936 0.00000 0.04167 0.00000 0.00000 0.13546 0.14326
100.00000 179.00000 0.83324 0.99976 1.00000 0.06027 0.18882 0.33748 0.28159 0.14659 0.14403 0.13742 0.65128 0.31369 0.24324 0.47801 0.13611 0.99419 0.56084 0.38551 0.00000 0.32292 0.65116 1.00000 0.15569 0.15249
100.00000 180.00000 0.47628 0.83230 1.00000 0.62699 0.66474 0.68739 0.55257 0.50794 0.50000 0.47034 0.86434 0.61641 0.37838 0.69951 0.47046 0.99385 0.54725 0.32916 1.00000 0.66667 0.86469 1.00000 0.49074 0.49035
100.00000 181.00000 0.00002 0.00000 1.00000 1.00000 0.98697 0.94206 0.93118 1.00000 1.00000 0.99279 0.99947 0.89119 1.00000 0.93241 0.99356 0.99355 0.73409 0.05682 1.00000 0.95833 1.00000 1.00000 0.97497 0.98103
100.00000 182.00000 0.47619 0.83349 1.00000 0.62699 0.66116 0.65507 0.54082 0.50794 0.50000 0.47234 0.86434 0.61204 0.40541 0.68974 0.47105 0.99405 0.54532 0.34011 1.00000 0.66667 0.86469 1.00000 0.48628 0.49130
100.00000 183.00000 0.99988 0.99762 1.00000 0.00000 0.12836 0.33271 0.28188 0.00000 0.00063 0.00358 0.62787 0.28911 0.24324 0.50733 0.00350 0.99399 0.59940 0.38847 0.00000 0.31250 0.62791 1.00000 0.01475 0.01185
100.00000 184.00000 0.83327 0.99762 1.00000 0.06027 0.19158 0.36045 0.28761 0.14659 0.14403 0.13782 0.65139 0.31599 0.24324 0.48534 0.13651 0.99413 0.56388 0.38485 0.00000 0.33333 0.65116 1.00000 0.15501 0.15821
100.00000 185.00000 0.83315 0.99762 1.00000 0.06027 0.18708 0.35235 0.28590 0.14659 0.14403 0.13961 0.65130 0.31361 0.24324 0.50814 0.13621 0.99413 0.55743 0.38316 0.00000 0.33333 0.65116 1.00000 0.15535 0.15996
100.00000 186.00000 0.23805 0.29822 1.00000 0.59794 0.64043 0.70765 0.70028 0.61718 0.61572 0.61283 0.85364 0.66744 0.89189 0.77036 0.61281 0.99396 0.70179 0.12925 1.00000 0.70833 0.85412 1.00000 0.62483 0.62837
100.00000 187.00000 0.47610 0.83266 1.00000 0.62699 0.66217 0.68092 0.55517 0.50794 0.50000 0.47017 0.86443 0.62640 0.40541 0.68730 0.47074 0.99399 0.55039 0.34618 1.00000 0.65625 0.86469 1.00000 0.48765 0.48803
100.00000 188.00000 0.99997 0.99762 1.00000 0.00000 0.13625 0.30898 0.27829 0.00000 0.00063 0.00313 0.62797 0.29445 0.24324 0.51059 0.00271 0.99408 0.60630 0.37903 0.00000 0.31250 0.62791 1.00000 0.01955 0.02062
100.00000 189.00000 0.23811 0.29691 1.00000 0.59794 0.63942 0.71738 0.71290 0.61718 0.61572 0.61408 0.85357 0.66482 0.89189 0.78909 0.61446 0.99391 0.70819 0.14214 1.00000 0.68750 0.85412 1.00000 0.62414 0.63205
100.00000 190.00000 0.23815 0.29691 1.00000 0.59794 0.64290 0.69527 0.71872 0.61718 0.61572 0.61503 0.85362 0.66199 0.89189 0.78502 0.61306 0.99394 0.71279 0.15414 1.00000 0.70833 0.85412 1.00000 0.62243 0.62493
100.00000 191.00000 0.47612 0.83135 1.00000 0.62699 0.66391 0.67390 0.57084 0.50794 0.50000 0.46986 0.86443 0.61506 0.37838 0.69625 0.46952 0.99402 0.54906 0.34827 1.00000 0.67708 0.86469 1.00000 0.48525 0.48374
100.00000 192.00000 0.23807 0.29691 1.00000 0.59794 0.64391 0.72160 0.71634 0.61718 0.61572 0.61262 0.85366 0.66659 0.89189 0.77036 0.61314 0.99380 0.72888 0.15235 1.00000 0.70833 0.85412 1.00000 0.62243 0.61869
100.00000 193.00000 0.47613 0.83135 1.00000 0.62699 0.66437 0.67230 0.56354 0.50794 0.50000 0.47029 0.86457 0.62060 0.40541 0.69870 0.46973 0.99396 0.54810 0.34370 1.00000 0.66667 0.86469 1.00000 0.48285 0.49026
100.00000 194.00000 0.59521 0.73634 0.00000 0.23809 0.01551 0.06214 0.08124 0.29318 0.20881 0.09198 0.00175 0.03660 0.02703 0.07655 0.08890 0.00248 0.09471 0.96426 0.00000 0.05208 0.00000 0.00000 0.14026 0.13803
100.00000 195.00000 0.00001 0.00000 1.00000 1.00000 0.98844 0.95985 0.94702 1.00000 1.00000 0.99062 0.99962 0.89182 1.00000 0.95521 0.99247 0.99372 0.72055 0.06173 1.00000 0.96875 1.00000 1.00000 0.96914 0.97249
100.00000 196.00000 0.83318 0.99762 1.00000 0.06027 0.19433 0.33913 0.29618 0.14659 0.14403 0.13598 0.65137 0.31697 0.24324 0.50163 0.13580 0.99405 0.55627 0.38591 0.00000 0.34375 0.65116 1.00000 0.15672 0.15753
100.00000 197.00000 0.83329 0.99762 1.00000 0.06027 0.18662 0.36779 0.28330 0.14659 0.14403 0.13675 0.65128 0.31709 0.24324 0.49919 0.13677 0.99421 0.55862 0.39334 0.00000 0.36458 0.65116 1.00000 0.15261 0.16126
100.00000 198.00000 0.99982 0.99881 1.00000 0.00000 0.13919 0.31421 0.28121 0.00000 0.00063 0.00403 0.62793 0.29728 0.24324 0.51059 0.00444 0.99399 0.60580 0.39389 0.00000 0.31250 0.62791 1.00000 0.00857 0.01557
100.00000 199.00000 0.59514 0.73634 0.00000 0.23809 0.01844 0.06361 0.10345 0.29318 0.20881 0.09026 0.00184 0.03631 0.02703 0.08306 0.08885 0.00256 0.10199 0.97463 0.00000 0.07292 0.00000 0.00000 0.13649 0.14280
100.00000 200.00000 0.83332 0.99762 1.00000 0.06027 0.19360 0.34173 0.28094 0.14659 0.14403 0.13415 0.65132 0.31021 0.24324 0.49430 0.13537 0.99424 0.56829 0.39411 0.00000 0.34375 0.65116 1.00000 0.15569 0.16547
100.00000 201.00000 0.47612 0.83135 1.00000 0.62699 0.66905 0.66845 0.58660 0.50794 0.50000 0.47119 0.86455 0.62280 0.37838 0.71091 0.46980 0.99410 0.55101 0.34629 1.00000 0.66667 0.86469 1.00000 0.48011 0.48238
100.00000 202.00000 0.83316 0.99762 1.00000 0.06027 0.19176 0.35349 0.29006 0.14659 0.14403 0.13682 0.65143 0.31535 0.24324 0.51792 0.13585 0.99427 0.55684 0.39430 0.00000 0.35417 0.65116 1.00000 0.15295 0.15892
100.00000 203.00000 0.23824 0.29691 1.00000 0.59794 0.64208 0.72865 0.73131 0.61718 0.61572 0.61307 0.85381 0.66599 0.89189 0.78909 0.61136 0.99396 0.71145 0.15052 1.00000 0.72917 0.85412 1.00000 0.61934 0.62260
100.00000 204.00000 0.47623 0.83219 1.00000 0.62699 0.66731 0.67040 0.59279 0.50794 0.50000 0.46952 0.86453 0.62005 0.37838 0.71743 0.46940 0.99421 0.55079 0.35354 1.00000 0.66667 0.86469 1.00000 0.48217 0.48496
100.00000 205.00000 0.99980 0.99881 1.00000 0.00000 0.13414 0.32044 0.28275 0.00000 0.00063 0.00408 0.62793 0.29307 0.24324 0.53013 0.00317 0.99399 0.59973 0.40645 0.00000 0.32292 0.62791 1.00000 0.00583 0.01820
100.00000 206.00000 0.99990 0.99762 1.00000 0.00000 0.13350 0.32296 0.28730 0.00000 0.00063 0.00239 0.62795 0.29151 0.24324 0.51629 0.00261 0.99396 0.60806 0.39499 0.00000 0.31250 0.62791 1.00000 0.01372 0.01459
100.00000 207.00000 0.99982 0.99762 1.00000 0.00000 0.13616 0.32537 0.28511 0.00000 0.00063 0.00363 0.62787 0.29488 0.24324 0.51629 0.00315 0.99385 0.60270 0.38657 0.00000 0.30208 0.62791 1.00000 0.00960 0.01635
100.00000 208.00000 0.99981 0.99976 1.00000 0.00000 0.13818 0.33011 0.28058 0.00000 0.00063 0.00298 0.62806 0.29398 0.24324 0.52769 0.00249 0.99385 0.60120 0.40048 0.00000 0.31250 0.62791 1.00000 0.01337 0.00955
100.00000 209.00000 0.99987 0.99952 1.00000 0.00000 0.13772 0.32954 0.27196 0.00000 0.00063 0.00515 0.62795 0.29832 0.24324 0.52443 0.00241 0.99408 0.61789 0.39810 0.00000 0.32292 0.62791 1.00000 0.01543 0.01773
100.00000 210.00000 0.83324 0.99762 1.00000 0.06027 0.19561 0.35316 0.29943 0.14659 0.14465 0.13431 0.65156 0.31517 0.24324 0.51059 0.13628 0.99432 0.57666 0.40477 0.00000 0.34375 0.65116 1.00000 0.15638 0.15888
100.00000 211.00000 0.83331 0.99762 1.00000 0.06027 0.19231 0.36985 0.30785 0.14659 0.14403 0.13663 0.65139 0.32260 0.24324 0.52443 0.13661 0.99452 0.56384 0.39466 0.00000 0.34375 0.65116 1.00000 0.15226 0.15554
100.00000 212.00000 0.99997 0.99881 1.00000 0.00000 0.13634 0.34588 0.29871 0.00000 0.00063 0.00391 0.62787 0.28894 0.24324 0.53176 0.00246 0.99369 0.60444 0.39686 0.00000 0.31250 0.62791 1.00000 0.01269 0.01514
