6.00000 1.00000 0.58140 0.46154 1.00000 1.00000 0.40749 0.41946 0.33339 1.00000 1.00000 0.18343 0.67647 0.21671 0.33333 0.26857 0.20937 0.66667 0.22570 0.63544 1.00000 0.36364 1.00000 1.00000 0.49405 0.37109
6.00000 2.00000 0.69767 0.07692 1.00000 1.00000 0.26464 0.37796 0.27192 1.00000 1.00000 0.19013 0.67647 0.18880 0.33333 0.32571 0.18645 0.70833 0.24745 0.62868 1.00000 0.27273 1.00000 1.00000 0.38095 0.44494
6.00000 3.00000 0.47674 0.46154 1.00000 1.00000 0.46136 0.63280 0.38268 1.00000 1.00000 0.18199 0.70000 0.19291 0.33333 0.53714 0.17422 0.68452 0.22361 0.65934 1.00000 0.54545 1.00000 1.00000 0.41071 0.44002
6.00000 4.00000 0.32558 0.61538 1.00000 1.00000 0.44965 0.60403 0.42012 1.00000 1.00000 0.22031 0.67647 0.21648 0.33333 0.39429 0.22313 0.66667 0.21470 0.56857 1.00000 0.63636 1.00000 1.00000 0.48810 0.37193
6.00000 5.00000 0.61047 0.76923 1.00000 1.00000 0.47541 0.56215 0.48128 1.00000 1.00000 0.19875 0.68235 0.22577 0.33333 0.32571 0.19918 0.67262 0.21994 0.67238 1.00000 0.45455 1.00000 1.00000 0.41071 0.49123
6.00000 6.00000 0.48256 0.61538 1.00000 1.00000 0.38407 0.39577 0.35164 1.00000 1.00000 0.25192 0.69412 0.23469 0.33333 0.54286 0.21345 0.64286 0.22853 0.65041 1.00000 0.18182 1.00000 1.00000 0.56548 0.41924
6.00000 7.00000 0.52907 0.07692 1.00000 1.00000 0.45667 0.47524 0.43385 1.00000 1.00000 0.19780 0.67059 0.20178 0.33333 0.30286 0.21039 0.69048 0.19542 0.63303 1.00000 0.54545 1.00000 1.00000 0.45833 0.39317
6.00000 8.00000 0.48256 0.53846 1.00000 1.00000 0.44731 0.54003 0.44509 1.00000 1.00000 0.21504 0.68235 0.20918 0.33333 0.38286 0.17830 0.71429 0.21805 0.65234 1.00000 0.36364 1.00000 1.00000 0.36905 0.42945
6.00000 9.00000 0.41279 0.46154 1.00000 1.00000 0.48946 0.53024 0.48627 1.00000 1.00000 0.20450 0.68824 0.14997 0.33333 0.45714 0.19103 0.67857 0.20988 0.60792 1.00000 0.27273 1.00000 1.00000 0.39286 0.50515
6.00000 10.00000 0.55814 0.61538 1.00000 1.00000 0.29040 0.46604 0.36365 1.00000 1.00000 0.21743 0.66471 0.19018 0.33333 0.37714 0.18085 0.69643 0.24954 0.59319 1.00000 0.45455 1.00000 1.00000 0.55952 0.42073
6.00000 11.00000 0.55814 0.76923 1.00000 1.00000 0.25761 0.57467 0.35554 1.00000 1.00000 0.19492 0.71765 0.19573 0.33333 0.37714 0.18594 0.69048 0.20852 0.64824 1.00000 0.54545 1.00000 1.00000 0.47619 0.45514
6.00000 12.00000 0.39535 0.76923 1.00000 1.00000 0.38407 0.47446 0.46349 1.00000 1.00000 0.17433 0.65294 0.19846 0.33333 0.44000 0.21651 0.66667 0.19264 0.71270 1.00000 0.36364 1.00000 1.00000 0.42857 0.33723
6.00000 13.00000 0.78488 0.15385 1.00000 1.00000 0.49883 0.29614 0.45382 1.00000 1.00000 0.21312 0.65882 0.16671 0.33333 0.37714 0.18900 0.66071 0.22397 0.64944 1.00000 0.45455 1.00000 1.00000 0.49405 0.47945
6.00000 14.00000 0.51744 0.61538 1.00000 1.00000 0.36066 0.41613 0.53385 1.00000 1.00000 0.21360 0.68824 0.16102 0.33333 0.36000 0.20835 0.67857 0.21680 0.61202 1.00000 0.18182 1.00000 1.00000 0.36905 0.34669
6.00000 15.00000 0.49419 0.23077 1.00000 1.00000 0.32787 0.34508 0.36162 1.00000 1.00000 0.18103 0.68824 0.22388 0.33333 0.46857 0.21243 0.64881 0.24273 0.62989 1.00000 0.45455 1.00000 1.00000 0.36310 0.38343
6.00000 16.00000 0.44767 0.76923 1.00000 1.00000 0.28103 0.53729 0.34321 1.00000 1.00000 0.18630 0.67647 0.19596 0.33333 0.35429 0.23128 0.69643 0.22712 0.69435 1.00000 0.54545 1.00000 1.00000 0.42262 0.40876
6.00000 17.00000 0.55814 0.15385 1.00000 1.00000 0.44028 0.49403 0.36771 1.00000 1.00000 0.22462 0.68824 0.18870 0.33333 0.34286 0.19613 0.69048 0.22115 0.65089 1.00000 0.36364 1.00000 1.00000 0.44048 0.51582
6.00000 18.00000 0.59302 0.69231 1.00000 1.00000 0.32787 0.46917 0.39064 1.00000 1.00000 0.19013 0.68235 0.21731 0.33333 0.44571 0.19969 0.66071 0.21365 0.67745 1.00000 0.27273 1.00000 1.00000 0.40476 0.48288
6.00000 19.00000 0.62791 0.38462 1.00000 1.00000 0.36300 0.43922 0.42855 1.00000 1.00000 0.18534 0.70000 0.20317 0.33333 0.37143 0.19103 0.69048 0.20008 0.61082 1.00000 0.45455 1.00000 1.00000 0.41071 0.42852
6.00000 20.00000 0.47093 0.84615 1.00000 1.00000 0.42857 0.52515 0.35133 1.00000 1.00000 0.21169 0.67059 0.18251 0.33333 0.36000 0.21243 0.64286 0.23503 0.64462 1.00000 0.27273 1.00000 1.00000 0.37500 0.43705
6.00000 21.00000 0.36047 0.53846 1.00000 1.00000 0.42155 0.39930 0.41732 1.00000 1.00000 0.19397 0.65882 0.17831 0.33333 0.40571 0.21141 0.66667 0.20684 0.63037 1.00000 0.36364 1.00000 1.00000 0.42857 0.44698
6.00000 22.00000 0.44767 0.46154 1.00000 1.00000 0.42389 0.59483 0.45023 1.00000 1.00000 0.18343 0.71765 0.19601 0.33333 0.38857 0.20173 0.69048 0.23456 0.59512 1.00000 0.45455 1.00000 1.00000 0.51786 0.43492
6.00000 23.00000 0.44186 0.46154 1.00000 1.00000 0.38173 0.50186 0.40406 1.00000 1.00000 0.21169 0.71176 0.19444 0.33333 0.30857 0.18645 0.69048 0.20543 0.65186 1.00000 0.27273 1.00000 1.00000 0.58929 0.47203
6.00000 24.00000 0.40698 0.07692 1.00000 1.00000 0.33724 0.34997 0.41498 1.00000 1.00000 0.20929 0.68235 0.19753 0.33333 0.45143 0.23128 0.72024 0.23723 0.73056 1.00000 0.36364 1.00000 1.00000 0.32143 0.37388
6.00000 25.00000 0.48256 0.46154 1.00000 1.00000 0.36534 0.40047 0.40406 1.00000 1.00000 0.18247 0.69412 0.22582 0.33333 0.46857 0.18288 0.67262 0.23157 0.70546 1.00000 0.45455 1.00000 1.00000 0.42262 0.39429
6.00000 26.00000 0.74419 0.76923 1.00000 1.00000 0.39344 0.42866 0.44212 1.00000 1.00000 0.19780 0.67647 0.21033 0.33333 0.28000 0.20020 0.66667 0.23183 0.67093 1.00000 0.45455 1.00000 1.00000 0.51786 0.48483
6.00000 27.00000 0.34884 0.61538 1.00000 1.00000 0.39578 0.45116 0.45523 1.00000 1.00000 0.19780 0.65882 0.22942 0.33333 0.36571 0.20326 0.69643 0.23346 0.69556 1.00000 0.54545 1.00000 1.00000 0.46429 0.55126
6.00000 28.00000 0.49419 0.53846 1.00000 1.00000 0.38642 0.54570 0.37738 1.00000 1.00000 0.18487 0.65294 0.18487 0.33333 0.42857 0.23179 0.66667 0.19699 0.72718 1.00000 0.36364 1.00000 1.00000 0.43452 0.38529
6.00000 29.00000 0.54070 0.84615 1.00000 1.00000 0.41452 0.59836 0.39657 1.00000 1.00000 0.19875 0.70000 0.19379 0.33333 0.36571 0.22109 0.69048 0.20574 0.67407 1.00000 0.45455 1.00000 1.00000 0.47024 0.51118
6.00000 30.00000 0.50581 0.61538 1.00000 1.00000 0.43560 0.62419 0.33916 1.00000 1.00000 0.21695 0.71176 0.22129 0.33333 0.48571 0.16862 0.66667 0.21140 0.55843 1.00000 0.36364 1.00000 1.00000 0.33929 0.46563
6.00000 31.00000 0.56395 0.84615 1.00000 1.00000 0.28806 0.49873 0.56427 1.00000 1.00000 0.21456 0.70588 0.18233 0.33333 0.36571 0.21141 0.70238 0.21082 0.68711 1.00000 0.36364 1.00000 1.00000 0.45833 0.47991
6.00000 32.00000 0.46512 0.15385 1.00000 1.00000 0.36300 0.46526 0.30140 1.00000 1.00000 0.20019 0.64118 0.20289 0.33333 0.41143 0.17779 0.66667 0.22392 0.72042 1.00000 0.54545 1.00000 1.00000 0.41667 0.34437
6.00000 33.00000 0.52907 0.76923 1.00000 1.00000 0.43560 0.53083 0.35242 1.00000 1.00000 0.21552 0.67059 0.21338 0.33333 0.46857 0.19715 0.63690 0.22586 0.70328 1.00000 0.45455 1.00000 1.00000 0.45833 0.42583
6.00000 34.00000 0.69186 0.23077 1.00000 1.00000 0.31382 0.44725 0.43136 1.00000 1.00000 0.18822 0.71176 0.20308 0.33333 0.37143 0.20071 0.67857 0.22927 0.63786 1.00000 0.45455 1.00000 1.00000 0.36310 0.44884
6.00000 35.00000 0.42442 0.84615 1.00000 1.00000 0.40749 0.45293 0.31778 1.00000 1.00000 0.19349 0.68824 0.19652 0.33333 0.32000 0.20835 0.66667 0.22162 0.57919 1.00000 0.45455 1.00000 1.00000 0.46429 0.46887
6.00000 36.00000 0.51744 0.38462 1.00000 1.00000 0.47775 0.59738 0.42371 1.00000 1.00000 0.17385 0.67059 0.19656 0.33333 0.49143 0.22109 0.69643 0.19809 0.58764 1.00000 0.45455 1.00000 1.00000 0.54762 0.32740
6.00000 37.00000 0.54651 0.69231 1.00000 1.00000 0.42389 0.46878 0.34446 1.00000 1.00000 0.19301 0.70000 0.17729 0.33333 0.43429 0.20632 0.66667 0.23330 0.57557 1.00000 0.36364 1.00000 1.00000 0.45833 0.45060
6.00000 38.00000 0.49419 0.38462 1.00000 1.00000 0.35363 0.56567 0.38487 1.00000 1.00000 0.16667 0.67647 0.19707 0.33333 0.34286 0.19868 0.67857 0.20946 0.74746 1.00000 0.36364 1.00000 1.00000 0.52976 0.54374
6.00000 39.00000 0.60465 0.53846 1.00000 1.00000 0.44262 0.45273 0.34165 1.00000 1.00000 0.22557 0.69412 0.18635 0.33333 0.43429 0.20428 0.67857 0.19511 0.70739 1.00000 0.45455 1.00000 1.00000 0.38095 0.43056
6.00000 40.00000 0.61628 0.15385 1.00000 1.00000 0.41218 0.46956 0.40530 1.00000 0.93750 0.21121 0.67647 0.22207 0.33333 0.36571 0.18645 0.65476 0.24294 0.65162 1.00000 0.54545 1.00000 1.00000 0.41071 0.41182
6.00000 41.00000 0.55233 0.30769 1.00000 1.00000 0.29274 0.40282 0.55273 1.00000 1.00000 0.17050 0.68824 0.20225 0.33333 0.45714 0.18288 0.67857 0.19788 0.65331 1.00000 0.45455 1.00000 1.00000 0.37500 0.38473
6.00000 42.00000 0.34884 0.23077 1.00000 1.00000 0.33724 0.45723 0.36287 1.00000 1.00000 0.21600 0.68824 0.22295 0.33333 0.38286 0.21243 0.64286 0.22198 0.70111 1.00000 0.63636 1.00000 1.00000 0.48810 0.38037
6.00000 43.00000 0.42442 0.30769 1.00000 1.00000 0.39110 0.36896 0.51170 1.00000 1.00000 0.24425 0.70588 0.22942 0.33333 0.34857 0.20020 0.69048 0.18023 0.76002 1.00000 0.54545 1.00000 1.00000 0.39881 0.45301
6.00000 44.00000 0.41860 0.69231 1.00000 1.00000 0.22951 0.52006 0.44945 1.00000 1.00000 0.21264 0.68824 0.20446 0.33333 0.50286 0.19511 0.67262 0.21784 0.70039 1.00000 0.45455 1.00000 1.00000 0.37500 0.46145
6.00000 45.00000 0.54070 0.23077 1.00000 1.00000 0.38407 0.46076 0.50484 1.00000 1.00000 0.20738 0.68235 0.21070 0.33333 0.40571 0.21549 0.69643 0.21952 0.68566 1.00000 0.54545 1.00000 1.00000 0.41071 0.43770
6.00000 46.00000 0.34302 0.53846 1.00000 1.00000 0.37705 0.41026 0.31966 1.00000 1.00000 0.18678 0.68235 0.21010 0.33333 0.45714 0.20632 0.65476 0.23655 0.71053 1.00000 0.45455 1.00000 1.00000 0.46429 0.33973
6.00000 47.00000 0.22093 0.84615 1.00000 1.00000 0.37471 0.48483 0.48705 1.00000 1.00000 0.19349 0.67647 0.19088 0.33333 0.53714 0.20122 0.67857 0.22858 0.76364 1.00000 0.36364 1.00000 1.00000 0.42262 0.44299
6.00000 48.00000 0.59884 0.61538 1.00000 1.00000 0.34426 0.37796 0.36131 1.00000 1.00000 0.18247 0.70588 0.21574 0.33333 0.36571 0.21192 0.66071 0.22937 0.55456 1.00000 0.54545 1.00000 1.00000 0.44048 0.37174
6.00000 49.00000 0.36047 0.53846 1.00000 1.00000 0.29742 0.52456 0.56209 1.00000 1.00000 0.20019 0.68235 0.23233 0.33333 0.54286 0.21090 0.68452 0.20218 0.69725 1.00000 0.45455 1.00000 1.00000 0.51190 0.46516
6.00000 50.00000 0.42442 0.53846 1.00000 1.00000 0.36300 0.50127 0.45772 1.00000 1.00000 0.19301 0.68824 0.21745 0.33333 0.45143 0.19205 0.73214 0.20616 0.65669 1.00000 0.45455 1.00000 1.00000 0.57738 0.41367
6.00000 51.00000 0.36628 0.53846 1.00000 1.00000 0.45199 0.46350 0.52730 1.00000 1.00000 0.20594 0.65294 0.16439 0.33333 0.33714 0.20326 0.67857 0.20407 0.60092 1.00000 0.45455 1.00000 1.00000 0.61905 0.39902
6.00000 52.00000 0.59302 0.76923 1.00000 1.00000 0.28571 0.44314 0.29298 1.00000 1.00000 0.21360 0.66471 0.19541 0.33333 0.41143 0.20428 0.66667 0.20747 0.67648 1.00000 0.45455 1.00000 1.00000 0.45238 0.42017
6.00000 53.00000 0.54651 0.61538 1.00000 1.00000 0.36300 0.41652 0.41186 1.00000 1.00000 0.20977 0.70000 0.17179 0.33333 0.44571 0.18594 0.70238 0.27018 0.68107 1.00000 0.45455 1.00000 1.00000 0.47024 0.42342
6.00000 54.00000 0.56395 0.69231 1.00000 1.00000 0.38876 0.39714 0.34680 1.00000 1.00000 0.21695 0.61765 0.17669 0.33333 0.42286 0.18237 0.67262 0.23293 0.68180 1.00000 0.36364 1.00000 1.00000 0.57738 0.46498
6.00000 55.00000 0.54651 0.46154 1.00000 1.00000 0.34895 0.42083 0.55788 1.00000 1.00000 0.17289 0.68235 0.16809 0.33333 0.42286 0.20173 0.67857 0.20585 0.67021 1.00000 0.45455 1.00000 1.00000 0.42262 0.43279
6.00000 56.00000 0.54651 0.69231 1.00000 1.00000 0.47775 0.35389 0.37348 1.00000 1.00000 0.20881 0.68824 0.17858 0.33333 0.40571 0.21294 0.70238 0.24682 0.58402 1.00000 0.45455 1.00000 1.00000 0.38095 0.42184
6.00000 57.00000 0.49419 0.46154 1.00000 1.00000 0.47541 0.50949 0.32231 1.00000 1.00000 0.15469 0.69412 0.17729 0.33333 0.43429 0.17830 0.66071 0.18133 0.61661 1.00000 0.45455 1.00000 1.00000 0.47024 0.37054
6.00000 58.00000 0.20349 0.61538 1.00000 1.00000 0.35597 0.41515 0.24680 1.00000 1.00000 0.19109 0.65882 0.19125 0.33333 0.45143 0.20020 0.63095 0.20758 0.63955 1.00000 0.18182 1.00000 1.00000 0.51786 0.34892
6.00000 59.00000 0.30814 0.76923 1.00000 1.00000 0.29508 0.57174 0.51810 1.00000 1.00000 0.19875 0.64706 0.17526 0.33333 0.51429 0.21600 0.69048 0.21528 0.63037 1.00000 0.27273 1.00000 1.00000 0.47024 0.45385
6.00000 60.00000 0.29651 0.53846 1.00000 1.00000 0.42623 0.54061 0.46583 1.00000 1.00000 0.22174 0.68824 0.21671 0.33333 0.44000 0.19868 0.66667 0.20920 0.70208 1.00000 0.54545 1.00000 1.00000 0.39881 0.38250
6.00000 61.00000 0.58140 0.61538 1.00000 1.00000 0.43794 0.38501 0.41139 1.00000 1.00000 0.22079 0.68235 0.17715 0.33333 0.46857 0.17473 0.69048 0.20710 0.62337 1.00000 0.36364 1.00000 1.00000 0.45238 0.47834
6.00000 62.00000 0.58140 0.61538 1.00000 1.00000 0.33489 0.35075 0.44243 1.00000 1.00000 0.20067 0.69412 0.20031 0.33333 0.53714 0.19715 0.69643 0.21392 0.72453 1.00000 0.36364 1.00000 1.00000 0.44643 0.40217
6.00000 63.00000 0.47093 0.15385 1.00000 1.00000 0.48478 0.49383 0.55398 1.00000 1.00000 0.17481 0.68235 0.20941 0.33333 0.53143 0.19664 0.68452 0.21187 0.68614 1.00000 0.36364 1.00000 1.00000 0.42262 0.40653
6.00000 64.00000 0.43023 0.23077 1.00000 1.00000 0.42155 0.34214 0.61622 1.00000 1.00000 0.21456 0.68824 0.19379 0.33333 0.44000 0.21549 0.63690 0.18672 0.60768 1.00000 0.45455 1.00000 1.00000 0.35714 0.36024
6.00000 65.00000 0.44186 0.23077 1.00000 1.00000 0.39813 0.56175 0.42668 1.00000 1.00000 0.22941 0.68235 0.18579 0.33333 0.40000 0.21396 0.66071 0.22413 0.67455 1.00000 0.45455 1.00000 1.00000 0.35714 0.30003
6.00000 66.00000 0.56977 0.23077 1.00000 1.00000 0.36066 0.31689 0.28955 1.00000 1.00000 0.17337 0.68824 0.22078 0.33333 0.33143 0.20224 0.67262 0.23272 0.71898 1.00000 0.63636 1.00000 1.00000 0.46429 0.57371
6.00000 67.00000 0.48837 0.15385 1.00000 1.00000 0.36300 0.44764 0.40452 1.00000 1.00000 0.19444 0.67647 0.23159 0.33333 0.37714 0.18798 0.68452 0.21428 0.61444 1.00000 0.54545 1.00000 1.00000 0.44643 0.38102
6.00000 68.00000 0.45349 0.30769 1.00000 1.00000 0.34895 0.52261 0.38222 1.00000 1.00000 0.20594 0.67059 0.20844 0.33333 0.49714 0.20988 0.66667 0.19416 0.64365 1.00000 0.36364 1.00000 1.00000 0.42857 0.33148
6.00000 69.00000 0.59302 0.30769 1.00000 1.00000 0.32787 0.53024 0.30140 1.00000 1.00000 0.19875 0.69412 0.22364 0.33333 0.32000 0.19358 0.71429 0.20270 0.62506 1.00000 0.36364 1.00000 1.00000 0.51190 0.45264
6.00000 70.00000 0.35465 0.30769 1.00000 1.00000 0.44496 0.37033 0.47707 1.00000 1.00000 0.19205 0.69412 0.21944 0.33333 0.30857 0.21192 0.67857 0.23084 0.71922 1.00000 0.36364 1.00000 1.00000 0.52976 0.37647
6.00000 71.00000 0.61047 0.46154 1.00000 1.00000 0.38173 0.43061 0.36989 1.00000 1.00000 0.17864 0.69412 0.21135 0.33333 0.45714 0.19358 0.69048 0.21454 0.69845 1.00000 0.45455 1.00000 1.00000 0.47024 0.37777
6.00000 72.00000 0.45349 0.61538 1.00000 1.00000 0.36300 0.44842 0.48814 1.00000 1.00000 0.18870 0.65294 0.19924 0.33333 0.41714 0.19409 0.66667 0.22418 0.61178 1.00000 0.36364 1.00000 1.00000 0.39881 0.43752
6.00000 73.00000 0.62209 0.15385 1.00000 1.00000 0.21077 0.54433 0.37051 1.00000 1.00000 0.20594 0.69412 0.21865 0.33333 0.35429 0.19918 0.66667 0.21077 0.75326 1.00000 0.27273 1.00000 1.00000 0.43452 0.50042
6.00000 74.00000 0.66860 0.76923 1.00000 1.00000 0.39344 0.46310 0.51232 1.00000 1.00000 0.15757 0.70588 0.21468 0.33333 0.44571 0.18696 0.65476 0.23016 0.72308 1.00000 0.45455 1.00000 1.00000 0.45238 0.42453
6.00000 75.00000 0.62209 0.76923 1.00000 1.00000 0.36534 0.53670 0.43105 1.00000 1.00000 0.19301 0.70000 0.22605 0.33333 0.35429 0.17626 0.66667 0.25478 0.68059 1.00000 0.36364 1.00000 1.00000 0.45833 0.41683
6.00000 76.00000 0.51163 0.38462 1.00000 1.00000 0.30445 0.58289 0.49095 1.00000 1.00000 0.18918 0.68235 0.18723 0.33333 0.50857 0.21956 0.68452 0.20883 0.70111 1.00000 0.45455 1.00000 1.00000 0.41667 0.52500
6.00000 77.00000 0.44186 0.53846 1.00000 1.00000 0.40749 0.54355 0.45944 1.00000 1.00000 0.23228 0.71765 0.17257 0.33333 0.44571 0.21447 0.68452 0.20538 0.70521 1.00000 0.45455 1.00000 1.00000 0.50000 0.49819
6.00000 78.00000 0.45930 0.53846 1.00000 1.00000 0.46604 0.49736 0.39360 1.00000 1.00000 0.18343 0.66471 0.16148 0.33333 0.58286 0.18288 0.70238 0.22272 0.63713 1.00000 0.27273 1.00000 1.00000 0.44643 0.42453
6.00000 79.00000 0.37209 0.30769 1.00000 1.00000 0.34660 0.46428 0.45913 1.00000 1.00000 0.21360 0.68824 0.19952 0.33333 0.48571 0.19154 0.70833 0.22382 0.63230 1.00000 0.54545 1.00000 1.00000 0.38095 0.52528
6.00000 80.00000 0.42442 0.76923 1.00000 1.00000 0.30679 0.40262 0.32480 1.00000 1.00000 0.18391 0.70000 0.19633 0.33333 0.47429 0.20988 0.67857 0.22088 0.64969 1.00000 0.63636 1.00000 1.00000 0.51786 0.46210
6.00000 81.00000 0.47093 0.30769 1.00000 1.00000 0.38642 0.52691 0.53370 1.00000 1.00000 0.22941 0.67059 0.19910 0.33333 0.36000 0.16964 0.70238 0.22418 0.64558 1.00000 0.36364 1.00000 1.00000 0.36905 0.44939
6.00000 82.00000 0.66279 0.76923 1.00000 1.00000 0.23888 0.43609 0.49610 1.00000 1.00000 0.21073 0.70588 0.20285 0.33333 0.48571 0.21243 0.66667 0.23016 0.59802 1.00000 0.45455 1.00000 1.00000 0.47619 0.41590
6.00000 83.00000 0.54651 0.38462 1.00000 1.00000 0.39110 0.41789 0.38050 1.00000 1.00000 0.22653 0.69412 0.19088 0.33333 0.37714 0.18390 0.66667 0.22382 0.63303 1.00000 0.45455 1.00000 1.00000 0.37500 0.33853
6.00000 84.00000 0.40698 0.15385 1.00000 1.00000 0.37471 0.45880 0.46006 1.00000 1.00000 0.17337 0.68235 0.23016 0.33333 0.45143 0.20683 0.66071 0.22057 0.67359 1.00000 0.27273 1.00000 1.00000 0.40476 0.38974
6.00000 85.00000 0.43023 0.38462 1.00000 1.00000 0.34895 0.43883 0.41966 1.00000 1.00000 0.19588 0.70588 0.20414 0.33333 0.45143 0.18645 0.69643 0.22088 0.71994 1.00000 0.54545 1.00000 1.00000 0.49405 0.45904
6.00000 86.00000 0.65698 0.76923 1.00000 1.00000 0.41920 0.40771 0.39735 1.00000 1.00000 0.18822 0.70588 0.20137 0.33333 0.42286 0.16709 0.67857 0.23351 0.63013 1.00000 0.63636 1.00000 1.00000 0.40476 0.47834
6.00000 87.00000 0.51744 0.23077 1.00000 1.00000 0.33255 0.38559 0.40094 1.00000 1.00000 0.18582 0.68235 0.17156 0.33333 0.42286 0.17219 0.66071 0.22979 0.67648 1.00000 0.45455 1.00000 1.00000 0.34524 0.41618
6.00000 88.00000 0.45349 0.53846 1.00000 1.00000 0.58548 0.46643 0.43339 1.00000 1.00000 0.21504 0.71765 0.20373 0.33333 0.39429 0.21905 0.67262 0.20679 0.71801 1.00000 0.45455 1.00000 1.00000 0.36905 0.49624
6.00000 89.00000 0.44767 0.84615 1.00000 1.00000 0.29508 0.40575 0.45382 1.00000 1.00000 0.22126 0.66471 0.22078 0.33333 0.42286 0.21039 0.69048 0.21397 0.72815 1.00000 0.36364 1.00000 1.00000 0.34524 0.42852
6.00000 90.00000 0.49419 0.38462 1.00000 1.00000 0.31148 0.55706 0.42168 1.00000 1.00000 0.22797 0.69412 0.18787 0.33333 0.34857 0.18951 0.65476 0.22177 0.75374 1.00000 0.45455 1.00000 1.00000 0.39881 0.41367
6.00000 91.00000 0.45349 0.07692 1.00000 1.00000 0.40984 0.41398 0.46240 1.00000 1.00000 0.18774 0.71765 0.17932 0.33333 0.38857 0.17728 0.66071 0.23938 0.70594 1.00000 0.45455 1.00000 1.00000 0.38690 0.50877
6.00000 92.00000 0.37791 0.61538 1.00000 1.00000 0.39344 0.57546 0.38799 1.00000 1.00000 0.20019 0.68235 0.19032 0.33333 0.43429 0.19511 0.69048 0.21192 0.66007 1.00000 0.45455 1.00000 1.00000 0.41667 0.34938
6.00000 93.00000 0.46512 0.30769 1.00000 1.00000 0.41218 0.47544 0.37660 1.00000 1.00000 0.20738 0.69412 0.16698 0.33333 0.41714 0.19256 0.67857 0.21627 0.69821 1.00000 0.45455 1.00000 1.00000 0.42262 0.52009
6.00000 94.00000 0.54651 0.53846 1.00000 1.00000 0.45667 0.52613 0.31591 1.00000 1.00000 0.15948 0.69412 0.21731 0.33333 0.40571 0.19103 0.65476 0.23398 0.70280 1.00000 0.45455 1.00000 1.00000 0.44048 0.37369
6.00000 95.00000 0.70349 0.69231 1.00000 1.00000 0.29040 0.59601 0.45523 1.00000 1.00000 0.20738 0.65294 0.16527 0.33333 0.42857 0.20428 0.69048 0.22759 0.64051 1.00000 0.54545 1.00000 1.00000 0.42857 0.48669
6.00000 96.00000 0.04651 0.15385 1.00000 1.00000 0.42623 0.45625 0.59454 1.00000 1.00000 0.19061 0.70588 0.23432 0.33333 0.43429 0.20530 0.68452 0.20286 0.64099 1.00000 0.45455 1.00000 1.00000 0.54167 0.42397
6.00000 97.00000 0.55814 0.15385 1.00000 1.00000 0.40515 0.44001 0.45148 1.00000 1.00000 0.21073 0.72941 0.22300 0.33333 0.45143 0.20886 0.67262 0.19270 0.59174 1.00000 0.54545 1.00000 1.00000 0.47619 0.43511
6.00000 98.00000 0.48256 0.76923 1.00000 1.00000 0.29040 0.45997 0.45195 1.00000 1.00000 0.19923 0.65882 0.17419 0.33333 0.41714 0.20886 0.71429 0.19390 0.57895 1.00000 0.45455 1.00000 1.00000 0.47024 0.42063
6.00000 99.00000 0.42442 0.61538 1.00000 1.00000 0.37705 0.56058 0.53869 1.00000 1.00000 0.18008 0.68235 0.24453 0.33333 0.46286 0.23077 0.69643 0.25551 0.64365 1.00000 0.27273 1.00000 1.00000 0.46429 0.46656
6.00000 100.00000 0.43605 0.46154 1.00000 1.00000 0.32084 0.41867 0.42044 1.00000 1.00000 0.17577 0.65882 0.20174 0.33333 0.47429 0.21345 0.67857 0.23199 0.69049 1.00000 0.36364 1.00000 1.00000 0.46429 0.47620
6.00000 101.00000 0.30233 0.46154 1.00000 1.00000 0.42623 0.39656 0.42933 1.00000 1.00000 0.21169 0.70000 0.20012 0.33333 0.37143 0.19969 0.66667 0.23073 0.63110 1.00000 0.45455 1.00000 1.00000 0.35714 0.42351
6.00000 102.00000 0.43605 0.15385 1.00000 1.00000 0.24824 0.45293 0.47878 1.00000 1.00000 0.19301 0.68824 0.22452 0.33333 0.46286 0.18645 0.66667 0.23131 0.64510 1.00000 0.45455 1.00000 1.00000 0.45238 0.41191
6.00000 103.00000 0.34302 0.84615 1.00000 1.00000 0.29508 0.54805 0.39657 1.00000 1.00000 0.19109 0.68235 0.17211 0.33333 0.48000 0.17320 0.69048 0.21606 0.68566 1.00000 0.45455 1.00000 1.00000 0.44048 0.51600
6.00000 104.00000 0.65698 0.76923 1.00000 1.00000 0.31850 0.49364 0.47348 1.00000 1.00000 0.20211 0.67647 0.18561 0.33333 0.41714 0.20835 0.66667 0.23162 0.67866 1.00000 0.45455 1.00000 1.00000 0.42857 0.45245
6.00000 105.00000 0.31395 0.15385 1.00000 1.00000 0.44965 0.48757 0.49938 1.00000 1.00000 0.16140 0.71176 0.20345 0.33333 0.46286 0.18747 0.69643 0.20847 0.74722 1.00000 0.45455 1.00000 1.00000 0.46429 0.28082
6.00000 106.00000 0.34884 0.23077 1.00000 1.00000 0.50585 0.59151 0.52231 1.00000 1.00000 0.17193 0.69412 0.23058 0.33333 0.38286 0.19969 0.69048 0.21491 0.71197 1.00000 0.36364 1.00000 1.00000 0.41667 0.41581
6.00000 107.00000 0.77326 0.76923 1.00000 1.00000 0.37939 0.41769 0.40983 1.00000 1.00000 0.18822 0.67059 0.22226 0.33333 0.42286 0.19256 0.67262 0.19170 0.63423 1.00000 0.45455 1.00000 1.00000 0.47024 0.43640
6.00000 108.00000 0.62791 0.76923 1.00000 1.00000 0.46838 0.54375 0.45320 1.00000 1.00000 0.19732 0.67647 0.21468 0.33333 0.50857 0.18339 0.70833 0.23571 0.66562 1.00000 0.45455 1.00000 1.00000 0.35119 0.43158
6.00000 109.00000 0.60465 0.30769 1.00000 1.00000 0.43091 0.52691 0.36505 1.00000 1.00000 0.14895 0.69412 0.21329 0.33333 0.45143 0.19103 0.66667 0.21418 0.69797 1.00000 0.36364 1.00000 1.00000 0.35119 0.31033
6.00000 110.00000 0.73837 0.61538 1.00000 1.00000 0.43560 0.47387 0.46412 1.00000 1.00000 0.18439 0.70000 0.21819 0.33333 0.44000 0.21141 0.68452 0.21454 0.64027 1.00000 0.18182 1.00000 1.00000 0.38095 0.42676
6.00000 111.00000 0.16279 0.53846 1.00000 1.00000 0.36534 0.57154 0.37145 1.00000 1.00000 0.19157 0.69412 0.19767 0.33333 0.47429 0.19358 0.70833 0.19574 0.69845 1.00000 0.45455 1.00000 1.00000 0.33333 0.47518
6.00000 112.00000 0.47093 0.38462 1.00000 1.00000 0.31148 0.54277 0.43136 1.00000 1.00000 0.22462 0.68824 0.21325 0.33333 0.40000 0.21651 0.67857 0.22256 0.62675 1.00000 0.45455 1.00000 1.00000 0.39881 0.49068
6.00000 113.00000 0.69767 0.30769 1.00000 1.00000 0.32319 0.42885 0.46615 1.00000 1.00000 0.22031 0.71765 0.18251 0.33333 0.39429 0.20428 0.67262 0.20218 0.65427 1.00000 0.45455 1.00000 1.00000 0.39286 0.52435
6.00000 114.00000 0.77907 0.38462 1.00000 1.00000 0.41452 0.53944 0.32387 1.00000 1.00000 0.19349 0.68235 0.20257 0.33333 0.37714 0.19562 0.69048 0.25363 0.80227 1.00000 0.36364 1.00000 1.00000 0.40476 0.31905
6.00000 115.00000 0.34302 0.23077 1.00000 1.00000 0.42857 0.44608 0.54477 1.00000 1.00000 0.20067 0.67647 0.20899 0.33333 0.44571 0.18441 0.73214 0.21512 0.62409 1.00000 0.54545 1.00000 1.00000 0.44048 0.38093
6.00000 116.00000 0.66279 0.69231 1.00000 1.00000 0.28103 0.51517 0.46490 1.00000 1.00000 0.20211 0.70000 0.18894 0.33333 0.46286 0.21294 0.70238 0.24257 0.59971 1.00000 0.36364 1.00000 1.00000 0.39286 0.42954
6.00000 117.00000 0.50000 0.46154 1.00000 1.00000 0.31850 0.40243 0.47379 1.00000 1.00000 0.17529 0.72941 0.21163 0.33333 0.38857 0.18543 0.69048 0.22722 0.73394 1.00000 0.45455 1.00000 1.00000 0.37500 0.37814
6.00000 118.00000 0.39535 0.38462 1.00000 1.00000 0.43794 0.70620 0.36022 1.00000 1.00000 0.22318 0.70000 0.20645 0.33333 0.44000 0.20428 0.72024 0.22560 0.68421 1.00000 0.45455 1.00000 1.00000 0.40476 0.41516
6.00000 119.00000 0.51744 0.30769 1.00000 1.00000 0.32787 0.54375 0.52231 1.00000 1.00000 0.19349 0.70000 0.20562 0.33333 0.46286 0.17881 0.67262 0.19762 0.66779 1.00000 0.27273 1.00000 1.00000 0.38690 0.39586
6.00000 120.00000 0.48256 0.53846 1.00000 1.00000 0.32553 0.46193 0.53791 1.00000 1.00000 0.16667 0.72353 0.18473 0.33333 0.37143 0.21651 0.68452 0.20176 0.57146 1.00000 0.36364 1.00000 1.00000 0.36310 0.41859
6.00000 121.00000 0.43605 0.38462 1.00000 1.00000 0.37705 0.51948 0.49797 1.00000 1.00000 0.20019 0.68824 0.23552 0.33333 0.54857 0.20632 0.65476 0.18997 0.72284 1.00000 0.36364 1.00000 1.00000 0.27381 0.49151
6.00000 122.00000 0.24419 0.69231 1.00000 1.00000 0.36300 0.61930 0.44025 1.00000 1.00000 0.19780 0.69412 0.14267 0.33333 0.44000 0.20020 0.67262 0.21460 0.73443 1.00000 0.36364 1.00000 1.00000 0.39286 0.42035
6.00000 123.00000 0.59884 0.46154 1.00000 1.00000 0.33489 0.43061 0.46381 1.00000 1.00000 0.17577 0.71176 0.21228 0.33333 0.48571 0.20479 0.72619 0.24394 0.70014 1.00000 0.36364 1.00000 1.00000 0.35119 0.42759
6.00000 124.00000 0.66860 0.84615 1.00000 1.00000 0.35363 0.53905 0.43963 1.00000 1.00000 0.16571 0.70588 0.21417 0.33333 0.58857 0.18798 0.73214 0.22528 0.62965 1.00000 0.54545 1.00000 1.00000 0.38095 0.33129
6.00000 125.00000 0.58721 0.15385 1.00000 1.00000 0.37705 0.61108 0.54821 1.00000 1.00000 0.17481 0.70588 0.19809 0.33333 0.38857 0.20937 0.66071 0.23634 0.68011 1.00000 0.54545 1.00000 1.00000 0.39881 0.43854
6.00000 126.00000 0.42442 0.38462 1.00000 1.00000 0.37471 0.42200 0.48066 1.00000 1.00000 0.20402 0.71176 0.19605 0.33333 0.53143 0.18492 0.70833 0.21444 0.63858 1.00000 0.27273 1.00000 1.00000 0.51786 0.31997
6.00000 127.00000 0.59884 0.69231 1.00000 1.00000 0.40281 0.45547 0.48284 1.00000 1.00000 0.17912 0.70588 0.19259 0.33333 0.41714 0.19307 0.69048 0.24944 0.58788 1.00000 0.36364 1.00000 1.00000 0.33333 0.43770
6.00000 128.00000 0.58721 0.61538 1.00000 1.00000 0.47073 0.47641 0.48518 1.00000 1.00000 0.19349 0.74706 0.20442 0.33333 0.52571 0.18951 0.67857 0.20967 0.71149 1.00000 0.54545 1.00000 1.00000 0.50000 0.38093
6.00000 129.00000 0.54651 0.84615 1.00000 1.00000 0.54333 0.41769 0.59797 1.00000 1.00000 0.16092 0.69412 0.20003 0.33333 0.44571 0.20886 0.70833 0.23314 0.66393 1.00000 0.27273 1.00000 1.00000 0.43452 0.44364
6.00000 130.00000 0.75581 0.07692 1.00000 1.00000 0.52459 0.49403 0.47910 1.00000 1.00000 0.19971 0.68235 0.19901 0.33333 0.46286 0.18798 0.67262 0.23602 0.66103 1.00000 0.45455 1.00000 1.00000 0.36905 0.44707
6.00000 131.00000 0.44186 0.61538 1.00000 1.00000 0.31850 0.40654 0.44025 1.00000 1.00000 0.16619 0.69412 0.20715 0.33333 0.52000 0.18798 0.72024 0.22984 0.65934 1.00000 0.45455 1.00000 1.00000 0.44048 0.42035
6.00000 132.00000 0.57558 0.30769 1.00000 1.00000 0.42389 0.59425 0.51966 1.00000 1.00000 0.18534 0.71176 0.20419 0.33333 0.41714 0.19409 0.69643 0.22020 0.57001 1.00000 0.45455 1.00000 1.00000 0.32738 0.44290
6.00000 133.00000 0.79651 0.15385 1.00000 1.00000 0.39110 0.38618 0.61794 1.00000 1.00000 0.16667 0.70000 0.22609 0.33333 0.48000 0.19715 0.72024 0.23440 0.62578 1.00000 0.36364 1.00000 1.00000 0.36310 0.35959
6.00000 134.00000 0.65116 0.84615 1.00000 1.00000 0.45667 0.55197 0.47707 1.00000 1.00000 0.18534 0.71176 0.17655 0.33333 0.39429 0.20377 0.69048 0.21832 0.59078 1.00000 0.45455 1.00000 1.00000 0.38095 0.34669
6.00000 135.00000 0.70349 0.46154 1.00000 1.00000 0.35597 0.38657 0.59984 1.00000 1.00000 0.18151 0.72941 0.19476 0.33333 0.45714 0.19460 0.66667 0.18987 0.71946 1.00000 0.45455 1.00000 1.00000 0.32738 0.34131
6.00000 136.00000 0.51163 0.69231 1.00000 1.00000 0.38407 0.59894 0.46942 1.00000 1.00000 0.18391 0.73529 0.19869 0.33333 0.50857 0.16862 0.65476 0.22581 0.61564 1.00000 0.63636 1.00000 1.00000 0.47619 0.35736
6.00000 137.00000 0.39535 0.76923 1.00000 1.00000 0.41920 0.63750 0.50140 1.00000 1.00000 0.15278 0.71176 0.22207 0.33333 0.47429 0.19766 0.69643 0.21517 0.73491 1.00000 0.54545 1.00000 1.00000 0.41667 0.38130
6.00000 138.00000 0.42442 0.69231 1.00000 1.00000 0.56440 0.51713 0.41856 1.00000 1.00000 0.15182 0.67059 0.19203 0.33333 0.59429 0.19256 0.72024 0.23723 0.66369 1.00000 0.45455 1.00000 1.00000 0.41667 0.41618
6.00000 139.00000 0.37791 0.76923 1.00000 1.00000 0.30913 0.50382 0.40265 1.00000 1.00000 0.15948 0.69412 0.21671 0.33333 0.42286 0.18798 0.65476 0.23456 0.72236 1.00000 0.45455 1.00000 1.00000 0.42262 0.36673
6.00000 140.00000 0.65698 0.15385 1.00000 1.00000 0.36768 0.45058 0.45070 1.00000 1.00000 0.16571 0.70588 0.20248 0.33333 0.42286 0.15537 0.68452 0.19809 0.72356 1.00000 0.54545 1.00000 1.00000 0.46429 0.42694
6.00000 141.00000 0.17442 0.76923 1.00000 1.00000 0.47073 0.40595 0.53229 1.00000 1.00000 0.20354 0.69412 0.23390 0.33333 0.40571 0.21090 0.69048 0.22879 0.76050 1.00000 0.27273 1.00000 1.00000 0.33929 0.38222
6.00000 142.00000 0.52326 0.46154 1.00000 1.00000 0.46604 0.46447 0.44462 1.00000 1.00000 0.17385 0.67647 0.19855 0.33333 0.46286 0.17269 0.70833 0.21496 0.61082 1.00000 0.36364 1.00000 1.00000 0.33333 0.38352
6.00000 143.00000 0.44767 0.53846 1.00000 1.00000 0.31382 0.54570 0.24041 1.00000 1.00000 0.18199 0.70000 0.20654 0.33333 0.51429 0.18594 0.68452 0.24378 0.67576 1.00000 0.54545 1.00000 1.00000 0.26190 0.45913
6.00000 144.00000 0.39535 0.84615 1.00000 1.00000 0.44731 0.59014 0.56661 1.00000 1.00000 0.19013 0.71176 0.22817 0.33333 0.49143 0.20122 0.71429 0.24215 0.68180 1.00000 0.45455 1.00000 1.00000 0.39286 0.35244
6.00000 145.00000 0.70930 0.38462 1.00000 1.00000 0.42623 0.60227 0.51061 1.00000 1.00000 0.19780 0.68235 0.21801 0.33333 0.50857 0.18441 0.72619 0.22282 0.66490 1.00000 0.45455 1.00000 1.00000 0.43452 0.41052
6.00000 146.00000 0.59884 0.46154 1.00000 1.00000 0.38407 0.70836 0.49719 1.00000 1.00000 0.17529 0.72353 0.24675 0.33333 0.47429 0.17575 0.70238 0.25190 0.64800 1.00000 0.36364 1.00000 1.00000 0.38095 0.32044
6.00000 147.00000 0.26744 0.69231 1.00000 1.00000 0.41920 0.45449 0.49969 1.00000 1.00000 0.18870 0.71176 0.22623 0.33333 0.50857 0.21243 0.72024 0.25530 0.64824 1.00000 0.63636 1.00000 1.00000 0.54762 0.32888
6.00000 148.00000 0.57558 0.15385 1.00000 1.00000 0.47775 0.59796 0.52995 1.00000 1.00000 0.19205 0.72941 0.21643 0.33333 0.50286 0.18543 0.70833 0.23010 0.63713 1.00000 0.54545 1.00000 1.00000 0.47024 0.38594
6.00000 149.00000 0.49419 0.38462 1.00000 1.00000 0.44731 0.69505 0.52356 1.00000 1.00000 0.16571 0.71176 0.19652 0.33333 0.47429 0.19664 0.67262 0.20658 0.71511 1.00000 0.63636 1.00000 1.00000 0.41071 0.34632
6.00000 150.00000 0.43605 0.38462 1.00000 1.00000 0.50820 0.45528 0.46225 1.00000 1.00000 0.15852 0.71765 0.18598 0.33333 0.49714 0.17626 0.69048 0.22020 0.61057 1.00000 0.45455 1.00000 1.00000 0.39286 0.39577
6.00000 151.00000 0.36047 0.76923 1.00000 1.00000 0.45667 0.44001 0.50702 1.00000 1.00000 0.16140 0.72353 0.18986 0.33333 0.46857 0.18951 0.66071 0.22125 0.75809 1.00000 0.45455 1.00000 1.00000 0.30952 0.42843
6.00000 152.00000 0.38372 0.76923 1.00000 1.00000 0.45199 0.54453 0.56209 1.00000 1.00000 0.21121 0.69412 0.24661 0.33333 0.52000 0.17371 0.71429 0.22633 0.72236 1.00000 0.36364 1.00000 1.00000 0.44048 0.41590
6.00000 153.00000 0.40116 0.53846 1.00000 1.00000 0.44496 0.44999 0.43838 1.00000 1.00000 0.17385 0.72353 0.22355 0.33333 0.48571 0.18798 0.70238 0.22659 0.66345 1.00000 0.36364 1.00000 1.00000 0.41667 0.43872
6.00000 154.00000 0.44186 0.76923 1.00000 1.00000 0.44965 0.55588 0.43183 1.00000 1.00000 0.16236 0.70000 0.23936 0.33333 0.57714 0.19409 0.72024 0.21653 0.66345 1.00000 0.45455 1.00000 1.00000 0.37500 0.27368
6.00000 155.00000 0.62791 0.84615 1.00000 1.00000 0.49180 0.46800 0.48409 1.00000 1.00000 0.17625 0.72353 0.24153 0.33333 0.56000 0.16556 0.67857 0.24430 0.64027 1.00000 0.45455 1.00000 1.00000 0.44643 0.34391
6.00000 156.00000 0.43023 0.23077 1.00000 1.00000 0.47307 0.61969 0.55070 1.00000 1.00000 0.20546 0.71176 0.18510 0.33333 0.45714 0.18645 0.72024 0.20255 0.69363 1.00000 0.63636 1.00000 1.00000 0.32143 0.44735
6.00000 157.00000 0.51163 0.84615 1.00000 1.00000 0.45902 0.51419 0.49158 1.00000 1.00000 0.17289 0.70000 0.21089 0.33333 0.53714 0.20530 0.67857 0.23980 0.68180 1.00000 0.45455 1.00000 1.00000 0.27381 0.31367
6.00000 158.00000 0.59884 0.15385 1.00000 1.00000 0.30679 0.46682 0.46178 1.00000 1.00000 0.18103 0.70588 0.21408 0.33333 0.50857 0.20530 0.67857 0.23524 0.73443 1.00000 0.54545 1.00000 1.00000 0.33333 0.29511
6.00000 159.00000 0.47093 0.53846 1.00000 1.00000 0.41920 0.44647 0.44368 1.00000 1.00000 0.18487 0.70000 0.23256 0.33333 0.54857 0.17881 0.69643 0.25373 0.70159 1.00000 0.54545 1.00000 1.00000 0.44048 0.34187
6.00000 160.00000 0.56395 0.15385 1.00000 1.00000 0.42857 0.45097 0.53276 1.00000 1.00000 0.14655 0.70000 0.22411 0.33333 0.48571 0.19613 0.69048 0.22628 0.69604 1.00000 0.45455 1.00000 1.00000 0.29167 0.36386
6.00000 161.00000 0.49419 0.15385 1.00000 1.00000 0.39344 0.50362 0.45959 1.00000 1.00000 0.20354 0.71765 0.22776 0.33333 0.45714 0.18696 0.69643 0.19443 0.66079 1.00000 0.45455 1.00000 1.00000 0.34524 0.25067
6.00000 162.00000 0.48256 0.46154 1.00000 1.00000 0.37939 0.47857 0.39470 1.00000 1.00000 0.20546 0.70588 0.26764 0.33333 0.41143 0.17066 0.69048 0.23403 0.67986 1.00000 0.45455 1.00000 1.00000 0.39286 0.30179
6.00000 163.00000 0.29651 0.76923 1.00000 1.00000 0.44731 0.61499 0.51092 1.00000 1.00000 0.16140 0.71765 0.20876 0.33333 0.45143 0.18900 0.68452 0.23293 0.70715 1.00000 0.54545 1.00000 1.00000 0.39286 0.31858
6.00000 164.00000 0.72093 0.15385 1.00000 1.00000 0.34660 0.40164 0.44649 1.00000 1.00000 0.15852 0.71765 0.23007 0.33333 0.49143 0.17066 0.73810 0.24121 0.68180 1.00000 0.36364 1.00000 1.00000 0.32143 0.35736
6.00000 165.00000 0.67442 0.76923 1.00000 1.00000 0.33724 0.45606 0.54540 1.00000 1.00000 0.15278 0.70588 0.24504 0.33333 0.41143 0.15232 0.69048 0.23802 0.75374 1.00000 0.54545 1.00000 1.00000 0.33333 0.41191
6.00000 166.00000 0.39535 0.23077 1.00000 1.00000 0.38642 0.44823 0.54571 1.00000 1.00000 0.15900 0.68824 0.19199 0.33333 0.50857 0.19256 0.70238 0.26023 0.62458 1.00000 0.45455 1.00000 1.00000 0.38690 0.34205
6.00000 167.00000 0.55814 0.61538 1.00000 1.00000 0.40749 0.43081 0.58924 1.00000 1.00000 0.19828 0.70588 0.23649 0.33333 0.50286 0.20835 0.68452 0.23843 0.69459 1.00000 0.36364 1.00000 1.00000 0.29167 0.43251
6.00000 168.00000 0.50000 0.15385 1.00000 1.00000 0.49649 0.55060 0.48955 1.00000 1.00000 0.17098 0.70588 0.21533 0.33333 0.56000 0.18645 0.67857 0.21171 0.67286 1.00000 0.45455 1.00000 1.00000 0.41071 0.46758
6.00000 169.00000 0.30233 0.23077 1.00000 1.00000 0.48712 0.53494 0.45601 1.00000 1.00000 0.20211 0.69412 0.19517 0.33333 0.61143 0.17219 0.70238 0.21140 0.78271 1.00000 0.45455 1.00000 1.00000 0.29167 0.41451
6.00000 170.00000 0.51163 0.23077 1.00000 1.00000 0.49415 0.59562 0.55850 1.00000 1.00000 0.18870 0.67647 0.23280 0.33333 0.60000 0.19613 0.69048 0.24184 0.70980 1.00000 0.45455 1.00000 1.00000 0.46429 0.39809
6.00000 171.00000 0.41279 0.61538 1.00000 1.00000 0.34192 0.60266 0.55616 1.00000 1.00000 0.17289 0.71176 0.22679 0.33333 0.56000 0.18441 0.70238 0.22617 0.79841 1.00000 0.54545 1.00000 1.00000 0.34524 0.38176
6.00000 172.00000 0.37209 0.30769 1.00000 1.00000 0.48009 0.47211 0.57223 1.00000 1.00000 0.15996 0.69412 0.18256 0.33333 0.53714 0.16454 0.68452 0.21318 0.61685 1.00000 0.45455 1.00000 1.00000 0.39286 0.38148
6.00000 173.00000 0.37209 0.46154 1.00000 1.00000 0.47307 0.61147 0.51092 1.00000 1.00000 0.16762 0.69412 0.21223 0.33333 0.54857 0.16047 0.68452 0.25771 0.80662 1.00000 0.54545 1.00000 1.00000 0.31548 0.32276
6.00000 174.00000 0.44767 0.84615 1.00000 1.00000 0.34192 0.51517 0.54696 1.00000 1.00000 0.19061 0.72941 0.21200 0.33333 0.56000 0.18543 0.73214 0.22314 0.66900 1.00000 0.54545 1.00000 1.00000 0.35119 0.43548
6.00000 175.00000 0.36047 0.53846 1.00000 1.00000 0.49649 0.61812 0.56271 1.00000 1.00000 0.20211 0.71176 0.23275 0.33333 0.51429 0.16964 0.68452 0.24504 0.71994 1.00000 0.45455 1.00000 1.00000 0.35714 0.39466
6.00000 176.00000 0.62791 0.84615 1.00000 1.00000 0.33255 0.58720 0.42824 1.00000 1.00000 0.14559 0.71176 0.22318 0.33333 0.43429 0.19664 0.70238 0.22345 0.68324 1.00000 0.54545 1.00000 1.00000 0.39881 0.44039
6.00000 177.00000 0.40698 0.53846 1.00000 1.00000 0.54567 0.44901 0.48799 1.00000 1.00000 0.17098 0.72353 0.19739 0.33333 0.54286 0.17015 0.66071 0.24525 0.77088 1.00000 0.54545 1.00000 1.00000 0.38095 0.42221
6.00000 178.00000 0.44186 0.23077 1.00000 1.00000 0.55035 0.44803 0.45398 1.00000 1.00000 0.16762 0.70000 0.20696 0.33333 0.57714 0.17473 0.70238 0.24986 0.72718 1.00000 0.36364 1.00000 1.00000 0.44643 0.33834
6.00000 179.00000 0.56977 0.61538 1.00000 1.00000 0.36300 0.51556 0.49173 1.00000 1.00000 0.21695 0.72941 0.21583 0.33333 0.64571 0.16862 0.67262 0.21156 0.65814 1.00000 0.45455 1.00000 1.00000 0.39881 0.39020
6.00000 180.00000 0.52326 0.53846 1.00000 1.00000 0.51054 0.56841 0.52418 1.00000 1.00000 0.16810 0.72941 0.20812 0.33333 0.53143 0.15436 0.67857 0.21512 0.75181 1.00000 0.54545 1.00000 1.00000 0.30952 0.34205
6.00000 181.00000 0.68605 0.23077 1.00000 1.00000 0.46370 0.67410 0.54197 1.00000 1.00000 0.14224 0.72353 0.21472 0.33333 0.53714 0.16760 0.68452 0.22649 0.70208 1.00000 0.45455 1.00000 1.00000 0.43452 0.31877
6.00000 182.00000 0.33140 0.38462 1.00000 1.00000 0.47775 0.58583 0.51654 1.00000 1.00000 0.15038 0.72353 0.19041 0.33333 0.57714 0.19613 0.70238 0.25111 0.74022 1.00000 0.45455 1.00000 1.00000 0.24405 0.27071
6.00000 183.00000 0.40116 0.61538 1.00000 1.00000 0.35129 0.63633 0.53011 1.00000 1.00000 0.16044 0.72353 0.19189 0.33333 0.62857 0.16302 0.70238 0.23419 0.71391 1.00000 0.54545 1.00000 1.00000 0.29762 0.24242
6.00000 184.00000 0.53488 0.30769 1.00000 1.00000 0.35831 0.56939 0.50967 1.00000 1.00000 0.16858 0.67059 0.17803 0.33333 0.53714 0.17575 0.70238 0.20386 0.74650 1.00000 0.36364 1.00000 1.00000 0.38095 0.39150
6.00000 185.00000 0.36047 0.30769 1.00000 1.00000 0.56440 0.61127 0.44493 1.00000 1.00000 0.19732 0.71176 0.22656 0.33333 0.55429 0.19307 0.70833 0.22581 0.71028 1.00000 0.54545 1.00000 1.00000 0.32143 0.38890
6.00000 186.00000 0.62209 0.30769 1.00000 1.00000 0.48478 0.67234 0.56115 1.00000 1.00000 0.18008 0.67647 0.20428 0.33333 0.63429 0.17168 0.72024 0.25164 0.75881 1.00000 0.54545 1.00000 1.00000 0.31548 0.51628
6.00000 187.00000 0.32558 0.23077 1.00000 1.00000 0.38876 0.53592 0.49158 1.00000 1.00000 0.15182 0.71176 0.23511 0.33333 0.56000 0.17269 0.70238 0.21334 0.76775 1.00000 0.54545 1.00000 1.00000 0.32143 0.40013
6.00000 188.00000 0.47093 0.76923 1.00000 1.00000 0.32787 0.55666 0.47051 1.00000 1.00000 0.13075 0.70000 0.22725 0.33333 0.58286 0.16505 0.72024 0.24194 0.80662 1.00000 0.45455 1.00000 1.00000 0.19048 0.21329
6.00000 189.00000 0.33140 0.76923 1.00000 1.00000 0.48946 0.41495 0.51685 1.00000 1.00000 0.13745 0.71765 0.23635 0.33333 0.50857 0.15639 0.69643 0.23948 0.79165 1.00000 0.36364 1.00000 1.00000 0.29762 0.43965
6.00000 190.00000 0.50581 0.46154 1.00000 1.00000 0.49415 0.42415 0.67395 1.00000 1.00000 0.16188 0.73529 0.24005 0.33333 0.57143 0.17066 0.72619 0.21748 0.75519 1.00000 0.63636 1.00000 1.00000 0.40476 0.29966
6.00000 191.00000 0.22093 0.69231 1.00000 1.00000 0.57845 0.68820 0.57769 1.00000 1.00000 0.14416 0.72353 0.21052 0.33333 0.53143 0.17626 0.72619 0.22869 0.71053 1.00000 0.45455 1.00000 1.00000 0.28571 0.32480
6.00000 192.00000 0.37791 0.53846 1.00000 1.00000 0.46604 0.50147 0.63994 1.00000 1.00000 0.15996 0.70000 0.27028 0.33333 0.60571 0.17677 0.73214 0.21779 0.71077 1.00000 0.54545 1.00000 1.00000 0.36310 0.45078
6.00000 193.00000 0.31395 0.46154 1.00000 1.00000 0.46604 0.66060 0.55897 1.00000 1.00000 0.15565 0.71765 0.25281 0.33333 0.49714 0.13041 0.73214 0.23016 0.73491 1.00000 0.63636 1.00000 1.00000 0.34524 0.24269
6.00000 194.00000 0.47674 0.61538 1.00000 1.00000 0.53630 0.58407 0.54774 1.00000 1.00000 0.16858 0.72353 0.19416 0.33333 0.57143 0.16505 0.71429 0.20454 0.68421 1.00000 0.45455 1.00000 1.00000 0.27976 0.43139
6.00000 195.00000 0.59302 0.30769 1.00000 1.00000 0.36300 0.57565 0.61279 1.00000 1.00000 0.14655 0.72941 0.25651 0.33333 0.57143 0.17219 0.69048 0.25216 0.71053 1.00000 0.45455 1.00000 1.00000 0.29762 0.44475
6.00000 196.00000 0.55233 0.15385 1.00000 1.00000 0.35363 0.63280 0.55242 1.00000 1.00000 0.15805 0.68824 0.24333 0.33333 0.50857 0.15843 0.71429 0.24341 0.76437 1.00000 0.45455 1.00000 1.00000 0.36310 0.34029
6.00000 197.00000 0.50000 0.30769 1.00000 1.00000 0.50117 0.45528 0.55491 1.00000 1.00000 0.15326 0.67647 0.23626 0.33333 0.60571 0.16047 0.69048 0.23938 0.66393 1.00000 0.45455 1.00000 1.00000 0.33333 0.34196
6.00000 198.00000 0.24419 0.61538 1.00000 1.00000 0.37705 0.56195 0.59298 1.00000 1.00000 0.11877 0.71176 0.22494 0.33333 0.52000 0.16709 0.69048 0.23870 0.70956 1.00000 0.72727 1.00000 1.00000 0.29762 0.43288
6.00000 199.00000 0.44767 0.76923 1.00000 1.00000 0.52927 0.41476 0.52746 1.00000 1.00000 0.13410 0.72353 0.23714 0.33333 0.44571 0.15792 0.69048 0.22921 0.69990 1.00000 0.54545 1.00000 1.00000 0.36310 0.27869
6.00000 200.00000 0.51163 0.23077 1.00000 1.00000 0.46136 0.67489 0.61529 1.00000 1.00000 0.17193 0.74706 0.25087 0.33333 0.69714 0.17168 0.72024 0.20281 0.75640 1.00000 0.45455 1.00000 1.00000 0.28571 0.26765
6.00000 201.00000 0.51163 0.76923 1.00000 1.00000 0.63466 0.61421 0.52949 1.00000 1.00000 0.18247 0.71765 0.23880 0.33333 0.56571 0.16658 0.69643 0.22733 0.79189 1.00000 0.54545 1.00000 1.00000 0.27976 0.37267
6.00000 202.00000 0.48837 0.76923 1.00000 1.00000 0.51054 0.56939 0.53978 1.00000 1.00000 0.13602 0.72353 0.21884 0.33333 0.50857 0.14977 0.69643 0.22308 0.73563 1.00000 0.54545 1.00000 1.00000 0.26190 0.25049
6.00000 203.00000 0.58140 0.53846 1.00000 1.00000 0.55269 0.61832 0.49875 1.00000 1.00000 0.16810 0.74118 0.24500 0.33333 0.67429 0.15945 0.69643 0.24210 0.70425 1.00000 0.54545 1.00000 1.00000 0.26190 0.21551
6.00000 204.00000 0.29070 0.15385 1.00000 1.00000 0.45433 0.54923 0.47520 1.00000 1.00000 0.15230 0.71765 0.25452 0.33333 0.66857 0.15334 0.73810 0.25153 0.77137 1.00000 0.45455 1.00000 1.00000 0.33333 0.33834
6.00000 205.00000 0.52907 0.84615 1.00000 1.00000 0.54333 0.56352 0.55445 1.00000 1.00000 0.16906 0.72353 0.21999 0.33333 0.68571 0.13958 0.71429 0.24766 0.83510 1.00000 0.45455 1.00000 1.00000 0.38690 0.34159
6.00000 206.00000 0.22093 0.07692 1.00000 1.00000 0.57377 0.61088 0.54977 1.00000 1.00000 0.14799 0.71765 0.24666 0.33333 0.65714 0.14366 0.70238 0.22948 0.77813 1.00000 0.45455 1.00000 1.00000 0.38095 0.39892
6.00000 207.00000 0.40698 0.69231 1.00000 1.00000 0.54333 0.54238 0.58502 1.00000 1.00000 0.14368 0.73529 0.23668 0.33333 0.46857 0.17269 0.72619 0.20480 0.73660 1.00000 0.54545 1.00000 1.00000 0.25595 0.24631
6.00000 208.00000 0.48256 0.53846 1.00000 1.00000 0.41686 0.50206 0.63510 1.00000 1.00000 0.14847 0.73529 0.24661 0.33333 0.54857 0.14773 0.73810 0.23058 0.65645 1.00000 0.54545 1.00000 1.00000 0.42857 0.36608
6.00000 209.00000 0.26163 0.53846 1.00000 1.00000 0.44028 0.72793 0.55335 1.00000 1.00000 0.19157 0.74118 0.23363 0.33333 0.54857 0.13398 0.75000 0.22403 0.80517 1.00000 0.45455 1.00000 1.00000 0.27381 0.32368
6.00000 210.00000 0.43605 0.30769 1.00000 1.00000 0.38173 0.54707 0.50811 1.00000 1.00000 0.14033 0.74706 0.25724 0.33333 0.53143 0.17830 0.70238 0.22324 0.76992 1.00000 0.54545 1.00000 1.00000 0.43452 0.39030
6.00000 211.00000 0.39535 0.30769 1.00000 1.00000 0.47541 0.65434 0.60983 1.00000 1.00000 0.14368 0.73529 0.21704 0.33333 0.65714 0.14671 0.70238 0.23550 0.71439 1.00000 0.63636 1.00000 1.00000 0.34524 0.21560
6.00000 212.00000 0.80233 0.84615 1.00000 1.00000 0.43326 0.54649 0.52028 1.00000 1.00000 0.14943 0.74706 0.20913 0.33333 0.65714 0.16149 0.71429 0.25028 0.66055 1.00000 0.54545 1.00000 1.00000 0.31548 0.36423
6.00000 213.00000 0.51163 0.46154 1.00000 1.00000 0.53396 0.53513 0.60593 1.00000 1.00000 0.13075 0.72941 0.24860 0.33333 0.54286 0.17728 0.75000 0.24944 0.86456 1.00000 0.54545 1.00000 1.00000 0.36310 0.32953
6.00000 214.00000 0.63372 0.53846 1.00000 1.00000 0.54801 0.49834 0.55382 1.00000 1.00000 0.17050 0.72941 0.25036 0.33333 0.58286 0.17117 0.73214 0.23189 0.77161 1.00000 0.45455 1.00000 1.00000 0.35119 0.27025
6.00000 215.00000 0.42442 0.76923 1.00000 1.00000 0.48244 0.57683 0.58658 1.00000 1.00000 0.17672 0.74706 0.27227 0.33333 0.59429 0.16862 0.73214 0.24572 0.79672 1.00000 0.72727 1.00000 1.00000 0.40476 0.26255
6.00000 216.00000 0.48837 0.38462 1.00000 1.00000 0.49415 0.62556 0.54134 1.00000 1.00000 0.17625 0.75294 0.22526 0.33333 0.54286 0.14620 0.74405 0.23157 0.82207 1.00000 0.54545 1.00000 1.00000 0.25595 0.35133
6.00000 217.00000 0.49419 0.69231 1.00000 1.00000 0.58782 0.73733 0.72855 1.00000 1.00000 0.19636 0.74706 0.24777 0.33333 0.61143 0.16556 0.70238 0.24991 0.68856 1.00000 0.63636 1.00000 1.00000 0.27381 0.21746
6.00000 218.00000 0.56395 0.30769 1.00000 1.00000 0.48946 0.50597 0.52761 1.00000 1.00000 0.19588 0.70000 0.21472 0.33333 0.64571 0.13754 0.73214 0.26971 0.83752 1.00000 0.45455 1.00000 1.00000 0.33929 0.35133
6.00000 219.00000 0.47674 0.38462 1.00000 1.00000 0.59719 0.51497 0.55086 1.00000 1.00000 0.13123 0.73529 0.23474 0.33333 0.58286 0.13704 0.72619 0.25174 0.77451 1.00000 0.54545 1.00000 1.00000 0.32738 0.33287
6.00000 220.00000 0.63372 0.38462 1.00000 1.00000 0.50585 0.68428 0.65694 1.00000 1.00000 0.11638 0.75882 0.25609 0.33333 0.62286 0.16913 0.70238 0.23938 0.76871 1.00000 0.72727 1.00000 1.00000 0.30357 0.25550
6.00000 221.00000 0.50000 0.84615 1.00000 1.00000 0.69555 0.53866 0.51903 1.00000 1.00000 0.13841 0.75882 0.22753 0.33333 0.67429 0.11819 0.70238 0.22638 0.77257 1.00000 0.45455 1.00000 1.00000 0.21429 0.37100
6.00000 222.00000 0.66860 0.69231 1.00000 1.00000 0.63466 0.59170 0.59797 1.00000 1.00000 0.15517 0.75882 0.23561 0.33333 0.45143 0.16964 0.69643 0.25410 0.85707 1.00000 0.63636 1.00000 1.00000 0.33929 0.34855
6.00000 223.00000 0.40698 0.23077 1.00000 1.00000 0.53162 0.74065 0.63744 1.00000 1.00000 0.15948 0.74118 0.24671 0.33333 0.69714 0.16454 0.72619 0.26798 0.82424 1.00000 0.54545 1.00000 1.00000 0.26786 0.27275
6.00000 224.00000 0.48256 0.69231 1.00000 1.00000 0.47775 0.56352 0.64228 1.00000 1.00000 0.16427 0.74118 0.23964 0.33333 0.58857 0.14111 0.73810 0.25855 0.74915 1.00000 0.54545 1.00000 1.00000 0.24405 0.43947
6.00000 225.00000 0.47674 0.69231 1.00000 1.00000 0.51522 0.58348 0.63822 1.00000 1.00000 0.11494 0.77059 0.25480 0.33333 0.57143 0.15894 0.70238 0.23613 0.75157 1.00000 0.54545 1.00000 1.00000 0.27381 0.37230
6.00000 226.00000 0.63372 0.76923 1.00000 1.00000 0.54567 0.75514 0.69657 1.00000 1.00000 0.14895 0.74118 0.29047 0.33333 0.54857 0.14468 0.72619 0.23786 0.73660 1.00000 0.63636 1.00000 1.00000 0.34524 0.30467
6.00000 227.00000 0.58721 0.38462 1.00000 1.00000 0.43091 0.57585 0.65242 1.00000 1.00000 0.13218 0.74118 0.20992 0.33333 0.63429 0.16709 0.72024 0.24917 0.75688 1.00000 0.63636 1.00000 1.00000 0.32143 0.35708
6.00000 228.00000 0.72674 0.38462 1.00000 1.00000 0.55035 0.56860 0.62278 1.00000 1.00000 0.11925 0.74118 0.25553 0.33333 0.74286 0.15079 0.71429 0.27018 0.84669 1.00000 0.72727 1.00000 1.00000 0.30952 0.40403
6.00000 229.00000 0.45349 0.69231 1.00000 1.00000 0.67681 0.63555 0.69641 1.00000 1.00000 0.10010 0.72353 0.26478 0.33333 0.64571 0.13704 0.73810 0.26253 0.76581 1.00000 0.63636 1.00000 1.00000 0.25000 0.23212
6.00000 230.00000 0.38372 0.61538 1.00000 1.00000 0.48009 0.67039 0.64431 1.00000 1.00000 0.10776 0.74706 0.25687 0.33333 0.62286 0.11411 0.71429 0.24053 0.69459 1.00000 0.63636 1.00000 1.00000 0.23214 0.28574
6.00000 231.00000 0.34884 0.76923 1.00000 1.00000 0.59719 0.59542 0.64992 1.00000 1.00000 0.13841 0.77059 0.25068 0.33333 0.58286 0.16149 0.69643 0.25761 0.76702 1.00000 0.54545 1.00000 1.00000 0.35714 0.35755
6.00000 232.00000 0.27907 0.30769 1.00000 1.00000 0.51756 0.63046 0.61326 1.00000 1.00000 0.14033 0.71765 0.27984 0.33333 0.54857 0.16964 0.74405 0.26877 0.75495 1.00000 0.63636 1.00000 1.00000 0.28571 0.36506
6.00000 233.00000 0.56977 0.84615 1.00000 1.00000 0.59251 0.61225 0.59657 1.00000 1.00000 0.11734 0.77059 0.23682 0.33333 0.69714 0.12226 0.75595 0.27810 0.83003 1.00000 0.81818 1.00000 1.00000 0.17857 0.28797
6.00000 234.00000 0.59302 0.46154 1.00000 1.00000 0.56206 0.55275 0.62652 1.00000 1.00000 0.14703 0.77059 0.27240 0.33333 0.72000 0.16709 0.75595 0.24870 0.76388 1.00000 0.72727 1.00000 1.00000 0.25595 0.19955
6.00000 235.00000 0.40116 0.61538 1.00000 1.00000 0.68384 0.56136 0.64805 1.00000 1.00000 0.13937 0.74706 0.24620 0.33333 0.63429 0.14773 0.74405 0.20600 0.79430 1.00000 0.63636 1.00000 1.00000 0.21429 0.32406
6.00000 236.00000 0.55814 0.46154 1.00000 1.00000 0.52693 0.71462 0.71591 1.00000 1.00000 0.12500 0.72941 0.23571 0.33333 0.64571 0.13296 0.75000 0.24242 0.83583 1.00000 0.63636 1.00000 1.00000 0.29762 0.35254
6.00000 237.00000 0.41279 0.53846 1.00000 1.00000 0.58782 0.77158 0.70624 1.00000 1.00000 0.10201 0.70588 0.22780 0.33333 0.61143 0.14773 0.74405 0.22654 0.86746 1.00000 0.45455 1.00000 1.00000 0.29762 0.23926
6.00000 238.00000 0.48256 0.46154 1.00000 1.00000 0.50820 0.64357 0.65554 1.00000 1.00000 0.15661 0.77647 0.28132 0.33333 0.66286 0.12888 0.77381 0.22927 0.85804 1.00000 0.63636 1.00000 1.00000 0.20833 0.34808
6.00000 239.00000 0.25000 0.53846 1.00000 1.00000 0.69321 0.68135 0.69204 1.00000 1.00000 0.14033 0.74706 0.25429 0.33333 0.72000 0.13805 0.73810 0.26217 0.78489 1.00000 0.63636 1.00000 1.00000 0.27381 0.28992
6.00000 240.00000 0.52326 0.76923 1.00000 1.00000 0.55269 0.72656 0.75257 1.00000 1.00000 0.11111 0.76471 0.27254 0.33333 0.69143 0.12787 0.72619 0.22361 0.77716 1.00000 0.45455 1.00000 1.00000 0.24405 0.29780
6.00000 241.00000 0.44767 0.38462 1.00000 1.00000 0.59016 0.49383 0.60406 1.00000 1.00000 0.12452 0.78824 0.27097 0.33333 0.69714 0.13551 0.72619 0.25415 0.88025 1.00000 0.54545 1.00000 1.00000 0.29762 0.35857
6.00000 242.00000 0.33721 0.53846 1.00000 1.00000 0.59251 0.68565 0.66334 1.00000 1.00000 0.15900 0.72941 0.26658 0.33333 0.56571 0.10341 0.73214 0.27259 0.83148 1.00000 0.63636 1.00000 1.00000 0.32738 0.30355
6.00000 243.00000 0.51744 0.61538 1.00000 1.00000 0.56206 0.56997 0.61981 1.00000 1.00000 0.14464 0.72941 0.24879 0.33333 0.64571 0.09934 0.73810 0.26604 0.83390 1.00000 0.63636 1.00000 1.00000 0.25000 0.29622
6.00000 244.00000 0.49419 0.76923 1.00000 1.00000 0.62061 0.65336 0.85304 1.00000 1.00000 0.13218 0.75294 0.27508 0.33333 0.78286 0.14570 0.73214 0.24729 0.73491 1.00000 0.72727 1.00000 1.00000 0.26786 0.32137
6.00000 245.00000 0.51163 0.53846 1.00000 1.00000 0.68852 0.65042 0.74867 1.00000 1.00000 0.13937 0.72941 0.27832 0.33333 0.77714 0.11819 0.73810 0.27464 0.85804 1.00000 0.72727 1.00000 1.00000 0.25000 0.27646
6.00000 246.00000 0.44767 0.76923 1.00000 1.00000 0.49180 0.54042 0.70172 1.00000 1.00000 0.10201 0.76471 0.26718 0.33333 0.67429 0.11513 0.73214 0.24608 0.81434 1.00000 0.72727 1.00000 1.00000 0.25000 0.22794
6.00000 247.00000 0.55233 0.23077 1.00000 1.00000 0.65105 0.60677 0.67457 1.00000 1.00000 0.13937 0.75294 0.28747 0.33333 0.78286 0.11971 0.76786 0.24504 0.73370 1.00000 0.90909 1.00000 1.00000 0.25000 0.25707
6.00000 248.00000 0.69186 0.46154 1.00000 1.00000 0.47307 0.64533 0.77379 1.00000 1.00000 0.10441 0.76471 0.24486 0.33333 0.80000 0.11666 0.75000 0.23487 0.85997 1.00000 0.63636 1.00000 1.00000 0.17857 0.23147
6.00000 249.00000 0.36047 0.69231 1.00000 1.00000 0.62295 0.76003 0.67832 1.00000 1.00000 0.10776 0.76471 0.26561 0.33333 0.73714 0.11513 0.74405 0.26877 0.80372 1.00000 0.63636 1.00000 1.00000 0.21429 0.30003
6.00000 250.00000 0.30233 0.84615 1.00000 1.00000 0.44965 0.53435 0.71170 1.00000 1.00000 0.11111 0.74706 0.29343 0.33333 0.68000 0.11258 0.74405 0.26835 0.79116 1.00000 0.63636 1.00000 1.00000 0.23810 0.32461
6.00000 251.00000 0.70349 0.61538 1.00000 1.00000 0.55738 0.58857 0.65491 1.00000 1.00000 0.12261 0.74706 0.28650 0.33333 0.70857 0.16251 0.74405 0.24965 0.84283 1.00000 0.63636 1.00000 1.00000 0.18452 0.23370
6.00000 252.00000 0.70930 0.38462 1.00000 1.00000 0.59953 0.65179 0.71872 1.00000 1.00000 0.13075 0.74706 0.26811 0.33333 0.70286 0.14875 0.73214 0.26222 0.77909 1.00000 0.54545 1.00000 1.00000 0.20238 0.25596
6.00000 253.00000 0.59302 0.15385 1.00000 1.00000 0.62295 0.77530 0.69563 1.00000 1.00000 0.12692 0.72941 0.28710 0.33333 0.80000 0.09832 0.75595 0.26028 0.83486 1.00000 0.63636 1.00000 1.00000 0.21429 0.22395
6.00000 254.00000 0.77326 0.30769 1.00000 1.00000 0.62529 0.56821 0.66084 1.00000 1.00000 0.08477 0.79412 0.28775 0.33333 0.72571 0.11513 0.77976 0.25771 0.79648 1.00000 0.63636 1.00000 1.00000 0.10714 0.19083
6.00000 255.00000 0.72093 0.30769 1.00000 1.00000 0.53630 0.60364 0.79126 1.00000 1.00000 0.09914 0.74706 0.26270 0.33333 0.62857 0.13347 0.73810 0.26112 0.95630 1.00000 0.63636 1.00000 1.00000 0.17857 0.23564
6.00000 256.00000 0.52326 0.30769 1.00000 1.00000 0.67447 0.75142 0.70952 1.00000 1.00000 0.11734 0.79412 0.27032 0.33333 0.73143 0.12379 0.76786 0.26096 0.78030 1.00000 0.72727 1.00000 1.00000 0.20238 0.22238
6.00000 257.00000 0.40116 0.46154 1.00000 1.00000 0.64403 0.57369 0.75913 1.00000 1.00000 0.13937 0.72941 0.26820 0.33333 0.69714 0.12430 0.75595 0.25887 0.89208 1.00000 0.72727 1.00000 1.00000 0.31548 0.19881
6.00000 258.00000 0.34884 0.23077 1.00000 1.00000 0.43794 0.63672 0.76193 1.00000 1.00000 0.09100 0.75882 0.28063 0.33333 0.78857 0.11055 0.77381 0.26002 0.78561 1.00000 0.63636 1.00000 1.00000 0.23810 0.24371
6.00000 259.00000 0.56977 0.69231 1.00000 1.00000 0.67681 0.64748 0.80234 1.00000 1.00000 0.12356 0.76471 0.27569 0.33333 0.68571 0.12073 0.75595 0.26652 0.85345 1.00000 0.72727 1.00000 1.00000 0.29167 0.20150
6.00000 260.00000 0.67442 0.23077 1.00000 1.00000 0.67213 0.66119 0.79392 1.00000 1.00000 0.10489 0.77059 0.30744 0.33333 0.68000 0.11207 0.75595 0.27684 0.79768 1.00000 0.72727 1.00000 1.00000 0.29167 0.29613
6.00000 261.00000 0.67442 0.69231 1.00000 1.00000 0.64637 0.61245 0.75211 1.00000 1.00000 0.12835 0.77647 0.26344 0.33333 0.74857 0.12124 0.77976 0.25620 0.86214 1.00000 0.63636 1.00000 1.00000 0.32738 0.23629
6.00000 262.00000 0.28488 0.23077 1.00000 1.00000 0.64637 0.75220 0.77972 1.00000 1.00000 0.08142 0.77647 0.26746 0.33333 0.73714 0.10647 0.75000 0.24477 0.87446 1.00000 0.81818 1.00000 1.00000 0.16071 0.28055
6.00000 263.00000 0.52326 0.53846 1.00000 1.00000 0.61593 0.73517 0.77379 1.00000 1.00000 0.09722 0.73529 0.28086 0.33333 0.84571 0.09628 0.76190 0.25138 0.81120 1.00000 0.63636 1.00000 1.00000 0.15476 0.26403
6.00000 264.00000 0.52907 0.07692 1.00000 1.00000 0.49180 0.74770 0.77691 1.00000 1.00000 0.13793 0.77059 0.25022 0.33333 0.73143 0.12226 0.75000 0.27055 0.95075 1.00000 0.63636 1.00000 1.00000 0.23214 0.18360
6.00000 265.00000 0.58140 0.69231 1.00000 1.00000 0.61593 0.67802 0.71076 1.00000 1.00000 0.09866 0.76471 0.30591 0.33333 0.74857 0.11666 0.78571 0.29182 0.80468 1.00000 0.72727 1.00000 1.00000 0.23810 0.22850
6.00000 266.00000 0.54070 0.61538 1.00000 1.00000 0.55738 0.74750 0.77301 1.00000 1.00000 0.07375 0.75294 0.30277 0.33333 0.83429 0.11971 0.78571 0.26426 0.83462 1.00000 0.63636 1.00000 1.00000 0.22619 0.19343
6.00000 267.00000 0.59302 0.15385 1.00000 1.00000 0.70258 0.59483 0.83229 1.00000 1.00000 0.05556 0.72941 0.26298 0.33333 0.82286 0.12328 0.77381 0.26327 0.87446 1.00000 0.81818 1.00000 1.00000 0.13095 0.16412
6.00000 268.00000 0.24419 0.30769 1.00000 1.00000 0.72600 0.65042 0.79813 1.00000 1.00000 0.09004 0.81176 0.25835 0.33333 0.86857 0.11870 0.75000 0.24016 0.87518 1.00000 0.54545 1.00000 1.00000 0.14286 0.29975
6.00000 269.00000 0.41860 0.30769 1.00000 1.00000 0.55972 0.61499 0.84555 1.00000 1.00000 0.08764 0.81176 0.29764 0.33333 0.82286 0.10698 0.74405 0.29874 0.98310 1.00000 0.81818 1.00000 1.00000 0.17262 0.14779
6.00000 270.00000 0.44186 0.53846 1.00000 1.00000 0.61124 0.64416 0.69532 1.00000 1.00000 0.07950 0.77647 0.25946 0.33333 0.81143 0.12175 0.77976 0.29544 0.82714 1.00000 0.81818 1.00000 1.00000 0.19048 0.23230
6.00000 271.00000 0.44186 0.84615 1.00000 1.00000 0.69321 0.52143 0.80328 1.00000 1.00000 0.08046 0.77059 0.29186 0.33333 0.77714 0.11921 0.76786 0.28627 0.84524 1.00000 0.63636 1.00000 1.00000 0.11905 0.24548
6.00000 272.00000 0.29651 0.61538 1.00000 1.00000 0.56206 0.74731 0.77129 1.00000 1.00000 0.10249 0.77647 0.31344 0.33333 0.80571 0.11055 0.75000 0.26568 0.81845 1.00000 0.90909 1.00000 1.00000 0.20238 0.20048
6.00000 273.00000 0.54651 0.76923 1.00000 1.00000 0.65574 0.64905 0.83214 1.00000 1.00000 0.08333 0.77647 0.28151 0.33333 0.83429 0.13194 0.79762 0.28255 0.87349 1.00000 0.63636 1.00000 1.00000 0.22619 0.09231
6.00000 274.00000 0.40116 0.46154 1.00000 1.00000 0.69087 0.74105 0.84992 1.00000 1.00000 0.11734 0.77647 0.33119 0.33333 0.81714 0.10138 0.76786 0.26547 0.88049 1.00000 0.63636 1.00000 1.00000 0.22024 0.14528
6.00000 275.00000 0.51163 0.15385 1.00000 1.00000 0.74707 0.64748 0.78783 1.00000 1.00000 0.11159 0.78235 0.26090 0.33333 0.93714 0.08304 0.75595 0.27364 0.99493 1.00000 0.63636 1.00000 1.00000 0.11905 0.31227
6.00000 276.00000 0.59884 0.61538 1.00000 1.00000 0.73302 0.78195 0.84899 1.00000 1.00000 0.06801 0.77647 0.29302 0.33333 0.84571 0.09170 0.77381 0.28213 0.81410 1.00000 0.72727 1.00000 1.00000 0.07143 0.17460
6.00000 277.00000 0.51744 0.69231 1.00000 1.00000 0.74941 0.86416 0.82995 1.00000 1.00000 0.08573 0.77059 0.31515 0.33333 0.85143 0.08711 0.78571 0.27741 0.87687 1.00000 0.72727 1.00000 1.00000 0.05952 0.22006
6.00000 278.00000 0.48837 0.07692 1.00000 1.00000 0.73770 0.79252 0.81186 1.00000 1.00000 0.08285 0.80000 0.28923 0.33333 0.85714 0.09577 0.79762 0.27458 0.87349 1.00000 0.81818 1.00000 1.00000 0.13095 0.14705
