10.00000 1.00000 0.41954 0.83333 1.00000 1.00000 0.21386 0.36821 0.16796 1.00000 1.00000 0.72786 0.15152 0.13340 1.00000 0.11905 0.82090 0.19118 0.19440 0.30396 1.00000 0.25000 1.00000 1.00000 0.69767 0.87918
10.00000 2.00000 0.55172 0.91667 1.00000 1.00000 0.30422 0.34380 0.16509 1.00000 1.00000 0.79066 0.24242 0.15840 1.00000 0.20833 0.92751 0.23529 0.21999 0.23817 1.00000 0.16667 1.00000 1.00000 0.70543 0.57498
10.00000 3.00000 0.55172 0.50000 1.00000 1.00000 0.28614 0.21844 0.22384 1.00000 1.00000 0.73591 0.16667 0.11541 1.00000 0.20238 0.75267 0.13235 0.19047 0.45133 1.00000 0.33333 1.00000 1.00000 0.67442 0.84383
10.00000 4.00000 0.55747 0.83333 1.00000 1.00000 0.28012 0.41705 0.09959 1.00000 1.00000 0.69887 0.13636 0.16019 1.00000 0.15476 0.81450 0.22059 0.18929 0.26125 1.00000 0.25000 1.00000 1.00000 0.53488 0.60370
10.00000 5.00000 0.38506 0.25000 1.00000 1.00000 0.27711 0.21910 0.23835 1.00000 0.00000 0.71014 0.09091 0.10962 1.00000 0.20833 0.76759 0.19118 0.20131 0.24240 1.00000 0.33333 1.00000 1.00000 0.71318 0.78832
10.00000 6.00000 0.68391 0.83333 1.00000 1.00000 0.23494 0.30717 0.21371 1.00000 1.00000 0.74557 0.18182 0.14745 1.00000 0.10714 0.78252 0.20588 0.21767 0.22355 1.00000 0.16667 1.00000 1.00000 0.72868 0.65079
10.00000 7.00000 0.40230 0.66667 1.00000 1.00000 0.37048 0.25986 0.20273 1.00000 1.00000 0.83897 0.16667 0.13448 1.00000 0.22024 0.89126 0.22059 0.20239 0.28011 1.00000 0.25000 1.00000 1.00000 0.65891 0.70574
10.00000 8.00000 0.56322 0.25000 1.00000 1.00000 0.12048 0.29409 0.17117 1.00000 1.00000 0.71337 0.19697 0.15373 1.00000 0.23214 0.76759 0.17647 0.19022 0.21701 1.00000 0.25000 1.00000 1.00000 0.80620 0.71707
10.00000 9.00000 0.60920 0.75000 1.00000 1.00000 0.17169 0.20667 0.32107 1.00000 1.00000 0.71176 0.19697 0.15113 1.00000 0.11310 0.76759 0.13235 0.18650 0.22586 1.00000 0.33333 1.00000 1.00000 0.65116 0.81828
10.00000 10.00000 0.35632 0.41667 1.00000 1.00000 0.24398 0.23676 0.27515 1.00000 1.00000 0.86634 0.15152 0.13856 1.00000 0.16071 0.75906 0.17647 0.19950 0.15198 1.00000 0.33333 1.00000 1.00000 0.61240 0.66901
10.00000 11.00000 0.51149 0.91667 1.00000 1.00000 0.38253 0.31785 0.31128 1.00000 1.00000 0.63607 0.18182 0.11483 1.00000 0.18452 0.83795 0.13235 0.18268 0.23586 1.00000 0.25000 1.00000 1.00000 0.55814 0.75380
10.00000 12.00000 0.59770 0.58333 1.00000 1.00000 0.29819 0.44801 0.23650 1.00000 1.00000 0.77617 0.15152 0.12416 1.00000 0.08333 0.85075 0.16176 0.19486 0.21547 1.00000 0.33333 1.00000 1.00000 0.68992 0.72314
10.00000 13.00000 0.62644 0.50000 1.00000 1.00000 0.23193 0.15391 0.21826 1.00000 0.00000 0.79227 0.13636 0.12008 1.00000 0.19643 0.71215 0.16176 0.18428 0.20162 1.00000 0.25000 1.00000 1.00000 0.58140 0.63325
10.00000 14.00000 0.57471 0.91667 1.00000 1.00000 0.24699 0.28123 0.30587 1.00000 1.00000 0.66023 0.24242 0.09589 1.00000 0.14286 0.76546 0.20588 0.19816 0.28780 1.00000 0.41667 1.00000 1.00000 0.75969 0.63822
10.00000 15.00000 0.07471 0.58333 1.00000 1.00000 0.32831 0.33072 0.19818 1.00000 1.00000 0.78422 0.18182 0.13125 1.00000 0.19643 0.85288 0.20588 0.19863 0.42209 1.00000 0.41667 1.00000 1.00000 0.66667 0.76567
10.00000 16.00000 0.65517 0.25000 1.00000 1.00000 0.19880 0.41203 0.25456 1.00000 0.00000 0.77295 0.16667 0.13663 1.00000 0.12500 0.78038 0.20588 0.19734 0.12620 1.00000 0.33333 1.00000 1.00000 0.66667 0.69856
10.00000 17.00000 0.41954 0.75000 1.00000 1.00000 0.17470 0.31393 0.31634 1.00000 1.00000 0.76812 0.13636 0.14381 1.00000 0.10714 0.83582 0.22059 0.21256 0.34129 1.00000 0.33333 1.00000 1.00000 0.70543 0.70257
10.00000 18.00000 0.38506 0.58333 1.00000 1.00000 0.19880 0.19817 0.22316 1.00000 1.00000 0.77617 0.19697 0.14377 1.00000 0.27976 0.72068 0.17647 0.20972 0.26856 1.00000 0.33333 1.00000 1.00000 0.75969 0.65452
10.00000 19.00000 0.55747 0.66667 1.00000 1.00000 0.32530 0.39699 0.23447 1.00000 0.00000 0.74557 0.13636 0.16382 1.00000 0.15476 0.76333 0.19118 0.20415 0.23432 1.00000 0.25000 1.00000 1.00000 0.77519 0.76692
10.00000 20.00000 0.55172 0.66667 1.00000 1.00000 0.20181 0.27992 0.25068 1.00000 1.00000 0.68760 0.12121 0.11438 1.00000 0.22619 0.79531 0.25000 0.19713 0.27588 1.00000 0.33333 1.00000 1.00000 0.69767 0.69870
10.00000 21.00000 0.77011 0.16667 1.00000 1.00000 0.28012 0.21256 0.28612 1.00000 1.00000 0.77778 0.16667 0.12909 1.00000 0.19048 0.70576 0.17647 0.20012 0.35360 1.00000 0.25000 1.00000 1.00000 0.57364 0.70574
10.00000 22.00000 0.55747 0.41667 1.00000 1.00000 0.32229 0.38980 0.25405 1.00000 1.00000 0.82287 0.13636 0.11833 1.00000 0.17262 0.71429 0.19118 0.19409 0.22085 1.00000 0.41667 1.00000 1.00000 0.72093 0.90458
10.00000 23.00000 0.29885 0.75000 1.00000 1.00000 0.34639 0.40201 0.22957 1.00000 1.00000 0.76167 0.15152 0.11743 1.00000 0.19643 0.78038 0.14706 0.19300 0.32166 1.00000 0.33333 1.00000 1.00000 0.56589 0.73308
10.00000 24.00000 0.22989 0.16667 1.00000 1.00000 0.23795 0.27927 0.19413 1.00000 1.00000 0.81643 0.24242 0.18281 1.00000 0.28571 0.88486 0.16176 0.20807 0.19584 1.00000 0.25000 1.00000 1.00000 0.75194 0.72370
10.00000 25.00000 0.29310 0.75000 1.00000 1.00000 0.46687 0.21888 0.41712 1.00000 1.00000 0.86473 0.16667 0.17365 1.00000 0.16667 0.71429 0.11765 0.19636 0.34321 1.00000 0.25000 1.00000 1.00000 0.70543 0.73640
10.00000 26.00000 0.54598 0.66667 1.00000 1.00000 0.38253 0.41618 0.17471 1.00000 0.00000 0.86634 0.24242 0.19438 1.00000 0.16071 0.79318 0.22059 0.20121 0.29050 1.00000 0.33333 1.00000 1.00000 0.70543 0.75822
10.00000 27.00000 0.57471 0.83333 1.00000 1.00000 0.28916 0.25180 0.24713 1.00000 1.00000 0.64090 0.22727 0.15911 1.00000 0.20238 0.82090 0.16176 0.16157 0.41401 1.00000 0.33333 1.00000 1.00000 0.54264 0.61033
10.00000 28.00000 0.54023 0.58333 1.00000 1.00000 0.15964 0.32112 0.17404 1.00000 1.00000 0.83253 0.12121 0.18500 1.00000 0.16667 0.79318 0.16176 0.17350 0.26703 1.00000 0.25000 1.00000 1.00000 1.00000 0.70892
10.00000 29.00000 0.48851 0.75000 1.00000 1.00000 0.07831 0.26204 0.24679 1.00000 1.00000 0.89694 0.19697 0.15382 1.00000 0.09524 0.57996 0.22059 0.22412 0.28203 1.00000 0.25000 1.00000 1.00000 0.81395 0.80240
10.00000 30.00000 0.79885 0.33333 1.00000 1.00000 0.20783 0.35579 0.34149 1.00000 1.00000 0.74235 0.18182 0.13125 1.00000 0.27381 0.81023 0.17647 0.19563 0.16083 1.00000 0.16667 1.00000 1.00000 0.63566 0.72231
10.00000 31.00000 0.63793 0.75000 1.00000 1.00000 0.29819 0.33159 0.27194 1.00000 1.00000 0.79388 0.15152 0.17374 1.00000 0.13095 0.83369 0.14706 0.21282 0.33744 1.00000 0.25000 1.00000 1.00000 0.62016 0.87793
10.00000 32.00000 0.40805 0.33333 1.00000 1.00000 0.18976 0.33813 0.17302 1.00000 1.00000 0.79227 0.21212 0.13587 1.00000 0.14286 0.78678 0.23529 0.19083 0.26010 1.00000 0.25000 1.00000 1.00000 0.56589 0.68862
10.00000 33.00000 0.57471 0.58333 1.00000 1.00000 0.40361 0.25856 0.24122 1.00000 1.00000 0.76973 0.10606 0.15934 1.00000 0.18452 0.79957 0.26471 0.21287 0.25664 1.00000 0.33333 1.00000 1.00000 0.76744 0.71154
10.00000 34.00000 0.66092 0.66667 1.00000 1.00000 0.39458 0.24199 0.25979 1.00000 1.00000 0.70209 0.18182 0.12447 1.00000 0.26786 0.76972 0.26471 0.19156 0.37130 1.00000 0.16667 1.00000 1.00000 0.66667 0.86868
10.00000 35.00000 0.40230 0.58333 1.00000 1.00000 0.23795 0.31044 0.29288 1.00000 0.00000 0.69726 0.15152 0.13125 1.00000 0.09524 0.87420 0.22059 0.20879 0.30435 1.00000 0.33333 1.00000 1.00000 0.58140 0.77948
10.00000 36.00000 0.37931 0.58333 1.00000 1.00000 0.07530 0.21038 0.23700 1.00000 1.00000 0.73752 0.16667 0.15274 1.00000 0.16071 0.69296 0.19118 0.20518 0.16814 1.00000 0.33333 1.00000 1.00000 0.65891 0.70105
10.00000 37.00000 0.64943 0.66667 1.00000 1.00000 0.22892 0.09941 0.27194 1.00000 1.00000 0.72303 0.15152 0.12941 1.00000 0.20238 0.70576 0.16176 0.20007 0.20008 1.00000 0.33333 1.00000 1.00000 0.72868 0.82325
10.00000 38.00000 0.48276 0.83333 1.00000 1.00000 0.29819 0.40985 0.26300 1.00000 1.00000 0.84863 0.16667 0.14561 1.00000 0.26190 0.85501 0.20588 0.21241 0.39092 1.00000 0.16667 1.00000 1.00000 0.76744 0.57677
10.00000 39.00000 0.39080 0.33333 1.00000 1.00000 0.47289 0.34075 0.14602 1.00000 1.00000 0.79066 0.21212 0.13174 1.00000 0.14286 0.86354 0.19118 0.16369 0.41978 1.00000 0.16667 1.00000 1.00000 0.75194 0.81828
10.00000 40.00000 0.44828 0.33333 1.00000 1.00000 0.27410 0.26161 0.19429 1.00000 1.00000 0.70209 0.25758 0.16145 1.00000 0.17857 0.80384 0.20588 0.17752 0.29088 1.00000 0.25000 1.00000 1.00000 0.85271 0.77658
10.00000 41.00000 0.24713 0.75000 1.00000 1.00000 0.12952 0.40985 0.18687 1.00000 1.00000 0.76812 0.13636 0.17370 1.00000 0.20833 0.73348 0.23529 0.19372 0.27126 1.00000 0.33333 1.00000 1.00000 0.68217 0.78721
10.00000 42.00000 0.50575 0.66667 1.00000 1.00000 0.08133 0.18400 0.26671 1.00000 1.00000 0.79066 0.21212 0.14148 1.00000 0.15476 0.83156 0.16176 0.19894 0.34629 1.00000 0.33333 1.00000 1.00000 0.73643 0.75131
10.00000 43.00000 0.61494 0.50000 1.00000 1.00000 0.43976 0.00000 0.33052 1.00000 0.00000 0.66828 0.24242 0.16706 1.00000 0.14881 0.79318 0.17647 0.20993 0.21508 1.00000 0.16667 1.00000 1.00000 0.72868 0.77561
10.00000 44.00000 0.48276 0.75000 1.00000 1.00000 0.28012 0.20493 0.28984 1.00000 1.00000 0.70370 0.16667 0.12057 1.00000 0.18452 0.74627 0.20588 0.15192 0.30550 1.00000 0.25000 1.00000 1.00000 0.72868 0.80365
10.00000 45.00000 0.48851 0.91667 1.00000 1.00000 0.24699 0.20100 0.26891 1.00000 1.00000 0.78583 0.16667 0.13336 1.00000 0.21429 0.83582 0.26471 0.18851 0.29088 1.00000 0.25000 1.00000 1.00000 0.56589 0.86772
10.00000 46.00000 0.29885 0.33333 1.00000 1.00000 0.24699 0.36189 0.27043 1.00000 1.00000 0.85829 0.13636 0.16647 1.00000 0.17857 0.82303 0.17647 0.19729 0.33821 1.00000 0.41667 1.00000 1.00000 0.58915 0.76705
10.00000 47.00000 0.60345 0.16667 1.00000 1.00000 0.26205 0.14323 0.19733 1.00000 1.00000 0.67311 0.24242 0.15822 1.00000 0.13690 0.81663 0.17647 0.22975 0.20008 1.00000 0.16667 1.00000 1.00000 0.56589 0.79287
10.00000 48.00000 0.59195 0.25000 1.00000 1.00000 0.22892 0.27818 0.33339 1.00000 1.00000 0.77134 0.12121 0.15732 1.00000 0.11905 0.83582 0.16176 0.19631 0.18392 1.00000 0.25000 1.00000 1.00000 0.69767 0.61074
10.00000 49.00000 0.70115 0.50000 1.00000 1.00000 0.31024 0.21212 0.27245 1.00000 0.00000 0.80354 0.10606 0.14561 1.00000 0.22024 0.80384 0.14706 0.18010 0.32628 1.00000 0.33333 1.00000 1.00000 0.65891 0.72646
10.00000 50.00000 0.55747 0.91667 1.00000 1.00000 0.19880 0.31240 0.30807 1.00000 1.00000 0.74074 0.15152 0.14103 1.00000 0.06548 0.69510 0.23529 0.20962 0.29357 1.00000 0.33333 1.00000 1.00000 0.72868 0.53825
10.00000 51.00000 0.55172 0.83333 1.00000 1.00000 0.29819 0.22782 0.22755 1.00000 1.00000 0.77778 0.22727 0.14610 1.00000 0.21429 0.69296 0.16176 0.16379 0.22509 1.00000 0.33333 1.00000 1.00000 0.62791 0.82988
10.00000 52.00000 0.52299 0.33333 1.00000 1.00000 0.16566 0.38108 0.31853 1.00000 1.00000 0.71014 0.13636 0.13192 1.00000 0.20238 0.83795 0.23529 0.21308 0.37091 1.00000 0.33333 1.00000 1.00000 0.64341 0.65313
10.00000 53.00000 0.38506 0.50000 1.00000 1.00000 0.16566 0.42402 0.25540 1.00000 1.00000 0.80193 0.13636 0.13502 1.00000 0.30952 0.68017 0.19118 0.20797 0.41131 1.00000 0.25000 1.00000 1.00000 0.69767 0.74316
10.00000 54.00000 0.58046 0.83333 1.00000 1.00000 0.18976 0.28472 0.34622 1.00000 1.00000 0.75040 0.18182 0.13506 1.00000 0.13690 0.72921 0.23529 0.21751 0.32166 1.00000 0.41667 1.00000 1.00000 0.68217 0.83886
10.00000 55.00000 0.45977 0.75000 1.00000 1.00000 0.16566 0.15108 0.27887 1.00000 1.00000 0.58454 0.15152 0.16068 1.00000 0.20238 0.81663 0.27941 0.19445 0.29204 1.00000 0.16667 1.00000 1.00000 0.78295 0.71362
10.00000 56.00000 0.42529 0.75000 1.00000 1.00000 0.30120 0.33595 0.24662 1.00000 1.00000 0.86957 0.16667 0.14377 1.00000 0.29167 0.86354 0.20588 0.20755 0.18969 1.00000 0.25000 1.00000 1.00000 0.67442 0.82077
10.00000 57.00000 0.46552 0.83333 1.00000 1.00000 0.18373 0.32636 0.31263 1.00000 1.00000 0.67955 0.16667 0.14763 1.00000 0.30952 0.76333 0.13235 0.17964 0.01154 1.00000 0.25000 1.00000 1.00000 0.65891 0.84466
10.00000 58.00000 0.44828 0.41667 1.00000 1.00000 0.28313 0.24940 0.27296 1.00000 1.00000 0.71659 0.09091 0.18200 1.00000 0.15476 0.63326 0.25000 0.18650 0.39053 1.00000 0.25000 1.00000 1.00000 0.71318 0.78445
10.00000 59.00000 0.52874 0.66667 1.00000 1.00000 0.32831 0.46784 0.31668 1.00000 0.00000 0.64412 0.18182 0.16351 1.00000 0.18452 0.73134 0.23529 0.19058 0.31243 1.00000 0.33333 1.00000 1.00000 0.63566 0.67468
10.00000 60.00000 0.48276 0.83333 1.00000 1.00000 0.25000 0.28254 0.33440 1.00000 1.00000 0.73430 0.28788 0.15135 1.00000 0.18452 0.62687 0.08824 0.20368 0.28242 1.00000 0.25000 1.00000 1.00000 0.75194 0.67191
10.00000 61.00000 0.39080 0.83333 1.00000 1.00000 0.32229 0.23501 0.18197 1.00000 0.00000 0.73108 0.19697 0.16118 1.00000 0.19048 0.78465 0.14706 0.22624 0.14044 1.00000 0.25000 1.00000 1.00000 0.63566 0.78017
10.00000 62.00000 0.54598 0.33333 1.00000 1.00000 0.39458 0.29257 0.30132 1.00000 1.00000 0.69243 0.22727 0.15965 1.00000 0.14881 0.76759 0.22059 0.20663 0.35629 1.00000 0.33333 1.00000 1.00000 0.77519 0.66722
10.00000 63.00000 0.55172 0.50000 1.00000 1.00000 0.09940 0.30129 0.25000 1.00000 1.00000 0.71659 0.16667 0.14781 1.00000 0.19643 0.66525 0.17647 0.22871 0.26549 1.00000 0.41667 1.00000 1.00000 0.63566 0.62524
10.00000 64.00000 0.43103 0.83333 1.00000 1.00000 0.28916 0.37628 0.27465 1.00000 1.00000 0.72947 0.24242 0.16077 1.00000 0.17262 0.77399 0.16176 0.19455 0.19161 1.00000 0.08333 1.00000 1.00000 0.66667 0.69249
10.00000 65.00000 0.47701 0.25000 1.00000 1.00000 0.34036 0.26248 0.31060 1.00000 1.00000 0.73913 0.22727 0.14965 1.00000 0.22024 0.74840 0.30882 0.20673 0.31705 1.00000 0.16667 1.00000 1.00000 0.75194 0.83623
10.00000 66.00000 0.55172 0.66667 1.00000 1.00000 0.22289 0.38239 0.28680 1.00000 1.00000 0.74074 0.19697 0.12483 1.00000 0.29762 0.79744 0.19118 0.18464 0.24894 1.00000 0.25000 1.00000 1.00000 0.72868 0.53991
10.00000 67.00000 0.38506 0.66667 1.00000 1.00000 0.25000 0.39677 0.42454 1.00000 0.00000 0.83092 0.19697 0.14125 1.00000 0.17857 0.79104 0.22059 0.18371 0.19777 1.00000 0.16667 1.00000 1.00000 0.78295 0.57028
10.00000 68.00000 0.52874 0.91667 1.00000 1.00000 0.17771 0.39677 0.36850 1.00000 1.00000 0.76490 0.21212 0.16064 1.00000 0.17857 0.80171 0.23529 0.19243 0.33821 1.00000 0.41667 1.00000 1.00000 0.72093 0.72963
10.00000 69.00000 0.55747 0.33333 1.00000 1.00000 0.30120 0.20624 0.19227 1.00000 1.00000 0.76167 0.16667 0.18370 1.00000 0.29762 0.79104 0.16176 0.19821 0.25394 1.00000 0.33333 1.00000 1.00000 0.65116 0.68365
10.00000 70.00000 0.52874 0.83333 1.00000 1.00000 0.24096 0.21714 0.22012 1.00000 1.00000 0.70209 0.16667 0.13170 1.00000 0.30357 0.73987 0.29412 0.17138 0.41324 1.00000 0.25000 1.00000 1.00000 0.62791 0.71334
10.00000 71.00000 0.68966 0.91667 1.00000 1.00000 0.16566 0.27818 0.20257 1.00000 1.00000 0.70853 0.21212 0.15754 1.00000 0.27976 0.73987 0.25000 0.20095 0.27664 1.00000 0.33333 1.00000 1.00000 0.62791 0.70436
10.00000 72.00000 0.29885 0.91667 1.00000 1.00000 0.29217 0.41225 0.36918 1.00000 1.00000 0.69726 0.25758 0.13565 1.00000 0.25595 0.79318 0.20588 0.19517 0.33705 1.00000 0.25000 1.00000 1.00000 0.68992 0.82049
10.00000 73.00000 0.43103 0.83333 1.00000 1.00000 0.22590 0.35274 0.31904 1.00000 1.00000 0.79388 0.13636 0.16881 1.00000 0.16667 0.70576 0.27941 0.18944 0.32782 1.00000 0.33333 1.00000 1.00000 0.68992 0.62455
10.00000 74.00000 0.63218 0.16667 1.00000 1.00000 0.28916 0.38042 0.29305 1.00000 1.00000 0.65217 0.13636 0.13143 1.00000 0.26190 0.78891 0.19118 0.20647 0.25317 1.00000 0.25000 1.00000 1.00000 0.78295 0.72977
10.00000 75.00000 0.30460 0.91667 1.00000 1.00000 0.24096 0.26488 0.20105 1.00000 0.00000 0.72625 0.24242 0.13959 1.00000 0.32738 0.72708 0.25000 0.18733 0.27511 1.00000 0.25000 1.00000 1.00000 0.69767 0.70713
10.00000 76.00000 0.40805 0.16667 1.00000 1.00000 0.23494 0.28864 0.25051 1.00000 1.00000 0.68438 0.19697 0.16925 1.00000 0.22024 0.75480 0.20588 0.18970 0.26895 1.00000 0.33333 1.00000 1.00000 0.60465 0.62814
10.00000 77.00000 0.36782 0.50000 1.00000 1.00000 0.35843 0.25158 0.38690 1.00000 1.00000 0.66667 0.24242 0.15557 1.00000 0.15476 0.76333 0.23529 0.21039 0.43632 1.00000 0.16667 1.00000 1.00000 0.82946 0.76125
10.00000 78.00000 0.44253 0.58333 1.00000 1.00000 0.31024 0.22978 0.27650 1.00000 1.00000 0.75201 0.16667 0.15763 1.00000 0.13690 0.72921 0.17647 0.20007 0.16814 1.00000 0.41667 1.00000 1.00000 0.63566 0.57981
10.00000 79.00000 0.37356 0.33333 1.00000 1.00000 0.24398 0.21169 0.31161 1.00000 1.00000 0.73752 0.18182 0.16562 1.00000 0.17857 0.75906 0.30882 0.19739 0.25856 1.00000 0.41667 1.00000 1.00000 0.71318 0.70119
10.00000 80.00000 0.52874 0.75000 1.00000 1.00000 0.26807 0.24504 0.27515 1.00000 1.00000 0.73269 0.09091 0.17213 1.00000 0.23810 0.84435 0.19118 0.23315 0.21508 1.00000 0.33333 1.00000 1.00000 0.65891 0.71555
10.00000 81.00000 0.49425 0.75000 1.00000 1.00000 0.20181 0.33137 0.27194 1.00000 1.00000 0.83575 0.16667 0.13551 1.00000 0.30952 0.87207 0.22059 0.18624 0.36245 1.00000 0.33333 1.00000 1.00000 0.75969 0.66045
10.00000 82.00000 0.43103 0.25000 1.00000 1.00000 0.29518 0.30783 0.24966 1.00000 1.00000 0.74074 0.16667 0.14740 1.00000 0.30952 0.75480 0.30882 0.21545 0.22393 1.00000 0.41667 1.00000 1.00000 0.59690 0.76843
10.00000 83.00000 0.78161 0.50000 1.00000 1.00000 0.23193 0.40985 0.40547 1.00000 1.00000 0.71981 0.21212 0.19232 1.00000 0.23810 0.58422 0.19118 0.20255 0.30820 1.00000 0.41667 1.00000 1.00000 0.76744 0.64789
10.00000 84.00000 0.85632 0.41667 1.00000 1.00000 0.31928 0.31502 0.25895 1.00000 1.00000 0.72786 0.18182 0.12393 1.00000 0.20833 0.75693 0.36765 0.20291 0.34898 1.00000 0.25000 1.00000 1.00000 0.68217 0.75435
10.00000 85.00000 0.62644 0.75000 1.00000 1.00000 0.24096 0.41552 0.16020 1.00000 1.00000 0.61675 0.22727 0.16957 1.00000 0.13095 0.69510 0.17647 0.21586 0.30935 1.00000 0.41667 1.00000 1.00000 0.55039 0.65921
10.00000 86.00000 0.45977 0.83333 1.00000 1.00000 0.22590 0.27273 0.38352 1.00000 1.00000 0.74879 0.22727 0.16091 1.00000 0.25595 0.77399 0.26471 0.18134 0.32820 1.00000 0.25000 1.00000 1.00000 0.68217 0.73543
10.00000 87.00000 0.51149 0.33333 1.00000 1.00000 0.34940 0.34467 0.36293 1.00000 1.00000 0.74396 0.16667 0.15884 1.00000 0.29167 0.69936 0.26471 0.20394 0.21008 1.00000 0.41667 1.00000 1.00000 0.72868 0.71803
10.00000 88.00000 0.32759 0.58333 1.00000 1.00000 0.45181 0.30892 0.30891 1.00000 1.00000 0.69565 0.33333 0.15229 1.00000 0.33333 0.68230 0.33824 0.22773 0.39361 1.00000 0.25000 1.00000 1.00000 0.74419 0.75090
10.00000 89.00000 0.50575 0.91667 1.00000 1.00000 0.05120 0.43362 0.14129 1.00000 1.00000 0.74557 0.22727 0.18613 1.00000 0.31548 0.74840 0.23529 0.18500 0.31512 1.00000 0.25000 1.00000 1.00000 0.64341 0.68158
10.00000 90.00000 0.43678 0.25000 1.00000 1.00000 0.22289 0.47765 0.25135 1.00000 0.00000 0.69887 0.18182 0.17957 1.00000 0.19643 0.71215 0.17647 0.21003 0.25279 1.00000 0.16667 1.00000 1.00000 0.78295 0.69304
10.00000 91.00000 0.52874 0.41667 1.00000 1.00000 0.39458 0.34314 0.31128 1.00000 1.00000 0.78100 0.27273 0.17415 1.00000 0.29167 0.67591 0.16176 0.19440 0.23971 1.00000 0.25000 1.00000 1.00000 0.56589 0.81165
10.00000 92.00000 0.73563 0.50000 1.00000 1.00000 0.23193 0.14367 0.29760 1.00000 1.00000 0.76329 0.16667 0.14897 1.00000 0.15476 0.70576 0.23529 0.23104 0.29204 1.00000 0.16667 1.00000 1.00000 0.64341 0.67923
10.00000 93.00000 0.33908 0.91667 1.00000 1.00000 0.23193 0.29976 0.25236 1.00000 1.00000 0.65217 0.25758 0.14848 1.00000 0.25595 0.69723 0.22059 0.21323 0.45671 1.00000 0.25000 1.00000 1.00000 0.56589 0.65742
10.00000 94.00000 0.67241 0.25000 1.00000 1.00000 0.25602 0.24068 0.19362 1.00000 1.00000 0.74074 0.13636 0.16068 1.00000 0.31548 0.81023 0.16176 0.20652 0.38322 1.00000 0.25000 1.00000 1.00000 0.79070 0.68158
10.00000 95.00000 0.59195 0.50000 1.00000 1.00000 0.29819 0.29039 0.36698 1.00000 1.00000 0.73108 0.22727 0.13928 1.00000 0.28571 0.76119 0.17647 0.20843 0.29280 1.00000 0.25000 1.00000 1.00000 0.68217 0.62193
10.00000 96.00000 0.52299 0.75000 1.00000 1.00000 0.26506 0.31698 0.48582 1.00000 1.00000 0.72947 0.15152 0.16943 1.00000 0.22619 0.75053 0.25000 0.23743 0.46864 1.00000 0.41667 1.00000 1.00000 0.75969 0.73005
10.00000 97.00000 0.57471 0.75000 1.00000 1.00000 0.19277 0.13080 0.32900 1.00000 1.00000 0.64573 0.19697 0.19304 1.00000 0.27381 0.73348 0.29412 0.20069 0.25279 1.00000 0.25000 1.00000 1.00000 0.64341 0.61171
10.00000 98.00000 0.66092 0.75000 1.00000 1.00000 0.28916 0.30325 0.24308 1.00000 1.00000 0.70370 0.10606 0.16549 1.00000 0.29762 0.71215 0.29412 0.22412 0.40439 1.00000 0.33333 1.00000 1.00000 0.68992 0.63063
10.00000 99.00000 0.53448 0.16667 1.00000 1.00000 0.16566 0.43689 0.24679 1.00000 1.00000 0.76812 0.18182 0.16082 1.00000 0.20833 0.71642 0.26471 0.19739 0.26395 1.00000 0.16667 1.00000 1.00000 0.65891 0.70050
10.00000 100.00000 0.27011 0.66667 1.00000 1.00000 0.20181 0.29823 0.31094 1.00000 1.00000 0.76651 0.18182 0.16750 1.00000 0.28571 0.75906 0.25000 0.21612 0.37591 1.00000 0.33333 1.00000 1.00000 0.66667 0.68407
10.00000 101.00000 0.34483 0.66667 1.00000 1.00000 0.19578 0.40135 0.30317 1.00000 1.00000 0.76006 0.18182 0.18626 1.00000 0.13690 0.82516 0.25000 0.19455 0.27434 1.00000 0.25000 1.00000 1.00000 0.68217 0.65548
10.00000 102.00000 0.55747 0.41667 1.00000 1.00000 0.31325 0.27447 0.20881 1.00000 1.00000 0.62641 0.13636 0.15207 1.00000 0.25000 0.86354 0.27941 0.19011 0.37168 1.00000 0.25000 1.00000 1.00000 0.76744 0.67454
10.00000 103.00000 0.63793 0.91667 1.00000 1.00000 0.28614 0.25463 0.24088 1.00000 1.00000 0.50403 0.09091 0.17042 1.00000 0.26786 0.80171 0.16176 0.22252 0.16314 1.00000 0.41667 1.00000 1.00000 0.85271 0.65272
10.00000 104.00000 0.43678 0.25000 1.00000 1.00000 0.32831 0.20427 0.38032 1.00000 1.00000 0.70853 0.18182 0.17015 1.00000 0.28571 0.64392 0.32353 0.20038 0.28511 1.00000 0.25000 1.00000 1.00000 0.65891 0.62497
10.00000 105.00000 0.61494 0.25000 1.00000 1.00000 0.46386 0.33181 0.33069 1.00000 1.00000 0.67794 0.16667 0.10886 1.00000 0.25595 0.71215 0.20588 0.20647 0.35437 1.00000 0.16667 1.00000 1.00000 0.60465 0.73170
10.00000 106.00000 0.39655 0.50000 1.00000 1.00000 0.28614 0.41770 0.34706 1.00000 1.00000 0.81481 0.19697 0.17522 1.00000 0.25000 0.75053 0.22059 0.21602 0.28319 1.00000 0.41667 1.00000 1.00000 0.65116 0.74537
10.00000 107.00000 0.70690 0.58333 1.00000 1.00000 0.24398 0.22193 0.25945 1.00000 1.00000 0.68599 0.19697 0.15831 1.00000 0.29167 0.72068 0.25000 0.23759 0.26664 1.00000 0.41667 1.00000 1.00000 0.55814 0.72535
10.00000 108.00000 0.41954 0.16667 1.00000 1.00000 0.32831 0.27905 0.31853 1.00000 1.00000 0.81643 0.27273 0.14161 1.00000 0.21429 0.68017 0.23529 0.22680 0.29011 1.00000 0.33333 1.00000 1.00000 0.58915 0.63146
10.00000 109.00000 0.45977 0.83333 1.00000 1.00000 0.32229 0.36342 0.20020 1.00000 1.00000 0.74557 0.27273 0.17850 1.00000 0.23214 0.68443 0.20588 0.22938 0.31628 1.00000 0.25000 1.00000 1.00000 0.75194 0.72646
10.00000 110.00000 0.55747 0.58333 1.00000 1.00000 0.27410 0.17375 0.15834 1.00000 1.00000 0.63607 0.18182 0.19021 1.00000 0.25595 0.70789 0.25000 0.23413 0.20585 1.00000 0.33333 1.00000 1.00000 0.48837 0.50898
10.00000 111.00000 0.13218 0.41667 1.00000 1.00000 0.45482 0.35949 0.32140 1.00000 1.00000 0.73269 0.24242 0.14363 1.00000 0.27976 0.67377 0.20588 0.18407 0.29588 1.00000 0.41667 1.00000 1.00000 0.55039 0.60619
10.00000 112.00000 0.71839 0.50000 1.00000 1.00000 0.33133 0.29169 0.21556 1.00000 1.00000 0.72464 0.24242 0.21439 1.00000 0.36905 0.73987 0.23529 0.23449 0.46326 1.00000 0.25000 1.00000 1.00000 0.54264 0.60301
10.00000 113.00000 0.44828 0.83333 1.00000 1.00000 0.31325 0.26313 0.39939 1.00000 1.00000 0.73108 0.27273 0.18047 1.00000 0.16071 0.75053 0.20588 0.19213 0.36822 1.00000 0.33333 1.00000 1.00000 0.62016 0.72908
10.00000 114.00000 0.40230 0.33333 1.00000 1.00000 0.30120 0.30129 0.36918 1.00000 1.00000 0.66345 0.18182 0.15530 1.00000 0.38690 0.69936 0.25000 0.18531 0.27549 1.00000 0.16667 1.00000 1.00000 0.75969 0.74054
10.00000 115.00000 0.33333 0.41667 1.00000 1.00000 0.35241 0.23065 0.27296 1.00000 1.00000 0.64734 0.27273 0.16239 1.00000 0.30357 0.66738 0.27941 0.21664 0.33667 1.00000 0.41667 1.00000 1.00000 0.68217 0.60605
10.00000 116.00000 0.24138 0.16667 1.00000 1.00000 0.22892 0.42032 0.22248 1.00000 1.00000 0.68277 0.21212 0.19658 1.00000 0.26190 0.78465 0.26471 0.21850 0.31397 1.00000 0.33333 1.00000 1.00000 0.67442 0.74096
10.00000 117.00000 0.47126 0.83333 1.00000 1.00000 0.31024 0.25005 0.30874 1.00000 1.00000 0.71014 0.19697 0.18671 1.00000 0.33333 0.68870 0.26471 0.23434 0.27895 1.00000 0.41667 1.00000 1.00000 0.68217 0.70050
10.00000 118.00000 0.66092 0.25000 1.00000 1.00000 0.36747 0.47068 0.27853 1.00000 1.00000 0.70209 0.21212 0.16925 1.00000 0.24405 0.66951 0.23529 0.25617 0.31358 1.00000 0.50000 1.00000 1.00000 0.62791 0.68710
10.00000 119.00000 0.53448 0.41667 1.00000 1.00000 0.22289 0.24417 0.43011 1.00000 1.00000 0.69404 0.22727 0.18321 1.00000 0.23810 0.73561 0.25000 0.21948 0.36783 1.00000 0.41667 1.00000 1.00000 0.70543 0.70533
10.00000 120.00000 0.42529 0.33333 1.00000 1.00000 0.08434 0.36821 0.42032 1.00000 1.00000 0.65862 0.25758 0.16710 1.00000 0.28571 0.71642 0.27941 0.21416 0.32513 1.00000 0.33333 1.00000 1.00000 0.49612 0.64609
10.00000 121.00000 0.39655 0.25000 1.00000 1.00000 0.33735 0.31480 0.31448 1.00000 1.00000 0.76973 0.24242 0.17464 1.00000 0.22619 0.74840 0.25000 0.23186 0.19508 1.00000 0.41667 1.00000 1.00000 0.72093 0.56048
10.00000 122.00000 0.39655 0.41667 1.00000 1.00000 0.30723 0.39220 0.32613 1.00000 1.00000 0.55072 0.30303 0.19344 1.00000 0.32143 0.64179 0.25000 0.23558 0.31320 1.00000 0.41667 1.00000 1.00000 0.69767 0.70851
10.00000 123.00000 0.38506 0.25000 1.00000 1.00000 0.37349 0.31480 0.27127 1.00000 1.00000 0.60386 0.12121 0.16100 1.00000 0.22024 0.70789 0.26471 0.20239 0.37245 1.00000 0.33333 1.00000 1.00000 0.64341 0.62800
10.00000 124.00000 0.61494 0.16667 1.00000 1.00000 0.47892 0.34445 0.26756 1.00000 1.00000 0.65862 0.18182 0.17459 1.00000 0.29762 0.67377 0.27941 0.24863 0.26087 1.00000 0.50000 1.00000 1.00000 0.68992 0.77755
10.00000 125.00000 0.46552 0.25000 1.00000 1.00000 0.28012 0.26204 0.36259 1.00000 1.00000 0.67633 0.18182 0.16701 1.00000 0.23810 0.52239 0.22059 0.21844 0.40208 1.00000 0.33333 1.00000 1.00000 0.66667 0.79357
10.00000 126.00000 0.55172 0.91667 1.00000 1.00000 0.34639 0.42184 0.35365 1.00000 1.00000 0.60709 0.25758 0.17854 1.00000 0.26190 0.72068 0.29412 0.23300 0.29742 1.00000 0.33333 1.00000 1.00000 0.70543 0.52527
10.00000 127.00000 0.41379 0.66667 1.00000 1.00000 0.38855 0.33748 0.42792 1.00000 1.00000 0.61836 0.28788 0.17751 1.00000 0.25595 0.65672 0.23529 0.19006 0.44594 1.00000 0.25000 1.00000 1.00000 0.55814 0.70713
10.00000 128.00000 0.37356 0.75000 1.00000 1.00000 0.40060 0.42315 0.41003 1.00000 1.00000 0.72303 0.27273 0.18267 1.00000 0.27976 0.81663 0.26471 0.22417 0.43555 1.00000 0.41667 1.00000 1.00000 0.53488 0.52996
10.00000 129.00000 0.44253 0.50000 1.00000 1.00000 0.35843 0.37366 0.45273 1.00000 1.00000 0.66345 0.15152 0.19205 1.00000 0.40476 0.72281 0.22059 0.22825 0.46980 1.00000 0.50000 1.00000 1.00000 0.48837 0.72604
10.00000 130.00000 0.68966 0.25000 1.00000 1.00000 0.44277 0.48485 0.34301 1.00000 1.00000 0.62158 0.18182 0.17536 1.00000 0.30357 0.63539 0.30882 0.20771 0.37207 1.00000 0.41667 1.00000 1.00000 0.65116 0.53949
10.00000 131.00000 0.28161 0.50000 1.00000 1.00000 0.33735 0.34968 0.40277 1.00000 1.00000 0.71498 0.22727 0.15606 1.00000 0.27381 0.74840 0.23529 0.22448 0.34590 1.00000 0.41667 1.00000 1.00000 0.59690 0.68117
10.00000 132.00000 0.46552 0.33333 1.00000 1.00000 0.31024 0.47547 0.28359 1.00000 1.00000 0.77295 0.21212 0.18348 1.00000 0.25595 0.68017 0.22059 0.20193 0.39361 1.00000 0.33333 1.00000 1.00000 0.59690 0.53949
10.00000 133.00000 0.47701 0.91667 1.00000 1.00000 0.32530 0.35579 0.31820 1.00000 1.00000 0.69082 0.24242 0.20852 1.00000 0.29167 0.59915 0.23529 0.22691 0.38900 1.00000 0.25000 1.00000 1.00000 0.56589 0.52637
10.00000 134.00000 0.55747 0.66667 1.00000 1.00000 0.35542 0.18988 0.39028 1.00000 1.00000 0.77134 0.19697 0.21112 1.00000 0.28571 0.69083 0.30882 0.21937 0.34359 1.00000 0.25000 1.00000 1.00000 0.50388 0.58395
10.00000 135.00000 0.59770 0.16667 1.00000 1.00000 0.56928 0.47504 0.37289 1.00000 1.00000 0.68277 0.18182 0.18061 1.00000 0.23810 0.64606 0.23529 0.24223 0.36745 1.00000 0.33333 1.00000 1.00000 0.62016 0.70091
10.00000 136.00000 0.59770 0.41667 1.00000 1.00000 0.33735 0.24112 0.40648 1.00000 1.00000 0.71981 0.22727 0.21920 1.00000 0.30952 0.62900 0.20588 0.23645 0.30512 1.00000 0.33333 1.00000 1.00000 0.53488 0.53770
10.00000 137.00000 0.52874 0.25000 1.00000 1.00000 0.12651 0.34532 0.32107 1.00000 1.00000 0.56200 0.27273 0.19178 1.00000 0.30357 0.71215 0.22059 0.22247 0.42593 1.00000 0.41667 1.00000 1.00000 0.50388 0.62828
10.00000 138.00000 0.47126 0.75000 1.00000 1.00000 0.38554 0.46566 0.28123 1.00000 1.00000 0.64573 0.25758 0.18281 1.00000 0.32143 0.73561 0.26471 0.21736 0.32474 1.00000 0.41667 1.00000 1.00000 0.64341 0.53935
10.00000 139.00000 0.27586 0.66667 1.00000 1.00000 0.27711 0.38522 0.27633 1.00000 1.00000 0.54267 0.25758 0.19268 1.00000 0.22619 0.64179 0.29412 0.24414 0.39323 1.00000 0.41667 1.00000 1.00000 0.68992 0.65010
10.00000 140.00000 0.56897 0.83333 1.00000 1.00000 0.46988 0.35317 0.37120 1.00000 1.00000 0.69726 0.24242 0.17863 1.00000 0.38690 0.77186 0.27941 0.20828 0.41285 1.00000 0.33333 1.00000 1.00000 0.53488 0.55910
10.00000 141.00000 0.35057 0.25000 1.00000 1.00000 0.45181 0.22825 0.36276 1.00000 1.00000 0.71337 0.25758 0.20228 1.00000 0.30357 0.67164 0.32353 0.27603 0.46287 1.00000 0.41667 1.00000 1.00000 0.61240 0.46189
10.00000 142.00000 0.63218 0.75000 1.00000 1.00000 0.45783 0.30521 0.46590 1.00000 1.00000 0.66667 0.21212 0.19963 1.00000 0.33929 0.61834 0.30882 0.22990 0.34706 1.00000 0.33333 1.00000 1.00000 0.81395 0.69732
10.00000 143.00000 0.25862 0.75000 1.00000 1.00000 0.44880 0.40113 0.24426 1.00000 1.00000 0.58132 0.24242 0.20071 1.00000 0.28571 0.62687 0.26471 0.21065 0.17891 1.00000 0.33333 1.00000 1.00000 0.60465 0.69345
10.00000 144.00000 0.37931 0.33333 1.00000 1.00000 0.25602 0.37454 0.44919 1.00000 1.00000 0.64734 0.34848 0.19281 1.00000 0.23214 0.63753 0.27941 0.21891 0.43017 1.00000 0.41667 1.00000 1.00000 0.58915 0.63159
10.00000 145.00000 0.57471 0.91667 1.00000 1.00000 0.19578 0.50098 0.39230 1.00000 1.00000 0.52013 0.18182 0.17953 1.00000 0.23810 0.67591 0.29412 0.23578 0.31705 1.00000 0.50000 1.00000 1.00000 0.55814 0.56379
10.00000 146.00000 0.68966 0.75000 1.00000 1.00000 0.39458 0.42926 0.34639 1.00000 1.00000 0.72464 0.30303 0.18604 1.00000 0.37500 0.66738 0.27941 0.21478 0.40169 1.00000 0.41667 1.00000 1.00000 0.66667 0.53300
10.00000 147.00000 0.62069 0.66667 1.00000 1.00000 0.29819 0.36603 0.41036 1.00000 1.00000 0.61353 0.39394 0.17765 1.00000 0.29167 0.68657 0.32353 0.24084 0.26933 1.00000 0.41667 1.00000 1.00000 0.56589 0.52168
10.00000 148.00000 0.54023 0.25000 1.00000 1.00000 0.45181 0.40440 0.38977 1.00000 1.00000 0.66023 0.24242 0.17450 1.00000 0.38690 0.59062 0.27941 0.23862 0.36322 1.00000 0.50000 1.00000 1.00000 0.67442 0.48771
10.00000 149.00000 0.60345 0.16667 1.00000 1.00000 0.31325 0.27774 0.50490 1.00000 1.00000 0.54750 0.21212 0.22795 1.00000 0.32738 0.65245 0.22059 0.26706 0.37591 1.00000 0.33333 1.00000 1.00000 0.67442 0.59845
10.00000 150.00000 0.53448 0.50000 1.00000 1.00000 0.25000 0.30652 0.37880 1.00000 1.00000 0.55072 0.28788 0.18424 1.00000 0.17262 0.69723 0.19118 0.24388 0.33975 1.00000 0.33333 1.00000 1.00000 0.58915 0.60108
10.00000 151.00000 0.70115 0.50000 1.00000 1.00000 0.31024 0.32309 0.38201 1.00000 1.00000 0.63285 0.24242 0.21282 1.00000 0.35119 0.51173 0.27941 0.22851 0.36937 1.00000 0.41667 1.00000 1.00000 0.50388 0.70975
10.00000 152.00000 0.54598 0.83333 1.00000 1.00000 0.61446 0.38675 0.38943 1.00000 1.00000 0.61192 0.24242 0.20412 1.00000 0.36310 0.56077 0.26471 0.24007 0.44055 1.00000 0.25000 1.00000 1.00000 0.48062 0.62510
10.00000 153.00000 0.70115 0.50000 1.00000 1.00000 0.20482 0.24112 0.39247 1.00000 1.00000 0.62802 0.31818 0.22799 1.00000 0.32143 0.61834 0.19118 0.25323 0.39554 1.00000 0.41667 1.00000 1.00000 0.46512 0.52900
10.00000 154.00000 0.35057 0.50000 1.00000 1.00000 0.24398 0.22695 0.34537 1.00000 1.00000 0.73430 0.19697 0.24661 1.00000 0.39881 0.68870 0.27941 0.23929 0.33898 1.00000 0.25000 1.00000 1.00000 0.62016 0.51864
10.00000 155.00000 0.16092 0.25000 1.00000 1.00000 0.47590 0.27404 0.44683 1.00000 1.00000 0.58293 0.21212 0.19689 1.00000 0.41071 0.51599 0.25000 0.25839 0.26510 1.00000 0.58333 1.00000 1.00000 0.50388 0.61489
10.00000 156.00000 0.36207 0.91667 1.00000 1.00000 0.47289 0.52605 0.43028 1.00000 1.00000 0.45411 0.21212 0.19411 1.00000 0.33929 0.61194 0.27941 0.23558 0.44786 1.00000 0.33333 1.00000 1.00000 0.45736 0.58382
10.00000 157.00000 0.63218 0.75000 1.00000 1.00000 0.39759 0.40092 0.58052 1.00000 1.00000 0.57327 0.28788 0.24657 1.00000 0.36310 0.68017 0.22059 0.26571 0.55444 1.00000 0.50000 1.00000 1.00000 0.62791 0.64181
10.00000 158.00000 0.39655 0.66667 1.00000 1.00000 0.57831 0.38151 0.43839 1.00000 1.00000 0.46216 0.24242 0.22382 1.00000 0.51786 0.53945 0.30882 0.24569 0.21200 1.00000 0.58333 1.00000 1.00000 0.44961 0.61944
10.00000 159.00000 0.38506 0.58333 1.00000 1.00000 0.50602 0.26401 0.34470 1.00000 1.00000 0.57166 0.28788 0.21650 1.00000 0.43452 0.58209 0.29412 0.23790 0.49096 1.00000 0.50000 1.00000 1.00000 0.62016 0.52803
10.00000 160.00000 0.67241 0.16667 1.00000 1.00000 0.43373 0.42599 0.52785 1.00000 1.00000 0.61836 0.31818 0.22422 1.00000 0.47024 0.63113 0.25000 0.26948 0.46287 1.00000 0.33333 1.00000 1.00000 0.47287 0.61696
10.00000 161.00000 0.50000 0.58333 1.00000 1.00000 0.40663 0.41160 0.43214 1.00000 1.00000 0.57327 0.30303 0.22943 1.00000 0.38095 0.57356 0.29412 0.24714 0.41131 1.00000 0.41667 1.00000 1.00000 0.61240 0.72273
10.00000 162.00000 0.36782 0.41667 1.00000 1.00000 0.50904 0.46414 0.34757 1.00000 1.00000 0.65539 0.27273 0.21565 1.00000 0.47619 0.59062 0.33824 0.27887 0.36514 1.00000 0.50000 1.00000 1.00000 0.58140 0.56559
10.00000 163.00000 0.47126 0.75000 1.00000 1.00000 0.50904 0.37868 0.43501 1.00000 1.00000 0.60064 0.28788 0.22261 1.00000 0.44048 0.63966 0.38235 0.24920 0.39361 1.00000 0.50000 1.00000 1.00000 0.41085 0.52831
10.00000 164.00000 0.55172 0.25000 1.00000 1.00000 0.60542 0.41923 0.47282 1.00000 1.00000 0.57327 0.33333 0.23840 1.00000 0.43452 0.50533 0.26471 0.26143 0.56599 1.00000 0.50000 1.00000 1.00000 0.40310 0.60991
10.00000 165.00000 0.31034 0.16667 1.00000 1.00000 0.45482 0.13843 0.36833 1.00000 1.00000 0.53140 0.25758 0.21830 1.00000 0.53571 0.55011 0.27941 0.25813 0.37822 1.00000 0.33333 1.00000 1.00000 0.61240 0.68917
10.00000 166.00000 0.68966 0.50000 1.00000 1.00000 0.66265 0.39983 0.54693 1.00000 1.00000 0.59581 0.28788 0.23813 1.00000 0.39881 0.57143 0.30882 0.24966 0.63717 1.00000 0.50000 1.00000 1.00000 0.58140 0.55855
10.00000 167.00000 0.47126 0.16667 1.00000 1.00000 0.49398 0.49248 0.42606 1.00000 1.00000 0.59259 0.22727 0.24536 1.00000 0.50000 0.52665 0.33824 0.25885 0.47749 1.00000 0.33333 1.00000 1.00000 0.52713 0.41563
10.00000 168.00000 0.56322 0.83333 1.00000 1.00000 0.49398 0.48114 0.39838 1.00000 1.00000 0.50725 0.24242 0.21664 1.00000 0.46429 0.61194 0.20588 0.29585 0.48211 1.00000 0.33333 1.00000 1.00000 0.53488 0.55468
10.00000 169.00000 0.60345 0.41667 1.00000 1.00000 0.40060 0.65119 0.54068 1.00000 1.00000 0.65700 0.28788 0.25455 1.00000 0.41071 0.49893 0.27941 0.25606 0.59215 1.00000 0.41667 1.00000 1.00000 0.59690 0.51408
10.00000 170.00000 0.52299 0.66667 1.00000 1.00000 0.39759 0.47242 0.56668 1.00000 1.00000 0.65217 0.31818 0.22350 1.00000 0.49405 0.57996 0.27941 0.23387 0.59254 1.00000 0.50000 1.00000 1.00000 0.50388 0.62773
10.00000 171.00000 0.61494 0.16667 1.00000 1.00000 0.38855 0.57859 0.52650 1.00000 1.00000 0.61997 0.16667 0.20484 1.00000 0.43452 0.60981 0.33824 0.27062 0.31012 1.00000 0.33333 1.00000 1.00000 0.57364 0.65438
10.00000 172.00000 0.50575 0.33333 1.00000 1.00000 0.50904 0.46109 0.53747 1.00000 1.00000 0.52657 0.27273 0.27614 1.00000 0.38095 0.51599 0.33824 0.29146 0.48673 1.00000 0.41667 1.00000 1.00000 0.51163 0.46244
10.00000 173.00000 0.40805 0.91667 1.00000 1.00000 0.46084 0.28167 0.54473 1.00000 1.00000 0.45089 0.22727 0.22759 1.00000 0.41667 0.47974 0.27941 0.27913 0.37245 1.00000 0.66667 1.00000 1.00000 0.51163 0.57802
10.00000 174.00000 0.60920 0.66667 1.00000 1.00000 0.44277 0.34729 0.45999 1.00000 1.00000 0.62158 0.28788 0.27304 1.00000 0.46429 0.53945 0.32353 0.26669 0.44748 1.00000 0.50000 1.00000 1.00000 0.49612 0.49848
10.00000 175.00000 0.66667 0.58333 1.00000 1.00000 0.47289 0.48441 0.50405 1.00000 1.00000 0.41385 0.34848 0.24235 1.00000 0.52976 0.49467 0.32353 0.25833 0.49981 1.00000 0.41667 1.00000 1.00000 0.41085 0.55827
10.00000 176.00000 0.57471 0.41667 1.00000 1.00000 0.62048 0.55243 0.41374 1.00000 1.00000 0.58615 0.31818 0.29436 1.00000 0.30357 0.48827 0.33824 0.28930 0.50519 1.00000 0.50000 1.00000 1.00000 0.41085 0.50456
10.00000 177.00000 0.60920 0.33333 1.00000 1.00000 0.53313 0.34053 0.53798 1.00000 1.00000 0.42190 0.31818 0.24051 1.00000 0.38690 0.57143 0.19118 0.27118 0.34744 1.00000 0.58333 1.00000 1.00000 0.49612 0.41190
10.00000 178.00000 0.60345 0.25000 1.00000 1.00000 0.51807 0.23785 0.56246 1.00000 1.00000 0.58132 0.28788 0.24132 1.00000 0.46429 0.47122 0.33824 0.31753 0.34552 1.00000 0.41667 1.00000 1.00000 0.44961 0.64098
10.00000 179.00000 0.39655 0.58333 1.00000 1.00000 0.55422 0.40811 0.46354 1.00000 1.00000 0.45411 0.31818 0.21924 1.00000 0.43452 0.52665 0.26471 0.27800 0.46287 1.00000 0.41667 1.00000 1.00000 0.46512 0.53217
10.00000 180.00000 0.37931 0.75000 1.00000 1.00000 0.57530 0.26815 0.42775 1.00000 1.00000 0.61192 0.31818 0.22799 1.00000 0.44643 0.55650 0.41176 0.29817 0.58792 1.00000 0.50000 1.00000 1.00000 0.60465 0.50718
10.00000 181.00000 0.65517 0.50000 1.00000 1.00000 0.37651 0.50512 0.57681 1.00000 1.00000 0.64734 0.36364 0.24316 1.00000 0.48810 0.42004 0.36765 0.24853 0.49404 1.00000 0.50000 1.00000 1.00000 0.50388 0.56007
10.00000 182.00000 0.23563 0.16667 1.00000 1.00000 0.39458 0.42991 0.34402 1.00000 1.00000 0.28824 0.33333 0.26268 1.00000 0.44643 0.59062 0.30882 0.28393 0.56329 1.00000 0.50000 1.00000 1.00000 0.32558 0.48495
10.00000 183.00000 0.34483 0.16667 1.00000 1.00000 0.36446 0.51363 0.53325 1.00000 1.00000 0.55717 0.31818 0.24208 1.00000 0.50595 0.54158 0.39706 0.30720 0.54636 1.00000 0.41667 1.00000 1.00000 0.56589 0.42557
10.00000 184.00000 0.37356 0.33333 1.00000 1.00000 0.62349 0.43449 0.50017 1.00000 1.00000 0.40741 0.33333 0.27111 1.00000 0.47024 0.48401 0.32353 0.26886 0.47672 1.00000 0.33333 1.00000 1.00000 0.44186 0.36523
10.00000 185.00000 0.64943 0.25000 1.00000 1.00000 0.62651 0.37606 0.45510 1.00000 1.00000 0.58615 0.21212 0.24370 1.00000 0.54167 0.54797 0.38235 0.27583 0.49904 1.00000 0.58333 1.00000 1.00000 0.52713 0.41411
10.00000 186.00000 0.35057 0.41667 1.00000 1.00000 0.50602 0.45476 0.61799 1.00000 1.00000 0.56522 0.25758 0.25397 1.00000 0.48810 0.56290 0.33824 0.29972 0.55560 1.00000 0.50000 1.00000 1.00000 0.40310 0.53770
10.00000 187.00000 0.52299 0.16667 1.00000 1.00000 0.67470 0.54763 0.49494 1.00000 1.00000 0.37520 0.24242 0.29229 1.00000 0.48214 0.47548 0.36765 0.30901 0.48942 1.00000 0.58333 1.00000 1.00000 0.41860 0.35418
10.00000 188.00000 0.52874 0.58333 1.00000 1.00000 0.52410 0.41683 0.56313 1.00000 1.00000 0.53140 0.30303 0.25819 1.00000 0.54167 0.44136 0.38235 0.28796 0.61293 1.00000 0.58333 1.00000 1.00000 0.44186 0.45360
10.00000 189.00000 0.31609 0.75000 1.00000 1.00000 0.72590 0.36800 0.46185 1.00000 1.00000 0.38969 0.25758 0.26461 1.00000 0.41667 0.39659 0.33824 0.31427 0.42786 1.00000 0.50000 1.00000 1.00000 0.42636 0.50221
10.00000 190.00000 0.50000 0.25000 1.00000 1.00000 0.72289 0.40135 0.67302 1.00000 1.00000 0.46216 0.36364 0.28852 1.00000 0.48214 0.35608 0.32353 0.31314 0.47711 1.00000 0.41667 1.00000 1.00000 0.40310 0.47818
10.00000 191.00000 0.44253 0.50000 1.00000 1.00000 0.50602 0.29998 0.52971 1.00000 1.00000 0.54911 0.36364 0.27376 1.00000 0.61905 0.45416 0.26471 0.29776 0.51366 1.00000 0.58333 1.00000 1.00000 0.49612 0.51422
10.00000 192.00000 0.52874 0.25000 1.00000 1.00000 0.40060 0.58797 0.51992 1.00000 1.00000 0.48953 0.33333 0.30207 1.00000 0.60714 0.44350 0.33824 0.35767 0.41747 1.00000 0.50000 1.00000 1.00000 0.28682 0.45126
10.00000 193.00000 0.35057 0.66667 1.00000 1.00000 0.78916 0.58666 0.58406 1.00000 1.00000 0.46699 0.39394 0.26779 1.00000 0.65476 0.49041 0.35294 0.31577 0.39785 1.00000 0.50000 1.00000 1.00000 0.48062 0.28915
10.00000 194.00000 0.54023 0.91667 1.00000 1.00000 0.70783 0.67059 0.56567 1.00000 1.00000 0.41868 0.30303 0.31073 1.00000 0.53571 0.37740 0.41176 0.29265 0.58638 1.00000 0.66667 1.00000 1.00000 0.46512 0.33195
10.00000 195.00000 0.46552 0.16667 1.00000 1.00000 0.50000 0.45455 0.60837 1.00000 1.00000 0.41707 0.37879 0.34851 1.00000 0.57738 0.37740 0.33824 0.35767 0.56753 1.00000 0.50000 1.00000 1.00000 0.58915 0.52762
10.00000 196.00000 0.51149 0.33333 1.00000 1.00000 0.65060 0.53739 0.55976 1.00000 1.00000 0.46216 0.33333 0.29646 1.00000 0.61310 0.30064 0.27941 0.35117 0.47134 1.00000 0.58333 1.00000 1.00000 0.38760 0.44587
10.00000 197.00000 0.48851 0.66667 1.00000 1.00000 0.50000 0.60192 0.58508 1.00000 1.00000 0.57971 0.27273 0.33600 1.00000 0.60119 0.41151 0.35294 0.33698 0.56291 1.00000 0.50000 1.00000 1.00000 0.38760 0.46479
10.00000 198.00000 0.33908 0.75000 1.00000 1.00000 0.51205 0.58709 0.53393 1.00000 1.00000 0.49114 0.42424 0.30643 1.00000 0.65476 0.48401 0.41176 0.32511 0.52289 1.00000 0.58333 1.00000 1.00000 0.39535 0.33913
10.00000 199.00000 0.36207 0.16667 1.00000 1.00000 0.52108 0.47504 0.61411 1.00000 1.00000 0.47343 0.28788 0.30656 1.00000 0.48810 0.35394 0.33824 0.33461 0.49673 1.00000 0.50000 1.00000 1.00000 0.30233 0.38387
10.00000 200.00000 0.48276 0.58333 1.00000 1.00000 0.45482 0.65010 0.70949 1.00000 1.00000 0.48470 0.39394 0.30634 1.00000 0.63095 0.42431 0.42647 0.34101 0.62216 1.00000 0.75000 1.00000 1.00000 0.40310 0.37904
10.00000 201.00000 0.58046 0.16667 1.00000 1.00000 0.66566 0.48005 0.59706 1.00000 1.00000 0.45894 0.36364 0.30827 1.00000 0.51190 0.39659 0.44118 0.33130 0.59831 1.00000 0.50000 1.00000 1.00000 0.51163 0.39423
10.00000 202.00000 0.68966 0.75000 1.00000 1.00000 0.54819 0.57314 0.62036 1.00000 1.00000 0.30435 0.36364 0.29503 1.00000 0.61905 0.46908 0.38235 0.32955 0.66949 1.00000 0.50000 1.00000 1.00000 0.32558 0.46341
10.00000 203.00000 0.66092 0.41667 1.00000 1.00000 0.72892 0.62023 0.67792 1.00000 1.00000 0.32206 0.37879 0.32074 1.00000 0.76190 0.43284 0.42647 0.33079 0.55637 1.00000 0.50000 1.00000 1.00000 0.39535 0.51036
10.00000 204.00000 0.54023 0.25000 1.00000 1.00000 0.64458 0.42926 0.64635 1.00000 1.00000 0.40902 0.39394 0.33487 1.00000 0.60119 0.35394 0.42647 0.31252 0.75991 1.00000 0.66667 1.00000 1.00000 0.41860 0.26816
10.00000 205.00000 0.56897 0.50000 1.00000 1.00000 0.63253 0.50643 0.66762 1.00000 1.00000 0.37842 0.40909 0.34089 1.00000 0.61310 0.41365 0.44118 0.37403 0.57984 1.00000 0.50000 1.00000 1.00000 0.41860 0.45291
10.00000 206.00000 0.66092 0.41667 1.00000 1.00000 0.75301 0.51842 0.58693 1.00000 1.00000 0.36071 0.36364 0.33698 1.00000 0.61310 0.34328 0.48529 0.34658 0.71143 1.00000 0.50000 1.00000 1.00000 0.43411 0.31331
10.00000 207.00000 0.48276 0.83333 1.00000 1.00000 0.77410 0.50164 0.67860 1.00000 1.00000 0.42512 0.37879 0.34470 1.00000 0.60119 0.34328 0.33824 0.33394 0.62601 1.00000 0.58333 1.00000 1.00000 0.37984 0.42903
10.00000 208.00000 0.86207 0.41667 1.00000 1.00000 0.62349 0.48092 0.60567 1.00000 1.00000 0.36554 0.46970 0.35166 1.00000 0.67262 0.29851 0.47059 0.37001 0.61601 1.00000 0.66667 1.00000 1.00000 0.31008 0.61074
10.00000 209.00000 0.43103 0.50000 1.00000 1.00000 0.72289 0.57271 0.52448 1.00000 1.00000 0.45089 0.31818 0.36341 1.00000 0.51190 0.43070 0.35294 0.35349 0.66987 1.00000 0.58333 1.00000 1.00000 0.33333 0.35046
10.00000 210.00000 0.45977 0.58333 1.00000 1.00000 0.73494 0.52235 0.55469 1.00000 1.00000 0.32367 0.28788 0.36853 1.00000 0.61905 0.31770 0.38235 0.39240 0.68142 1.00000 0.66667 1.00000 1.00000 0.24031 0.24896
10.00000 211.00000 0.40805 0.66667 1.00000 1.00000 0.68072 0.56944 0.62914 1.00000 1.00000 0.36232 0.43939 0.37701 1.00000 0.72024 0.45203 0.35294 0.37414 0.49288 1.00000 0.58333 1.00000 1.00000 0.21705 0.43621
10.00000 212.00000 0.59770 0.41667 1.00000 1.00000 0.65663 0.66819 0.60297 1.00000 1.00000 0.45894 0.40909 0.35955 1.00000 0.59524 0.42004 0.36765 0.37465 0.76376 1.00000 0.75000 1.00000 1.00000 0.26357 0.33582
10.00000 213.00000 0.43103 0.33333 1.00000 1.00000 0.80120 0.92828 0.67995 1.00000 1.00000 0.36876 0.42424 0.39119 1.00000 0.74405 0.29851 0.38235 0.36516 0.63794 1.00000 0.66667 1.00000 1.00000 0.20155 0.31635
10.00000 214.00000 0.37931 0.33333 1.00000 1.00000 0.65964 0.62307 0.76924 1.00000 1.00000 0.34944 0.36364 0.39321 1.00000 0.61905 0.26866 0.41176 0.41201 0.64794 1.00000 0.50000 1.00000 1.00000 0.20930 0.13739
10.00000 215.00000 0.28736 0.66667 1.00000 1.00000 0.54217 0.63811 0.79085 1.00000 1.00000 0.37359 0.40909 0.36431 1.00000 0.62500 0.19403 0.41176 0.38281 0.76376 1.00000 0.58333 1.00000 1.00000 0.41860 0.26926
10.00000 216.00000 0.45402 0.33333 1.00000 1.00000 0.64759 0.67800 0.71641 1.00000 1.00000 0.36554 0.45455 0.37261 1.00000 0.63095 0.34968 0.44118 0.41294 0.69450 1.00000 0.75000 1.00000 1.00000 0.34884 0.33817
10.00000 217.00000 0.59195 0.41667 1.00000 1.00000 0.94578 0.71354 0.69548 1.00000 1.00000 0.30757 0.50000 0.41488 1.00000 0.70238 0.31130 0.41176 0.37228 0.77376 1.00000 0.58333 1.00000 1.00000 0.21705 0.33375
10.00000 218.00000 0.33333 0.83333 1.00000 1.00000 0.75000 0.60170 0.74207 1.00000 1.00000 0.25765 0.39394 0.38845 1.00000 0.73810 0.32836 0.50000 0.37775 0.65602 1.00000 0.58333 1.00000 1.00000 0.25581 0.31304
10.00000 219.00000 0.39655 0.83333 1.00000 1.00000 0.67771 0.70852 0.71388 1.00000 1.00000 0.35105 0.37879 0.41133 1.00000 0.72024 0.24307 0.51471 0.39927 0.76222 1.00000 0.66667 1.00000 1.00000 0.26357 0.46921
10.00000 220.00000 0.42529 0.66667 1.00000 1.00000 0.67771 0.73839 0.68383 1.00000 1.00000 0.30274 0.53030 0.41919 1.00000 0.65476 0.32836 0.54412 0.41888 0.74375 1.00000 0.66667 1.00000 1.00000 0.30233 0.44808
10.00000 221.00000 0.52874 0.41667 1.00000 1.00000 0.86747 0.72727 0.84200 1.00000 1.00000 0.30918 0.50000 0.39774 1.00000 0.73214 0.11301 0.45588 0.43059 0.79377 1.00000 0.58333 1.00000 1.00000 0.06202 0.36647
10.00000 222.00000 0.51149 0.25000 1.00000 1.00000 0.73795 0.61347 0.91222 1.00000 1.00000 0.45894 0.48485 0.42049 1.00000 0.73810 0.28358 0.41176 0.43147 0.73490 1.00000 0.83333 1.00000 1.00000 0.28682 0.34410
