173.00000 1.00000 0.59517 0.73634 0.00000 0.23809 0.00798 0.02644 0.04234 0.29318 0.20881 0.09298 0.00125 0.01641 0.02703 0.03176 0.08999 0.00187 0.05217 0.91842 0.00000 0.04167 0.00000 0.00000 0.14506 0.15722
173.00000 2.00000 0.23806 0.29786 1.00000 0.59794 0.62978 0.69649 0.66940 0.61718 0.61509 0.61658 0.85311 0.64365 0.89189 0.72720 0.61730 0.99322 0.68484 0.09904 1.00000 0.66667 0.85412 1.00000 0.62791 0.64201
173.00000 3.00000 0.83326 0.99762 1.00000 0.06027 0.18020 0.32301 0.25215 0.14659 0.14403 0.13746 0.65075 0.29955 0.24324 0.45603 0.13760 0.99341 0.53137 0.35461 0.00000 0.31250 0.65116 1.00000 0.16529 0.16350
173.00000 4.00000 0.59510 0.73634 0.00000 0.23809 0.00982 0.02435 0.04665 0.29318 0.20881 0.09210 0.00127 0.01962 0.02703 0.02850 0.09010 0.00179 0.06579 0.92476 0.00000 0.03125 0.00000 0.00000 0.14918 0.15260
173.00000 5.00000 0.59512 0.73646 0.00000 0.23809 0.01083 0.04196 0.04922 0.29318 0.20881 0.09226 0.00125 0.02035 0.02703 0.02362 0.09083 0.00176 0.07031 0.90993 0.00000 0.02083 0.00000 0.00000 0.13717 0.14701
173.00000 6.00000 0.23819 0.29691 1.00000 0.59794 0.63263 0.68387 0.67174 0.61718 0.61509 0.61551 0.85307 0.64987 0.89189 0.73208 0.61573 0.99325 0.67475 0.10094 1.00000 0.67708 0.85412 1.00000 0.63032 0.63774
173.00000 7.00000 0.59511 0.73634 0.00000 0.23809 0.01184 0.02687 0.04450 0.29318 0.20818 0.09298 0.00129 0.01584 0.02703 0.00570 0.09253 0.00174 0.05919 0.92154 0.00000 0.05208 0.00000 0.00000 0.14095 0.14886
173.00000 8.00000 0.47619 0.83361 1.00000 0.62699 0.65061 0.63690 0.52109 0.50794 0.49937 0.47344 0.86388 0.60702 0.40541 0.62866 0.47244 0.99325 0.50976 0.30137 0.00000 0.63542 0.86469 1.00000 0.50000 0.49535
173.00000 9.00000 0.00004 0.00024 1.00000 1.00000 0.97991 0.93818 0.91292 1.00000 1.00000 0.99399 0.99918 0.87516 1.00000 0.88925 0.99665 0.99330 0.69384 0.02739 1.00000 0.93750 1.00000 1.00000 0.99108 0.99287
173.00000 10.00000 0.99987 0.99846 1.00000 0.00000 0.12818 0.29243 0.22236 0.00000 0.00000 0.00501 0.62755 0.27297 0.24324 0.46254 0.00340 0.99330 0.56286 0.36219 0.00000 0.27083 0.62791 1.00000 0.01269 0.01708
173.00000 11.00000 0.83313 0.99762 1.00000 0.06027 0.18222 0.31968 0.23612 0.14659 0.14403 0.13782 0.65082 0.30343 0.24324 0.44707 0.13697 0.99341 0.51749 0.34567 0.00000 0.31250 0.65116 1.00000 0.16735 0.16314
173.00000 12.00000 0.23806 0.29691 1.00000 0.59794 0.63364 0.68322 0.66083 0.61718 0.61509 0.61575 0.85324 0.64498 0.89189 0.72068 0.61654 0.99328 0.66730 0.10691 1.00000 0.67708 0.85412 1.00000 0.62929 0.64035
173.00000 13.00000 0.99999 0.99893 1.00000 0.00000 0.12799 0.28360 0.23312 0.00000 0.00063 0.00496 0.62753 0.27234 0.24324 0.44788 0.00383 0.99352 0.57336 0.36746 0.00000 0.28125 0.62791 1.00000 0.01337 0.01849
173.00000 14.00000 0.47611 0.83135 1.00000 0.62699 0.65492 0.63774 0.52701 0.50794 0.50000 0.47327 0.86394 0.60229 0.40541 0.64577 0.47094 0.99328 0.52759 0.32561 0.00000 0.63542 0.86469 1.00000 0.48937 0.50036
173.00000 15.00000 0.47616 0.83135 1.00000 0.62699 0.65400 0.63592 0.54908 0.50794 0.49937 0.47251 0.86388 0.59963 0.40541 0.64169 0.47353 0.99319 0.51614 0.32286 0.00000 0.64583 0.86469 1.00000 0.49143 0.50150
173.00000 16.00000 0.23801 0.29691 1.00000 0.59794 0.63116 0.69256 0.67282 0.61718 0.61509 0.61742 0.85311 0.64458 0.89189 0.72476 0.61570 0.99322 0.68534 0.09765 1.00000 0.68750 0.85412 1.00000 0.63957 0.63740
173.00000 17.00000 0.59523 0.73670 0.00000 0.23809 0.00954 0.05098 0.05254 0.29318 0.20881 0.09336 0.00129 0.01839 0.02703 0.04479 0.09086 0.00182 0.06703 0.92267 0.00000 0.03125 0.00000 0.00000 0.13889 0.15280
173.00000 18.00000 0.00002 0.00024 1.00000 1.00000 0.97825 0.91732 0.89797 1.00000 1.00000 0.99769 0.99922 0.87258 1.00000 0.90147 0.99678 0.99317 0.70807 0.01362 1.00000 0.91667 1.00000 1.00000 0.99143 0.98242
173.00000 19.00000 0.23806 0.29691 1.00000 0.59794 0.63061 0.67431 0.66991 0.61718 0.61509 0.61641 0.85330 0.64547 0.89189 0.72476 0.61694 0.99347 0.67934 0.10201 1.00000 0.66667 0.85412 1.00000 0.63409 0.63346
173.00000 20.00000 0.99999 0.99941 1.00000 0.00000 0.12964 0.27236 0.23321 0.00000 0.00000 0.00458 0.62755 0.27441 0.24324 0.45684 0.00431 0.99339 0.57576 0.37745 0.00000 0.26042 0.62791 1.00000 0.01749 0.01787
173.00000 21.00000 0.47619 0.83135 1.00000 0.62699 0.65740 0.65586 0.53338 0.50794 0.49937 0.47143 0.86377 0.59832 0.40541 0.65065 0.47122 0.99344 0.51580 0.30778 0.00000 0.62500 0.86469 1.00000 0.49108 0.49337
173.00000 22.00000 0.47612 0.83230 1.00000 0.62699 0.66052 0.65215 0.54024 0.50794 0.49937 0.47310 0.86390 0.59958 0.40541 0.66368 0.47201 0.99328 0.51826 0.30602 0.00000 0.64583 0.86469 1.00000 0.48731 0.49846
173.00000 23.00000 0.00004 0.00024 1.00000 1.00000 0.97697 0.90633 0.89845 1.00000 1.00000 0.99699 0.99916 0.86843 1.00000 0.88925 0.99721 0.99311 0.68261 0.02647 1.00000 0.91667 1.00000 1.00000 0.99143 0.98768
173.00000 24.00000 0.99995 0.99810 1.00000 0.00000 0.12157 0.29400 0.24007 0.00000 0.00063 0.00601 0.62761 0.27879 0.24324 0.45847 0.00360 0.99350 0.57262 0.37251 0.00000 0.27083 0.62791 1.00000 0.01509 0.02821
173.00000 25.00000 0.00005 0.00024 1.00000 1.00000 0.97706 0.93052 0.90329 1.00000 1.00000 0.99482 0.99922 0.86868 1.00000 0.90554 0.99759 0.99317 0.70277 0.02318 1.00000 0.92708 1.00000 1.00000 0.98731 0.98468
173.00000 26.00000 0.47616 0.83135 1.00000 0.62699 0.65547 0.63681 0.51439 0.50794 0.49937 0.47129 0.86388 0.60194 0.40541 0.65961 0.47231 0.99339 0.52411 0.31045 0.00000 0.64583 0.86469 1.00000 0.49074 0.49757
173.00000 27.00000 0.47627 0.83135 1.00000 0.62699 0.66428 0.64673 0.53541 0.50794 0.49937 0.47263 0.86379 0.60151 0.40541 0.63518 0.47300 0.99333 0.50881 0.30287 0.00000 0.62500 0.86469 1.00000 0.49486 0.49879
173.00000 28.00000 0.99985 0.99762 1.00000 0.00000 0.13157 0.28796 0.22108 0.00000 0.00063 0.00558 0.62751 0.27296 0.24324 0.45440 0.00464 0.99347 0.56507 0.36427 0.00000 0.28125 0.62791 1.00000 0.01509 0.01683
173.00000 29.00000 0.83327 0.99834 1.00000 0.06027 0.18827 0.31269 0.22965 0.14659 0.14403 0.13828 0.65084 0.29383 0.24324 0.45114 0.13841 0.99339 0.52154 0.34190 0.00000 0.31250 0.65116 1.00000 0.16152 0.16078
173.00000 30.00000 0.00004 0.00000 1.00000 1.00000 0.97761 0.92523 0.90485 1.00000 1.00000 0.99542 0.99920 0.86872 1.00000 0.89902 0.99848 0.99333 0.70222 0.01194 1.00000 0.91667 1.00000 1.00000 0.99383 0.98986
173.00000 31.00000 0.99982 0.99762 1.00000 0.00000 0.13249 0.30297 0.23485 0.00000 0.00063 0.00317 0.62753 0.26997 0.24324 0.47394 0.00451 0.99333 0.56974 0.36771 0.00000 0.28125 0.62791 1.00000 0.01783 0.02583
173.00000 32.00000 0.99984 0.99762 1.00000 0.00000 0.11845 0.28054 0.22238 0.00000 0.00000 0.00253 0.62753 0.27496 0.24324 0.46824 0.00581 0.99333 0.56474 0.37112 0.00000 0.26042 0.62791 1.00000 0.01680 0.02265
173.00000 33.00000 0.99979 0.99762 1.00000 0.00000 0.12524 0.29790 0.22498 0.00000 0.00063 0.00339 0.62753 0.26917 0.24324 0.45847 0.00492 0.99330 0.56605 0.36929 0.00000 0.29167 0.62791 1.00000 0.01337 0.02094
173.00000 34.00000 0.00005 0.00000 1.00000 1.00000 0.98211 0.92615 0.91082 1.00000 1.00000 0.99664 0.99926 0.87037 1.00000 0.89658 0.99584 0.99317 0.68422 0.04145 1.00000 0.90625 1.00000 1.00000 0.99040 0.98941
173.00000 35.00000 0.47606 0.83135 1.00000 0.62699 0.65602 0.65190 0.51858 0.50794 0.49937 0.47346 0.86398 0.60395 0.40541 0.64169 0.47313 0.99330 0.52254 0.32290 0.00000 0.62500 0.86469 1.00000 0.49246 0.49589
173.00000 36.00000 0.83330 0.99762 1.00000 0.06027 0.18387 0.31535 0.23523 0.14659 0.14403 0.14009 0.65069 0.29907 0.24324 0.45603 0.13677 0.99350 0.54537 0.34794 0.00000 0.31250 0.65116 1.00000 0.16632 0.16930
173.00000 37.00000 0.59531 0.73670 0.00000 0.23809 0.01064 0.03801 0.03610 0.29318 0.20818 0.09229 0.00135 0.02201 0.02703 0.01873 0.09060 0.00196 0.07269 0.93014 0.00000 0.04167 0.00000 0.00000 0.14060 0.14557
173.00000 38.00000 0.83323 0.99762 1.00000 0.06027 0.18048 0.33707 0.23641 0.14659 0.14403 0.13859 0.65077 0.29663 0.24324 0.45114 0.13847 0.99336 0.52999 0.34772 0.00000 0.31250 0.65116 1.00000 0.16461 0.16734
173.00000 39.00000 0.59519 0.73634 0.00000 0.23809 0.00862 0.02725 0.05587 0.29318 0.20818 0.09212 0.00137 0.02159 0.02703 0.03257 0.09040 0.00182 0.06415 0.92249 0.00000 0.04167 0.00000 0.00000 0.14540 0.14207
173.00000 40.00000 0.23804 0.29786 1.00000 0.59794 0.63685 0.67994 0.67123 0.61718 0.61509 0.61646 0.85315 0.64783 0.89189 0.70277 0.61646 0.99325 0.67570 0.09322 1.00000 0.68750 0.85412 1.00000 0.63649 0.63962
173.00000 41.00000 0.00001 0.00000 1.00000 1.00000 0.97376 0.92691 0.89693 1.00000 1.00000 0.99678 0.99928 0.87012 1.00000 0.89821 0.99734 0.99336 0.69901 0.03068 1.00000 0.95833 1.00000 1.00000 0.98834 0.99129
173.00000 42.00000 0.47609 0.83147 1.00000 0.62699 0.65841 0.64708 0.51971 0.50794 0.49937 0.47287 0.86396 0.59364 0.40541 0.64658 0.47168 0.99341 0.50864 0.31616 0.00000 0.63542 0.86469 1.00000 0.49314 0.49458
173.00000 43.00000 0.83321 0.99762 1.00000 0.06027 0.17570 0.33092 0.23629 0.14659 0.14403 0.13890 0.65088 0.29602 0.24324 0.44055 0.13847 0.99350 0.53377 0.35109 0.00000 0.31250 0.65116 1.00000 0.16289 0.17234
173.00000 44.00000 0.99980 0.99762 1.00000 0.00000 0.12607 0.28560 0.21566 0.00000 0.00063 0.00489 0.62770 0.27796 0.24324 0.45358 0.00424 0.99347 0.56529 0.36398 0.00000 0.29167 0.62791 1.00000 0.01578 0.01604
173.00000 45.00000 0.83333 0.99762 1.00000 0.06027 0.18304 0.31657 0.22652 0.14659 0.14403 0.13799 0.65067 0.29777 0.24324 0.45684 0.13694 0.99330 0.51616 0.35699 0.00000 0.31250 0.65116 1.00000 0.16358 0.17138
173.00000 46.00000 0.59518 0.73836 0.00000 0.23809 0.01055 0.05423 0.05213 0.29318 0.20881 0.09224 0.00133 0.02064 0.02703 0.02769 0.08946 0.00182 0.07576 0.91312 0.00000 0.04167 0.00000 0.00000 0.14060 0.14297
173.00000 47.00000 0.83315 0.99810 1.00000 0.06027 0.18552 0.32090 0.24395 0.14659 0.14403 0.13856 0.65069 0.29201 0.24324 0.44544 0.13661 0.99328 0.53363 0.35113 0.00000 0.32292 0.65116 1.00000 0.16255 0.16616
173.00000 48.00000 0.83326 0.99762 1.00000 0.06027 0.17616 0.31968 0.25018 0.14659 0.14403 0.13968 0.65069 0.30193 0.24324 0.45277 0.13791 0.99328 0.53896 0.36116 0.00000 0.32292 0.65116 1.00000 0.15844 0.16808
173.00000 49.00000 0.59515 0.73682 0.00000 0.23809 0.01330 0.05643 0.06275 0.29318 0.20818 0.09348 0.00133 0.01744 0.02703 0.02932 0.08997 0.00179 0.07195 0.93538 0.00000 0.02083 0.00000 0.00000 0.14163 0.14487
173.00000 50.00000 0.99984 0.99762 1.00000 0.00000 0.12515 0.28417 0.23559 0.00000 0.00000 0.00537 0.62747 0.27228 0.24324 0.45603 0.00299 0.99325 0.57140 0.37167 0.00000 0.29167 0.62791 1.00000 0.02160 0.02400
173.00000 51.00000 0.23820 0.29691 1.00000 0.59794 0.63116 0.68430 0.67535 0.61718 0.61509 0.61575 0.85317 0.64361 0.89189 0.72720 0.61545 0.99333 0.67782 0.10351 1.00000 0.67708 0.85412 1.00000 0.63752 0.64004
173.00000 52.00000 0.83331 0.99762 1.00000 0.06027 0.18350 0.31681 0.24147 0.14659 0.14403 0.13901 0.65075 0.29580 0.24324 0.46417 0.13710 0.99333 0.52125 0.35094 0.00000 0.31250 0.65116 1.00000 0.16324 0.16806
173.00000 53.00000 0.47607 0.83135 1.00000 0.62699 0.65887 0.65748 0.52626 0.50794 0.49937 0.47208 0.86396 0.60000 0.40541 0.66205 0.47188 0.99333 0.50321 0.31711 0.00000 0.64583 0.86469 1.00000 0.49143 0.50137
173.00000 54.00000 0.00006 0.00024 1.00000 1.00000 0.97789 0.92821 0.90697 1.00000 1.00000 0.99718 0.99937 0.86990 1.00000 0.90391 0.99460 0.99336 0.69284 0.02596 1.00000 0.92708 1.00000 1.00000 0.98628 0.98534
173.00000 55.00000 0.23811 0.29691 1.00000 0.59794 0.63327 0.68157 0.66091 0.61718 0.61509 0.61708 0.85328 0.64616 0.89189 0.72720 0.61694 0.99311 0.66947 0.10944 1.00000 0.68750 0.85412 1.00000 0.64198 0.63348
173.00000 56.00000 0.59520 0.73634 0.00000 0.23809 0.00734 0.03879 0.04573 0.29318 0.20881 0.09303 0.00131 0.02319 0.02703 0.01059 0.09235 0.00185 0.06726 0.93604 0.00000 0.02083 0.00000 0.00000 0.14540 0.14247
173.00000 57.00000 0.00001 0.00000 1.00000 1.00000 0.98183 0.92171 0.89421 1.00000 1.00000 0.99647 0.99926 0.87167 1.00000 0.89984 0.99756 0.99336 0.68137 0.01706 1.00000 0.92708 1.00000 1.00000 0.98148 0.98479
173.00000 58.00000 0.47612 0.83135 1.00000 0.62699 0.65345 0.62080 0.52927 0.50794 0.49937 0.47432 0.86400 0.60922 0.40541 0.64739 0.47122 0.99325 0.50833 0.32059 0.00000 0.62500 0.86469 1.00000 0.49143 0.49369
173.00000 59.00000 0.99980 0.99929 1.00000 0.00000 0.12919 0.29422 0.21887 0.00000 0.00000 0.00353 0.62740 0.27321 0.24324 0.46987 0.00421 0.99330 0.56186 0.37687 0.00000 0.28125 0.62791 1.00000 0.01920 0.01861
173.00000 60.00000 0.23811 0.29691 1.00000 0.59794 0.63052 0.68793 0.68599 0.61718 0.61509 0.61715 0.85315 0.64358 0.89189 0.72801 0.61514 0.99330 0.66087 0.10578 1.00000 0.68750 0.85412 1.00000 0.63374 0.63408
173.00000 61.00000 0.00004 0.00000 1.00000 1.00000 0.98284 0.91570 0.90668 1.00000 1.00000 0.99737 0.99928 0.86849 1.00000 0.88925 0.99683 0.99333 0.68192 0.02515 1.00000 0.92708 1.00000 1.00000 0.98628 0.98729
173.00000 62.00000 0.99984 0.99893 1.00000 0.00000 0.12230 0.30150 0.23244 0.00000 0.00063 0.00363 0.62742 0.28109 0.24324 0.46498 0.00482 0.99328 0.57259 0.36167 0.00000 0.29167 0.62791 1.00000 0.01920 0.02143
173.00000 63.00000 0.99987 0.99762 1.00000 0.00000 0.12900 0.30028 0.21877 0.00000 0.00000 0.00413 0.62757 0.27761 0.24324 0.45765 0.00388 0.99317 0.56814 0.36705 0.00000 0.27083 0.62791 1.00000 0.01680 0.02249
173.00000 64.00000 0.59508 0.73705 0.00000 0.23809 0.01055 0.03113 0.05002 0.29318 0.20881 0.09300 0.00129 0.02422 0.02703 0.02362 0.09027 0.00190 0.05855 0.92340 0.00000 0.02083 0.00000 0.00000 0.14198 0.14117
173.00000 65.00000 0.47617 0.83242 1.00000 0.62699 0.65933 0.62874 0.54583 0.50794 0.50000 0.47234 0.86394 0.60380 0.40541 0.65879 0.47084 0.99333 0.51433 0.31675 0.00000 0.63542 0.86469 1.00000 0.49108 0.49428
173.00000 66.00000 0.99977 0.99762 1.00000 0.00000 0.12497 0.29733 0.23191 0.00000 0.00000 0.00327 0.62740 0.26339 0.24324 0.45847 0.00492 0.99319 0.56336 0.36138 0.00000 0.28125 0.62791 1.00000 0.01578 0.01920
173.00000 67.00000 0.99978 0.99929 1.00000 0.00000 0.12809 0.30559 0.22561 0.00000 0.00000 0.00372 0.62736 0.27383 0.24324 0.45440 0.00332 0.99308 0.56127 0.37372 0.00000 0.28125 0.62791 1.00000 0.01818 0.01976
173.00000 68.00000 0.83331 0.99917 1.00000 0.06027 0.18580 0.30586 0.25483 0.14659 0.14403 0.13713 0.65069 0.29381 0.24324 0.46254 0.13672 0.99328 0.52766 0.35530 0.00000 0.30208 0.65116 1.00000 0.16084 0.15988
173.00000 69.00000 0.83328 0.99893 1.00000 0.06027 0.17763 0.32559 0.24055 0.14659 0.14403 0.13825 0.65073 0.28747 0.24324 0.45603 0.13753 0.99322 0.53375 0.35007 0.00000 0.31250 0.65116 1.00000 0.15604 0.16594
173.00000 70.00000 0.47613 0.83135 1.00000 0.62699 0.65933 0.62991 0.52660 0.50794 0.49937 0.47344 0.86388 0.59609 0.40541 0.65065 0.47262 0.99325 0.51326 0.31510 0.00000 0.63542 0.86469 1.00000 0.49177 0.50059
173.00000 71.00000 0.99997 0.99762 1.00000 0.00000 0.12010 0.29362 0.22852 0.00000 0.00063 0.00399 0.62738 0.27276 0.24324 0.46580 0.00462 0.99314 0.56074 0.36669 0.00000 0.28125 0.62791 1.00000 0.00892 0.02162
173.00000 72.00000 0.47613 0.83183 1.00000 0.62699 0.65566 0.64827 0.51386 0.50794 0.49937 0.47282 0.86392 0.60350 0.40541 0.65554 0.47338 0.99336 0.51583 0.30272 0.00000 0.63542 0.86469 1.00000 0.48491 0.49421
173.00000 73.00000 0.83327 0.99762 1.00000 0.06027 0.18048 0.34747 0.24445 0.14659 0.14403 0.13756 0.65071 0.29743 0.24324 0.45440 0.13651 0.99319 0.51014 0.35303 0.00000 0.32292 0.65116 1.00000 0.16084 0.16040
173.00000 74.00000 0.99976 0.99762 1.00000 0.00000 0.13148 0.27374 0.23711 0.00000 0.00063 0.00461 0.62742 0.27465 0.24324 0.47557 0.00419 0.99306 0.55648 0.37676 0.00000 0.28125 0.62791 1.00000 0.00995 0.02845
173.00000 75.00000 0.47625 0.83135 1.00000 0.62699 0.65556 0.63727 0.54217 0.50794 0.50000 0.47334 0.86390 0.59846 0.40541 0.65554 0.47313 0.99333 0.50897 0.31715 0.00000 0.63542 0.86469 1.00000 0.49417 0.49824
173.00000 76.00000 0.00001 0.00095 1.00000 1.00000 0.97881 0.92293 0.91118 1.00000 1.00000 0.99578 0.99924 0.86465 1.00000 0.89821 0.99589 0.99325 0.69703 0.03259 1.00000 0.92708 1.00000 1.00000 0.98834 0.98741
173.00000 77.00000 0.59531 0.73634 0.00000 0.23809 0.01184 0.04965 0.04686 0.29318 0.20881 0.09243 0.00116 0.01433 0.02703 0.03664 0.08862 0.00176 0.06100 0.94596 0.00000 0.03125 0.00000 0.00000 0.13889 0.14787
173.00000 78.00000 0.47611 0.83135 1.00000 0.62699 0.65465 0.65488 0.53040 0.50794 0.49937 0.47310 0.86398 0.60631 0.40541 0.65065 0.47193 0.99339 0.49388 0.32004 0.00000 0.62500 0.86469 1.00000 0.49486 0.49727
173.00000 79.00000 0.99984 0.99810 1.00000 0.00000 0.13176 0.30007 0.23499 0.00000 0.00000 0.00430 0.62732 0.27017 0.24324 0.45684 0.00434 0.99319 0.56362 0.37815 0.00000 0.29167 0.62791 1.00000 0.02058 0.02006
173.00000 80.00000 0.23808 0.29798 1.00000 0.59794 0.63070 0.69037 0.66428 0.61718 0.61509 0.61775 0.85322 0.64359 0.89189 0.73616 0.61517 0.99330 0.67325 0.11863 1.00000 0.69792 0.85412 1.00000 0.62860 0.63131
173.00000 81.00000 0.99990 0.99762 1.00000 0.00000 0.12533 0.29143 0.23774 0.00000 0.00000 0.00542 0.62742 0.27217 0.24324 0.47638 0.00413 0.99330 0.56717 0.37090 0.00000 0.29167 0.62791 1.00000 0.01475 0.02230
173.00000 82.00000 0.83321 0.99762 1.00000 0.06027 0.18304 0.30966 0.23531 0.14659 0.14403 0.13980 0.65058 0.29598 0.24324 0.45765 0.13672 0.99347 0.50657 0.34919 0.00000 0.31250 0.65116 1.00000 0.16221 0.16036
173.00000 83.00000 0.00003 0.00107 1.00000 1.00000 0.98110 0.91502 0.90993 1.00000 1.00000 0.99618 0.99932 0.86838 1.00000 0.92182 0.99645 0.99341 0.69474 0.02823 1.00000 0.93750 1.00000 1.00000 0.98080 0.98480
173.00000 84.00000 0.00007 0.00000 1.00000 1.00000 0.98009 0.92992 0.88844 1.00000 1.00000 0.99437 0.99928 0.87524 1.00000 0.90635 0.99718 0.99330 0.68618 0.03266 1.00000 0.93750 1.00000 1.00000 0.97805 0.98395
173.00000 85.00000 0.83320 0.99762 1.00000 0.06027 0.18681 0.34942 0.23531 0.14659 0.14403 0.13703 0.65067 0.29203 0.24324 0.45928 0.13562 0.99322 0.52185 0.35735 0.00000 0.30208 0.65116 1.00000 0.16187 0.16009
173.00000 86.00000 0.83320 0.99762 1.00000 0.06027 0.18415 0.32900 0.25420 0.14659 0.14403 0.13691 0.65067 0.29353 0.24324 0.44625 0.13562 0.99344 0.52649 0.34432 0.00000 0.32292 0.65116 1.00000 0.15878 0.16351
173.00000 87.00000 0.23807 0.29691 1.00000 0.59794 0.63382 0.70270 0.67520 0.61718 0.61509 0.61613 0.85328 0.64269 0.89189 0.74593 0.61557 0.99350 0.65830 0.12149 1.00000 0.67708 0.85412 1.00000 0.63409 0.63384
173.00000 88.00000 0.23803 0.29691 1.00000 0.59794 0.63272 0.70362 0.68671 0.61718 0.61509 0.61529 0.85330 0.63905 0.89189 0.75000 0.61608 0.99347 0.65940 0.09886 1.00000 0.67708 0.85412 1.00000 0.63477 0.63299
173.00000 89.00000 0.83326 0.99917 1.00000 0.06027 0.18525 0.31467 0.25552 0.14659 0.14403 0.13859 0.65061 0.29185 0.24324 0.45847 0.13618 0.99322 0.51430 0.36123 0.00000 0.32292 0.65116 1.00000 0.15604 0.16421
173.00000 90.00000 0.99994 0.99762 1.00000 0.00000 0.12653 0.28587 0.24409 0.00000 0.00063 0.00315 0.62725 0.27957 0.24324 0.46417 0.00429 0.99289 0.55443 0.38858 0.00000 0.27083 0.62791 1.00000 0.01715 0.02085
173.00000 91.00000 0.59530 0.73717 0.00000 0.23809 0.01294 0.03714 0.05197 0.29318 0.20881 0.09224 0.00120 0.01701 0.02703 0.04642 0.09010 0.00157 0.04765 0.93179 0.00000 0.03125 0.00000 0.00000 0.14163 0.14860
173.00000 92.00000 0.47621 0.83219 1.00000 0.62699 0.65621 0.65461 0.54503 0.50794 0.50000 0.47220 0.86388 0.59337 0.40541 0.66205 0.47046 0.99319 0.51668 0.31781 0.00000 0.62500 0.86469 1.00000 0.49005 0.49377
173.00000 93.00000 0.23806 0.29691 1.00000 0.59794 0.63712 0.70443 0.68512 0.61718 0.61509 0.61427 0.85334 0.63996 0.89189 0.73860 0.61616 0.99336 0.67723 0.11526 1.00000 0.67708 0.85412 1.00000 0.63546 0.63628
173.00000 94.00000 0.99984 0.99917 1.00000 0.00000 0.13322 0.28159 0.24149 0.00000 0.00063 0.00341 0.62723 0.27295 0.24324 0.46743 0.00342 0.99283 0.56443 0.38196 0.00000 0.30208 0.62791 1.00000 0.01063 0.02249
173.00000 95.00000 0.00002 0.00000 1.00000 1.00000 0.98202 0.93328 0.91359 1.00000 1.00000 0.99344 0.99935 0.87036 1.00000 0.91531 0.99602 0.99333 0.68856 0.02706 1.00000 0.92708 1.00000 1.00000 0.98148 0.98326
173.00000 96.00000 0.23809 0.29715 1.00000 0.59794 0.63364 0.69162 0.68938 0.61718 0.61509 0.61575 0.85336 0.64120 0.89189 0.73534 0.61491 0.99344 0.65845 0.11039 1.00000 0.67708 0.85412 1.00000 0.63134 0.63404
173.00000 97.00000 0.99987 0.99798 1.00000 0.00000 0.12845 0.29831 0.23906 0.00000 0.00063 0.00475 0.62725 0.27100 0.24324 0.46580 0.00347 0.99311 0.54825 0.37390 0.00000 0.30208 0.62791 1.00000 0.00926 0.01605
173.00000 98.00000 0.23810 0.29727 1.00000 0.59794 0.63575 0.71713 0.68529 0.61718 0.61509 0.61677 0.85334 0.63700 0.89189 0.75651 0.61557 0.99341 0.64469 0.12266 1.00000 0.70833 0.85412 1.00000 0.62517 0.63413
173.00000 99.00000 0.99999 0.99762 1.00000 0.00000 0.13405 0.29408 0.22842 0.00000 0.00000 0.00554 0.62711 0.26832 0.24324 0.47557 0.00408 0.99275 0.55422 0.38598 0.00000 0.28125 0.62791 1.00000 0.01715 0.02369
173.00000 100.00000 0.83324 0.99917 1.00000 0.06027 0.18479 0.32819 0.26082 0.14659 0.14403 0.13940 0.65054 0.28911 0.24324 0.46173 0.13697 0.99322 0.52297 0.35732 0.00000 0.32292 0.65116 1.00000 0.15741 0.17035
173.00000 101.00000 0.59528 0.73634 0.00000 0.23809 0.01239 0.06017 0.05286 0.29318 0.20818 0.09054 0.00112 0.01725 0.02703 0.03664 0.08969 0.00157 0.05929 0.93212 0.00000 0.05208 0.00000 0.00000 0.14060 0.14515
173.00000 102.00000 0.00001 0.00000 1.00000 1.00000 0.98422 0.90782 0.91937 1.00000 1.00000 0.99368 0.99939 0.86530 1.00000 0.90879 0.99495 0.99361 0.67937 0.03566 1.00000 0.93750 1.00000 1.00000 0.98114 0.98239
173.00000 103.00000 0.23805 0.29810 1.00000 0.59794 0.63171 0.71266 0.68630 0.61718 0.61509 0.61453 0.85326 0.63861 0.89189 0.75407 0.61580 0.99361 0.66447 0.11413 1.00000 0.71875 0.85412 1.00000 0.63203 0.63699
173.00000 104.00000 0.59526 0.73634 0.00000 0.23809 0.01110 0.04957 0.05563 0.29318 0.20881 0.09374 0.00106 0.01874 0.02703 0.04153 0.09124 0.00160 0.06748 0.94050 0.00000 0.04167 0.00000 0.00000 0.14198 0.14747
173.00000 105.00000 0.83319 0.99762 1.00000 0.06027 0.18699 0.33038 0.24787 0.14659 0.14403 0.13796 0.65065 0.29752 0.24324 0.46661 0.13712 0.99300 0.50647 0.37778 0.00000 0.30208 0.65116 1.00000 0.15706 0.15896
173.00000 106.00000 0.99991 0.99822 1.00000 0.00000 0.12882 0.30763 0.24127 0.00000 0.00063 0.00539 0.62709 0.26625 0.24324 0.47638 0.00332 0.99278 0.55748 0.37635 0.00000 0.29167 0.62791 1.00000 0.01440 0.01754
173.00000 107.00000 0.83336 0.99857 1.00000 0.06027 0.18800 0.34149 0.26229 0.14659 0.14403 0.13787 0.65054 0.30087 0.24324 0.45440 0.13682 0.99306 0.50409 0.34688 0.00000 0.34375 0.65116 1.00000 0.16015 0.16630
173.00000 108.00000 0.99983 0.99762 1.00000 0.00000 0.13010 0.29682 0.24440 0.00000 0.00000 0.00305 0.62713 0.26892 0.24324 0.48534 0.00398 0.99281 0.53975 0.37559 0.00000 0.28125 0.62791 1.00000 0.01166 0.01923
173.00000 109.00000 0.83333 0.99810 1.00000 0.06027 0.18222 0.33778 0.26982 0.14659 0.14403 0.13777 0.65063 0.28852 0.24324 0.47394 0.13664 0.99289 0.50024 0.37588 0.00000 0.32292 0.65116 1.00000 0.15775 0.16240
173.00000 110.00000 0.99981 0.99762 1.00000 0.00000 0.12497 0.30253 0.24125 0.00000 0.00000 0.00461 0.62715 0.26447 0.24324 0.48453 0.00528 0.99275 0.54282 0.38752 0.00000 0.31250 0.62791 1.00000 0.00926 0.01738
173.00000 111.00000 0.59521 0.73634 0.00000 0.23809 0.00560 0.04467 0.06773 0.29318 0.20818 0.09133 0.00099 0.01414 0.02703 0.04642 0.08984 0.00132 0.04420 0.95789 0.00000 0.05208 0.00000 0.00000 0.14060 0.14694
173.00000 112.00000 0.99981 0.99762 1.00000 0.00000 0.12735 0.29414 0.24645 0.00000 0.00000 0.00346 0.62723 0.26879 0.24324 0.48127 0.00246 0.99283 0.53737 0.37127 0.00000 0.28125 0.62791 1.00000 0.00995 0.01877
173.00000 113.00000 0.59527 0.73634 0.00000 0.23809 0.01615 0.05597 0.05885 0.29318 0.20881 0.09262 0.00097 0.01780 0.02703 0.06270 0.08918 0.00138 0.05805 0.93896 0.00000 0.05208 0.00000 0.00000 0.13786 0.14569
173.00000 114.00000 0.83328 0.99762 1.00000 0.06027 0.18616 0.33122 0.26339 0.14659 0.14403 0.13711 0.65044 0.28825 0.24324 0.47720 0.13768 0.99297 0.50655 0.36731 0.00000 0.32292 0.65116 1.00000 0.15741 0.15759
173.00000 115.00000 0.47623 0.83254 1.00000 0.62699 0.65905 0.65835 0.54684 0.50794 0.50000 0.47122 0.86396 0.59568 0.40541 0.67020 0.47059 0.99355 0.48586 0.31583 0.00000 0.64583 0.86469 1.00000 0.48971 0.48829
173.00000 116.00000 0.99985 0.99762 1.00000 0.00000 0.12946 0.29934 0.25382 0.00000 0.00000 0.00315 0.62700 0.26708 0.24324 0.48127 0.00276 0.99239 0.55301 0.37862 0.00000 0.29167 0.62791 1.00000 0.01475 0.01827
173.00000 117.00000 0.47620 0.83135 1.00000 0.62699 0.65832 0.66263 0.54116 0.50794 0.49937 0.47103 0.86405 0.58549 0.40541 0.67427 0.47150 0.99355 0.49688 0.33970 0.00000 0.65625 0.86469 1.00000 0.48217 0.49716
173.00000 118.00000 0.99992 0.99881 1.00000 0.00000 0.13130 0.29508 0.24854 0.00000 0.00063 0.00310 0.62706 0.26936 0.24324 0.49023 0.00223 0.99250 0.53923 0.38174 0.00000 0.30208 0.62791 1.00000 0.01612 0.01792
173.00000 119.00000 0.00007 0.00000 1.00000 1.00000 0.99055 0.93444 0.92709 1.00000 1.00000 0.99306 0.99947 0.86312 1.00000 0.92590 0.99424 0.99350 0.65785 0.03951 1.00000 0.94792 1.00000 1.00000 0.97840 0.98260
173.00000 120.00000 0.99994 0.99881 1.00000 0.00000 0.13029 0.30670 0.25978 0.00000 0.00000 0.00439 0.62685 0.26045 0.24324 0.47883 0.00211 0.99242 0.53889 0.38089 0.00000 0.30208 0.62791 1.00000 0.01475 0.02203
173.00000 121.00000 0.83320 0.99857 1.00000 0.06027 0.18286 0.32187 0.26534 0.14659 0.14403 0.13713 0.65025 0.29921 0.24324 0.48127 0.13618 0.99275 0.50328 0.36676 0.00000 0.33333 0.65116 1.00000 0.15466 0.16050
173.00000 122.00000 0.59509 0.73634 0.00000 0.23809 0.01220 0.05486 0.07120 0.29318 0.20818 0.09062 0.00082 0.01347 0.02703 0.06433 0.09048 0.00127 0.06150 0.94988 0.00000 0.04167 0.00000 0.00000 0.13717 0.13698
173.00000 123.00000 0.23822 0.29691 1.00000 0.59794 0.64217 0.71960 0.70957 0.61718 0.61509 0.61570 0.85349 0.64233 0.89189 0.75977 0.61321 0.99372 0.63667 0.12269 1.00000 0.69792 0.85412 1.00000 0.62174 0.63078
173.00000 124.00000 0.00000 0.00000 1.00000 1.00000 0.98807 0.94585 0.93602 1.00000 1.00000 0.99527 0.99960 0.85928 1.00000 0.94463 0.99386 0.99363 0.65840 0.03039 1.00000 0.94792 1.00000 1.00000 0.97497 0.97419
173.00000 125.00000 0.83335 0.99762 1.00000 0.06027 0.18249 0.35045 0.26556 0.14659 0.14403 0.13818 0.65037 0.29423 0.24324 0.47150 0.13702 0.99270 0.49548 0.36921 0.00000 0.34375 0.65116 1.00000 0.16049 0.15939
173.00000 126.00000 0.59516 0.73634 0.00000 0.23809 0.01229 0.06263 0.07413 0.29318 0.20818 0.09021 0.00084 0.01065 0.02703 0.06515 0.08880 0.00121 0.03944 0.93900 0.00000 0.04167 0.00000 0.00000 0.13443 0.13992
173.00000 127.00000 0.99993 0.99988 1.00000 0.00000 0.12992 0.30042 0.25126 0.00000 0.00000 0.00243 0.62681 0.26206 0.24324 0.50244 0.00203 0.99237 0.52073 0.38554 0.00000 0.29167 0.62791 1.00000 0.01646 0.01721
173.00000 128.00000 0.99987 0.99869 1.00000 0.00000 0.13469 0.30830 0.26441 0.00000 0.00063 0.00399 0.62670 0.26456 0.24324 0.50814 0.00279 0.99204 0.52404 0.38825 0.00000 0.29167 0.62791 1.00000 0.01097 0.01865
173.00000 129.00000 0.99978 0.99762 1.00000 0.00000 0.13598 0.31050 0.27184 0.00000 0.00000 0.00551 0.62679 0.26713 0.24324 0.48208 0.00312 0.99217 0.52682 0.38639 0.00000 0.30208 0.62791 1.00000 0.00686 0.01806
173.00000 130.00000 0.59510 0.73753 0.00000 0.23809 0.01248 0.05315 0.08034 0.29318 0.20881 0.09157 0.00072 0.01127 0.02703 0.05782 0.08878 0.00107 0.03208 0.95518 0.00000 0.03125 0.00000 0.00000 0.13649 0.14334
173.00000 131.00000 0.47617 0.83135 1.00000 0.62699 0.66437 0.69414 0.55201 0.50794 0.50000 0.47267 0.86398 0.59053 0.37838 0.68974 0.47102 0.99366 0.48691 0.33571 1.00000 0.64583 0.86469 1.00000 0.48663 0.48967
173.00000 132.00000 0.83334 0.99762 1.00000 0.06027 0.18892 0.33117 0.28831 0.14659 0.14403 0.13689 0.65020 0.28775 0.24324 0.49349 0.13760 0.99267 0.47748 0.36724 0.00000 0.33333 0.65116 1.00000 0.15466 0.15757
173.00000 133.00000 0.47621 0.83135 1.00000 0.62699 0.66612 0.66889 0.58757 0.50794 0.50000 0.46902 0.86396 0.58831 0.37838 0.68811 0.47074 0.99352 0.48584 0.34102 1.00000 0.66667 0.86469 1.00000 0.48388 0.49014
173.00000 134.00000 0.00001 0.00000 1.00000 1.00000 0.98660 0.95376 0.94539 1.00000 1.00000 0.99165 0.99958 0.85407 1.00000 0.95195 0.99285 0.99380 0.64091 0.05346 1.00000 0.93750 1.00000 1.00000 0.97737 0.97092
173.00000 135.00000 0.99979 0.99762 1.00000 0.00000 0.13286 0.29324 0.26188 0.00000 0.00000 0.00489 0.62649 0.25904 0.24324 0.51792 0.00172 0.99187 0.53051 0.39576 0.00000 0.30208 0.62791 1.00000 0.00789 0.01468
173.00000 136.00000 0.47622 0.83135 1.00000 0.62699 0.66336 0.66756 0.55924 0.50794 0.50000 0.46998 0.86403 0.59227 0.40541 0.69137 0.47023 0.99347 0.47934 0.34977 1.00000 0.64583 0.86469 1.00000 0.48148 0.49055
173.00000 137.00000 0.23819 0.29893 1.00000 0.59794 0.64171 0.71648 0.71778 0.61718 0.61572 0.61317 0.85368 0.63032 0.89189 0.78094 0.61309 0.99377 0.63348 0.13968 1.00000 0.69792 0.85412 1.00000 0.62414 0.63066
173.00000 138.00000 0.59513 0.73812 0.00000 0.23809 0.01523 0.06396 0.08694 0.29318 0.20818 0.09066 0.00065 0.00932 0.02703 0.06759 0.08966 0.00083 0.03108 0.96218 0.00000 0.06250 0.00000 0.00000 0.13957 0.14128
173.00000 139.00000 0.00001 0.00000 1.00000 1.00000 0.98908 0.95338 0.97600 1.00000 1.00000 0.99091 0.99968 0.84938 1.00000 0.94625 0.99188 0.99394 0.63950 0.05291 1.00000 0.93750 1.00000 1.00000 0.97291 0.98059
173.00000 140.00000 0.23805 0.29834 1.00000 0.59794 0.64199 0.72981 0.71302 0.61718 0.61572 0.61143 0.85374 0.63568 0.89189 0.77850 0.61233 0.99405 0.62498 0.13628 1.00000 0.73958 0.85412 1.00000 0.62380 0.62568
173.00000 141.00000 0.83328 0.99762 1.00000 0.06027 0.19158 0.35427 0.27451 0.14659 0.14403 0.13586 0.64989 0.28129 0.24324 0.49267 0.13689 0.99242 0.48246 0.37870 0.00000 0.35417 0.65116 1.00000 0.15604 0.15528
173.00000 142.00000 0.23806 0.29691 1.00000 0.59794 0.63822 0.71884 0.72250 0.61718 0.61572 0.61386 0.85368 0.63874 0.89189 0.78339 0.61314 0.99408 0.60549 0.12928 1.00000 0.70833 0.85412 1.00000 0.61968 0.62429
173.00000 143.00000 0.47618 0.83135 1.00000 0.62699 0.66804 0.67569 0.59683 0.50794 0.50000 0.46881 0.86409 0.58889 0.40541 0.71498 0.47077 0.99347 0.45661 0.34878 1.00000 0.67708 0.86469 1.00000 0.47771 0.48747
173.00000 144.00000 0.23800 0.29834 1.00000 0.59794 0.64455 0.72095 0.72705 0.61718 0.61572 0.61143 0.85387 0.63157 0.89189 0.78013 0.61195 0.99427 0.62117 0.13771 1.00000 0.72917 0.85412 1.00000 0.62620 0.62554
173.00000 145.00000 0.83334 0.99762 1.00000 0.06027 0.19139 0.34319 0.28898 0.14659 0.14403 0.13584 0.64978 0.28373 0.24324 0.51221 0.13552 0.99195 0.46932 0.39349 0.00000 0.35417 0.65116 1.00000 0.14746 0.15997
173.00000 146.00000 0.47620 0.83230 1.00000 0.62699 0.66511 0.66344 0.58511 0.50794 0.50000 0.46933 0.86417 0.59229 0.40541 0.70603 0.46945 0.99358 0.47446 0.35644 1.00000 0.68750 0.86469 1.00000 0.48422 0.49089
173.00000 147.00000 0.47627 0.83242 1.00000 0.62699 0.66492 0.66027 0.58039 0.50794 0.50000 0.46983 0.86411 0.58550 0.37838 0.70114 0.46866 0.99361 0.45092 0.35655 1.00000 0.67708 0.86469 1.00000 0.48525 0.48656
173.00000 148.00000 0.47622 0.83373 1.00000 0.62699 0.66988 0.68381 0.60863 0.50794 0.50000 0.46991 0.86411 0.58310 0.37838 0.70928 0.46889 0.99341 0.44571 0.36160 1.00000 0.67708 0.86469 1.00000 0.48251 0.48045
173.00000 149.00000 0.83327 0.99762 1.00000 0.06027 0.18910 0.33824 0.30715 0.14659 0.14403 0.13429 0.64976 0.28324 0.24324 0.50896 0.13514 0.99187 0.47501 0.38954 0.00000 0.34375 0.65116 1.00000 0.15672 0.15782
173.00000 150.00000 0.99992 0.99762 1.00000 0.00000 0.13524 0.32556 0.28077 0.00000 0.00063 0.00234 0.62605 0.25751 0.24324 0.52769 0.00152 0.99099 0.48936 0.41359 0.00000 0.31250 0.62791 1.00000 0.00823 0.01469
173.00000 151.00000 0.00006 0.00000 1.00000 1.00000 0.99615 0.97594 0.96921 1.00000 1.00000 0.98795 1.00000 0.84694 1.00000 0.98453 0.99039 0.99408 0.62139 0.07846 1.00000 0.97917 1.00000 1.00000 0.96845 0.97061
