70.00000 1.00000 0.59526 0.73634 0.00000 0.23809 0.01119 0.02517 0.08006 0.29318 0.20881 0.09264 0.00173 0.02892 0.02703 0.03339 0.09141 0.00243 0.11077 0.91480 0.00000 0.03125 0.00000 0.00000 0.13443 0.14645
70.00000 2.00000 0.47618 0.83207 1.00000 0.62699 0.65969 0.66623 0.53240 0.50794 0.50000 0.47205 0.86403 0.60963 0.40541 0.65472 0.47196 0.99350 0.53437 0.31704 0.00000 0.64583 0.86469 1.00000 0.49005 0.49780
70.00000 3.00000 0.83336 0.99822 1.00000 0.06027 0.17992 0.32136 0.23723 0.14659 0.14403 0.13703 0.65105 0.30250 0.24324 0.43404 0.13763 0.99391 0.54848 0.34366 0.00000 0.30208 0.65116 1.00000 0.16015 0.16627
70.00000 4.00000 0.83316 0.99762 1.00000 0.06027 0.18497 0.32085 0.23283 0.14659 0.14403 0.13870 0.65111 0.30784 0.24324 0.45765 0.13930 0.99399 0.55615 0.34399 0.00000 0.31250 0.65116 1.00000 0.16084 0.16684
70.00000 5.00000 0.99998 0.99762 1.00000 0.00000 0.12891 0.28303 0.24096 0.00000 0.00063 0.00363 0.62787 0.28403 0.24324 0.46254 0.00363 0.99399 0.58585 0.34845 0.00000 0.29167 0.62791 1.00000 0.01715 0.01758
70.00000 6.00000 0.23821 0.29691 1.00000 0.59794 0.63731 0.68381 0.68100 0.61718 0.61509 0.61668 0.85326 0.65443 0.89189 0.72476 0.61593 0.99325 0.70829 0.10915 1.00000 0.68750 0.85412 1.00000 0.62586 0.63856
70.00000 7.00000 0.00002 0.00143 1.00000 1.00000 0.97569 0.93382 0.89200 1.00000 0.99937 0.99656 0.99909 0.87800 1.00000 0.89251 0.99576 0.99325 0.71740 0.03354 1.00000 0.90625 1.00000 1.00000 0.98834 0.99700
70.00000 8.00000 0.99979 1.00000 1.00000 0.00000 0.12772 0.26176 0.21128 0.00000 0.00000 0.00470 0.62799 0.27871 0.24324 0.45521 0.00408 0.99394 0.59452 0.36881 0.00000 0.29167 0.62791 1.00000 0.01097 0.02477
70.00000 9.00000 0.47613 0.83266 1.00000 0.62699 0.65676 0.63606 0.52992 0.50794 0.50000 0.47287 0.86407 0.60417 0.40541 0.65472 0.47272 0.99358 0.53442 0.31096 0.00000 0.61458 0.86469 1.00000 0.49623 0.49930
70.00000 10.00000 0.83325 0.99905 1.00000 0.06027 0.17919 0.30635 0.24123 0.14659 0.14403 0.13959 0.65120 0.30541 0.24324 0.45358 0.13641 0.99410 0.54982 0.34776 0.00000 0.31250 0.65116 1.00000 0.16049 0.16742
70.00000 11.00000 0.83330 0.99786 1.00000 0.06027 0.18121 0.33095 0.26631 0.14659 0.14403 0.13787 0.65118 0.30337 0.24324 0.44707 0.13897 0.99380 0.56046 0.34241 0.00000 0.31250 0.65116 1.00000 0.15741 0.16223
70.00000 12.00000 0.59511 0.73705 0.00000 0.23809 0.01055 0.05269 0.05040 0.29318 0.20818 0.09274 0.00160 0.02539 0.02703 0.02932 0.08977 0.00229 0.08273 0.93292 0.00000 0.03125 0.00000 0.00000 0.13820 0.15424
70.00000 13.00000 0.00003 0.00000 1.00000 1.00000 0.97908 0.93450 0.88598 1.00000 0.99937 0.99539 0.99916 0.88765 1.00000 0.90635 0.99805 0.99311 0.72243 0.03189 1.00000 0.92708 1.00000 1.00000 0.99040 0.98668
70.00000 14.00000 0.47614 0.83337 1.00000 0.62699 0.65263 0.63830 0.53382 0.50794 0.49937 0.47303 0.86398 0.61302 0.40541 0.63844 0.47206 0.99344 0.53185 0.29895 0.00000 0.61458 0.86469 1.00000 0.49794 0.49189
70.00000 15.00000 0.23801 0.29798 1.00000 0.59794 0.63795 0.68216 0.65703 0.61718 0.61509 0.61653 0.85319 0.65011 0.89189 0.72720 0.61651 0.99311 0.70505 0.10278 1.00000 0.66667 0.85412 1.00000 0.63580 0.63470
70.00000 16.00000 0.99997 0.99952 1.00000 0.00000 0.13497 0.31033 0.23803 0.00000 0.00063 0.00377 0.62799 0.28506 0.24324 0.45603 0.00429 0.99391 0.59699 0.35779 0.00000 0.28125 0.62791 1.00000 0.01749 0.01693
70.00000 17.00000 0.99980 0.99786 1.00000 0.00000 0.12561 0.29603 0.24585 0.00000 0.00063 0.00401 0.62797 0.28168 0.24324 0.47231 0.00510 0.99396 0.58416 0.37152 0.00000 0.28125 0.62791 1.00000 0.01818 0.01791
70.00000 18.00000 0.83331 0.99762 1.00000 0.06027 0.18194 0.31380 0.24010 0.14659 0.14403 0.13916 0.65120 0.30155 0.24324 0.44870 0.13811 0.99394 0.55636 0.35439 0.00000 0.32292 0.65116 1.00000 0.15672 0.16490
70.00000 19.00000 0.99982 0.99762 1.00000 0.00000 0.12194 0.27905 0.22397 0.00000 0.00000 0.00544 0.62806 0.28240 0.24324 0.46580 0.00317 0.99380 0.58014 0.36160 0.00000 0.28125 0.62791 1.00000 0.01920 0.02419
70.00000 20.00000 0.47616 0.83314 1.00000 0.62699 0.65336 0.64007 0.53245 0.50794 0.49937 0.47425 0.86405 0.61027 0.40541 0.65065 0.47160 0.99350 0.53682 0.30573 0.00000 0.64583 0.86469 1.00000 0.49417 0.49490
70.00000 21.00000 0.47607 0.83314 1.00000 0.62699 0.65712 0.63717 0.54061 0.50794 0.49937 0.47167 0.86392 0.60982 0.40541 0.65798 0.47259 0.99336 0.52947 0.31942 0.00000 0.63542 0.86469 1.00000 0.49040 0.50122
70.00000 22.00000 0.99993 0.99952 1.00000 0.00000 0.12845 0.27382 0.23047 0.00000 0.00063 0.00544 0.62793 0.29030 0.24324 0.46010 0.00347 0.99391 0.59544 0.36804 0.00000 0.27083 0.62791 1.00000 0.01646 0.02463
70.00000 23.00000 0.99989 0.99762 1.00000 0.00000 0.12653 0.28698 0.23680 0.00000 0.00000 0.00594 0.62787 0.29276 0.24324 0.47068 0.00462 0.99380 0.60185 0.36819 0.00000 0.28125 0.62791 1.00000 0.02058 0.02221
70.00000 24.00000 0.23810 0.29691 1.00000 0.59794 0.63327 0.69533 0.67742 0.61718 0.61509 0.61677 0.85324 0.64828 0.89189 0.73697 0.61765 0.99347 0.70357 0.10545 1.00000 0.67708 0.85412 1.00000 0.63237 0.63372
70.00000 25.00000 0.99978 0.99774 1.00000 0.00000 0.12634 0.30001 0.22156 0.00000 0.00000 0.00382 0.62791 0.28346 0.24324 0.46336 0.00375 0.99391 0.59228 0.36208 0.00000 0.30208 0.62791 1.00000 0.01715 0.02733
70.00000 26.00000 0.00003 0.00000 1.00000 1.00000 0.97798 0.91096 0.90666 1.00000 1.00000 0.99716 0.99922 0.88170 1.00000 0.89984 0.99604 0.99325 0.72562 0.02340 1.00000 0.92708 1.00000 1.00000 0.98491 0.98627
70.00000 27.00000 0.47625 0.83135 1.00000 0.62699 0.65896 0.63950 0.51911 0.50794 0.49937 0.47396 0.86403 0.61400 0.40541 0.63925 0.47135 0.99358 0.53092 0.30569 0.00000 0.62500 0.86469 1.00000 0.49554 0.49499
70.00000 28.00000 0.00001 0.00226 1.00000 1.00000 0.97972 0.92599 0.90189 1.00000 1.00000 0.99659 0.99922 0.87567 1.00000 0.90147 0.99741 0.99319 0.71676 0.03881 1.00000 0.91667 1.00000 1.00000 0.98663 0.99140
70.00000 29.00000 0.99995 0.99869 1.00000 0.00000 0.12809 0.29644 0.23141 0.00000 0.00000 0.00592 0.62789 0.27616 0.24324 0.47476 0.00368 0.99388 0.59185 0.37207 0.00000 0.29167 0.62791 1.00000 0.01440 0.01829
70.00000 30.00000 0.00004 0.00178 1.00000 1.00000 0.97403 0.93978 0.90423 1.00000 1.00000 0.99453 0.99928 0.88140 1.00000 0.89169 0.99632 0.99322 0.71821 0.02673 1.00000 0.92708 1.00000 1.00000 0.98525 0.99179
70.00000 31.00000 0.99985 0.99762 1.00000 0.00000 0.12864 0.27661 0.21672 0.00000 0.00063 0.00561 0.62782 0.28390 0.24324 0.46254 0.00307 0.99380 0.59761 0.36636 0.00000 0.27083 0.62791 1.00000 0.01406 0.01798
70.00000 32.00000 0.99986 0.99822 1.00000 0.00000 0.12698 0.29487 0.26108 0.00000 0.00000 0.00468 0.62791 0.28346 0.24324 0.43730 0.00289 0.99377 0.58823 0.37463 0.00000 0.28125 0.62791 1.00000 0.02195 0.01758
70.00000 33.00000 0.47614 0.83171 1.00000 0.62699 0.66942 0.64714 0.53505 0.50794 0.49937 0.47315 0.86388 0.60915 0.40541 0.65147 0.47229 0.99339 0.53546 0.31005 0.00000 0.63542 0.86469 1.00000 0.49657 0.49292
70.00000 34.00000 0.99985 0.99929 1.00000 0.00000 0.13020 0.29343 0.23102 0.00000 0.00000 0.00399 0.62795 0.27951 0.24324 0.46336 0.00436 0.99391 0.60594 0.36222 0.00000 0.28125 0.62791 1.00000 0.01372 0.01585
70.00000 35.00000 0.83313 0.99786 1.00000 0.06027 0.18616 0.30343 0.22344 0.14659 0.14403 0.13847 0.65105 0.30008 0.24324 0.47720 0.13651 0.99394 0.53323 0.35102 0.00000 0.30208 0.65116 1.00000 0.16118 0.16546
70.00000 36.00000 0.83324 0.99952 1.00000 0.06027 0.18552 0.33840 0.24580 0.14659 0.14403 0.13844 0.65120 0.30812 0.24324 0.44463 0.13717 0.99385 0.55417 0.36116 0.00000 0.30208 0.65116 1.00000 0.16015 0.16750
70.00000 37.00000 0.59513 0.73800 0.00000 0.23809 0.01156 0.04665 0.04114 0.29318 0.20881 0.09260 0.00156 0.02692 0.02703 0.02443 0.09114 0.00218 0.08614 0.92223 0.00000 0.03125 0.00000 0.00000 0.13923 0.14245
70.00000 38.00000 0.99998 0.99834 1.00000 0.00000 0.12276 0.29378 0.23239 0.00000 0.00000 0.00408 0.62780 0.27455 0.24324 0.47150 0.00297 0.99369 0.56943 0.37928 0.00000 0.26042 0.62791 1.00000 0.01132 0.02116
70.00000 39.00000 0.99994 0.99762 1.00000 0.00000 0.12717 0.28211 0.23362 0.00000 0.00000 0.00458 0.62791 0.28423 0.24324 0.46336 0.00454 0.99385 0.59199 0.36215 0.00000 0.28125 0.62791 1.00000 0.01852 0.02065
70.00000 40.00000 0.83326 0.99762 1.00000 0.06027 0.17836 0.32418 0.25042 0.14659 0.14403 0.13894 0.65128 0.31041 0.24324 0.44870 0.13707 0.99385 0.54598 0.34468 0.00000 0.33333 0.65116 1.00000 0.16187 0.16719
70.00000 41.00000 0.99994 0.99762 1.00000 0.00000 0.13001 0.29568 0.23535 0.00000 0.00000 0.00430 0.62793 0.27984 0.24324 0.46336 0.00365 0.99380 0.59040 0.36673 0.00000 0.27083 0.62791 1.00000 0.01132 0.01808
70.00000 42.00000 0.99979 0.99869 1.00000 0.00000 0.12928 0.28511 0.24200 0.00000 0.00063 0.00575 0.62797 0.27889 0.24324 0.46010 0.00406 0.99396 0.58500 0.36841 0.00000 0.28125 0.62791 1.00000 0.00960 0.01888
70.00000 43.00000 0.83324 0.99857 1.00000 0.06027 0.18791 0.32117 0.24034 0.14659 0.14403 0.13720 0.65120 0.30592 0.27027 0.44625 0.13611 0.99380 0.55810 0.35424 0.00000 0.31250 0.65116 1.00000 0.15398 0.16523
70.00000 44.00000 0.99992 0.99929 1.00000 0.00000 0.12423 0.28189 0.23942 0.00000 0.00063 0.00451 0.62806 0.28096 0.24324 0.46906 0.00342 0.99394 0.59430 0.37456 0.00000 0.27083 0.62791 1.00000 0.01132 0.02521
70.00000 45.00000 0.23815 0.29751 1.00000 0.59794 0.63125 0.69449 0.67104 0.61718 0.61509 0.61644 0.85322 0.65535 0.89189 0.73534 0.61715 0.99328 0.70265 0.11156 1.00000 0.67708 0.85412 1.00000 0.62929 0.63449
70.00000 46.00000 0.99999 1.00000 1.00000 0.00000 0.12818 0.30405 0.24229 0.00000 0.00063 0.00403 0.62791 0.28264 0.24324 0.45603 0.00353 0.99383 0.58926 0.35201 0.00000 0.28125 0.62791 1.00000 0.01852 0.02444
70.00000 47.00000 0.99988 0.99881 1.00000 0.00000 0.12432 0.30202 0.23634 0.00000 0.00063 0.00475 0.62776 0.28357 0.24324 0.47557 0.00383 0.99372 0.59625 0.36002 0.00000 0.26042 0.62791 1.00000 0.01578 0.02160
70.00000 48.00000 0.83320 0.99762 1.00000 0.06027 0.18048 0.33127 0.25071 0.14659 0.14403 0.13892 0.65113 0.30869 0.24324 0.44137 0.13803 0.99388 0.53849 0.34710 0.00000 0.31250 0.65116 1.00000 0.16255 0.16288
70.00000 49.00000 0.99990 0.99762 1.00000 0.00000 0.13258 0.28590 0.26063 0.00000 0.00000 0.00394 0.62774 0.28324 0.24324 0.46417 0.00398 0.99372 0.59349 0.36284 0.00000 0.29167 0.62791 1.00000 0.01852 0.02319
70.00000 50.00000 0.00000 0.00131 1.00000 1.00000 0.97789 0.94151 0.91073 1.00000 1.00000 0.99623 0.99930 0.88282 1.00000 0.90065 0.99767 0.99328 0.72711 0.03010 1.00000 0.94792 1.00000 1.00000 0.98251 0.98745
70.00000 51.00000 0.99989 0.99762 1.00000 0.00000 0.12854 0.27642 0.22837 0.00000 0.00000 0.00351 0.62789 0.27746 0.24324 0.47476 0.00482 0.99383 0.58071 0.36453 0.00000 0.28125 0.62791 1.00000 0.01920 0.02005
70.00000 52.00000 0.23819 0.29762 1.00000 0.59794 0.63804 0.67485 0.67742 0.61718 0.61509 0.61501 0.85319 0.65548 0.89189 0.73697 0.61598 0.99339 0.70810 0.11219 1.00000 0.67708 0.85412 1.00000 0.62894 0.63260
70.00000 53.00000 0.59527 0.73670 0.00000 0.23809 0.01275 0.00810 0.05445 0.29318 0.20818 0.09408 0.00158 0.02497 0.02703 0.03664 0.09042 0.00226 0.07450 0.93929 0.00000 0.04167 0.00000 0.00000 0.14335 0.14554
70.00000 54.00000 0.59529 0.73741 0.00000 0.23809 0.00642 0.04584 0.06236 0.29318 0.20881 0.09262 0.00156 0.02875 0.02703 0.02199 0.08992 0.00226 0.07707 0.94036 0.00000 0.05208 0.00000 0.00000 0.13820 0.14520
70.00000 55.00000 0.83332 0.99762 1.00000 0.06027 0.17956 0.30278 0.24765 0.14659 0.14403 0.13892 0.65105 0.30715 0.24324 0.43485 0.13806 0.99383 0.54520 0.34604 0.00000 0.31250 0.65116 1.00000 0.16255 0.16701
70.00000 56.00000 0.83316 0.99857 1.00000 0.06027 0.18314 0.32854 0.24236 0.14659 0.14403 0.13715 0.65118 0.30472 0.24324 0.45521 0.13750 0.99402 0.54375 0.35105 0.00000 0.32292 0.65116 1.00000 0.16392 0.16682
70.00000 57.00000 0.00002 0.00214 1.00000 1.00000 0.97348 0.92762 0.90743 1.00000 1.00000 0.99561 0.99928 0.88305 1.00000 0.90472 0.99693 0.99314 0.72200 0.02812 1.00000 0.92708 1.00000 1.00000 0.99108 0.98754
70.00000 58.00000 0.23815 0.29691 1.00000 0.59794 0.63721 0.69178 0.65973 0.61718 0.61509 0.61706 0.85317 0.65367 0.89189 0.72231 0.61646 0.99328 0.70048 0.10779 1.00000 0.68750 0.85412 1.00000 0.63306 0.63448
70.00000 59.00000 0.47620 0.83242 1.00000 0.62699 0.66043 0.67322 0.53334 0.50794 0.49937 0.47129 0.86405 0.61371 0.40541 0.65065 0.47320 0.99347 0.53761 0.31667 0.00000 0.63542 0.86469 1.00000 0.49314 0.49156
70.00000 60.00000 0.00006 0.00166 1.00000 1.00000 0.97881 0.93304 0.90295 1.00000 1.00000 0.99530 0.99920 0.87568 1.00000 0.90635 0.99731 0.99328 0.72133 0.02603 1.00000 0.92708 1.00000 1.00000 0.98663 0.98665
70.00000 61.00000 0.23811 0.29727 1.00000 0.59794 0.63318 0.69381 0.67135 0.61718 0.61509 0.61556 0.85326 0.65394 0.89189 0.74349 0.61595 0.99341 0.69310 0.11475 1.00000 0.68750 0.85412 1.00000 0.62723 0.63512
70.00000 62.00000 0.59512 0.73753 0.00000 0.23809 0.01404 0.04776 0.06292 0.29318 0.20881 0.09446 0.00150 0.02885 0.02703 0.03909 0.09020 0.00223 0.08271 0.92820 0.00000 0.05208 0.00000 0.00000 0.14678 0.14578
70.00000 63.00000 0.59512 0.73634 0.00000 0.23809 0.01119 0.04979 0.06109 0.29318 0.20881 0.09262 0.00150 0.02446 0.02703 0.01792 0.08961 0.00237 0.07693 0.93856 0.00000 0.04167 0.00000 0.00000 0.14403 0.14951
70.00000 64.00000 0.99989 0.99762 1.00000 0.00000 0.12726 0.28744 0.24161 0.00000 0.00000 0.00721 0.62785 0.28215 0.24324 0.46580 0.00406 0.99380 0.58723 0.36823 0.00000 0.27083 0.62791 1.00000 0.02229 0.02124
70.00000 65.00000 0.99985 0.99762 1.00000 0.00000 0.12809 0.29874 0.24202 0.00000 0.00000 0.00496 0.62787 0.27832 0.24324 0.47068 0.00330 0.99372 0.57990 0.36969 0.00000 0.28125 0.62791 1.00000 0.01818 0.01871
70.00000 66.00000 0.00005 0.00000 1.00000 1.00000 0.97899 0.92732 0.90334 1.00000 1.00000 0.99752 0.99918 0.88185 1.00000 0.90228 0.99653 0.99330 0.71126 0.02757 1.00000 0.92708 1.00000 1.00000 0.98525 0.98905
70.00000 67.00000 0.23806 0.29691 1.00000 0.59794 0.63318 0.71432 0.68043 0.61718 0.61509 0.61608 0.85309 0.65137 0.89189 0.74674 0.61519 0.99341 0.70212 0.11508 1.00000 0.68750 0.85412 1.00000 0.63066 0.64110
70.00000 68.00000 0.83322 0.99869 1.00000 0.06027 0.18451 0.33937 0.23600 0.14659 0.14403 0.13684 0.65105 0.30767 0.24324 0.46254 0.13697 0.99372 0.55120 0.35263 0.00000 0.32292 0.65116 1.00000 0.16872 0.16726
70.00000 69.00000 0.23819 0.29727 1.00000 0.59794 0.63483 0.70023 0.67123 0.61718 0.61509 0.61448 0.85324 0.64975 0.89189 0.75407 0.61393 0.99336 0.69398 0.12463 1.00000 0.67708 0.85412 1.00000 0.62963 0.63284
70.00000 70.00000 0.00002 0.00000 1.00000 1.00000 0.97715 0.92442 0.91376 1.00000 0.99937 0.99582 0.99926 0.87578 1.00000 0.91612 0.99665 0.99319 0.71702 0.02032 1.00000 0.94792 1.00000 1.00000 0.98834 0.99007
70.00000 71.00000 0.99977 0.99762 1.00000 0.00000 0.12836 0.28929 0.22845 0.00000 0.00063 0.00530 0.62799 0.28122 0.24324 0.46010 0.00421 0.99388 0.58897 0.37321 0.00000 0.28125 0.62791 1.00000 0.01852 0.01525
70.00000 72.00000 0.99982 0.99762 1.00000 0.00000 0.12809 0.30186 0.24457 0.00000 0.00000 0.00489 0.62774 0.27815 0.24324 0.46824 0.00403 0.99350 0.59525 0.36577 0.00000 0.27083 0.62791 1.00000 0.01886 0.01097
70.00000 73.00000 0.00006 0.00000 1.00000 1.00000 0.97825 0.95078 0.90943 1.00000 1.00000 0.99554 0.99916 0.87639 1.00000 0.92671 0.99683 0.99319 0.72071 0.03098 1.00000 0.92708 1.00000 1.00000 0.98560 0.99123
70.00000 74.00000 0.59529 0.73705 0.00000 0.23809 0.01450 0.06924 0.05493 0.29318 0.20818 0.09279 0.00158 0.03473 0.02703 0.03176 0.09007 0.00204 0.06438 0.93076 0.00000 0.04167 0.00000 0.00000 0.13992 0.14395
70.00000 75.00000 0.00002 0.00154 1.00000 1.00000 0.98183 0.91199 0.91263 1.00000 1.00000 0.99652 0.99932 0.87564 1.00000 0.90717 0.99653 0.99319 0.70046 0.02409 1.00000 0.94792 1.00000 1.00000 0.98628 0.98844
70.00000 76.00000 0.00005 0.00190 1.00000 1.00000 0.97780 0.93163 0.90781 1.00000 1.00000 0.99563 0.99920 0.88104 1.00000 0.90309 0.99812 0.99317 0.72902 0.03489 1.00000 0.91667 1.00000 1.00000 0.98594 0.98652
70.00000 77.00000 0.99994 0.99762 1.00000 0.00000 0.13120 0.30289 0.24217 0.00000 0.00000 0.00530 0.62776 0.28222 0.24324 0.46091 0.00454 0.99369 0.58511 0.36105 0.00000 0.28125 0.62791 1.00000 0.01509 0.01918
70.00000 78.00000 0.59511 0.73634 0.00000 0.23809 0.01138 0.04876 0.06073 0.29318 0.20881 0.09353 0.00156 0.02689 0.02703 0.02850 0.09004 0.00215 0.09121 0.94127 0.00000 0.03125 0.00000 0.00000 0.14026 0.14737
70.00000 79.00000 0.00004 0.00071 1.00000 1.00000 0.97954 0.93704 0.92892 1.00000 1.00000 0.99530 0.99926 0.87880 1.00000 0.91694 0.99670 0.99339 0.70765 0.03262 1.00000 0.92708 1.00000 1.00000 0.98285 0.98651
70.00000 80.00000 0.00006 0.00000 1.00000 1.00000 0.98202 0.93515 0.93133 1.00000 1.00000 0.99408 0.99930 0.87630 1.00000 0.89577 0.99574 0.99341 0.70707 0.03610 1.00000 0.92708 1.00000 1.00000 0.98182 0.98689
70.00000 81.00000 0.83321 0.99762 1.00000 0.06027 0.18433 0.35116 0.24308 0.14659 0.14403 0.13696 0.65118 0.30691 0.24324 0.44707 0.13864 0.99369 0.54591 0.35098 0.00000 0.31250 0.65116 1.00000 0.16598 0.16178
70.00000 82.00000 0.83323 0.99941 1.00000 0.06027 0.18479 0.32225 0.24758 0.14659 0.14403 0.13801 0.65109 0.30156 0.24324 0.47231 0.13732 0.99372 0.54075 0.34282 0.00000 0.32292 0.65116 1.00000 0.16324 0.16120
70.00000 83.00000 0.47606 0.83147 1.00000 0.62699 0.65391 0.65250 0.55664 0.50794 0.49937 0.47279 0.86407 0.60307 0.40541 0.65717 0.47211 0.99369 0.53025 0.32341 0.00000 0.64583 0.86469 1.00000 0.48834 0.49511
70.00000 84.00000 0.59524 0.73824 0.00000 0.23809 0.00743 0.04646 0.03550 0.29318 0.20818 0.09317 0.00156 0.03088 0.02703 0.01466 0.08956 0.00215 0.08699 0.93761 0.00000 0.03125 0.00000 0.00000 0.13992 0.14204
70.00000 85.00000 0.59517 0.73634 0.00000 0.23809 0.00826 0.04361 0.03774 0.29318 0.20881 0.09281 0.00144 0.02422 0.02703 0.03257 0.09002 0.00207 0.08504 0.93021 0.00000 0.04167 0.00000 0.00000 0.14163 0.14620
70.00000 86.00000 0.23815 0.29881 1.00000 0.59794 0.63474 0.69801 0.67821 0.61718 0.61509 0.61484 0.85334 0.65349 0.89189 0.74837 0.61573 0.99358 0.70474 0.11431 1.00000 0.67708 0.85412 1.00000 0.63374 0.63517
70.00000 87.00000 0.99990 0.99964 1.00000 0.00000 0.12708 0.28747 0.22861 0.00000 0.00000 0.00418 0.62776 0.28433 0.24324 0.47476 0.00515 0.99374 0.57736 0.37643 0.00000 0.28125 0.62791 1.00000 0.02195 0.02097
70.00000 88.00000 0.83328 0.99762 1.00000 0.06027 0.18084 0.33780 0.23855 0.14659 0.14403 0.13813 0.65105 0.30424 0.24324 0.46336 0.13578 0.99391 0.54522 0.34860 0.00000 0.31250 0.65116 1.00000 0.16564 0.15694
70.00000 89.00000 0.99995 0.99762 1.00000 0.00000 0.13084 0.29953 0.25119 0.00000 0.00000 0.00465 0.62776 0.28026 0.24324 0.48534 0.00424 0.99358 0.57821 0.36801 0.00000 0.29167 0.62791 1.00000 0.00617 0.01924
70.00000 90.00000 0.83321 0.99834 1.00000 0.06027 0.18974 0.31526 0.24960 0.14659 0.14403 0.13928 0.65096 0.30154 0.24324 0.44625 0.13687 0.99374 0.54932 0.34607 0.00000 0.31250 0.65116 1.00000 0.16152 0.16429
70.00000 91.00000 0.83321 0.99917 1.00000 0.06027 0.18158 0.33870 0.22743 0.14659 0.14403 0.13899 0.65096 0.30054 0.24324 0.45684 0.13699 0.99369 0.53768 0.36398 0.00000 0.32292 0.65116 1.00000 0.15809 0.16400
70.00000 92.00000 0.23818 0.29691 1.00000 0.59794 0.63153 0.69836 0.68565 0.61718 0.61509 0.61780 0.85326 0.64918 0.89189 0.74674 0.61575 0.99330 0.70091 0.10091 1.00000 0.67708 0.85412 1.00000 0.63032 0.63428
70.00000 93.00000 0.23822 0.29857 1.00000 0.59794 0.63951 0.70662 0.69537 0.61718 0.61509 0.61613 0.85324 0.65286 0.89189 0.73371 0.61527 0.99341 0.69327 0.10614 1.00000 0.66667 0.85412 1.00000 0.62620 0.63137
70.00000 94.00000 0.00005 0.00000 1.00000 1.00000 0.97825 0.92036 0.92500 1.00000 1.00000 0.99582 0.99928 0.88587 1.00000 0.89332 0.99647 0.99347 0.69827 0.02215 1.00000 0.92708 1.00000 1.00000 0.98663 0.98280
70.00000 95.00000 0.99992 0.99905 1.00000 0.00000 0.12937 0.28509 0.24676 0.00000 0.00000 0.00430 0.62778 0.28099 0.24324 0.47557 0.00391 0.99361 0.58697 0.38335 0.00000 0.28125 0.62791 1.00000 0.02332 0.02404
70.00000 96.00000 0.47627 0.83349 1.00000 0.62699 0.65914 0.64388 0.54133 0.50794 0.49937 0.47198 0.86407 0.60489 0.40541 0.65472 0.47084 0.99361 0.51654 0.32077 0.00000 0.64583 0.86469 1.00000 0.49829 0.49219
70.00000 97.00000 0.83322 0.99762 1.00000 0.06027 0.18350 0.34905 0.24980 0.14659 0.14403 0.13823 0.65086 0.30664 0.24324 0.44544 0.13522 0.99355 0.54308 0.36705 0.00000 0.31250 0.65116 1.00000 0.16289 0.15755
70.00000 98.00000 0.59514 0.73634 0.00000 0.23809 0.01202 0.04334 0.04927 0.29318 0.20881 0.09188 0.00148 0.02640 0.02703 0.03502 0.09068 0.00198 0.07436 0.92436 0.00000 0.03125 0.00000 0.00000 0.13752 0.14517
70.00000 99.00000 0.59520 0.73634 0.00000 0.23809 0.01248 0.04621 0.07069 0.29318 0.20881 0.09159 0.00154 0.02807 0.02703 0.04235 0.08964 0.00207 0.07386 0.95306 0.00000 0.05208 0.00000 0.00000 0.14335 0.13779
70.00000 100.00000 0.99987 0.99762 1.00000 0.00000 0.12726 0.29500 0.23299 0.00000 0.00063 0.00351 0.62774 0.28297 0.24324 0.47231 0.00358 0.99355 0.57859 0.36921 0.00000 0.28125 0.62791 1.00000 0.01646 0.02919
70.00000 101.00000 0.47628 0.83135 1.00000 0.62699 0.65969 0.64667 0.54318 0.50794 0.49937 0.47091 0.86407 0.60676 0.40541 0.66368 0.47087 0.99355 0.52273 0.33718 0.00000 0.64583 0.86469 1.00000 0.48800 0.49759
70.00000 102.00000 0.99986 0.99964 1.00000 0.00000 0.12763 0.31145 0.24623 0.00000 0.00063 0.00296 0.62774 0.27725 0.24324 0.48534 0.00429 0.99341 0.58221 0.38533 0.00000 0.28125 0.62791 1.00000 0.01578 0.02290
70.00000 103.00000 0.47615 0.83135 1.00000 0.62699 0.66171 0.64965 0.54017 0.50794 0.50000 0.47065 0.86413 0.60234 0.40541 0.66450 0.47244 0.99344 0.51895 0.31891 0.00000 0.64583 0.86469 1.00000 0.48800 0.49642
70.00000 104.00000 0.83325 0.99762 1.00000 0.06027 0.18589 0.31090 0.25064 0.14659 0.14403 0.13696 0.65086 0.30248 0.24324 0.46173 0.13684 0.99363 0.53639 0.36076 0.00000 0.33333 0.65116 1.00000 0.17078 0.16772
70.00000 105.00000 0.59531 0.73634 0.00000 0.23809 0.01119 0.06824 0.08109 0.29318 0.20881 0.09329 0.00144 0.02169 0.02703 0.04072 0.08982 0.00209 0.06510 0.92366 0.00000 0.04167 0.00000 0.00000 0.13889 0.14531
70.00000 106.00000 1.00000 0.99762 1.00000 0.00000 0.13203 0.30289 0.24265 0.00000 0.00063 0.00484 0.62768 0.28177 0.24324 0.48534 0.00419 0.99330 0.57809 0.38126 0.00000 0.29167 0.62791 1.00000 0.01235 0.03129
70.00000 107.00000 0.47608 0.83135 1.00000 0.62699 0.65896 0.66553 0.54065 0.50794 0.50000 0.47179 0.86396 0.60754 0.40541 0.65472 0.47173 0.99361 0.52075 0.32264 0.00000 0.64583 0.86469 1.00000 0.48971 0.49172
70.00000 108.00000 0.99983 0.99810 1.00000 0.00000 0.12955 0.29985 0.26253 0.00000 0.00063 0.00317 0.62759 0.28116 0.24324 0.49023 0.00396 0.99339 0.57676 0.38053 0.00000 0.31250 0.62791 1.00000 0.01475 0.01724
70.00000 109.00000 0.23812 0.29691 1.00000 0.59794 0.63832 0.69446 0.67706 0.61718 0.61572 0.61386 0.85341 0.64783 0.89189 0.75163 0.61502 0.99366 0.68539 0.10047 1.00000 0.69792 0.85412 1.00000 0.62414 0.63208
70.00000 110.00000 0.47614 0.83135 1.00000 0.62699 0.66639 0.65036 0.54116 0.50794 0.50000 0.47131 0.86426 0.60138 0.40541 0.66368 0.47168 0.99355 0.52599 0.34307 0.00000 0.65625 0.86469 1.00000 0.48903 0.49078
70.00000 111.00000 0.23820 0.29691 1.00000 0.59794 0.63272 0.70681 0.67174 0.61718 0.61509 0.61477 0.85334 0.65105 0.89189 0.74837 0.61547 0.99355 0.68180 0.12306 1.00000 0.71875 0.85412 1.00000 0.63134 0.62907
70.00000 112.00000 0.83313 0.99762 1.00000 0.06027 0.18635 0.34994 0.25675 0.14659 0.14403 0.13706 0.65092 0.29491 0.24324 0.46824 0.13636 0.99350 0.52766 0.35267 0.00000 0.31250 0.65116 1.00000 0.16152 0.16336
70.00000 113.00000 0.47626 0.83135 1.00000 0.62699 0.66318 0.65651 0.54737 0.50794 0.49937 0.47122 0.86419 0.60594 0.40541 0.66042 0.47069 0.99350 0.51085 0.32411 0.00000 0.64583 0.86469 1.00000 0.48525 0.49370
70.00000 114.00000 0.00004 0.00000 1.00000 1.00000 0.98037 0.94677 0.91778 1.00000 1.00000 0.99368 0.99945 0.88141 1.00000 0.92264 0.99462 0.99336 0.70684 0.03500 1.00000 0.93750 1.00000 1.00000 0.97702 0.98553
70.00000 115.00000 0.99994 0.99976 1.00000 0.00000 0.13231 0.29809 0.24915 0.00000 0.00000 0.00215 0.62742 0.27850 0.24324 0.48290 0.00403 0.99325 0.57400 0.37910 0.00000 0.28125 0.62791 1.00000 0.01612 0.01579
70.00000 116.00000 0.59522 0.73658 0.00000 0.23809 0.00165 0.06315 0.07122 0.29318 0.20881 0.09336 0.00139 0.02407 0.02703 0.04153 0.09025 0.00168 0.06122 0.94054 0.00000 0.04167 0.00000 0.00000 0.14472 0.14377
70.00000 117.00000 0.99988 0.99834 1.00000 0.00000 0.13304 0.28446 0.23502 0.00000 0.00000 0.00425 0.62730 0.27806 0.24324 0.49023 0.00370 0.99314 0.56312 0.38108 0.00000 0.31250 0.62791 1.00000 0.01440 0.01357
70.00000 118.00000 0.47626 0.83135 1.00000 0.62699 0.66446 0.65377 0.55189 0.50794 0.50000 0.47031 0.86409 0.60428 0.40541 0.66205 0.47140 0.99344 0.50916 0.33491 0.00000 0.65625 0.86469 1.00000 0.48937 0.48998
70.00000 119.00000 0.83329 0.99762 1.00000 0.06027 0.19213 0.32523 0.24936 0.14659 0.14403 0.13868 0.65099 0.29735 0.24324 0.47150 0.13646 0.99350 0.53132 0.37072 0.00000 0.32292 0.65116 1.00000 0.15706 0.16199
70.00000 120.00000 0.47608 0.83325 1.00000 0.62699 0.66245 0.66889 0.55945 0.50794 0.50000 0.47062 0.86409 0.60551 0.40541 0.68811 0.47021 0.99350 0.51288 0.33132 0.00000 0.65625 0.86469 1.00000 0.48285 0.48945
70.00000 121.00000 0.99985 0.99762 1.00000 0.00000 0.12607 0.30210 0.24963 0.00000 0.00063 0.00365 0.62738 0.27189 0.24324 0.48290 0.00490 0.99317 0.56153 0.38924 0.00000 0.30208 0.62791 1.00000 0.01612 0.02552
70.00000 122.00000 0.99993 0.99846 1.00000 0.00000 0.13084 0.30359 0.26515 0.00000 0.00063 0.00317 0.62740 0.27497 0.24324 0.48616 0.00363 0.99317 0.56645 0.38606 0.00000 0.29167 0.62791 1.00000 0.01612 0.01696
70.00000 123.00000 0.99980 0.99762 1.00000 0.00000 0.13212 0.29714 0.25309 0.00000 0.00063 0.00282 0.62736 0.27213 0.24324 0.49430 0.00259 0.99306 0.55841 0.38086 0.00000 0.28125 0.62791 1.00000 0.00754 0.01383
70.00000 124.00000 0.59517 0.73872 0.00000 0.23809 0.01459 0.06482 0.07921 0.29318 0.20881 0.09315 0.00129 0.02349 0.02703 0.05782 0.08895 0.00168 0.06757 0.94365 0.00000 0.05208 0.00000 0.00000 0.13649 0.14471
70.00000 125.00000 0.00006 0.00024 1.00000 1.00000 0.98807 0.92862 0.93821 1.00000 1.00000 0.99258 0.99947 0.88067 1.00000 0.93974 0.99457 0.99350 0.70553 0.05514 1.00000 0.94792 1.00000 1.00000 0.98114 0.98185
70.00000 126.00000 0.23810 0.29905 1.00000 0.59794 0.63621 0.70028 0.69477 0.61718 0.61572 0.61348 0.85355 0.64848 0.89189 0.76466 0.61370 0.99372 0.66323 0.14686 1.00000 0.68750 0.85412 1.00000 0.62860 0.62339
70.00000 127.00000 0.00003 0.00000 1.00000 1.00000 0.98651 0.93593 0.92834 1.00000 1.00000 0.99413 0.99960 0.87633 1.00000 0.93485 0.99361 0.99350 0.68829 0.04599 1.00000 0.92708 1.00000 1.00000 0.97805 0.97293
70.00000 128.00000 0.99997 0.99964 1.00000 0.00000 0.13497 0.31927 0.27666 0.00000 0.00063 0.00403 0.62723 0.27825 0.24324 0.48860 0.00370 0.99297 0.54332 0.38551 0.00000 0.29167 0.62791 1.00000 0.01097 0.01708
70.00000 129.00000 0.00002 0.00000 1.00000 1.00000 0.98431 0.95148 0.94649 1.00000 1.00000 0.99313 0.99958 0.87428 1.00000 0.92752 0.99495 0.99350 0.69298 0.04668 1.00000 0.94792 1.00000 1.00000 0.97565 0.97848
70.00000 130.00000 0.59523 0.73860 0.00000 0.23809 0.01578 0.08585 0.07459 0.29318 0.20881 0.09214 0.00118 0.02194 0.02703 0.06270 0.08888 0.00163 0.05722 0.95661 0.00000 0.06250 0.00000 0.00000 0.14232 0.14149
70.00000 131.00000 0.59516 0.73634 0.00000 0.23809 0.01606 0.06482 0.08576 0.29318 0.20818 0.09210 0.00127 0.01980 0.02703 0.05782 0.09073 0.00168 0.06807 0.93849 0.00000 0.06250 0.00000 0.00000 0.13649 0.13882
70.00000 132.00000 0.99985 0.99893 1.00000 0.00000 0.13065 0.28747 0.25690 0.00000 0.00063 0.00267 0.62715 0.28066 0.24324 0.49186 0.00383 0.99281 0.55996 0.40114 0.00000 0.28125 0.62791 1.00000 0.00754 0.01577
70.00000 133.00000 0.99982 0.99941 1.00000 0.00000 0.13359 0.32477 0.26628 0.00000 0.00000 0.00370 0.62715 0.27360 0.24324 0.49593 0.00244 0.99267 0.55367 0.39726 0.00000 0.30208 0.62791 1.00000 0.00960 0.01474
70.00000 134.00000 0.83321 0.99929 1.00000 0.06027 0.19093 0.35240 0.28754 0.14659 0.14403 0.13839 0.65067 0.29750 0.24324 0.47801 0.13565 0.99328 0.51597 0.37130 0.00000 0.34375 0.65116 1.00000 0.16255 0.16955
70.00000 135.00000 0.99978 0.99762 1.00000 0.00000 0.12992 0.29218 0.26616 0.00000 0.00063 0.00267 0.62719 0.26994 0.24324 0.49186 0.00441 0.99267 0.55591 0.39862 0.00000 0.31250 0.62791 1.00000 0.01097 0.01777
70.00000 136.00000 0.99978 0.99857 1.00000 0.00000 0.13295 0.30400 0.25422 0.00000 0.00000 0.00329 0.62711 0.26781 0.24324 0.50000 0.00145 0.99267 0.55382 0.39232 0.00000 0.30208 0.62791 1.00000 0.01132 0.02151
70.00000 137.00000 0.47628 0.83171 1.00000 0.62699 0.66538 0.67073 0.57953 0.50794 0.50000 0.46995 0.86411 0.59836 0.37838 0.68160 0.46996 0.99366 0.49564 0.34095 1.00000 0.65625 0.86469 1.00000 0.48525 0.49142
70.00000 138.00000 0.00006 0.00048 1.00000 1.00000 0.98413 0.95923 0.94312 1.00000 1.00000 0.99122 0.99960 0.86932 1.00000 0.94544 0.99176 0.99380 0.68296 0.06016 1.00000 0.95833 1.00000 1.00000 0.97634 0.97455
70.00000 139.00000 0.83316 0.99786 1.00000 0.06027 0.18323 0.34672 0.26633 0.14659 0.14403 0.13773 0.65056 0.29999 0.24324 0.50081 0.13532 0.99322 0.49845 0.38243 0.00000 0.33333 0.65116 1.00000 0.15638 0.16058
70.00000 140.00000 0.83336 0.99762 1.00000 0.06027 0.19057 0.35070 0.26546 0.14659 0.14403 0.13577 0.65050 0.29015 0.24324 0.47720 0.13669 0.99311 0.51592 0.37225 0.00000 0.32292 0.65116 1.00000 0.15844 0.16107
70.00000 141.00000 0.59509 0.73765 0.00000 0.23809 0.01606 0.05689 0.07994 0.29318 0.20881 0.09198 0.00091 0.01709 0.02703 0.07329 0.08842 0.00146 0.06215 0.96057 0.00000 0.06250 0.00000 0.00000 0.14095 0.14215
70.00000 142.00000 0.00005 0.00000 1.00000 1.00000 0.98963 0.96587 0.95201 1.00000 1.00000 0.99265 0.99954 0.86433 1.00000 0.95195 0.99257 0.99388 0.67373 0.05338 1.00000 0.93750 1.00000 1.00000 0.97085 0.98014
70.00000 143.00000 0.83328 0.99834 1.00000 0.06027 0.19084 0.34076 0.28166 0.14659 0.14403 0.13649 0.65039 0.29413 0.24324 0.48697 0.13601 0.99297 0.50050 0.37449 0.00000 0.32292 0.65116 1.00000 0.15123 0.16465
70.00000 144.00000 0.00002 0.00000 1.00000 1.00000 0.98605 0.96573 0.96134 1.00000 1.00000 0.99062 0.99970 0.86738 1.00000 0.95521 0.99224 0.99380 0.67292 0.06953 1.00000 0.95833 1.00000 1.00000 0.97565 0.97808
70.00000 145.00000 0.47617 0.83135 1.00000 0.62699 0.66309 0.66407 0.57257 0.50794 0.50000 0.46991 0.86422 0.59360 0.37838 0.70847 0.47008 0.99374 0.48351 0.34190 1.00000 0.67708 0.86469 1.00000 0.47874 0.48420
70.00000 146.00000 0.99978 0.99810 1.00000 0.00000 0.13377 0.30795 0.28087 0.00000 0.00063 0.00320 0.62677 0.26084 0.24324 0.50407 0.00449 0.99245 0.55213 0.39730 0.00000 0.31250 0.62791 1.00000 0.01337 0.02287
70.00000 147.00000 0.23820 0.29691 1.00000 0.59794 0.64520 0.70985 0.71114 0.61718 0.61572 0.61314 0.85368 0.64007 0.89189 0.78420 0.61367 0.99405 0.65952 0.15158 1.00000 0.71875 0.85412 1.00000 0.61660 0.62745
70.00000 148.00000 0.99988 0.99762 1.00000 0.00000 0.12882 0.32217 0.28234 0.00000 0.00063 0.00158 0.62662 0.26981 0.24324 0.52036 0.00241 0.99231 0.53420 0.40535 0.00000 0.32292 0.62791 1.00000 0.00823 0.01909
70.00000 149.00000 0.59514 0.73729 0.00000 0.23809 0.01642 0.07141 0.09137 0.29318 0.20881 0.09171 0.00082 0.01339 0.02703 0.08388 0.08999 0.00094 0.04206 0.97053 0.00000 0.06250 0.00000 0.00000 0.14369 0.14300
70.00000 150.00000 0.99977 0.99917 1.00000 0.00000 0.13689 0.33528 0.29531 0.00000 0.00063 0.00255 0.62662 0.27023 0.24324 0.52280 0.00208 0.99206 0.52278 0.40759 0.00000 0.30208 0.62791 1.00000 0.01029 0.02224
70.00000 151.00000 0.99987 0.99905 1.00000 0.00000 0.13130 0.33333 0.28467 0.00000 0.00000 0.00384 0.62660 0.26748 0.24324 0.52687 0.00292 0.99195 0.53023 0.41019 0.00000 0.31250 0.62791 1.00000 0.01475 0.01358
70.00000 152.00000 0.23819 0.29691 1.00000 0.59794 0.64171 0.72030 0.72334 0.61718 0.61572 0.61319 0.85389 0.63379 0.89189 0.80456 0.61190 0.99419 0.62896 0.14100 1.00000 0.71875 0.85412 1.00000 0.61866 0.62635
70.00000 153.00000 0.59522 0.73634 0.00000 0.23809 0.01156 0.05572 0.10396 0.29318 0.20881 0.09085 0.00070 0.01029 0.02703 0.08306 0.08954 0.00121 0.03996 0.98023 0.00000 0.06250 0.00000 0.00000 0.13923 0.13148
70.00000 154.00000 0.23801 0.29893 1.00000 0.59794 0.64556 0.72762 0.72840 0.61718 0.61572 0.61200 0.85385 0.64122 0.89189 0.79235 0.61164 0.99419 0.63650 0.14192 1.00000 0.70833 0.85412 1.00000 0.62140 0.62907
70.00000 155.00000 0.99981 0.99762 1.00000 0.00000 0.13726 0.31643 0.27955 0.00000 0.00000 0.00463 0.62654 0.26959 0.24324 0.51547 0.00096 0.99195 0.53132 0.43073 0.00000 0.32292 0.62791 1.00000 0.01200 0.01624
70.00000 156.00000 0.59524 0.73634 0.00000 0.23809 0.01055 0.06266 0.09421 0.29318 0.20881 0.08873 0.00055 0.00622 0.02703 0.08062 0.08824 0.00083 0.02568 0.97452 0.00000 0.09375 0.00000 0.00000 0.13855 0.14086
