53.00000 1.00000 0.60465 0.46154 1.00000 1.00000 0.37237 0.38716 0.23931 1.00000 1.00000 0.22941 0.67647 0.12326 0.33333 0.34857 0.21294 0.66667 0.19642 0.64703 1.00000 0.54545 1.00000 1.00000 0.52976 0.34892
53.00000 2.00000 0.43023 0.53846 1.00000 1.00000 0.42155 0.20043 0.35694 1.00000 1.00000 0.21504 0.66471 0.12733 0.33333 0.39429 0.22517 0.68452 0.17614 0.66610 1.00000 0.36364 1.00000 1.00000 0.33333 0.54300
53.00000 3.00000 0.45930 0.53846 1.00000 1.00000 0.37471 0.38814 0.42512 1.00000 1.00000 0.22557 0.70000 0.13209 0.33333 0.28571 0.22058 0.65476 0.17729 0.63737 1.00000 0.45455 1.00000 1.00000 0.47619 0.39076
53.00000 4.00000 0.75000 0.61538 1.00000 1.00000 0.35597 0.41202 0.40468 1.00000 1.00000 0.18774 0.65294 0.14073 0.33333 0.42857 0.23739 0.65476 0.20506 0.66610 1.00000 0.27273 1.00000 1.00000 0.41071 0.48353
53.00000 5.00000 0.44186 0.76923 1.00000 1.00000 0.44965 0.49579 0.40312 1.00000 1.00000 0.21169 0.65882 0.11656 0.33333 0.43429 0.20785 0.69643 0.17038 0.58909 1.00000 0.36364 1.00000 1.00000 0.52381 0.47908
53.00000 6.00000 0.68605 0.69231 1.00000 1.00000 0.48946 0.33001 0.30437 1.00000 1.00000 0.20307 0.68235 0.14789 0.33333 0.32000 0.23434 0.64881 0.14177 0.64196 1.00000 0.27273 1.00000 1.00000 0.39286 0.55246
53.00000 7.00000 0.27907 0.46154 1.00000 1.00000 0.37705 0.33686 0.30062 1.00000 1.00000 0.18103 0.67059 0.15538 0.33333 0.26857 0.23434 0.69048 0.17824 0.69145 1.00000 0.45455 1.00000 1.00000 0.53571 0.41739
53.00000 8.00000 0.55814 0.07692 1.00000 1.00000 0.31616 0.43042 0.39220 1.00000 1.00000 0.21887 0.67059 0.16458 0.33333 0.28571 0.20530 0.66667 0.18086 0.59585 1.00000 0.36364 1.00000 1.00000 0.56548 0.49773
53.00000 9.00000 0.52907 0.46154 1.00000 1.00000 0.35129 0.47896 0.30062 1.00000 1.00000 0.25623 0.68824 0.15136 0.33333 0.30857 0.21396 0.67262 0.17708 0.63786 1.00000 0.45455 1.00000 1.00000 0.51190 0.55070
53.00000 10.00000 0.52326 0.23077 1.00000 1.00000 0.41218 0.43453 0.29657 1.00000 1.00000 0.19971 0.65882 0.14720 0.33333 0.30857 0.24656 0.66667 0.16666 0.65138 1.00000 0.36364 1.00000 1.00000 0.45238 0.51461
53.00000 11.00000 0.39535 0.46154 1.00000 1.00000 0.36768 0.39244 0.46989 1.00000 1.00000 0.23084 0.70588 0.13773 0.33333 0.42286 0.21447 0.69048 0.18688 0.59271 1.00000 0.27273 1.00000 1.00000 0.50000 0.44577
53.00000 12.00000 0.73837 0.15385 1.00000 1.00000 0.37002 0.38011 0.37551 1.00000 1.00000 0.21216 0.69412 0.15534 0.33333 0.29714 0.23484 0.67262 0.19998 0.60502 1.00000 0.36364 1.00000 1.00000 0.44048 0.47778
53.00000 13.00000 0.55233 0.76923 1.00000 1.00000 0.27166 0.38853 0.26630 1.00000 1.00000 0.20546 0.65294 0.14253 0.33333 0.36000 0.24707 0.69643 0.19128 0.68155 1.00000 0.27273 1.00000 1.00000 0.44048 0.37805
53.00000 14.00000 0.45930 0.23077 1.00000 1.00000 0.33255 0.32961 0.34087 1.00000 1.00000 0.16331 0.68235 0.15113 0.33333 0.49714 0.20530 0.66667 0.17268 0.56567 1.00000 0.45455 1.00000 1.00000 0.47619 0.46117
53.00000 15.00000 0.68023 0.46154 1.00000 1.00000 0.30679 0.46624 0.41576 1.00000 1.00000 0.22893 0.69412 0.14642 0.33333 0.36000 0.21498 0.66667 0.19317 0.55215 1.00000 0.27273 1.00000 1.00000 0.38095 0.46368
53.00000 16.00000 0.79651 0.30769 1.00000 1.00000 0.21780 0.42376 0.45117 1.00000 1.00000 0.24473 0.66471 0.15862 0.33333 0.36571 0.21039 0.64881 0.18379 0.55794 1.00000 0.36364 1.00000 1.00000 0.52976 0.51480
53.00000 17.00000 0.56395 0.53846 1.00000 1.00000 0.29977 0.29810 0.30109 1.00000 1.00000 0.22653 0.68824 0.15547 0.33333 0.34286 0.20835 0.69048 0.17887 0.64751 1.00000 0.45455 1.00000 1.00000 0.50000 0.44782
53.00000 18.00000 0.52326 0.61538 1.00000 1.00000 0.35831 0.38188 0.40281 1.00000 1.00000 0.22749 0.70000 0.12169 0.33333 0.28000 0.19969 0.69643 0.15780 0.62337 1.00000 0.45455 1.00000 1.00000 0.42857 0.53678
53.00000 19.00000 0.69186 0.38462 1.00000 1.00000 0.33489 0.52946 0.21560 1.00000 1.00000 0.17625 0.67647 0.13264 0.33333 0.34857 0.23688 0.69048 0.15524 0.53308 1.00000 0.18182 1.00000 1.00000 0.45238 0.55497
53.00000 20.00000 0.28488 0.23077 1.00000 1.00000 0.35831 0.46976 0.48409 1.00000 1.00000 0.22318 0.67647 0.15460 0.33333 0.36571 0.26235 0.64286 0.16032 0.71197 1.00000 0.45455 1.00000 1.00000 0.43452 0.44355
53.00000 21.00000 0.52326 0.53846 1.00000 1.00000 0.34426 0.26052 0.36817 1.00000 1.00000 0.22605 0.68824 0.15811 0.33333 0.41714 0.21600 0.66667 0.18075 0.65958 1.00000 0.27273 1.00000 1.00000 0.42857 0.47954
53.00000 22.00000 0.28488 0.84615 1.00000 1.00000 0.31850 0.34840 0.41654 1.00000 1.00000 0.23084 0.65882 0.14374 0.33333 0.49143 0.21447 0.68452 0.17085 0.59947 1.00000 0.27273 1.00000 1.00000 0.54762 0.43947
53.00000 23.00000 0.36628 0.30769 1.00000 1.00000 0.42623 0.47681 0.41810 1.00000 1.00000 0.22270 0.67647 0.17854 0.33333 0.41714 0.22109 0.66667 0.18222 0.61444 1.00000 0.36364 1.00000 1.00000 0.45833 0.41516
53.00000 24.00000 0.22093 0.61538 1.00000 1.00000 0.41218 0.28009 0.42418 1.00000 1.00000 0.21216 0.67059 0.13999 0.33333 0.36571 0.22975 0.66667 0.15283 0.63206 1.00000 0.36364 1.00000 1.00000 0.45238 0.44902
53.00000 25.00000 0.54070 0.15385 1.00000 1.00000 0.52927 0.39558 0.38970 1.00000 1.00000 0.20690 0.67647 0.13967 0.33333 0.36571 0.20886 0.67857 0.17609 0.50241 1.00000 0.27273 1.00000 1.00000 0.53571 0.40727
53.00000 26.00000 0.40116 0.61538 1.00000 1.00000 0.34192 0.52026 0.44930 1.00000 1.00000 0.24904 0.67647 0.16966 0.33333 0.37143 0.22924 0.67857 0.18180 0.62168 1.00000 0.27273 1.00000 1.00000 0.47619 0.41386
53.00000 27.00000 0.56977 0.30769 1.00000 1.00000 0.26698 0.35173 0.36568 1.00000 0.93750 0.18582 0.69412 0.15709 0.33333 0.35429 0.18849 0.66071 0.15634 0.63448 1.00000 0.36364 1.00000 1.00000 0.36310 0.35124
53.00000 28.00000 0.68023 0.38462 1.00000 1.00000 0.28103 0.48972 0.25273 1.00000 1.00000 0.20259 0.66471 0.16721 0.33333 0.25714 0.20937 0.67857 0.16273 0.52583 1.00000 0.45455 1.00000 1.00000 0.55952 0.60367
53.00000 29.00000 0.60465 0.76923 1.00000 1.00000 0.42155 0.34801 0.46084 1.00000 1.00000 0.21983 0.72353 0.13995 0.33333 0.37143 0.21192 0.69048 0.17714 0.62023 1.00000 0.45455 1.00000 1.00000 0.33333 0.42741
53.00000 30.00000 0.55233 0.15385 1.00000 1.00000 0.36066 0.52809 0.40234 1.00000 1.00000 0.22893 0.66471 0.14364 0.33333 0.41714 0.21600 0.70238 0.17714 0.59126 1.00000 0.36364 1.00000 1.00000 0.46429 0.47880
53.00000 31.00000 0.40116 0.46154 1.00000 1.00000 0.32319 0.39695 0.44009 1.00000 1.00000 0.21456 0.72353 0.12839 0.33333 0.44000 0.20428 0.65476 0.16430 0.59343 1.00000 0.18182 1.00000 1.00000 0.48810 0.46034
53.00000 32.00000 0.52907 0.30769 1.00000 1.00000 0.35597 0.53357 0.50343 1.00000 1.00000 0.23228 0.67059 0.15127 0.33333 0.44000 0.22364 0.64286 0.15503 0.59705 1.00000 0.36364 1.00000 1.00000 0.47619 0.53706
53.00000 33.00000 0.63953 0.61538 1.00000 1.00000 0.37002 0.46839 0.36755 1.00000 1.00000 0.22079 0.70000 0.12807 0.33333 0.36000 0.19511 0.67857 0.18206 0.62409 1.00000 0.36364 1.00000 1.00000 0.42857 0.44615
53.00000 34.00000 0.52326 0.30769 1.00000 1.00000 0.51522 0.46682 0.37769 1.00000 1.00000 0.24761 0.69412 0.15737 0.33333 0.36000 0.23739 0.64881 0.15545 0.59705 1.00000 0.45455 1.00000 1.00000 0.42857 0.41701
53.00000 35.00000 0.45930 0.23077 1.00000 1.00000 0.37237 0.42474 0.53541 1.00000 1.00000 0.21695 0.70000 0.15769 0.33333 0.24000 0.18849 0.70833 0.17515 0.63858 1.00000 0.45455 1.00000 1.00000 0.33333 0.36664
53.00000 36.00000 0.68605 0.46154 1.00000 1.00000 0.57143 0.37581 0.33713 1.00000 1.00000 0.18582 0.69412 0.11762 0.33333 0.45143 0.21549 0.66667 0.15256 0.64244 1.00000 0.36364 1.00000 1.00000 0.47024 0.46433
53.00000 37.00000 0.40116 0.30769 1.00000 1.00000 0.41920 0.30789 0.39095 1.00000 1.00000 0.19349 0.67059 0.14447 0.33333 0.27429 0.20479 0.65476 0.16514 0.66900 1.00000 0.36364 1.00000 1.00000 0.42857 0.48270
53.00000 38.00000 0.28488 0.23077 1.00000 1.00000 0.42155 0.52261 0.45055 1.00000 1.00000 0.19013 0.68824 0.13625 0.33333 0.43429 0.20377 0.67857 0.18243 0.62337 1.00000 0.18182 1.00000 1.00000 0.49405 0.45950
53.00000 39.00000 0.46512 0.07692 1.00000 1.00000 0.38642 0.31611 0.43838 1.00000 1.00000 0.21648 0.68235 0.13874 0.33333 0.34286 0.18034 0.65476 0.17394 0.64558 1.00000 0.45455 1.00000 1.00000 0.43452 0.55116
53.00000 40.00000 0.43605 0.15385 1.00000 1.00000 0.42389 0.47133 0.37988 1.00000 1.00000 0.18343 0.68235 0.15621 0.33333 0.48000 0.20835 0.67262 0.13622 0.62144 1.00000 0.36364 1.00000 1.00000 0.33929 0.38148
53.00000 41.00000 0.23256 0.53846 1.00000 1.00000 0.41920 0.35604 0.35928 1.00000 1.00000 0.21312 0.68824 0.17586 0.33333 0.39429 0.23128 0.69643 0.16283 0.60116 1.00000 0.45455 1.00000 1.00000 0.52976 0.39568
53.00000 42.00000 0.56395 0.46154 1.00000 1.00000 0.22482 0.47622 0.36193 1.00000 1.00000 0.18008 0.68824 0.14360 0.33333 0.30857 0.18339 0.68452 0.17294 0.62023 1.00000 0.45455 1.00000 1.00000 0.52976 0.42240
53.00000 43.00000 0.70930 0.46154 1.00000 1.00000 0.25995 0.44725 0.35788 1.00000 1.00000 0.25431 0.67647 0.12747 0.33333 0.26857 0.19918 0.69643 0.18117 0.58764 1.00000 0.45455 1.00000 1.00000 0.51190 0.37870
53.00000 44.00000 0.40698 0.69231 1.00000 1.00000 0.41920 0.44001 0.33853 1.00000 1.00000 0.20115 0.68824 0.14840 0.33333 0.41143 0.23688 0.67262 0.15922 0.57557 1.00000 0.36364 1.00000 1.00000 0.42262 0.48251
53.00000 45.00000 0.29651 0.69231 1.00000 1.00000 0.33255 0.38931 0.42246 1.00000 1.00000 0.25192 0.66471 0.16781 0.33333 0.43429 0.22007 0.67262 0.16556 0.59609 1.00000 0.27273 1.00000 1.00000 0.46429 0.46386
53.00000 46.00000 0.41860 0.23077 1.00000 1.00000 0.44731 0.52280 0.37520 1.00000 1.00000 0.20977 0.71765 0.12756 0.33333 0.35429 0.21600 0.66071 0.16058 0.55118 1.00000 0.36364 1.00000 1.00000 0.45238 0.40477
53.00000 47.00000 0.58721 0.69231 1.00000 1.00000 0.24824 0.43237 0.43557 1.00000 1.00000 0.17241 0.69412 0.15404 0.33333 0.40571 0.22211 0.66667 0.19458 0.57991 1.00000 0.27273 1.00000 1.00000 0.43452 0.51443
53.00000 48.00000 0.47674 0.38462 1.00000 1.00000 0.39110 0.48581 0.39610 1.00000 1.00000 0.22366 0.68824 0.13010 0.33333 0.31429 0.22618 0.66071 0.15120 0.67479 1.00000 0.45455 1.00000 1.00000 0.47619 0.47500
53.00000 49.00000 0.34884 0.38462 1.00000 1.00000 0.23653 0.41809 0.34197 1.00000 1.00000 0.19875 0.67059 0.19351 0.33333 0.28000 0.20020 0.67857 0.19605 0.66924 1.00000 0.45455 1.00000 1.00000 0.42857 0.43112
53.00000 50.00000 0.43605 0.69231 1.00000 1.00000 0.39344 0.56958 0.41201 1.00000 1.00000 0.17816 0.64118 0.15039 0.33333 0.36571 0.21090 0.70833 0.17546 0.66997 1.00000 0.36364 1.00000 1.00000 0.48214 0.51489
53.00000 51.00000 0.34884 0.15385 1.00000 1.00000 0.32787 0.58524 0.43807 1.00000 1.00000 0.21312 0.69412 0.15432 0.33333 0.38857 0.18085 0.70238 0.18321 0.63520 1.00000 0.36364 1.00000 1.00000 0.44048 0.38649
53.00000 52.00000 0.48256 0.07692 1.00000 1.00000 0.29977 0.46976 0.45133 1.00000 1.00000 0.18582 0.68824 0.12405 0.33333 0.28571 0.20988 0.69048 0.15078 0.54973 1.00000 0.27273 1.00000 1.00000 0.52976 0.47537
53.00000 53.00000 0.35465 0.76923 1.00000 1.00000 0.34895 0.43277 0.52621 1.00000 1.00000 0.23036 0.70000 0.11429 0.33333 0.38857 0.18543 0.70238 0.18327 0.53766 1.00000 0.36364 1.00000 1.00000 0.41667 0.48353
53.00000 54.00000 0.36628 0.15385 1.00000 1.00000 0.40515 0.38070 0.48456 1.00000 1.00000 0.19492 0.69412 0.14503 0.33333 0.27429 0.18849 0.67857 0.15429 0.61830 1.00000 0.36364 1.00000 1.00000 0.44048 0.51081
53.00000 55.00000 0.70349 0.38462 1.00000 1.00000 0.41686 0.47778 0.42418 1.00000 1.00000 0.21073 0.66471 0.11429 0.33333 0.35429 0.18747 0.67262 0.12653 0.66465 1.00000 0.45455 1.00000 1.00000 0.42262 0.42407
53.00000 56.00000 0.62209 0.76923 1.00000 1.00000 0.28806 0.51165 0.37317 1.00000 1.00000 0.19732 0.62941 0.14207 0.33333 0.32000 0.22669 0.67857 0.18143 0.65427 1.00000 0.54545 1.00000 1.00000 0.42262 0.49504
53.00000 57.00000 0.43605 0.53846 1.00000 1.00000 0.44262 0.35193 0.30406 1.00000 1.00000 0.19157 0.68235 0.13482 0.33333 0.41143 0.23637 0.70833 0.16524 0.49590 1.00000 0.45455 1.00000 1.00000 0.53571 0.45320
53.00000 58.00000 0.23837 0.38462 1.00000 1.00000 0.43326 0.45214 0.40281 1.00000 1.00000 0.19349 0.70000 0.12155 0.33333 0.44000 0.23026 0.66667 0.17625 0.52583 1.00000 0.36364 1.00000 1.00000 0.50595 0.41470
53.00000 59.00000 0.59302 0.46154 1.00000 1.00000 0.30445 0.53161 0.43323 1.00000 1.00000 0.19397 0.67647 0.14036 0.33333 0.27429 0.22007 0.68452 0.14769 0.60164 1.00000 0.18182 1.00000 1.00000 0.31548 0.41813
53.00000 60.00000 0.38953 0.38462 1.00000 1.00000 0.40749 0.35839 0.52995 1.00000 1.00000 0.21360 0.70588 0.13532 0.33333 0.34286 0.22618 0.69643 0.16619 0.59054 1.00000 0.45455 1.00000 1.00000 0.52381 0.43381
53.00000 61.00000 0.53488 0.53846 1.00000 1.00000 0.30445 0.55882 0.34197 1.00000 1.00000 0.17960 0.67059 0.13121 0.33333 0.55429 0.21090 0.68452 0.13475 0.56446 1.00000 0.27273 1.00000 1.00000 0.41071 0.41256
53.00000 62.00000 0.43605 0.53846 1.00000 1.00000 0.42857 0.43590 0.51170 1.00000 1.00000 0.19397 0.67059 0.12566 0.33333 0.25143 0.19511 0.67857 0.15979 0.66393 1.00000 0.36364 1.00000 1.00000 0.42857 0.42592
53.00000 63.00000 0.56395 0.46154 1.00000 1.00000 0.32319 0.45312 0.35616 1.00000 1.00000 0.20450 0.69412 0.13740 0.33333 0.32571 0.19154 0.68452 0.18751 0.59947 1.00000 0.36364 1.00000 1.00000 0.55952 0.49847
53.00000 64.00000 0.37209 0.23077 1.00000 1.00000 0.27869 0.58074 0.42590 1.00000 1.00000 0.19397 0.70000 0.11577 0.33333 0.36000 0.20530 0.66667 0.17132 0.61516 1.00000 0.45455 1.00000 1.00000 0.39881 0.42685
53.00000 65.00000 0.41279 0.53846 1.00000 1.00000 0.26698 0.40047 0.35725 1.00000 1.00000 0.23994 0.70588 0.14688 0.33333 0.38286 0.17524 0.67857 0.13784 0.65307 1.00000 0.54545 1.00000 1.00000 0.42857 0.48288
53.00000 66.00000 0.33140 0.76923 1.00000 1.00000 0.31850 0.42846 0.42699 1.00000 1.00000 0.20546 0.70000 0.12955 0.33333 0.42857 0.20632 0.67262 0.17143 0.69942 1.00000 0.45455 1.00000 1.00000 0.38690 0.54207
53.00000 67.00000 0.44767 0.69231 1.00000 1.00000 0.38642 0.44901 0.34415 1.00000 1.00000 0.18343 0.71176 0.17650 0.33333 0.38286 0.21651 0.69048 0.16320 0.68349 1.00000 0.36364 1.00000 1.00000 0.45833 0.46720
53.00000 68.00000 0.68605 0.07692 1.00000 1.00000 0.36066 0.48385 0.46178 1.00000 1.00000 0.21073 0.70000 0.14826 0.33333 0.45143 0.21192 0.70833 0.14947 0.64124 1.00000 0.54545 1.00000 1.00000 0.41667 0.46795
53.00000 69.00000 0.45930 0.69231 1.00000 1.00000 0.33255 0.54942 0.33916 1.00000 1.00000 0.21743 0.70000 0.15446 0.33333 0.36000 0.23535 0.67262 0.16320 0.63230 1.00000 0.45455 1.00000 1.00000 0.40476 0.42546
53.00000 70.00000 0.56395 0.53846 1.00000 1.00000 0.48244 0.41730 0.45975 1.00000 1.00000 0.18343 0.65294 0.14276 0.33333 0.38286 0.19562 0.65476 0.17221 0.67769 1.00000 0.45455 1.00000 1.00000 0.44048 0.39187
53.00000 71.00000 0.43605 0.53846 1.00000 1.00000 0.38407 0.53592 0.45569 1.00000 1.00000 0.25287 0.70000 0.12090 0.33333 0.46857 0.22109 0.67262 0.17289 0.56881 1.00000 0.27273 1.00000 1.00000 0.39286 0.38649
53.00000 72.00000 0.61628 0.53846 1.00000 1.00000 0.33724 0.60658 0.31529 1.00000 1.00000 0.22941 0.68235 0.13352 0.33333 0.35429 0.22517 0.67857 0.18505 0.62023 1.00000 0.45455 1.00000 1.00000 0.42857 0.40727
53.00000 73.00000 0.52326 0.53846 1.00000 1.00000 0.34192 0.44627 0.34930 1.00000 1.00000 0.20163 0.70000 0.13690 0.33333 0.45714 0.20632 0.69048 0.18725 0.61878 1.00000 0.36364 1.00000 1.00000 0.43452 0.38909
53.00000 74.00000 0.43023 0.69231 1.00000 1.00000 0.39578 0.51458 0.37098 1.00000 1.00000 0.18774 0.65294 0.16634 0.33333 0.39429 0.22466 0.67857 0.19532 0.61951 1.00000 0.36364 1.00000 1.00000 0.47619 0.45505
53.00000 75.00000 0.42442 0.61538 1.00000 1.00000 0.34426 0.47759 0.47348 1.00000 1.00000 0.19923 0.69412 0.11060 0.33333 0.41714 0.22924 0.69048 0.17892 0.62458 1.00000 0.27273 1.00000 1.00000 0.46429 0.47620
53.00000 76.00000 0.29070 0.76923 1.00000 1.00000 0.35363 0.38050 0.38331 1.00000 1.00000 0.20354 0.70588 0.16731 0.33333 0.35429 0.20275 0.69643 0.14843 0.62578 1.00000 0.63636 1.00000 1.00000 0.51786 0.58178
53.00000 77.00000 0.43605 0.69231 1.00000 1.00000 0.37939 0.41769 0.34477 1.00000 1.00000 0.22174 0.70588 0.16384 0.33333 0.40000 0.18136 0.67857 0.19223 0.66924 1.00000 0.54545 1.00000 1.00000 0.43452 0.37406
53.00000 78.00000 0.48837 0.15385 1.00000 1.00000 0.35129 0.34840 0.39501 1.00000 1.00000 0.19828 0.70588 0.11540 0.33333 0.32571 0.19358 0.70833 0.15906 0.60671 1.00000 0.45455 1.00000 1.00000 0.40476 0.46730
53.00000 79.00000 0.48837 0.61538 1.00000 1.00000 0.39578 0.40399 0.38549 1.00000 1.00000 0.20594 0.70000 0.14355 0.33333 0.49143 0.18288 0.67262 0.14921 0.60985 1.00000 0.27273 1.00000 1.00000 0.45833 0.51480
53.00000 80.00000 0.45349 0.15385 1.00000 1.00000 0.29508 0.45449 0.25866 1.00000 1.00000 0.20163 0.70000 0.12238 0.33333 0.38857 0.18492 0.67262 0.13528 0.60888 1.00000 0.45455 1.00000 1.00000 0.42262 0.40505
53.00000 81.00000 0.55233 0.53846 1.00000 1.00000 0.35597 0.52476 0.46396 1.00000 1.00000 0.22462 0.72353 0.13324 0.33333 0.40000 0.19052 0.69643 0.12983 0.58305 1.00000 0.27273 1.00000 1.00000 0.37500 0.35087
53.00000 82.00000 0.69767 0.38462 1.00000 1.00000 0.41920 0.49520 0.25304 1.00000 1.00000 0.20690 0.70588 0.16435 0.33333 0.45143 0.20683 0.67262 0.13858 0.64124 1.00000 0.36364 1.00000 1.00000 0.49405 0.53892
53.00000 83.00000 0.46512 0.69231 1.00000 1.00000 0.43560 0.43472 0.43869 1.00000 1.00000 0.18247 0.68824 0.14082 0.33333 0.50857 0.21498 0.71429 0.17892 0.70328 1.00000 0.45455 1.00000 1.00000 0.42857 0.43752
53.00000 84.00000 0.32558 0.23077 1.00000 1.00000 0.37002 0.45899 0.34727 1.00000 1.00000 0.19301 0.68824 0.15252 0.33333 0.38286 0.20785 0.67857 0.16477 0.64293 1.00000 0.45455 1.00000 1.00000 0.44643 0.50320
53.00000 85.00000 0.57558 0.30769 1.00000 1.00000 0.29977 0.44784 0.49017 1.00000 1.00000 0.21360 0.67647 0.14720 0.33333 0.37714 0.20275 0.70833 0.15623 0.73708 1.00000 0.36364 1.00000 1.00000 0.52976 0.43696
53.00000 86.00000 0.51163 0.38462 1.00000 1.00000 0.56909 0.54570 0.51014 1.00000 1.00000 0.17241 0.72353 0.08384 0.33333 0.37714 0.21192 0.70238 0.13119 0.63230 1.00000 0.45455 1.00000 1.00000 0.36310 0.37490
53.00000 87.00000 0.34302 0.38462 1.00000 1.00000 0.38173 0.56919 0.56193 1.00000 1.00000 0.20259 0.71176 0.12659 0.33333 0.47429 0.20071 0.69643 0.15262 0.60478 1.00000 0.36364 1.00000 1.00000 0.42262 0.26255
53.00000 88.00000 0.27907 0.30769 1.00000 1.00000 0.27400 0.56410 0.48003 1.00000 1.00000 0.21935 0.69412 0.12104 0.33333 0.44571 0.18339 0.72024 0.13087 0.54008 1.00000 0.45455 1.00000 1.00000 0.25595 0.39772
53.00000 89.00000 0.37209 0.30769 1.00000 1.00000 0.30679 0.48679 0.39984 1.00000 1.00000 0.19444 0.75294 0.14253 0.33333 0.49714 0.17728 0.69643 0.13653 0.67238 1.00000 0.18182 1.00000 1.00000 0.41071 0.48780
53.00000 90.00000 0.36628 0.46154 1.00000 1.00000 0.38173 0.49697 0.38066 1.00000 1.00000 0.20259 0.70000 0.12063 0.33333 0.49714 0.20122 0.66667 0.18657 0.68349 1.00000 0.54545 1.00000 1.00000 0.49405 0.48650
53.00000 91.00000 0.52326 0.53846 1.00000 1.00000 0.40749 0.55784 0.34306 1.00000 1.00000 0.21073 0.70588 0.11850 0.33333 0.39429 0.21039 0.70238 0.16299 0.75133 1.00000 0.36364 1.00000 1.00000 0.41071 0.41071
53.00000 92.00000 0.45930 0.46154 1.00000 1.00000 0.47775 0.45253 0.42699 1.00000 1.00000 0.19732 0.71765 0.13274 0.33333 0.36000 0.17320 0.70238 0.17132 0.55553 1.00000 0.36364 1.00000 1.00000 0.51190 0.34762
53.00000 93.00000 0.59302 0.61538 1.00000 1.00000 0.40515 0.50969 0.31810 1.00000 1.00000 0.17289 0.72353 0.14466 0.33333 0.41714 0.18900 0.69048 0.14801 0.57122 1.00000 0.27273 1.00000 1.00000 0.47619 0.44030
53.00000 94.00000 0.55233 0.61538 1.00000 1.00000 0.33021 0.50010 0.39891 1.00000 1.00000 0.19828 0.70000 0.16846 0.33333 0.44571 0.16302 0.68452 0.15649 0.69194 1.00000 0.54545 1.00000 1.00000 0.33929 0.34651
53.00000 95.00000 0.25581 0.61538 1.00000 1.00000 0.41218 0.39871 0.40390 1.00000 1.00000 0.19109 0.72941 0.14517 0.33333 0.40000 0.21396 0.72619 0.14769 0.61444 1.00000 0.27273 1.00000 1.00000 0.42857 0.40115
53.00000 96.00000 0.30814 0.38462 1.00000 1.00000 0.22717 0.56802 0.44321 1.00000 1.00000 0.13410 0.70588 0.14669 0.33333 0.48571 0.19715 0.70238 0.14890 0.70352 1.00000 0.45455 1.00000 1.00000 0.34524 0.45886
53.00000 97.00000 0.43023 0.23077 1.00000 1.00000 0.36534 0.47720 0.38346 1.00000 1.00000 0.21073 0.68235 0.12927 0.33333 0.42286 0.21956 0.69048 0.14078 0.62627 1.00000 0.45455 1.00000 1.00000 0.48214 0.48483
53.00000 98.00000 0.48256 0.53846 1.00000 1.00000 0.55504 0.49560 0.36615 1.00000 1.00000 0.18343 0.69412 0.14156 0.33333 0.41714 0.17830 0.69643 0.12317 0.69797 1.00000 0.36364 1.00000 1.00000 0.45833 0.48613
53.00000 99.00000 0.52907 0.07692 1.00000 1.00000 0.38642 0.49325 0.42278 1.00000 1.00000 0.17241 0.71765 0.13616 0.33333 0.40000 0.24300 0.69048 0.17792 0.59416 1.00000 0.45455 1.00000 1.00000 0.41667 0.40533
53.00000 100.00000 0.37209 0.53846 1.00000 1.00000 0.36066 0.49853 0.35008 1.00000 1.00000 0.20977 0.71765 0.13172 0.33333 0.25143 0.18900 0.70238 0.15256 0.69411 1.00000 0.45455 1.00000 1.00000 0.48214 0.35690
53.00000 101.00000 0.31977 0.38462 1.00000 1.00000 0.35831 0.45293 0.48487 1.00000 1.00000 0.19397 0.70000 0.12668 0.33333 0.48571 0.20530 0.72024 0.14219 0.61226 1.00000 0.45455 1.00000 1.00000 0.41667 0.40597
53.00000 102.00000 0.52326 0.23077 1.00000 1.00000 0.31850 0.35819 0.56100 1.00000 1.00000 0.19205 0.72353 0.10921 0.33333 0.53714 0.19613 0.70833 0.16310 0.63158 1.00000 0.45455 1.00000 1.00000 0.35119 0.44160
53.00000 103.00000 0.54651 0.61538 1.00000 1.00000 0.37939 0.45743 0.51357 1.00000 1.00000 0.21408 0.72353 0.12728 0.33333 0.40000 0.19511 0.72619 0.17897 0.65838 1.00000 0.54545 1.00000 1.00000 0.47619 0.41006
53.00000 104.00000 0.47093 0.69231 1.00000 1.00000 0.24590 0.60716 0.60203 1.00000 1.00000 0.20354 0.73529 0.13348 0.33333 0.34857 0.21039 0.67857 0.10819 0.64800 1.00000 0.36364 1.00000 1.00000 0.42857 0.46748
53.00000 105.00000 0.58140 0.23077 1.00000 1.00000 0.40749 0.52104 0.56755 1.00000 1.00000 0.16858 0.70588 0.08347 0.33333 0.36000 0.19868 0.66071 0.15267 0.62554 1.00000 0.45455 1.00000 1.00000 0.37500 0.34929
53.00000 106.00000 0.68605 0.69231 1.00000 1.00000 0.46604 0.52985 0.49501 1.00000 1.00000 0.14655 0.72941 0.09410 0.33333 0.46857 0.18594 0.70238 0.11007 0.67962 1.00000 0.54545 1.00000 1.00000 0.36310 0.44485
53.00000 107.00000 0.16860 0.23077 1.00000 1.00000 0.43794 0.53748 0.50998 1.00000 1.00000 0.17672 0.72941 0.11725 0.33333 0.60000 0.18645 0.73214 0.12045 0.68204 1.00000 0.54545 1.00000 1.00000 0.39881 0.45171
53.00000 108.00000 0.60465 0.53846 1.00000 1.00000 0.56440 0.46643 0.47410 1.00000 1.00000 0.17337 0.72353 0.12876 0.33333 0.51429 0.18798 0.73810 0.14376 0.64099 1.00000 0.36364 1.00000 1.00000 0.49405 0.39057
53.00000 109.00000 0.46512 0.84615 1.00000 1.00000 0.59016 0.56117 0.53089 1.00000 1.00000 0.17816 0.71765 0.11254 0.33333 0.52000 0.17779 0.69643 0.14114 0.65910 1.00000 0.54545 1.00000 1.00000 0.45238 0.39271
53.00000 110.00000 0.42442 0.61538 1.00000 1.00000 0.54333 0.44725 0.43807 1.00000 1.00000 0.15757 0.71765 0.12201 0.33333 0.46857 0.15079 0.69643 0.14219 0.63279 1.00000 0.45455 1.00000 1.00000 0.43452 0.41637
53.00000 111.00000 0.44767 0.23077 1.00000 1.00000 0.46838 0.57683 0.42949 1.00000 1.00000 0.17577 0.70588 0.13528 0.33333 0.42286 0.19154 0.71429 0.15607 0.65331 1.00000 0.54545 1.00000 1.00000 0.44048 0.29530
53.00000 112.00000 1.00000 0.38462 1.00000 1.00000 0.34426 0.36211 0.44930 1.00000 1.00000 0.17050 0.72353 0.12622 0.33333 0.52571 0.15385 0.70238 0.12244 0.66586 1.00000 0.63636 1.00000 1.00000 0.46429 0.43334
53.00000 113.00000 0.79651 0.76923 1.00000 1.00000 0.42857 0.55647 0.49329 1.00000 1.00000 0.14033 0.72941 0.12280 0.33333 0.53143 0.22058 0.69048 0.14544 0.75833 1.00000 0.36364 1.00000 1.00000 0.46429 0.32202
53.00000 114.00000 0.57558 0.15385 1.00000 1.00000 0.43326 0.52574 0.42621 1.00000 1.00000 0.20498 0.69412 0.11346 0.33333 0.50286 0.19052 0.71429 0.13643 0.63230 1.00000 0.45455 1.00000 1.00000 0.44048 0.37666
53.00000 115.00000 0.43605 0.53846 1.00000 1.00000 0.44262 0.69289 0.50468 1.00000 1.00000 0.18487 0.71176 0.10990 0.33333 0.61143 0.19460 0.70833 0.15461 0.64969 1.00000 0.45455 1.00000 1.00000 0.39881 0.42509
53.00000 116.00000 0.63372 0.46154 1.00000 1.00000 0.37705 0.60932 0.49704 1.00000 1.00000 0.19013 0.73529 0.11938 0.33333 0.57143 0.18951 0.70833 0.12066 0.70570 1.00000 0.36364 1.00000 1.00000 0.41667 0.30021
53.00000 117.00000 0.45349 0.46154 1.00000 1.00000 0.42857 0.56841 0.51498 1.00000 1.00000 0.17193 0.72941 0.07746 0.33333 0.47429 0.17881 0.71429 0.12988 0.66683 1.00000 0.54545 1.00000 1.00000 0.38690 0.35180
53.00000 118.00000 0.68023 0.38462 1.00000 1.00000 0.51054 0.51086 0.49251 1.00000 1.00000 0.12165 0.75294 0.09294 0.33333 0.50286 0.19409 0.71429 0.14230 0.74771 1.00000 0.63636 1.00000 1.00000 0.30357 0.34419
53.00000 119.00000 0.54651 0.53846 1.00000 1.00000 0.47073 0.43159 0.50109 1.00000 1.00000 0.17098 0.69412 0.12007 0.33333 0.53143 0.17168 0.71429 0.13491 0.78465 1.00000 0.63636 1.00000 1.00000 0.35714 0.40041
53.00000 120.00000 0.61628 0.69231 1.00000 1.00000 0.37939 0.50186 0.46490 1.00000 1.00000 0.17816 0.72353 0.16278 0.33333 0.46857 0.18339 0.73810 0.11028 0.63955 1.00000 0.63636 1.00000 1.00000 0.28571 0.34038
53.00000 121.00000 0.34302 0.23077 1.00000 1.00000 0.54801 0.53611 0.51404 1.00000 1.00000 0.15374 0.72353 0.12155 0.33333 0.48571 0.15945 0.73214 0.10573 0.73757 1.00000 0.54545 1.00000 1.00000 0.32738 0.30179
53.00000 122.00000 0.46512 0.30769 1.00000 1.00000 0.56440 0.71638 0.50172 1.00000 1.00000 0.15278 0.72941 0.11258 0.33333 0.48000 0.15792 0.72619 0.15634 0.72405 1.00000 0.54545 1.00000 1.00000 0.39286 0.41108
53.00000 123.00000 0.41860 0.15385 1.00000 1.00000 0.51288 0.57976 0.59095 1.00000 1.00000 0.15230 0.76471 0.11637 0.33333 0.61143 0.16251 0.68452 0.13386 0.69194 1.00000 0.45455 1.00000 1.00000 0.36310 0.33046
53.00000 124.00000 0.81977 0.76923 1.00000 1.00000 0.41452 0.48268 0.59438 1.00000 1.00000 0.13554 0.70000 0.10330 0.33333 0.48571 0.19868 0.72024 0.11406 0.75302 1.00000 0.54545 1.00000 1.00000 0.43452 0.47843
53.00000 125.00000 0.43605 0.15385 1.00000 1.00000 0.59251 0.46271 0.54181 1.00000 1.00000 0.19444 0.74118 0.10334 0.33333 0.61143 0.18798 0.75000 0.09504 0.71922 1.00000 0.45455 1.00000 1.00000 0.41667 0.31329
53.00000 126.00000 0.61047 0.61538 1.00000 1.00000 0.61124 0.54668 0.51810 1.00000 1.00000 0.18103 0.75882 0.10131 0.33333 0.48000 0.18594 0.72619 0.12370 0.80130 1.00000 0.45455 1.00000 1.00000 0.30357 0.34252
53.00000 127.00000 0.58721 0.38462 1.00000 1.00000 0.41218 0.58602 0.61123 1.00000 1.00000 0.17768 0.76471 0.09659 0.33333 0.70857 0.17117 0.70833 0.10216 0.72260 1.00000 0.45455 1.00000 1.00000 0.35119 0.32600
53.00000 128.00000 0.55814 0.23077 1.00000 1.00000 0.44028 0.50969 0.56427 1.00000 1.00000 0.15326 0.72353 0.11767 0.33333 0.41143 0.15181 0.73214 0.11091 0.77499 1.00000 0.54545 1.00000 1.00000 0.42262 0.37555
53.00000 129.00000 0.40116 0.30769 1.00000 1.00000 0.44262 0.56156 0.61529 1.00000 1.00000 0.16427 0.73529 0.15141 0.33333 0.41714 0.17219 0.72024 0.12223 0.72477 1.00000 0.54545 1.00000 1.00000 0.29167 0.32712
53.00000 130.00000 0.18605 0.38462 1.00000 1.00000 0.50351 0.42063 0.55398 1.00000 1.00000 0.14368 0.72941 0.10066 0.33333 0.52571 0.15436 0.76786 0.11233 0.66272 1.00000 0.54545 1.00000 1.00000 0.40476 0.37712
53.00000 131.00000 0.51163 0.46154 1.00000 1.00000 0.57377 0.39890 0.68471 1.00000 1.00000 0.17864 0.75882 0.11143 0.33333 0.56571 0.15079 0.72024 0.10363 0.74022 1.00000 0.45455 1.00000 1.00000 0.25595 0.37072
53.00000 132.00000 0.38372 0.61538 1.00000 1.00000 0.48712 0.45214 0.58487 1.00000 1.00000 0.13841 0.76471 0.07219 0.33333 0.56571 0.14773 0.72619 0.13805 0.82955 1.00000 0.54545 1.00000 1.00000 0.36905 0.28917
53.00000 133.00000 0.36628 0.53846 1.00000 1.00000 0.48009 0.62498 0.48066 1.00000 1.00000 0.15278 0.74118 0.12275 0.33333 0.60571 0.15639 0.74405 0.12778 0.69749 1.00000 0.54545 1.00000 1.00000 0.30952 0.35244
53.00000 134.00000 0.25581 0.76923 1.00000 1.00000 0.47073 0.57154 0.70671 1.00000 1.00000 0.13841 0.77647 0.10274 0.33333 0.56000 0.15741 0.76190 0.11028 0.75085 1.00000 0.54545 1.00000 1.00000 0.43452 0.33909
53.00000 135.00000 0.45349 0.23077 1.00000 1.00000 0.44731 0.53357 0.63729 1.00000 1.00000 0.14847 0.74118 0.14212 0.33333 0.64571 0.14519 0.76190 0.09582 0.77209 1.00000 0.54545 1.00000 1.00000 0.26190 0.19835
53.00000 136.00000 0.54651 0.76923 1.00000 1.00000 0.65340 0.57428 0.63947 1.00000 1.00000 0.15996 0.74118 0.06378 0.33333 0.63429 0.12532 0.74405 0.09420 0.69532 1.00000 0.54545 1.00000 1.00000 0.26190 0.31469
53.00000 137.00000 0.44767 0.53846 1.00000 1.00000 0.60656 0.57154 0.59485 1.00000 1.00000 0.13937 0.77059 0.10353 0.33333 0.56000 0.14926 0.74405 0.09577 0.71994 1.00000 0.54545 1.00000 1.00000 0.31548 0.33918
53.00000 138.00000 0.70349 0.38462 1.00000 1.00000 0.41686 0.54120 0.58300 1.00000 1.00000 0.14176 0.77059 0.10787 0.33333 0.67429 0.09985 0.75595 0.08844 0.70811 1.00000 0.45455 1.00000 1.00000 0.39286 0.36970
53.00000 139.00000 0.59884 0.46154 1.00000 1.00000 0.42623 0.53376 0.59204 1.00000 1.00000 0.13889 0.74706 0.06872 0.33333 0.57143 0.13500 0.75000 0.09645 0.69000 1.00000 0.36364 1.00000 1.00000 0.31548 0.30634
53.00000 140.00000 0.69186 0.30769 1.00000 1.00000 0.57143 0.52770 0.61544 1.00000 1.00000 0.14033 0.77647 0.13343 0.33333 0.59429 0.15334 0.76190 0.13543 0.72815 1.00000 0.63636 1.00000 1.00000 0.32143 0.31200
53.00000 141.00000 0.61628 0.15385 1.00000 1.00000 0.67213 0.69622 0.81139 1.00000 1.00000 0.15565 0.74706 0.11855 0.33333 0.70286 0.12685 0.76190 0.09876 0.76050 1.00000 0.54545 1.00000 1.00000 0.26786 0.27925
53.00000 142.00000 0.41860 0.53846 1.00000 1.00000 0.49649 0.65453 0.65148 1.00000 1.00000 0.13745 0.77059 0.09026 0.33333 0.58857 0.18136 0.72024 0.13255 0.81265 1.00000 0.54545 1.00000 1.00000 0.29167 0.30494
53.00000 143.00000 0.67442 0.84615 1.00000 1.00000 0.59485 0.60932 0.65476 1.00000 1.00000 0.14703 0.78235 0.09572 0.33333 0.70286 0.14315 0.78571 0.07529 0.74143 1.00000 0.54545 1.00000 1.00000 0.25595 0.33760
53.00000 144.00000 0.63372 0.76923 1.00000 1.00000 0.49415 0.59014 0.57925 1.00000 1.00000 0.18343 0.77059 0.12710 0.33333 0.68571 0.15130 0.75595 0.07581 0.73056 1.00000 0.54545 1.00000 1.00000 0.23214 0.34465
53.00000 145.00000 0.22674 0.15385 1.00000 1.00000 0.57143 0.49697 0.67114 1.00000 1.00000 0.12117 0.81765 0.06803 0.33333 0.64000 0.14060 0.77976 0.08466 0.74167 1.00000 0.54545 1.00000 1.00000 0.26786 0.22581
53.00000 146.00000 0.51744 0.30769 1.00000 1.00000 0.58314 0.69681 0.64493 1.00000 1.00000 0.14272 0.77647 0.09761 0.33333 0.68000 0.13398 0.77976 0.10295 0.74988 1.00000 0.72727 1.00000 1.00000 0.39286 0.26338
53.00000 147.00000 0.61047 0.53846 1.00000 1.00000 0.39578 0.69505 0.61981 1.00000 1.00000 0.09195 0.77059 0.08777 0.33333 0.70286 0.13041 0.76190 0.05973 0.79672 1.00000 0.63636 1.00000 1.00000 0.22619 0.29520
53.00000 148.00000 0.44186 0.46154 1.00000 1.00000 0.51756 0.65590 0.60343 1.00000 1.00000 0.14655 0.78824 0.06609 0.33333 0.74286 0.09934 0.78571 0.07036 0.87035 1.00000 0.63636 1.00000 1.00000 0.29167 0.41989
53.00000 149.00000 0.40116 0.53846 1.00000 1.00000 0.49415 0.60501 0.64758 1.00000 1.00000 0.10345 0.82353 0.07349 0.33333 0.73143 0.11055 0.80357 0.06654 0.69797 1.00000 0.63636 1.00000 1.00000 0.27976 0.19343
53.00000 150.00000 0.40116 0.07692 1.00000 1.00000 0.54098 0.63829 0.70905 1.00000 1.00000 0.09387 0.80588 0.08911 0.33333 0.65714 0.14926 0.79167 0.06942 0.82014 1.00000 0.72727 1.00000 1.00000 0.32143 0.28138
53.00000 151.00000 0.47093 0.69231 1.00000 1.00000 0.61358 0.60599 0.61357 1.00000 1.00000 0.09818 0.78235 0.06078 0.33333 0.74286 0.11921 0.80357 0.03783 0.77064 1.00000 0.72727 1.00000 1.00000 0.23214 0.34317
53.00000 152.00000 0.69767 0.30769 1.00000 1.00000 0.67447 0.59738 0.63947 1.00000 1.00000 0.10632 0.79412 0.07783 0.33333 0.78857 0.12226 0.77381 0.07833 0.78175 1.00000 0.72727 1.00000 1.00000 0.25595 0.35504
53.00000 153.00000 0.24419 0.46154 1.00000 1.00000 0.51756 0.63457 0.75289 1.00000 1.00000 0.09770 0.80000 0.06956 0.33333 0.79429 0.13805 0.79167 0.06392 0.83897 1.00000 0.63636 1.00000 1.00000 0.21429 0.29910
53.00000 154.00000 0.59302 0.15385 1.00000 1.00000 0.56206 0.53650 0.71279 1.00000 1.00000 0.16188 0.77647 0.02755 0.33333 0.70286 0.10036 0.76786 0.05019 0.83221 1.00000 0.63636 1.00000 1.00000 0.26786 0.13406
53.00000 155.00000 0.41860 0.46154 1.00000 1.00000 0.51756 0.72793 0.74384 1.00000 1.00000 0.09770 0.78824 0.09867 0.33333 0.75429 0.14519 0.82143 0.05197 0.80444 1.00000 0.54545 1.00000 1.00000 0.17262 0.25494
53.00000 156.00000 0.56977 0.53846 1.00000 1.00000 0.60656 0.76238 0.61747 1.00000 1.00000 0.10249 0.78235 0.08518 0.33333 0.76571 0.09985 0.79762 0.02111 0.81313 1.00000 0.72727 1.00000 1.00000 0.20833 0.35272
53.00000 157.00000 0.45349 0.30769 1.00000 1.00000 0.74473 0.81092 0.63900 1.00000 1.00000 0.11015 0.81176 0.05121 0.33333 0.76571 0.10087 0.78571 0.03484 0.89908 1.00000 0.54545 1.00000 1.00000 0.16071 0.20308
53.00000 158.00000 0.72674 0.53846 1.00000 1.00000 0.62295 0.71129 0.82278 1.00000 1.00000 0.10297 0.78824 0.06036 0.33333 0.78286 0.09781 0.82143 0.02431 0.82834 1.00000 0.72727 1.00000 1.00000 0.25000 0.19260
53.00000 159.00000 0.54651 0.38462 1.00000 1.00000 0.55035 0.73811 0.79844 1.00000 1.00000 0.10584 0.82353 0.06119 0.33333 0.77143 0.09424 0.82738 0.02730 0.82038 1.00000 0.63636 1.00000 1.00000 0.24405 0.15131
53.00000 160.00000 0.41279 0.84615 1.00000 1.00000 0.76347 0.61715 0.81981 1.00000 1.00000 0.08333 0.82353 0.01826 0.33333 0.86286 0.09883 0.82143 0.01697 0.91695 1.00000 0.63636 1.00000 1.00000 0.22024 0.22525
53.00000 161.00000 0.56395 0.53846 1.00000 1.00000 0.61124 0.47015 0.77582 1.00000 1.00000 0.05699 0.82941 0.06212 0.33333 0.82286 0.09730 0.83333 0.03715 0.91526 1.00000 0.81818 1.00000 1.00000 0.25595 0.14955
53.00000 162.00000 0.44186 0.69231 1.00000 1.00000 0.59251 0.82051 0.81045 1.00000 1.00000 0.07950 0.84706 0.06341 0.33333 0.79429 0.07030 0.82143 0.03835 0.80613 1.00000 0.81818 1.00000 1.00000 0.11905 0.15994
53.00000 163.00000 0.33140 0.69231 1.00000 1.00000 0.83607 0.80251 0.88658 1.00000 1.00000 0.06944 0.85294 0.03831 0.33333 0.86857 0.11462 0.78571 0.02751 0.94882 1.00000 0.72727 1.00000 1.00000 0.12500 0.16810
53.00000 164.00000 0.54070 0.23077 1.00000 1.00000 0.65105 0.67410 0.90452 1.00000 1.00000 0.07040 0.82353 0.04478 0.33333 0.90286 0.10188 0.86310 0.02798 0.94182 1.00000 0.63636 1.00000 1.00000 0.15476 0.27257
