73.00000 1.00000 0.00001 0.00059 1.00000 1.00000 0.98063 0.93379 0.91356 1.00000 1.00000 0.96073 0.99882 0.87172 0.94872 0.93101 0.96219 0.99355 0.67800 0.09572 1.00000 0.91753 1.00000 1.00000 0.96132 0.96556
73.00000 2.00000 0.99989 0.99762 1.00000 0.00000 0.13090 0.31880 0.25409 0.00000 0.00251 0.00644 0.62665 0.26933 0.23077 0.49919 0.00653 0.99240 0.55820 0.40763 0.00000 0.29897 0.62791 1.00000 0.01480 0.01710
73.00000 3.00000 0.00004 0.00143 1.00000 1.00000 0.98577 0.93911 0.92333 1.00000 1.00000 0.96010 0.99890 0.87591 0.94872 0.92938 0.96166 0.99350 0.66776 0.09424 1.00000 0.94845 1.00000 1.00000 0.96334 0.96918
73.00000 4.00000 0.99995 0.99798 1.00000 0.00000 0.12686 0.32036 0.23788 0.00000 0.00251 0.00543 0.62656 0.27961 0.23077 0.47646 0.00618 0.99240 0.54079 0.41175 0.00000 0.29897 0.62791 1.00000 0.01514 0.01615
73.00000 5.00000 0.99980 0.99762 1.00000 0.00000 0.12952 0.30972 0.22911 0.00000 0.00251 0.00449 0.62662 0.27375 0.23077 0.46672 0.00464 0.99253 0.55169 0.41853 0.00000 0.28866 0.62791 1.00000 0.01514 0.01366
73.00000 6.00000 0.59521 0.73753 0.00000 0.23809 0.01221 0.03051 0.05356 0.29318 0.21016 0.09021 0.00091 0.01745 0.02564 0.04870 0.08954 0.00127 0.05317 0.94064 0.00000 0.06186 0.00000 0.00000 0.13959 0.13145
73.00000 7.00000 0.99997 0.99762 1.00000 0.00000 0.13540 0.28931 0.25301 0.00000 0.00251 0.00403 0.62656 0.26539 0.23077 0.49107 0.00459 0.99240 0.54159 0.40507 0.00000 0.29897 0.62791 1.00000 0.01547 0.01599
73.00000 8.00000 0.59511 0.73777 0.00000 0.23809 0.00991 0.06105 0.06824 0.29318 0.21016 0.09125 0.00084 0.01627 0.02564 0.05925 0.08964 0.00116 0.04482 0.94302 0.00000 0.06186 0.00000 0.00000 0.14363 0.13692
73.00000 9.00000 0.00000 0.00012 1.00000 1.00000 0.98054 0.93808 0.89230 1.00000 1.00000 0.95969 0.99886 0.87445 0.94872 0.92938 0.96158 0.99350 0.67641 0.08458 1.00000 0.92784 1.00000 1.00000 0.96502 0.96706
73.00000 10.00000 0.99986 0.99762 1.00000 0.00000 0.12612 0.30997 0.23754 0.00000 0.00251 0.00430 0.62648 0.26492 0.23077 0.50325 0.00572 0.99240 0.54582 0.41995 0.00000 0.27835 0.62791 1.00000 0.01682 0.01370
73.00000 11.00000 0.00001 0.00226 1.00000 1.00000 0.98008 0.94413 0.91927 1.00000 1.00000 0.96057 0.99890 0.87225 0.94872 0.93344 0.95972 0.99344 0.67206 0.08946 1.00000 0.93814 1.00000 1.00000 0.96266 0.96739
73.00000 12.00000 0.23823 0.29905 1.00000 0.59794 0.63154 0.69122 0.67511 0.61718 0.61606 0.59323 0.85291 0.64963 0.84615 0.76786 0.59414 0.99352 0.64871 0.16273 1.00000 0.69072 0.85412 1.00000 0.62630 0.62425
73.00000 13.00000 0.83322 0.99917 1.00000 0.06027 0.18854 0.33003 0.26274 0.14659 0.14617 0.13390 0.64990 0.29314 0.23077 0.47321 0.13319 0.99273 0.52014 0.40500 0.00000 0.34021 0.65116 1.00000 0.15573 0.16039
73.00000 14.00000 0.83318 0.99929 1.00000 0.06027 0.18414 0.31572 0.26228 0.14659 0.14617 0.13496 0.64994 0.28786 0.23077 0.47078 0.13395 0.99256 0.51858 0.39521 0.00000 0.32990 0.65116 1.00000 0.15943 0.16119
73.00000 15.00000 0.47620 0.83147 1.00000 0.62699 0.65761 0.65088 0.54219 0.50794 0.50063 0.45619 0.86346 0.60300 0.38462 0.68263 0.45528 0.99317 0.49148 0.36671 0.00000 0.65979 0.86469 1.00000 0.48268 0.48731
73.00000 16.00000 0.23816 0.29881 1.00000 0.59794 0.63494 0.69284 0.67633 0.61718 0.61606 0.59647 0.85289 0.64053 0.84615 0.75568 0.59465 0.99347 0.66386 0.17374 1.00000 0.71134 0.85412 1.00000 0.62529 0.61813
73.00000 17.00000 0.59512 0.73634 0.00000 0.23809 0.01010 0.03273 0.04917 0.29318 0.21016 0.09040 0.00087 0.01399 0.02564 0.05032 0.08744 0.00113 0.03802 0.95475 0.00000 0.06186 0.00000 0.00000 0.14295 0.13898
73.00000 18.00000 0.47610 0.83135 1.00000 0.62699 0.66550 0.66362 0.56700 0.50794 0.50125 0.45665 0.86339 0.60037 0.38462 0.68669 0.45484 0.99325 0.49056 0.35522 0.00000 0.64948 0.86469 1.00000 0.48940 0.48406
73.00000 19.00000 0.59510 0.73753 0.00000 0.23809 0.01441 0.04469 0.06403 0.29318 0.21016 0.09005 0.00095 0.01513 0.02564 0.05357 0.08769 0.00124 0.05158 0.94413 0.00000 0.05155 0.00000 0.00000 0.14026 0.13786
73.00000 20.00000 0.59528 0.73634 0.00000 0.23809 0.01102 0.05981 0.04739 0.29318 0.21079 0.09040 0.00093 0.01449 0.02564 0.07468 0.08796 0.00127 0.04078 0.94797 0.00000 0.05155 0.00000 0.00000 0.13522 0.14368
73.00000 21.00000 0.99991 0.99762 1.00000 0.00000 0.12704 0.29652 0.24741 0.00000 0.00251 0.00612 0.62652 0.26266 0.23077 0.48133 0.00538 0.99231 0.54688 0.41472 0.00000 0.28866 0.62791 1.00000 0.01514 0.01243
73.00000 22.00000 0.23816 0.29691 1.00000 0.59794 0.63842 0.69136 0.68620 0.61718 0.61606 0.59603 0.85289 0.64726 0.84615 0.75487 0.59460 0.99366 0.65439 0.16208 1.00000 0.68041 0.85412 1.00000 0.62429 0.62045
73.00000 23.00000 0.59527 0.73634 0.00000 0.23809 0.01377 0.02752 0.05676 0.29318 0.21016 0.09042 0.00095 0.00932 0.02564 0.06656 0.08959 0.00127 0.03477 0.92528 0.00000 0.05155 0.00000 0.00000 0.13219 0.14046
73.00000 24.00000 0.83318 0.99762 1.00000 0.06027 0.18395 0.31615 0.25224 0.14659 0.14617 0.13443 0.64994 0.29234 0.23077 0.47971 0.13449 0.99267 0.50840 0.38888 0.00000 0.31959 0.65116 1.00000 0.16213 0.16408
73.00000 25.00000 0.83329 0.99810 1.00000 0.06027 0.18340 0.34086 0.22599 0.14659 0.14617 0.13494 0.64992 0.29411 0.23077 0.46916 0.13483 0.99262 0.51256 0.39864 0.00000 0.31959 0.65116 1.00000 0.14834 0.15448
73.00000 26.00000 0.47626 0.83230 1.00000 0.62699 0.66532 0.66821 0.53779 0.50794 0.50063 0.45732 0.86344 0.59726 0.38462 0.69399 0.45635 0.99325 0.49451 0.36328 0.00000 0.65979 0.86469 1.00000 0.48369 0.48678
73.00000 27.00000 0.99994 0.99822 1.00000 0.00000 0.13026 0.29641 0.23375 0.00000 0.00251 0.00672 0.62671 0.27016 0.23077 0.48295 0.00420 0.99237 0.53344 0.40383 0.00000 0.28866 0.62791 1.00000 0.01514 0.01652
73.00000 28.00000 0.47608 0.83135 1.00000 0.62699 0.65816 0.64842 0.54800 0.50794 0.50125 0.45553 0.86342 0.60575 0.38462 0.67370 0.45716 0.99336 0.50321 0.37383 0.00000 0.65979 0.86469 1.00000 0.47965 0.48780
73.00000 29.00000 0.00001 0.00095 1.00000 1.00000 0.98118 0.92177 0.91937 1.00000 1.00000 0.96024 0.99886 0.87066 0.94872 0.92776 0.96134 0.99339 0.66578 0.07991 1.00000 0.93814 1.00000 1.00000 0.96603 0.96298
73.00000 30.00000 0.99998 0.99952 1.00000 0.00000 0.13026 0.30732 0.25037 0.00000 0.00251 0.00566 0.62658 0.26809 0.23077 0.48458 0.00552 0.99228 0.55371 0.41130 0.00000 0.30928 0.62791 1.00000 0.01312 0.01824
73.00000 31.00000 0.23822 0.29834 1.00000 0.59794 0.63806 0.70918 0.68097 0.61718 0.61669 0.59313 0.85280 0.64604 0.84615 0.76299 0.59531 0.99336 0.66473 0.16882 1.00000 0.69072 0.85412 1.00000 0.61924 0.62249
73.00000 32.00000 0.59513 0.73634 0.00000 0.23809 0.01386 0.05098 0.04905 0.29318 0.21079 0.08915 0.00099 0.00790 0.02564 0.06737 0.08950 0.00135 0.05213 0.94240 0.00000 0.07216 0.00000 0.00000 0.13724 0.14444
73.00000 33.00000 0.83332 0.99762 1.00000 0.06027 0.18689 0.34048 0.26069 0.14659 0.14617 0.13328 0.65003 0.28950 0.23077 0.46834 0.13275 0.99270 0.50982 0.38196 0.00000 0.32990 0.65116 1.00000 0.15439 0.16362
73.00000 34.00000 0.99979 0.99869 1.00000 0.00000 0.13035 0.29282 0.24086 0.00000 0.00251 0.00559 0.62665 0.26515 0.23077 0.49513 0.00459 0.99237 0.54568 0.40549 0.00000 0.29897 0.62791 1.00000 0.01413 0.01250
73.00000 35.00000 0.59513 0.73741 0.00000 0.23809 0.01230 0.03861 0.05515 0.29318 0.21016 0.08984 0.00097 0.02023 0.02564 0.05925 0.08908 0.00138 0.04374 0.94050 0.00000 0.04124 0.00000 0.00000 0.13757 0.13920
73.00000 36.00000 1.00000 0.99786 1.00000 0.00000 0.13264 0.30151 0.22174 0.00000 0.00251 0.00589 0.62654 0.26536 0.23077 0.49432 0.00545 0.99231 0.53192 0.40120 0.00000 0.29897 0.62791 1.00000 0.01951 0.01031
73.00000 37.00000 0.99989 0.99822 1.00000 0.00000 0.13218 0.30295 0.23814 0.00000 0.00251 0.00525 0.62652 0.27008 0.23077 0.48377 0.00569 0.99242 0.53959 0.42669 0.00000 0.30928 0.62791 1.00000 0.01345 0.01178
73.00000 38.00000 0.99988 0.99762 1.00000 0.00000 0.13209 0.29287 0.22724 0.00000 0.00314 0.00607 0.62673 0.26792 0.23077 0.49513 0.00464 0.99242 0.55993 0.42047 0.00000 0.29897 0.62791 1.00000 0.01749 0.01066
73.00000 39.00000 0.99979 0.99762 1.00000 0.00000 0.12686 0.28148 0.24578 0.00000 0.00251 0.00621 0.62675 0.27242 0.23077 0.49594 0.00591 0.99231 0.55140 0.41351 0.00000 0.28866 0.62791 1.00000 0.01245 0.01059
73.00000 40.00000 0.23819 0.29786 1.00000 0.59794 0.63503 0.71269 0.69273 0.61718 0.61606 0.59458 0.85303 0.64793 0.84615 0.78166 0.59421 0.99352 0.66364 0.15125 1.00000 0.69072 0.85412 1.00000 0.61924 0.61663
73.00000 41.00000 0.59524 0.73634 0.00000 0.23809 0.00835 0.07118 0.04578 0.29318 0.21016 0.09044 0.00095 0.01252 0.02564 0.06412 0.08876 0.00121 0.04436 0.94420 0.00000 0.05155 0.00000 0.00000 0.13656 0.14161
73.00000 42.00000 0.47608 0.83219 1.00000 0.62699 0.66413 0.64002 0.54425 0.50794 0.50125 0.45861 0.86356 0.60245 0.38462 0.67614 0.45623 0.99330 0.50583 0.36539 0.00000 0.63918 0.86469 1.00000 0.48974 0.48212
73.00000 43.00000 0.00002 0.00000 1.00000 1.00000 0.98036 0.93184 0.93107 1.00000 1.00000 0.96178 0.99884 0.87368 0.94872 0.91964 0.96129 0.99347 0.67543 0.09787 1.00000 0.92784 1.00000 1.00000 0.96603 0.97072
73.00000 44.00000 0.99994 0.99762 1.00000 0.00000 0.12374 0.28421 0.24849 0.00000 0.00251 0.00642 0.62650 0.26733 0.23077 0.48620 0.00535 0.99231 0.54717 0.41756 0.00000 0.30928 0.62791 1.00000 0.01648 0.01684
73.00000 45.00000 0.83313 0.99881 1.00000 0.06027 0.18542 0.33095 0.25620 0.14659 0.14617 0.13386 0.65003 0.29332 0.23077 0.46834 0.13368 0.99270 0.51131 0.38781 0.00000 0.32990 0.65116 1.00000 0.16011 0.15551
73.00000 46.00000 0.59519 0.73634 0.00000 0.23809 0.01478 0.05222 0.05527 0.29318 0.21016 0.09021 0.00089 0.01598 0.02564 0.05276 0.08823 0.00127 0.05504 0.94582 0.00000 0.06186 0.00000 0.00000 0.13791 0.13687
73.00000 47.00000 0.47609 0.83135 1.00000 0.62699 0.66312 0.65339 0.53575 0.50794 0.50063 0.45684 0.86356 0.60270 0.38462 0.68425 0.45537 0.99330 0.49689 0.36103 0.00000 0.64948 0.86469 1.00000 0.47797 0.48776
73.00000 48.00000 0.99985 0.99762 1.00000 0.00000 0.12741 0.31153 0.24328 0.00000 0.00314 0.00421 0.62646 0.26630 0.23077 0.49026 0.00545 0.99234 0.52747 0.40549 0.00000 0.30928 0.62791 1.00000 0.00908 0.01800
73.00000 49.00000 0.83323 0.99762 1.00000 0.06027 0.18983 0.33381 0.24953 0.14659 0.14617 0.13459 0.64992 0.29375 0.23077 0.48945 0.13449 0.99267 0.49607 0.38857 0.00000 0.34021 0.65116 1.00000 0.15977 0.16102
73.00000 50.00000 0.99990 0.99893 1.00000 0.00000 0.12557 0.27913 0.23817 0.00000 0.00251 0.00679 0.62658 0.27248 0.23077 0.48864 0.00437 0.99237 0.53134 0.40607 0.00000 0.27835 0.62791 1.00000 0.01480 0.01530
73.00000 51.00000 0.47606 0.83135 1.00000 0.62699 0.65871 0.66435 0.55403 0.50794 0.50125 0.45576 0.86348 0.60087 0.38462 0.67938 0.45660 0.99328 0.49212 0.35733 0.00000 0.64948 0.86469 1.00000 0.48402 0.47809
73.00000 52.00000 0.83317 0.99905 1.00000 0.06027 0.18451 0.33678 0.24960 0.14659 0.14617 0.13370 0.65000 0.29063 0.23077 0.47646 0.13402 0.99275 0.51730 0.39421 0.00000 0.32990 0.65116 1.00000 0.15203 0.15777
73.00000 53.00000 0.59524 0.73741 0.00000 0.23809 0.00762 0.04990 0.05937 0.29318 0.21016 0.08879 0.00093 0.02089 0.02564 0.05195 0.08879 0.00132 0.05634 0.95759 0.00000 0.05155 0.00000 0.00000 0.13589 0.14087
73.00000 54.00000 0.47619 0.83147 1.00000 0.62699 0.65614 0.63832 0.54120 0.50794 0.50063 0.45560 0.86335 0.60951 0.38462 0.67532 0.45748 0.99322 0.50323 0.36646 0.00000 0.63918 0.86469 1.00000 0.47730 0.48250
73.00000 55.00000 0.99990 0.99869 1.00000 0.00000 0.12686 0.28912 0.23451 0.00000 0.00314 0.00600 0.62648 0.26898 0.23077 0.48782 0.00506 0.99228 0.54185 0.41587 0.00000 0.29897 0.62791 1.00000 0.01514 0.01669
73.00000 56.00000 0.47607 0.83171 1.00000 0.62699 0.66284 0.66049 0.55081 0.50794 0.50125 0.45606 0.86344 0.59674 0.38462 0.68263 0.45599 0.99339 0.49448 0.36702 0.00000 0.64948 0.86469 1.00000 0.48705 0.47958
73.00000 57.00000 0.83323 0.99929 1.00000 0.06027 0.18735 0.33378 0.24696 0.14659 0.14617 0.13220 0.64986 0.29531 0.23077 0.47159 0.13432 0.99267 0.49001 0.39992 0.00000 0.30928 0.65116 1.00000 0.15775 0.15467
73.00000 58.00000 0.00003 0.00166 1.00000 1.00000 0.98127 0.95283 0.91087 1.00000 1.00000 0.96080 0.99882 0.87664 0.94872 0.92695 0.96100 0.99355 0.66480 0.09797 1.00000 0.93814 1.00000 1.00000 0.96334 0.97122
73.00000 59.00000 0.00005 0.00000 1.00000 1.00000 0.98320 0.93079 0.90424 1.00000 1.00000 0.96192 0.99886 0.87459 0.94872 0.93182 0.96021 0.99366 0.67367 0.07985 1.00000 0.93814 1.00000 1.00000 0.96065 0.96855
73.00000 60.00000 0.99976 0.99929 1.00000 0.00000 0.12952 0.29881 0.24352 0.00000 0.00314 0.00582 0.62660 0.26738 0.23077 0.48864 0.00552 0.99245 0.53038 0.41524 0.00000 0.30928 0.62791 1.00000 0.00908 0.02082
73.00000 61.00000 0.23802 0.29691 1.00000 0.59794 0.63971 0.70777 0.68101 0.61718 0.61606 0.59323 0.85287 0.64859 0.84615 0.76055 0.59399 0.99352 0.65540 0.17031 1.00000 0.68041 0.85412 1.00000 0.62260 0.61647
73.00000 62.00000 0.23813 0.29762 1.00000 0.59794 0.62952 0.70289 0.69910 0.61718 0.61606 0.59362 0.85297 0.64562 0.84615 0.76786 0.59424 0.99363 0.65273 0.15806 1.00000 0.70103 0.85412 1.00000 0.62462 0.62282
73.00000 63.00000 0.59511 0.73634 0.00000 0.23809 0.01258 0.03875 0.06017 0.29318 0.21016 0.09053 0.00093 0.01326 0.02564 0.05438 0.08972 0.00127 0.05187 0.94295 0.00000 0.05155 0.00000 0.00000 0.13757 0.13878
73.00000 64.00000 0.59514 0.73729 0.00000 0.23809 0.00973 0.04620 0.06334 0.29318 0.21016 0.09042 0.00093 0.01016 0.02564 0.04708 0.08847 0.00121 0.03155 0.93977 0.00000 0.05155 0.00000 0.00000 0.13387 0.13622
73.00000 65.00000 0.00000 0.00000 1.00000 1.00000 0.98550 0.94486 0.91889 1.00000 1.00000 0.95958 0.99892 0.87624 0.94872 0.93994 0.96026 0.99347 0.66386 0.09365 1.00000 0.92784 1.00000 1.00000 0.96973 0.96401
73.00000 66.00000 0.00002 0.00000 1.00000 1.00000 0.98449 0.92982 0.91911 1.00000 1.00000 0.95902 0.99894 0.87273 0.94872 0.93425 0.96112 0.99350 0.67759 0.09853 1.00000 0.94845 1.00000 1.00000 0.96973 0.96360
73.00000 67.00000 0.59528 0.73765 0.00000 0.23809 0.01212 0.08090 0.07266 0.29318 0.21016 0.09065 0.00106 0.01270 0.02564 0.08036 0.08752 0.00127 0.06401 0.94226 0.00000 0.04124 0.00000 0.00000 0.13623 0.13695
73.00000 68.00000 0.59517 0.73634 0.00000 0.23809 0.01469 0.03078 0.06055 0.29318 0.21079 0.09005 0.00091 0.01468 0.02564 0.05357 0.08906 0.00127 0.04751 0.93877 0.00000 0.05155 0.00000 0.00000 0.13757 0.13561
73.00000 69.00000 0.99977 0.99786 1.00000 0.00000 0.13090 0.31305 0.26917 0.00000 0.00251 0.00647 0.62654 0.26691 0.23077 0.47321 0.00569 0.99226 0.54387 0.41351 0.00000 0.29897 0.62791 1.00000 0.01615 0.01877
73.00000 70.00000 0.83323 0.99762 1.00000 0.06027 0.18809 0.32760 0.23934 0.14659 0.14617 0.13443 0.64992 0.29757 0.23077 0.48458 0.13383 0.99267 0.50112 0.39677 0.00000 0.32990 0.65116 1.00000 0.15170 0.15740
73.00000 71.00000 0.83330 0.99869 1.00000 0.06027 0.18662 0.34386 0.24057 0.14659 0.14617 0.13427 0.64996 0.29385 0.23077 0.48052 0.13393 0.99275 0.50761 0.39217 0.00000 0.32990 0.65116 1.00000 0.16044 0.15428
73.00000 72.00000 0.59510 0.73634 0.00000 0.23809 0.01111 0.04834 0.07912 0.29318 0.21079 0.08936 0.00087 0.02073 0.02564 0.06169 0.08852 0.00121 0.05016 0.93832 0.00000 0.04124 0.00000 0.00000 0.13791 0.14283
73.00000 73.00000 0.99996 0.99762 1.00000 0.00000 0.12869 0.29117 0.24837 0.00000 0.00314 0.00706 0.62652 0.27060 0.23077 0.49919 0.00653 0.99240 0.53279 0.41673 0.00000 0.28866 0.62791 1.00000 0.01682 0.01149
73.00000 74.00000 0.59514 0.73741 0.00000 0.23809 0.01157 0.05800 0.07309 0.29318 0.21079 0.09122 0.00084 0.01011 0.02564 0.06169 0.08913 0.00110 0.03390 0.93299 0.00000 0.05155 0.00000 0.00000 0.13757 0.13462
73.00000 75.00000 0.23820 0.29929 1.00000 0.59794 0.63567 0.70335 0.68378 0.61718 0.61669 0.59394 0.85293 0.64266 0.84615 0.77354 0.59507 0.99366 0.64814 0.16945 1.00000 0.70103 0.85412 1.00000 0.61789 0.62201
73.00000 76.00000 0.23811 0.29691 1.00000 0.59794 0.63962 0.67353 0.67770 0.61718 0.61606 0.59378 0.85301 0.64129 0.84615 0.76136 0.59382 0.99363 0.66480 0.17720 1.00000 0.70103 0.85412 1.00000 0.62193 0.61418
73.00000 77.00000 0.59514 0.73812 0.00000 0.23809 0.01303 0.04569 0.06343 0.29318 0.21079 0.08888 0.00095 0.01677 0.02564 0.07143 0.08862 0.00127 0.04715 0.93375 0.00000 0.07216 0.00000 0.00000 0.14295 0.13850
73.00000 78.00000 0.00001 0.00048 1.00000 1.00000 0.99064 0.94689 0.92122 1.00000 1.00000 0.95918 0.99886 0.87505 0.94872 0.93994 0.96082 0.99358 0.66312 0.09521 1.00000 0.92784 1.00000 1.00000 0.96535 0.97611
73.00000 79.00000 0.23805 0.29691 1.00000 0.59794 0.63677 0.70880 0.68421 0.61718 0.61606 0.59304 0.85295 0.64773 0.84615 0.76542 0.59365 0.99341 0.65020 0.15474 1.00000 0.70103 0.85412 1.00000 0.61453 0.62329
73.00000 80.00000 0.99986 0.99810 1.00000 0.00000 0.13090 0.29271 0.25498 0.00000 0.00251 0.00619 0.62646 0.26635 0.23077 0.49351 0.00364 0.99223 0.54731 0.41552 0.00000 0.29897 0.62791 1.00000 0.01379 0.01989
73.00000 81.00000 0.00003 0.00119 1.00000 1.00000 0.98155 0.95388 0.92504 1.00000 1.00000 0.95983 0.99884 0.86904 0.94872 0.94075 0.95926 0.99347 0.65823 0.09662 1.00000 0.94845 1.00000 1.00000 0.96401 0.96362
73.00000 82.00000 0.83319 0.99929 1.00000 0.06027 0.18882 0.34091 0.24379 0.14659 0.14617 0.13492 0.64992 0.30036 0.23077 0.46429 0.13288 0.99284 0.50230 0.39376 0.00000 0.34021 0.65116 1.00000 0.15641 0.15379
73.00000 83.00000 0.59527 0.73729 0.00000 0.23809 0.01313 0.04099 0.04203 0.29318 0.21079 0.08982 0.00076 0.01498 0.02564 0.04789 0.08854 0.00121 0.03648 0.94503 0.00000 0.04124 0.00000 0.00000 0.14060 0.14103
73.00000 84.00000 0.47624 0.83135 1.00000 0.62699 0.66192 0.65479 0.55069 0.50794 0.50125 0.45840 0.86337 0.59799 0.38462 0.69481 0.45552 0.99336 0.48489 0.35896 0.00000 0.64948 0.86469 1.00000 0.47999 0.48367
73.00000 85.00000 0.83313 0.99762 1.00000 0.06027 0.18414 0.30729 0.26888 0.14659 0.14617 0.13294 0.64994 0.29167 0.23077 0.48214 0.13346 0.99253 0.50703 0.39722 0.00000 0.34021 0.65116 1.00000 0.15136 0.15638
73.00000 86.00000 0.83314 0.99762 1.00000 0.06027 0.18744 0.32458 0.26874 0.14659 0.14617 0.13225 0.65005 0.29568 0.23077 0.48052 0.13537 0.99281 0.51675 0.40272 0.00000 0.32990 0.65116 1.00000 0.15607 0.15392
73.00000 87.00000 0.83329 0.99822 1.00000 0.06027 0.19093 0.33767 0.26860 0.14659 0.14617 0.13406 0.64984 0.29052 0.23077 0.49838 0.13473 0.99270 0.51107 0.39933 0.00000 0.34021 0.65116 1.00000 0.15540 0.15508
73.00000 88.00000 0.00004 0.00083 1.00000 1.00000 0.98228 0.96457 0.91156 1.00000 1.00000 0.95879 0.99899 0.87330 0.94872 0.94237 0.96097 0.99347 0.67014 0.08932 1.00000 0.94845 1.00000 1.00000 0.96401 0.96872
73.00000 89.00000 0.83335 0.99905 1.00000 0.06027 0.18506 0.33748 0.24326 0.14659 0.14617 0.13312 0.65000 0.29374 0.23077 0.48295 0.13344 0.99284 0.52052 0.38774 0.00000 0.32990 0.65116 1.00000 0.15573 0.15769
73.00000 90.00000 0.99994 0.99881 1.00000 0.00000 0.13016 0.30675 0.23103 0.00000 0.00251 0.00469 0.62654 0.27009 0.23077 0.50162 0.00577 0.99228 0.56229 0.41829 0.00000 0.29897 0.62791 1.00000 0.01648 0.01529
73.00000 91.00000 0.99982 0.99762 1.00000 0.00000 0.13292 0.29903 0.22368 0.00000 0.00314 0.00607 0.62658 0.27133 0.23077 0.49675 0.00516 0.99226 0.53553 0.41856 0.00000 0.29897 0.62791 1.00000 0.01278 0.01429
73.00000 92.00000 0.83333 0.99786 1.00000 0.06027 0.18662 0.34653 0.27030 0.14659 0.14617 0.13390 0.65017 0.29221 0.23077 0.47321 0.13393 0.99262 0.51283 0.41133 0.00000 0.32990 0.65116 1.00000 0.15775 0.15762
73.00000 93.00000 0.99998 0.99762 1.00000 0.00000 0.13081 0.29944 0.24808 0.00000 0.00251 0.00663 0.62643 0.26505 0.23077 0.49107 0.00613 0.99217 0.54243 0.42327 0.00000 0.31959 0.62791 1.00000 0.02085 0.01455
73.00000 94.00000 0.00006 0.00000 1.00000 1.00000 0.98641 0.94478 0.93522 1.00000 1.00000 0.96040 0.99890 0.87855 0.94872 0.93425 0.95921 0.99344 0.66617 0.10579 1.00000 0.93814 1.00000 1.00000 0.96905 0.96432
73.00000 95.00000 0.23805 0.29929 1.00000 0.59794 0.63420 0.69975 0.68961 0.61718 0.61606 0.59382 0.85295 0.64581 0.84615 0.75000 0.59480 0.99388 0.65985 0.16481 1.00000 0.70103 0.85412 1.00000 0.62059 0.61713
73.00000 96.00000 0.00007 0.00226 1.00000 1.00000 0.98091 0.94184 0.90827 1.00000 1.00000 0.96066 0.99886 0.87799 0.94872 0.93344 0.96126 0.99347 0.66795 0.08984 1.00000 0.94845 1.00000 1.00000 0.96670 0.96175
73.00000 97.00000 0.23809 0.29846 1.00000 0.59794 0.63888 0.68617 0.69744 0.61718 0.61606 0.59309 0.85297 0.64705 0.84615 0.76055 0.59399 0.99355 0.66735 0.17661 1.00000 0.70103 0.85412 1.00000 0.61621 0.62374
73.00000 98.00000 0.47627 0.83361 1.00000 0.62699 0.66220 0.65455 0.55401 0.50794 0.50125 0.45714 0.86354 0.59984 0.38462 0.67614 0.45618 0.99333 0.48811 0.36882 0.00000 0.64948 0.86469 1.00000 0.47427 0.48031
73.00000 99.00000 0.83321 0.99762 1.00000 0.06027 0.18386 0.33162 0.24587 0.14659 0.14617 0.13416 0.65003 0.29647 0.23077 0.49919 0.13446 0.99253 0.50917 0.40815 0.00000 0.35052 0.65116 1.00000 0.15910 0.15220
73.00000 100.00000 0.23822 0.29786 1.00000 0.59794 0.64072 0.70210 0.69213 0.61718 0.61606 0.59472 0.85301 0.64214 0.84615 0.76461 0.59436 0.99369 0.65994 0.16395 1.00000 0.71134 0.85412 1.00000 0.61655 0.62385
73.00000 101.00000 0.99991 0.99976 1.00000 0.00000 0.12741 0.30303 0.25688 0.00000 0.00314 0.00702 0.62656 0.27148 0.23077 0.49756 0.00582 0.99212 0.53603 0.42600 0.00000 0.29897 0.62791 1.00000 0.01413 0.01454
73.00000 102.00000 0.99979 0.99762 1.00000 0.00000 0.13301 0.31002 0.25382 0.00000 0.00251 0.00596 0.62660 0.26596 0.23077 0.48864 0.00618 0.99223 0.53719 0.43136 0.00000 0.29897 0.62791 1.00000 0.01514 0.01804
73.00000 103.00000 0.23815 0.29691 1.00000 0.59794 0.63888 0.71031 0.68901 0.61718 0.61606 0.59484 0.85301 0.64338 0.84615 0.77354 0.59272 0.99375 0.65826 0.18373 1.00000 0.70103 0.85412 1.00000 0.61890 0.61255
73.00000 104.00000 0.47612 0.83195 1.00000 0.62699 0.66853 0.64912 0.55083 0.50794 0.50063 0.45649 0.86361 0.60610 0.35897 0.70130 0.45716 0.99328 0.49672 0.36747 0.00000 0.64948 0.86469 1.00000 0.48100 0.49046
73.00000 105.00000 0.99990 0.99929 1.00000 0.00000 0.12970 0.32844 0.24885 0.00000 0.00251 0.00617 0.62643 0.27078 0.23077 0.49188 0.00413 0.99226 0.53817 0.41068 0.00000 0.28866 0.62791 1.00000 0.00841 0.01408
73.00000 106.00000 0.23822 0.29774 1.00000 0.59794 0.63898 0.71912 0.69185 0.61718 0.61669 0.59417 0.85316 0.64646 0.84615 0.78571 0.59370 0.99380 0.66449 0.18062 1.00000 0.71134 0.85412 1.00000 0.61756 0.61870
73.00000 107.00000 0.99990 0.99762 1.00000 0.00000 0.12897 0.30319 0.24515 0.00000 0.00314 0.00672 0.62652 0.27277 0.23077 0.51380 0.00562 0.99217 0.55397 0.41901 0.00000 0.28866 0.62791 1.00000 0.01884 0.01968
73.00000 108.00000 0.59508 0.73634 0.00000 0.23809 0.01037 0.04248 0.05327 0.29318 0.21079 0.08927 0.00082 0.01397 0.02564 0.06169 0.08920 0.00130 0.04362 0.95216 0.00000 0.07216 0.00000 0.00000 0.14262 0.14315
73.00000 109.00000 0.23803 0.29691 1.00000 0.59794 0.63870 0.71239 0.69132 0.61718 0.61606 0.59099 0.85306 0.64283 0.84615 0.76218 0.59370 0.99361 0.65999 0.16962 1.00000 0.71134 0.85412 1.00000 0.62025 0.62193
73.00000 110.00000 0.83314 0.99762 1.00000 0.06027 0.18570 0.34472 0.25774 0.14659 0.14617 0.13439 0.64992 0.29763 0.23077 0.48620 0.13385 0.99267 0.51338 0.40867 0.00000 0.32990 0.65116 1.00000 0.16078 0.15483
73.00000 111.00000 0.23823 0.29881 1.00000 0.59794 0.63420 0.70148 0.68135 0.61718 0.61606 0.59320 0.85308 0.64294 0.84615 0.76786 0.59412 0.99361 0.65273 0.17145 1.00000 0.70103 0.85412 1.00000 0.61117 0.61549
73.00000 112.00000 0.99980 0.99762 1.00000 0.00000 0.13172 0.31961 0.23017 0.00000 0.00314 0.00458 0.62635 0.26850 0.23077 0.50244 0.00609 0.99212 0.54570 0.42659 0.00000 0.27835 0.62791 1.00000 0.01514 0.01339
73.00000 113.00000 0.59529 0.73634 0.00000 0.23809 0.00808 0.05098 0.07167 0.29318 0.21079 0.08860 0.00093 0.01570 0.02564 0.06737 0.08659 0.00132 0.03304 0.94243 0.00000 0.06186 0.00000 0.00000 0.14127 0.14116
73.00000 114.00000 0.83316 0.99762 1.00000 0.06027 0.18726 0.33046 0.24374 0.14659 0.14617 0.13303 0.64994 0.28587 0.23077 0.49838 0.13312 0.99264 0.50564 0.40964 0.00000 0.34021 0.65116 1.00000 0.15203 0.15192
73.00000 115.00000 0.47626 0.83337 1.00000 0.62699 0.66303 0.66481 0.54927 0.50794 0.50125 0.45622 0.86352 0.60186 0.38462 0.69399 0.45523 0.99339 0.48491 0.37830 0.00000 0.65979 0.86469 1.00000 0.48470 0.48509
73.00000 116.00000 0.47612 0.83135 1.00000 0.62699 0.66459 0.65504 0.56952 0.50794 0.50125 0.45543 0.86356 0.60547 0.35897 0.70049 0.45613 0.99341 0.47549 0.37743 0.00000 0.67010 0.86469 1.00000 0.48301 0.47575
73.00000 117.00000 0.99991 0.99762 1.00000 0.00000 0.13026 0.30314 0.24878 0.00000 0.00314 0.00497 0.62648 0.26617 0.23077 0.50974 0.00398 0.99231 0.54310 0.42209 0.00000 0.29897 0.62791 1.00000 0.01514 0.01516
73.00000 118.00000 0.59526 0.73634 0.00000 0.23809 0.01359 0.04858 0.05073 0.29318 0.21079 0.08805 0.00084 0.01484 0.02564 0.07305 0.08942 0.00124 0.04179 0.93230 0.00000 0.05155 0.00000 0.00000 0.13959 0.12931
73.00000 119.00000 0.83333 0.99952 1.00000 0.06027 0.18506 0.34153 0.26434 0.14659 0.14617 0.13296 0.64988 0.29545 0.23077 0.49756 0.13275 0.99256 0.50977 0.41057 0.00000 0.32990 0.65116 1.00000 0.15170 0.15331
73.00000 120.00000 0.99997 0.99762 1.00000 0.00000 0.13154 0.30554 0.24645 0.00000 0.00251 0.00582 0.62648 0.26806 0.23077 0.50487 0.00516 0.99215 0.54743 0.42617 0.00000 0.31959 0.62791 1.00000 0.01379 0.02057
73.00000 121.00000 0.99986 0.99857 1.00000 0.00000 0.13521 0.30197 0.23776 0.00000 0.00251 0.00614 0.62641 0.26915 0.23077 0.51299 0.00540 0.99228 0.54541 0.41874 0.00000 0.29897 0.62791 1.00000 0.01547 0.01305
73.00000 122.00000 0.99979 0.99917 1.00000 0.00000 0.13117 0.30281 0.26672 0.00000 0.00314 0.00437 0.62639 0.27152 0.23077 0.49594 0.00411 0.99231 0.52940 0.42991 0.00000 0.32990 0.62791 1.00000 0.01278 0.02014
73.00000 123.00000 0.00007 0.00071 1.00000 1.00000 0.99376 0.93752 0.93791 1.00000 1.00000 0.95737 0.99907 0.87600 0.94872 0.94075 0.95980 0.99352 0.66891 0.10226 1.00000 0.93814 1.00000 1.00000 0.96367 0.96265
73.00000 124.00000 0.47619 0.83135 1.00000 0.62699 0.66743 0.66403 0.55756 0.50794 0.50125 0.45622 0.86352 0.59823 0.38462 0.69724 0.45562 0.99330 0.49775 0.37504 1.00000 0.64948 0.86469 1.00000 0.48133 0.47237
73.00000 125.00000 0.47608 0.83183 1.00000 0.62699 0.66449 0.65987 0.56709 0.50794 0.50125 0.45479 0.86361 0.60426 0.38462 0.70211 0.45518 0.99344 0.47524 0.36380 0.00000 0.64948 0.86469 1.00000 0.47696 0.48289
73.00000 126.00000 0.99989 0.99952 1.00000 0.00000 0.13163 0.30891 0.26394 0.00000 0.00314 0.00732 0.62639 0.27248 0.23077 0.50649 0.00567 0.99209 0.53695 0.43821 0.00000 0.30928 0.62791 1.00000 0.01144 0.00687
73.00000 127.00000 0.99994 0.99822 1.00000 0.00000 0.13182 0.31061 0.24686 0.00000 0.00314 0.00278 0.62639 0.26969 0.23077 0.52192 0.00474 0.99228 0.54459 0.42265 0.00000 0.29897 0.62791 1.00000 0.01783 0.01732
73.00000 128.00000 0.59527 0.73753 0.00000 0.23809 0.01487 0.07064 0.07064 0.29318 0.21079 0.09037 0.00078 0.01872 0.02564 0.07630 0.08813 0.00132 0.04713 0.93614 0.00000 0.05155 0.00000 0.00000 0.13724 0.13931
73.00000 129.00000 0.99984 0.99762 1.00000 0.00000 0.12824 0.30303 0.25779 0.00000 0.00251 0.00412 0.62654 0.26902 0.23077 0.51542 0.00523 0.99237 0.54770 0.42050 0.00000 0.29897 0.62791 1.00000 0.01951 0.02062
73.00000 130.00000 0.59509 0.73860 0.00000 0.23809 0.02120 0.06748 0.07443 0.29318 0.21079 0.09104 0.00087 0.01335 0.02564 0.05682 0.08962 0.00130 0.04285 0.95361 0.00000 0.05155 0.00000 0.00000 0.14194 0.13940
73.00000 131.00000 0.59514 0.73634 0.00000 0.23809 0.01533 0.04966 0.06163 0.29318 0.21079 0.09079 0.00084 0.01513 0.02564 0.06656 0.08903 0.00124 0.04990 0.95883 0.00000 0.07216 0.00000 0.00000 0.13522 0.13639
73.00000 132.00000 0.00002 0.00036 1.00000 1.00000 0.98697 0.94019 0.95886 1.00000 1.00000 0.95916 0.99901 0.87418 0.94872 0.93182 0.95884 0.99363 0.66009 0.10230 1.00000 0.94845 1.00000 1.00000 0.96098 0.96373
73.00000 133.00000 0.47618 0.83242 1.00000 0.62699 0.66358 0.67864 0.56496 0.50794 0.50125 0.45520 0.86361 0.60007 0.38462 0.68263 0.45379 0.99347 0.48544 0.35598 0.00000 0.65979 0.86469 1.00000 0.47528 0.48626
73.00000 134.00000 0.00005 0.00000 1.00000 1.00000 0.99367 0.94527 0.92708 1.00000 1.00000 0.95780 0.99901 0.86997 0.94872 0.94481 0.95950 0.99369 0.67225 0.10503 1.00000 0.94845 1.00000 1.00000 0.95594 0.95900
73.00000 135.00000 0.47621 0.83135 1.00000 0.62699 0.66385 0.66738 0.55276 0.50794 0.50125 0.45470 0.86350 0.59665 0.38462 0.71266 0.45586 0.99347 0.48876 0.38653 1.00000 0.64948 0.86469 1.00000 0.48200 0.48748
73.00000 136.00000 0.00004 0.00000 1.00000 1.00000 0.98963 0.95050 0.93909 1.00000 1.00000 0.95704 0.99913 0.86851 0.94872 0.96591 0.96016 0.99363 0.65381 0.10046 1.00000 0.94845 1.00000 1.00000 0.96065 0.96351
73.00000 137.00000 0.59530 0.73634 0.00000 0.23809 0.01818 0.04839 0.09533 0.29318 0.21016 0.08975 0.00078 0.01513 0.02564 0.07711 0.08825 0.00110 0.05302 0.95869 0.00000 0.06186 0.00000 0.00000 0.14094 0.14390
73.00000 138.00000 0.59526 0.73634 0.00000 0.23809 0.01377 0.06662 0.07746 0.29318 0.21079 0.09097 0.00089 0.01385 0.02564 0.07386 0.08754 0.00113 0.03972 0.96534 0.00000 0.05155 0.00000 0.00000 0.13656 0.13785
73.00000 139.00000 0.99998 0.99762 1.00000 0.00000 0.13595 0.33791 0.24696 0.00000 0.00314 0.00267 0.62639 0.26910 0.23077 0.51867 0.00562 0.99182 0.54442 0.42700 0.00000 0.29897 0.62791 1.00000 0.01783 0.01139
73.00000 140.00000 0.83318 0.99762 1.00000 0.06027 0.18799 0.33211 0.28243 0.14659 0.14617 0.13278 0.64977 0.28998 0.23077 0.50893 0.13248 0.99240 0.48917 0.41292 0.00000 0.35052 0.65116 1.00000 0.14867 0.15454
73.00000 141.00000 0.23806 0.29691 1.00000 0.59794 0.63567 0.70810 0.70955 0.61718 0.61669 0.59353 0.85318 0.63823 0.84615 0.78977 0.59255 0.99397 0.65561 0.18730 1.00000 0.70103 0.85412 1.00000 0.61251 0.62196
73.00000 142.00000 0.23805 0.29691 1.00000 0.59794 0.64164 0.72622 0.68711 0.61718 0.61669 0.59263 0.85314 0.64490 0.84615 0.78003 0.59377 0.99388 0.64229 0.19013 1.00000 0.71134 0.85412 1.00000 0.61285 0.61494
73.00000 143.00000 0.99989 0.99762 1.00000 0.00000 0.13521 0.29822 0.27571 0.00000 0.00314 0.00561 0.62635 0.26371 0.23077 0.49838 0.00508 0.99184 0.54442 0.44150 0.00000 0.31959 0.62791 1.00000 0.00908 0.01363
73.00000 144.00000 0.99983 0.99869 1.00000 0.00000 0.13484 0.30292 0.25959 0.00000 0.00314 0.00504 0.62643 0.26495 0.23077 0.50162 0.00367 0.99215 0.55000 0.42524 0.00000 0.28866 0.62791 1.00000 0.01547 0.01468
73.00000 145.00000 0.47629 0.83361 1.00000 0.62699 0.66165 0.67370 0.56193 0.50794 0.50125 0.45530 0.86352 0.60000 0.38462 0.70292 0.45418 0.99350 0.48840 0.37466 0.00000 0.67010 0.86469 1.00000 0.48133 0.47568
73.00000 146.00000 0.47624 0.83195 1.00000 0.62699 0.66807 0.68644 0.58525 0.50794 0.50125 0.45612 0.86352 0.59756 0.38462 0.69643 0.45464 0.99341 0.49996 0.37892 1.00000 0.64948 0.86469 1.00000 0.47898 0.47887
73.00000 147.00000 0.00001 0.00036 1.00000 1.00000 0.98403 0.95685 0.94603 1.00000 1.00000 0.95863 0.99911 0.87355 0.94872 0.94968 0.95777 0.99375 0.66754 0.10586 1.00000 0.96907 1.00000 1.00000 0.96065 0.95935
73.00000 148.00000 0.99985 0.99762 1.00000 0.00000 0.13714 0.31305 0.24263 0.00000 0.00314 0.00647 0.62637 0.26724 0.23077 0.52679 0.00496 0.99201 0.53767 0.44330 0.00000 0.30928 0.62791 1.00000 0.01648 0.01789
73.00000 149.00000 0.99986 1.00000 1.00000 0.00000 0.13237 0.31048 0.25034 0.00000 0.00251 0.00596 0.62629 0.26237 0.23077 0.51623 0.00415 0.99215 0.53601 0.44755 0.00000 0.30928 0.62791 1.00000 0.00908 0.01175
73.00000 150.00000 0.99983 0.99917 1.00000 0.00000 0.13026 0.31950 0.28118 0.00000 0.00314 0.00398 0.62620 0.26182 0.23077 0.51299 0.00545 0.99179 0.52738 0.43375 0.00000 0.31959 0.62791 1.00000 0.01345 0.00565
73.00000 151.00000 0.83314 0.99822 1.00000 0.06027 0.18597 0.34359 0.25169 0.14659 0.14617 0.13314 0.64984 0.29493 0.23077 0.50812 0.13307 0.99242 0.49227 0.41645 0.00000 0.34021 0.65116 1.00000 0.15674 0.15630
73.00000 152.00000 0.00006 0.00000 1.00000 1.00000 0.98862 0.96843 0.92278 1.00000 1.00000 0.95594 0.99913 0.86775 0.94872 0.96672 0.95892 0.99372 0.65311 0.09752 1.00000 0.92784 1.00000 1.00000 0.95896 0.96516
73.00000 153.00000 0.99997 0.99762 1.00000 0.00000 0.13283 0.32471 0.26295 0.00000 0.00251 0.00642 0.62637 0.26913 0.23077 0.51705 0.00472 0.99187 0.52750 0.43019 0.00000 0.30928 0.62791 1.00000 0.02153 0.01450
73.00000 154.00000 0.59531 0.73836 0.00000 0.23809 0.01735 0.07726 0.05755 0.29318 0.21079 0.08913 0.00084 0.01426 0.02564 0.07549 0.08798 0.00110 0.04134 0.96368 0.00000 0.06186 0.00000 0.00000 0.14094 0.14211
73.00000 155.00000 0.47616 0.83135 1.00000 0.62699 0.66275 0.67956 0.57824 0.50794 0.50125 0.45451 0.86356 0.59432 0.35897 0.69481 0.45401 0.99341 0.48316 0.38238 1.00000 0.67010 0.86469 1.00000 0.47191 0.48002
73.00000 156.00000 0.47613 0.83135 1.00000 0.62699 0.67147 0.65752 0.57408 0.50794 0.50125 0.45286 0.86369 0.59767 0.35897 0.70292 0.45371 0.99344 0.49042 0.37909 1.00000 0.68041 0.86469 1.00000 0.47629 0.48237
73.00000 157.00000 0.59515 0.73682 0.00000 0.23809 0.01478 0.06751 0.08418 0.29318 0.21079 0.08952 0.00074 0.01265 0.02564 0.08036 0.08737 0.00110 0.04319 0.96198 0.00000 0.07216 0.00000 0.00000 0.13387 0.13495
73.00000 158.00000 0.59529 0.73646 0.00000 0.23809 0.01221 0.08047 0.08493 0.29318 0.21079 0.09017 0.00068 0.01459 0.02564 0.06169 0.08830 0.00107 0.04655 0.97284 0.00000 0.06186 0.00000 0.00000 0.13623 0.14175
73.00000 159.00000 0.47606 0.83254 1.00000 0.62699 0.66651 0.66279 0.55982 0.50794 0.50125 0.45447 0.86361 0.60951 0.35897 0.71672 0.45457 0.99366 0.48496 0.36895 1.00000 0.65979 0.86469 1.00000 0.47662 0.47528
73.00000 160.00000 0.59515 0.73634 0.00000 0.23809 0.01046 0.07618 0.07001 0.29318 0.21079 0.08978 0.00091 0.01830 0.02564 0.06250 0.08810 0.00124 0.03532 0.97679 0.00000 0.08247 0.00000 0.00000 0.12950 0.14078
73.00000 161.00000 0.23816 0.29834 1.00000 0.59794 0.64439 0.70815 0.69749 0.61718 0.61669 0.59104 0.85341 0.64860 0.84615 0.80844 0.59238 0.99399 0.65530 0.19065 1.00000 0.70103 0.85412 1.00000 0.61049 0.61030
73.00000 162.00000 0.47620 0.83266 1.00000 0.62699 0.66624 0.66344 0.55756 0.50794 0.50125 0.45426 0.86365 0.60526 0.38462 0.71834 0.45410 0.99347 0.47395 0.38383 1.00000 0.67010 0.86469 1.00000 0.47797 0.47511
73.00000 163.00000 0.83317 0.99762 1.00000 0.06027 0.19451 0.33435 0.28099 0.14659 0.14617 0.13287 0.64988 0.29456 0.23077 0.50000 0.13307 0.99234 0.50448 0.42614 0.00000 0.32990 0.65116 1.00000 0.15338 0.15417
73.00000 164.00000 0.47629 0.83135 1.00000 0.62699 0.66119 0.67556 0.58619 0.50794 0.50125 0.45511 0.86369 0.60024 0.35897 0.71023 0.45357 0.99377 0.48691 0.37615 1.00000 0.68041 0.86469 1.00000 0.47427 0.47041
73.00000 165.00000 0.83324 0.99762 1.00000 0.06027 0.19148 0.36381 0.30467 0.14659 0.14617 0.13383 0.64973 0.28915 0.23077 0.51542 0.13151 0.99237 0.49631 0.41524 0.00000 0.34021 0.65116 1.00000 0.14867 0.15377
73.00000 166.00000 0.23803 0.29774 1.00000 0.59794 0.64145 0.71785 0.72686 0.61718 0.61669 0.59208 0.85337 0.64185 0.84615 0.81331 0.59211 0.99405 0.63590 0.18207 1.00000 0.72165 0.85412 1.00000 0.61453 0.60577
73.00000 167.00000 0.00006 0.00166 1.00000 1.00000 0.99119 0.96217 0.95922 1.00000 1.00000 0.95589 0.99913 0.86996 0.94872 0.96916 0.95828 0.99375 0.65573 0.11420 1.00000 0.96907 1.00000 1.00000 0.95661 0.95795
73.00000 168.00000 0.23822 0.29691 1.00000 0.59794 0.64669 0.72136 0.72386 0.61718 0.61669 0.59033 0.85333 0.64250 0.84615 0.81656 0.59319 0.99402 0.64054 0.17872 1.00000 0.73196 0.85412 1.00000 0.61352 0.61410
73.00000 169.00000 0.59509 0.73705 0.00000 0.23809 0.01579 0.08609 0.08692 0.29318 0.21079 0.09118 0.00074 0.01904 0.02564 0.08604 0.08793 0.00110 0.04136 0.97796 0.00000 0.07216 0.00000 0.00000 0.13656 0.12986
73.00000 170.00000 0.59511 0.73824 0.00000 0.23809 0.01414 0.06551 0.09552 0.29318 0.21079 0.08745 0.00072 0.01010 0.02564 0.10390 0.08810 0.00085 0.04107 0.97008 0.00000 0.07216 0.00000 0.00000 0.13253 0.13668
73.00000 171.00000 0.23801 0.29691 1.00000 0.59794 0.64145 0.70227 0.70823 0.61718 0.61669 0.59122 0.85335 0.64388 0.84615 0.82143 0.59187 0.99419 0.62010 0.20342 1.00000 0.71134 0.85412 1.00000 0.60881 0.60844
73.00000 172.00000 0.59520 0.73634 0.00000 0.23809 0.01918 0.06959 0.09867 0.29318 0.21079 0.08909 0.00063 0.01279 0.02564 0.09091 0.08720 0.00088 0.04352 0.96689 0.00000 0.08247 0.00000 0.00000 0.13858 0.13658
73.00000 173.00000 0.59511 0.73670 0.00000 0.23809 0.01359 0.07342 0.09069 0.29318 0.21079 0.09113 0.00059 0.01397 0.02564 0.10308 0.08725 0.00085 0.03035 0.96544 0.00000 0.08247 0.00000 0.00000 0.13387 0.13397
73.00000 174.00000 0.00007 0.00000 1.00000 1.00000 0.99587 0.96716 0.94819 1.00000 1.00000 0.95507 0.99926 0.87262 0.94872 0.98539 0.95757 0.99394 0.65266 0.11496 1.00000 0.96907 1.00000 1.00000 0.95022 0.95688
73.00000 175.00000 0.47629 0.83361 1.00000 0.62699 0.66743 0.67308 0.59109 0.50794 0.50125 0.45249 0.86377 0.60646 0.35897 0.72565 0.45269 0.99361 0.48626 0.38501 1.00000 0.68041 0.86469 1.00000 0.46922 0.47471
73.00000 176.00000 0.23806 0.29691 1.00000 0.59794 0.64715 0.73102 0.73028 0.61718 0.61669 0.58906 0.85350 0.64079 0.84615 0.82873 0.59064 0.99432 0.62443 0.18190 1.00000 0.73196 0.85412 1.00000 0.61789 0.61215
73.00000 177.00000 0.83316 0.99762 1.00000 0.06027 0.19827 0.35590 0.29189 0.14659 0.14617 0.13250 0.64975 0.29597 0.23077 0.52760 0.13229 0.99248 0.47748 0.43029 0.00000 0.35052 0.65116 1.00000 0.15170 0.15308
73.00000 178.00000 0.99993 0.99762 1.00000 0.00000 0.13512 0.32744 0.28916 0.00000 0.00251 0.00260 0.62599 0.26116 0.23077 0.53328 0.00261 0.99151 0.52204 0.43980 0.00000 0.31959 0.62791 1.00000 0.01144 0.01190
73.00000 179.00000 0.83325 0.99941 1.00000 0.06027 0.19451 0.37450 0.30563 0.14659 0.14617 0.13232 0.64971 0.29553 0.23077 0.54302 0.13214 0.99231 0.47844 0.44434 0.00000 0.35052 0.65116 1.00000 0.14934 0.15886
73.00000 180.00000 0.83318 0.99762 1.00000 0.06027 0.19148 0.37769 0.31579 0.14659 0.14617 0.13255 0.64962 0.28767 0.23077 0.53815 0.13195 0.99215 0.48405 0.43226 0.00000 0.36082 0.65116 1.00000 0.15439 0.14604
73.00000 181.00000 0.99984 0.99762 1.00000 0.00000 0.13677 0.33119 0.28685 0.00000 0.00251 0.00331 0.62599 0.26526 0.23077 0.54951 0.00464 0.99129 0.52286 0.46073 0.00000 0.32990 0.62791 1.00000 0.00841 0.01840
