65.00000 1.00000 0.23810 0.29691 1.00000 0.59794 0.63630 0.70503 0.69179 0.61718 0.61509 0.61462 0.85357 0.63726 0.89189 0.74349 0.61458 0.99363 0.66038 0.11306 1.00000 0.69792 0.85412 1.00000 0.62551 0.63196
65.00000 2.00000 0.23814 0.29691 1.00000 0.59794 0.63676 0.69023 0.69152 0.61718 0.61509 0.61527 0.85338 0.63922 0.89189 0.74267 0.61524 0.99361 0.66004 0.13046 1.00000 0.69792 0.85412 1.00000 0.63100 0.63424
65.00000 3.00000 0.23820 0.29703 1.00000 0.59794 0.63666 0.72003 0.68993 0.61718 0.61509 0.61498 0.85343 0.64192 0.89189 0.75651 0.61372 0.99369 0.66587 0.11636 1.00000 0.68750 0.85412 1.00000 0.62757 0.63466
65.00000 4.00000 0.83316 0.99762 1.00000 0.06027 0.18653 0.32296 0.26039 0.14659 0.14403 0.13732 0.65054 0.29401 0.24324 0.46173 0.13573 0.99311 0.49795 0.37152 0.00000 0.33333 0.65116 1.00000 0.15706 0.16587
65.00000 5.00000 0.99984 0.99762 1.00000 0.00000 0.13038 0.28576 0.25552 0.00000 0.00000 0.00198 0.62721 0.27338 0.24324 0.48371 0.00266 0.99270 0.54856 0.37485 0.00000 0.31250 0.62791 1.00000 0.01715 0.02041
65.00000 6.00000 0.59516 0.73812 0.00000 0.23809 0.01018 0.07005 0.06607 0.29318 0.20881 0.09074 0.00101 0.00856 0.02703 0.05293 0.09032 0.00154 0.05063 0.93563 0.00000 0.04167 0.00000 0.00000 0.13992 0.14887
65.00000 7.00000 0.23803 0.29739 1.00000 0.59794 0.64281 0.69931 0.69205 0.61718 0.61509 0.61513 0.85336 0.63945 0.89189 0.75489 0.61504 0.99361 0.66628 0.09849 1.00000 0.69792 0.85412 1.00000 0.62929 0.63093
65.00000 8.00000 0.00003 0.00024 1.00000 1.00000 0.98220 0.92802 0.91527 1.00000 1.00000 0.99422 0.99956 0.87123 1.00000 0.92508 0.99617 0.99352 0.65485 0.03881 1.00000 0.93750 1.00000 1.00000 0.98525 0.98144
65.00000 9.00000 0.47616 0.83147 1.00000 0.62699 0.65933 0.64166 0.54162 0.50794 0.50000 0.47368 0.86407 0.59663 0.40541 0.67915 0.47219 0.99347 0.49717 0.32945 0.00000 0.65625 0.86469 1.00000 0.48663 0.49097
65.00000 10.00000 0.59528 0.73848 0.00000 0.23809 0.01037 0.04483 0.06501 0.29318 0.20818 0.09248 0.00099 0.02366 0.02703 0.04397 0.08989 0.00160 0.06143 0.94592 0.00000 0.05208 0.00000 0.00000 0.13752 0.14822
65.00000 11.00000 0.83327 0.99762 1.00000 0.06027 0.19002 0.32404 0.25473 0.14659 0.14403 0.13770 0.65050 0.29726 0.24324 0.45765 0.13633 0.99295 0.51716 0.35644 0.00000 0.33333 0.65116 1.00000 0.15535 0.16200
65.00000 12.00000 0.83330 0.99762 1.00000 0.06027 0.18488 0.33090 0.24890 0.14659 0.14403 0.13596 0.65044 0.29692 0.24324 0.47231 0.13679 0.99311 0.51340 0.36438 0.00000 0.32292 0.65116 1.00000 0.16187 0.15817
65.00000 13.00000 0.23808 0.29905 1.00000 0.59794 0.64033 0.71104 0.68813 0.61718 0.61509 0.61420 0.85351 0.64122 0.89189 0.74349 0.61623 0.99383 0.66247 0.12841 1.00000 0.71875 0.85412 1.00000 0.62689 0.63022
65.00000 14.00000 0.47621 0.83135 1.00000 0.62699 0.65997 0.65112 0.56092 0.50794 0.50000 0.47287 0.86403 0.59511 0.40541 0.67182 0.47023 0.99336 0.49243 0.33817 0.00000 0.65625 0.86469 1.00000 0.49143 0.49026
65.00000 15.00000 0.23805 0.29869 1.00000 0.59794 0.63648 0.70570 0.69200 0.61718 0.61572 0.61498 0.85345 0.63897 0.89189 0.74837 0.61342 0.99380 0.65878 0.11435 1.00000 0.68750 0.85412 1.00000 0.63203 0.63005
65.00000 16.00000 0.47627 0.83135 1.00000 0.62699 0.66446 0.64676 0.55262 0.50794 0.50000 0.47248 0.86398 0.59755 0.40541 0.67182 0.47125 0.99339 0.49391 0.33187 0.00000 0.63542 0.86469 1.00000 0.49280 0.49200
65.00000 17.00000 0.83331 0.99762 1.00000 0.06027 0.18552 0.31172 0.25925 0.14659 0.14403 0.13610 0.65052 0.28991 0.24324 0.47231 0.13831 0.99303 0.51840 0.36369 0.00000 0.30208 0.65116 1.00000 0.15947 0.16363
65.00000 18.00000 0.23801 0.29691 1.00000 0.59794 0.63767 0.71039 0.68786 0.61718 0.61509 0.61439 0.85343 0.64710 0.89189 0.74674 0.61497 0.99374 0.65547 0.11947 1.00000 0.68750 0.85412 1.00000 0.62689 0.63373
65.00000 19.00000 0.47609 0.83135 1.00000 0.62699 0.66208 0.66355 0.54744 0.50794 0.50000 0.47337 0.86405 0.60172 0.40541 0.67264 0.47034 0.99344 0.50060 0.33527 0.00000 0.64583 0.86469 1.00000 0.48903 0.49404
65.00000 20.00000 0.99976 0.99798 1.00000 0.00000 0.13377 0.29384 0.23456 0.00000 0.00000 0.00527 0.62706 0.27295 0.24324 0.46661 0.00383 0.99270 0.54625 0.38258 0.00000 0.29167 0.62791 1.00000 0.01715 0.01974
65.00000 21.00000 0.59513 0.73634 0.00000 0.23809 0.00954 0.05683 0.05726 0.29318 0.20881 0.09288 0.00106 0.02179 0.02703 0.04642 0.08966 0.00163 0.06845 0.95669 0.00000 0.04167 0.00000 0.00000 0.14300 0.14758
65.00000 22.00000 0.59521 0.73848 0.00000 0.23809 0.02055 0.04118 0.07969 0.29318 0.20881 0.09295 0.00101 0.02185 0.02703 0.03502 0.08756 0.00157 0.05620 0.94281 0.00000 0.05208 0.00000 0.00000 0.14060 0.14806
65.00000 23.00000 0.47626 0.83302 1.00000 0.62699 0.66272 0.64172 0.55464 0.50794 0.50000 0.47139 0.86405 0.60141 0.40541 0.67264 0.47016 0.99363 0.50029 0.33114 0.00000 0.64583 0.86469 1.00000 0.48628 0.49086
65.00000 24.00000 0.00007 0.00000 1.00000 1.00000 0.98137 0.94601 0.92281 1.00000 1.00000 0.99523 0.99943 0.86882 1.00000 0.92345 0.99429 0.99347 0.67877 0.04266 1.00000 0.94792 1.00000 1.00000 0.98731 0.98329
65.00000 25.00000 0.00004 0.00000 1.00000 1.00000 0.98174 0.94254 0.93285 1.00000 1.00000 0.99308 0.99930 0.86660 1.00000 0.93078 0.99523 0.99339 0.69353 0.04818 1.00000 0.93750 1.00000 1.00000 0.97634 0.97937
65.00000 26.00000 0.00005 0.00107 1.00000 1.00000 0.98018 0.93290 0.93135 1.00000 1.00000 0.99348 0.99941 0.86839 1.00000 0.92264 0.99658 0.99361 0.67413 0.04460 1.00000 0.94792 1.00000 1.00000 0.98148 0.99020
65.00000 27.00000 0.23819 0.29691 1.00000 0.59794 0.63437 0.71120 0.68575 0.61718 0.61509 0.61377 0.85338 0.64493 0.89189 0.76547 0.61420 0.99361 0.65826 0.12108 1.00000 0.69792 0.85412 1.00000 0.62929 0.62520
65.00000 28.00000 0.99997 0.99762 1.00000 0.00000 0.12616 0.30072 0.25928 0.00000 0.00000 0.00363 0.62696 0.26473 0.24324 0.48779 0.00355 0.99281 0.55903 0.38284 0.00000 0.30208 0.62791 1.00000 0.01200 0.02035
65.00000 29.00000 0.99999 0.99762 1.00000 0.00000 0.12891 0.30091 0.24854 0.00000 0.00063 0.00410 0.62725 0.26586 0.24324 0.48127 0.00434 0.99289 0.53887 0.36867 0.00000 0.29167 0.62791 1.00000 0.01475 0.01443
65.00000 30.00000 0.99997 0.99917 1.00000 0.00000 0.13295 0.29018 0.25232 0.00000 0.00000 0.00234 0.62709 0.27334 0.24324 0.47557 0.00484 0.99278 0.54658 0.39682 0.00000 0.28125 0.62791 1.00000 0.01578 0.02577
65.00000 31.00000 0.83327 0.99762 1.00000 0.06027 0.18791 0.34807 0.26977 0.14659 0.14403 0.13758 0.65050 0.29341 0.24324 0.46254 0.13626 0.99311 0.51247 0.35878 0.00000 0.33333 0.65116 1.00000 0.16838 0.16342
65.00000 32.00000 0.59531 0.73634 0.00000 0.23809 0.00752 0.04930 0.05440 0.29318 0.20881 0.09202 0.00103 0.02092 0.00000 0.04479 0.08855 0.00154 0.04915 0.94153 0.00000 0.04167 0.00000 0.00000 0.13272 0.14327
65.00000 33.00000 0.00005 0.00000 1.00000 1.00000 0.97385 0.92851 0.93111 1.00000 1.00000 0.99475 0.99943 0.86737 1.00000 0.92182 0.99477 0.99350 0.67532 0.04569 1.00000 0.92708 1.00000 1.00000 0.97359 0.98163
65.00000 34.00000 0.99976 0.99810 1.00000 0.00000 0.12937 0.29067 0.25538 0.00000 0.00063 0.00303 0.62711 0.27150 0.24324 0.48127 0.00315 0.99272 0.54208 0.38935 0.00000 0.29167 0.62791 1.00000 0.01337 0.02259
65.00000 35.00000 0.47610 0.83135 1.00000 0.62699 0.65859 0.65006 0.55863 0.50794 0.49937 0.47036 0.86398 0.59542 0.40541 0.66938 0.47034 0.99358 0.50214 0.32777 0.00000 0.64583 0.86469 1.00000 0.48834 0.49338
65.00000 36.00000 0.00001 0.00000 1.00000 1.00000 0.98587 0.91816 0.92976 1.00000 1.00000 0.99277 0.99937 0.86595 1.00000 0.92264 0.99483 0.99361 0.66264 0.02896 1.00000 0.93750 1.00000 1.00000 0.98697 0.98399
65.00000 37.00000 0.23806 0.29857 1.00000 0.59794 0.63409 0.70137 0.67867 0.61718 0.61509 0.61439 0.85343 0.64035 0.89189 0.74430 0.61408 0.99347 0.66735 0.11658 1.00000 0.67708 0.85412 1.00000 0.62243 0.63537
65.00000 38.00000 0.59514 0.73634 0.00000 0.23809 0.01413 0.06027 0.07681 0.29318 0.20881 0.09188 0.00108 0.01902 0.02703 0.05700 0.09030 0.00149 0.05436 0.95028 0.00000 0.03125 0.00000 0.00000 0.13855 0.15000
65.00000 39.00000 0.99991 0.99893 1.00000 0.00000 0.13387 0.28555 0.26640 0.00000 0.00000 0.00437 0.62730 0.27367 0.24324 0.48860 0.00413 0.99306 0.55770 0.37167 0.00000 0.29167 0.62791 1.00000 0.01166 0.02294
65.00000 40.00000 0.59512 0.73765 0.00000 0.23809 0.01220 0.03167 0.07187 0.29318 0.20881 0.09295 0.00095 0.01811 0.02703 0.04072 0.09017 0.00141 0.05172 0.94230 0.00000 0.06250 0.00000 0.00000 0.14060 0.14942
65.00000 41.00000 0.59517 0.73694 0.00000 0.23809 0.01330 0.05380 0.06489 0.29318 0.20881 0.09236 0.00106 0.01571 0.02703 0.05537 0.08984 0.00163 0.05455 0.95376 0.00000 0.04167 0.00000 0.00000 0.13957 0.14679
65.00000 42.00000 0.83327 0.99762 1.00000 0.06027 0.18488 0.33163 0.25345 0.14659 0.14403 0.13854 0.65065 0.29088 0.24324 0.47068 0.13583 0.99333 0.50424 0.36028 0.00000 0.34375 0.65116 1.00000 0.15809 0.16048
65.00000 43.00000 0.83330 0.99762 1.00000 0.06027 0.18304 0.31887 0.24789 0.14659 0.14403 0.13665 0.65063 0.28727 0.24324 0.46906 0.13811 0.99322 0.50845 0.37756 0.00000 0.32292 0.65116 1.00000 0.16015 0.16395
65.00000 44.00000 0.99978 0.99762 1.00000 0.00000 0.12891 0.31426 0.26534 0.00000 0.00000 0.00504 0.62713 0.26869 0.24324 0.48697 0.00388 0.99286 0.55427 0.39993 0.00000 0.29167 0.62791 1.00000 0.01097 0.02080
65.00000 45.00000 0.83316 0.99822 1.00000 0.06027 0.18616 0.34206 0.25324 0.14659 0.14403 0.13639 0.65058 0.29841 0.24324 0.46173 0.13646 0.99317 0.52471 0.35852 0.00000 0.32292 0.65116 1.00000 0.15878 0.16364
65.00000 46.00000 0.99987 0.99762 1.00000 0.00000 0.12570 0.29286 0.26385 0.00000 0.00000 0.00444 0.62713 0.26973 0.24324 0.48860 0.00396 0.99267 0.55905 0.36449 0.00000 0.27083 0.62791 1.00000 0.01406 0.01263
65.00000 47.00000 0.99978 0.99762 1.00000 0.00000 0.13020 0.31359 0.24989 0.00000 0.00063 0.00585 0.62704 0.26792 0.24324 0.48046 0.00325 0.99278 0.56153 0.38587 0.00000 0.27083 0.62791 1.00000 0.01818 0.01935
65.00000 48.00000 0.47628 0.83159 1.00000 0.62699 0.66070 0.64724 0.54896 0.50794 0.50000 0.47139 0.86405 0.59369 0.40541 0.68648 0.47176 0.99350 0.48793 0.31865 1.00000 0.63542 0.86469 1.00000 0.48868 0.49639
65.00000 49.00000 0.83334 0.99893 1.00000 0.06027 0.18240 0.32911 0.25468 0.14659 0.14403 0.13899 0.65056 0.29236 0.24324 0.47801 0.13791 0.99311 0.51333 0.36442 0.00000 0.32292 0.65116 1.00000 0.15844 0.16395
65.00000 50.00000 0.99979 0.99869 1.00000 0.00000 0.12928 0.32101 0.26713 0.00000 0.00063 0.00296 0.62709 0.27673 0.24324 0.48697 0.00256 0.99286 0.54836 0.38331 0.00000 0.30208 0.62791 1.00000 0.01509 0.01940
65.00000 51.00000 0.83321 0.99762 1.00000 0.06027 0.18983 0.34588 0.27825 0.14659 0.14403 0.13787 0.65054 0.29235 0.24324 0.46824 0.13507 0.99308 0.52352 0.37053 0.00000 0.31250 0.65116 1.00000 0.16427 0.16418
65.00000 52.00000 0.00000 0.00000 1.00000 1.00000 0.98743 0.95452 0.91595 1.00000 1.00000 0.99518 0.99951 0.86981 1.00000 0.93648 0.99368 0.99350 0.67644 0.04200 1.00000 0.93750 1.00000 1.00000 0.97634 0.98057
65.00000 53.00000 0.59527 0.73634 0.00000 0.23809 0.01422 0.04946 0.05887 0.29318 0.20881 0.09112 0.00106 0.02656 0.02703 0.04072 0.08961 0.00163 0.06424 0.92831 0.00000 0.05208 0.00000 0.00000 0.14060 0.14547
65.00000 54.00000 0.00006 0.00000 1.00000 1.00000 0.98514 0.93152 0.93010 1.00000 1.00000 0.99351 0.99954 0.86486 1.00000 0.91042 0.99518 0.99352 0.69177 0.03401 1.00000 0.93750 1.00000 1.00000 0.97874 0.97894
65.00000 55.00000 0.99978 0.99762 1.00000 0.00000 0.13029 0.30727 0.23966 0.00000 0.00000 0.00303 0.62719 0.27134 0.24324 0.49267 0.00350 0.99270 0.54717 0.38115 0.00000 0.30208 0.62791 1.00000 0.01783 0.01530
65.00000 56.00000 0.47625 0.83254 1.00000 0.62699 0.66235 0.66130 0.56824 0.50794 0.50000 0.47167 0.86398 0.59627 0.37838 0.67427 0.47168 0.99341 0.49403 0.31488 0.00000 0.63542 0.86469 1.00000 0.49177 0.48855
65.00000 57.00000 0.99984 0.99881 1.00000 0.00000 0.13405 0.30825 0.25788 0.00000 0.00063 0.00403 0.62723 0.27143 0.24324 0.48290 0.00446 0.99286 0.54337 0.36413 0.00000 0.29167 0.62791 1.00000 0.01235 0.02389
65.00000 58.00000 0.59508 0.73658 0.00000 0.23809 0.01541 0.05556 0.05529 0.29318 0.20881 0.09169 0.00110 0.01758 0.02703 0.04072 0.09048 0.00160 0.06776 0.93673 0.00000 0.05208 0.00000 0.00000 0.14540 0.14134
65.00000 59.00000 0.59529 0.73634 0.00000 0.23809 0.01450 0.04822 0.06838 0.29318 0.20818 0.09279 0.00110 0.01878 0.02703 0.04560 0.09045 0.00165 0.03565 0.93263 0.00000 0.05208 0.00000 0.00000 0.14232 0.14222
65.00000 60.00000 0.83322 0.99762 1.00000 0.06027 0.18451 0.32125 0.26546 0.14659 0.14403 0.13918 0.65061 0.29663 0.24324 0.46498 0.13644 0.99297 0.50769 0.38079 0.00000 0.33333 0.65116 1.00000 0.15809 0.16403
65.00000 61.00000 0.00002 0.00000 1.00000 1.00000 0.98339 0.94571 0.91997 1.00000 1.00000 0.99394 0.99935 0.86499 1.00000 0.91531 0.99584 0.99347 0.67832 0.04646 1.00000 0.95833 1.00000 1.00000 0.98594 0.98225
65.00000 62.00000 0.00002 0.00000 1.00000 1.00000 0.98330 0.95649 0.92587 1.00000 1.00000 0.99291 0.99947 0.86104 1.00000 0.93078 0.99490 0.99352 0.66921 0.03995 1.00000 0.93750 1.00000 1.00000 0.98045 0.98916
65.00000 63.00000 0.23800 0.29846 1.00000 0.59794 0.63584 0.68633 0.68163 0.61718 0.61509 0.61408 0.85355 0.63882 0.89189 0.75896 0.61474 0.99366 0.64826 0.12544 1.00000 0.68750 0.85412 1.00000 0.62723 0.63558
65.00000 64.00000 0.59514 0.73634 0.00000 0.23809 0.01459 0.04527 0.06720 0.29318 0.20881 0.09128 0.00118 0.01416 0.02703 0.06270 0.09015 0.00152 0.05565 0.95017 0.00000 0.05208 0.00000 0.00000 0.14163 0.14818
65.00000 65.00000 0.23807 0.29905 1.00000 0.59794 0.64052 0.68912 0.69694 0.61718 0.61509 0.61455 0.85336 0.65429 0.89189 0.75733 0.61560 0.99366 0.67449 0.11317 1.00000 0.68750 0.85412 1.00000 0.62689 0.63226
65.00000 66.00000 0.23822 0.29774 1.00000 0.59794 0.63841 0.70931 0.68630 0.61718 0.61509 0.61448 0.85332 0.64756 0.89189 0.75163 0.61489 0.99372 0.66080 0.13024 1.00000 0.70833 0.85412 1.00000 0.62929 0.63325
65.00000 67.00000 0.59528 0.73634 0.00000 0.23809 0.01541 0.04868 0.06482 0.29318 0.20881 0.09200 0.00110 0.02045 0.02703 0.04235 0.08885 0.00149 0.06598 0.94621 0.00000 0.05208 0.00000 0.00000 0.14335 0.14794
65.00000 68.00000 0.23806 0.29691 1.00000 0.59794 0.63960 0.68446 0.68943 0.61718 0.61572 0.61563 0.85343 0.64238 0.89189 0.75326 0.61390 0.99372 0.65940 0.10995 1.00000 0.70833 0.85412 1.00000 0.62826 0.63289
65.00000 69.00000 0.99994 0.99762 1.00000 0.00000 0.13185 0.30121 0.25211 0.00000 0.00000 0.00501 0.62723 0.27516 0.24324 0.47801 0.00353 0.99281 0.55834 0.38836 0.00000 0.31250 0.62791 1.00000 0.01749 0.01596
65.00000 70.00000 0.83319 0.99762 1.00000 0.06027 0.18204 0.32074 0.27283 0.14659 0.14403 0.13763 0.65061 0.29842 0.24324 0.47964 0.13770 0.99314 0.50547 0.36647 0.00000 0.32292 0.65116 1.00000 0.15844 0.16161
65.00000 71.00000 0.47628 0.83314 1.00000 0.62699 0.66079 0.64654 0.55081 0.50794 0.49937 0.47077 0.86390 0.60502 0.40541 0.67182 0.46947 0.99347 0.51490 0.32528 1.00000 0.63542 0.86469 1.00000 0.48628 0.49255
65.00000 72.00000 0.47615 0.83159 1.00000 0.62699 0.66346 0.65989 0.55577 0.50794 0.49937 0.47148 0.86403 0.60563 0.40541 0.69625 0.47001 0.99355 0.50676 0.33688 0.00000 0.66667 0.86469 1.00000 0.48834 0.48400
65.00000 73.00000 0.83326 0.99917 1.00000 0.06027 0.18515 0.34393 0.26686 0.14659 0.14403 0.13699 0.65058 0.29807 0.24324 0.45928 0.13644 0.99314 0.50909 0.37687 0.00000 0.30208 0.65116 1.00000 0.15741 0.16640
65.00000 74.00000 0.47619 0.83135 1.00000 0.62699 0.66208 0.68089 0.56547 0.50794 0.50000 0.47270 0.86407 0.59103 0.40541 0.66857 0.46955 0.99333 0.50109 0.31345 0.00000 0.65625 0.86469 1.00000 0.48868 0.49828
65.00000 75.00000 0.83315 0.99762 1.00000 0.06027 0.18938 0.33756 0.27050 0.14659 0.14403 0.13773 0.65061 0.30070 0.24324 0.48290 0.13672 0.99319 0.50633 0.37991 0.00000 0.34375 0.65116 1.00000 0.15638 0.16940
65.00000 76.00000 0.83322 0.99857 1.00000 0.06027 0.18470 0.31887 0.27139 0.14659 0.14403 0.13703 0.65056 0.29686 0.24324 0.48453 0.13628 0.99319 0.51409 0.36292 0.00000 0.33333 0.65116 1.00000 0.15672 0.16454
65.00000 77.00000 0.59513 0.73634 0.00000 0.23809 0.01587 0.07057 0.06205 0.29318 0.20818 0.09193 0.00110 0.02037 0.02703 0.05782 0.08984 0.00143 0.06679 0.95017 0.00000 0.05208 0.00000 0.00000 0.13683 0.14199
65.00000 78.00000 0.47622 0.83135 1.00000 0.62699 0.65951 0.67975 0.55666 0.50794 0.49937 0.47060 0.86396 0.60485 0.37838 0.67834 0.47021 0.99358 0.49150 0.32539 0.00000 0.65625 0.86469 1.00000 0.49280 0.49146
65.00000 79.00000 0.23823 0.29822 1.00000 0.59794 0.63593 0.67953 0.68413 0.61718 0.61572 0.61408 0.85345 0.64131 0.89189 0.74919 0.61448 0.99380 0.65559 0.11705 1.00000 0.69792 0.85412 1.00000 0.62894 0.63395
65.00000 80.00000 1.00000 0.99893 1.00000 0.00000 0.13249 0.30405 0.25261 0.00000 0.00000 0.00334 0.62730 0.27275 0.24324 0.49593 0.00302 0.99286 0.55789 0.40847 0.00000 0.28125 0.62791 1.00000 0.01097 0.02183
65.00000 81.00000 0.23823 0.29881 1.00000 0.59794 0.64088 0.70302 0.69224 0.61718 0.61509 0.61398 0.85345 0.64718 0.89189 0.75977 0.61425 0.99380 0.67094 0.13708 1.00000 0.69792 0.85412 1.00000 0.63134 0.63741
65.00000 82.00000 0.00003 0.00000 1.00000 1.00000 0.98468 0.94934 0.92136 1.00000 1.00000 0.99418 0.99949 0.86656 1.00000 0.92915 0.99437 0.99361 0.67699 0.05404 1.00000 0.94792 1.00000 1.00000 0.97771 0.98361
65.00000 83.00000 0.00005 0.00178 1.00000 1.00000 0.98348 0.94783 0.93966 1.00000 1.00000 0.99282 0.99958 0.86906 1.00000 0.92345 0.99498 0.99333 0.68094 0.04555 1.00000 0.94792 1.00000 1.00000 0.98080 0.97421
65.00000 84.00000 0.99997 0.99976 1.00000 0.00000 0.13176 0.28872 0.26397 0.00000 0.00063 0.00563 0.62738 0.27108 0.24324 0.48616 0.00249 0.99303 0.56107 0.37991 0.00000 0.28125 0.62791 1.00000 0.01680 0.01470
65.00000 85.00000 0.00001 0.00000 1.00000 1.00000 0.98339 0.93190 0.92483 1.00000 1.00000 0.99306 0.99943 0.86375 1.00000 0.92752 0.99490 0.99358 0.68080 0.03914 1.00000 0.94792 1.00000 1.00000 0.98251 0.97725
65.00000 86.00000 0.23811 0.29929 1.00000 0.59794 0.63712 0.71042 0.69776 0.61718 0.61572 0.61229 0.85343 0.64368 0.89189 0.76954 0.61476 0.99361 0.65459 0.12485 1.00000 0.69792 0.85412 1.00000 0.62860 0.63472
65.00000 87.00000 0.83331 0.99762 1.00000 0.06027 0.18479 0.33748 0.26320 0.14659 0.14403 0.13737 0.65071 0.29433 0.24324 0.46906 0.13669 0.99306 0.50566 0.36782 0.00000 0.33333 0.65116 1.00000 0.15912 0.16195
65.00000 88.00000 0.59527 0.73836 0.00000 0.23809 0.01358 0.06225 0.06499 0.29318 0.20881 0.09193 0.00112 0.02175 0.02703 0.06433 0.09086 0.00168 0.05415 0.94098 0.00000 0.05208 0.00000 0.00000 0.14129 0.14651
65.00000 89.00000 0.99995 0.99762 1.00000 0.00000 0.12680 0.31050 0.25268 0.00000 0.00000 0.00358 0.62709 0.27010 0.24324 0.49837 0.00434 0.99283 0.55303 0.37152 0.00000 0.30208 0.62791 1.00000 0.01680 0.01808
65.00000 90.00000 0.59526 0.73658 0.00000 0.23809 0.01367 0.04895 0.07474 0.29318 0.20881 0.09222 0.00127 0.01367 0.02703 0.05782 0.09035 0.00168 0.06329 0.93453 0.00000 0.04167 0.00000 0.00000 0.14232 0.14542
65.00000 91.00000 0.23805 0.29691 1.00000 0.59794 0.63877 0.70177 0.70962 0.61718 0.61509 0.61527 0.85345 0.64576 0.89189 0.76140 0.61337 0.99361 0.67135 0.12745 1.00000 0.70833 0.85412 1.00000 0.62997 0.62935
65.00000 92.00000 0.23804 0.29691 1.00000 0.59794 0.63960 0.71025 0.70276 0.61718 0.61509 0.61451 0.85338 0.64545 0.89189 0.75244 0.61451 0.99358 0.66228 0.10907 1.00000 0.70833 0.85412 1.00000 0.62791 0.63277
65.00000 93.00000 0.00001 0.00202 1.00000 1.00000 0.98615 0.95354 0.93345 1.00000 1.00000 0.99451 0.99941 0.87343 1.00000 0.92345 0.99488 0.99361 0.67949 0.04390 1.00000 0.95833 1.00000 1.00000 0.98011 0.98635
65.00000 94.00000 0.59518 0.73824 0.00000 0.23809 0.01376 0.04681 0.07110 0.29318 0.20881 0.09188 0.00114 0.01897 0.02703 0.05700 0.08994 0.00171 0.05286 0.94424 0.00000 0.05208 0.00000 0.00000 0.14472 0.13576
65.00000 95.00000 0.23815 0.29691 1.00000 0.59794 0.64125 0.68834 0.69802 0.61718 0.61572 0.61403 0.85353 0.64604 0.89189 0.75163 0.61425 0.99369 0.65747 0.11929 1.00000 0.68750 0.85412 1.00000 0.62929 0.63326
65.00000 96.00000 0.99989 0.99964 1.00000 0.00000 0.13120 0.30462 0.25259 0.00000 0.00063 0.00408 0.62730 0.27396 0.24324 0.49430 0.00408 0.99311 0.57276 0.37987 0.00000 0.29167 0.62791 1.00000 0.01715 0.02482
65.00000 97.00000 0.00002 0.00166 1.00000 1.00000 0.98257 0.94430 0.91154 1.00000 1.00000 0.99313 0.99943 0.86761 1.00000 0.91287 0.99358 0.99341 0.68011 0.03932 1.00000 0.92708 1.00000 1.00000 0.98217 0.97844
65.00000 98.00000 0.83326 0.99929 1.00000 0.06027 0.18846 0.32781 0.26181 0.14659 0.14403 0.13892 0.65077 0.29551 0.24324 0.47720 0.13568 0.99328 0.51716 0.37873 0.00000 0.32292 0.65116 1.00000 0.15878 0.16218
65.00000 99.00000 0.00004 0.00000 1.00000 1.00000 0.98605 0.93192 0.92810 1.00000 1.00000 0.99339 0.99945 0.86777 1.00000 0.92590 0.99475 0.99341 0.69070 0.04990 1.00000 0.94792 1.00000 1.00000 0.97805 0.97747
65.00000 100.00000 0.00002 0.00036 1.00000 1.00000 0.98248 0.94328 0.91966 1.00000 1.00000 0.99320 0.99943 0.87338 1.00000 0.92834 0.99510 0.99361 0.69482 0.04068 1.00000 0.93750 1.00000 1.00000 0.97394 0.98301
65.00000 101.00000 0.99995 0.99846 1.00000 0.00000 0.12827 0.30205 0.25538 0.00000 0.00063 0.00394 0.62736 0.26994 0.24324 0.48208 0.00269 0.99278 0.56895 0.39250 0.00000 0.30208 0.62791 1.00000 0.01578 0.02000
65.00000 102.00000 0.59520 0.73634 0.00000 0.23809 0.01395 0.07447 0.06208 0.29318 0.20881 0.09229 0.00131 0.02571 0.02703 0.04723 0.09020 0.00182 0.06393 0.93772 0.00000 0.05208 0.00000 0.00000 0.13820 0.14496
65.00000 103.00000 0.83313 0.99964 1.00000 0.06027 0.18855 0.34233 0.27105 0.14659 0.14403 0.13899 0.65069 0.30511 0.24324 0.48941 0.13517 0.99341 0.52416 0.36054 0.00000 0.32292 0.65116 1.00000 0.16152 0.16224
65.00000 104.00000 0.23811 0.29691 1.00000 0.59794 0.64052 0.69912 0.70464 0.61718 0.61572 0.61484 0.85353 0.64765 0.89189 0.75489 0.61428 0.99372 0.68337 0.12994 1.00000 0.68750 0.85412 1.00000 0.62997 0.63045
65.00000 105.00000 0.00002 0.00226 1.00000 1.00000 0.98624 0.93206 0.93316 1.00000 1.00000 0.99284 0.99941 0.87481 1.00000 0.92671 0.99419 0.99347 0.68929 0.04939 1.00000 0.95833 1.00000 1.00000 0.97291 0.97512
65.00000 106.00000 0.23811 0.29691 1.00000 0.59794 0.63666 0.71247 0.69263 0.61718 0.61509 0.61491 0.85360 0.64535 0.89189 0.75977 0.61405 0.99374 0.67437 0.11317 1.00000 0.69792 0.85412 1.00000 0.63134 0.62930
65.00000 107.00000 0.00003 0.00024 1.00000 1.00000 0.98284 0.95024 0.92329 1.00000 1.00000 0.99389 0.99958 0.87420 1.00000 0.94381 0.99450 0.99336 0.70248 0.04635 1.00000 0.93750 1.00000 1.00000 0.98114 0.97734
65.00000 108.00000 0.00006 0.00202 1.00000 1.00000 0.98192 0.94059 0.92440 1.00000 1.00000 0.99501 0.99960 0.87103 1.00000 0.93078 0.99310 0.99355 0.68572 0.04002 1.00000 0.93750 1.00000 1.00000 0.98217 0.98072
65.00000 109.00000 0.00000 0.00000 1.00000 1.00000 0.98440 0.93975 0.94606 1.00000 1.00000 0.99291 0.99943 0.87554 1.00000 0.93730 0.99366 0.99352 0.69896 0.04500 1.00000 0.94792 1.00000 1.00000 0.97977 0.98461
65.00000 110.00000 0.83336 0.99893 1.00000 0.06027 0.18093 0.35081 0.25410 0.14659 0.14403 0.13782 0.65075 0.30176 0.24324 0.46417 0.13656 0.99339 0.51592 0.36680 0.00000 0.32292 0.65116 1.00000 0.16187 0.16858
65.00000 111.00000 0.99996 0.99810 1.00000 0.00000 0.13561 0.29330 0.24922 0.00000 0.00000 0.00484 0.62742 0.28000 0.24324 0.49919 0.00259 0.99289 0.58314 0.38467 0.00000 0.30208 0.62791 1.00000 0.01097 0.01708
65.00000 112.00000 0.00005 0.00048 1.00000 1.00000 0.98514 0.94807 0.93776 1.00000 1.00000 0.99286 0.99951 0.87486 1.00000 0.93241 0.99381 0.99352 0.68982 0.05298 1.00000 0.92708 1.00000 1.00000 0.97668 0.98619
65.00000 113.00000 0.23824 0.29691 1.00000 0.59794 0.64015 0.69809 0.71162 0.61718 0.61509 0.61408 0.85343 0.64688 0.89189 0.75651 0.61504 0.99377 0.68001 0.12302 1.00000 0.68750 0.85412 1.00000 0.63066 0.62677
65.00000 114.00000 0.83318 0.99774 1.00000 0.06027 0.19075 0.33298 0.27733 0.14659 0.14403 0.13825 0.65082 0.30037 0.24324 0.48290 0.13697 0.99344 0.54796 0.38185 0.00000 0.31250 0.65116 1.00000 0.16015 0.16359
65.00000 115.00000 0.47609 0.83135 1.00000 0.62699 0.66235 0.66363 0.56636 0.50794 0.50000 0.47251 0.86411 0.60012 0.40541 0.68974 0.47125 0.99350 0.51887 0.33454 1.00000 0.65625 0.86469 1.00000 0.48217 0.49572
65.00000 116.00000 0.99999 0.99762 1.00000 0.00000 0.13350 0.31142 0.27192 0.00000 0.00063 0.00446 0.62749 0.27847 0.24324 0.47883 0.00287 0.99317 0.56307 0.40425 0.00000 0.29167 0.62791 1.00000 0.01920 0.01674
65.00000 117.00000 0.00006 0.00048 1.00000 1.00000 0.98459 0.96235 0.93393 1.00000 1.00000 0.99184 0.99954 0.87516 1.00000 0.92508 0.99472 0.99363 0.68929 0.04006 1.00000 0.94792 1.00000 1.00000 0.98457 0.98049
65.00000 118.00000 0.99980 0.99762 1.00000 0.00000 0.13276 0.30866 0.25798 0.00000 0.00000 0.00592 0.62732 0.27304 0.24324 0.48453 0.00365 0.99317 0.56824 0.38998 0.00000 0.30208 0.62791 1.00000 0.01406 0.01813
65.00000 119.00000 0.99998 0.99941 1.00000 0.00000 0.13295 0.30394 0.25201 0.00000 0.00063 0.00439 0.62749 0.27768 0.24324 0.48371 0.00337 0.99314 0.55581 0.39287 0.00000 0.31250 0.62791 1.00000 0.01132 0.01736
65.00000 120.00000 0.83314 0.99762 1.00000 0.06027 0.18855 0.33867 0.25880 0.14659 0.14403 0.13746 0.65075 0.30115 0.24324 0.46743 0.13669 0.99350 0.53937 0.37332 0.00000 0.33333 0.65116 1.00000 0.16187 0.15963
65.00000 121.00000 0.99997 0.99988 1.00000 0.00000 0.13148 0.32391 0.26431 0.00000 0.00063 0.00322 0.62744 0.27777 0.24324 0.48290 0.00276 0.99319 0.57298 0.38489 0.00000 0.31250 0.62791 1.00000 0.01097 0.01724
65.00000 122.00000 0.47627 0.83135 1.00000 0.62699 0.66612 0.65001 0.56696 0.50794 0.50000 0.47341 0.86417 0.60641 0.40541 0.68648 0.46960 0.99372 0.52532 0.32762 0.00000 0.66667 0.86469 1.00000 0.48594 0.48510
65.00000 123.00000 0.99984 0.99762 1.00000 0.00000 0.13341 0.31586 0.23949 0.00000 0.00063 0.00425 0.62736 0.28373 0.24324 0.49919 0.00375 0.99311 0.56512 0.39913 0.00000 0.31250 0.62791 1.00000 0.00857 0.01661
65.00000 124.00000 0.59525 0.73658 0.00000 0.23809 0.01652 0.04884 0.08116 0.29318 0.20881 0.09248 0.00135 0.02257 0.02703 0.06270 0.08908 0.00187 0.06798 0.94006 0.00000 0.04167 0.00000 0.00000 0.14026 0.14430
65.00000 125.00000 0.23801 0.29857 1.00000 0.59794 0.63740 0.70670 0.70168 0.61718 0.61509 0.61303 0.85351 0.65793 0.89189 0.76384 0.61390 0.99374 0.68370 0.12830 1.00000 0.69792 0.85412 1.00000 0.62620 0.62845
65.00000 126.00000 0.47623 0.83135 1.00000 0.62699 0.66043 0.67157 0.56578 0.50794 0.50000 0.47057 0.86428 0.61007 0.40541 0.68241 0.47056 0.99358 0.51504 0.32499 1.00000 0.65625 0.86469 1.00000 0.48663 0.49006
65.00000 127.00000 0.59513 0.73729 0.00000 0.23809 0.01477 0.05738 0.07134 0.29318 0.20881 0.09202 0.00141 0.02083 0.02703 0.04805 0.08837 0.00207 0.07697 0.95412 0.00000 0.04167 0.00000 0.00000 0.13923 0.14179
65.00000 128.00000 0.23811 0.29727 1.00000 0.59794 0.63841 0.71172 0.69581 0.61718 0.61572 0.61434 0.85357 0.64939 0.89189 0.77606 0.61372 0.99361 0.68846 0.12020 1.00000 0.68750 0.85412 1.00000 0.62311 0.62599
65.00000 129.00000 0.99997 0.99941 1.00000 0.00000 0.12928 0.32499 0.25225 0.00000 0.00000 0.00415 0.62753 0.28347 0.24324 0.47801 0.00276 0.99317 0.57012 0.38053 0.00000 0.29167 0.62791 1.00000 0.01132 0.01706
65.00000 130.00000 0.99980 0.99762 1.00000 0.00000 0.12818 0.30635 0.25292 0.00000 0.00063 0.00427 0.62744 0.27761 0.24324 0.49349 0.00221 0.99314 0.57597 0.38976 0.00000 0.28125 0.62791 1.00000 0.00926 0.02717
65.00000 131.00000 0.23820 0.29751 1.00000 0.59794 0.63786 0.71800 0.71270 0.61718 0.61572 0.61388 0.85345 0.64872 0.89189 0.76873 0.61357 0.99377 0.67523 0.11273 1.00000 0.69792 0.85412 1.00000 0.62449 0.62930
65.00000 132.00000 1.00000 0.99869 1.00000 0.00000 0.13451 0.29484 0.26965 0.00000 0.00063 0.00406 0.62761 0.28190 0.24324 0.49837 0.00320 0.99344 0.58162 0.38705 0.00000 0.30208 0.62791 1.00000 0.00274 0.01802
65.00000 133.00000 0.83314 1.00000 1.00000 0.06027 0.18396 0.33832 0.25933 0.14659 0.14403 0.13756 0.65090 0.29949 0.24324 0.48779 0.13707 0.99377 0.53589 0.37881 0.00000 0.35417 0.65116 1.00000 0.15741 0.16096
65.00000 134.00000 0.47611 0.83171 1.00000 0.62699 0.65933 0.66266 0.55081 0.50794 0.50000 0.46995 0.86409 0.60253 0.37838 0.67508 0.47120 0.99380 0.52768 0.33608 0.00000 0.65625 0.86469 1.00000 0.49314 0.48743
65.00000 135.00000 0.47622 0.83135 1.00000 0.62699 0.66456 0.66249 0.56764 0.50794 0.50000 0.47158 0.86411 0.60825 0.40541 0.68893 0.46980 0.99366 0.51835 0.32495 1.00000 0.66667 0.86469 1.00000 0.49074 0.48767
65.00000 136.00000 0.99997 0.99762 1.00000 0.00000 0.13148 0.30576 0.26708 0.00000 0.00063 0.00334 0.62757 0.27472 0.24324 0.49593 0.00358 0.99358 0.57659 0.39525 0.00000 0.30208 0.62791 1.00000 0.00789 0.02122
65.00000 137.00000 0.00005 0.00119 1.00000 1.00000 0.98504 0.95587 0.94344 1.00000 1.00000 0.99327 0.99951 0.88577 1.00000 0.94707 0.99429 0.99358 0.69341 0.04932 1.00000 0.94792 1.00000 1.00000 0.98388 0.98648
65.00000 138.00000 0.99980 0.99762 1.00000 0.00000 0.12873 0.31803 0.26224 0.00000 0.00063 0.00317 0.62753 0.28503 0.24324 0.50081 0.00386 0.99355 0.56998 0.38079 0.00000 0.30208 0.62791 1.00000 0.01543 0.01764
65.00000 139.00000 0.99999 0.99774 1.00000 0.00000 0.13313 0.33943 0.27591 0.00000 0.00063 0.00382 0.62755 0.28184 0.24324 0.49919 0.00355 0.99341 0.58519 0.38009 0.00000 0.32292 0.62791 1.00000 0.01372 0.02048
65.00000 140.00000 0.47607 0.83135 1.00000 0.62699 0.66575 0.67766 0.55534 0.50794 0.50000 0.47077 0.86428 0.61357 0.37838 0.68322 0.47112 0.99380 0.52659 0.34589 1.00000 0.65625 0.86469 1.00000 0.48834 0.48750
65.00000 141.00000 0.99994 0.99762 1.00000 0.00000 0.13029 0.31055 0.26965 0.00000 0.00000 0.00403 0.62766 0.28648 0.24324 0.49267 0.00315 0.99358 0.57452 0.37372 0.00000 0.31250 0.62791 1.00000 0.01303 0.02112
65.00000 142.00000 0.83318 0.99762 1.00000 0.06027 0.18818 0.35295 0.27353 0.14659 0.14403 0.13629 0.65109 0.31081 0.24324 0.48046 0.13545 0.99366 0.54208 0.38240 0.00000 0.31250 0.65116 1.00000 0.15123 0.16044
65.00000 143.00000 0.99984 0.99762 1.00000 0.00000 0.13231 0.30115 0.26474 0.00000 0.00063 0.00535 0.62768 0.27868 0.24324 0.48697 0.00307 0.99361 0.58073 0.40334 0.00000 0.29167 0.62791 1.00000 0.01303 0.01797
65.00000 144.00000 0.99986 0.99846 1.00000 0.00000 0.13946 0.31367 0.27454 0.00000 0.00063 0.00410 0.62759 0.29016 0.24324 0.51140 0.00238 0.99358 0.58193 0.38602 0.00000 0.30208 0.62791 1.00000 0.01166 0.02230
65.00000 145.00000 0.83313 0.99762 1.00000 0.06027 0.18690 0.33818 0.27088 0.14659 0.14403 0.13634 0.65103 0.30565 0.24324 0.48046 0.13606 0.99372 0.53399 0.38452 0.00000 0.32292 0.65116 1.00000 0.16118 0.15785
65.00000 146.00000 0.83321 0.99929 1.00000 0.06027 0.18607 0.33599 0.26339 0.14659 0.14403 0.13823 0.65105 0.30083 0.24324 0.48046 0.13575 0.99383 0.54817 0.36907 0.00000 0.34375 0.65116 1.00000 0.15981 0.15918
65.00000 147.00000 0.59512 0.73789 0.00000 0.23809 0.00706 0.06442 0.08213 0.29318 0.20881 0.09081 0.00163 0.02929 0.02703 0.05537 0.08898 0.00223 0.07312 0.95540 0.00000 0.05208 0.00000 0.00000 0.13752 0.14059
65.00000 148.00000 0.83336 0.99846 1.00000 0.06027 0.19057 0.34658 0.25796 0.14659 0.14403 0.13780 0.65103 0.31002 0.24324 0.48534 0.13707 0.99374 0.53466 0.37361 0.00000 0.34375 0.65116 1.00000 0.15535 0.16233
65.00000 149.00000 0.59529 0.73789 0.00000 0.23809 0.01275 0.06309 0.07820 0.29318 0.20881 0.09088 0.00148 0.03236 0.02703 0.05782 0.09045 0.00212 0.07355 0.94731 0.00000 0.04167 0.00000 0.00000 0.14266 0.14137
65.00000 150.00000 0.00005 0.00190 1.00000 1.00000 0.98275 0.97711 0.94028 1.00000 1.00000 0.99360 0.99951 0.88174 1.00000 0.93974 0.99480 0.99355 0.72002 0.04800 1.00000 0.94792 1.00000 1.00000 0.97085 0.97440
65.00000 151.00000 0.23800 0.29691 1.00000 0.59794 0.63896 0.68964 0.71364 0.61718 0.61572 0.61525 0.85355 0.66434 0.89189 0.77362 0.61535 0.99372 0.70048 0.12511 1.00000 0.68750 0.85412 1.00000 0.62620 0.63403
65.00000 152.00000 0.83322 0.99846 1.00000 0.06027 0.19121 0.33499 0.28419 0.14659 0.14403 0.13687 0.65105 0.30797 0.24324 0.47720 0.13633 0.99394 0.55039 0.38338 0.00000 0.34375 0.65116 1.00000 0.15501 0.16086
65.00000 153.00000 0.99997 0.99893 1.00000 0.00000 0.13249 0.31537 0.27432 0.00000 0.00063 0.00444 0.62780 0.28870 0.24324 0.51384 0.00429 0.99366 0.59047 0.39759 0.00000 0.29167 0.62791 1.00000 0.01269 0.01928
65.00000 154.00000 0.23823 0.29822 1.00000 0.59794 0.64162 0.71299 0.69915 0.61718 0.61572 0.61496 0.85366 0.66534 0.89189 0.77199 0.61268 0.99385 0.70726 0.13445 1.00000 0.69792 0.85412 1.00000 0.62106 0.62914
65.00000 155.00000 0.23815 0.29786 1.00000 0.59794 0.64189 0.69340 0.69352 0.61718 0.61572 0.61131 0.85362 0.65520 0.89189 0.78176 0.61365 0.99385 0.70453 0.11932 1.00000 0.70833 0.85412 1.00000 0.62620 0.62884
65.00000 156.00000 0.47616 0.83266 1.00000 0.62699 0.66235 0.67000 0.55428 0.50794 0.50000 0.47139 0.86413 0.61541 0.40541 0.68322 0.47023 0.99399 0.53311 0.32524 1.00000 0.66667 0.86469 1.00000 0.48560 0.49142
65.00000 157.00000 0.23818 0.29727 1.00000 0.59794 0.63896 0.71172 0.71521 0.61718 0.61509 0.61436 0.85360 0.65404 0.89189 0.77443 0.61304 0.99385 0.70529 0.13130 1.00000 0.69792 0.85412 1.00000 0.62277 0.62681
65.00000 158.00000 0.99988 0.99988 1.00000 0.00000 0.13735 0.32201 0.27697 0.00000 0.00063 0.00286 0.62768 0.28581 0.24324 0.48779 0.00254 0.99383 0.61370 0.39913 0.00000 0.31250 0.62791 1.00000 0.01475 0.01732
65.00000 159.00000 0.23818 0.29691 1.00000 0.59794 0.63960 0.72466 0.69482 0.61718 0.61572 0.61470 0.85355 0.66370 0.89189 0.77932 0.61425 0.99388 0.71155 0.13327 1.00000 0.70833 0.85412 1.00000 0.62620 0.62467
65.00000 160.00000 0.83321 0.99762 1.00000 0.06027 0.18901 0.34406 0.26349 0.14659 0.14465 0.13684 0.65124 0.30768 0.24324 0.48616 0.13542 0.99432 0.55179 0.38221 0.00000 0.33333 0.65116 1.00000 0.15432 0.16270
65.00000 161.00000 0.99984 0.99762 1.00000 0.00000 0.13001 0.29102 0.26527 0.00000 0.00063 0.00353 0.62795 0.28594 0.24324 0.49919 0.00434 0.99399 0.60744 0.38595 0.00000 0.30208 0.62791 1.00000 0.00926 0.01627
65.00000 162.00000 0.00002 0.00000 1.00000 1.00000 0.98560 0.94241 0.95708 1.00000 1.00000 0.99184 0.99945 0.88665 1.00000 0.94625 0.99285 0.99355 0.70695 0.05144 1.00000 0.94792 1.00000 1.00000 0.98045 0.98017
65.00000 163.00000 0.47610 0.83373 1.00000 0.62699 0.66089 0.67035 0.58131 0.50794 0.50000 0.46993 0.86443 0.61889 0.40541 0.69707 0.46904 0.99405 0.54710 0.34732 1.00000 0.66667 0.86469 1.00000 0.49829 0.48519
65.00000 164.00000 0.59530 0.73741 0.00000 0.23809 0.01459 0.06623 0.08923 0.29318 0.20881 0.09279 0.00182 0.03567 0.02703 0.07410 0.08888 0.00245 0.09671 0.97353 0.00000 0.05208 0.00000 0.00000 0.13443 0.14387
65.00000 165.00000 0.99979 0.99762 1.00000 0.00000 0.13414 0.31708 0.26758 0.00000 0.00063 0.00332 0.62808 0.29002 0.24324 0.51059 0.00411 0.99405 0.60677 0.38423 0.00000 0.30208 0.62791 1.00000 0.01372 0.01986
65.00000 166.00000 0.00003 0.00000 1.00000 1.00000 0.98853 0.95379 0.95420 1.00000 1.00000 0.99043 0.99949 0.89130 1.00000 0.94788 0.99297 0.99355 0.72895 0.05675 1.00000 0.95833 1.00000 1.00000 0.97531 0.98183
65.00000 167.00000 0.47613 0.83337 1.00000 0.62699 0.66694 0.65857 0.57476 0.50794 0.50000 0.47077 0.86422 0.62277 0.37838 0.68974 0.47034 0.99394 0.54437 0.33959 1.00000 0.66667 0.86469 1.00000 0.48491 0.49443
65.00000 168.00000 0.59522 0.73634 0.00000 0.23809 0.01808 0.09386 0.08010 0.29318 0.20881 0.09100 0.00179 0.03468 0.02703 0.06189 0.08959 0.00278 0.10837 0.96650 0.00000 0.05208 0.00000 0.00000 0.14060 0.13920
65.00000 169.00000 0.83326 0.99762 1.00000 0.06027 0.18543 0.34772 0.27343 0.14659 0.14403 0.13722 0.65137 0.31071 0.24324 0.49104 0.13590 0.99446 0.55241 0.38313 0.00000 0.32292 0.65116 1.00000 0.15021 0.16197
65.00000 170.00000 0.23801 0.29905 1.00000 0.59794 0.64162 0.69546 0.71480 0.61718 0.61572 0.61286 0.85355 0.66765 0.89189 0.77932 0.61428 0.99372 0.73054 0.14349 1.00000 0.72917 0.85412 1.00000 0.62414 0.62829
65.00000 171.00000 0.47609 0.83254 1.00000 0.62699 0.66905 0.67504 0.57594 0.50794 0.50000 0.46957 0.86449 0.61985 0.40541 0.68893 0.46985 0.99416 0.54922 0.33934 1.00000 0.67708 0.86469 1.00000 0.48422 0.48296
65.00000 172.00000 0.99990 1.00000 1.00000 0.00000 0.13240 0.30527 0.26575 0.00000 0.00063 0.00215 0.62814 0.29408 0.24324 0.50326 0.00403 0.99413 0.60423 0.38792 0.00000 0.31250 0.62791 1.00000 0.00720 0.01183
65.00000 173.00000 0.99978 0.99976 1.00000 0.00000 0.13506 0.31266 0.26250 0.00000 0.00063 0.00308 0.62810 0.29350 0.24324 0.49919 0.00312 0.99427 0.62015 0.39323 0.00000 0.31250 0.62791 1.00000 0.01200 0.02335
65.00000 174.00000 0.99999 0.99762 1.00000 0.00000 0.13552 0.33642 0.27983 0.00000 0.00063 0.00382 0.62820 0.30147 0.24324 0.50081 0.00269 0.99441 0.61734 0.38818 0.00000 0.32292 0.62791 1.00000 0.01715 0.01381
65.00000 175.00000 0.59520 0.73646 0.00000 0.23809 0.01523 0.07309 0.08615 0.29318 0.20881 0.09291 0.00211 0.04371 0.02703 0.07329 0.08913 0.00300 0.10865 0.95720 0.00000 0.07292 0.00000 0.00000 0.13992 0.14629
65.00000 176.00000 0.59518 0.73634 0.00000 0.23809 0.01367 0.05694 0.06727 0.29318 0.20881 0.09183 0.00215 0.03909 0.00000 0.05537 0.08931 0.00284 0.12094 0.95478 0.00000 0.07292 0.00000 0.00000 0.13683 0.14978
65.00000 177.00000 0.99982 0.99762 1.00000 0.00000 0.13754 0.30784 0.26804 0.00000 0.00063 0.00535 0.62835 0.29657 0.24324 0.51466 0.00358 0.99427 0.61825 0.39159 0.00000 0.31250 0.62791 1.00000 0.01680 0.01578
65.00000 178.00000 0.00002 0.00000 1.00000 1.00000 0.98871 0.94834 0.95571 1.00000 1.00000 0.99172 0.99958 0.89489 1.00000 0.96010 0.99173 0.99377 0.74737 0.06019 1.00000 0.95833 1.00000 1.00000 0.97222 0.97537
65.00000 179.00000 0.99995 0.99846 1.00000 0.00000 0.13442 0.31543 0.27642 0.00000 0.00063 0.00317 0.62820 0.30667 0.24324 0.51710 0.00241 0.99443 0.64191 0.39664 0.00000 0.32292 0.62791 1.00000 0.00960 0.02017
65.00000 180.00000 0.99977 0.99762 1.00000 0.00000 0.13689 0.31591 0.27050 0.00000 0.00063 0.00427 0.62844 0.29640 0.24324 0.50651 0.00363 0.99460 0.62677 0.38598 0.00000 0.30208 0.62791 1.00000 0.01680 0.02058
65.00000 181.00000 0.99994 0.99762 1.00000 0.00000 0.13487 0.32345 0.26433 0.00000 0.00063 0.00241 0.62837 0.30208 0.24324 0.51059 0.00370 0.99460 0.63115 0.39122 0.00000 0.31250 0.62791 1.00000 0.01680 0.01798
65.00000 182.00000 0.59509 0.73741 0.00000 0.23809 0.01285 0.05594 0.08475 0.29318 0.20881 0.09164 0.00228 0.04779 0.02703 0.07085 0.09004 0.00322 0.14205 0.95903 0.00000 0.06250 0.00000 0.00000 0.13443 0.14416
65.00000 183.00000 0.99996 0.99762 1.00000 0.00000 0.13955 0.33583 0.27531 0.00000 0.00063 0.00442 0.62844 0.30096 0.24324 0.51466 0.00347 0.99463 0.64916 0.39294 0.00000 0.30208 0.62791 1.00000 0.01372 0.01898
65.00000 184.00000 0.99980 0.99917 1.00000 0.00000 0.13552 0.31437 0.27567 0.00000 0.00063 0.00317 0.62852 0.30596 0.24324 0.50163 0.00360 0.99463 0.64214 0.38536 0.00000 0.29167 0.62791 1.00000 0.01475 0.01598
65.00000 185.00000 0.83318 0.99762 1.00000 0.06027 0.19323 0.34197 0.29538 0.14659 0.14403 0.13570 0.65194 0.32338 0.24324 0.50733 0.13669 0.99487 0.59611 0.39254 0.00000 0.35417 0.65116 1.00000 0.15878 0.15767
65.00000 186.00000 0.23821 0.29905 1.00000 0.59794 0.64657 0.72079 0.71270 0.61718 0.61572 0.61269 0.85364 0.67501 0.89189 0.78094 0.61200 0.99408 0.75960 0.14503 1.00000 0.72917 0.85412 1.00000 0.62174 0.63466
65.00000 187.00000 0.00005 0.00190 1.00000 1.00000 0.98486 0.96636 0.98330 1.00000 1.00000 0.98950 0.99962 0.90715 1.00000 0.95521 0.99163 0.99347 0.77091 0.07857 1.00000 0.96875 1.00000 1.00000 0.96914 0.96842
65.00000 188.00000 0.47615 0.83135 1.00000 0.62699 0.67208 0.68994 0.60018 0.50794 0.50000 0.46898 0.86468 0.63586 0.37838 0.69788 0.47046 0.99446 0.58797 0.34666 1.00000 0.67708 0.86469 1.00000 0.47942 0.48880
65.00000 189.00000 0.59513 0.73658 0.00000 0.23809 0.02175 0.04036 0.09137 0.29318 0.20881 0.09109 0.00247 0.05161 0.02703 0.08876 0.08974 0.00361 0.12922 0.96990 0.00000 0.07292 0.00000 0.00000 0.14060 0.14195
65.00000 190.00000 0.23811 0.29691 1.00000 0.59794 0.64722 0.72410 0.72038 0.61718 0.61572 0.61303 0.85379 0.68695 0.89189 0.78990 0.61182 0.99396 0.75741 0.14371 1.00000 0.72917 0.85412 1.00000 0.62243 0.61621
65.00000 191.00000 0.59523 0.73729 0.00000 0.23809 0.01633 0.06672 0.10220 0.29318 0.20881 0.09083 0.00251 0.04804 0.02703 0.07736 0.08994 0.00339 0.12374 0.97810 0.00000 0.07292 0.00000 0.00000 0.14198 0.13887
65.00000 192.00000 0.83328 0.99798 1.00000 0.06027 0.19699 0.36332 0.28535 0.14659 0.14465 0.13785 0.65219 0.33036 0.24324 0.49756 0.13666 0.99556 0.62253 0.39016 0.00000 0.35417 0.65116 1.00000 0.15741 0.16847
65.00000 193.00000 0.47623 0.83135 1.00000 0.62699 0.66896 0.66550 0.57486 0.50794 0.50000 0.46950 0.86479 0.63192 0.37838 0.69544 0.46841 0.99468 0.59437 0.36691 1.00000 0.68750 0.86469 1.00000 0.48148 0.48613
65.00000 194.00000 0.99979 0.99846 1.00000 0.00000 0.13744 0.30454 0.28523 0.00000 0.00063 0.00403 0.62903 0.31297 0.24324 0.50407 0.00241 0.99523 0.65669 0.39320 0.00000 0.31250 0.62791 1.00000 0.01372 0.02068
65.00000 195.00000 0.83334 0.99762 1.00000 0.06027 0.19470 0.37413 0.29305 0.14659 0.14403 0.13627 0.65238 0.33091 0.24324 0.50977 0.13540 0.99570 0.62056 0.39316 0.00000 0.35417 0.65116 1.00000 0.15638 0.16331
65.00000 196.00000 0.83330 0.99762 1.00000 0.06027 0.19029 0.36690 0.28874 0.14659 0.14403 0.13629 0.65232 0.33557 0.24324 0.50326 0.13568 0.99554 0.61518 0.39217 0.00000 0.34375 0.65116 1.00000 0.15158 0.15874
65.00000 197.00000 0.00004 0.00071 1.00000 1.00000 0.99284 0.96319 0.96613 1.00000 1.00000 0.98902 0.99968 0.91492 1.00000 0.95684 0.99107 0.99358 0.79459 0.06774 1.00000 0.96875 1.00000 1.00000 0.97325 0.97063
65.00000 198.00000 0.83331 0.99846 1.00000 0.06027 0.19387 0.35712 0.29938 0.14659 0.14465 0.13799 0.65240 0.33973 0.24324 0.50326 0.13608 0.99559 0.62862 0.37540 0.00000 0.34375 0.65116 1.00000 0.15535 0.16090
65.00000 199.00000 0.99993 0.99798 1.00000 0.00000 0.13634 0.31887 0.28361 0.00000 0.00063 0.00348 0.62901 0.31785 0.27027 0.51710 0.00378 0.99554 0.68018 0.38895 0.00000 0.31250 0.62791 1.00000 0.00549 0.01530
65.00000 200.00000 0.99978 0.99762 1.00000 0.00000 0.13818 0.33905 0.27875 0.00000 0.00063 0.00475 0.62911 0.31984 0.24324 0.53176 0.00398 0.99526 0.67466 0.39495 0.00000 0.32292 0.62791 1.00000 0.00892 0.01932
65.00000 201.00000 0.59509 0.73634 0.00000 0.23809 0.01459 0.09273 0.09120 0.29318 0.20881 0.09183 0.00302 0.05819 0.00000 0.08958 0.08883 0.00419 0.15852 0.98070 0.00000 0.06250 0.00000 0.00000 0.13580 0.13727
65.00000 202.00000 0.83328 0.99893 1.00000 0.06027 0.19644 0.38196 0.29334 0.14659 0.14465 0.13665 0.65263 0.34306 0.24324 0.51059 0.13666 0.99609 0.64310 0.40034 0.00000 0.36458 0.65116 1.00000 0.15535 0.16034
65.00000 203.00000 0.59515 0.73634 0.00000 0.23809 0.01734 0.06073 0.10771 0.29318 0.20881 0.09117 0.00306 0.06016 0.02703 0.09121 0.08771 0.00430 0.17151 0.99008 0.00000 0.06250 0.00000 0.00000 0.13477 0.13942
65.00000 204.00000 0.59512 0.73634 0.00000 0.23809 0.01541 0.07227 0.09057 0.29318 0.20881 0.09260 0.00315 0.06355 0.02703 0.07085 0.08840 0.00438 0.17142 0.98671 0.00000 0.07292 0.00000 0.00000 0.13615 0.13888
65.00000 205.00000 0.00002 0.00178 1.00000 1.00000 0.99101 0.97779 0.97145 1.00000 1.00000 0.98938 0.99964 0.92481 1.00000 0.96091 0.99193 0.99377 0.82196 0.05792 1.00000 0.98958 1.00000 1.00000 0.97051 0.96938
65.00000 206.00000 0.99986 0.99846 1.00000 0.00000 0.13662 0.33523 0.29165 0.00000 0.00063 0.00394 0.62939 0.32833 0.24324 0.53827 0.00205 0.99578 0.68979 0.40356 0.00000 0.32292 0.62791 1.00000 0.01097 0.01735
