165.00000 1.00000 0.00001 0.00000 1.00000 1.00000 0.98303 0.93450 0.92197 1.00000 1.00000 0.99499 0.99937 0.86752 1.00000 0.92590 0.99589 0.99339 0.65980 0.04518 1.00000 0.92708 1.00000 1.00000 0.97942 0.98650
165.00000 2.00000 0.99994 0.99762 1.00000 0.00000 0.13377 0.30167 0.22462 0.00000 0.00063 0.00305 0.62696 0.26290 0.24324 0.48779 0.00297 0.99245 0.53649 0.36962 0.00000 0.27083 0.62791 1.00000 0.01509 0.01508
165.00000 3.00000 0.83335 0.99762 1.00000 0.06027 0.18066 0.33382 0.25613 0.14659 0.14403 0.13801 0.65020 0.28266 0.24324 0.45358 0.13699 0.99292 0.49791 0.36654 0.00000 0.31250 0.65116 1.00000 0.15741 0.16867
165.00000 4.00000 0.00006 0.00166 1.00000 1.00000 0.98514 0.92380 0.92033 1.00000 1.00000 0.99544 0.99924 0.86083 1.00000 0.92427 0.99490 0.99347 0.67649 0.03742 1.00000 0.92708 1.00000 1.00000 0.98765 0.99313
165.00000 5.00000 0.47614 0.83135 1.00000 0.62699 0.65630 0.65773 0.53606 0.50794 0.50000 0.47034 0.86400 0.59311 0.40541 0.66368 0.47234 0.99322 0.49357 0.32345 0.00000 0.64583 0.86469 1.00000 0.49074 0.49527
165.00000 6.00000 0.00003 0.00000 1.00000 1.00000 0.98431 0.95885 0.94134 1.00000 1.00000 0.99394 0.99939 0.86356 1.00000 0.90065 0.99526 0.99363 0.66176 0.04394 1.00000 0.92708 1.00000 1.00000 0.98628 0.98177
165.00000 7.00000 0.99990 0.99988 1.00000 0.00000 0.12561 0.30356 0.24375 0.00000 0.00000 0.00336 0.62692 0.25332 0.24324 0.46987 0.00388 0.99242 0.53256 0.37214 0.00000 0.28125 0.62791 1.00000 0.01132 0.02061
165.00000 8.00000 1.00000 0.99762 1.00000 0.00000 0.12276 0.28641 0.24561 0.00000 0.00063 0.00616 0.62687 0.26316 0.24324 0.48697 0.00299 0.99248 0.52944 0.37749 0.00000 0.27083 0.62791 1.00000 0.01372 0.02083
165.00000 9.00000 0.59523 0.73777 0.00000 0.23809 0.01330 0.03782 0.06301 0.29318 0.20818 0.09210 0.00078 0.01317 0.02703 0.03909 0.09091 0.00121 0.04998 0.94746 0.00000 0.02083 0.00000 0.00000 0.13820 0.14681
165.00000 10.00000 0.83320 0.99952 1.00000 0.06027 0.18369 0.32575 0.25345 0.14659 0.14403 0.13780 0.65027 0.29254 0.24324 0.46906 0.13758 0.99267 0.50700 0.35951 0.00000 0.33333 0.65116 1.00000 0.15364 0.16141
165.00000 11.00000 0.99999 0.99881 1.00000 0.00000 0.13139 0.27777 0.25524 0.00000 0.00000 0.00320 0.62709 0.26347 0.24324 0.48208 0.00320 0.99259 0.53068 0.37427 0.00000 0.29167 0.62791 1.00000 0.01166 0.01769
165.00000 12.00000 0.99983 0.99762 1.00000 0.00000 0.12542 0.29747 0.25382 0.00000 0.00000 0.00496 0.62698 0.26716 0.24324 0.46824 0.00459 0.99253 0.53868 0.36965 0.00000 0.28125 0.62791 1.00000 0.01749 0.02831
165.00000 13.00000 0.47626 0.83135 1.00000 0.62699 0.66052 0.67431 0.53712 0.50794 0.49937 0.47256 0.86392 0.59442 0.40541 0.65798 0.47176 0.99347 0.49222 0.33513 0.00000 0.64583 0.86469 1.00000 0.48628 0.49222
165.00000 14.00000 0.47618 0.83135 1.00000 0.62699 0.66290 0.64413 0.54694 0.50794 0.49937 0.47141 0.86379 0.59142 0.37838 0.67020 0.47044 0.99322 0.48827 0.32436 0.00000 0.62500 0.86469 1.00000 0.49314 0.49667
165.00000 15.00000 0.00005 0.00214 1.00000 1.00000 0.98257 0.92954 0.91881 1.00000 1.00000 0.99640 0.99935 0.85930 1.00000 0.90798 0.99541 0.99344 0.66775 0.03621 1.00000 0.92708 1.00000 1.00000 0.97977 0.98410
165.00000 16.00000 0.59526 0.73634 0.00000 0.23809 0.01092 0.05087 0.05194 0.29318 0.20818 0.09169 0.00076 0.00750 0.02703 0.03664 0.08946 0.00105 0.04051 0.93278 0.00000 0.04167 0.00000 0.00000 0.14403 0.14881
165.00000 17.00000 0.99995 0.99976 1.00000 0.00000 0.13331 0.30641 0.23052 0.00000 0.00000 0.00413 0.62681 0.26689 0.24324 0.47394 0.00446 0.99256 0.52547 0.37723 0.00000 0.28125 0.62791 1.00000 0.00892 0.02014
165.00000 18.00000 0.99988 0.99941 1.00000 0.00000 0.13221 0.28170 0.22546 0.00000 0.00063 0.00492 0.62689 0.25826 0.24324 0.47883 0.00332 0.99245 0.54579 0.36768 0.00000 0.31250 0.62791 1.00000 0.00926 0.02726
165.00000 19.00000 0.99981 0.99893 1.00000 0.00000 0.12368 0.29492 0.25304 0.00000 0.00000 0.00446 0.62679 0.26628 0.24324 0.45603 0.00386 0.99237 0.53101 0.37837 0.00000 0.29167 0.62791 1.00000 0.01200 0.02336
165.00000 20.00000 0.47618 0.83183 1.00000 0.62699 0.65804 0.65082 0.55630 0.50794 0.49937 0.47258 0.86381 0.58556 0.40541 0.65065 0.47049 0.99319 0.47770 0.31836 0.00000 0.65625 0.86469 1.00000 0.48560 0.49499
165.00000 21.00000 0.23821 0.29691 1.00000 0.59794 0.63997 0.70727 0.68134 0.61718 0.61509 0.61627 0.85326 0.63438 0.89189 0.74349 0.61489 0.99358 0.63719 0.11361 1.00000 0.68750 0.85412 1.00000 0.64060 0.63576
165.00000 22.00000 0.99993 0.99881 1.00000 0.00000 0.12937 0.31914 0.23097 0.00000 0.00000 0.00461 0.62679 0.26341 0.24324 0.47150 0.00396 0.99248 0.53715 0.38108 0.00000 0.28125 0.62791 1.00000 0.01646 0.01766
165.00000 23.00000 0.00002 0.00000 1.00000 1.00000 0.98027 0.92689 0.92303 1.00000 1.00000 0.99568 0.99956 0.86286 1.00000 0.93404 0.99399 0.99350 0.65711 0.03299 1.00000 0.92708 1.00000 1.00000 0.98045 0.97840
165.00000 24.00000 0.23804 0.29762 1.00000 0.59794 0.63382 0.71069 0.69046 0.61718 0.61509 0.61651 0.85330 0.63984 0.89189 0.74267 0.61344 0.99363 0.66004 0.12592 1.00000 0.68750 0.85412 1.00000 0.63032 0.64147
165.00000 25.00000 0.23817 0.29869 1.00000 0.59794 0.63896 0.70603 0.69636 0.61718 0.61509 0.61661 0.85341 0.63493 0.89189 0.74023 0.61621 0.99352 0.63093 0.12354 1.00000 0.70833 0.85412 1.00000 0.63032 0.62703
165.00000 26.00000 0.23815 0.29691 1.00000 0.59794 0.63786 0.70446 0.68175 0.61718 0.61509 0.61434 0.85336 0.63811 0.89189 0.75977 0.61532 0.99333 0.66030 0.12218 1.00000 0.69792 0.85412 1.00000 0.62860 0.63264
165.00000 27.00000 0.99992 0.99941 1.00000 0.00000 0.13350 0.28111 0.23978 0.00000 0.00000 0.00463 0.62698 0.26035 0.24324 0.48290 0.00284 0.99228 0.54189 0.38723 0.00000 0.29167 0.62791 1.00000 0.01406 0.02261
165.00000 28.00000 0.23813 0.29786 1.00000 0.59794 0.63575 0.70608 0.69638 0.61718 0.61509 0.61314 0.85338 0.63532 0.89189 0.75651 0.61497 0.99358 0.64669 0.11995 1.00000 0.68750 0.85412 1.00000 0.63615 0.63846
165.00000 29.00000 0.99983 0.99762 1.00000 0.00000 0.13130 0.28788 0.22236 0.00000 0.00063 0.00413 0.62694 0.26553 0.24324 0.47150 0.00431 0.99248 0.53454 0.36493 0.00000 0.29167 0.62791 1.00000 0.01783 0.02120
165.00000 30.00000 0.00000 0.00143 1.00000 1.00000 0.98376 0.94552 0.91145 1.00000 1.00000 0.99523 0.99935 0.85729 1.00000 0.90961 0.99543 0.99339 0.65124 0.03650 1.00000 0.92708 1.00000 1.00000 0.98697 0.98859
165.00000 31.00000 0.99983 0.99834 1.00000 0.00000 0.12653 0.28612 0.23275 0.00000 0.00000 0.00360 0.62694 0.26774 0.24324 0.46336 0.00299 0.99272 0.52609 0.38489 0.00000 0.28125 0.62791 1.00000 0.01612 0.01899
165.00000 32.00000 0.00007 0.00000 1.00000 1.00000 0.98321 0.94390 0.93058 1.00000 1.00000 0.99485 0.99949 0.86328 1.00000 0.90554 0.99531 0.99339 0.66516 0.03907 1.00000 0.93750 1.00000 1.00000 0.98457 0.99072
165.00000 33.00000 0.99979 0.99762 1.00000 0.00000 0.13020 0.30313 0.24476 0.00000 0.00000 0.00253 0.62689 0.26778 0.24324 0.47964 0.00292 0.99239 0.53639 0.38393 0.00000 0.28125 0.62791 1.00000 0.01200 0.02441
165.00000 34.00000 0.99978 0.99964 1.00000 0.00000 0.12836 0.29833 0.24515 0.00000 0.00000 0.00346 0.62692 0.26835 0.24324 0.48371 0.00474 0.99259 0.52794 0.38514 0.00000 0.29167 0.62791 1.00000 0.01818 0.01966
165.00000 35.00000 0.83328 0.99988 1.00000 0.06027 0.18259 0.33523 0.24720 0.14659 0.14403 0.13720 0.65031 0.28756 0.24324 0.45358 0.13707 0.99278 0.50195 0.34988 0.00000 0.32292 0.65116 1.00000 0.16461 0.16530
165.00000 36.00000 0.83334 0.99798 1.00000 0.06027 0.18717 0.32155 0.25023 0.14659 0.14403 0.13754 0.65033 0.28476 0.24324 0.46498 0.13639 0.99270 0.49488 0.34835 0.00000 0.31250 0.65116 1.00000 0.15706 0.16833
165.00000 37.00000 0.47610 0.83349 1.00000 0.62699 0.65758 0.64760 0.54337 0.50794 0.50000 0.47239 0.86390 0.59267 0.40541 0.66205 0.47117 0.99339 0.48329 0.32026 0.00000 0.66667 0.86469 1.00000 0.48834 0.49318
165.00000 38.00000 0.99998 0.99798 1.00000 0.00000 0.12845 0.31331 0.24845 0.00000 0.00000 0.00415 0.62689 0.26162 0.24324 0.49430 0.00449 0.99256 0.53989 0.38104 0.00000 0.27083 0.62791 1.00000 0.00960 0.02081
165.00000 39.00000 0.47624 0.83266 1.00000 0.62699 0.65841 0.64814 0.54376 0.50794 0.50000 0.47337 0.86398 0.59220 0.37838 0.68648 0.47089 0.99344 0.47803 0.32257 0.00000 0.64583 0.86469 1.00000 0.48765 0.49587
165.00000 40.00000 0.47611 0.83266 1.00000 0.62699 0.65823 0.65058 0.55909 0.50794 0.49937 0.47079 0.86403 0.59510 0.40541 0.66694 0.47219 0.99328 0.47396 0.33172 0.00000 0.63542 0.86469 1.00000 0.48388 0.48730
165.00000 41.00000 0.59529 0.73634 0.00000 0.23809 0.01174 0.05464 0.03415 0.29318 0.20881 0.09124 0.00093 0.01478 0.02703 0.03176 0.08997 0.00121 0.04096 0.93417 0.00000 0.05208 0.00000 0.00000 0.14232 0.14242
165.00000 42.00000 0.47621 0.83135 1.00000 0.62699 0.65832 0.66743 0.55948 0.50794 0.49937 0.47256 0.86384 0.59378 0.40541 0.66775 0.47133 0.99317 0.48769 0.33125 0.00000 0.65625 0.86469 1.00000 0.49040 0.49013
165.00000 43.00000 0.59526 0.73670 0.00000 0.23809 0.01321 0.04196 0.05353 0.29318 0.20881 0.09353 0.00089 0.01115 0.02703 0.05293 0.08949 0.00118 0.04613 0.93029 0.00000 0.04167 0.00000 0.00000 0.13957 0.14030
165.00000 44.00000 0.99983 0.99762 1.00000 0.00000 0.13442 0.29679 0.24486 0.00000 0.00000 0.00375 0.62694 0.26662 0.24324 0.47231 0.00330 0.99231 0.52573 0.37584 0.00000 0.28125 0.62791 1.00000 0.01440 0.02486
165.00000 45.00000 0.23801 0.29691 1.00000 0.59794 0.63455 0.68246 0.67877 0.61718 0.61509 0.61591 0.85341 0.63872 0.89189 0.74837 0.61423 0.99352 0.65188 0.11497 1.00000 0.70833 0.85412 1.00000 0.63100 0.63856
165.00000 46.00000 0.83324 0.99941 1.00000 0.06027 0.18497 0.34756 0.25081 0.14659 0.14403 0.13658 0.65020 0.28586 0.24324 0.48371 0.13819 0.99253 0.49286 0.36801 0.00000 0.33333 0.65116 1.00000 0.15364 0.16414
165.00000 47.00000 0.99995 0.99762 1.00000 0.00000 0.12781 0.30177 0.24034 0.00000 0.00000 0.00539 0.62696 0.25633 0.24324 0.48941 0.00441 0.99242 0.53801 0.38877 0.00000 0.30208 0.62791 1.00000 0.02092 0.02294
165.00000 48.00000 0.99985 0.99762 1.00000 0.00000 0.13194 0.31646 0.23754 0.00000 0.00000 0.00453 0.62694 0.25723 0.24324 0.48941 0.00226 0.99256 0.53385 0.37006 0.00000 0.28125 0.62791 1.00000 0.01097 0.02152
165.00000 49.00000 0.83326 0.99929 1.00000 0.06027 0.18589 0.33610 0.25283 0.14659 0.14403 0.13651 0.65027 0.28708 0.24324 0.46173 0.13806 0.99283 0.50540 0.36061 0.00000 0.32292 0.65116 1.00000 0.15672 0.16486
165.00000 50.00000 0.83330 0.99988 1.00000 0.06027 0.18158 0.31524 0.26636 0.14659 0.14403 0.13634 0.65018 0.28808 0.24324 0.45277 0.13727 0.99267 0.51357 0.36193 0.00000 0.32292 0.65116 1.00000 0.15329 0.15973
165.00000 51.00000 0.00001 0.00000 1.00000 1.00000 0.97890 0.93564 0.92305 1.00000 1.00000 0.99501 0.99941 0.85823 1.00000 0.93811 0.99569 0.99358 0.65904 0.03837 1.00000 0.93750 1.00000 1.00000 0.98354 0.98142
165.00000 52.00000 0.59526 0.73658 0.00000 0.23809 0.01092 0.03421 0.07093 0.29318 0.20881 0.09140 0.00084 0.01260 0.02703 0.04886 0.08916 0.00121 0.04282 0.94398 0.00000 0.05208 0.00000 0.00000 0.14026 0.13872
165.00000 53.00000 0.83334 0.99762 1.00000 0.06027 0.18002 0.31405 0.26650 0.14659 0.14403 0.13801 0.65044 0.29255 0.24324 0.47476 0.13661 0.99281 0.49990 0.36427 0.00000 0.31250 0.65116 1.00000 0.15741 0.16957
165.00000 54.00000 0.23823 0.29691 1.00000 0.59794 0.63584 0.69549 0.68726 0.61718 0.61509 0.61546 0.85345 0.64425 0.89189 0.75977 0.61502 0.99352 0.64890 0.11614 1.00000 0.68750 0.85412 1.00000 0.63169 0.63475
165.00000 55.00000 0.59530 0.73634 0.00000 0.23809 0.01119 0.04229 0.05680 0.29318 0.20818 0.09217 0.00080 0.00819 0.02703 0.04397 0.09007 0.00127 0.04558 0.93461 0.00000 0.04167 0.00000 0.00000 0.14232 0.13953
165.00000 56.00000 0.23815 0.29691 1.00000 0.59794 0.63630 0.68766 0.66933 0.61718 0.61509 0.61420 0.85351 0.63248 0.89189 0.76547 0.61603 0.99377 0.65209 0.11629 1.00000 0.67708 0.85412 1.00000 0.63272 0.63598
165.00000 57.00000 0.23802 0.29751 1.00000 0.59794 0.63978 0.70876 0.68972 0.61718 0.61509 0.61570 0.85349 0.63629 0.89189 0.75000 0.61337 0.99350 0.63995 0.11134 1.00000 0.68750 0.85412 1.00000 0.63477 0.62877
165.00000 58.00000 0.83325 0.99810 1.00000 0.06027 0.18479 0.32477 0.24994 0.14659 0.14403 0.13837 0.65033 0.28845 0.24324 0.46906 0.13522 0.99278 0.50540 0.35420 0.00000 0.31250 0.65116 1.00000 0.15947 0.16020
165.00000 59.00000 0.99997 0.99857 1.00000 0.00000 0.13396 0.29313 0.24291 0.00000 0.00063 0.00353 0.62687 0.26286 0.24324 0.49023 0.00439 0.99242 0.53532 0.37734 0.00000 0.29167 0.62791 1.00000 0.00514 0.02396
165.00000 60.00000 0.83325 0.99762 1.00000 0.06027 0.18671 0.33702 0.24522 0.14659 0.14403 0.13787 0.65020 0.29284 0.24324 0.47068 0.13740 0.99256 0.50776 0.35746 0.00000 0.34375 0.65116 1.00000 0.15535 0.16790
165.00000 61.00000 0.47615 0.83135 1.00000 0.62699 0.66235 0.65534 0.56557 0.50794 0.49937 0.47234 0.86388 0.59889 0.40541 0.66857 0.47153 0.99319 0.47967 0.32345 0.00000 0.64583 0.86469 1.00000 0.48834 0.48808
165.00000 62.00000 0.23811 0.29691 1.00000 0.59794 0.63529 0.68902 0.69205 0.61718 0.61509 0.61350 0.85349 0.63139 0.89189 0.75570 0.61469 0.99383 0.62972 0.12592 1.00000 0.68750 0.85412 1.00000 0.62791 0.62541
165.00000 63.00000 0.00000 0.00012 1.00000 1.00000 0.98303 0.92220 0.92055 1.00000 1.00000 0.99368 0.99930 0.86394 1.00000 0.92508 0.99495 0.99347 0.67718 0.02636 1.00000 0.93750 1.00000 1.00000 0.98354 0.98537
165.00000 64.00000 0.83318 0.99929 1.00000 0.06027 0.18580 0.33263 0.25853 0.14659 0.14403 0.13732 0.65037 0.29237 0.24324 0.44951 0.13626 0.99283 0.49821 0.35699 0.00000 0.33333 0.65116 1.00000 0.15535 0.16302
165.00000 65.00000 0.23811 0.29691 1.00000 0.59794 0.63419 0.70735 0.69776 0.61718 0.61509 0.61501 0.85334 0.62806 0.89189 0.75651 0.61425 0.99369 0.64538 0.12280 1.00000 0.69792 0.85412 1.00000 0.62723 0.63462
165.00000 66.00000 0.47609 0.83135 1.00000 0.62699 0.66263 0.64424 0.53317 0.50794 0.50000 0.47370 0.86398 0.59494 0.40541 0.67020 0.47122 0.99325 0.48646 0.33198 0.00000 0.65625 0.86469 1.00000 0.48971 0.49234
165.00000 67.00000 0.99980 0.99762 1.00000 0.00000 0.13093 0.31543 0.24043 0.00000 0.00000 0.00554 0.62709 0.26328 0.24324 0.47801 0.00370 0.99264 0.56119 0.39825 0.00000 0.30208 0.62791 1.00000 0.01440 0.01893
165.00000 68.00000 0.47615 0.83207 1.00000 0.62699 0.65979 0.63960 0.55394 0.50794 0.50000 0.47182 0.86386 0.59563 0.40541 0.66938 0.47110 0.99317 0.48082 0.32689 0.00000 0.64583 0.86469 1.00000 0.49314 0.49002
165.00000 69.00000 0.99996 0.99881 1.00000 0.00000 0.12928 0.28289 0.24700 0.00000 0.00063 0.00561 0.62692 0.26622 0.24324 0.47638 0.00403 0.99272 0.53942 0.38485 0.00000 0.30208 0.62791 1.00000 0.01132 0.01778
165.00000 70.00000 0.83334 0.99798 1.00000 0.06027 0.18681 0.34758 0.25504 0.14659 0.14403 0.13625 0.65020 0.28360 0.24324 0.47476 0.13829 0.99281 0.50643 0.36577 0.00000 0.33333 0.65116 1.00000 0.15912 0.16151
165.00000 71.00000 0.00006 0.00107 1.00000 1.00000 0.98431 0.93385 0.93253 1.00000 1.00000 0.99351 0.99932 0.85898 1.00000 0.92834 0.99414 0.99352 0.67206 0.03083 1.00000 0.92708 1.00000 1.00000 0.98320 0.98831
165.00000 72.00000 0.00002 0.00000 1.00000 1.00000 0.98027 0.94837 0.90649 1.00000 1.00000 0.99468 0.99941 0.86394 1.00000 0.91694 0.99493 0.99352 0.66214 0.04291 1.00000 0.93750 1.00000 1.00000 0.97840 0.98456
165.00000 73.00000 0.23812 0.29822 1.00000 0.59794 0.63547 0.70578 0.69790 0.61718 0.61509 0.61388 0.85347 0.63487 0.89189 0.75081 0.61451 0.99361 0.65204 0.10970 1.00000 0.69792 0.85412 1.00000 0.62380 0.63141
165.00000 74.00000 0.59514 0.73658 0.00000 0.23809 0.01229 0.07114 0.06179 0.29318 0.20881 0.09264 0.00093 0.01892 0.02703 0.05945 0.08931 0.00154 0.04998 0.93889 0.00000 0.03125 0.00000 0.00000 0.13752 0.14844
165.00000 75.00000 0.23819 0.29846 1.00000 0.59794 0.63896 0.68604 0.67347 0.61718 0.61509 0.61589 0.85341 0.63276 0.89189 0.76221 0.61481 0.99363 0.64781 0.12134 1.00000 0.70833 0.85412 1.00000 0.63066 0.62719
165.00000 76.00000 0.99982 0.99762 1.00000 0.00000 0.13561 0.28834 0.26356 0.00000 0.00000 0.00456 0.62702 0.26457 0.24324 0.48290 0.00327 0.99253 0.53244 0.39367 0.00000 0.29167 0.62791 1.00000 0.01680 0.02097
165.00000 77.00000 0.83317 0.99834 1.00000 0.06027 0.17882 0.33379 0.24077 0.14659 0.14403 0.13570 0.65039 0.28759 0.24324 0.46336 0.13641 0.99272 0.49136 0.34930 0.00000 0.32292 0.65116 1.00000 0.15364 0.16788
165.00000 78.00000 0.83327 0.99762 1.00000 0.06027 0.18479 0.32494 0.26835 0.14659 0.14403 0.13649 0.65044 0.29436 0.24324 0.46580 0.13687 0.99278 0.50862 0.37163 0.00000 0.34375 0.65116 1.00000 0.15981 0.16208
165.00000 79.00000 0.23817 0.29905 1.00000 0.59794 0.63850 0.70229 0.69220 0.61718 0.61572 0.61493 0.85332 0.64057 0.89189 0.75407 0.61644 0.99341 0.64750 0.12932 1.00000 0.69792 0.85412 1.00000 0.63237 0.62877
165.00000 80.00000 0.23806 0.29691 1.00000 0.59794 0.63731 0.69804 0.67934 0.61718 0.61509 0.61598 0.85336 0.63599 0.89189 0.76059 0.61497 0.99339 0.65178 0.13664 1.00000 0.68750 0.85412 1.00000 0.63066 0.63304
165.00000 81.00000 0.47622 0.83159 1.00000 0.62699 0.66061 0.65188 0.55587 0.50794 0.50000 0.47103 0.86384 0.59198 0.40541 0.67345 0.47092 0.99328 0.48105 0.33637 0.00000 0.63542 0.86469 1.00000 0.49554 0.48395
165.00000 82.00000 0.83316 0.99762 1.00000 0.06027 0.18185 0.34200 0.21800 0.14659 0.14403 0.13742 0.65029 0.28756 0.24324 0.47313 0.13649 0.99270 0.50536 0.36764 0.00000 0.32292 0.65116 1.00000 0.16632 0.16189
165.00000 83.00000 0.00004 0.00143 1.00000 1.00000 0.97844 0.93897 0.93152 1.00000 1.00000 0.99337 0.99954 0.86580 1.00000 0.93404 0.99417 0.99366 0.66652 0.04086 1.00000 0.94792 1.00000 1.00000 0.98148 0.98306
165.00000 84.00000 0.00007 0.00000 1.00000 1.00000 0.98514 0.94262 0.93013 1.00000 1.00000 0.99401 0.99951 0.86657 1.00000 0.91612 0.99465 0.99339 0.67185 0.03720 1.00000 0.95833 1.00000 1.00000 0.98080 0.98285
165.00000 85.00000 0.23816 0.29893 1.00000 0.59794 0.63767 0.68270 0.69569 0.61718 0.61509 0.61675 0.85338 0.64231 0.89189 0.75163 0.61438 0.99358 0.64271 0.12229 1.00000 0.69792 0.85412 1.00000 0.63066 0.63402
165.00000 86.00000 0.83316 0.99976 1.00000 0.06027 0.18928 0.34913 0.27639 0.14659 0.14403 0.13775 0.65052 0.28894 0.24324 0.47394 0.13573 0.99270 0.49034 0.37712 0.00000 0.33333 0.65116 1.00000 0.15775 0.16256
165.00000 87.00000 0.23821 0.29881 1.00000 0.59794 0.63712 0.69091 0.69651 0.61718 0.61509 0.61369 0.85345 0.63714 0.89189 0.75977 0.61509 0.99372 0.64950 0.12939 1.00000 0.68750 0.85412 1.00000 0.62997 0.63302
165.00000 88.00000 0.99995 0.99905 1.00000 0.00000 0.13084 0.31594 0.26084 0.00000 0.00063 0.00523 0.62696 0.26278 0.24324 0.48290 0.00307 0.99242 0.54836 0.38522 0.00000 0.29167 0.62791 1.00000 0.01029 0.01780
165.00000 89.00000 0.83320 0.99762 1.00000 0.06027 0.18626 0.32044 0.26566 0.14659 0.14403 0.13677 0.65031 0.29370 0.24324 0.48046 0.13639 0.99289 0.50781 0.35948 0.00000 0.32292 0.65116 1.00000 0.15501 0.16586
165.00000 90.00000 0.00001 0.00000 1.00000 1.00000 0.98275 0.94658 0.94288 1.00000 1.00000 0.99334 0.99956 0.86198 1.00000 0.93322 0.99457 0.99352 0.67494 0.04657 1.00000 0.93750 1.00000 1.00000 0.98080 0.98143
165.00000 91.00000 0.47623 0.83135 1.00000 0.62699 0.65923 0.65486 0.56297 0.50794 0.50000 0.47172 0.86407 0.59068 0.40541 0.67020 0.46998 0.99363 0.48493 0.32579 0.00000 0.65625 0.86469 1.00000 0.48697 0.49551
165.00000 92.00000 0.99977 0.99893 1.00000 0.00000 0.13377 0.31516 0.25564 0.00000 0.00063 0.00391 0.62692 0.27045 0.24324 0.48941 0.00469 0.99267 0.55677 0.38558 0.00000 0.29167 0.62791 1.00000 0.01235 0.01474
165.00000 93.00000 0.47622 0.83135 1.00000 0.62699 0.66327 0.64559 0.54525 0.50794 0.50000 0.47236 0.86390 0.59545 0.37838 0.68648 0.47163 0.99341 0.47805 0.32506 0.00000 0.64583 0.86469 1.00000 0.48868 0.48854
165.00000 94.00000 0.59531 0.73824 0.00000 0.23809 0.01349 0.05724 0.05514 0.29318 0.20881 0.09093 0.00095 0.01558 0.02703 0.04235 0.08984 0.00143 0.05593 0.95324 0.00000 0.05208 0.00000 0.00000 0.14095 0.14682
165.00000 95.00000 0.47613 0.83349 1.00000 0.62699 0.66511 0.63790 0.55384 0.50794 0.50000 0.47098 0.86396 0.59155 0.37838 0.66775 0.47181 0.99347 0.50343 0.33864 0.00000 0.65625 0.86469 1.00000 0.48114 0.49451
165.00000 96.00000 0.23804 0.29703 1.00000 0.59794 0.64153 0.70118 0.70563 0.61718 0.61572 0.61396 0.85347 0.63614 0.89189 0.76303 0.61537 0.99366 0.66021 0.12365 1.00000 0.70833 0.85412 1.00000 0.62929 0.63220
165.00000 97.00000 0.00003 0.00154 1.00000 1.00000 0.98642 0.93504 0.92680 1.00000 1.00000 0.99174 0.99949 0.86030 1.00000 0.92671 0.99427 0.99363 0.66640 0.04862 1.00000 0.94792 1.00000 1.00000 0.98320 0.97878
165.00000 98.00000 0.00002 0.00000 1.00000 1.00000 0.97853 0.94002 0.92635 1.00000 1.00000 0.99050 0.99937 0.86100 1.00000 0.92752 0.99447 0.99363 0.67513 0.04291 1.00000 0.92708 1.00000 1.00000 0.97599 0.97772
165.00000 99.00000 0.23805 0.29691 1.00000 0.59794 0.63749 0.70335 0.69817 0.61718 0.61572 0.61384 0.85345 0.63890 0.89189 0.76873 0.61537 0.99380 0.64674 0.12562 1.00000 0.69792 0.85412 1.00000 0.62380 0.63206
165.00000 100.00000 0.47625 0.83135 1.00000 0.62699 0.66153 0.65442 0.55575 0.50794 0.50000 0.46986 0.86396 0.59441 0.40541 0.67752 0.47153 0.99352 0.48072 0.32986 0.00000 0.63542 0.86469 1.00000 0.48697 0.49170
165.00000 101.00000 0.99988 0.99762 1.00000 0.00000 0.12809 0.30779 0.26031 0.00000 0.00000 0.00480 0.62702 0.26917 0.24324 0.47964 0.00355 0.99264 0.54767 0.37928 0.00000 0.29167 0.62791 1.00000 0.01063 0.01742
165.00000 102.00000 0.23811 0.29691 1.00000 0.59794 0.63804 0.69370 0.70259 0.61718 0.61572 0.61422 0.85360 0.63783 0.89189 0.76303 0.61342 0.99372 0.66425 0.11702 1.00000 0.70833 0.85412 1.00000 0.62586 0.62637
165.00000 103.00000 0.47618 0.83195 1.00000 0.62699 0.65933 0.64724 0.55755 0.50794 0.50000 0.47234 0.86409 0.59595 0.37838 0.66938 0.47082 0.99339 0.48424 0.34366 0.00000 0.65625 0.86469 1.00000 0.48903 0.49787
165.00000 104.00000 0.47611 0.83207 1.00000 0.62699 0.66245 0.68211 0.56682 0.50794 0.50000 0.47131 0.86409 0.59559 0.40541 0.67915 0.47117 0.99344 0.49474 0.32905 0.00000 0.66667 0.86469 1.00000 0.49074 0.49706
165.00000 105.00000 0.47607 0.83135 1.00000 0.62699 0.66364 0.63893 0.55974 0.50794 0.50000 0.47208 0.86405 0.59043 0.40541 0.66775 0.47110 0.99352 0.48669 0.32876 0.00000 0.64583 0.86469 1.00000 0.48525 0.49111
165.00000 106.00000 0.00006 0.00000 1.00000 1.00000 0.98275 0.94195 0.92709 1.00000 1.00000 0.99461 0.99947 0.86776 1.00000 0.92101 0.99379 0.99366 0.66209 0.03903 1.00000 0.94792 1.00000 1.00000 0.98388 0.97982
165.00000 107.00000 0.23813 0.29917 1.00000 0.59794 0.63639 0.70849 0.71152 0.61718 0.61572 0.61388 0.85355 0.63921 0.89189 0.77362 0.61489 0.99383 0.65635 0.14206 1.00000 0.70833 0.85412 1.00000 0.62654 0.62789
165.00000 108.00000 0.99995 0.99762 1.00000 0.00000 0.12891 0.29354 0.25986 0.00000 0.00000 0.00315 0.62711 0.26721 0.24324 0.48941 0.00373 0.99250 0.55962 0.37588 0.00000 0.30208 0.62791 1.00000 0.01235 0.01714
165.00000 109.00000 0.59517 0.73741 0.00000 0.23809 0.01037 0.04386 0.06732 0.29318 0.20881 0.08995 0.00087 0.01540 0.02703 0.04723 0.08999 0.00124 0.04541 0.96320 0.00000 0.04167 0.00000 0.00000 0.13923 0.14187
165.00000 110.00000 0.99989 0.99762 1.00000 0.00000 0.13221 0.31973 0.25805 0.00000 0.00000 0.00332 0.62709 0.27107 0.24324 0.48534 0.00322 0.99253 0.53620 0.39774 0.00000 0.30208 0.62791 1.00000 0.01337 0.01759
165.00000 111.00000 0.23806 0.29691 1.00000 0.59794 0.63813 0.68923 0.70315 0.61718 0.61509 0.61186 0.85353 0.63724 0.89189 0.74756 0.61458 0.99391 0.66490 0.12614 1.00000 0.70833 0.85412 1.00000 0.61831 0.62748
165.00000 112.00000 0.23808 0.29691 1.00000 0.59794 0.62758 0.71361 0.70288 0.61718 0.61572 0.61310 0.85355 0.63978 0.89189 0.77036 0.61395 0.99388 0.66187 0.12610 1.00000 0.69792 0.85412 1.00000 0.62346 0.63122
165.00000 113.00000 0.47610 0.83337 1.00000 0.62699 0.66391 0.65158 0.56181 0.50794 0.50000 0.47034 0.86411 0.59581 0.37838 0.66694 0.47069 0.99358 0.49422 0.32876 0.00000 0.65625 0.86469 1.00000 0.49108 0.48985
165.00000 114.00000 0.23819 0.29691 1.00000 0.59794 0.64345 0.69663 0.69612 0.61718 0.61509 0.61174 0.85345 0.63773 0.89189 0.76792 0.61420 0.99380 0.65745 0.12804 1.00000 0.70833 0.85412 1.00000 0.62586 0.62927
165.00000 115.00000 0.99983 0.99762 1.00000 0.00000 0.13139 0.31860 0.26549 0.00000 0.00063 0.00456 0.62706 0.26727 0.24324 0.47964 0.00299 0.99259 0.53085 0.38558 0.00000 0.29167 0.62791 1.00000 0.01235 0.01360
165.00000 116.00000 0.99994 0.99881 1.00000 0.00000 0.13634 0.29083 0.25954 0.00000 0.00063 0.00274 0.62704 0.26917 0.24324 0.50000 0.00320 0.99250 0.54772 0.39990 0.00000 0.29167 0.62791 1.00000 0.01440 0.01588
165.00000 117.00000 0.47613 0.83349 1.00000 0.62699 0.65979 0.66057 0.56200 0.50794 0.50000 0.46929 0.86403 0.59724 0.40541 0.69137 0.47097 0.99361 0.48917 0.33231 1.00000 0.64583 0.86469 1.00000 0.48525 0.48988
165.00000 118.00000 0.23806 0.29881 1.00000 0.59794 0.63942 0.71879 0.71164 0.61718 0.61572 0.61668 0.85355 0.64192 0.89189 0.76221 0.61418 0.99369 0.65319 0.11969 1.00000 0.71875 0.85412 1.00000 0.62689 0.62306
165.00000 119.00000 0.23817 0.29905 1.00000 0.59794 0.63859 0.70849 0.69973 0.61718 0.61572 0.61245 0.85345 0.64304 0.89189 0.77117 0.61362 0.99388 0.65995 0.12555 1.00000 0.69792 0.85412 1.00000 0.62311 0.63229
165.00000 120.00000 0.00006 0.00000 1.00000 1.00000 0.98706 0.96747 0.95809 1.00000 1.00000 0.99267 0.99958 0.86458 1.00000 0.93322 0.99368 0.99358 0.66692 0.04006 1.00000 0.94792 1.00000 1.00000 0.97634 0.98078
165.00000 121.00000 0.00006 0.00000 1.00000 1.00000 0.98303 0.94290 0.94772 1.00000 1.00000 0.99387 0.99958 0.86112 1.00000 0.93974 0.99371 0.99366 0.65273 0.04661 1.00000 0.93750 1.00000 1.00000 0.97668 0.98724
165.00000 122.00000 0.99977 0.99893 1.00000 0.00000 0.13276 0.32534 0.25858 0.00000 0.00063 0.00458 0.62700 0.27138 0.24324 0.50651 0.00289 0.99256 0.55189 0.40041 0.00000 0.31250 0.62791 1.00000 0.01818 0.01229
165.00000 123.00000 0.99998 0.99762 1.00000 0.00000 0.13056 0.30752 0.25499 0.00000 0.00063 0.00470 0.62696 0.27785 0.24324 0.48534 0.00315 0.99261 0.55346 0.39074 0.00000 0.31250 0.62791 1.00000 0.01509 0.01854
165.00000 124.00000 0.99983 0.99964 1.00000 0.00000 0.12983 0.29947 0.27569 0.00000 0.00063 0.00365 0.62689 0.27729 0.24324 0.50814 0.00261 0.99270 0.55315 0.38631 0.00000 0.30208 0.62791 1.00000 0.01235 0.01580
165.00000 125.00000 0.99981 0.99762 1.00000 0.00000 0.13478 0.30337 0.27309 0.00000 0.00063 0.00401 0.62698 0.27331 0.24324 0.49674 0.00322 0.99264 0.55779 0.39360 0.00000 0.30208 0.62791 1.00000 0.00926 0.01895
165.00000 126.00000 0.59520 0.73634 0.00000 0.23809 0.01486 0.06618 0.05738 0.29318 0.20881 0.09276 0.00108 0.01393 0.02703 0.06189 0.09017 0.00152 0.04301 0.95548 0.00000 0.05208 0.00000 0.00000 0.14266 0.14361
165.00000 127.00000 0.23817 0.29893 1.00000 0.59794 0.64263 0.70803 0.69184 0.61718 0.61572 0.61405 0.85360 0.64426 0.89189 0.76384 0.61504 0.99391 0.66440 0.13617 1.00000 0.68750 0.85412 1.00000 0.62209 0.63036
165.00000 128.00000 0.59520 0.73634 0.00000 0.23809 0.00945 0.06209 0.08939 0.29318 0.20881 0.09236 0.00093 0.02158 0.02703 0.06189 0.08946 0.00146 0.05810 0.95577 0.00000 0.04167 0.00000 0.00000 0.14575 0.14021
165.00000 129.00000 0.83336 0.99762 1.00000 0.06027 0.18892 0.34119 0.27009 0.14659 0.14403 0.13565 0.65042 0.29993 0.24324 0.49349 0.13529 0.99303 0.50733 0.36471 0.00000 0.33333 0.65116 1.00000 0.16461 0.15670
165.00000 130.00000 0.83335 0.99762 1.00000 0.06027 0.19121 0.35178 0.26380 0.14659 0.14403 0.13820 0.65054 0.29841 0.24324 0.49349 0.13527 0.99303 0.49748 0.39430 0.00000 0.31250 0.65116 1.00000 0.15569 0.16624
165.00000 131.00000 0.59522 0.73634 0.00000 0.23809 0.01321 0.05911 0.07767 0.29318 0.20881 0.09198 0.00097 0.01901 0.02703 0.07085 0.08926 0.00149 0.05889 0.94636 0.00000 0.06250 0.00000 0.00000 0.13066 0.13872
165.00000 132.00000 0.23821 0.29834 1.00000 0.59794 0.64033 0.72206 0.72233 0.61718 0.61572 0.61369 0.85366 0.64878 0.89189 0.78094 0.61420 0.99385 0.66756 0.13811 1.00000 0.68750 0.85412 1.00000 0.62311 0.62798
165.00000 133.00000 0.99982 0.99762 1.00000 0.00000 0.13442 0.30242 0.28381 0.00000 0.00063 0.00348 0.62694 0.26990 0.24324 0.50489 0.00246 0.99261 0.55558 0.39294 0.00000 0.30208 0.62791 1.00000 0.01097 0.02008
165.00000 134.00000 0.00006 0.00036 1.00000 1.00000 0.98936 0.95108 0.94989 1.00000 1.00000 0.99258 0.99945 0.87507 1.00000 0.95928 0.99333 0.99372 0.65752 0.05796 1.00000 0.94792 1.00000 1.00000 0.97497 0.97915
165.00000 135.00000 0.59521 0.73634 0.00000 0.23809 0.01633 0.07493 0.09012 0.29318 0.20881 0.09188 0.00108 0.01838 0.02703 0.06352 0.08913 0.00146 0.04241 0.94826 0.00000 0.05208 0.00000 0.00000 0.14266 0.14703
165.00000 136.00000 0.00002 0.00226 1.00000 1.00000 0.98826 0.93897 0.94428 1.00000 1.00000 0.99143 0.99962 0.86913 1.00000 0.95521 0.99211 0.99347 0.67832 0.05661 1.00000 0.95833 1.00000 1.00000 0.98320 0.97886
165.00000 137.00000 0.99989 0.99964 1.00000 0.00000 0.13689 0.30408 0.28438 0.00000 0.00063 0.00305 0.62711 0.27625 0.24324 0.50000 0.00226 0.99286 0.56058 0.40100 0.00000 0.30208 0.62791 1.00000 0.01235 0.01580
165.00000 138.00000 0.99992 0.99762 1.00000 0.00000 0.13368 0.30145 0.26125 0.00000 0.00063 0.00475 0.62706 0.27642 0.24324 0.51547 0.00401 0.99270 0.55298 0.40847 0.00000 0.30208 0.62791 1.00000 0.00789 0.01769
165.00000 139.00000 0.83317 0.99762 1.00000 0.06027 0.18745 0.34276 0.26453 0.14659 0.14403 0.13639 0.65063 0.29178 0.24324 0.49593 0.13585 0.99306 0.49912 0.38276 0.00000 0.34375 0.65116 1.00000 0.15569 0.16585
165.00000 140.00000 0.99984 0.99762 1.00000 0.00000 0.13423 0.32605 0.25851 0.00000 0.00000 0.00463 0.62702 0.27399 0.24324 0.51873 0.00299 0.99253 0.57098 0.40909 0.00000 0.30208 0.62791 1.00000 0.01097 0.01325
165.00000 141.00000 0.99999 0.99762 1.00000 0.00000 0.13533 0.31716 0.25581 0.00000 0.00063 0.00449 0.62706 0.27083 0.24324 0.49104 0.00429 0.99256 0.54049 0.41432 0.00000 0.31250 0.62791 1.00000 0.01303 0.01756
165.00000 142.00000 0.59530 0.73658 0.00000 0.23809 0.01303 0.06631 0.08841 0.29318 0.20881 0.09133 0.00099 0.02352 0.02703 0.05700 0.08913 0.00163 0.04898 0.96833 0.00000 0.04167 0.00000 0.00000 0.14163 0.14644
165.00000 143.00000 0.00005 0.00214 1.00000 1.00000 0.98633 0.96484 0.93853 1.00000 1.00000 0.99127 0.99951 0.87064 1.00000 0.97068 0.99368 0.99369 0.67880 0.05181 1.00000 0.96875 1.00000 1.00000 0.97257 0.97650
165.00000 144.00000 0.99990 0.99762 1.00000 0.00000 0.13809 0.31191 0.27536 0.00000 0.00063 0.00458 0.62700 0.26819 0.24324 0.50814 0.00180 0.99281 0.55074 0.38814 0.00000 0.30208 0.62791 1.00000 0.01543 0.01673
165.00000 145.00000 0.59525 0.73634 0.00000 0.23809 0.01991 0.06144 0.07517 0.29318 0.20881 0.09212 0.00101 0.01893 0.02703 0.08225 0.09032 0.00154 0.06655 0.96174 0.00000 0.06250 0.00000 0.00000 0.13203 0.14032
165.00000 146.00000 0.99994 0.99762 1.00000 0.00000 0.12891 0.30500 0.27411 0.00000 0.00063 0.00363 0.62706 0.27742 0.24324 0.51954 0.00355 0.99278 0.56165 0.39869 0.00000 0.31250 0.62791 1.00000 0.00960 0.01557
165.00000 147.00000 0.47621 0.83135 1.00000 0.62699 0.66511 0.67742 0.59137 0.50794 0.50000 0.47014 0.86422 0.60406 0.40541 0.69300 0.46897 0.99369 0.50516 0.33293 1.00000 0.67708 0.86469 1.00000 0.48354 0.48679
165.00000 148.00000 0.00003 0.00071 1.00000 1.00000 0.99330 0.96021 0.95362 1.00000 1.00000 0.99136 0.99970 0.87219 1.00000 0.96743 0.99140 0.99372 0.67961 0.06565 1.00000 0.95833 1.00000 1.00000 0.97599 0.97334
165.00000 149.00000 0.23806 0.29691 1.00000 0.59794 0.64226 0.71372 0.73261 0.61718 0.61572 0.61219 0.85374 0.64977 0.89189 0.77524 0.61233 0.99396 0.67499 0.13994 1.00000 0.71875 0.85412 1.00000 0.62483 0.63110
165.00000 150.00000 0.59510 0.73634 0.00000 0.23809 0.01560 0.08465 0.08030 0.29318 0.20881 0.09045 0.00122 0.02192 0.02703 0.07655 0.09053 0.00157 0.07083 0.97448 0.00000 0.07292 0.00000 0.00000 0.13100 0.14099
165.00000 151.00000 0.00000 0.00143 1.00000 1.00000 0.99138 0.97670 0.97516 1.00000 1.00000 0.99079 0.99958 0.87382 1.00000 0.95603 0.99183 0.99385 0.68644 0.04427 1.00000 0.95833 1.00000 1.00000 0.97428 0.97500
165.00000 152.00000 0.47622 0.83135 1.00000 0.62699 0.66621 0.66816 0.58506 0.50794 0.50000 0.46876 0.86432 0.60497 0.37838 0.71417 0.46874 0.99380 0.51271 0.36746 1.00000 0.67708 0.86469 1.00000 0.48217 0.48925
165.00000 153.00000 0.00006 0.00000 1.00000 1.00000 0.98881 0.96682 0.97266 1.00000 1.00000 0.99105 0.99964 0.87745 1.00000 0.96336 0.99122 0.99377 0.67932 0.05291 1.00000 0.96875 1.00000 1.00000 0.97531 0.97251
165.00000 154.00000 0.23807 0.29727 1.00000 0.59794 0.64511 0.71792 0.72794 0.61718 0.61572 0.61269 0.85370 0.64006 0.89189 0.78583 0.61210 0.99413 0.66183 0.13946 1.00000 0.71875 0.85412 1.00000 0.62757 0.62488
165.00000 155.00000 0.59509 0.73634 0.00000 0.23809 0.01450 0.09040 0.09204 0.29318 0.20881 0.09305 0.00112 0.02260 0.02703 0.06759 0.08865 0.00168 0.05815 0.96884 0.00000 0.06250 0.00000 0.00000 0.13546 0.14915
165.00000 156.00000 0.99986 0.99762 1.00000 0.00000 0.13919 0.31361 0.28234 0.00000 0.00063 0.00134 0.62713 0.27841 0.24324 0.52524 0.00238 0.99267 0.56891 0.40202 0.00000 0.31250 0.62791 1.00000 0.01269 0.01706
165.00000 157.00000 0.59511 0.73634 0.00000 0.23809 0.01752 0.05169 0.09710 0.29318 0.20881 0.09078 0.00114 0.03012 0.02703 0.09609 0.08819 0.00168 0.06593 0.97562 0.00000 0.08333 0.00000 0.00000 0.13717 0.13957
165.00000 158.00000 0.47611 0.83314 1.00000 0.62699 0.67080 0.67978 0.58010 0.50794 0.50000 0.46967 0.86434 0.60480 0.40541 0.70440 0.46935 0.99396 0.51466 0.35237 1.00000 0.69792 0.86469 1.00000 0.47668 0.48348
165.00000 159.00000 0.99990 0.99762 1.00000 0.00000 0.13717 0.33875 0.29233 0.00000 0.00063 0.00277 0.62715 0.27773 0.24324 0.52769 0.00238 0.99286 0.56979 0.41996 0.00000 0.32292 0.62791 1.00000 0.01440 0.01653
165.00000 160.00000 0.23805 0.29822 1.00000 0.59794 0.64593 0.72299 0.73386 0.61718 0.61572 0.61064 0.85376 0.65568 0.89189 0.79967 0.61167 0.99419 0.67730 0.15059 1.00000 0.72917 0.85412 1.00000 0.62140 0.62087
165.00000 161.00000 0.99987 0.99881 1.00000 0.00000 0.13487 0.32691 0.30390 0.00000 0.00063 0.00267 0.62706 0.28133 0.24324 0.52443 0.00297 0.99264 0.56474 0.41689 0.00000 0.31250 0.62791 1.00000 0.01269 0.01456
165.00000 162.00000 0.47619 0.83135 1.00000 0.62699 0.67346 0.68907 0.58525 0.50794 0.50000 0.46991 0.86443 0.60136 0.37838 0.70114 0.46917 0.99394 0.51376 0.35918 1.00000 0.66667 0.86469 1.00000 0.48800 0.48407
165.00000 163.00000 0.83326 0.99881 1.00000 0.06027 0.19231 0.37402 0.29671 0.14659 0.14403 0.13501 0.65069 0.30563 0.24324 0.50081 0.13649 0.99355 0.53037 0.39704 0.00000 0.34375 0.65116 1.00000 0.15021 0.15867
165.00000 164.00000 0.47608 0.83135 1.00000 0.62699 0.67483 0.70383 0.60153 0.50794 0.50000 0.46850 0.86438 0.60809 0.40541 0.72068 0.47049 0.99405 0.49579 0.34648 1.00000 0.68750 0.86469 1.00000 0.48011 0.48367
165.00000 165.00000 0.83313 0.99762 1.00000 0.06027 0.19139 0.38190 0.29772 0.14659 0.14403 0.13567 0.65090 0.30111 0.24324 0.51303 0.13461 0.99341 0.52828 0.40759 0.00000 0.35417 0.65116 1.00000 0.15226 0.15635
