64.00000 1.00000 0.00003 0.00095 1.00000 1.00000 0.97733 0.92126 0.91764 1.00000 1.00000 0.96162 0.99888 0.89422 0.94872 0.91396 0.96192 0.99325 0.73220 0.08372 1.00000 0.91753 1.00000 1.00000 0.97107 0.97265
64.00000 2.00000 0.47610 0.83325 1.00000 0.62699 0.65476 0.64996 0.53611 0.50794 0.50125 0.45675 0.86358 0.61624 0.38462 0.66640 0.45735 0.99336 0.53329 0.36124 0.00000 0.64948 0.86469 1.00000 0.48402 0.48551
64.00000 3.00000 0.23808 0.29703 1.00000 0.59794 0.63200 0.68072 0.67674 0.61718 0.61606 0.59587 0.85284 0.66189 0.84615 0.74675 0.59504 0.99341 0.69418 0.16474 1.00000 0.69072 0.85412 1.00000 0.61924 0.62125
64.00000 4.00000 0.00007 0.00190 1.00000 1.00000 0.98228 0.92869 0.91132 1.00000 1.00000 0.96153 0.99878 0.89766 0.94872 0.93425 0.96200 0.99311 0.71946 0.07583 1.00000 0.92784 1.00000 1.00000 0.97376 0.97133
64.00000 5.00000 0.23803 0.29691 1.00000 0.59794 0.62998 0.67926 0.67479 0.61718 0.61606 0.59744 0.85282 0.65764 0.84615 0.77354 0.59502 0.99319 0.70084 0.15070 1.00000 0.69072 0.85412 1.00000 0.61890 0.62278
64.00000 6.00000 0.23808 0.29822 1.00000 0.59794 0.63429 0.69176 0.66334 0.61718 0.61606 0.59523 0.85278 0.66551 0.84615 0.73620 0.59583 0.99330 0.70839 0.15409 1.00000 0.70103 0.85412 1.00000 0.62092 0.62113
64.00000 7.00000 0.00002 0.00119 1.00000 1.00000 0.97953 0.91737 0.89900 1.00000 1.00000 0.96176 0.99865 0.89646 0.94872 0.92451 0.96312 0.99325 0.71236 0.10029 1.00000 0.92784 1.00000 1.00000 0.97040 0.96423
64.00000 8.00000 0.59515 0.73646 0.00000 0.23809 0.01166 0.04817 0.03074 0.29318 0.21016 0.09256 0.00150 0.01980 0.02564 0.03734 0.08898 0.00201 0.08572 0.94236 0.00000 0.05155 0.00000 0.00000 0.14497 0.14504
64.00000 9.00000 0.47611 0.83135 1.00000 0.62699 0.66706 0.61866 0.54694 0.50794 0.50063 0.45748 0.86367 0.61392 0.38462 0.65828 0.45706 0.99344 0.53772 0.36072 0.00000 0.63918 0.86469 1.00000 0.48470 0.48753
64.00000 10.00000 0.00005 0.00083 1.00000 1.00000 0.97623 0.93133 0.90402 1.00000 1.00000 0.96135 0.99871 0.89688 0.94872 0.92289 0.96175 0.99317 0.72455 0.07659 1.00000 0.92784 1.00000 1.00000 0.96704 0.97161
64.00000 11.00000 0.47608 0.83135 1.00000 0.62699 0.65715 0.66206 0.55485 0.50794 0.50063 0.45845 0.86371 0.62102 0.38462 0.66802 0.45625 0.99336 0.52843 0.35442 0.00000 0.64948 0.86469 1.00000 0.48907 0.48496
64.00000 12.00000 0.47605 0.83147 1.00000 0.62699 0.66073 0.65293 0.55110 0.50794 0.50063 0.45774 0.86361 0.62308 0.38462 0.66153 0.45767 0.99325 0.53377 0.34730 0.00000 0.64948 0.86469 1.00000 0.48369 0.48534
64.00000 13.00000 0.99986 0.99964 1.00000 0.00000 0.12925 0.27340 0.22592 0.00000 0.00314 0.00499 0.62736 0.28197 0.23077 0.47565 0.00606 0.99361 0.59355 0.39556 0.00000 0.28866 0.62791 1.00000 0.01783 0.01576
64.00000 14.00000 0.23824 0.29751 1.00000 0.59794 0.63540 0.69190 0.68387 0.61718 0.61606 0.59730 0.85287 0.65904 0.84615 0.75731 0.59407 0.99330 0.70145 0.16343 1.00000 0.68041 0.85412 1.00000 0.62159 0.62466
64.00000 15.00000 0.99994 0.99952 1.00000 0.00000 0.12594 0.28337 0.22416 0.00000 0.00251 0.00564 0.62753 0.28196 0.23077 0.48458 0.00633 0.99361 0.58896 0.40753 0.00000 0.29897 0.62791 1.00000 0.01446 0.01618
64.00000 16.00000 0.59531 0.73705 0.00000 0.23809 0.01542 0.06435 0.04208 0.29318 0.21079 0.09157 0.00165 0.02942 0.02564 0.04221 0.08918 0.00231 0.08765 0.93389 0.00000 0.05155 0.00000 0.00000 0.14598 0.14316
64.00000 17.00000 0.00005 0.00000 1.00000 1.00000 0.98348 0.92353 0.88844 1.00000 1.00000 0.96126 0.99886 0.89755 0.94872 0.91071 0.96249 0.99322 0.72607 0.08925 1.00000 0.92784 1.00000 1.00000 0.96704 0.97605
64.00000 18.00000 0.83333 0.99941 1.00000 0.06027 0.18799 0.31267 0.24184 0.14659 0.14617 0.13409 0.65068 0.30781 0.23077 0.47240 0.13339 0.99372 0.56087 0.39684 0.00000 0.32990 0.65116 1.00000 0.16280 0.15410
64.00000 19.00000 0.83331 0.99881 1.00000 0.06027 0.18138 0.32406 0.24499 0.14659 0.14617 0.13448 0.65068 0.31099 0.23077 0.46672 0.13334 0.99375 0.55044 0.40473 0.00000 0.31959 0.65116 1.00000 0.15876 0.15298
64.00000 20.00000 0.23815 0.29774 1.00000 0.59794 0.62934 0.70499 0.67112 0.61718 0.61606 0.59452 0.85272 0.65282 0.84615 0.76623 0.59590 0.99333 0.71150 0.15820 1.00000 0.69072 0.85412 1.00000 0.62193 0.62167
64.00000 21.00000 0.99992 0.99762 1.00000 0.00000 0.12915 0.28286 0.23461 0.00000 0.00314 0.00725 0.62736 0.28501 0.23077 0.49351 0.00562 0.99347 0.57696 0.40376 0.00000 0.28866 0.62791 1.00000 0.01144 0.02177
64.00000 22.00000 0.83320 0.99988 1.00000 0.06027 0.18083 0.31704 0.24859 0.14659 0.14617 0.13524 0.65062 0.30961 0.23077 0.46510 0.13500 0.99372 0.55166 0.39106 0.00000 0.32990 0.65116 1.00000 0.16145 0.15573
64.00000 23.00000 0.99997 0.99846 1.00000 0.00000 0.13117 0.29001 0.22481 0.00000 0.00314 0.00791 0.62753 0.28568 0.23077 0.48458 0.00648 0.99361 0.58602 0.41175 0.00000 0.28866 0.62791 1.00000 0.01581 0.00662
64.00000 24.00000 0.23815 0.29691 1.00000 0.59794 0.63686 0.69984 0.64254 0.61718 0.61606 0.59454 0.85278 0.66531 0.84615 0.75406 0.59541 0.99344 0.70310 0.17142 1.00000 0.68041 0.85412 1.00000 0.62294 0.62438
64.00000 25.00000 0.99981 0.99762 1.00000 0.00000 0.13163 0.29838 0.23358 0.00000 0.00314 0.00591 0.62745 0.28321 0.23077 0.48782 0.00555 0.99352 0.59478 0.41241 0.00000 0.29897 0.62791 1.00000 0.01816 0.02361
64.00000 26.00000 0.00004 0.00178 1.00000 1.00000 0.98247 0.93722 0.89309 1.00000 1.00000 0.96054 0.99876 0.89259 0.94872 0.91883 0.96139 0.99328 0.72455 0.09386 1.00000 0.92784 1.00000 1.00000 0.95795 0.97173
64.00000 27.00000 0.83318 0.99762 1.00000 0.06027 0.18331 0.34458 0.23615 0.14659 0.14617 0.13418 0.65064 0.30592 0.23077 0.47078 0.13407 0.99363 0.55462 0.39708 0.00000 0.31959 0.65116 1.00000 0.15843 0.16472
64.00000 28.00000 0.47611 0.83147 1.00000 0.62699 0.65963 0.63954 0.53558 0.50794 0.50125 0.45716 0.86350 0.61121 0.38462 0.67614 0.45787 0.99336 0.54091 0.34571 0.00000 0.64948 0.86469 1.00000 0.48369 0.49081
64.00000 29.00000 0.83330 0.99762 1.00000 0.06027 0.18386 0.31828 0.22479 0.14659 0.14617 0.13365 0.65076 0.31755 0.23077 0.47808 0.13449 0.99369 0.54469 0.38642 0.00000 0.32990 0.65116 1.00000 0.16313 0.15968
64.00000 30.00000 0.99985 0.99810 1.00000 0.00000 0.12723 0.28294 0.22712 0.00000 0.00251 0.00545 0.62736 0.28209 0.23077 0.49432 0.00528 0.99358 0.57989 0.39123 0.00000 0.28866 0.62791 1.00000 0.01177 0.01594
64.00000 31.00000 0.99998 0.99762 1.00000 0.00000 0.13209 0.28515 0.21833 0.00000 0.00251 0.00545 0.62730 0.28034 0.23077 0.48539 0.00665 0.99358 0.60298 0.39075 0.00000 0.27835 0.62791 1.00000 0.01446 0.01328
64.00000 32.00000 0.99988 0.99893 1.00000 0.00000 0.12961 0.29193 0.24561 0.00000 0.00314 0.00782 0.62736 0.28556 0.23077 0.48539 0.00472 0.99347 0.59206 0.41227 0.00000 0.29897 0.62791 1.00000 0.01850 0.01240
64.00000 33.00000 0.99995 0.99857 1.00000 0.00000 0.12970 0.29155 0.22928 0.00000 0.00314 0.00384 0.62741 0.28399 0.23077 0.48052 0.00653 0.99352 0.59199 0.40275 0.00000 0.27835 0.62791 1.00000 0.01043 0.01392
64.00000 34.00000 0.99983 0.99762 1.00000 0.00000 0.12732 0.30265 0.22887 0.00000 0.00251 0.00582 0.62743 0.27739 0.23077 0.49107 0.00645 0.99355 0.60226 0.40414 0.00000 0.30928 0.62791 1.00000 0.01648 0.01395
64.00000 35.00000 0.23820 0.29691 1.00000 0.59794 0.63641 0.68771 0.68459 0.61718 0.61606 0.59493 0.85282 0.66785 0.84615 0.74594 0.59497 0.99325 0.70989 0.16311 1.00000 0.70103 0.85412 1.00000 0.61588 0.63016
64.00000 36.00000 0.99981 0.99762 1.00000 0.00000 0.13301 0.28629 0.22839 0.00000 0.00314 0.00628 0.62747 0.28766 0.23077 0.48377 0.00530 0.99361 0.59018 0.41656 0.00000 0.28866 0.62791 1.00000 0.01749 0.01654
64.00000 37.00000 0.47614 0.83135 1.00000 0.62699 0.66367 0.65193 0.55619 0.50794 0.50125 0.45615 0.86363 0.62033 0.38462 0.65260 0.45535 0.99347 0.52750 0.34391 0.00000 0.64948 0.86469 1.00000 0.48470 0.48529
64.00000 38.00000 0.99996 0.99762 1.00000 0.00000 0.13301 0.30133 0.23535 0.00000 0.00314 0.00610 0.62736 0.29059 0.23077 0.49756 0.00545 0.99361 0.60067 0.40071 0.00000 0.29897 0.62791 1.00000 0.01514 0.01650
64.00000 39.00000 0.83316 0.99774 1.00000 0.06027 0.18524 0.33305 0.23214 0.14659 0.14617 0.13591 0.65070 0.30805 0.23077 0.48377 0.13449 0.99369 0.55818 0.38864 0.00000 0.32990 0.65116 1.00000 0.16616 0.15676
64.00000 40.00000 0.83317 0.99952 1.00000 0.06027 0.18551 0.35161 0.26403 0.14659 0.14617 0.13326 0.65066 0.31024 0.23077 0.47565 0.13398 0.99366 0.55351 0.39269 0.00000 0.32990 0.65116 1.00000 0.15674 0.15956
64.00000 41.00000 0.83313 0.99762 1.00000 0.06027 0.18414 0.32590 0.23747 0.14659 0.14617 0.13441 0.65078 0.31012 0.23077 0.47484 0.13427 0.99386 0.56494 0.38677 0.00000 0.31959 0.65116 1.00000 0.15607 0.16317
64.00000 42.00000 0.83313 0.99822 1.00000 0.06027 0.18395 0.33602 0.26845 0.14659 0.14617 0.13436 0.65070 0.30761 0.23077 0.47078 0.13356 0.99386 0.54178 0.39705 0.00000 0.32990 0.65116 1.00000 0.15843 0.15586
64.00000 43.00000 0.83334 0.99762 1.00000 0.06027 0.18313 0.32304 0.24734 0.14659 0.14617 0.13708 0.65074 0.30619 0.23077 0.47646 0.13417 0.99372 0.56431 0.40310 0.00000 0.32990 0.65116 1.00000 0.15439 0.15919
64.00000 44.00000 0.47618 0.83290 1.00000 0.62699 0.66266 0.65188 0.53594 0.50794 0.50063 0.45675 0.86348 0.61845 0.38462 0.66477 0.45623 0.99344 0.53805 0.36719 0.00000 0.64948 0.86469 1.00000 0.47763 0.49102
64.00000 45.00000 0.99994 0.99929 1.00000 0.00000 0.12989 0.29147 0.24448 0.00000 0.00314 0.00536 0.62743 0.28490 0.23077 0.48377 0.00481 0.99350 0.59752 0.40455 0.00000 0.29897 0.62791 1.00000 0.01514 0.01491
64.00000 46.00000 0.59529 0.73634 0.00000 0.23809 0.01092 0.03735 0.07078 0.29318 0.21079 0.09086 0.00160 0.02903 0.02564 0.05357 0.08896 0.00231 0.08810 0.91977 0.00000 0.03093 0.00000 0.00000 0.13925 0.14676
64.00000 47.00000 0.47610 0.83302 1.00000 0.62699 0.65256 0.65744 0.54963 0.50794 0.50063 0.45663 0.86350 0.61269 0.38462 0.65909 0.45606 0.99344 0.53012 0.35730 0.00000 0.63918 0.86469 1.00000 0.48335 0.48655
64.00000 48.00000 0.23821 0.29691 1.00000 0.59794 0.63631 0.67475 0.66394 0.61718 0.61606 0.59475 0.85284 0.66335 0.84615 0.74838 0.59460 0.99341 0.71133 0.15395 1.00000 0.70103 0.85412 1.00000 0.62260 0.61433
64.00000 49.00000 0.00005 0.00154 1.00000 1.00000 0.98192 0.93814 0.90794 1.00000 1.00000 0.96086 0.99878 0.88787 0.94872 0.91234 0.96200 0.99314 0.71869 0.08714 1.00000 0.92784 1.00000 1.00000 0.96805 0.97024
64.00000 50.00000 0.99995 0.99762 1.00000 0.00000 0.13007 0.29428 0.23615 0.00000 0.00314 0.00534 0.62741 0.29010 0.23077 0.47890 0.00533 0.99358 0.60343 0.40777 0.00000 0.28866 0.62791 1.00000 0.00774 0.01930
64.00000 51.00000 0.00002 0.00000 1.00000 1.00000 0.97485 0.91694 0.90926 1.00000 1.00000 0.96130 0.99873 0.89531 0.94872 0.91315 0.96302 0.99325 0.72224 0.08787 1.00000 0.91753 1.00000 1.00000 0.96872 0.96936
64.00000 52.00000 0.23816 0.29774 1.00000 0.59794 0.63429 0.69975 0.66372 0.61718 0.61606 0.59332 0.85276 0.66245 0.84615 0.75812 0.59463 0.99347 0.70570 0.15627 1.00000 0.69072 0.85412 1.00000 0.61689 0.62213
64.00000 53.00000 0.99992 0.99762 1.00000 0.00000 0.12869 0.28156 0.24033 0.00000 0.00314 0.00568 0.62745 0.28546 0.23077 0.47971 0.00606 0.99383 0.59742 0.40490 0.00000 0.29897 0.62791 1.00000 0.01480 0.02189
64.00000 54.00000 0.47621 0.83302 1.00000 0.62699 0.66413 0.65766 0.54132 0.50794 0.50063 0.45617 0.86358 0.61957 0.38462 0.66883 0.45596 0.99336 0.52714 0.35114 0.00000 0.64948 0.86469 1.00000 0.48470 0.49031
64.00000 55.00000 0.99994 0.99952 1.00000 0.00000 0.13163 0.29433 0.22805 0.00000 0.00314 0.00653 0.62751 0.28900 0.23077 0.49188 0.00511 0.99369 0.60004 0.40819 0.00000 0.28866 0.62791 1.00000 0.01278 0.01927
64.00000 56.00000 0.99994 0.99976 1.00000 0.00000 0.12879 0.28526 0.24018 0.00000 0.00251 0.00732 0.62728 0.28113 0.23077 0.48701 0.00547 0.99358 0.59439 0.41133 0.00000 0.30928 0.62791 1.00000 0.01480 0.01322
64.00000 57.00000 0.99982 0.99857 1.00000 0.00000 0.12640 0.28674 0.24640 0.00000 0.00314 0.00711 0.62747 0.28760 0.23077 0.48133 0.00645 0.99347 0.59629 0.40694 0.00000 0.28866 0.62791 1.00000 0.01446 0.01814
64.00000 58.00000 0.23805 0.29905 1.00000 0.59794 0.63319 0.68890 0.67782 0.61718 0.61606 0.59366 0.85276 0.67136 0.84615 0.74919 0.59482 0.99344 0.71967 0.16495 1.00000 0.70103 0.85412 1.00000 0.62025 0.62596
64.00000 59.00000 0.99993 0.99869 1.00000 0.00000 0.12833 0.30953 0.23646 0.00000 0.00314 0.00531 0.62732 0.28400 0.23077 0.50812 0.00719 0.99355 0.59093 0.39905 0.00000 0.28866 0.62791 1.00000 0.01345 0.01403
64.00000 60.00000 0.00003 0.00059 1.00000 1.00000 0.98384 0.92256 0.89960 1.00000 1.00000 0.96066 0.99871 0.89836 0.94872 0.91721 0.96236 0.99317 0.72559 0.10292 1.00000 0.93814 1.00000 1.00000 0.96973 0.96742
64.00000 61.00000 0.00005 0.00119 1.00000 1.00000 0.98182 0.94367 0.91111 1.00000 1.00000 0.96291 0.99878 0.88714 0.94872 0.90422 0.96268 0.99319 0.71808 0.07929 1.00000 0.91753 1.00000 1.00000 0.97175 0.96658
64.00000 62.00000 0.99980 0.99881 1.00000 0.00000 0.12787 0.32250 0.23689 0.00000 0.00314 0.00603 0.62747 0.28603 0.23077 0.47321 0.00621 0.99344 0.57992 0.40625 0.00000 0.28866 0.62791 1.00000 0.01009 0.01393
64.00000 63.00000 0.59513 0.73634 0.00000 0.23809 0.00982 0.06008 0.05522 0.29318 0.21079 0.09111 0.00160 0.02002 0.02564 0.04789 0.08879 0.00223 0.08950 0.94008 0.00000 0.04124 0.00000 0.00000 0.14194 0.13607
64.00000 64.00000 0.59531 0.73765 0.00000 0.23809 0.01065 0.06554 0.04936 0.29318 0.21079 0.09180 0.00156 0.02284 0.02564 0.04383 0.08950 0.00196 0.08741 0.94780 0.00000 0.04124 0.00000 0.00000 0.13555 0.13322
64.00000 65.00000 0.59508 0.73682 0.00000 0.23809 0.01331 0.04426 0.05548 0.29318 0.21079 0.09198 0.00160 0.02199 0.02564 0.03571 0.08935 0.00231 0.08238 0.93552 0.00000 0.06186 0.00000 0.00000 0.13824 0.13090
64.00000 66.00000 0.83330 0.99905 1.00000 0.06027 0.18377 0.33122 0.24225 0.14659 0.14617 0.13524 0.65081 0.30521 0.23077 0.47078 0.13390 0.99369 0.55046 0.38985 0.00000 0.32990 0.65116 1.00000 0.16145 0.15800
64.00000 67.00000 0.83313 0.99762 1.00000 0.06027 0.17872 0.34364 0.26153 0.14659 0.14617 0.13618 0.65068 0.30940 0.23077 0.47727 0.13358 0.99375 0.55315 0.38726 0.00000 0.34021 0.65116 1.00000 0.15573 0.16031
64.00000 68.00000 0.23814 0.29691 1.00000 0.59794 0.63328 0.70772 0.68442 0.61718 0.61606 0.59456 0.85278 0.66259 0.84615 0.76380 0.59402 0.99328 0.69957 0.16094 1.00000 0.69072 0.85412 1.00000 0.62025 0.62223
64.00000 69.00000 0.59529 0.73634 0.00000 0.23809 0.01184 0.04761 0.03773 0.29318 0.21079 0.09024 0.00154 0.02323 0.02564 0.05357 0.08779 0.00209 0.08623 0.93669 0.00000 0.06186 0.00000 0.00000 0.13791 0.13105
64.00000 70.00000 0.99987 0.99964 1.00000 0.00000 0.12952 0.29946 0.23622 0.00000 0.00251 0.00610 0.62764 0.28794 0.23077 0.48701 0.00609 0.99366 0.61235 0.40601 0.00000 0.28866 0.62791 1.00000 0.01480 0.01421
64.00000 71.00000 0.99994 0.99905 1.00000 0.00000 0.12392 0.29412 0.23735 0.00000 0.00314 0.00573 0.62738 0.28448 0.23077 0.50081 0.00511 0.99361 0.58978 0.41279 0.00000 0.29897 0.62791 1.00000 0.01413 0.01274
64.00000 72.00000 0.99994 0.99762 1.00000 0.00000 0.12860 0.29166 0.23759 0.00000 0.00251 0.00499 0.62743 0.28738 0.23077 0.47727 0.00591 0.99361 0.59757 0.40521 0.00000 0.30928 0.62791 1.00000 0.01917 0.01987
64.00000 73.00000 0.59527 0.73634 0.00000 0.23809 0.01368 0.02384 0.03567 0.29318 0.21016 0.08971 0.00160 0.02442 0.02564 0.05357 0.08830 0.00226 0.09077 0.93489 0.00000 0.04124 0.00000 0.00000 0.14026 0.13781
64.00000 74.00000 0.47613 0.83135 1.00000 0.62699 0.65541 0.65482 0.55698 0.50794 0.50125 0.45566 0.86358 0.61086 0.35897 0.67370 0.45686 0.99352 0.52670 0.35944 0.00000 0.63918 0.86469 1.00000 0.48234 0.48168
64.00000 75.00000 0.59527 0.73670 0.00000 0.23809 0.01432 0.05390 0.05920 0.29318 0.21079 0.09113 0.00165 0.02132 0.02564 0.04140 0.08776 0.00218 0.08091 0.93645 0.00000 0.06186 0.00000 0.00000 0.14094 0.13853
64.00000 76.00000 0.47618 0.83278 1.00000 0.62699 0.66018 0.65520 0.55252 0.50794 0.50125 0.45771 0.86356 0.61791 0.38462 0.66315 0.45684 0.99363 0.53363 0.35294 0.00000 0.63918 0.86469 1.00000 0.48369 0.48691
64.00000 77.00000 0.83325 0.99762 1.00000 0.06027 0.18634 0.33813 0.26158 0.14659 0.14617 0.13561 0.65074 0.31010 0.23077 0.47240 0.13305 0.99361 0.55852 0.39082 0.00000 0.30928 0.65116 1.00000 0.15674 0.16235
64.00000 78.00000 0.23815 0.29834 1.00000 0.59794 0.63310 0.68677 0.67405 0.61718 0.61606 0.59663 0.85287 0.65515 0.84615 0.75568 0.59565 0.99347 0.70407 0.16478 1.00000 0.69072 0.85412 1.00000 0.62059 0.62225
64.00000 79.00000 0.83333 0.99857 1.00000 0.06027 0.18304 0.31564 0.27148 0.14659 0.14617 0.13282 0.65068 0.30666 0.23077 0.47078 0.13273 0.99369 0.55993 0.39286 0.00000 0.32990 0.65116 1.00000 0.15674 0.16139
64.00000 80.00000 0.83314 0.99762 1.00000 0.06027 0.18533 0.31993 0.25880 0.14659 0.14617 0.13489 0.65066 0.30510 0.23077 0.47727 0.13344 0.99369 0.55926 0.40241 0.00000 0.31959 0.65116 1.00000 0.15809 0.16190
64.00000 81.00000 0.23823 0.29691 1.00000 0.59794 0.64035 0.70240 0.67818 0.61718 0.61606 0.59449 0.85282 0.66476 0.84615 0.75325 0.59502 0.99355 0.69712 0.16737 1.00000 0.69072 0.85412 1.00000 0.62059 0.62091
64.00000 82.00000 0.23824 0.29691 1.00000 0.59794 0.63503 0.68029 0.67549 0.61718 0.61606 0.59527 0.85297 0.66672 0.84615 0.75731 0.59392 0.99341 0.69866 0.17208 1.00000 0.69072 0.85412 1.00000 0.62092 0.60995
64.00000 83.00000 0.23805 0.29929 1.00000 0.59794 0.63595 0.70942 0.71029 0.61718 0.61606 0.59498 0.85297 0.66610 0.84615 0.75974 0.59377 0.99350 0.71614 0.18377 1.00000 0.68041 0.85412 1.00000 0.62529 0.62634
64.00000 84.00000 0.99982 0.99762 1.00000 0.00000 0.12814 0.30303 0.24595 0.00000 0.00314 0.00600 0.62738 0.29174 0.23077 0.46834 0.00565 0.99372 0.59653 0.40632 0.00000 0.30928 0.62791 1.00000 0.01648 0.01666
64.00000 85.00000 0.23806 0.29691 1.00000 0.59794 0.63530 0.69608 0.68056 0.61718 0.61606 0.59281 0.85287 0.65888 0.84615 0.77192 0.59509 0.99339 0.70327 0.15495 1.00000 0.69072 0.85412 1.00000 0.62462 0.62509
64.00000 86.00000 0.59513 0.73634 0.00000 0.23809 0.01450 0.05514 0.05479 0.29318 0.21079 0.09053 0.00167 0.02734 0.02564 0.04302 0.08876 0.00234 0.09683 0.94607 0.00000 0.06186 0.00000 0.00000 0.14497 0.14112
64.00000 87.00000 0.59528 0.73729 0.00000 0.23809 0.00716 0.04774 0.05599 0.29318 0.21079 0.09003 0.00162 0.02631 0.02564 0.05519 0.08864 0.00226 0.07966 0.93946 0.00000 0.05155 0.00000 0.00000 0.13656 0.13995
64.00000 88.00000 0.59522 0.73741 0.00000 0.23809 0.01267 0.04129 0.04427 0.29318 0.21079 0.09196 0.00171 0.02784 0.02564 0.05844 0.08889 0.00234 0.08517 0.94358 0.00000 0.05155 0.00000 0.00000 0.14026 0.13884
64.00000 89.00000 0.99978 0.99762 1.00000 0.00000 0.12943 0.28250 0.25671 0.00000 0.00314 0.00476 0.62741 0.28203 0.23077 0.49919 0.00621 0.99352 0.58905 0.40877 0.00000 0.29897 0.62791 1.00000 0.01446 0.01070
64.00000 90.00000 0.99981 0.99762 1.00000 0.00000 0.12998 0.29579 0.25296 0.00000 0.00314 0.00626 0.62726 0.29413 0.23077 0.47890 0.00489 0.99355 0.57696 0.40784 0.00000 0.29897 0.62791 1.00000 0.01009 0.01418
64.00000 91.00000 0.83332 0.99762 1.00000 0.06027 0.18230 0.32814 0.24107 0.14659 0.14617 0.13413 0.65072 0.30590 0.23077 0.47484 0.13356 0.99372 0.55510 0.39452 0.00000 0.32990 0.65116 1.00000 0.15641 0.16647
64.00000 92.00000 0.00003 0.00000 1.00000 1.00000 0.98320 0.93535 0.90981 1.00000 1.00000 0.96146 0.99880 0.89622 0.94872 0.92614 0.96185 0.99317 0.71457 0.08998 1.00000 0.91753 1.00000 1.00000 0.96737 0.96497
64.00000 93.00000 0.47629 0.83183 1.00000 0.62699 0.66394 0.65120 0.55095 0.50794 0.50125 0.45716 0.86363 0.61823 0.38462 0.66477 0.45633 0.99344 0.53406 0.36453 0.00000 0.67010 0.86469 1.00000 0.48301 0.48345
64.00000 94.00000 0.00001 0.00036 1.00000 1.00000 0.98247 0.92612 0.90794 1.00000 1.00000 0.96036 0.99878 0.89916 0.94872 0.93344 0.96170 0.99306 0.72249 0.08770 1.00000 0.93814 1.00000 1.00000 0.97006 0.97167
64.00000 95.00000 0.23810 0.29846 1.00000 0.59794 0.63292 0.70953 0.67952 0.61718 0.61606 0.59564 0.85308 0.66032 0.84615 0.76299 0.59465 0.99355 0.71032 0.15741 1.00000 0.70103 0.85412 1.00000 0.62328 0.62108
64.00000 96.00000 0.23818 0.29691 1.00000 0.59794 0.63732 0.68933 0.68611 0.61718 0.61606 0.59477 0.85291 0.66290 0.84615 0.75000 0.59473 0.99358 0.70710 0.17540 1.00000 0.70103 0.85412 1.00000 0.61352 0.62097
64.00000 97.00000 0.99981 0.99762 1.00000 0.00000 0.12365 0.30181 0.25793 0.00000 0.00314 0.00665 0.62738 0.28629 0.23077 0.48945 0.00413 0.99339 0.60064 0.40431 0.00000 0.28866 0.62791 1.00000 0.01581 0.01235
64.00000 98.00000 0.23800 0.29691 1.00000 0.59794 0.63742 0.70907 0.67837 0.61718 0.61606 0.59307 0.85289 0.66559 0.84615 0.75731 0.59429 0.99358 0.70652 0.16744 1.00000 0.68041 0.85412 1.00000 0.62092 0.62342
64.00000 99.00000 0.99980 0.99941 1.00000 0.00000 0.12723 0.31753 0.23271 0.00000 0.00314 0.00605 0.62747 0.28215 0.23077 0.50244 0.00552 0.99372 0.59908 0.41507 0.00000 0.29897 0.62791 1.00000 0.01615 0.01789
64.00000 100.00000 0.47617 0.83278 1.00000 0.62699 0.65825 0.65604 0.53311 0.50794 0.50063 0.45631 0.86369 0.61378 0.38462 0.68831 0.45647 0.99358 0.54570 0.36193 0.00000 0.65979 0.86469 1.00000 0.48133 0.48046
64.00000 101.00000 0.99994 0.99762 1.00000 0.00000 0.13659 0.30181 0.24494 0.00000 0.00251 0.00410 0.62741 0.27937 0.23077 0.49594 0.00565 0.99330 0.59485 0.41071 0.00000 0.27835 0.62791 1.00000 0.01043 0.01638
64.00000 102.00000 0.99982 0.99762 1.00000 0.00000 0.13301 0.29498 0.24556 0.00000 0.00314 0.00729 0.62738 0.28818 0.23077 0.48864 0.00628 0.99361 0.60045 0.41507 0.00000 0.29897 0.62791 1.00000 0.01783 0.01769
64.00000 103.00000 0.47608 0.83290 1.00000 0.62699 0.65688 0.63838 0.54459 0.50794 0.50125 0.45619 0.86369 0.62541 0.35897 0.67614 0.45559 0.99369 0.54813 0.36622 0.00000 0.64948 0.86469 1.00000 0.48503 0.48108
64.00000 104.00000 0.99997 0.99762 1.00000 0.00000 0.13053 0.29404 0.24429 0.00000 0.00314 0.00490 0.62741 0.28753 0.23077 0.48620 0.00616 0.99361 0.59737 0.40822 0.00000 0.29897 0.62791 1.00000 0.01648 0.02159
64.00000 105.00000 0.59531 0.73705 0.00000 0.23809 0.01478 0.04809 0.06245 0.29318 0.21079 0.08968 0.00158 0.02721 0.02564 0.06250 0.08823 0.00226 0.08455 0.93296 0.00000 0.08247 0.00000 0.00000 0.13791 0.13732
64.00000 106.00000 0.59527 0.73634 0.00000 0.23809 0.00918 0.06065 0.06190 0.29318 0.21016 0.09060 0.00154 0.02984 0.02564 0.06494 0.09045 0.00229 0.10491 0.94399 0.00000 0.07216 0.00000 0.00000 0.14262 0.14447
64.00000 107.00000 0.00001 0.00000 1.00000 1.00000 0.97944 0.93854 0.92838 1.00000 1.00000 0.95941 0.99869 0.88754 0.94872 0.93588 0.96038 0.99328 0.71248 0.09669 1.00000 0.92784 1.00000 1.00000 0.96435 0.96646
64.00000 108.00000 0.00006 0.00000 1.00000 1.00000 0.98366 0.96484 0.92038 1.00000 1.00000 0.96107 0.99884 0.90003 0.94872 0.93019 0.96175 0.99344 0.73821 0.08739 1.00000 0.94845 1.00000 1.00000 0.96401 0.96232
64.00000 109.00000 0.00003 0.00095 1.00000 1.00000 0.98247 0.95021 0.90539 1.00000 1.00000 0.96188 0.99882 0.89745 0.94872 0.92938 0.96187 0.99322 0.72585 0.09420 1.00000 0.93814 1.00000 1.00000 0.96502 0.96869
64.00000 110.00000 0.83316 0.99762 1.00000 0.06027 0.18818 0.32927 0.26636 0.14659 0.14617 0.13406 0.65074 0.31217 0.23077 0.48052 0.13283 0.99377 0.56395 0.39611 0.00000 0.32990 0.65116 1.00000 0.15943 0.16142
64.00000 111.00000 0.83336 0.99976 1.00000 0.06027 0.18818 0.31205 0.25037 0.14659 0.14617 0.13540 0.65070 0.30761 0.23077 0.48701 0.13336 0.99363 0.56602 0.40355 0.00000 0.32990 0.65116 1.00000 0.15573 0.15583
64.00000 112.00000 0.83326 0.99964 1.00000 0.06027 0.18616 0.34909 0.23946 0.14659 0.14617 0.13356 0.65078 0.31118 0.23077 0.48133 0.13322 0.99383 0.56787 0.40403 0.00000 0.32990 0.65116 1.00000 0.15439 0.15540
64.00000 113.00000 0.83326 0.99810 1.00000 0.06027 0.18377 0.33052 0.24640 0.14659 0.14617 0.13381 0.65062 0.30986 0.23077 0.48620 0.13246 0.99355 0.53921 0.40223 0.00000 0.34021 0.65116 1.00000 0.15237 0.15754
64.00000 114.00000 0.00003 0.00000 1.00000 1.00000 0.98127 0.95655 0.94063 1.00000 1.00000 0.95932 0.99876 0.89319 0.94872 0.94562 0.96131 0.99330 0.70630 0.09645 1.00000 0.93814 1.00000 1.00000 0.97141 0.97101
64.00000 115.00000 0.00000 0.00071 1.00000 1.00000 0.98651 0.95877 0.94024 1.00000 1.00000 0.96047 0.99892 0.89503 0.94872 0.92614 0.96112 0.99319 0.72085 0.09123 1.00000 0.93814 1.00000 1.00000 0.96098 0.97245
64.00000 116.00000 0.59529 0.73634 0.00000 0.23809 0.00964 0.06059 0.08137 0.29318 0.21079 0.09044 0.00152 0.02774 0.02564 0.07711 0.08793 0.00220 0.08613 0.96790 0.00000 0.09278 0.00000 0.00000 0.13993 0.14123
64.00000 117.00000 0.47620 0.83135 1.00000 0.62699 0.66284 0.65066 0.55710 0.50794 0.50125 0.45633 0.86365 0.61804 0.35897 0.68101 0.45616 0.99361 0.53808 0.36159 0.00000 0.65979 0.86469 1.00000 0.48200 0.47394
64.00000 118.00000 0.99997 0.99917 1.00000 0.00000 0.13026 0.29528 0.25464 0.00000 0.00251 0.00656 0.62736 0.28944 0.23077 0.51055 0.00550 0.99361 0.60853 0.40895 0.00000 0.29897 0.62791 1.00000 0.01009 0.01169
64.00000 119.00000 0.83328 0.99762 1.00000 0.06027 0.18478 0.32860 0.24042 0.14659 0.14617 0.13335 0.65081 0.30504 0.23077 0.45942 0.13437 0.99383 0.56032 0.38767 0.00000 0.32990 0.65116 1.00000 0.15775 0.15639
64.00000 120.00000 0.83335 0.99762 1.00000 0.06027 0.18625 0.35898 0.25575 0.14659 0.14617 0.13294 0.65072 0.31364 0.23077 0.48052 0.13283 0.99372 0.54637 0.39874 0.00000 0.34021 0.65116 1.00000 0.15372 0.15791
64.00000 121.00000 0.47609 0.83266 1.00000 0.62699 0.66110 0.66927 0.54632 0.50794 0.50125 0.45767 0.86369 0.62353 0.38462 0.67695 0.45611 0.99366 0.53966 0.36345 0.00000 0.65979 0.86469 1.00000 0.47595 0.48283
64.00000 122.00000 0.59515 0.73634 0.00000 0.23809 0.01092 0.06049 0.06471 0.29318 0.21079 0.08839 0.00171 0.02720 0.02564 0.07143 0.08744 0.00223 0.08414 0.94039 0.00000 0.04124 0.00000 0.00000 0.13555 0.13897
64.00000 123.00000 0.83323 0.99893 1.00000 0.06027 0.18551 0.33608 0.23747 0.14659 0.14617 0.13570 0.65072 0.30715 0.23077 0.49026 0.13407 0.99372 0.55436 0.40300 0.00000 0.36082 0.65116 1.00000 0.16112 0.15651
64.00000 124.00000 0.23818 0.29691 1.00000 0.59794 0.63466 0.71031 0.70455 0.61718 0.61606 0.59332 0.85303 0.66011 0.84615 0.77110 0.59541 0.99344 0.70815 0.16958 1.00000 0.71134 0.85412 1.00000 0.62630 0.62011
64.00000 125.00000 0.59522 0.73634 0.00000 0.23809 0.01423 0.06932 0.07628 0.29318 0.21079 0.09106 0.00165 0.02403 0.02564 0.06899 0.08793 0.00220 0.07522 0.95247 0.00000 0.07216 0.00000 0.00000 0.14060 0.13748
64.00000 126.00000 0.59526 0.73658 0.00000 0.23809 0.01505 0.04588 0.05394 0.29318 0.21079 0.09014 0.00160 0.03330 0.02564 0.06006 0.08835 0.00237 0.08356 0.94721 0.00000 0.04124 0.00000 0.00000 0.13051 0.13738
64.00000 127.00000 0.83324 0.99762 1.00000 0.06027 0.18717 0.35026 0.25796 0.14659 0.14617 0.13441 0.65068 0.31089 0.23077 0.47890 0.13400 0.99377 0.56258 0.39698 0.00000 0.34021 0.65116 1.00000 0.15439 0.15822
64.00000 128.00000 0.59522 0.73694 0.00000 0.23809 0.01515 0.04312 0.06430 0.29318 0.21079 0.09051 0.00154 0.03003 0.02564 0.04545 0.08764 0.00231 0.09529 0.95254 0.00000 0.06186 0.00000 0.00000 0.13656 0.13545
64.00000 129.00000 0.99977 0.99762 1.00000 0.00000 0.13117 0.30081 0.24208 0.00000 0.00251 0.00543 0.62741 0.28329 0.23077 0.49432 0.00545 0.99352 0.59562 0.42386 0.00000 0.30928 0.62791 1.00000 0.01345 0.01426
64.00000 130.00000 0.00002 0.00000 1.00000 1.00000 0.98026 0.92993 0.92605 1.00000 1.00000 0.95836 0.99880 0.89907 0.94872 0.93425 0.95997 0.99339 0.72181 0.09818 1.00000 0.93814 1.00000 1.00000 0.95829 0.96150
64.00000 131.00000 0.99979 0.99762 1.00000 0.00000 0.12879 0.30597 0.25728 0.00000 0.00314 0.00467 0.62736 0.28729 0.23077 0.50406 0.00543 0.99352 0.59701 0.42005 0.00000 0.31959 0.62791 1.00000 0.01749 0.01402
64.00000 132.00000 0.83320 0.99798 1.00000 0.06027 0.17891 0.32776 0.25272 0.14659 0.14617 0.13335 0.65081 0.31778 0.23077 0.48945 0.13248 0.99369 0.56542 0.39680 0.00000 0.35052 0.65116 1.00000 0.15708 0.15395
64.00000 133.00000 0.00003 0.00000 1.00000 1.00000 0.98697 0.93171 0.91682 1.00000 1.00000 0.95751 0.99888 0.89793 0.94872 0.94643 0.95990 0.99341 0.71118 0.10569 1.00000 0.93814 1.00000 1.00000 0.95526 0.96691
64.00000 134.00000 0.23815 0.29691 1.00000 0.59794 0.64072 0.73216 0.68092 0.61718 0.61669 0.59382 0.85306 0.66777 0.84615 0.78003 0.59438 0.99377 0.70500 0.17055 1.00000 0.70103 0.85412 1.00000 0.61857 0.61430
64.00000 135.00000 0.99998 0.99762 1.00000 0.00000 0.12915 0.30543 0.23283 0.00000 0.00314 0.00630 0.62751 0.28473 0.23077 0.49351 0.00633 0.99366 0.60545 0.41770 0.00000 0.30928 0.62791 1.00000 0.01480 0.01395
64.00000 136.00000 0.99989 0.99798 1.00000 0.00000 0.13576 0.29425 0.25003 0.00000 0.00314 0.00531 0.62749 0.29079 0.23077 0.50731 0.00491 0.99372 0.59675 0.42745 0.00000 0.30928 0.62791 1.00000 0.01312 0.01904
64.00000 137.00000 0.00005 0.00024 1.00000 1.00000 0.98999 0.94851 0.93710 1.00000 1.00000 0.95981 0.99886 0.89369 0.94872 0.94075 0.96029 0.99352 0.73523 0.09285 1.00000 0.93814 1.00000 1.00000 0.96401 0.95926
64.00000 138.00000 0.23814 0.29810 1.00000 0.59794 0.64329 0.70024 0.69617 0.61718 0.61669 0.59231 0.85303 0.66288 0.84615 0.77679 0.59377 0.99372 0.71623 0.17598 1.00000 0.70103 0.85412 1.00000 0.61689 0.61404
64.00000 139.00000 0.83323 0.99762 1.00000 0.06027 0.19047 0.35919 0.27037 0.14659 0.14617 0.13579 0.65068 0.31233 0.23077 0.50244 0.13378 0.99383 0.55044 0.39954 0.00000 0.35052 0.65116 1.00000 0.15439 0.15589
64.00000 140.00000 0.23821 0.29881 1.00000 0.59794 0.63659 0.71234 0.70095 0.61718 0.61669 0.59178 0.85299 0.66920 0.84615 0.77354 0.59358 0.99352 0.69058 0.16993 1.00000 0.71134 0.85412 1.00000 0.61924 0.61835
64.00000 141.00000 0.00002 0.00154 1.00000 1.00000 0.98697 0.96160 0.93895 1.00000 1.00000 0.96096 0.99882 0.89715 0.94872 0.94724 0.95887 0.99347 0.71082 0.10960 1.00000 0.93814 1.00000 1.00000 0.96367 0.96550
64.00000 142.00000 0.59511 0.73634 0.00000 0.23809 0.00936 0.05187 0.07585 0.29318 0.21079 0.09118 0.00167 0.03201 0.02564 0.08279 0.08803 0.00223 0.07255 0.94731 0.00000 0.06186 0.00000 0.00000 0.14228 0.13664
64.00000 143.00000 0.83335 0.99834 1.00000 0.06027 0.18607 0.33867 0.26271 0.14659 0.14617 0.13328 0.65074 0.31689 0.23077 0.48458 0.13332 0.99372 0.55133 0.40497 0.00000 0.34021 0.65116 1.00000 0.15506 0.16301
64.00000 144.00000 0.59511 0.73634 0.00000 0.23809 0.01882 0.05214 0.06634 0.29318 0.21079 0.09187 0.00158 0.02619 0.02564 0.07630 0.08979 0.00223 0.10277 0.95866 0.00000 0.06186 0.00000 0.00000 0.12950 0.13956
64.00000 145.00000 0.23810 0.29691 1.00000 0.59794 0.63943 0.71412 0.70419 0.61718 0.61606 0.59235 0.85308 0.66168 0.84615 0.78490 0.59280 0.99377 0.69279 0.17789 1.00000 0.70103 0.85412 1.00000 0.61520 0.62211
64.00000 146.00000 0.99997 0.99798 1.00000 0.00000 0.12943 0.31888 0.26446 0.00000 0.00314 0.00481 0.62743 0.28859 0.23077 0.53247 0.00530 0.99347 0.59514 0.41275 0.00000 0.30928 0.62791 1.00000 0.00875 0.01929
64.00000 147.00000 0.23822 0.29691 1.00000 0.59794 0.64035 0.70678 0.70724 0.61718 0.61669 0.59399 0.85310 0.66636 0.84615 0.78409 0.59233 0.99383 0.70337 0.17536 1.00000 0.70103 0.85412 1.00000 0.61285 0.61819
64.00000 148.00000 0.59521 0.73634 0.00000 0.23809 0.01221 0.06816 0.06836 0.29318 0.21079 0.08959 0.00171 0.03244 0.02564 0.06737 0.08849 0.00240 0.09818 0.96613 0.00000 0.04124 0.00000 0.00000 0.13791 0.13379
64.00000 149.00000 0.47612 0.83135 1.00000 0.62699 0.66303 0.67024 0.57163 0.50794 0.50125 0.45541 0.86377 0.62238 0.38462 0.70536 0.45552 0.99369 0.53570 0.36757 1.00000 0.67010 0.86469 1.00000 0.48066 0.48453
64.00000 150.00000 0.23807 0.29691 1.00000 0.59794 0.64145 0.70915 0.70044 0.61718 0.61606 0.59173 0.85316 0.67384 0.84615 0.78896 0.59130 0.99369 0.70505 0.17391 1.00000 0.72165 0.85412 1.00000 0.61890 0.62403
64.00000 151.00000 0.59520 0.73848 0.00000 0.23809 0.01680 0.07963 0.08272 0.29318 0.21079 0.08984 0.00177 0.03258 0.02564 0.06981 0.08972 0.00242 0.10051 0.95458 0.00000 0.07216 0.00000 0.00000 0.13488 0.14372
64.00000 152.00000 0.23805 0.29691 1.00000 0.59794 0.63659 0.71296 0.71003 0.61718 0.61669 0.59210 0.85314 0.66941 0.84615 0.78571 0.59355 0.99377 0.71587 0.17045 1.00000 0.72165 0.85412 1.00000 0.61386 0.62024
64.00000 153.00000 0.47613 0.83135 1.00000 0.62699 0.66661 0.65334 0.56299 0.50794 0.50125 0.45560 0.86388 0.61618 0.38462 0.70292 0.45476 0.99388 0.54608 0.37183 0.00000 0.67010 0.86469 1.00000 0.47561 0.47933
64.00000 154.00000 0.99982 0.99762 1.00000 0.00000 0.13393 0.32776 0.25582 0.00000 0.00314 0.00490 0.62732 0.29569 0.23077 0.50000 0.00555 0.99347 0.60957 0.42143 0.00000 0.30928 0.62791 1.00000 0.00975 0.00977
64.00000 155.00000 0.00001 0.00071 1.00000 1.00000 0.98403 0.95599 0.94445 1.00000 1.00000 0.95854 0.99892 0.90088 0.94872 0.95455 0.95911 0.99358 0.71445 0.08718 1.00000 0.95876 1.00000 1.00000 0.95425 0.96387
64.00000 156.00000 0.00001 0.00000 1.00000 1.00000 0.98513 0.95239 0.93092 1.00000 1.00000 0.95746 0.99903 0.89254 0.94872 0.94724 0.95894 0.99350 0.70866 0.09808 1.00000 0.94845 1.00000 1.00000 0.95358 0.96727
64.00000 157.00000 0.23811 0.29691 1.00000 0.59794 0.64393 0.70181 0.70830 0.61718 0.61669 0.59284 0.85308 0.66284 0.84615 0.79383 0.59233 0.99383 0.71234 0.17713 1.00000 0.69072 0.85412 1.00000 0.61453 0.62284
64.00000 158.00000 0.00006 0.00154 1.00000 1.00000 0.99091 0.96895 0.94464 1.00000 1.00000 0.95843 0.99899 0.89235 0.94872 0.96510 0.95745 0.99363 0.71373 0.10244 1.00000 0.93814 1.00000 1.00000 0.95257 0.96137
64.00000 159.00000 0.00004 0.00036 1.00000 1.00000 0.99211 0.94805 0.94882 1.00000 1.00000 0.95774 0.99899 0.89750 0.94872 0.94562 0.95889 0.99352 0.73030 0.10500 1.00000 0.94845 1.00000 1.00000 0.95325 0.96329
64.00000 160.00000 0.47615 0.83135 1.00000 0.62699 0.66587 0.67356 0.56633 0.50794 0.50125 0.45661 0.86388 0.62604 0.38462 0.70049 0.45591 0.99394 0.55407 0.37785 1.00000 0.67010 0.86469 1.00000 0.48066 0.47807
64.00000 161.00000 0.23805 0.29727 1.00000 0.59794 0.64191 0.70877 0.72439 0.61718 0.61669 0.59164 0.85314 0.66858 0.84615 0.79627 0.59299 0.99383 0.71695 0.18200 1.00000 0.72165 0.85412 1.00000 0.61520 0.61308
64.00000 162.00000 0.99986 0.99762 1.00000 0.00000 0.13540 0.30154 0.29362 0.00000 0.00314 0.00426 0.62736 0.28815 0.23077 0.51623 0.00535 0.99361 0.61046 0.44001 0.00000 0.30928 0.62791 1.00000 0.01076 0.01350
64.00000 163.00000 0.47622 0.83290 1.00000 0.62699 0.67009 0.66638 0.57800 0.50794 0.50125 0.45500 0.86390 0.62299 0.35897 0.68182 0.45374 0.99383 0.53598 0.37193 1.00000 0.67010 0.86469 1.00000 0.47830 0.47936
64.00000 164.00000 0.99987 0.99762 1.00000 0.00000 0.13448 0.31861 0.26312 0.00000 0.00314 0.00416 0.62745 0.29530 0.23077 0.52679 0.00452 0.99352 0.59896 0.41853 0.00000 0.29897 0.62791 1.00000 0.00807 0.01222
64.00000 165.00000 0.83335 0.99846 1.00000 0.06027 0.19130 0.35015 0.27001 0.14659 0.14617 0.13294 0.65072 0.31267 0.23077 0.50406 0.13336 0.99391 0.57090 0.41777 0.00000 0.35052 0.65116 1.00000 0.15405 0.15682
64.00000 166.00000 0.59509 0.73634 0.00000 0.23809 0.01717 0.07272 0.07030 0.29318 0.21079 0.08823 0.00171 0.03700 0.00000 0.07062 0.08744 0.00245 0.09508 0.96637 0.00000 0.07216 0.00000 0.00000 0.13488 0.13813
64.00000 167.00000 0.23824 0.29691 1.00000 0.59794 0.64127 0.72689 0.72052 0.61718 0.61669 0.59178 0.85331 0.66997 0.84615 0.78734 0.59248 0.99402 0.69315 0.19418 1.00000 0.72165 0.85412 1.00000 0.60881 0.61660
64.00000 168.00000 0.00006 0.00000 1.00000 1.00000 0.99119 0.94807 0.95016 1.00000 1.00000 0.95698 0.99911 0.89619 0.94872 0.95860 0.95735 0.99363 0.72328 0.10067 1.00000 0.96907 1.00000 1.00000 0.95728 0.96311
64.00000 169.00000 0.23811 0.29703 1.00000 0.59794 0.64118 0.73121 0.73253 0.61718 0.61669 0.59339 0.85327 0.66864 0.84615 0.80195 0.59228 0.99394 0.70851 0.18906 1.00000 0.73196 0.85412 1.00000 0.61453 0.61116
64.00000 170.00000 0.23815 0.29691 1.00000 0.59794 0.64191 0.72446 0.72230 0.61718 0.61669 0.59118 0.85320 0.66930 0.84615 0.79464 0.59294 0.99394 0.71378 0.19069 1.00000 0.72165 0.85412 1.00000 0.61655 0.61504
64.00000 171.00000 0.47615 0.83349 1.00000 0.62699 0.66789 0.67375 0.56724 0.50794 0.50125 0.45359 0.86377 0.61943 0.38462 0.71023 0.45484 0.99388 0.53745 0.40542 1.00000 0.64948 0.86469 1.00000 0.48167 0.46998
64.00000 172.00000 0.99977 0.99822 1.00000 0.00000 0.13732 0.31002 0.27400 0.00000 0.00314 0.00594 0.62719 0.28891 0.23077 0.50731 0.00481 0.99344 0.60620 0.42631 0.00000 0.31959 0.62791 1.00000 0.01345 0.01015
64.00000 173.00000 0.83315 0.99762 1.00000 0.06027 0.18928 0.35228 0.28166 0.14659 0.14617 0.13531 0.65087 0.31059 0.23077 0.51542 0.13314 0.99397 0.56164 0.41773 0.00000 0.35052 0.65116 1.00000 0.15708 0.15635
64.00000 174.00000 0.83314 0.99762 1.00000 0.06027 0.19222 0.35784 0.27883 0.14659 0.14617 0.13204 0.65087 0.31089 0.23077 0.51055 0.13312 0.99386 0.55955 0.42770 0.00000 0.35052 0.65116 1.00000 0.14867 0.15449
64.00000 175.00000 0.83324 0.99952 1.00000 0.06027 0.19534 0.35471 0.29706 0.14659 0.14617 0.13340 0.65093 0.31652 0.23077 0.50406 0.13295 0.99388 0.54474 0.41829 0.00000 0.35052 0.65116 1.00000 0.14766 0.15560
64.00000 176.00000 0.47610 0.83135 1.00000 0.62699 0.66468 0.66187 0.57099 0.50794 0.50125 0.45461 0.86401 0.62235 0.35897 0.71916 0.45430 0.99391 0.54293 0.37830 0.00000 0.67010 0.86469 1.00000 0.47225 0.47239
64.00000 177.00000 0.99987 0.99822 1.00000 0.00000 0.13338 0.34029 0.28229 0.00000 0.00314 0.00377 0.62717 0.29056 0.23077 0.53084 0.00511 0.99336 0.61195 0.44832 0.00000 0.30928 0.62791 1.00000 0.01110 0.01169
64.00000 178.00000 0.83327 0.99964 1.00000 0.06027 0.19433 0.34982 0.29675 0.14659 0.14617 0.13179 0.65078 0.31633 0.23077 0.52435 0.13175 0.99375 0.55371 0.43015 0.00000 0.36082 0.65116 1.00000 0.14968 0.16227
64.00000 179.00000 0.99985 0.99917 1.00000 0.00000 0.13778 0.33527 0.27441 0.00000 0.00314 0.00467 0.62724 0.29244 0.23077 0.53653 0.00403 0.99344 0.60134 0.44617 0.00000 0.31959 0.62791 1.00000 0.00437 0.01968
64.00000 180.00000 0.59521 0.73634 0.00000 0.23809 0.01423 0.06778 0.09031 0.29318 0.21079 0.08867 0.00173 0.03451 0.02564 0.08766 0.08715 0.00223 0.09919 0.97924 0.00000 0.07216 0.00000 0.00000 0.13051 0.13636
64.00000 181.00000 0.00002 0.00000 1.00000 1.00000 0.99247 0.96174 0.98345 1.00000 1.00000 0.95350 0.99913 0.90430 0.94872 0.96834 0.95633 0.99399 0.72160 0.11565 1.00000 0.96907 1.00000 1.00000 0.95291 0.95858
64.00000 182.00000 0.23812 0.29691 1.00000 0.59794 0.64044 0.72241 0.72845 0.61718 0.61669 0.59127 0.85339 0.67297 0.84615 0.81088 0.59099 0.99410 0.72066 0.19114 1.00000 0.73196 0.85412 1.00000 0.61016 0.61067
64.00000 183.00000 0.59518 0.73670 0.00000 0.23809 0.01707 0.06880 0.09790 0.29318 0.21079 0.09067 0.00173 0.02760 0.02564 0.09253 0.08673 0.00253 0.10109 0.97464 0.00000 0.08247 0.00000 0.00000 0.13589 0.13498
64.00000 184.00000 0.99987 0.99762 1.00000 0.00000 0.13668 0.32733 0.29648 0.00000 0.00314 0.00508 0.62715 0.29074 0.23077 0.55682 0.00391 0.99336 0.61327 0.43794 0.00000 0.32990 0.62791 1.00000 0.01211 0.01342
