19.00000 1.00000 0.75862 0.50000 1.00000 1.00000 0.40361 0.41312 0.48683 1.00000 1.00000 0.52174 0.40909 0.12115 1.00000 0.47024 0.67591 0.27941 0.11467 0.34590 1.00000 0.33333 1.00000 1.00000 0.48062 0.48688
19.00000 2.00000 0.44253 0.58333 1.00000 1.00000 0.48494 0.36473 0.48599 1.00000 1.00000 0.51530 0.30303 0.08216 1.00000 0.36310 0.55864 0.38235 0.11936 0.32205 1.00000 0.33333 1.00000 1.00000 0.53488 0.53770
19.00000 3.00000 0.44253 0.83333 1.00000 1.00000 0.65060 0.35513 0.42725 1.00000 1.00000 0.55717 0.39394 0.10343 1.00000 0.36310 0.65032 0.35294 0.11224 0.41054 1.00000 0.33333 1.00000 1.00000 0.42636 0.43206
19.00000 4.00000 0.58046 0.66667 1.00000 1.00000 0.39759 0.43362 0.50439 1.00000 1.00000 0.53784 0.34848 0.10199 1.00000 0.41667 0.62047 0.35294 0.12008 0.53290 1.00000 0.41667 1.00000 1.00000 0.51938 0.52610
19.00000 5.00000 0.47126 0.16667 1.00000 1.00000 0.36145 0.37257 0.42860 1.00000 1.00000 0.55556 0.42424 0.08674 1.00000 0.40476 0.53731 0.33824 0.14155 0.50827 1.00000 0.41667 1.00000 1.00000 0.50388 0.49461
19.00000 6.00000 0.69540 0.83333 1.00000 1.00000 0.49398 0.56486 0.41408 1.00000 1.00000 0.59903 0.31818 0.11662 1.00000 0.35119 0.61407 0.39706 0.11838 0.39438 1.00000 0.50000 1.00000 1.00000 0.45736 0.49820
19.00000 7.00000 0.43678 0.91667 1.00000 1.00000 0.45482 0.34947 0.42404 1.00000 1.00000 0.54750 0.37879 0.09028 1.00000 0.48214 0.63539 0.38235 0.14305 0.39631 1.00000 0.25000 1.00000 1.00000 0.61240 0.57387
19.00000 8.00000 0.47126 0.33333 1.00000 1.00000 0.43072 0.41400 0.41999 1.00000 1.00000 0.57649 0.31818 0.13174 1.00000 0.37500 0.42857 0.33824 0.15564 0.44017 1.00000 0.41667 1.00000 1.00000 0.44186 0.56117
19.00000 9.00000 0.36782 0.33333 1.00000 1.00000 0.55120 0.44016 0.45341 1.00000 1.00000 0.57649 0.39394 0.10558 1.00000 0.44048 0.58635 0.36765 0.11941 0.39246 1.00000 0.50000 1.00000 1.00000 0.60465 0.46976
19.00000 10.00000 0.35057 0.16667 1.00000 1.00000 0.40060 0.38609 0.38217 1.00000 1.00000 0.66345 0.22727 0.11011 1.00000 0.42262 0.60341 0.41176 0.16441 0.32012 1.00000 0.41667 1.00000 1.00000 0.65116 0.49144
19.00000 11.00000 0.66667 0.08333 1.00000 1.00000 0.57831 0.49989 0.47670 1.00000 1.00000 0.48309 0.39394 0.12591 1.00000 0.42857 0.66525 0.38235 0.14558 0.52174 1.00000 0.41667 1.00000 1.00000 0.44186 0.59956
19.00000 12.00000 0.41954 0.58333 1.00000 1.00000 0.56928 0.52191 0.68737 1.00000 1.00000 0.61997 0.37879 0.12990 1.00000 0.45238 0.52452 0.35294 0.11998 0.40015 1.00000 0.50000 1.00000 1.00000 0.48837 0.54212
19.00000 13.00000 0.55172 0.16667 1.00000 1.00000 0.34337 0.34903 0.40395 1.00000 1.00000 0.63929 0.16667 0.11483 1.00000 0.44643 0.63753 0.38235 0.15249 0.48442 1.00000 0.58333 1.00000 1.00000 0.65891 0.52320
19.00000 14.00000 0.55747 0.08333 1.00000 1.00000 0.60241 0.41552 0.35280 1.00000 1.00000 0.55072 0.31818 0.12663 1.00000 0.43452 0.56290 0.38235 0.11957 0.35821 1.00000 0.50000 1.00000 1.00000 0.43411 0.49489
19.00000 15.00000 0.45402 0.91667 1.00000 1.00000 0.46386 0.50665 0.42826 1.00000 1.00000 0.62480 0.34848 0.09706 1.00000 0.50000 0.49893 0.36765 0.12024 0.37014 1.00000 0.41667 1.00000 1.00000 0.48837 0.54004
19.00000 16.00000 0.37356 0.66667 1.00000 1.00000 0.29819 0.48114 0.43180 1.00000 1.00000 0.51047 0.37879 0.08606 1.00000 0.38095 0.59275 0.30882 0.15471 0.40939 1.00000 0.58333 1.00000 1.00000 0.47287 0.56669
19.00000 17.00000 0.52874 0.58333 1.00000 1.00000 0.39759 0.44299 0.40176 1.00000 1.00000 0.42190 0.37879 0.12349 1.00000 0.45833 0.68443 0.35294 0.15136 0.42362 1.00000 0.33333 1.00000 1.00000 0.49612 0.43344
19.00000 18.00000 0.73563 0.16667 1.00000 1.00000 0.59036 0.39132 0.47265 1.00000 1.00000 0.47504 0.36364 0.12766 1.00000 0.32738 0.49680 0.33824 0.11343 0.27972 1.00000 0.41667 1.00000 1.00000 0.64341 0.50953
19.00000 19.00000 0.70690 0.58333 1.00000 1.00000 0.37349 0.50818 0.46354 1.00000 1.00000 0.52335 0.37879 0.11128 1.00000 0.44048 0.40725 0.36765 0.14186 0.40785 1.00000 0.58333 1.00000 1.00000 0.40310 0.63228
19.00000 20.00000 0.55172 0.25000 1.00000 1.00000 0.44880 0.38129 0.53089 1.00000 1.00000 0.53945 0.36364 0.10491 1.00000 0.51190 0.60341 0.30882 0.14568 0.42593 1.00000 0.41667 1.00000 1.00000 0.65116 0.59583
19.00000 21.00000 0.60920 0.16667 1.00000 1.00000 0.46687 0.45978 0.29440 1.00000 1.00000 0.58132 0.33333 0.13120 1.00000 0.37500 0.56716 0.36765 0.14042 0.48057 1.00000 0.41667 1.00000 1.00000 0.53488 0.59348
19.00000 22.00000 0.43103 0.75000 1.00000 1.00000 0.30723 0.40833 0.46573 1.00000 1.00000 0.60386 0.34848 0.10531 1.00000 0.31548 0.72495 0.27941 0.15213 0.43324 1.00000 0.50000 1.00000 1.00000 0.60465 0.56283
19.00000 23.00000 0.44828 0.50000 1.00000 1.00000 0.45783 0.54524 0.37002 1.00000 1.00000 0.52335 0.40909 0.13933 1.00000 0.33333 0.49680 0.41176 0.15053 0.56214 1.00000 0.33333 1.00000 1.00000 0.44186 0.56214
19.00000 24.00000 0.42529 0.33333 1.00000 1.00000 0.50904 0.46109 0.42589 1.00000 1.00000 0.61031 0.34848 0.07054 1.00000 0.52976 0.59701 0.36765 0.11828 0.41324 1.00000 0.33333 1.00000 1.00000 0.64341 0.59693
19.00000 25.00000 0.48851 0.25000 1.00000 1.00000 0.43976 0.29387 0.40159 1.00000 1.00000 0.52013 0.36364 0.07368 1.00000 0.46429 0.62900 0.35294 0.12788 0.44402 1.00000 0.33333 1.00000 1.00000 0.43411 0.62428
19.00000 26.00000 0.66667 0.16667 1.00000 1.00000 0.34940 0.38849 0.50101 1.00000 1.00000 0.66184 0.31818 0.11115 1.00000 0.35119 0.59488 0.39706 0.12050 0.44594 1.00000 0.41667 1.00000 1.00000 0.55814 0.52278
19.00000 27.00000 0.33908 0.41667 1.00000 1.00000 0.52410 0.30783 0.41627 1.00000 1.00000 0.58293 0.36364 0.10132 1.00000 0.38095 0.53092 0.36765 0.19223 0.56368 1.00000 0.41667 1.00000 1.00000 0.48062 0.59252
19.00000 28.00000 0.45402 0.16667 1.00000 1.00000 0.25904 0.23436 0.51148 1.00000 1.00000 0.57971 0.31818 0.11276 1.00000 0.30952 0.64392 0.44118 0.15120 0.48057 1.00000 0.41667 1.00000 1.00000 0.55814 0.56559
19.00000 29.00000 0.55747 0.25000 1.00000 1.00000 0.21084 0.39852 0.48498 1.00000 1.00000 0.56683 0.42424 0.09697 1.00000 0.40476 0.58635 0.42647 0.09820 0.47095 1.00000 0.33333 1.00000 1.00000 0.55039 0.58713
19.00000 30.00000 0.62644 0.41667 1.00000 1.00000 0.40060 0.37018 0.56229 1.00000 1.00000 0.52335 0.37879 0.13282 1.00000 0.45833 0.54371 0.38235 0.12566 0.53905 1.00000 0.41667 1.00000 1.00000 0.68217 0.54018
19.00000 31.00000 0.58046 0.83333 1.00000 1.00000 0.44578 0.40964 0.37559 1.00000 1.00000 0.41063 0.34848 0.12088 1.00000 0.51190 0.58422 0.33824 0.15564 0.39592 1.00000 0.41667 1.00000 1.00000 0.52713 0.49006
19.00000 32.00000 0.60345 0.58333 1.00000 1.00000 0.49398 0.44234 0.50203 1.00000 1.00000 0.54911 0.37879 0.09454 1.00000 0.52381 0.53092 0.42647 0.12597 0.57791 1.00000 0.58333 1.00000 1.00000 0.46512 0.47584
19.00000 33.00000 0.41954 0.16667 1.00000 1.00000 0.52711 0.44910 0.43197 1.00000 1.00000 0.53945 0.33333 0.11492 1.00000 0.55952 0.52026 0.35294 0.17685 0.39169 1.00000 0.41667 1.00000 1.00000 0.51163 0.48177
19.00000 34.00000 0.71839 0.75000 1.00000 1.00000 0.42470 0.45869 0.45949 1.00000 1.00000 0.54589 0.37879 0.07835 1.00000 0.53571 0.58635 0.35294 0.14166 0.44094 1.00000 0.41667 1.00000 1.00000 0.35659 0.54612
19.00000 35.00000 0.52299 0.25000 1.00000 1.00000 0.43373 0.39285 0.53140 1.00000 1.00000 0.52174 0.34848 0.11420 1.00000 0.42262 0.63753 0.41176 0.13830 0.34513 1.00000 0.41667 1.00000 1.00000 0.41860 0.47818
19.00000 36.00000 0.59195 0.91667 1.00000 1.00000 0.48795 0.60017 0.50473 1.00000 1.00000 0.53784 0.30303 0.14624 1.00000 0.42857 0.56503 0.36765 0.13510 0.54252 1.00000 0.33333 1.00000 1.00000 0.62016 0.47376
19.00000 37.00000 0.54023 0.58333 1.00000 1.00000 0.49699 0.34402 0.50439 1.00000 1.00000 0.55717 0.31818 0.08512 1.00000 0.42262 0.50320 0.38235 0.12344 0.51058 1.00000 0.50000 1.00000 1.00000 0.53488 0.55468
19.00000 38.00000 0.50000 0.75000 1.00000 1.00000 0.49398 0.41465 0.48093 1.00000 1.00000 0.55556 0.31818 0.11442 1.00000 0.35119 0.56716 0.41176 0.13247 0.43748 1.00000 0.41667 1.00000 1.00000 0.50388 0.48260
19.00000 39.00000 0.62069 0.58333 1.00000 1.00000 0.30723 0.34685 0.52279 1.00000 1.00000 0.57166 0.43939 0.11518 1.00000 0.44643 0.53731 0.35294 0.12943 0.30319 1.00000 0.50000 1.00000 1.00000 0.55039 0.62552
19.00000 40.00000 0.48851 0.16667 1.00000 1.00000 0.50602 0.48485 0.49932 1.00000 1.00000 0.49758 0.36364 0.08404 1.00000 0.40476 0.63539 0.33824 0.11503 0.33128 1.00000 0.41667 1.00000 1.00000 0.52713 0.50594
19.00000 41.00000 0.59770 0.83333 1.00000 1.00000 0.53313 0.43667 0.47316 1.00000 1.00000 0.51208 0.31818 0.06785 1.00000 0.41667 0.53731 0.38235 0.14382 0.40746 1.00000 0.50000 1.00000 1.00000 0.61240 0.64996
19.00000 42.00000 0.50000 0.41667 1.00000 1.00000 0.46084 0.44081 0.46303 1.00000 1.00000 0.57810 0.31818 0.10343 1.00000 0.39286 0.63113 0.32353 0.13252 0.43324 1.00000 0.50000 1.00000 1.00000 0.45736 0.53935
19.00000 43.00000 0.59770 0.41667 1.00000 1.00000 0.45482 0.37345 0.39180 1.00000 1.00000 0.55717 0.40909 0.09077 1.00000 0.48214 0.58635 0.42647 0.15936 0.56445 1.00000 0.50000 1.00000 1.00000 0.52713 0.57843
19.00000 44.00000 0.46552 0.83333 1.00000 1.00000 0.24699 0.40375 0.52397 1.00000 1.00000 0.55556 0.25758 0.09405 1.00000 0.39881 0.47761 0.33824 0.10914 0.55483 1.00000 0.41667 1.00000 1.00000 0.53488 0.64816
19.00000 45.00000 0.63218 0.16667 1.00000 1.00000 0.35843 0.46065 0.53916 1.00000 1.00000 0.55878 0.36364 0.11483 1.00000 0.42857 0.69083 0.41176 0.16173 0.39207 1.00000 0.50000 1.00000 1.00000 0.46512 0.41577
19.00000 46.00000 0.71264 0.41667 1.00000 1.00000 0.44277 0.35077 0.50338 1.00000 1.00000 0.50886 0.42424 0.10271 1.00000 0.53571 0.54584 0.35294 0.14542 0.52366 1.00000 0.41667 1.00000 1.00000 0.58915 0.61102
19.00000 47.00000 0.53448 0.25000 1.00000 1.00000 0.41265 0.46436 0.42353 1.00000 1.00000 0.43317 0.34848 0.11613 1.00000 0.41071 0.50107 0.41176 0.12829 0.52790 1.00000 0.33333 1.00000 1.00000 0.56589 0.55192
19.00000 48.00000 0.51149 0.50000 1.00000 1.00000 0.45783 0.52082 0.61175 1.00000 1.00000 0.51530 0.36364 0.07902 1.00000 0.42262 0.58849 0.44118 0.12891 0.45441 1.00000 0.33333 1.00000 1.00000 0.50388 0.60701
19.00000 49.00000 0.33333 0.83333 1.00000 1.00000 0.46687 0.40593 0.42775 1.00000 1.00000 0.47665 0.43939 0.11420 1.00000 0.51786 0.46908 0.38235 0.12927 0.43555 1.00000 0.41667 1.00000 1.00000 0.57364 0.62607
19.00000 50.00000 0.45977 0.16667 1.00000 1.00000 0.46988 0.49967 0.55571 1.00000 1.00000 0.55556 0.43939 0.11411 1.00000 0.42857 0.57569 0.41176 0.14331 0.29165 1.00000 0.58333 1.00000 1.00000 0.63566 0.49807
19.00000 51.00000 0.43678 0.66667 1.00000 1.00000 0.39157 0.40767 0.53089 1.00000 1.00000 0.59420 0.31818 0.12555 1.00000 0.36905 0.58422 0.41176 0.13582 0.47518 1.00000 0.50000 1.00000 1.00000 0.63566 0.45457
19.00000 52.00000 0.31034 0.41667 1.00000 1.00000 0.36747 0.49706 0.41880 1.00000 1.00000 0.45733 0.37879 0.11783 1.00000 0.47024 0.66311 0.39706 0.10796 0.60562 1.00000 0.50000 1.00000 1.00000 0.51938 0.60826
19.00000 53.00000 0.43103 0.58333 1.00000 1.00000 0.55723 0.52278 0.46826 1.00000 1.00000 0.51369 0.30303 0.11092 1.00000 0.47619 0.53945 0.44118 0.10264 0.40708 1.00000 0.58333 1.00000 1.00000 0.46512 0.46962
19.00000 54.00000 0.51724 0.25000 1.00000 1.00000 0.47590 0.58230 0.52650 1.00000 1.00000 0.44767 0.42424 0.06372 1.00000 0.51190 0.61407 0.41176 0.13773 0.47557 1.00000 0.41667 1.00000 1.00000 0.48837 0.51298
19.00000 55.00000 0.35057 0.75000 1.00000 1.00000 0.44578 0.54698 0.45341 1.00000 1.00000 0.50081 0.40909 0.10585 1.00000 0.58333 0.60341 0.38235 0.15203 0.35129 1.00000 0.41667 1.00000 1.00000 0.49612 0.49144
19.00000 56.00000 0.45402 0.75000 1.00000 1.00000 0.49699 0.27861 0.55368 1.00000 1.00000 0.56683 0.30303 0.12564 1.00000 0.42262 0.53945 0.32353 0.11673 0.48211 1.00000 0.41667 1.00000 1.00000 0.53488 0.52679
19.00000 57.00000 0.51149 0.83333 1.00000 1.00000 0.49398 0.44147 0.48244 1.00000 1.00000 0.47504 0.34848 0.07722 1.00000 0.39881 0.48827 0.32353 0.11327 0.41477 1.00000 0.41667 1.00000 1.00000 0.64341 0.50608
19.00000 58.00000 0.53448 0.25000 1.00000 1.00000 0.46084 0.47002 0.44767 1.00000 1.00000 0.52496 0.33333 0.09091 1.00000 0.50000 0.46695 0.45588 0.11121 0.53097 1.00000 0.58333 1.00000 1.00000 0.56589 0.52292
19.00000 59.00000 0.48276 0.25000 1.00000 1.00000 0.43976 0.45258 0.49105 1.00000 1.00000 0.47665 0.34848 0.13847 1.00000 0.39881 0.50107 0.39706 0.15260 0.58330 1.00000 0.50000 1.00000 1.00000 0.56589 0.61212
19.00000 60.00000 0.21839 0.16667 1.00000 1.00000 0.44277 0.35622 0.47822 1.00000 1.00000 0.49275 0.37879 0.08907 1.00000 0.52381 0.44136 0.38235 0.11188 0.41016 1.00000 0.50000 1.00000 1.00000 0.38760 0.59514
19.00000 61.00000 0.64368 0.33333 1.00000 1.00000 0.38554 0.48550 0.60010 1.00000 1.00000 0.53301 0.42424 0.13457 1.00000 0.47619 0.50107 0.33824 0.12901 0.45594 1.00000 0.50000 1.00000 1.00000 0.63566 0.54046
19.00000 62.00000 0.72414 0.41667 1.00000 1.00000 0.32229 0.42359 0.44429 1.00000 1.00000 0.46377 0.27273 0.07327 1.00000 0.54762 0.44989 0.33824 0.09206 0.39515 1.00000 0.50000 1.00000 1.00000 0.42636 0.44905
19.00000 63.00000 0.45402 0.66667 1.00000 1.00000 0.34639 0.44495 0.40192 1.00000 1.00000 0.54911 0.34848 0.12425 1.00000 0.46429 0.51812 0.39706 0.12571 0.62601 1.00000 0.50000 1.00000 1.00000 0.46512 0.43828
19.00000 64.00000 0.46552 0.16667 1.00000 1.00000 0.54217 0.23610 0.45966 1.00000 1.00000 0.62963 0.34848 0.15337 1.00000 0.37500 0.49041 0.36765 0.13835 0.46903 1.00000 0.25000 1.00000 1.00000 0.47287 0.57374
19.00000 65.00000 0.66092 0.66667 1.00000 1.00000 0.49096 0.58448 0.43670 1.00000 1.00000 0.47343 0.30303 0.12165 1.00000 0.49405 0.65672 0.36765 0.11704 0.47172 1.00000 0.41667 1.00000 1.00000 0.54264 0.56421
19.00000 66.00000 0.41954 0.66667 1.00000 1.00000 0.58434 0.32549 0.48751 1.00000 1.00000 0.66667 0.42424 0.09809 1.00000 0.45238 0.50107 0.25000 0.14852 0.44209 1.00000 0.41667 1.00000 1.00000 0.45736 0.49807
19.00000 67.00000 0.31609 0.66667 1.00000 1.00000 0.40361 0.45040 0.48025 1.00000 1.00000 0.37681 0.39394 0.12883 1.00000 0.49405 0.47974 0.42647 0.12886 0.36976 1.00000 0.50000 1.00000 1.00000 0.48062 0.51077
19.00000 68.00000 0.65517 0.83333 1.00000 1.00000 0.43373 0.32919 0.38926 1.00000 1.00000 0.62802 0.33333 0.09576 1.00000 0.44643 0.50746 0.44118 0.14160 0.48980 1.00000 0.50000 1.00000 1.00000 0.41085 0.63546
19.00000 69.00000 0.42529 0.66667 1.00000 1.00000 0.47892 0.67015 0.49578 1.00000 1.00000 0.63607 0.31818 0.12250 1.00000 0.33929 0.49680 0.38235 0.14666 0.38707 1.00000 0.41667 1.00000 1.00000 0.35659 0.47363
19.00000 70.00000 0.38506 0.41667 1.00000 1.00000 0.43072 0.49880 0.45611 1.00000 1.00000 0.57166 0.34848 0.07969 1.00000 0.45833 0.55011 0.35294 0.11632 0.29550 1.00000 0.33333 1.00000 1.00000 0.43411 0.56600
19.00000 71.00000 0.31609 0.33333 1.00000 1.00000 0.63855 0.42817 0.48278 1.00000 1.00000 0.51691 0.33333 0.10940 1.00000 0.50595 0.50107 0.38235 0.15198 0.48903 1.00000 0.41667 1.00000 1.00000 0.44961 0.57056
19.00000 72.00000 0.54023 0.75000 1.00000 1.00000 0.56024 0.45869 0.58795 1.00000 1.00000 0.46216 0.42424 0.06856 1.00000 0.41667 0.48188 0.35294 0.12788 0.38630 1.00000 0.41667 1.00000 1.00000 0.47287 0.47804
19.00000 73.00000 0.47126 0.41667 1.00000 1.00000 0.59337 0.26313 0.51621 1.00000 1.00000 0.46055 0.36364 0.10913 1.00000 0.47619 0.52026 0.36765 0.13376 0.55060 1.00000 0.41667 1.00000 1.00000 0.44186 0.70243
19.00000 74.00000 0.41379 0.50000 1.00000 1.00000 0.40964 0.53303 0.46404 1.00000 1.00000 0.59098 0.37879 0.10998 1.00000 0.54762 0.50746 0.35294 0.13908 0.56868 1.00000 0.50000 1.00000 1.00000 0.70543 0.44118
19.00000 75.00000 0.55747 0.91667 1.00000 1.00000 0.59036 0.42315 0.44851 1.00000 1.00000 0.61836 0.42424 0.12865 1.00000 0.50000 0.55224 0.44118 0.14062 0.48711 1.00000 0.50000 1.00000 1.00000 0.34109 0.58824
19.00000 76.00000 0.66667 0.58333 1.00000 1.00000 0.56627 0.31044 0.47265 1.00000 1.00000 0.48470 0.48485 0.12160 1.00000 0.42857 0.49467 0.39706 0.14960 0.34475 1.00000 0.50000 1.00000 1.00000 0.44961 0.61116
19.00000 77.00000 0.33908 0.41667 1.00000 1.00000 0.50904 0.53586 0.54034 1.00000 1.00000 0.51369 0.37879 0.06910 1.00000 0.52381 0.53518 0.42647 0.14424 0.41362 1.00000 0.58333 1.00000 1.00000 0.58915 0.45940
19.00000 78.00000 0.44253 0.91667 1.00000 1.00000 0.49096 0.39350 0.49595 1.00000 1.00000 0.56361 0.30303 0.09270 1.00000 0.54167 0.68870 0.36765 0.14713 0.51558 1.00000 0.58333 1.00000 1.00000 0.42636 0.46700
19.00000 79.00000 0.70690 0.41667 1.00000 1.00000 0.54518 0.49597 0.37660 1.00000 1.00000 0.41868 0.42424 0.11500 1.00000 0.32738 0.55864 0.39706 0.12571 0.37938 1.00000 0.41667 1.00000 1.00000 0.40310 0.51229
19.00000 80.00000 0.67816 0.33333 1.00000 1.00000 0.43976 0.57314 0.57849 1.00000 1.00000 0.54750 0.39394 0.11406 1.00000 0.44643 0.45203 0.45588 0.13484 0.41901 1.00000 0.50000 1.00000 1.00000 0.36434 0.44794
19.00000 81.00000 0.55747 0.16667 1.00000 1.00000 0.87651 0.65947 0.65243 1.00000 1.00000 0.57649 0.37879 0.13197 1.00000 0.42857 0.61620 0.44118 0.13216 0.47518 1.00000 0.41667 1.00000 1.00000 0.52713 0.40983
19.00000 82.00000 0.31034 0.25000 1.00000 1.00000 0.53313 0.58906 0.47046 1.00000 1.00000 0.47987 0.42424 0.10993 1.00000 0.36310 0.55650 0.33824 0.14434 0.52828 1.00000 0.50000 1.00000 1.00000 0.44961 0.60163
19.00000 83.00000 0.71839 0.58333 1.00000 1.00000 0.43976 0.53652 0.39348 1.00000 1.00000 0.47343 0.43939 0.12277 1.00000 0.47619 0.46908 0.47059 0.11245 0.28472 1.00000 0.50000 1.00000 1.00000 0.43411 0.37144
19.00000 84.00000 0.55747 0.83333 1.00000 1.00000 0.46687 0.43994 0.53629 1.00000 1.00000 0.58937 0.39394 0.11550 1.00000 0.46429 0.44989 0.39706 0.13882 0.53828 1.00000 0.58333 1.00000 1.00000 0.52713 0.39450
19.00000 85.00000 0.47126 0.58333 1.00000 1.00000 0.55120 0.42708 0.45172 1.00000 1.00000 0.62480 0.33333 0.10940 1.00000 0.60714 0.37527 0.51471 0.12736 0.46980 1.00000 0.41667 1.00000 1.00000 0.48062 0.48398
19.00000 86.00000 0.58621 0.91667 1.00000 1.00000 0.54217 0.41552 0.46978 1.00000 1.00000 0.52818 0.39394 0.08943 1.00000 0.44048 0.49893 0.47059 0.16157 0.44248 1.00000 0.41667 1.00000 1.00000 0.50388 0.48371
19.00000 87.00000 0.34483 0.83333 1.00000 1.00000 0.46386 0.53913 0.57275 1.00000 1.00000 0.54589 0.40909 0.10410 1.00000 0.38690 0.57356 0.41176 0.11879 0.52520 1.00000 0.50000 1.00000 1.00000 0.44961 0.46921
19.00000 88.00000 0.62069 0.50000 1.00000 1.00000 0.52108 0.39372 0.57748 1.00000 1.00000 0.44122 0.45455 0.11370 1.00000 0.47024 0.53305 0.36765 0.14836 0.50404 1.00000 0.58333 1.00000 1.00000 0.44961 0.42405
19.00000 89.00000 0.53448 0.33333 1.00000 1.00000 0.46988 0.47504 0.64213 1.00000 1.00000 0.30113 0.36364 0.09697 1.00000 0.51190 0.42004 0.41176 0.15063 0.54175 1.00000 0.50000 1.00000 1.00000 0.29457 0.46161
19.00000 90.00000 0.70690 0.16667 1.00000 1.00000 0.48193 0.48637 0.49342 1.00000 1.00000 0.44767 0.36364 0.13430 1.00000 0.50595 0.56077 0.41176 0.12225 0.44171 1.00000 0.41667 1.00000 1.00000 0.47287 0.43855
19.00000 91.00000 0.46552 0.83333 1.00000 1.00000 0.56928 0.40113 0.51570 1.00000 1.00000 0.45250 0.34848 0.10446 1.00000 0.61310 0.53305 0.38235 0.16023 0.56714 1.00000 0.50000 1.00000 1.00000 0.62791 0.46051
19.00000 92.00000 0.70690 0.16667 1.00000 1.00000 0.47289 0.53870 0.47789 1.00000 1.00000 0.52496 0.42424 0.09028 1.00000 0.50595 0.51173 0.45588 0.14413 0.39861 1.00000 0.50000 1.00000 1.00000 0.52713 0.45457
19.00000 93.00000 0.34483 0.66667 1.00000 1.00000 0.50904 0.49924 0.46269 1.00000 1.00000 0.50725 0.43939 0.12752 1.00000 0.44643 0.37100 0.50000 0.14599 0.50866 1.00000 0.41667 1.00000 1.00000 0.51163 0.50621
19.00000 94.00000 0.47126 0.83333 1.00000 1.00000 0.73795 0.58426 0.61783 1.00000 1.00000 0.57810 0.45455 0.10679 1.00000 0.53571 0.55650 0.47059 0.13613 0.55444 1.00000 0.50000 1.00000 1.00000 0.43411 0.40334
19.00000 95.00000 0.42529 0.66667 1.00000 1.00000 0.56325 0.53804 0.54153 1.00000 1.00000 0.41868 0.46970 0.12618 1.00000 0.49405 0.39872 0.44118 0.12555 0.54944 1.00000 0.50000 1.00000 1.00000 0.40310 0.59473
19.00000 96.00000 0.40805 0.50000 1.00000 1.00000 0.55422 0.59843 0.55908 1.00000 1.00000 0.45411 0.43939 0.09899 1.00000 0.61905 0.55011 0.45588 0.13066 0.54829 1.00000 0.58333 1.00000 1.00000 0.43411 0.31096
19.00000 97.00000 0.33333 0.08333 1.00000 1.00000 0.60241 0.48986 0.46658 1.00000 1.00000 0.38969 0.40909 0.08745 1.00000 0.66071 0.56077 0.48529 0.14465 0.60023 1.00000 0.58333 1.00000 1.00000 0.36434 0.54198
19.00000 98.00000 0.67816 0.58333 1.00000 1.00000 0.61747 0.50774 0.50844 1.00000 1.00000 0.44122 0.40909 0.13008 1.00000 0.48214 0.54158 0.50000 0.15729 0.45671 1.00000 0.41667 1.00000 1.00000 0.39535 0.58824
19.00000 99.00000 0.54023 0.25000 1.00000 1.00000 0.53313 0.50207 0.48312 1.00000 1.00000 0.50242 0.45455 0.09315 1.00000 0.55952 0.56930 0.41176 0.13773 0.48519 1.00000 0.50000 1.00000 1.00000 0.44186 0.49254
19.00000 100.00000 0.37931 0.16667 1.00000 1.00000 0.60241 0.68127 0.52802 1.00000 1.00000 0.49758 0.39394 0.14332 1.00000 0.48810 0.37100 0.47059 0.13959 0.49865 1.00000 0.41667 1.00000 1.00000 0.44186 0.42309
19.00000 101.00000 0.39080 0.66667 1.00000 1.00000 0.60241 0.55069 0.58305 1.00000 1.00000 0.46699 0.45455 0.09625 1.00000 0.52381 0.42217 0.44118 0.13046 0.31897 1.00000 0.41667 1.00000 1.00000 0.51163 0.60080
19.00000 102.00000 0.55172 0.33333 1.00000 1.00000 0.53916 0.44626 0.51739 1.00000 1.00000 0.47021 0.45455 0.11626 1.00000 0.55357 0.41365 0.30882 0.11250 0.52982 1.00000 0.50000 1.00000 1.00000 0.53488 0.42972
19.00000 103.00000 0.67816 0.50000 1.00000 1.00000 0.34639 0.52889 0.55807 1.00000 1.00000 0.62802 0.37879 0.11595 1.00000 0.46429 0.49893 0.39706 0.13226 0.62062 1.00000 0.58333 1.00000 1.00000 0.46512 0.45927
19.00000 104.00000 0.50000 0.41667 1.00000 1.00000 0.58133 0.37824 0.56786 1.00000 1.00000 0.45733 0.39394 0.12075 1.00000 0.55952 0.50533 0.51471 0.09645 0.68757 1.00000 0.33333 1.00000 1.00000 0.33333 0.53010
19.00000 105.00000 0.72414 0.75000 1.00000 1.00000 0.49699 0.45258 0.53663 1.00000 1.00000 0.43961 0.37879 0.09279 1.00000 0.61310 0.44563 0.41176 0.10553 0.66526 1.00000 0.50000 1.00000 1.00000 0.34884 0.30848
19.00000 106.00000 0.63793 0.58333 1.00000 1.00000 0.49699 0.69719 0.57360 1.00000 1.00000 0.48309 0.42424 0.09338 1.00000 0.51190 0.37740 0.39706 0.14387 0.62178 1.00000 0.41667 1.00000 1.00000 0.27907 0.37379
19.00000 107.00000 0.47701 0.33333 1.00000 1.00000 0.60843 0.49749 0.57107 1.00000 1.00000 0.50564 0.40909 0.10347 1.00000 0.57143 0.54797 0.36765 0.12137 0.59908 1.00000 0.41667 1.00000 1.00000 0.48062 0.42184
19.00000 108.00000 0.52299 0.50000 1.00000 1.00000 0.40663 0.42577 0.48953 1.00000 1.00000 0.31562 0.39394 0.12586 1.00000 0.51786 0.43284 0.35294 0.10027 0.55252 1.00000 0.58333 1.00000 1.00000 0.50388 0.43068
19.00000 109.00000 0.45977 0.91667 1.00000 1.00000 0.52711 0.56202 0.49443 1.00000 1.00000 0.49597 0.39394 0.09652 1.00000 0.54167 0.49467 0.48529 0.10827 0.59369 1.00000 0.50000 1.00000 1.00000 0.37209 0.34272
19.00000 110.00000 0.39080 0.83333 1.00000 1.00000 0.63554 0.56006 0.56465 1.00000 1.00000 0.42190 0.42424 0.12600 1.00000 0.57143 0.45203 0.42647 0.12700 0.66025 1.00000 0.58333 1.00000 1.00000 0.45736 0.45374
19.00000 111.00000 0.25862 0.16667 1.00000 1.00000 0.62048 0.52780 0.63015 1.00000 1.00000 0.46860 0.40909 0.09409 1.00000 0.60714 0.46695 0.48529 0.12994 0.53290 1.00000 0.58333 1.00000 1.00000 0.51163 0.36468
19.00000 112.00000 0.50000 0.66667 1.00000 1.00000 0.58434 0.74798 0.59993 1.00000 1.00000 0.38164 0.50000 0.10159 1.00000 0.60119 0.50746 0.50000 0.13825 0.60793 1.00000 0.58333 1.00000 1.00000 0.40310 0.43275
19.00000 113.00000 0.53448 0.75000 1.00000 1.00000 0.76807 0.64988 0.51182 1.00000 1.00000 0.35749 0.43939 0.13116 1.00000 0.41071 0.52878 0.48529 0.11415 0.55367 1.00000 0.50000 1.00000 1.00000 0.39535 0.30986
19.00000 114.00000 0.52874 0.66667 1.00000 1.00000 0.65060 0.55287 0.67775 1.00000 1.00000 0.45250 0.42424 0.13241 1.00000 0.63690 0.47974 0.57353 0.15796 0.73413 1.00000 0.50000 1.00000 1.00000 0.46512 0.42972
19.00000 115.00000 0.55747 0.83333 1.00000 1.00000 0.49699 0.57794 0.58271 1.00000 1.00000 0.59581 0.53030 0.10908 1.00000 0.54762 0.39872 0.36765 0.13361 0.46749 1.00000 0.50000 1.00000 1.00000 0.41860 0.46313
19.00000 116.00000 0.63218 0.25000 1.00000 1.00000 0.45482 0.35099 0.56769 1.00000 1.00000 0.38486 0.45455 0.09782 1.00000 0.57143 0.51173 0.47059 0.11384 0.51174 1.00000 0.50000 1.00000 1.00000 0.46512 0.39409
19.00000 117.00000 0.54598 0.08333 1.00000 1.00000 0.43976 0.47068 0.61799 1.00000 1.00000 0.43156 0.45455 0.09567 1.00000 0.44048 0.53305 0.50000 0.13840 0.56637 1.00000 0.58333 1.00000 1.00000 0.48062 0.51174
19.00000 118.00000 0.33908 0.66667 1.00000 1.00000 0.55723 0.65577 0.58677 1.00000 1.00000 0.42995 0.51515 0.09957 1.00000 0.56548 0.39019 0.38235 0.12117 0.61254 1.00000 0.50000 1.00000 1.00000 0.37209 0.42916
19.00000 119.00000 0.62069 0.25000 1.00000 1.00000 0.53614 0.57859 0.56364 1.00000 1.00000 0.38325 0.48485 0.09701 1.00000 0.55357 0.42217 0.51471 0.12076 0.60446 1.00000 0.41667 1.00000 1.00000 0.41085 0.26291
19.00000 120.00000 0.48851 0.25000 1.00000 1.00000 0.67169 0.41552 0.58103 1.00000 1.00000 0.43639 0.51515 0.11339 1.00000 0.54762 0.34328 0.54412 0.12968 0.52482 1.00000 0.33333 1.00000 1.00000 0.24806 0.52872
19.00000 121.00000 0.58046 0.33333 1.00000 1.00000 0.59940 0.64574 0.57681 1.00000 1.00000 0.27536 0.53030 0.09724 1.00000 0.57738 0.34755 0.44118 0.13531 0.61601 1.00000 0.58333 1.00000 1.00000 0.38760 0.39823
19.00000 122.00000 0.44828 0.16667 1.00000 1.00000 0.81325 0.35622 0.58913 1.00000 1.00000 0.34300 0.45455 0.11195 1.00000 0.59524 0.39019 0.47059 0.12179 0.69450 1.00000 0.66667 1.00000 1.00000 0.28682 0.43897
19.00000 123.00000 0.48851 0.50000 1.00000 1.00000 0.38554 0.59124 0.67066 1.00000 1.00000 0.37842 0.45455 0.10783 1.00000 0.67857 0.44563 0.45588 0.09593 0.43478 1.00000 0.58333 1.00000 1.00000 0.34884 0.32698
19.00000 124.00000 0.63793 0.41667 1.00000 1.00000 0.50904 0.53281 0.63454 1.00000 1.00000 0.32045 0.54545 0.08342 1.00000 0.56548 0.29638 0.48529 0.11059 0.62293 1.00000 0.41667 1.00000 1.00000 0.35659 0.27851
19.00000 125.00000 0.51724 0.25000 1.00000 1.00000 0.72289 0.55963 0.63302 1.00000 1.00000 0.33494 0.43939 0.11213 1.00000 0.67262 0.36461 0.45588 0.11978 0.58292 1.00000 0.50000 1.00000 1.00000 0.34884 0.51781
19.00000 126.00000 0.49425 0.41667 1.00000 1.00000 0.56627 0.59298 0.65665 1.00000 1.00000 0.40097 0.45455 0.10437 1.00000 0.57738 0.47974 0.47059 0.10331 0.62639 1.00000 0.50000 1.00000 1.00000 0.31783 0.47142
19.00000 127.00000 0.55747 0.50000 1.00000 1.00000 0.61446 0.54807 0.63403 1.00000 1.00000 0.45572 0.43939 0.12088 1.00000 0.68452 0.40085 0.45588 0.13753 0.59331 1.00000 0.41667 1.00000 1.00000 0.37209 0.55385
19.00000 128.00000 0.63218 0.25000 1.00000 1.00000 0.59337 0.71158 0.62812 1.00000 1.00000 0.38969 0.53030 0.10603 1.00000 0.72619 0.34115 0.47059 0.10625 0.59792 1.00000 0.58333 1.00000 1.00000 0.32558 0.40403
19.00000 129.00000 0.60345 0.83333 1.00000 1.00000 0.67169 0.40070 0.65260 1.00000 1.00000 0.38969 0.43939 0.09777 1.00000 0.64881 0.46269 0.45588 0.12328 0.50904 1.00000 0.50000 1.00000 1.00000 0.28682 0.43317
19.00000 130.00000 0.40230 0.16667 1.00000 1.00000 0.66265 0.52322 0.61158 1.00000 1.00000 0.33011 0.51515 0.09804 1.00000 0.60119 0.34755 0.52941 0.14976 0.41824 1.00000 0.66667 1.00000 1.00000 0.42636 0.31980
19.00000 131.00000 0.58621 0.83333 1.00000 1.00000 0.53313 0.50207 0.64754 1.00000 1.00000 0.38969 0.56061 0.09589 1.00000 0.64286 0.39872 0.47059 0.10925 0.53251 1.00000 0.50000 1.00000 1.00000 0.24806 0.45719
19.00000 132.00000 0.58621 0.58333 1.00000 1.00000 0.65663 0.46850 0.65260 1.00000 1.00000 0.35427 0.57576 0.13363 1.00000 0.68452 0.39019 0.48529 0.10512 0.57022 1.00000 0.58333 1.00000 1.00000 0.28682 0.21044
19.00000 133.00000 0.70115 0.16667 1.00000 1.00000 0.56024 0.49313 0.61090 1.00000 1.00000 0.30435 0.53030 0.10657 1.00000 0.61905 0.35608 0.58824 0.09098 0.56830 1.00000 0.58333 1.00000 1.00000 0.31783 0.38801
19.00000 134.00000 0.53448 0.75000 1.00000 1.00000 0.67771 0.64988 0.52768 1.00000 1.00000 0.29469 0.59091 0.08319 1.00000 0.59524 0.21535 0.50000 0.09918 0.65641 1.00000 0.41667 1.00000 1.00000 0.30233 0.23806
19.00000 135.00000 0.64368 0.50000 1.00000 1.00000 0.57831 0.60933 0.72502 1.00000 1.00000 0.49758 0.53030 0.09217 1.00000 0.61310 0.22175 0.52941 0.10677 0.66910 1.00000 0.66667 1.00000 1.00000 0.27132 0.42571
19.00000 136.00000 0.64368 0.25000 1.00000 1.00000 0.51506 0.56791 0.68298 1.00000 1.00000 0.30757 0.59091 0.08292 1.00000 0.55952 0.33262 0.50000 0.10176 0.72105 1.00000 0.75000 1.00000 1.00000 0.30233 0.45498
19.00000 137.00000 0.44253 0.33333 1.00000 1.00000 0.62349 0.51145 0.77313 1.00000 1.00000 0.38647 0.56061 0.11465 1.00000 0.56548 0.19829 0.51471 0.08695 0.49942 1.00000 0.58333 1.00000 1.00000 0.23256 0.24178
19.00000 138.00000 0.61494 0.33333 1.00000 1.00000 0.57229 0.60432 0.69311 1.00000 1.00000 0.37842 0.46970 0.08916 1.00000 0.65476 0.30277 0.63235 0.09500 0.73144 1.00000 0.75000 1.00000 1.00000 0.44961 0.36841
19.00000 139.00000 0.59770 0.83333 1.00000 1.00000 0.70181 0.66732 0.72772 1.00000 1.00000 0.13527 0.50000 0.09957 1.00000 0.66071 0.34115 0.57353 0.11043 0.59985 1.00000 0.66667 1.00000 1.00000 0.35659 0.10370
19.00000 140.00000 0.47701 0.50000 1.00000 1.00000 0.63554 0.58252 0.59419 1.00000 1.00000 0.31562 0.56061 0.08517 1.00000 0.78571 0.26439 0.55882 0.11379 0.61100 1.00000 0.58333 1.00000 1.00000 0.34109 0.27437
19.00000 141.00000 0.25862 0.25000 1.00000 1.00000 0.60843 0.61871 0.66627 1.00000 1.00000 0.31079 0.57576 0.09028 1.00000 0.63690 0.36674 0.50000 0.10455 0.53521 1.00000 0.41667 1.00000 1.00000 0.38760 0.38014
19.00000 142.00000 0.45402 0.50000 1.00000 1.00000 0.73494 0.46479 0.57444 1.00000 1.00000 0.24316 0.51515 0.09086 1.00000 0.66071 0.26439 0.57353 0.10336 0.55945 1.00000 0.66667 1.00000 1.00000 0.33333 0.51850
19.00000 143.00000 0.46552 0.83333 1.00000 1.00000 0.78012 0.61173 0.75743 1.00000 1.00000 0.27858 0.53030 0.14287 1.00000 0.72024 0.22814 0.61765 0.14341 0.53174 1.00000 0.58333 1.00000 1.00000 0.40310 0.36606
19.00000 144.00000 0.58621 0.08333 1.00000 1.00000 0.74398 0.42926 0.72485 1.00000 1.00000 0.27858 0.65152 0.07556 1.00000 0.66667 0.28785 0.51471 0.11074 0.72028 1.00000 0.58333 1.00000 1.00000 0.31783 0.42875
19.00000 145.00000 0.47126 0.75000 1.00000 1.00000 0.47590 0.58099 0.65733 1.00000 1.00000 0.33977 0.62121 0.09365 1.00000 0.73214 0.16418 0.45588 0.08334 0.66679 1.00000 0.41667 1.00000 1.00000 0.31783 0.35046
19.00000 146.00000 0.38506 0.75000 1.00000 1.00000 0.54819 0.74624 0.70527 1.00000 1.00000 0.37198 0.62121 0.09863 1.00000 0.79167 0.17697 0.64706 0.08417 0.75452 1.00000 0.58333 1.00000 1.00000 0.27132 0.16045
19.00000 147.00000 0.53448 0.33333 1.00000 1.00000 0.68373 0.72248 0.64433 1.00000 1.00000 0.31884 0.57576 0.09656 1.00000 0.82738 0.24733 0.55882 0.09088 0.67757 1.00000 0.66667 1.00000 1.00000 0.31008 0.37849
19.00000 148.00000 0.37931 0.41667 1.00000 1.00000 0.54217 0.75191 0.73616 1.00000 1.00000 0.33494 0.63636 0.10141 1.00000 0.71429 0.37100 0.57353 0.08117 0.74683 1.00000 0.83333 1.00000 1.00000 0.37209 0.26181
19.00000 149.00000 0.59195 0.33333 1.00000 1.00000 0.71084 0.73992 0.65986 1.00000 1.00000 0.30757 0.63636 0.10240 1.00000 0.68452 0.13006 0.61765 0.12189 0.73836 1.00000 0.75000 1.00000 1.00000 0.22481 0.30806
19.00000 150.00000 0.51149 0.58333 1.00000 1.00000 0.69277 0.72771 0.82866 1.00000 1.00000 0.24638 0.54545 0.09212 1.00000 0.76786 0.23454 0.60294 0.09872 0.64833 1.00000 0.58333 1.00000 1.00000 0.27907 0.31649
19.00000 151.00000 0.44828 0.58333 1.00000 1.00000 0.82229 0.69959 0.83508 1.00000 1.00000 0.24960 0.63636 0.09634 1.00000 0.73810 0.24094 0.61765 0.09965 0.65063 1.00000 0.75000 1.00000 1.00000 0.29457 0.25849
19.00000 152.00000 0.43103 0.16667 1.00000 1.00000 0.73795 0.71419 0.82799 1.00000 1.00000 0.37842 0.60606 0.11209 1.00000 0.77976 0.23454 0.55882 0.11384 0.66372 1.00000 0.58333 1.00000 1.00000 0.34109 0.24316
19.00000 153.00000 0.58046 0.83333 1.00000 1.00000 0.67470 0.55461 0.76840 1.00000 1.00000 0.14171 0.53030 0.09118 1.00000 0.76786 0.19829 0.63235 0.08664 0.71720 1.00000 0.66667 1.00000 1.00000 0.35659 0.28500
19.00000 154.00000 0.79310 0.75000 1.00000 1.00000 0.83735 0.64988 0.75084 1.00000 1.00000 0.23833 0.56061 0.09100 1.00000 0.76786 0.23667 0.60294 0.09165 0.72951 1.00000 0.75000 1.00000 1.00000 0.31783 0.21099
19.00000 155.00000 0.60920 0.50000 1.00000 1.00000 0.51506 0.67430 0.86985 1.00000 1.00000 0.22383 0.62121 0.08974 1.00000 0.77381 0.16205 0.55882 0.09789 0.75644 1.00000 0.58333 1.00000 1.00000 0.06977 0.21928
19.00000 156.00000 0.33333 0.33333 1.00000 1.00000 0.67169 0.65686 0.81364 1.00000 1.00000 0.16908 0.56061 0.06215 1.00000 0.76786 0.20896 0.57353 0.10538 0.81993 1.00000 0.66667 1.00000 1.00000 0.25581 0.26457
19.00000 157.00000 0.64943 0.50000 1.00000 1.00000 0.66867 0.57423 0.75506 1.00000 1.00000 0.22061 0.57576 0.09185 1.00000 0.69048 0.17271 0.60294 0.06673 0.82032 1.00000 0.58333 1.00000 1.00000 0.01550 0.25076
19.00000 158.00000 0.44828 0.83333 1.00000 1.00000 0.64157 0.75300 0.87306 1.00000 1.00000 0.15942 0.60606 0.13533 1.00000 0.82143 0.11301 0.66176 0.08876 0.80569 1.00000 0.66667 1.00000 1.00000 0.10853 0.06393
