87.00000 1.00000 0.45977 0.16667 1.00000 1.00000 0.43976 0.52954 0.37103 1.00000 1.00000 0.71498 0.21212 0.17374 1.00000 0.30357 0.72068 0.19118 0.22531 0.43748 1.00000 0.66667 1.00000 1.00000 0.56589 0.59224
87.00000 2.00000 0.47701 0.08333 1.00000 1.00000 0.36747 0.36407 0.49730 1.00000 1.00000 0.65378 0.19697 0.19488 1.00000 0.35119 0.66525 0.22059 0.21395 0.45556 1.00000 0.41667 1.00000 1.00000 0.62016 0.63988
87.00000 3.00000 0.74138 0.91667 1.00000 1.00000 0.50301 0.28472 0.28325 1.00000 1.00000 0.71014 0.21212 0.19169 1.00000 0.29762 0.72068 0.22059 0.22185 0.38438 1.00000 0.41667 1.00000 1.00000 0.63566 0.49765
87.00000 4.00000 0.61494 0.83333 1.00000 1.00000 0.31928 0.36756 0.25726 1.00000 1.00000 0.49275 0.19697 0.17078 1.00000 0.25595 0.69936 0.25000 0.24647 0.46518 1.00000 0.33333 1.00000 1.00000 0.57364 0.57222
87.00000 5.00000 0.55172 0.91667 1.00000 1.00000 0.37349 0.31480 0.39416 1.00000 1.00000 0.54750 0.22727 0.17307 1.00000 0.29762 0.73348 0.26471 0.22608 0.36360 1.00000 0.33333 1.00000 1.00000 0.65891 0.65452
87.00000 6.00000 0.38506 0.41667 1.00000 1.00000 0.20181 0.36821 0.35483 1.00000 1.00000 0.65217 0.31818 0.21350 1.00000 0.33929 0.68657 0.25000 0.23284 0.39554 1.00000 0.25000 1.00000 1.00000 0.68217 0.60108
87.00000 7.00000 0.57471 0.66667 1.00000 1.00000 0.40060 0.47569 0.31769 1.00000 1.00000 0.64090 0.25758 0.17679 1.00000 0.32738 0.64819 0.30882 0.23052 0.31743 1.00000 0.25000 1.00000 1.00000 0.60465 0.55068
87.00000 8.00000 0.45402 0.58333 1.00000 1.00000 0.36145 0.34925 0.29997 1.00000 1.00000 0.66506 0.25758 0.18568 1.00000 0.35119 0.60768 0.25000 0.23532 0.31281 1.00000 0.33333 1.00000 1.00000 0.58140 0.56863
87.00000 9.00000 0.52299 0.58333 1.00000 1.00000 0.44880 0.40746 0.45324 1.00000 1.00000 0.62319 0.24242 0.17406 1.00000 0.36310 0.69936 0.25000 0.22087 0.40323 1.00000 0.41667 1.00000 1.00000 0.59690 0.63974
87.00000 10.00000 0.41954 0.41667 1.00000 1.00000 0.30723 0.43318 0.27718 1.00000 1.00000 0.69726 0.21212 0.16912 1.00000 0.29167 0.76333 0.23529 0.23423 0.41631 1.00000 0.41667 1.00000 1.00000 0.55039 0.62234
87.00000 11.00000 0.59770 0.25000 1.00000 1.00000 0.41265 0.17026 0.44868 1.00000 1.00000 0.62641 0.27273 0.17114 1.00000 0.27381 0.65885 0.29412 0.22469 0.50366 1.00000 0.41667 1.00000 1.00000 0.70543 0.60149
87.00000 12.00000 0.50000 0.16667 1.00000 1.00000 0.43976 0.30477 0.43704 1.00000 1.00000 0.60548 0.25758 0.19322 1.00000 0.25595 0.68017 0.23529 0.21911 0.36206 1.00000 0.41667 1.00000 1.00000 0.59690 0.60356
87.00000 13.00000 0.46552 0.41667 1.00000 1.00000 0.29518 0.27687 0.41914 1.00000 1.00000 0.62158 0.25758 0.19793 1.00000 0.36310 0.58635 0.25000 0.26344 0.49673 1.00000 0.41667 1.00000 1.00000 0.54264 0.72756
87.00000 14.00000 0.62069 0.75000 1.00000 1.00000 0.24699 0.41247 0.33255 1.00000 1.00000 0.56039 0.24242 0.19066 1.00000 0.44643 0.78891 0.29412 0.23047 0.35629 1.00000 0.41667 1.00000 1.00000 0.78295 0.73750
87.00000 15.00000 0.36782 0.25000 1.00000 1.00000 0.50000 0.29584 0.36124 1.00000 1.00000 0.55556 0.21212 0.18734 1.00000 0.35714 0.62900 0.25000 0.19796 0.50673 1.00000 0.41667 1.00000 1.00000 0.54264 0.66004
87.00000 16.00000 0.47126 0.50000 1.00000 1.00000 0.35241 0.32309 0.33103 1.00000 1.00000 0.53623 0.34848 0.17993 1.00000 0.39286 0.70789 0.29412 0.22422 0.51250 1.00000 0.41667 1.00000 1.00000 0.44961 0.46714
87.00000 17.00000 0.67816 0.16667 1.00000 1.00000 0.43976 0.40419 0.39078 1.00000 1.00000 0.62963 0.21212 0.19456 1.00000 0.31548 0.53731 0.25000 0.23320 0.42901 1.00000 0.41667 1.00000 1.00000 0.55814 0.47445
87.00000 18.00000 0.41954 0.16667 1.00000 1.00000 0.38253 0.36276 0.33069 1.00000 1.00000 0.64895 0.31818 0.20762 1.00000 0.32738 0.73134 0.17647 0.23011 0.34821 1.00000 0.50000 1.00000 1.00000 0.54264 0.56421
87.00000 19.00000 0.59770 0.58333 1.00000 1.00000 0.49096 0.29344 0.47721 1.00000 1.00000 0.56844 0.28788 0.21588 1.00000 0.40476 0.67377 0.26471 0.21044 0.45210 1.00000 0.41667 1.00000 1.00000 0.51938 0.48550
87.00000 20.00000 0.60920 0.25000 1.00000 1.00000 0.30120 0.38391 0.39585 1.00000 1.00000 0.61675 0.25758 0.17702 1.00000 0.48214 0.62047 0.22059 0.21793 0.66295 1.00000 0.41667 1.00000 1.00000 0.49612 0.45319
87.00000 21.00000 0.54023 0.66667 1.00000 1.00000 0.32530 0.36909 0.33271 1.00000 1.00000 0.62963 0.27273 0.18563 1.00000 0.31548 0.66738 0.29412 0.20467 0.31243 1.00000 0.33333 1.00000 1.00000 0.56589 0.39271
87.00000 22.00000 0.52299 0.58333 1.00000 1.00000 0.44578 0.36080 0.37762 1.00000 1.00000 0.61192 0.27273 0.19793 1.00000 0.29762 0.71429 0.25000 0.21875 0.41901 1.00000 0.41667 1.00000 1.00000 0.57364 0.58934
87.00000 23.00000 0.35632 0.50000 1.00000 1.00000 0.33434 0.25594 0.33913 1.00000 1.00000 0.71176 0.19697 0.17231 1.00000 0.35714 0.66951 0.32353 0.22500 0.37707 1.00000 0.33333 1.00000 1.00000 0.47287 0.70077
87.00000 24.00000 0.58621 0.41667 1.00000 1.00000 0.49096 0.44256 0.29929 1.00000 1.00000 0.60548 0.27273 0.17715 1.00000 0.32738 0.63539 0.25000 0.24605 0.30050 1.00000 0.25000 1.00000 1.00000 0.51163 0.45278
87.00000 25.00000 0.50575 0.83333 1.00000 1.00000 0.32831 0.57728 0.43214 1.00000 1.00000 0.53140 0.18182 0.16562 1.00000 0.34524 0.68230 0.22059 0.22773 0.45518 1.00000 0.41667 1.00000 1.00000 0.55039 0.58409
87.00000 26.00000 0.74713 0.75000 1.00000 1.00000 0.40663 0.41901 0.34335 1.00000 1.00000 0.73108 0.21212 0.15615 1.00000 0.35714 0.73987 0.26471 0.23542 0.34513 1.00000 0.33333 1.00000 1.00000 0.61240 0.58824
87.00000 27.00000 0.51724 0.41667 1.00000 1.00000 0.56024 0.30325 0.37660 1.00000 1.00000 0.69404 0.28788 0.17257 1.00000 0.34524 0.57143 0.19118 0.22102 0.26318 1.00000 0.33333 1.00000 1.00000 0.56589 0.60163
87.00000 28.00000 0.37931 0.50000 1.00000 1.00000 0.42470 0.20580 0.43974 1.00000 1.00000 0.65700 0.28788 0.17836 1.00000 0.26786 0.61407 0.17647 0.23976 0.27049 1.00000 0.33333 1.00000 1.00000 0.66667 0.59818
87.00000 29.00000 0.47701 0.83333 1.00000 1.00000 0.31627 0.43296 0.35230 1.00000 1.00000 0.62963 0.25758 0.17527 1.00000 0.40476 0.67804 0.19118 0.24342 0.31512 1.00000 0.50000 1.00000 1.00000 0.62016 0.46493
87.00000 30.00000 0.59770 0.41667 1.00000 1.00000 0.46988 0.31676 0.30942 1.00000 1.00000 0.58454 0.24242 0.16243 1.00000 0.42262 0.69296 0.35294 0.23000 0.42247 1.00000 0.41667 1.00000 1.00000 0.56589 0.68558
87.00000 31.00000 0.40805 0.58333 1.00000 1.00000 0.32831 0.48310 0.47620 1.00000 1.00000 0.56522 0.15152 0.18590 1.00000 0.38095 0.60554 0.26471 0.22845 0.38438 1.00000 0.50000 1.00000 1.00000 0.46512 0.57967
87.00000 32.00000 0.47701 0.16667 1.00000 1.00000 0.52108 0.23305 0.41155 1.00000 1.00000 0.86151 0.24242 0.19461 1.00000 0.35714 0.65032 0.30882 0.21426 0.30204 1.00000 0.33333 1.00000 1.00000 0.64341 0.64747
87.00000 33.00000 0.40805 0.33333 1.00000 1.00000 0.46988 0.16263 0.31094 1.00000 1.00000 0.61353 0.25758 0.17293 1.00000 0.35714 0.71642 0.27941 0.19388 0.34129 1.00000 0.25000 1.00000 1.00000 0.65891 0.60674
87.00000 34.00000 0.45977 0.83333 1.00000 1.00000 0.37952 0.21823 0.50405 1.00000 1.00000 0.65217 0.19697 0.20659 1.00000 0.40476 0.72068 0.30882 0.21091 0.32436 1.00000 0.33333 1.00000 1.00000 0.52713 0.59859
87.00000 35.00000 0.68966 0.75000 1.00000 1.00000 0.33133 0.27513 0.42404 1.00000 1.00000 0.54428 0.28788 0.18604 1.00000 0.29762 0.75480 0.33824 0.23872 0.43478 1.00000 0.33333 1.00000 1.00000 0.59690 0.69401
87.00000 36.00000 0.68391 0.83333 1.00000 1.00000 0.40663 0.49771 0.33491 1.00000 1.00000 0.62158 0.25758 0.24374 1.00000 0.36905 0.74414 0.27941 0.23976 0.41131 1.00000 0.25000 1.00000 1.00000 0.60465 0.60881
87.00000 37.00000 0.55172 0.75000 1.00000 1.00000 0.38855 0.38304 0.48278 1.00000 1.00000 0.65700 0.18182 0.15332 1.00000 0.30357 0.62473 0.27941 0.22938 0.41170 1.00000 0.33333 1.00000 1.00000 0.68217 0.64471
87.00000 38.00000 0.34483 0.66667 1.00000 1.00000 0.42771 0.54000 0.28646 1.00000 1.00000 0.65539 0.24242 0.18079 1.00000 0.35714 0.75693 0.25000 0.22572 0.47403 1.00000 0.50000 1.00000 1.00000 0.58915 0.59100
87.00000 39.00000 0.64943 0.33333 1.00000 1.00000 0.40361 0.48027 0.39196 1.00000 1.00000 0.49114 0.22727 0.13977 1.00000 0.51190 0.73774 0.29412 0.20869 0.35514 1.00000 0.25000 1.00000 1.00000 0.63566 0.53949
87.00000 40.00000 0.53448 0.91667 1.00000 1.00000 0.40361 0.31655 0.52009 1.00000 1.00000 0.68921 0.27273 0.19900 1.00000 0.35119 0.59701 0.29412 0.24724 0.35283 1.00000 0.41667 1.00000 1.00000 0.61240 0.71431
87.00000 41.00000 0.67816 0.16667 1.00000 1.00000 0.43976 0.20275 0.37306 1.00000 1.00000 0.62480 0.27273 0.18617 1.00000 0.34524 0.76119 0.30882 0.20833 0.38092 1.00000 0.41667 1.00000 1.00000 0.55039 0.56946
87.00000 42.00000 0.72414 0.16667 1.00000 1.00000 0.43373 0.42926 0.35837 1.00000 1.00000 0.50725 0.15152 0.19371 1.00000 0.36905 0.58635 0.29412 0.20575 0.18815 1.00000 0.33333 1.00000 1.00000 0.60465 0.52803
87.00000 43.00000 0.50000 0.25000 1.00000 1.00000 0.39458 0.39590 0.49072 1.00000 1.00000 0.43639 0.33333 0.19313 1.00000 0.37500 0.63539 0.29412 0.21416 0.40092 1.00000 0.41667 1.00000 1.00000 0.55814 0.54653
87.00000 44.00000 0.52874 0.33333 1.00000 1.00000 0.39157 0.36058 0.34453 1.00000 1.00000 0.71498 0.19697 0.18132 1.00000 0.44048 0.65032 0.23529 0.22025 0.38207 1.00000 0.58333 1.00000 1.00000 0.52713 0.57664
87.00000 45.00000 0.43103 0.91667 1.00000 1.00000 0.38855 0.38413 0.34993 1.00000 1.00000 0.65862 0.30303 0.16172 1.00000 0.29762 0.75267 0.36765 0.19016 0.41978 1.00000 0.33333 1.00000 1.00000 0.51938 0.55965
87.00000 46.00000 0.46552 0.33333 1.00000 1.00000 0.41265 0.27840 0.43585 1.00000 1.00000 0.67150 0.28788 0.17257 1.00000 0.30952 0.67377 0.32353 0.22557 0.28396 1.00000 0.33333 1.00000 1.00000 0.60465 0.64319
87.00000 47.00000 0.24713 0.08333 1.00000 1.00000 0.28614 0.44931 0.41509 1.00000 1.00000 0.60386 0.19697 0.21480 1.00000 0.36310 0.73134 0.23529 0.22784 0.28549 1.00000 0.50000 1.00000 1.00000 0.37984 0.71196
87.00000 48.00000 0.38506 0.41667 1.00000 1.00000 0.30422 0.41203 0.32073 1.00000 1.00000 0.65217 0.27273 0.23176 1.00000 0.39881 0.72068 0.26471 0.24007 0.42863 1.00000 0.33333 1.00000 1.00000 0.38760 0.53618
87.00000 49.00000 0.68966 0.50000 1.00000 1.00000 0.43675 0.39677 0.24072 1.00000 1.00000 0.58132 0.24242 0.15795 1.00000 0.38095 0.66738 0.25000 0.19894 0.49250 1.00000 0.41667 1.00000 1.00000 0.50388 0.44062
87.00000 50.00000 0.29310 0.16667 1.00000 1.00000 0.37048 0.38500 0.50321 1.00000 1.00000 0.68760 0.31818 0.19802 1.00000 0.30357 0.66311 0.27941 0.22169 0.57484 1.00000 0.41667 1.00000 1.00000 0.59690 0.58699
87.00000 51.00000 0.39080 0.66667 1.00000 1.00000 0.46988 0.41073 0.42201 1.00000 1.00000 0.58132 0.27273 0.17630 1.00000 0.40476 0.57143 0.27941 0.21168 0.52866 1.00000 0.41667 1.00000 1.00000 0.73643 0.53259
87.00000 52.00000 0.52299 0.41667 1.00000 1.00000 0.37349 0.51428 0.51739 1.00000 1.00000 0.59098 0.27273 0.20004 1.00000 0.37500 0.57569 0.26471 0.20461 0.46210 1.00000 0.25000 1.00000 1.00000 0.62791 0.52306
87.00000 53.00000 0.60345 0.66667 1.00000 1.00000 0.33133 0.40789 0.33221 1.00000 1.00000 0.59742 0.22727 0.16656 1.00000 0.37500 0.57783 0.22059 0.21432 0.31743 1.00000 0.41667 1.00000 1.00000 0.61240 0.69083
87.00000 54.00000 0.46552 0.33333 1.00000 1.00000 0.32530 0.36342 0.54997 1.00000 1.00000 0.60870 0.33333 0.23077 1.00000 0.29762 0.66098 0.27941 0.20596 0.47364 1.00000 0.33333 1.00000 1.00000 0.50388 0.63215
87.00000 55.00000 0.41379 0.50000 1.00000 1.00000 0.49398 0.29649 0.40682 1.00000 1.00000 0.57971 0.28788 0.17724 1.00000 0.30952 0.69936 0.26471 0.22293 0.43978 1.00000 0.33333 1.00000 1.00000 0.57364 0.66377
87.00000 56.00000 0.49425 0.25000 1.00000 1.00000 0.38253 0.27970 0.45442 1.00000 1.00000 0.54589 0.22727 0.20214 1.00000 0.35119 0.70362 0.30882 0.20807 0.30627 1.00000 0.25000 1.00000 1.00000 0.44186 0.62013
87.00000 57.00000 0.48276 0.58333 1.00000 1.00000 0.31928 0.37519 0.49342 1.00000 1.00000 0.58454 0.33333 0.18070 1.00000 0.48810 0.59488 0.38235 0.21927 0.45248 1.00000 0.25000 1.00000 1.00000 0.52713 0.59486
87.00000 58.00000 0.85632 0.58333 1.00000 1.00000 0.35843 0.29823 0.42556 1.00000 1.00000 0.56683 0.30303 0.17136 1.00000 0.43452 0.65245 0.32353 0.22030 0.44286 1.00000 0.33333 1.00000 1.00000 0.56589 0.52306
87.00000 59.00000 0.41379 0.91667 1.00000 1.00000 0.39157 0.47155 0.49443 1.00000 1.00000 0.53623 0.22727 0.20026 1.00000 0.31548 0.59701 0.26471 0.21942 0.47518 1.00000 0.50000 1.00000 1.00000 0.40310 0.57733
87.00000 60.00000 0.32759 0.50000 1.00000 1.00000 0.47892 0.27883 0.45088 1.00000 1.00000 0.59420 0.27273 0.18819 1.00000 0.36310 0.60768 0.26471 0.21354 0.38515 1.00000 0.41667 1.00000 1.00000 0.55039 0.57374
87.00000 61.00000 0.44253 0.25000 1.00000 1.00000 0.39759 0.46545 0.44109 1.00000 1.00000 0.51530 0.25758 0.20075 1.00000 0.36905 0.54371 0.26471 0.24450 0.41901 1.00000 0.33333 1.00000 1.00000 0.59690 0.66031
87.00000 62.00000 0.33908 0.16667 1.00000 1.00000 0.45783 0.47918 0.44362 1.00000 1.00000 0.66989 0.24242 0.19479 1.00000 0.44048 0.55864 0.30882 0.22799 0.36668 1.00000 0.25000 1.00000 1.00000 0.60465 0.48688
87.00000 63.00000 0.44828 0.83333 1.00000 1.00000 0.52711 0.44866 0.30908 1.00000 1.00000 0.49114 0.22727 0.19380 1.00000 0.37500 0.74200 0.33824 0.21359 0.53020 1.00000 0.58333 1.00000 1.00000 0.55039 0.41605
87.00000 64.00000 0.51724 0.25000 1.00000 1.00000 0.40361 0.30521 0.39467 1.00000 1.00000 0.57810 0.27273 0.19914 1.00000 0.49405 0.48827 0.30882 0.21628 0.47057 1.00000 0.66667 1.00000 1.00000 0.60465 0.62220
87.00000 65.00000 0.50575 0.91667 1.00000 1.00000 0.42771 0.39394 0.35922 1.00000 1.00000 0.58454 0.30303 0.19927 1.00000 0.42262 0.70576 0.29412 0.23883 0.48095 1.00000 0.25000 1.00000 1.00000 0.52713 0.49241
87.00000 66.00000 0.44828 0.50000 1.00000 1.00000 0.43976 0.45302 0.47485 1.00000 1.00000 0.62319 0.27273 0.16885 1.00000 0.47024 0.60341 0.25000 0.20203 0.52597 1.00000 0.25000 1.00000 1.00000 0.62016 0.54308
87.00000 67.00000 0.60345 0.50000 1.00000 1.00000 0.31024 0.39067 0.46455 1.00000 1.00000 0.66023 0.30303 0.21327 1.00000 0.45833 0.59488 0.27941 0.22087 0.42209 1.00000 0.41667 1.00000 1.00000 0.42636 0.65838
87.00000 68.00000 0.62069 0.58333 1.00000 1.00000 0.36446 0.44495 0.34251 1.00000 1.00000 0.61353 0.28788 0.20228 1.00000 0.36905 0.59915 0.27941 0.20162 0.33936 1.00000 0.50000 1.00000 1.00000 0.37209 0.52651
87.00000 69.00000 0.39655 0.33333 1.00000 1.00000 0.44277 0.47765 0.36766 1.00000 1.00000 0.54911 0.33333 0.17899 1.00000 0.32143 0.55224 0.20588 0.21602 0.39400 1.00000 0.41667 1.00000 1.00000 0.63566 0.62138
87.00000 70.00000 0.43678 0.25000 1.00000 1.00000 0.22289 0.30325 0.39264 1.00000 1.00000 0.67794 0.30303 0.19887 1.00000 0.42262 0.66951 0.25000 0.20513 0.28049 1.00000 0.58333 1.00000 1.00000 0.44961 0.53922
87.00000 71.00000 0.20690 0.83333 1.00000 1.00000 0.37651 0.45542 0.43687 1.00000 1.00000 0.55072 0.25758 0.20515 1.00000 0.35119 0.54797 0.27941 0.23878 0.47403 1.00000 0.41667 1.00000 1.00000 0.47287 0.53783
87.00000 72.00000 0.51724 0.16667 1.00000 1.00000 0.38855 0.34816 0.34959 1.00000 1.00000 0.50886 0.22727 0.17711 1.00000 0.30357 0.50746 0.27941 0.24280 0.44556 1.00000 0.33333 1.00000 1.00000 0.64341 0.60798
87.00000 73.00000 0.60920 0.91667 1.00000 1.00000 0.41265 0.40353 0.50692 1.00000 1.00000 0.58132 0.31818 0.20650 1.00000 0.47619 0.55224 0.27941 0.23418 0.40131 1.00000 0.41667 1.00000 1.00000 0.67442 0.55869
87.00000 74.00000 0.55747 0.16667 1.00000 1.00000 0.42470 0.55134 0.37643 1.00000 1.00000 0.69726 0.27273 0.19923 1.00000 0.35119 0.60981 0.27941 0.22020 0.34244 1.00000 0.33333 1.00000 1.00000 0.69767 0.50483
87.00000 75.00000 0.50575 0.50000 1.00000 1.00000 0.44880 0.46436 0.44615 1.00000 1.00000 0.74396 0.24242 0.15687 1.00000 0.49405 0.55650 0.25000 0.21086 0.32243 1.00000 0.41667 1.00000 1.00000 0.65116 0.65424
87.00000 76.00000 0.58621 0.50000 1.00000 1.00000 0.35542 0.45869 0.43130 1.00000 1.00000 0.54750 0.27273 0.16252 1.00000 0.41667 0.50320 0.35294 0.19909 0.45556 1.00000 0.41667 1.00000 1.00000 0.60465 0.55993
87.00000 77.00000 0.29310 0.75000 1.00000 1.00000 0.37048 0.28494 0.48717 1.00000 1.00000 0.59259 0.31818 0.17895 1.00000 0.30357 0.55864 0.27941 0.19269 0.54136 1.00000 0.50000 1.00000 1.00000 0.55039 0.64775
87.00000 78.00000 0.36782 0.25000 1.00000 1.00000 0.51506 0.40571 0.34369 1.00000 1.00000 0.51369 0.30303 0.18218 1.00000 0.34524 0.70149 0.27941 0.19367 0.47018 1.00000 0.33333 1.00000 1.00000 0.44186 0.57567
87.00000 79.00000 0.64368 0.50000 1.00000 1.00000 0.46988 0.35361 0.42556 1.00000 1.00000 0.48470 0.34848 0.20174 1.00000 0.41667 0.57143 0.27941 0.23021 0.48673 1.00000 0.33333 1.00000 1.00000 0.64341 0.56255
87.00000 80.00000 0.36207 0.41667 1.00000 1.00000 0.36446 0.38435 0.43957 1.00000 1.00000 0.51852 0.31818 0.17971 1.00000 0.37500 0.47122 0.32353 0.24383 0.45171 1.00000 0.50000 1.00000 1.00000 0.65891 0.63629
87.00000 81.00000 0.22414 0.50000 1.00000 1.00000 0.42470 0.31088 0.37357 1.00000 1.00000 0.61353 0.28788 0.17616 1.00000 0.45833 0.57996 0.35294 0.21055 0.44325 1.00000 0.41667 1.00000 1.00000 0.58140 0.63850
87.00000 82.00000 0.39655 0.91667 1.00000 1.00000 0.46988 0.39220 0.27718 1.00000 1.00000 0.51208 0.33333 0.17567 1.00000 0.44048 0.56930 0.35294 0.19501 0.45748 1.00000 0.41667 1.00000 1.00000 0.58915 0.68324
87.00000 83.00000 0.38506 0.75000 1.00000 1.00000 0.37048 0.31676 0.52245 1.00000 1.00000 0.47504 0.33333 0.19326 1.00000 0.47024 0.61407 0.33824 0.24368 0.48519 1.00000 0.50000 1.00000 1.00000 0.50388 0.66363
87.00000 84.00000 0.22989 0.58333 1.00000 1.00000 0.44578 0.33791 0.40885 1.00000 1.00000 0.71014 0.30303 0.19438 1.00000 0.29762 0.58422 0.30882 0.24094 0.40823 1.00000 0.41667 1.00000 1.00000 0.51938 0.59417
87.00000 85.00000 0.58621 0.33333 1.00000 1.00000 0.50904 0.26815 0.51485 1.00000 1.00000 0.50081 0.25758 0.21282 1.00000 0.39881 0.56077 0.36765 0.23418 0.58446 1.00000 0.41667 1.00000 1.00000 0.51938 0.51339
87.00000 86.00000 0.36207 0.16667 1.00000 1.00000 0.40964 0.51014 0.35702 1.00000 1.00000 0.60225 0.27273 0.15463 1.00000 0.36905 0.62260 0.22059 0.22753 0.39861 1.00000 0.33333 1.00000 1.00000 0.37984 0.47363
87.00000 87.00000 0.69540 0.50000 1.00000 1.00000 0.50301 0.23065 0.34166 1.00000 1.00000 0.45089 0.25758 0.19461 1.00000 0.36310 0.57996 0.38235 0.19114 0.48211 1.00000 0.33333 1.00000 1.00000 0.48837 0.53991
87.00000 88.00000 0.36207 0.66667 1.00000 1.00000 0.36446 0.36451 0.38842 1.00000 1.00000 0.55395 0.28788 0.17984 1.00000 0.51190 0.54584 0.30882 0.20007 0.39861 1.00000 0.58333 1.00000 1.00000 0.44961 0.53618
87.00000 89.00000 0.32759 0.25000 1.00000 1.00000 0.54518 0.51733 0.32107 1.00000 1.00000 0.54267 0.30303 0.20008 1.00000 0.34524 0.53945 0.35294 0.23202 0.51597 1.00000 0.50000 1.00000 1.00000 0.47287 0.62124
87.00000 90.00000 0.47701 0.58333 1.00000 1.00000 0.43976 0.58012 0.41256 1.00000 1.00000 0.65539 0.33333 0.19156 1.00000 0.36310 0.57569 0.27941 0.22009 0.45864 1.00000 0.41667 1.00000 1.00000 0.44961 0.69166
87.00000 91.00000 0.33908 0.83333 1.00000 1.00000 0.39759 0.52104 0.48295 1.00000 1.00000 0.53140 0.31818 0.19048 1.00000 0.32738 0.55650 0.32353 0.23300 0.45556 1.00000 0.41667 1.00000 1.00000 0.51163 0.62289
87.00000 92.00000 0.50000 0.25000 1.00000 1.00000 0.40663 0.40680 0.38639 1.00000 1.00000 0.57488 0.27273 0.16131 1.00000 0.42857 0.51599 0.33824 0.21452 0.37014 1.00000 0.33333 1.00000 1.00000 0.38760 0.47639
87.00000 93.00000 0.54598 0.25000 1.00000 1.00000 0.29819 0.37366 0.28460 1.00000 1.00000 0.60709 0.28788 0.16279 1.00000 0.39881 0.55864 0.26471 0.23460 0.22393 1.00000 0.33333 1.00000 1.00000 0.51163 0.41107
87.00000 94.00000 0.38506 0.58333 1.00000 1.00000 0.63253 0.52191 0.58778 1.00000 1.00000 0.57488 0.39394 0.15283 1.00000 0.44643 0.56077 0.33824 0.23506 0.42632 1.00000 0.41667 1.00000 1.00000 0.43411 0.46810
87.00000 95.00000 0.54598 0.33333 1.00000 1.00000 0.59337 0.33944 0.50557 1.00000 1.00000 0.63285 0.30303 0.16450 1.00000 0.39881 0.61834 0.26471 0.21173 0.39592 1.00000 0.41667 1.00000 1.00000 0.65891 0.48854
87.00000 96.00000 0.53448 0.25000 1.00000 1.00000 0.56325 0.50382 0.51435 1.00000 1.00000 0.59420 0.28788 0.17015 1.00000 0.44048 0.56716 0.30882 0.21999 0.34321 1.00000 0.41667 1.00000 1.00000 0.60465 0.42129
87.00000 97.00000 0.34483 0.25000 1.00000 1.00000 0.63554 0.27905 0.33930 1.00000 1.00000 0.58615 0.42424 0.18146 1.00000 0.42262 0.61834 0.29412 0.24554 0.53905 1.00000 0.41667 1.00000 1.00000 0.50388 0.57318
87.00000 98.00000 0.26437 0.25000 1.00000 1.00000 0.51205 0.33639 0.52515 1.00000 1.00000 0.46216 0.28788 0.20995 1.00000 0.32738 0.62687 0.36765 0.23114 0.30396 1.00000 0.58333 1.00000 1.00000 0.55814 0.66515
87.00000 99.00000 0.55172 0.50000 1.00000 1.00000 0.38253 0.43318 0.38926 1.00000 1.00000 0.61997 0.22727 0.19156 1.00000 0.34524 0.55650 0.35294 0.19847 0.51289 1.00000 0.41667 1.00000 1.00000 0.58140 0.56089
87.00000 100.00000 0.64943 0.83333 1.00000 1.00000 0.40060 0.36996 0.33187 1.00000 1.00000 0.53301 0.30303 0.21911 1.00000 0.47619 0.59915 0.32353 0.21617 0.33628 1.00000 0.50000 1.00000 1.00000 0.55814 0.54073
87.00000 101.00000 0.74138 0.33333 1.00000 1.00000 0.42771 0.49618 0.45122 1.00000 1.00000 0.46860 0.24242 0.20206 1.00000 0.30357 0.57143 0.33824 0.18980 0.57022 1.00000 0.41667 1.00000 1.00000 0.47287 0.36468
87.00000 102.00000 0.28161 0.33333 1.00000 1.00000 0.20482 0.54327 0.43467 1.00000 1.00000 0.60225 0.25758 0.16638 1.00000 0.41071 0.56503 0.29412 0.21746 0.40400 1.00000 0.41667 1.00000 1.00000 0.55039 0.51919
87.00000 103.00000 0.41379 0.83333 1.00000 1.00000 0.59940 0.42708 0.37221 1.00000 1.00000 0.51047 0.34848 0.18227 1.00000 0.34524 0.46695 0.36765 0.19636 0.53328 1.00000 0.50000 1.00000 1.00000 0.62016 0.43317
87.00000 104.00000 0.72989 0.50000 1.00000 1.00000 0.57229 0.42010 0.47654 1.00000 1.00000 0.67955 0.31818 0.19546 1.00000 0.39286 0.48614 0.38235 0.20332 0.39284 1.00000 0.50000 1.00000 1.00000 0.50388 0.41729
87.00000 105.00000 0.43678 0.83333 1.00000 1.00000 0.37651 0.35797 0.41796 1.00000 1.00000 0.56844 0.18182 0.18366 1.00000 0.32143 0.46695 0.35294 0.23790 0.37591 1.00000 0.41667 1.00000 1.00000 0.46512 0.41908
87.00000 106.00000 0.51724 0.08333 1.00000 1.00000 0.45181 0.45520 0.48515 1.00000 1.00000 0.46216 0.31818 0.20641 1.00000 0.38690 0.54158 0.33824 0.18511 0.33705 1.00000 0.33333 1.00000 1.00000 0.54264 0.57208
87.00000 107.00000 0.44828 0.75000 1.00000 1.00000 0.44578 0.44016 0.36496 1.00000 1.00000 0.55556 0.34848 0.20210 1.00000 0.42262 0.57569 0.33824 0.18650 0.56022 1.00000 0.58333 1.00000 1.00000 0.55814 0.65134
87.00000 108.00000 0.57471 0.75000 1.00000 1.00000 0.50602 0.45847 0.43163 1.00000 1.00000 0.51369 0.25758 0.20206 1.00000 0.44643 0.58209 0.29412 0.22278 0.51789 1.00000 0.58333 1.00000 1.00000 0.58140 0.46769
87.00000 109.00000 0.56322 0.41667 1.00000 1.00000 0.44578 0.45258 0.42910 1.00000 1.00000 0.55233 0.42424 0.20654 1.00000 0.42262 0.49041 0.35294 0.19089 0.36437 1.00000 0.33333 1.00000 1.00000 0.40310 0.41025
87.00000 110.00000 0.64943 0.08333 1.00000 1.00000 0.49398 0.62263 0.43467 1.00000 1.00000 0.53301 0.30303 0.18949 1.00000 0.43452 0.64819 0.39706 0.22593 0.42209 1.00000 0.41667 1.00000 1.00000 0.31783 0.60411
87.00000 111.00000 0.45977 0.83333 1.00000 1.00000 0.60843 0.51799 0.58153 1.00000 1.00000 0.68760 0.40909 0.15561 1.00000 0.56548 0.43497 0.39706 0.21339 0.50442 1.00000 0.33333 1.00000 1.00000 0.46512 0.55800
87.00000 112.00000 0.55172 0.33333 1.00000 1.00000 0.51506 0.38435 0.41560 1.00000 1.00000 0.62158 0.30303 0.17643 1.00000 0.48810 0.63113 0.38235 0.18650 0.37322 1.00000 0.41667 1.00000 1.00000 0.55039 0.39754
87.00000 113.00000 0.58621 0.16667 1.00000 1.00000 0.50000 0.37410 0.49713 1.00000 1.00000 0.52335 0.27273 0.17302 1.00000 0.64881 0.47974 0.33824 0.20534 0.50019 1.00000 0.66667 1.00000 1.00000 0.37209 0.50000
87.00000 114.00000 0.48276 0.58333 1.00000 1.00000 0.51506 0.34685 0.54169 1.00000 1.00000 0.56039 0.31818 0.24419 1.00000 0.44643 0.55650 0.35294 0.20621 0.51866 1.00000 0.41667 1.00000 1.00000 0.48837 0.55510
87.00000 115.00000 0.77586 0.25000 1.00000 1.00000 0.65964 0.53434 0.58947 1.00000 1.00000 0.49597 0.31818 0.16907 1.00000 0.60119 0.62687 0.33824 0.21628 0.39207 1.00000 0.41667 1.00000 1.00000 0.46512 0.67923
87.00000 116.00000 0.57471 0.91667 1.00000 1.00000 0.51807 0.45128 0.33677 1.00000 1.00000 0.44605 0.34848 0.18509 1.00000 0.49405 0.44136 0.36765 0.22009 0.50750 1.00000 0.33333 1.00000 1.00000 0.54264 0.41605
87.00000 117.00000 0.35632 0.25000 1.00000 1.00000 0.35542 0.47395 0.58542 1.00000 1.00000 0.61192 0.34848 0.16365 1.00000 0.36905 0.44350 0.33824 0.20183 0.50596 1.00000 0.50000 1.00000 1.00000 0.50388 0.50483
87.00000 118.00000 0.45977 0.33333 1.00000 1.00000 0.54518 0.47874 0.51891 1.00000 1.00000 0.50242 0.34848 0.20847 1.00000 0.32143 0.55864 0.30882 0.22474 0.69065 1.00000 0.50000 1.00000 1.00000 0.48837 0.55012
87.00000 119.00000 0.47126 0.58333 1.00000 1.00000 0.50000 0.53782 0.47755 1.00000 1.00000 0.46699 0.36364 0.17343 1.00000 0.48214 0.50746 0.38235 0.18428 0.54021 1.00000 0.41667 1.00000 1.00000 0.55039 0.45236
87.00000 120.00000 0.60920 0.25000 1.00000 1.00000 0.40663 0.61325 0.52920 1.00000 1.00000 0.48470 0.36364 0.14659 1.00000 0.54167 0.50533 0.35294 0.18635 0.48980 1.00000 0.41667 1.00000 1.00000 0.51938 0.56642
87.00000 121.00000 0.63793 0.66667 1.00000 1.00000 0.50904 0.59734 0.59858 1.00000 1.00000 0.55072 0.28788 0.17163 1.00000 0.39881 0.45629 0.41176 0.19254 0.57330 1.00000 0.50000 1.00000 1.00000 0.42636 0.42861
87.00000 122.00000 0.46552 0.41667 1.00000 1.00000 0.32530 0.54611 0.58086 1.00000 1.00000 0.54428 0.33333 0.20798 1.00000 0.42857 0.47548 0.33824 0.17845 0.41093 1.00000 0.50000 1.00000 1.00000 0.41085 0.55579
87.00000 123.00000 0.27586 0.66667 1.00000 1.00000 0.36446 0.52474 0.42691 1.00000 1.00000 0.45089 0.33333 0.17917 1.00000 0.46429 0.63113 0.30882 0.18650 0.55214 1.00000 0.41667 1.00000 1.00000 0.30233 0.58437
87.00000 124.00000 0.52299 0.33333 1.00000 1.00000 0.62651 0.46000 0.48160 1.00000 1.00000 0.60225 0.31818 0.16104 1.00000 0.48214 0.51599 0.42647 0.20312 0.47595 1.00000 0.41667 1.00000 1.00000 0.46512 0.50801
87.00000 125.00000 0.60920 0.83333 1.00000 1.00000 0.46687 0.60192 0.48920 1.00000 1.00000 0.46860 0.37879 0.16001 1.00000 0.42857 0.41791 0.38235 0.18578 0.52866 1.00000 0.66667 1.00000 1.00000 0.54264 0.45526
87.00000 126.00000 0.25287 0.41667 1.00000 1.00000 0.33434 0.47809 0.43045 1.00000 1.00000 0.47021 0.40909 0.16275 1.00000 0.55357 0.60981 0.39706 0.21323 0.55791 1.00000 0.58333 1.00000 1.00000 0.35659 0.47363
87.00000 127.00000 0.52299 0.41667 1.00000 1.00000 0.49398 0.36516 0.57799 1.00000 1.00000 0.39291 0.34848 0.10792 1.00000 0.54762 0.55437 0.33824 0.19367 0.54675 1.00000 0.50000 1.00000 1.00000 0.45736 0.54267
87.00000 128.00000 0.49425 0.66667 1.00000 1.00000 0.42771 0.54153 0.45847 1.00000 1.00000 0.43478 0.30303 0.19770 1.00000 0.53571 0.40938 0.38235 0.19713 0.42978 1.00000 0.58333 1.00000 1.00000 0.41860 0.39920
87.00000 129.00000 0.68966 0.41667 1.00000 1.00000 0.57831 0.50927 0.50777 1.00000 1.00000 0.40902 0.40909 0.18218 1.00000 0.48810 0.42857 0.54412 0.18862 0.47134 1.00000 0.50000 1.00000 1.00000 0.50388 0.45623
87.00000 130.00000 0.71264 0.58333 1.00000 1.00000 0.46988 0.37999 0.57562 1.00000 1.00000 0.47826 0.31818 0.18693 1.00000 0.44048 0.55864 0.50000 0.20394 0.50596 1.00000 0.41667 1.00000 1.00000 0.33333 0.46189
87.00000 131.00000 0.55747 0.50000 1.00000 1.00000 0.62651 0.46109 0.47198 1.00000 1.00000 0.42673 0.31818 0.14677 1.00000 0.39881 0.40512 0.32353 0.16679 0.51443 1.00000 0.50000 1.00000 1.00000 0.36434 0.38001
87.00000 132.00000 0.21264 0.33333 1.00000 1.00000 0.52108 0.60279 0.59301 1.00000 1.00000 0.47021 0.37879 0.21031 1.00000 0.51190 0.39019 0.35294 0.19631 0.58753 1.00000 0.41667 1.00000 1.00000 0.51163 0.53259
87.00000 133.00000 0.60920 0.25000 1.00000 1.00000 0.40964 0.63288 0.49105 1.00000 1.00000 0.32206 0.45455 0.17473 1.00000 0.44643 0.38166 0.33824 0.21328 0.41170 1.00000 0.41667 1.00000 1.00000 0.29457 0.48951
87.00000 134.00000 0.52299 0.66667 1.00000 1.00000 0.49699 0.41225 0.56094 1.00000 1.00000 0.36393 0.36364 0.15835 1.00000 0.52381 0.48188 0.44118 0.19739 0.53097 1.00000 0.50000 1.00000 1.00000 0.43411 0.38429
87.00000 135.00000 0.60345 0.25000 1.00000 1.00000 0.59036 0.54393 0.60044 1.00000 1.00000 0.46216 0.40909 0.17271 1.00000 0.48214 0.44989 0.42647 0.17566 0.37591 1.00000 0.58333 1.00000 1.00000 0.52713 0.36399
87.00000 136.00000 0.55172 0.91667 1.00000 1.00000 0.50904 0.50294 0.54828 1.00000 1.00000 0.49275 0.40909 0.15355 1.00000 0.65476 0.47335 0.47059 0.18005 0.58638 1.00000 0.50000 1.00000 1.00000 0.41860 0.43676
87.00000 137.00000 0.61494 0.25000 1.00000 1.00000 0.56928 0.49684 0.56634 1.00000 1.00000 0.49436 0.36364 0.15709 1.00000 0.37500 0.49041 0.42647 0.20926 0.48596 1.00000 0.33333 1.00000 1.00000 0.42636 0.44159
87.00000 138.00000 0.39080 0.50000 1.00000 1.00000 0.42771 0.42511 0.55638 1.00000 1.00000 0.42995 0.37879 0.16872 1.00000 0.55357 0.46695 0.42647 0.15982 0.61524 1.00000 0.41667 1.00000 1.00000 0.51163 0.42599
87.00000 139.00000 0.43678 0.91667 1.00000 1.00000 0.51807 0.50120 0.55486 1.00000 1.00000 0.45733 0.46970 0.17540 1.00000 0.50595 0.50959 0.41176 0.17680 0.51520 1.00000 0.66667 1.00000 1.00000 0.38760 0.59155
87.00000 140.00000 0.54598 0.58333 1.00000 1.00000 0.41867 0.41465 0.59267 1.00000 1.00000 0.45250 0.31818 0.15871 1.00000 0.44643 0.54158 0.45588 0.19192 0.40708 1.00000 0.58333 1.00000 1.00000 0.49612 0.51519
87.00000 141.00000 0.48276 0.75000 1.00000 1.00000 0.58735 0.57794 0.58001 1.00000 1.00000 0.51691 0.39394 0.15835 1.00000 0.56548 0.36674 0.39706 0.21452 0.59177 1.00000 0.41667 1.00000 1.00000 0.55814 0.38097
87.00000 142.00000 0.46552 0.50000 1.00000 1.00000 0.53614 0.39111 0.60837 1.00000 1.00000 0.51369 0.43939 0.16019 1.00000 0.60119 0.52452 0.38235 0.19600 0.64140 1.00000 0.50000 1.00000 1.00000 0.41860 0.42378
87.00000 143.00000 0.48276 0.41667 1.00000 1.00000 0.49699 0.48267 0.59723 1.00000 1.00000 0.48309 0.39394 0.17437 1.00000 0.60119 0.54797 0.42647 0.17473 0.59754 1.00000 0.50000 1.00000 1.00000 0.54264 0.41825
87.00000 144.00000 0.56322 0.08333 1.00000 1.00000 0.66867 0.55156 0.71506 1.00000 1.00000 0.40741 0.43939 0.15530 1.00000 0.54762 0.37953 0.44118 0.15120 0.40054 1.00000 0.50000 1.00000 1.00000 0.42636 0.49572
87.00000 145.00000 0.33908 0.91667 1.00000 1.00000 0.60542 0.52496 0.71928 1.00000 1.00000 0.38808 0.40909 0.16768 1.00000 0.50000 0.46482 0.44118 0.15229 0.61678 1.00000 0.41667 1.00000 1.00000 0.46512 0.41563
87.00000 146.00000 0.62644 0.83333 1.00000 1.00000 0.44578 0.48986 0.67032 1.00000 1.00000 0.37359 0.40909 0.17513 1.00000 0.59524 0.47548 0.45588 0.20049 0.59484 1.00000 0.58333 1.00000 1.00000 0.40310 0.44753
87.00000 147.00000 0.55747 0.50000 1.00000 1.00000 0.55120 0.50839 0.52785 1.00000 1.00000 0.30113 0.42424 0.17388 1.00000 0.60119 0.40512 0.47059 0.17866 0.65063 1.00000 0.66667 1.00000 1.00000 0.37984 0.50000
87.00000 148.00000 0.58046 0.25000 1.00000 1.00000 0.56325 0.40855 0.66762 1.00000 1.00000 0.37520 0.36364 0.17643 1.00000 0.55952 0.45203 0.50000 0.16524 0.57330 1.00000 0.50000 1.00000 1.00000 0.32558 0.49351
87.00000 149.00000 0.45402 0.91667 1.00000 1.00000 0.61446 0.47046 0.64703 1.00000 1.00000 0.48148 0.50000 0.18011 1.00000 0.69048 0.46269 0.52941 0.15807 0.62563 1.00000 0.58333 1.00000 1.00000 0.18605 0.50469
87.00000 150.00000 0.55172 0.66667 1.00000 1.00000 0.64759 0.57903 0.58930 1.00000 1.00000 0.46538 0.40909 0.13910 1.00000 0.65476 0.40299 0.47059 0.18046 0.58484 1.00000 0.50000 1.00000 1.00000 0.43411 0.33347
87.00000 151.00000 0.52874 0.58333 1.00000 1.00000 0.46084 0.48659 0.59723 1.00000 1.00000 0.35588 0.45455 0.13762 1.00000 0.54167 0.44350 0.41176 0.19512 0.62601 1.00000 0.41667 1.00000 1.00000 0.30233 0.37283
87.00000 152.00000 0.50575 0.50000 1.00000 1.00000 0.67470 0.63898 0.62660 1.00000 1.00000 0.39614 0.51515 0.16773 1.00000 0.70238 0.38380 0.48529 0.18335 0.62409 1.00000 0.50000 1.00000 1.00000 0.37984 0.43013
87.00000 153.00000 0.40805 0.58333 1.00000 1.00000 0.62048 0.52496 0.56668 1.00000 1.00000 0.41385 0.53030 0.17890 1.00000 0.50000 0.50107 0.42647 0.16483 0.59985 1.00000 0.58333 1.00000 1.00000 0.24806 0.29094
87.00000 154.00000 0.50000 0.50000 1.00000 1.00000 0.54217 0.49182 0.67505 1.00000 1.00000 0.36393 0.50000 0.14668 1.00000 0.60119 0.37740 0.57353 0.17411 0.75529 1.00000 0.66667 1.00000 1.00000 0.43411 0.30295
87.00000 155.00000 0.59195 0.58333 1.00000 1.00000 0.51506 0.50621 0.58795 1.00000 1.00000 0.32850 0.45455 0.18702 1.00000 0.56548 0.37313 0.55882 0.16245 0.67911 1.00000 0.66667 1.00000 1.00000 0.38760 0.38194
87.00000 156.00000 0.44828 0.66667 1.00000 1.00000 0.41867 0.54415 0.65682 1.00000 1.00000 0.36393 0.46970 0.15853 1.00000 0.55952 0.34115 0.45588 0.15337 0.57484 1.00000 0.50000 1.00000 1.00000 0.33333 0.39616
87.00000 157.00000 0.41379 0.25000 1.00000 1.00000 0.64759 0.64465 0.70594 1.00000 1.00000 0.37198 0.54545 0.17814 1.00000 0.63690 0.33475 0.47059 0.14444 0.76260 1.00000 0.75000 1.00000 1.00000 0.49612 0.31566
87.00000 158.00000 0.29310 0.58333 1.00000 1.00000 0.83133 0.56377 0.60246 1.00000 1.00000 0.33655 0.48485 0.14063 1.00000 0.53571 0.24094 0.55882 0.15569 0.62293 1.00000 0.58333 1.00000 1.00000 0.28682 0.39105
87.00000 159.00000 0.50000 0.25000 1.00000 1.00000 0.78916 0.74275 0.63471 1.00000 1.00000 0.34783 0.50000 0.13726 1.00000 0.60714 0.28571 0.54412 0.17339 0.62524 1.00000 0.66667 1.00000 1.00000 0.29457 0.37213
87.00000 160.00000 0.55747 0.91667 1.00000 1.00000 0.69880 0.48877 0.57951 1.00000 1.00000 0.44767 0.51515 0.10913 1.00000 0.75000 0.25800 0.45588 0.14052 0.72028 1.00000 0.50000 1.00000 1.00000 0.28682 0.30530
87.00000 161.00000 0.35057 0.25000 1.00000 1.00000 0.69277 0.64879 0.67302 1.00000 1.00000 0.29791 0.46970 0.15853 1.00000 0.61905 0.31343 0.51471 0.15672 0.70873 1.00000 0.66667 1.00000 1.00000 0.43411 0.38857
87.00000 162.00000 0.33908 0.58333 1.00000 1.00000 0.69277 0.51733 0.76485 1.00000 1.00000 0.46377 0.59091 0.12515 1.00000 0.68452 0.33902 0.52941 0.14816 0.62486 1.00000 0.58333 1.00000 1.00000 0.34884 0.32519
87.00000 163.00000 0.40230 0.58333 1.00000 1.00000 0.59639 0.61980 0.79473 1.00000 1.00000 0.33816 0.37879 0.17105 1.00000 0.76786 0.34755 0.52941 0.15703 0.79761 1.00000 0.50000 1.00000 1.00000 0.20155 0.48067
87.00000 164.00000 0.50575 0.41667 1.00000 1.00000 0.65060 0.63811 0.70966 1.00000 1.00000 0.38003 0.50000 0.14417 1.00000 0.71429 0.44563 0.57353 0.17050 0.74413 1.00000 0.58333 1.00000 1.00000 0.24806 0.28017
87.00000 165.00000 0.50575 0.50000 1.00000 1.00000 0.62349 0.72313 0.70257 1.00000 1.00000 0.30757 0.56061 0.15216 1.00000 0.75000 0.23667 0.51471 0.14243 0.66102 1.00000 0.58333 1.00000 1.00000 0.37209 0.39533
87.00000 166.00000 0.60920 0.41667 1.00000 1.00000 0.64458 0.73098 0.72080 1.00000 1.00000 0.47987 0.50000 0.13928 1.00000 0.52381 0.25373 0.58824 0.10868 0.68103 1.00000 0.58333 1.00000 1.00000 0.36434 0.38926
87.00000 167.00000 0.58046 0.16667 1.00000 1.00000 0.70181 0.59974 0.72282 1.00000 1.00000 0.24316 0.54545 0.17908 1.00000 0.76190 0.23454 0.54412 0.11374 0.66718 1.00000 0.50000 1.00000 1.00000 0.31008 0.22300
87.00000 168.00000 0.40230 0.75000 1.00000 1.00000 0.65663 0.71376 0.67860 1.00000 1.00000 0.42190 0.57576 0.12856 1.00000 0.69048 0.27505 0.50000 0.12783 0.61485 1.00000 0.66667 1.00000 1.00000 0.31008 0.24745
87.00000 169.00000 0.35057 0.66667 1.00000 1.00000 0.62048 0.65707 0.64500 1.00000 1.00000 0.37037 0.54545 0.09926 1.00000 0.70238 0.27505 0.54412 0.11394 0.62793 1.00000 0.66667 1.00000 1.00000 0.25581 0.40804
87.00000 170.00000 0.56322 0.50000 1.00000 1.00000 0.87952 0.63963 0.68282 1.00000 1.00000 0.26731 0.53030 0.13488 1.00000 0.75595 0.20896 0.57353 0.11838 0.65217 1.00000 0.66667 1.00000 1.00000 0.28682 0.25352
87.00000 171.00000 0.33908 0.91667 1.00000 1.00000 0.76807 0.76695 0.72856 1.00000 1.00000 0.30274 0.54545 0.13425 1.00000 0.75595 0.21962 0.51471 0.11518 0.78607 1.00000 0.58333 1.00000 1.00000 0.27907 0.24593
87.00000 172.00000 0.45977 0.41667 1.00000 1.00000 0.71084 0.60933 0.75236 1.00000 1.00000 0.23671 0.54545 0.13448 1.00000 0.83333 0.22388 0.57353 0.14011 0.80185 1.00000 0.58333 1.00000 1.00000 0.29457 0.21016
87.00000 173.00000 0.55172 0.25000 1.00000 1.00000 0.60843 0.50730 0.75439 1.00000 1.00000 0.29791 0.54545 0.12905 1.00000 0.66071 0.37953 0.57353 0.12648 0.63717 1.00000 0.58333 1.00000 1.00000 0.16279 0.25808
87.00000 174.00000 0.39080 0.16667 1.00000 1.00000 0.66265 0.50905 0.93501 1.00000 1.00000 0.27053 0.62121 0.13686 1.00000 0.70833 0.26439 0.57353 0.12396 0.91920 1.00000 0.66667 1.00000 1.00000 0.15504 0.22535
87.00000 175.00000 0.43678 0.25000 1.00000 1.00000 0.77410 0.56638 0.77870 1.00000 1.00000 0.11111 0.57576 0.11505 1.00000 0.80357 0.20469 0.60294 0.12586 0.73836 1.00000 0.75000 1.00000 1.00000 0.29457 0.21527
87.00000 176.00000 0.79885 0.41667 1.00000 1.00000 0.79217 0.63440 0.70560 1.00000 1.00000 0.20934 0.57576 0.15193 1.00000 0.81548 0.27079 0.58824 0.12535 0.77684 1.00000 0.66667 1.00000 1.00000 0.34109 0.24676
87.00000 177.00000 0.59195 0.08333 1.00000 1.00000 0.78012 0.64465 0.84909 1.00000 1.00000 0.21417 0.57576 0.11604 1.00000 0.88690 0.23241 0.58824 0.13015 0.73682 1.00000 0.58333 1.00000 1.00000 0.08527 0.26540
87.00000 178.00000 0.55747 0.58333 1.00000 1.00000 0.67169 0.58099 0.86090 1.00000 1.00000 0.22383 0.63636 0.12963 1.00000 0.75000 0.23454 0.63235 0.10909 0.70527 1.00000 0.75000 1.00000 1.00000 0.36434 0.24827
