227.00000 1.00000 0.99984 0.99798 1.00000 0.00000 0.12432 0.29969 0.23983 0.00000 0.00000 0.00391 0.62670 0.26334 0.24324 0.46987 0.00241 0.99223 0.52549 0.36039 0.00000 0.29167 0.62791 1.00000 0.01269 0.01930
227.00000 2.00000 0.99981 0.99762 1.00000 0.00000 0.12689 0.31556 0.24125 0.00000 0.00000 0.00289 0.62675 0.25973 0.24324 0.47150 0.00320 0.99220 0.51857 0.38540 0.00000 0.27083 0.62791 1.00000 0.01269 0.01770
227.00000 3.00000 0.83317 0.99857 1.00000 0.06027 0.18057 0.33539 0.24890 0.14659 0.14403 0.13660 0.65010 0.28077 0.24324 0.46824 0.13717 0.99261 0.48572 0.35501 0.00000 0.31250 0.65116 1.00000 0.15021 0.16152
227.00000 4.00000 0.23820 0.29905 1.00000 0.59794 0.63666 0.69021 0.69675 0.61718 0.61509 0.61393 0.85330 0.63129 0.89189 0.73534 0.61623 0.99361 0.63926 0.12039 1.00000 0.69792 0.85412 1.00000 0.63100 0.63158
227.00000 5.00000 0.23801 0.29691 1.00000 0.59794 0.63327 0.70543 0.69150 0.61718 0.61509 0.61403 0.85332 0.62853 0.89189 0.75733 0.61504 0.99361 0.62079 0.12288 1.00000 0.69792 0.85412 1.00000 0.62106 0.63689
227.00000 6.00000 0.59522 0.73777 0.00000 0.23809 0.00862 0.03982 0.04434 0.29318 0.20818 0.09097 0.00068 0.01575 0.02703 0.05375 0.09042 0.00107 0.03392 0.93864 0.00000 0.03125 0.00000 0.00000 0.13923 0.14951
227.00000 7.00000 0.47622 0.83135 1.00000 0.62699 0.66180 0.66455 0.53524 0.50794 0.49937 0.47368 0.86379 0.58888 0.40541 0.66287 0.47097 0.99311 0.48265 0.33147 0.00000 0.65625 0.86469 1.00000 0.49280 0.48639
227.00000 8.00000 0.99997 0.99941 1.00000 0.00000 0.13047 0.29714 0.23689 0.00000 0.00000 0.00231 0.62679 0.26234 0.24324 0.48616 0.00287 0.99220 0.52423 0.37767 0.00000 0.29167 0.62791 1.00000 0.01509 0.02040
227.00000 9.00000 0.83319 0.99762 1.00000 0.06027 0.18782 0.32179 0.25839 0.14659 0.14403 0.13598 0.65016 0.28573 0.24324 0.47557 0.13727 0.99256 0.48453 0.37445 0.00000 0.33333 0.65116 1.00000 0.16152 0.16284
227.00000 10.00000 0.47611 0.83361 1.00000 0.62699 0.65979 0.65832 0.57190 0.50794 0.50000 0.47162 0.86373 0.58864 0.40541 0.66857 0.47158 0.99317 0.46561 0.33099 0.00000 0.61458 0.86469 1.00000 0.48388 0.49761
227.00000 11.00000 0.99982 0.99822 1.00000 0.00000 0.12955 0.28335 0.26549 0.00000 0.00063 0.00465 0.62675 0.25569 0.24324 0.48860 0.00279 0.99215 0.53768 0.39642 0.00000 0.29167 0.62791 1.00000 0.01337 0.02087
227.00000 12.00000 0.23815 0.29798 1.00000 0.59794 0.63465 0.68891 0.68031 0.61718 0.61572 0.61453 0.85341 0.63609 0.89189 0.75326 0.61537 0.99358 0.62915 0.11116 1.00000 0.69792 0.85412 1.00000 0.62826 0.63082
227.00000 13.00000 0.00005 0.00000 1.00000 1.00000 0.98348 0.91673 0.91631 1.00000 1.00000 0.99566 0.99939 0.86148 1.00000 0.92590 0.99462 0.99347 0.65761 0.04467 1.00000 0.92708 1.00000 1.00000 0.98011 0.98185
227.00000 14.00000 0.47617 0.83135 1.00000 0.62699 0.65722 0.64754 0.56140 0.50794 0.50000 0.47382 0.86386 0.58382 0.37838 0.65635 0.47171 0.99319 0.46530 0.32213 0.00000 0.63542 0.86469 1.00000 0.49931 0.49340
227.00000 15.00000 0.47625 0.83135 1.00000 0.62699 0.66107 0.65364 0.52597 0.50794 0.49937 0.47131 0.86381 0.58503 0.40541 0.65798 0.47077 0.99330 0.46768 0.33048 0.00000 0.66667 0.86469 1.00000 0.48731 0.48672
227.00000 16.00000 0.99980 0.99976 1.00000 0.00000 0.12570 0.29411 0.25105 0.00000 0.00063 0.00360 0.62668 0.26836 0.24324 0.48127 0.00347 0.99228 0.52778 0.37280 0.00000 0.29167 0.62791 1.00000 0.01029 0.01794
227.00000 17.00000 0.83332 0.99798 1.00000 0.06027 0.18580 0.33805 0.25119 0.14659 0.14403 0.13851 0.65016 0.28802 0.24324 0.46661 0.13730 0.99264 0.49569 0.36680 0.00000 0.32292 0.65116 1.00000 0.15878 0.16260
227.00000 18.00000 0.23800 0.29691 1.00000 0.59794 0.63318 0.68184 0.67701 0.61718 0.61509 0.61312 0.85343 0.63643 0.89189 0.74756 0.61428 0.99363 0.63688 0.10907 1.00000 0.69792 0.85412 1.00000 0.62997 0.63422
227.00000 19.00000 0.47613 0.83361 1.00000 0.62699 0.65969 0.62769 0.54795 0.50794 0.50000 0.47062 0.86398 0.58613 0.40541 0.67182 0.47112 0.99322 0.46949 0.32700 0.00000 0.65625 0.86469 1.00000 0.48663 0.49488
227.00000 20.00000 0.47625 0.83302 1.00000 0.62699 0.66116 0.64527 0.55206 0.50794 0.50000 0.47203 0.86384 0.58357 0.40541 0.66694 0.47069 0.99350 0.48358 0.32857 0.00000 0.63542 0.86469 1.00000 0.48971 0.48939
227.00000 21.00000 0.83327 0.99976 1.00000 0.06027 0.18222 0.32705 0.25110 0.14659 0.14403 0.13816 0.65027 0.28631 0.24324 0.46336 0.13712 0.99248 0.50095 0.35852 0.00000 0.32292 0.65116 1.00000 0.15809 0.16026
227.00000 22.00000 0.00003 0.00166 1.00000 1.00000 0.98468 0.93149 0.91215 1.00000 1.00000 0.99384 0.99958 0.86313 1.00000 0.92182 0.99620 0.99347 0.65083 0.04804 1.00000 0.94792 1.00000 1.00000 0.98182 0.97972
227.00000 23.00000 0.99996 0.99762 1.00000 0.00000 0.12744 0.28977 0.24385 0.00000 0.00000 0.00327 0.62666 0.25978 0.24324 0.47883 0.00413 0.99209 0.52813 0.38185 0.00000 0.29167 0.62791 1.00000 0.01235 0.01899
227.00000 24.00000 0.47614 0.83135 1.00000 0.62699 0.65786 0.65664 0.56094 0.50794 0.50000 0.47222 0.86392 0.58609 0.40541 0.67915 0.47133 0.99322 0.48460 0.32491 0.00000 0.64583 0.86469 1.00000 0.48765 0.49595
227.00000 25.00000 0.99992 0.99762 1.00000 0.00000 0.13166 0.29438 0.24450 0.00000 0.00000 0.00597 0.62666 0.26227 0.24324 0.47557 0.00441 0.99209 0.50866 0.36643 0.00000 0.29167 0.62791 1.00000 0.00892 0.02173
227.00000 26.00000 0.47618 0.83135 1.00000 0.62699 0.66300 0.64751 0.54920 0.50794 0.50000 0.47150 0.86379 0.59081 0.40541 0.66531 0.47249 0.99328 0.47501 0.33791 0.00000 0.64583 0.86469 1.00000 0.49246 0.49722
227.00000 27.00000 0.47625 0.83314 1.00000 0.62699 0.66199 0.66214 0.54032 0.50794 0.50000 0.47301 0.86392 0.58907 0.40541 0.66938 0.47051 0.99341 0.47548 0.32982 0.00000 0.64583 0.86469 1.00000 0.48834 0.49352
227.00000 28.00000 0.00000 0.00095 1.00000 1.00000 0.98431 0.93174 0.90668 1.00000 1.00000 0.99394 0.99941 0.86221 1.00000 0.90635 0.99475 0.99350 0.66718 0.04196 1.00000 0.93750 1.00000 1.00000 0.98457 0.98548
227.00000 29.00000 0.47625 0.83135 1.00000 0.62699 0.66162 0.65190 0.56482 0.50794 0.50000 0.47115 0.86388 0.59011 0.40541 0.65472 0.47107 0.99319 0.46894 0.32480 0.00000 0.65625 0.86469 1.00000 0.48731 0.49408
227.00000 30.00000 0.47621 0.83135 1.00000 0.62699 0.65501 0.65876 0.53945 0.50794 0.50000 0.47155 0.86381 0.59090 0.40541 0.67101 0.47026 0.99319 0.46842 0.32052 0.00000 0.66667 0.86469 1.00000 0.49074 0.48850
227.00000 31.00000 0.99998 0.99929 1.00000 0.00000 0.12698 0.28159 0.23728 0.00000 0.00000 0.00406 0.62675 0.26230 0.24324 0.46661 0.00411 0.99226 0.53006 0.39038 0.00000 0.29167 0.62791 1.00000 0.01200 0.01589
227.00000 32.00000 0.99978 0.99762 1.00000 0.00000 0.12423 0.28051 0.25444 0.00000 0.00000 0.00415 0.62679 0.26275 0.24324 0.48046 0.00408 0.99217 0.53332 0.38360 0.00000 0.29167 0.62791 1.00000 0.01920 0.02062
227.00000 33.00000 0.23821 0.29727 1.00000 0.59794 0.63593 0.68322 0.67022 0.61718 0.61509 0.61262 0.85334 0.63109 0.89189 0.75163 0.61436 0.99372 0.64364 0.10592 1.00000 0.68750 0.85412 1.00000 0.62860 0.62397
227.00000 34.00000 0.47618 0.83135 1.00000 0.62699 0.66235 0.66854 0.54275 0.50794 0.49937 0.47282 0.86381 0.58623 0.37838 0.65717 0.47087 0.99322 0.47991 0.31759 0.00000 0.66667 0.86469 1.00000 0.48594 0.49772
227.00000 35.00000 0.00005 0.00059 1.00000 1.00000 0.98238 0.92672 0.94770 1.00000 1.00000 0.99451 0.99943 0.86532 1.00000 0.92427 0.99470 0.99358 0.65373 0.02713 1.00000 0.93750 1.00000 1.00000 0.98525 0.98621
227.00000 36.00000 0.47608 0.83135 1.00000 0.62699 0.65538 0.66932 0.57113 0.50794 0.50000 0.47136 0.86392 0.58788 0.40541 0.66450 0.47092 0.99314 0.47922 0.32791 0.00000 0.63542 0.86469 1.00000 0.48628 0.49416
227.00000 37.00000 0.83335 0.99762 1.00000 0.06027 0.18038 0.31946 0.24137 0.14659 0.14403 0.13551 0.65020 0.28564 0.24324 0.46906 0.13839 0.99253 0.47589 0.37203 0.00000 0.32292 0.65116 1.00000 0.16289 0.16823
227.00000 38.00000 0.47620 0.83135 1.00000 0.62699 0.65942 0.63847 0.55748 0.50794 0.49937 0.47275 0.86390 0.59224 0.40541 0.67671 0.47138 0.99325 0.47532 0.33410 0.00000 0.62500 0.86469 1.00000 0.49143 0.49689
227.00000 39.00000 0.59515 0.73634 0.00000 0.23809 0.00982 0.05526 0.06573 0.29318 0.20881 0.09401 0.00087 0.01576 0.02703 0.02932 0.09053 0.00124 0.05089 0.93226 0.00000 0.04167 0.00000 0.00000 0.14540 0.14608
227.00000 40.00000 0.83323 0.99762 1.00000 0.06027 0.18763 0.34032 0.25013 0.14659 0.14403 0.13727 0.65033 0.28107 0.24324 0.47557 0.13479 0.99250 0.50255 0.37225 0.00000 0.31250 0.65116 1.00000 0.16084 0.16364
227.00000 41.00000 0.99990 0.99762 1.00000 0.00000 0.12662 0.29866 0.24635 0.00000 0.00000 0.00291 0.62660 0.26346 0.24324 0.47394 0.00084 0.99212 0.52197 0.37789 0.00000 0.30208 0.62791 1.00000 0.00823 0.02602
227.00000 42.00000 0.00001 0.00000 1.00000 1.00000 0.98449 0.94842 0.93277 1.00000 1.00000 0.99384 0.99947 0.85746 1.00000 0.91205 0.99531 0.99352 0.65088 0.04668 1.00000 0.94792 1.00000 1.00000 0.97840 0.98636
227.00000 43.00000 0.99998 0.99762 1.00000 0.00000 0.12019 0.29544 0.24828 0.00000 0.00000 0.00420 0.62679 0.26023 0.24324 0.48290 0.00373 0.99242 0.52892 0.39239 0.00000 0.28125 0.62791 1.00000 0.01132 0.02022
227.00000 44.00000 0.47611 0.83135 1.00000 0.62699 0.66235 0.66477 0.56239 0.50794 0.49937 0.47110 0.86392 0.59007 0.40541 0.65717 0.47216 0.99333 0.47974 0.32015 0.00000 0.64583 0.86469 1.00000 0.49005 0.49306
227.00000 45.00000 0.23823 0.29869 1.00000 0.59794 0.63529 0.68427 0.69169 0.61718 0.61509 0.61603 0.85345 0.63439 0.89189 0.75000 0.61522 0.99369 0.62767 0.11372 1.00000 0.68750 0.85412 1.00000 0.63169 0.63097
227.00000 46.00000 0.59517 0.73729 0.00000 0.23809 0.01220 0.04724 0.06037 0.29318 0.20881 0.09403 0.00078 0.01297 0.02703 0.04886 0.09088 0.00102 0.03101 0.93776 0.00000 0.03125 0.00000 0.00000 0.14369 0.14494
227.00000 47.00000 0.47619 0.83135 1.00000 0.62699 0.65786 0.65377 0.55560 0.50794 0.50000 0.47165 0.86384 0.58879 0.40541 0.66042 0.47135 0.99325 0.50033 0.32352 0.00000 0.65625 0.86469 1.00000 0.48868 0.49565
227.00000 48.00000 0.83316 0.99964 1.00000 0.06027 0.18369 0.34886 0.25966 0.14659 0.14403 0.13785 0.65016 0.28640 0.24324 0.47231 0.13545 0.99256 0.49522 0.36361 0.00000 0.32292 0.65116 1.00000 0.16255 0.16320
227.00000 49.00000 0.00000 0.00238 1.00000 1.00000 0.98449 0.94135 0.93987 1.00000 1.00000 0.99356 0.99947 0.85726 1.00000 0.92020 0.99455 0.99347 0.66913 0.04189 1.00000 0.93750 1.00000 1.00000 0.97942 0.99173
227.00000 50.00000 0.00004 0.00059 1.00000 1.00000 0.97670 0.94257 0.93761 1.00000 1.00000 0.99353 0.99941 0.85552 1.00000 0.91938 0.99427 0.99344 0.64586 0.03731 1.00000 0.92708 1.00000 1.00000 0.98663 0.98102
227.00000 51.00000 0.83319 0.99857 1.00000 0.06027 0.18965 0.34262 0.26951 0.14659 0.14403 0.13713 0.65014 0.28581 0.24324 0.46091 0.13750 0.99242 0.49238 0.36903 0.00000 0.32292 0.65116 1.00000 0.15878 0.16727
227.00000 52.00000 0.83331 0.99988 1.00000 0.06027 0.18194 0.31968 0.25309 0.14659 0.14403 0.13718 0.65018 0.29012 0.24324 0.46173 0.13770 0.99267 0.48317 0.36596 0.00000 0.32292 0.65116 1.00000 0.16564 0.16599
227.00000 53.00000 0.59527 0.73634 0.00000 0.23809 0.00817 0.04765 0.07151 0.29318 0.20881 0.09405 0.00078 0.01521 0.02703 0.04886 0.08946 0.00116 0.04908 0.93003 0.00000 0.03125 0.00000 0.00000 0.13923 0.14363
227.00000 54.00000 0.00003 0.00000 1.00000 1.00000 0.97761 0.92886 0.91742 1.00000 1.00000 0.99387 0.99939 0.86638 1.00000 0.92590 0.99419 0.99363 0.65664 0.03185 1.00000 0.92708 1.00000 1.00000 0.98182 0.98383
227.00000 55.00000 0.23800 0.29727 1.00000 0.59794 0.64052 0.69752 0.68428 0.61718 0.61509 0.61541 0.85336 0.64055 0.89189 0.76792 0.61433 0.99369 0.65692 0.10966 1.00000 0.69792 0.85412 1.00000 0.62654 0.63450
227.00000 56.00000 0.47628 0.83337 1.00000 0.62699 0.66382 0.64283 0.55688 0.50794 0.50000 0.47062 0.86386 0.59428 0.40541 0.69055 0.47107 0.99325 0.47275 0.32165 0.00000 0.64583 0.86469 1.00000 0.48697 0.48793
227.00000 57.00000 0.99983 0.99762 1.00000 0.00000 0.12836 0.30611 0.27572 0.00000 0.00000 0.00358 0.62687 0.26033 0.24324 0.46254 0.00228 0.99237 0.52216 0.38210 0.00000 0.29167 0.62791 1.00000 0.01955 0.02055
227.00000 58.00000 0.23804 0.29691 1.00000 0.59794 0.63942 0.69611 0.69301 0.61718 0.61572 0.61510 0.85343 0.63096 0.89189 0.75896 0.61405 0.99369 0.63108 0.12346 1.00000 0.68750 0.85412 1.00000 0.62689 0.63220
227.00000 59.00000 0.23806 0.29834 1.00000 0.59794 0.64052 0.70381 0.67573 0.61718 0.61509 0.61415 0.85345 0.62949 0.89189 0.76221 0.61431 0.99358 0.64131 0.12709 1.00000 0.69792 0.85412 1.00000 0.63237 0.63676
227.00000 60.00000 0.83319 0.99786 1.00000 0.06027 0.19011 0.33442 0.25117 0.14659 0.14403 0.13563 0.65016 0.28291 0.24324 0.47801 0.13702 0.99245 0.49355 0.36387 0.00000 0.32292 0.65116 1.00000 0.15741 0.15663
227.00000 61.00000 0.83326 0.99762 1.00000 0.06027 0.18974 0.33561 0.26070 0.14659 0.14403 0.13820 0.65029 0.28872 0.24324 0.48208 0.13641 0.99256 0.50019 0.36002 0.00000 0.31250 0.65116 1.00000 0.15672 0.17051
227.00000 62.00000 0.99994 0.99762 1.00000 0.00000 0.12854 0.30356 0.23788 0.00000 0.00063 0.00410 0.62668 0.26119 0.24324 0.48290 0.00429 0.99220 0.52692 0.38357 0.00000 0.28125 0.62791 1.00000 0.01612 0.01996
227.00000 63.00000 0.47621 0.83195 1.00000 0.62699 0.66254 0.64890 0.54448 0.50794 0.49937 0.47074 0.86377 0.59273 0.40541 0.66368 0.47145 0.99333 0.49481 0.32154 0.00000 0.66667 0.86469 1.00000 0.48697 0.49291
227.00000 64.00000 0.00002 0.00000 1.00000 1.00000 0.98615 0.92429 0.94113 1.00000 1.00000 0.99511 0.99951 0.86004 1.00000 0.91287 0.99571 0.99352 0.65845 0.03603 1.00000 0.93750 1.00000 1.00000 0.98045 0.98358
227.00000 65.00000 0.59521 0.73741 0.00000 0.23809 0.01110 0.05036 0.06034 0.29318 0.20881 0.09365 0.00080 0.01302 0.02703 0.04153 0.09091 0.00113 0.04215 0.93483 0.00000 0.05208 0.00000 0.00000 0.14335 0.14487
227.00000 66.00000 0.47609 0.83135 1.00000 0.62699 0.65345 0.65117 0.55702 0.50794 0.50000 0.47241 0.86388 0.59447 0.40541 0.68974 0.47082 0.99336 0.47794 0.32114 0.00000 0.64583 0.86469 1.00000 0.48937 0.49375
227.00000 67.00000 0.99996 0.99762 1.00000 0.00000 0.13047 0.29275 0.24125 0.00000 0.00063 0.00597 0.62679 0.26176 0.24324 0.48046 0.00347 0.99245 0.53684 0.38781 0.00000 0.28125 0.62791 1.00000 0.00857 0.01628
227.00000 68.00000 0.23809 0.29691 1.00000 0.59794 0.63015 0.70023 0.70108 0.61718 0.61572 0.61355 0.85338 0.63886 0.89189 0.75000 0.61476 0.99372 0.64409 0.11852 1.00000 0.69792 0.85412 1.00000 0.63169 0.63262
227.00000 69.00000 0.99985 0.99834 1.00000 0.00000 0.13350 0.28067 0.21985 0.00000 0.00063 0.00661 0.62677 0.26438 0.24324 0.48127 0.00510 0.99234 0.54177 0.37994 0.00000 0.29167 0.62791 1.00000 0.02023 0.01783
227.00000 70.00000 0.59518 0.73682 0.00000 0.23809 0.01064 0.07856 0.06398 0.29318 0.20881 0.09162 0.00084 0.01801 0.02703 0.06759 0.09012 0.00124 0.05558 0.94193 0.00000 0.06250 0.00000 0.00000 0.13923 0.14446
227.00000 71.00000 0.47620 0.83135 1.00000 0.62699 0.66437 0.65006 0.52864 0.50794 0.49937 0.47148 0.86388 0.59716 0.40541 0.65879 0.47204 0.99330 0.48896 0.32008 0.00000 0.64583 0.86469 1.00000 0.48697 0.49624
227.00000 72.00000 0.00004 0.00000 1.00000 1.00000 0.98037 0.94574 0.95025 1.00000 1.00000 0.99556 0.99941 0.85682 1.00000 0.92752 0.99564 0.99366 0.65066 0.04438 1.00000 0.93750 1.00000 1.00000 0.97977 0.98908
227.00000 73.00000 0.99999 0.99869 1.00000 0.00000 0.12983 0.30876 0.25634 0.00000 0.00063 0.00482 0.62668 0.25910 0.24324 0.48941 0.00302 0.99193 0.51680 0.37797 0.00000 0.30208 0.62791 1.00000 0.01612 0.01352
227.00000 74.00000 0.00007 0.00000 1.00000 1.00000 0.97734 0.92924 0.91626 1.00000 1.00000 0.99475 0.99939 0.86330 1.00000 0.90717 0.99434 0.99350 0.66359 0.03083 1.00000 0.93750 1.00000 1.00000 0.98422 0.97949
227.00000 75.00000 0.83333 0.99762 1.00000 0.06027 0.18690 0.33447 0.25620 0.14659 0.14403 0.13794 0.65020 0.28856 0.24324 0.48697 0.13654 0.99261 0.48529 0.36771 0.00000 0.32292 0.65116 1.00000 0.15844 0.16488
227.00000 76.00000 0.47619 0.83290 1.00000 0.62699 0.65896 0.66816 0.56051 0.50794 0.50000 0.47241 0.86390 0.59974 0.40541 0.68648 0.47100 0.99339 0.49179 0.32301 0.00000 0.66667 0.86469 1.00000 0.48971 0.49402
227.00000 77.00000 0.23808 0.29786 1.00000 0.59794 0.63547 0.69489 0.70014 0.61718 0.61572 0.61465 0.85343 0.63108 0.89189 0.75000 0.61499 0.99372 0.64350 0.10981 1.00000 0.70833 0.85412 1.00000 0.62106 0.63229
227.00000 78.00000 0.99985 0.99762 1.00000 0.00000 0.12909 0.29178 0.25473 0.00000 0.00000 0.00444 0.62677 0.26193 0.24324 0.47557 0.00284 0.99228 0.54177 0.38284 0.00000 0.30208 0.62791 1.00000 0.01406 0.01821
227.00000 79.00000 0.59518 0.73634 0.00000 0.23809 0.01110 0.03197 0.07288 0.29318 0.20881 0.09176 0.00082 0.02152 0.02703 0.05945 0.08946 0.00124 0.03570 0.94149 0.00000 0.02083 0.00000 0.00000 0.13786 0.15163
227.00000 80.00000 0.23824 0.29691 1.00000 0.59794 0.63721 0.70408 0.69516 0.61718 0.61509 0.61458 0.85345 0.63157 0.89189 0.75651 0.61489 0.99361 0.62900 0.12218 1.00000 0.69792 0.85412 1.00000 0.63100 0.63426
227.00000 81.00000 0.83325 0.99762 1.00000 0.06027 0.18148 0.33249 0.26633 0.14659 0.14403 0.13765 0.65035 0.28897 0.24324 0.45521 0.13682 0.99286 0.48900 0.38338 0.00000 0.33333 0.65116 1.00000 0.15912 0.16834
227.00000 82.00000 0.47621 0.83349 1.00000 0.62699 0.66153 0.65515 0.54840 0.50794 0.50000 0.47139 0.86388 0.59436 0.37838 0.68322 0.47148 0.99328 0.47822 0.33754 0.00000 0.64583 0.86469 1.00000 0.49108 0.49190
227.00000 83.00000 0.99989 0.99762 1.00000 0.00000 0.13157 0.30578 0.24797 0.00000 0.00000 0.00465 0.62683 0.26889 0.24324 0.49023 0.00398 0.99239 0.52816 0.38419 0.00000 0.30208 0.62791 1.00000 0.01578 0.01900
227.00000 84.00000 0.23806 0.29691 1.00000 0.59794 0.63988 0.71107 0.69809 0.61718 0.61572 0.61446 0.85336 0.63757 0.89189 0.75489 0.61448 0.99358 0.65457 0.13686 1.00000 0.68750 0.85412 1.00000 0.63855 0.63137
227.00000 85.00000 0.59510 0.73836 0.00000 0.23809 0.01330 0.04437 0.07657 0.29318 0.20818 0.09179 0.00089 0.01226 0.02703 0.04723 0.09022 0.00116 0.04368 0.94402 0.00000 0.03125 0.00000 0.00000 0.13957 0.14410
227.00000 86.00000 0.00001 0.00000 1.00000 1.00000 0.98293 0.93396 0.91277 1.00000 1.00000 0.99453 0.99951 0.86748 1.00000 0.92345 0.99526 0.99350 0.66863 0.05459 1.00000 0.91667 1.00000 1.00000 0.98491 0.98200
227.00000 87.00000 0.47610 0.83219 1.00000 0.62699 0.66263 0.65437 0.53683 0.50794 0.50000 0.47160 0.86390 0.59044 0.40541 0.67590 0.47026 0.99339 0.49705 0.33099 0.00000 0.64583 0.86469 1.00000 0.49040 0.49844
227.00000 88.00000 0.59525 0.73717 0.00000 0.23809 0.01055 0.05299 0.06506 0.29318 0.20818 0.09047 0.00082 0.01514 0.02703 0.05619 0.08946 0.00127 0.03987 0.95196 0.00000 0.03125 0.00000 0.00000 0.14335 0.14640
227.00000 89.00000 0.99980 0.99762 1.00000 0.00000 0.13818 0.31161 0.25035 0.00000 0.00000 0.00413 0.62685 0.26589 0.24324 0.48046 0.00259 0.99237 0.54427 0.37683 0.00000 0.30208 0.62791 1.00000 0.01749 0.01613
227.00000 90.00000 0.59512 0.73824 0.00000 0.23809 0.01193 0.04798 0.04118 0.29318 0.20881 0.09145 0.00091 0.01176 0.02703 0.05049 0.09045 0.00124 0.04575 0.95493 0.00000 0.05208 0.00000 0.00000 0.13374 0.14184
227.00000 91.00000 0.23817 0.29917 1.00000 0.59794 0.63318 0.69525 0.68238 0.61718 0.61509 0.61295 0.85343 0.63596 0.89189 0.76466 0.61400 0.99369 0.65640 0.13295 1.00000 0.68750 0.85412 1.00000 0.62654 0.63251
227.00000 92.00000 0.99983 0.99964 1.00000 0.00000 0.12735 0.30912 0.25569 0.00000 0.00000 0.00377 0.62692 0.26721 0.24324 0.48290 0.00302 0.99237 0.52316 0.38360 0.00000 0.29167 0.62791 1.00000 0.01612 0.01968
227.00000 93.00000 0.00000 0.00178 1.00000 1.00000 0.98706 0.94509 0.91585 1.00000 1.00000 0.99286 0.99949 0.86247 1.00000 0.92752 0.99576 0.99358 0.66187 0.03566 1.00000 0.93750 1.00000 1.00000 0.97497 0.97837
227.00000 94.00000 0.23802 0.29691 1.00000 0.59794 0.63565 0.68335 0.69523 0.61718 0.61509 0.61436 0.85355 0.64361 0.89189 0.75000 0.61537 0.99361 0.65871 0.13346 1.00000 0.70833 0.85412 1.00000 0.63237 0.62746
227.00000 95.00000 0.59515 0.73646 0.00000 0.23809 0.01340 0.04849 0.07057 0.29318 0.20881 0.09384 0.00091 0.01498 0.02703 0.05537 0.09037 0.00135 0.03618 0.94482 0.00000 0.06250 0.00000 0.00000 0.13992 0.15177
227.00000 96.00000 0.59513 0.73658 0.00000 0.23809 0.01092 0.05835 0.05454 0.29318 0.20881 0.09336 0.00084 0.01979 0.02703 0.04235 0.08987 0.00138 0.03466 0.95057 0.00000 0.03125 0.00000 0.00000 0.14129 0.14686
227.00000 97.00000 0.83316 0.99881 1.00000 0.06027 0.19002 0.33740 0.29059 0.14659 0.14403 0.13720 0.65033 0.29068 0.24324 0.48860 0.13509 0.99283 0.50112 0.37332 0.00000 0.31250 0.65116 1.00000 0.16015 0.15870
227.00000 98.00000 0.59520 0.73634 0.00000 0.23809 0.01615 0.03944 0.04874 0.29318 0.20881 0.09155 0.00082 0.01260 0.02703 0.05375 0.09017 0.00124 0.03839 0.93618 0.00000 0.04167 0.00000 0.00000 0.14335 0.14814
227.00000 99.00000 0.00001 0.00048 1.00000 1.00000 0.98587 0.91968 0.92714 1.00000 1.00000 0.99377 0.99956 0.86459 1.00000 0.93241 0.99429 0.99369 0.67275 0.03764 1.00000 0.93750 1.00000 1.00000 0.98457 0.98333
227.00000 100.00000 0.23814 0.29762 1.00000 0.59794 0.63841 0.70825 0.70897 0.61718 0.61572 0.61505 0.85343 0.64087 0.89189 0.75977 0.61332 0.99380 0.64862 0.13166 1.00000 0.70833 0.85412 1.00000 0.62689 0.62855
227.00000 101.00000 0.47619 0.83135 1.00000 0.62699 0.67024 0.66466 0.55307 0.50794 0.50000 0.47418 0.86396 0.59453 0.40541 0.67590 0.47102 0.99344 0.47575 0.32301 1.00000 0.64583 0.86469 1.00000 0.49040 0.48122
227.00000 102.00000 0.00005 0.00000 1.00000 1.00000 0.98440 0.94227 0.93679 1.00000 1.00000 0.99334 0.99939 0.86312 1.00000 0.93078 0.99404 0.99341 0.67318 0.04379 1.00000 0.92708 1.00000 1.00000 0.98080 0.97954
227.00000 103.00000 0.00001 0.00000 1.00000 1.00000 0.98569 0.93675 0.94127 1.00000 1.00000 0.99308 0.99951 0.86683 1.00000 0.93485 0.99290 0.99366 0.66247 0.03083 1.00000 0.93750 1.00000 1.00000 0.97325 0.98539
227.00000 104.00000 0.23811 0.29691 1.00000 0.59794 0.63887 0.69191 0.68572 0.61718 0.61509 0.61434 0.85351 0.64376 0.89189 0.74511 0.61562 0.99361 0.64357 0.10915 1.00000 0.69792 0.85412 1.00000 0.62757 0.62766
227.00000 105.00000 0.23814 0.29691 1.00000 0.59794 0.64290 0.69533 0.68654 0.61718 0.61572 0.61570 0.85362 0.64210 0.89189 0.75651 0.61466 0.99366 0.65531 0.13042 1.00000 0.70833 0.85412 1.00000 0.62654 0.62894
227.00000 106.00000 0.59524 0.73634 0.00000 0.23809 0.01092 0.04532 0.05108 0.29318 0.20818 0.09274 0.00101 0.02306 0.02703 0.04967 0.08931 0.00135 0.05025 0.96353 0.00000 0.04167 0.00000 0.00000 0.13717 0.14428
227.00000 107.00000 0.59514 0.73634 0.00000 0.23809 0.00991 0.05523 0.05700 0.29318 0.20881 0.09174 0.00089 0.01783 0.02703 0.05049 0.08941 0.00127 0.04575 0.94790 0.00000 0.04167 0.00000 0.00000 0.14026 0.14385
227.00000 108.00000 0.00000 0.00107 1.00000 1.00000 0.98743 0.92415 0.93431 1.00000 1.00000 0.99403 0.99949 0.87003 1.00000 0.92264 0.99399 0.99344 0.67768 0.04635 1.00000 0.93750 1.00000 1.00000 0.97977 0.98140
227.00000 109.00000 0.99992 0.99762 1.00000 0.00000 0.13001 0.30519 0.25170 0.00000 0.00000 0.00463 0.62700 0.26913 0.24324 0.50977 0.00345 0.99259 0.55165 0.37676 0.00000 0.29167 0.62791 1.00000 0.02092 0.01864
227.00000 110.00000 0.47606 0.83135 1.00000 0.62699 0.66089 0.66732 0.55878 0.50794 0.50000 0.47177 0.86413 0.59501 0.37838 0.67508 0.47077 0.99339 0.49755 0.34128 0.00000 0.65625 0.86469 1.00000 0.49040 0.49828
227.00000 111.00000 0.99983 0.99762 1.00000 0.00000 0.13203 0.30410 0.25490 0.00000 0.00000 0.00387 0.62692 0.27902 0.24324 0.48290 0.00327 0.99253 0.54696 0.38276 0.00000 0.30208 0.62791 1.00000 0.00789 0.01728
227.00000 112.00000 0.99991 0.99762 1.00000 0.00000 0.12854 0.28753 0.25254 0.00000 0.00063 0.00394 0.62698 0.26812 0.24324 0.49023 0.00304 0.99264 0.56750 0.38899 0.00000 0.29167 0.62791 1.00000 0.00926 0.01879
227.00000 113.00000 0.47622 0.83302 1.00000 0.62699 0.66557 0.65144 0.54751 0.50794 0.50000 0.47213 0.86396 0.59914 0.40541 0.66694 0.47079 0.99347 0.50248 0.33132 0.00000 0.66667 0.86469 1.00000 0.48697 0.48933
227.00000 114.00000 0.23814 0.29691 1.00000 0.59794 0.63373 0.69828 0.69672 0.61718 0.61572 0.61484 0.85360 0.64153 0.89189 0.75570 0.61418 0.99380 0.66492 0.11251 1.00000 0.69792 0.85412 1.00000 0.63203 0.63749
227.00000 115.00000 0.83336 0.99917 1.00000 0.06027 0.18736 0.34013 0.27322 0.14659 0.14403 0.13718 0.65050 0.29213 0.24324 0.48127 0.13639 0.99297 0.49826 0.36845 0.00000 0.33333 0.65116 1.00000 0.15158 0.15909
227.00000 116.00000 0.99992 0.99786 1.00000 0.00000 0.13148 0.30971 0.25918 0.00000 0.00000 0.00294 0.62711 0.27485 0.24324 0.49511 0.00401 0.99283 0.56284 0.40180 0.00000 0.28125 0.62791 1.00000 0.01097 0.02076
227.00000 117.00000 0.23822 0.29691 1.00000 0.59794 0.63905 0.70635 0.69932 0.61718 0.61509 0.61350 0.85349 0.65075 0.89189 0.76140 0.61405 0.99366 0.65692 0.11885 1.00000 0.69792 0.85412 1.00000 0.63134 0.63152
227.00000 118.00000 0.59522 0.73705 0.00000 0.23809 0.01826 0.05553 0.06942 0.29318 0.20818 0.09121 0.00103 0.01913 0.02703 0.04316 0.08997 0.00163 0.04748 0.95548 0.00000 0.06250 0.00000 0.00000 0.13717 0.14334
227.00000 119.00000 0.00006 0.00000 1.00000 1.00000 0.98257 0.95224 0.92271 1.00000 1.00000 0.99482 0.99951 0.86982 1.00000 0.92508 0.99358 0.99355 0.67499 0.04068 1.00000 0.94792 1.00000 1.00000 0.97908 0.97708
227.00000 120.00000 0.59510 0.73777 0.00000 0.23809 0.01835 0.05201 0.06682 0.29318 0.20881 0.09229 0.00103 0.01672 0.02703 0.05863 0.09007 0.00143 0.04803 0.94332 0.00000 0.06250 0.00000 0.00000 0.13615 0.14746
227.00000 121.00000 0.47624 0.83135 1.00000 0.62699 0.65465 0.66068 0.56157 0.50794 0.50000 0.46969 0.86400 0.59944 0.40541 0.67834 0.47089 0.99363 0.51195 0.33945 0.00000 0.65625 0.86469 1.00000 0.48594 0.49144
227.00000 122.00000 0.83315 0.99834 1.00000 0.06027 0.18644 0.33119 0.27658 0.14659 0.14403 0.13770 0.65061 0.29313 0.24324 0.47313 0.13565 0.99330 0.50352 0.37321 0.00000 0.35417 0.65116 1.00000 0.15741 0.17284
227.00000 123.00000 0.47608 0.83135 1.00000 0.62699 0.65997 0.65301 0.56212 0.50794 0.50000 0.47298 0.86405 0.59774 0.40541 0.67101 0.47105 0.99374 0.49983 0.32755 0.00000 0.67708 0.86469 1.00000 0.48697 0.49338
227.00000 124.00000 0.83321 0.99774 1.00000 0.06027 0.19011 0.34330 0.27550 0.14659 0.14403 0.13730 0.65065 0.29902 0.24324 0.48616 0.13674 0.99330 0.51866 0.37947 0.00000 0.31250 0.65116 1.00000 0.15809 0.16622
227.00000 125.00000 0.83318 0.99798 1.00000 0.06027 0.18791 0.33444 0.26927 0.14659 0.14403 0.13706 0.65048 0.29702 0.24324 0.47231 0.13684 0.99325 0.51440 0.36610 0.00000 0.34375 0.65116 1.00000 0.15569 0.16730
227.00000 126.00000 0.23822 0.29691 1.00000 0.59794 0.63712 0.69097 0.69884 0.61718 0.61509 0.61527 0.85349 0.64437 0.89189 0.77199 0.61491 0.99377 0.67739 0.13155 1.00000 0.69792 0.85412 1.00000 0.62997 0.62336
227.00000 127.00000 0.59521 0.73634 0.00000 0.23809 0.01303 0.04838 0.06299 0.29318 0.20881 0.09322 0.00122 0.02403 0.02703 0.07492 0.08834 0.00171 0.07821 0.95460 0.00000 0.04167 0.00000 0.00000 0.13786 0.13879
227.00000 128.00000 0.00007 0.00154 1.00000 1.00000 0.98330 0.95105 0.94127 1.00000 1.00000 0.99384 0.99937 0.87126 1.00000 0.92671 0.99409 0.99358 0.69301 0.05741 1.00000 0.93750 1.00000 1.00000 0.98354 0.97720
227.00000 129.00000 0.83313 0.99762 1.00000 0.06027 0.18681 0.35273 0.26197 0.14659 0.14403 0.13680 0.65075 0.30092 0.24324 0.48616 0.13755 0.99336 0.53154 0.36834 0.00000 0.34375 0.65116 1.00000 0.15878 0.16065
227.00000 130.00000 0.23820 0.29762 1.00000 0.59794 0.63978 0.70153 0.70515 0.61718 0.61572 0.61455 0.85364 0.65000 0.89189 0.76140 0.61357 0.99391 0.67837 0.12500 1.00000 0.69792 0.85412 1.00000 0.62174 0.63344
227.00000 131.00000 0.99985 0.99762 1.00000 0.00000 0.12836 0.30586 0.24801 0.00000 0.00063 0.00575 0.62723 0.27542 0.24324 0.51873 0.00089 0.99308 0.56560 0.39821 0.00000 0.29167 0.62791 1.00000 0.01337 0.02099
227.00000 132.00000 0.59526 0.73872 0.00000 0.23809 0.01340 0.05816 0.06496 0.29318 0.20881 0.09193 0.00127 0.02584 0.02703 0.04723 0.09002 0.00179 0.06553 0.94383 0.00000 0.05208 0.00000 0.00000 0.14403 0.14179
227.00000 133.00000 0.83328 0.99762 1.00000 0.06027 0.19378 0.34030 0.28236 0.14659 0.14403 0.13763 0.65094 0.30385 0.24324 0.48697 0.13639 0.99339 0.53175 0.37438 0.00000 0.34375 0.65116 1.00000 0.16289 0.16382
227.00000 134.00000 0.00005 0.00000 1.00000 1.00000 0.98321 0.95173 0.94320 1.00000 1.00000 0.99229 0.99947 0.87183 1.00000 0.92101 0.99452 0.99369 0.69063 0.04738 1.00000 0.94792 1.00000 1.00000 0.97702 0.98234
227.00000 135.00000 0.83336 0.99762 1.00000 0.06027 0.18782 0.33434 0.25839 0.14659 0.14403 0.13725 0.65080 0.30083 0.24324 0.49186 0.13705 0.99352 0.51623 0.36698 0.00000 0.34375 0.65116 1.00000 0.15809 0.16326
227.00000 136.00000 0.99977 0.99762 1.00000 0.00000 0.13010 0.29297 0.26575 0.00000 0.00063 0.00260 0.62751 0.28005 0.24324 0.50244 0.00383 0.99330 0.57083 0.38763 0.00000 0.30208 0.62791 1.00000 0.00789 0.01963
227.00000 137.00000 0.00007 0.00000 1.00000 1.00000 0.98761 0.94019 0.94854 1.00000 1.00000 0.99265 0.99941 0.87946 1.00000 0.93322 0.99437 0.99350 0.69106 0.03427 1.00000 0.95833 1.00000 1.00000 0.97805 0.98134
227.00000 138.00000 0.23822 0.29691 1.00000 0.59794 0.63914 0.69454 0.70905 0.61718 0.61572 0.61427 0.85351 0.64889 0.89189 0.76221 0.61491 0.99383 0.67818 0.13229 1.00000 0.71875 0.85412 1.00000 0.62929 0.62767
227.00000 139.00000 0.99978 0.99952 1.00000 0.00000 0.13350 0.29682 0.26356 0.00000 0.00000 0.00375 0.62742 0.28011 0.24324 0.49919 0.00241 0.99306 0.57736 0.39964 0.00000 0.30208 0.62791 1.00000 0.01509 0.01924
227.00000 140.00000 0.99990 0.99893 1.00000 0.00000 0.13396 0.30015 0.26255 0.00000 0.00063 0.00461 0.62761 0.28566 0.24324 0.50081 0.00340 0.99330 0.57607 0.38789 0.00000 0.32292 0.62791 1.00000 0.01715 0.01833
227.00000 141.00000 0.59516 0.73765 0.00000 0.23809 0.01385 0.05551 0.07178 0.29318 0.20881 0.09074 0.00133 0.02314 0.02703 0.07736 0.08961 0.00201 0.07612 0.95877 0.00000 0.04167 0.00000 0.00000 0.13512 0.13928
227.00000 142.00000 0.59508 0.73741 0.00000 0.23809 0.01817 0.07731 0.08258 0.29318 0.20881 0.09186 0.00146 0.02369 0.02703 0.06352 0.08918 0.00207 0.08145 0.94702 0.00000 0.06250 0.00000 0.00000 0.14781 0.14721
227.00000 143.00000 0.99988 0.99917 1.00000 0.00000 0.12561 0.32876 0.26631 0.00000 0.00063 0.00370 0.62759 0.28603 0.24324 0.49837 0.00317 0.99350 0.55624 0.39708 0.00000 0.30208 0.62791 1.00000 0.01337 0.01457
227.00000 144.00000 0.99993 0.99762 1.00000 0.00000 0.13322 0.29527 0.27906 0.00000 0.00063 0.00379 0.62755 0.27646 0.24324 0.49593 0.00365 0.99336 0.57224 0.39320 0.00000 0.30208 0.62791 1.00000 0.01166 0.02222
227.00000 145.00000 0.59517 0.73717 0.00000 0.23809 0.01404 0.06672 0.06289 0.29318 0.20881 0.09279 0.00146 0.03090 0.02703 0.07166 0.08941 0.00223 0.07976 0.95950 0.00000 0.05208 0.00000 0.00000 0.14232 0.14317
227.00000 146.00000 0.23802 0.29691 1.00000 0.59794 0.64254 0.70922 0.71193 0.61718 0.61572 0.61121 0.85355 0.65626 0.89189 0.78339 0.61344 0.99380 0.68870 0.14038 1.00000 0.68750 0.85412 1.00000 0.63374 0.63036
227.00000 147.00000 0.47620 0.83337 1.00000 0.62699 0.66300 0.64995 0.55541 0.50794 0.50000 0.46988 0.86432 0.60841 0.37838 0.67345 0.46894 0.99374 0.51533 0.34318 1.00000 0.65625 0.86469 1.00000 0.48354 0.48547
227.00000 148.00000 0.83336 0.99762 1.00000 0.06027 0.18983 0.31589 0.28349 0.14659 0.14403 0.13739 0.65094 0.30733 0.24324 0.48534 0.13631 0.99374 0.53963 0.37405 0.00000 0.34375 0.65116 1.00000 0.15638 0.16511
227.00000 149.00000 0.59522 0.73824 0.00000 0.23809 0.01624 0.06935 0.07404 0.29318 0.20881 0.09336 0.00152 0.03407 0.02703 0.06840 0.08944 0.00207 0.06788 0.96822 0.00000 0.04167 0.00000 0.00000 0.14266 0.14700
227.00000 150.00000 0.23819 0.29798 1.00000 0.59794 0.64006 0.70971 0.72332 0.61718 0.61572 0.61322 0.85353 0.65630 0.89189 0.77932 0.61380 0.99380 0.69543 0.13148 1.00000 0.70833 0.85412 1.00000 0.62826 0.63442
227.00000 151.00000 0.83329 0.99846 1.00000 0.06027 0.18864 0.34078 0.27988 0.14659 0.14403 0.13539 0.65099 0.30832 0.24324 0.48290 0.13636 0.99369 0.53263 0.38419 0.00000 0.33333 0.65116 1.00000 0.15706 0.15933
227.00000 152.00000 0.83317 0.99762 1.00000 0.06027 0.19158 0.34460 0.27021 0.14659 0.14403 0.13687 0.65120 0.31034 0.24324 0.49593 0.13588 0.99413 0.56138 0.36797 0.00000 0.32292 0.65116 1.00000 0.15844 0.16125
227.00000 153.00000 0.23801 0.29857 1.00000 0.59794 0.64740 0.69866 0.71583 0.61718 0.61572 0.61171 0.85364 0.66036 0.89189 0.77443 0.61380 0.99380 0.69110 0.15931 1.00000 0.70833 0.85412 1.00000 0.62243 0.62364
227.00000 154.00000 0.59516 0.73634 0.00000 0.23809 0.01257 0.07385 0.08562 0.29318 0.20881 0.09112 0.00169 0.02958 0.02703 0.07003 0.08880 0.00254 0.11484 0.96002 0.00000 0.06250 0.00000 0.00000 0.14026 0.14468
227.00000 155.00000 0.23820 0.29691 1.00000 0.59794 0.64088 0.72374 0.71119 0.61718 0.61572 0.61434 0.85355 0.66139 0.89189 0.78094 0.61408 0.99380 0.71595 0.13697 1.00000 0.69792 0.85412 1.00000 0.62174 0.62623
227.00000 156.00000 0.00002 0.00131 1.00000 1.00000 0.99238 0.95544 0.95824 1.00000 1.00000 0.99124 0.99964 0.89223 1.00000 0.94870 0.99356 0.99366 0.72045 0.04588 1.00000 0.92708 1.00000 1.00000 0.97805 0.97575
227.00000 157.00000 0.83324 0.99762 1.00000 0.06027 0.18846 0.35885 0.27805 0.14659 0.14403 0.13928 0.65141 0.31537 0.24324 0.49104 0.13611 0.99424 0.56557 0.37621 0.00000 0.34375 0.65116 1.00000 0.15706 0.16533
227.00000 158.00000 0.83334 0.99762 1.00000 0.06027 0.19185 0.33834 0.28186 0.14659 0.14403 0.13701 0.65141 0.31195 0.24324 0.48860 0.13456 0.99427 0.55965 0.38415 0.00000 0.34375 0.65116 1.00000 0.15295 0.16392
227.00000 159.00000 0.00007 0.00178 1.00000 1.00000 0.98871 0.95790 0.95951 1.00000 1.00000 0.99277 0.99949 0.89155 1.00000 0.94625 0.99305 0.99355 0.74040 0.06638 1.00000 0.94792 1.00000 1.00000 0.97531 0.96948
227.00000 160.00000 0.47617 0.83135 1.00000 0.62699 0.66511 0.68725 0.57209 0.50794 0.50000 0.47158 0.86436 0.61815 0.37838 0.68974 0.46993 0.99391 0.54363 0.34084 1.00000 0.67708 0.86469 1.00000 0.48525 0.48196
227.00000 161.00000 0.99986 0.99810 1.00000 0.00000 0.13139 0.31684 0.27211 0.00000 0.00063 0.00508 0.62812 0.29599 0.24324 0.48860 0.00312 0.99402 0.60870 0.39294 0.00000 0.31250 0.62791 1.00000 0.00514 0.01867
227.00000 162.00000 0.59531 0.73824 0.00000 0.23809 0.02129 0.07192 0.10627 0.29318 0.20881 0.09014 0.00196 0.03609 0.02703 0.06107 0.09032 0.00289 0.11658 0.96606 0.00000 0.06250 0.00000 0.00000 0.13717 0.13717
227.00000 163.00000 0.83321 0.99762 1.00000 0.06027 0.19323 0.35259 0.28171 0.14659 0.14403 0.13756 0.65156 0.32399 0.24324 0.49593 0.13471 0.99460 0.57393 0.39470 0.00000 0.34375 0.65116 1.00000 0.15604 0.16672
227.00000 164.00000 0.47607 0.83135 1.00000 0.62699 0.67153 0.67872 0.56566 0.50794 0.50000 0.47084 0.86447 0.62499 0.37838 0.69625 0.46805 0.99410 0.56529 0.34509 1.00000 0.68750 0.86469 1.00000 0.48251 0.48920
227.00000 165.00000 0.47623 0.83195 1.00000 0.62699 0.66924 0.68769 0.58071 0.50794 0.50000 0.47081 0.86449 0.62787 0.40541 0.70521 0.46889 0.99435 0.56331 0.36413 1.00000 0.65625 0.86469 1.00000 0.48971 0.48850
227.00000 166.00000 0.23804 0.29846 1.00000 0.59794 0.63804 0.71868 0.70365 0.61718 0.61572 0.61341 0.85379 0.67060 0.89189 0.79072 0.61314 0.99399 0.73421 0.15037 1.00000 0.72917 0.85412 1.00000 0.62551 0.62112
227.00000 167.00000 0.47624 0.83135 1.00000 0.62699 0.66703 0.65158 0.57580 0.50794 0.50000 0.46962 0.86455 0.62341 0.37838 0.69707 0.46945 0.99427 0.57378 0.34135 1.00000 0.66667 0.86469 1.00000 0.48594 0.48618
227.00000 168.00000 0.23804 0.29917 1.00000 0.59794 0.64263 0.71749 0.73169 0.61718 0.61572 0.61307 0.85372 0.67647 0.89189 0.78420 0.61276 0.99410 0.73604 0.14063 1.00000 0.71875 0.85412 1.00000 0.62346 0.62743
227.00000 169.00000 0.59513 0.73824 0.00000 0.23809 0.01697 0.07393 0.08485 0.29318 0.20881 0.09250 0.00230 0.04307 0.02703 0.07085 0.08926 0.00306 0.11718 0.96584 0.00000 0.06250 0.00000 0.00000 0.13957 0.14322
227.00000 170.00000 0.83325 0.99964 1.00000 0.06027 0.19277 0.34785 0.29464 0.14659 0.14403 0.13656 0.65179 0.32150 0.24324 0.50000 0.13659 0.99474 0.58740 0.37833 0.00000 0.35417 0.65116 1.00000 0.15672 0.16124
227.00000 171.00000 0.99980 0.99762 1.00000 0.00000 0.13304 0.31597 0.27603 0.00000 0.00063 0.00430 0.62844 0.30654 0.24324 0.50977 0.00208 0.99471 0.62915 0.40048 0.00000 0.33333 0.62791 1.00000 0.01235 0.02272
227.00000 172.00000 0.00006 0.00000 1.00000 1.00000 0.99147 0.96969 0.96255 1.00000 1.00000 0.99124 0.99954 0.90223 1.00000 0.96661 0.99062 0.99363 0.75644 0.05800 1.00000 0.96875 1.00000 1.00000 0.97874 0.97194
227.00000 173.00000 0.83318 0.99988 1.00000 0.06027 0.19635 0.35698 0.28142 0.14659 0.14403 0.13792 0.65204 0.33330 0.24324 0.51140 0.13644 0.99498 0.59963 0.38522 0.00000 0.37500 0.65116 1.00000 0.15741 0.16192
227.00000 174.00000 0.59511 0.73705 0.00000 0.23809 0.01551 0.05784 0.08757 0.29318 0.20881 0.09329 0.00243 0.04960 0.02703 0.08795 0.08842 0.00342 0.14462 0.97939 0.00000 0.06250 0.00000 0.00000 0.13580 0.13959
227.00000 175.00000 0.23822 0.29810 1.00000 0.59794 0.64244 0.71884 0.71386 0.61718 0.61572 0.61119 0.85383 0.67865 0.89189 0.78909 0.61276 0.99413 0.77115 0.15997 1.00000 0.70833 0.85412 1.00000 0.61488 0.62377
227.00000 176.00000 0.47623 0.83135 1.00000 0.62699 0.66575 0.66832 0.58405 0.50794 0.50000 0.47031 0.86483 0.63973 0.37838 0.69951 0.46810 0.99457 0.58892 0.35860 1.00000 0.66667 0.86469 1.00000 0.48457 0.49137
227.00000 177.00000 0.83334 0.99762 1.00000 0.06027 0.19268 0.34555 0.27697 0.14659 0.14465 0.13689 0.65232 0.33854 0.24324 0.50000 0.13522 0.99548 0.62543 0.39463 0.00000 0.35417 0.65116 1.00000 0.15809 0.15538
227.00000 178.00000 0.23822 0.29691 1.00000 0.59794 0.64722 0.72187 0.74847 0.61718 0.61572 0.61312 0.85370 0.68858 0.89189 0.78990 0.61479 0.99413 0.76156 0.14931 1.00000 0.71875 0.85412 1.00000 0.62277 0.61969
227.00000 179.00000 0.59529 0.73800 0.00000 0.23809 0.01716 0.06954 0.10713 0.29318 0.20881 0.09262 0.00264 0.05091 0.02703 0.07736 0.08992 0.00397 0.15783 0.97144 0.00000 0.07292 0.00000 0.00000 0.14198 0.14055
227.00000 180.00000 0.59527 0.73753 0.00000 0.23809 0.01697 0.07631 0.08160 0.29318 0.20881 0.09195 0.00277 0.04754 0.02703 0.09528 0.08799 0.00383 0.14524 0.98081 0.00000 0.06250 0.00000 0.00000 0.13923 0.13830
227.00000 181.00000 0.99985 0.99774 1.00000 0.00000 0.14130 0.33729 0.28301 0.00000 0.00063 0.00494 0.62890 0.31592 0.27027 0.52769 0.00294 0.99537 0.66985 0.39722 0.00000 0.32292 0.62791 1.00000 0.00926 0.01346
227.00000 182.00000 0.99999 0.99762 1.00000 0.00000 0.14001 0.31927 0.30561 0.00000 0.00063 0.00422 0.62907 0.31867 0.24324 0.52769 0.00434 0.99570 0.67896 0.40297 0.00000 0.32292 0.62791 1.00000 0.00960 0.01714
227.00000 183.00000 0.00005 0.00000 1.00000 1.00000 0.98899 0.98832 0.96897 1.00000 1.00000 0.98940 0.99968 0.91884 1.00000 0.97068 0.99226 0.99377 0.80268 0.06704 1.00000 0.97917 1.00000 1.00000 0.96879 0.96664
227.00000 184.00000 0.99993 0.99762 1.00000 0.00000 0.14166 0.34252 0.29935 0.00000 0.00063 0.00363 0.62913 0.32302 0.24324 0.52280 0.00353 0.99573 0.68848 0.40209 0.00000 0.32292 0.62791 1.00000 0.01715 0.01002
