104.00000 1.00000 0.00004 0.00238 1.00000 1.00000 0.97742 0.91853 0.89715 1.00000 0.99812 0.95916 0.99846 0.88050 0.94872 0.87094 0.95985 0.99292 0.68454 0.07760 1.00000 0.91753 1.00000 1.00000 0.96838 0.97116
104.00000 2.00000 0.99984 0.99762 1.00000 0.00000 0.12842 0.27151 0.21280 0.00000 0.00188 0.00575 0.62726 0.26948 0.23077 0.45779 0.00452 0.99311 0.56465 0.40559 0.00000 0.27835 0.62791 1.00000 0.01547 0.01816
104.00000 3.00000 0.83318 0.99929 1.00000 0.06027 0.18175 0.30292 0.21631 0.14659 0.14492 0.13174 0.65007 0.29403 0.23077 0.45292 0.13156 0.99286 0.51636 0.39445 0.00000 0.30928 0.65116 1.00000 0.16112 0.16225
104.00000 4.00000 0.83327 0.99762 1.00000 0.06027 0.18276 0.31912 0.23360 0.14659 0.14492 0.13416 0.65013 0.29618 0.23077 0.44237 0.13266 0.99300 0.52110 0.38245 0.00000 0.29897 0.65116 1.00000 0.15943 0.15261
104.00000 5.00000 1.00000 0.99929 1.00000 0.00000 0.12411 0.25118 0.23118 0.00000 0.00188 0.00483 0.62705 0.26792 0.20513 0.44724 0.00413 0.99306 0.55248 0.40929 0.00000 0.26804 0.62791 1.00000 0.01514 0.01165
104.00000 6.00000 0.23807 0.29691 1.00000 0.59794 0.62723 0.67316 0.63881 0.61718 0.61418 0.59037 0.85230 0.65249 0.84615 0.71347 0.59150 0.99281 0.65588 0.15972 1.00000 0.69072 0.85412 1.00000 0.62294 0.63005
104.00000 7.00000 0.00001 0.00012 1.00000 1.00000 0.97824 0.92412 0.88147 1.00000 0.99812 0.95573 0.99848 0.87497 0.94872 0.89448 0.95652 0.99278 0.67487 0.07763 1.00000 0.92784 1.00000 1.00000 0.96636 0.97284
104.00000 8.00000 0.83317 0.99762 1.00000 0.06027 0.18386 0.30584 0.22395 0.14659 0.14429 0.13176 0.64998 0.29012 0.23077 0.44399 0.13200 0.99300 0.51427 0.37618 0.00000 0.30928 0.65116 1.00000 0.15506 0.15581
104.00000 9.00000 0.59520 0.73860 0.00000 0.23809 0.00863 0.02168 0.02474 0.29318 0.20891 0.08722 0.00118 0.00737 0.00000 0.01461 0.08874 0.00163 0.05675 0.91991 0.00000 0.03093 0.00000 0.00000 0.13757 0.13844
104.00000 10.00000 0.47621 0.83171 1.00000 0.62699 0.65146 0.62982 0.52259 0.50794 0.49812 0.45191 0.86301 0.60125 0.35897 0.65260 0.45168 0.99270 0.50744 0.34477 0.00000 0.62887 0.86469 1.00000 0.48537 0.48473
104.00000 11.00000 0.99995 0.99786 1.00000 0.00000 0.12273 0.27262 0.22805 0.00000 0.00188 0.00492 0.62722 0.26674 0.23077 0.46429 0.00445 0.99306 0.54733 0.40652 0.00000 0.27835 0.62791 1.00000 0.01043 0.01499
104.00000 12.00000 0.47629 0.83135 1.00000 0.62699 0.65109 0.63335 0.50273 0.50794 0.49812 0.45286 0.86301 0.59932 0.35897 0.63961 0.45229 0.99286 0.50090 0.36383 0.00000 0.63918 0.86469 1.00000 0.48301 0.48778
104.00000 13.00000 0.47609 0.83147 1.00000 0.62699 0.65541 0.61583 0.52074 0.50794 0.49812 0.45511 0.86304 0.60187 0.35897 0.63718 0.45381 0.99270 0.50107 0.34232 0.00000 0.62887 0.86469 1.00000 0.48470 0.47738
104.00000 14.00000 0.23820 0.29905 1.00000 0.59794 0.62750 0.68085 0.66264 0.61718 0.61418 0.59286 0.85242 0.64955 0.84615 0.73620 0.59368 0.99289 0.67579 0.14450 1.00000 0.68041 0.85412 1.00000 0.62025 0.61368
104.00000 15.00000 0.59512 0.73634 0.00000 0.23809 0.00734 0.02746 0.03901 0.29318 0.20891 0.08830 0.00114 0.01739 0.02564 0.02354 0.08742 0.00149 0.03345 0.93088 0.00000 0.04124 0.00000 0.00000 0.13522 0.14374
104.00000 16.00000 0.47623 0.83266 1.00000 0.62699 0.65385 0.59747 0.52266 0.50794 0.49749 0.45309 0.86297 0.60379 0.35897 0.65016 0.45163 0.99270 0.49318 0.34844 0.00000 0.63918 0.86469 1.00000 0.48537 0.47796
104.00000 17.00000 0.00000 0.00000 1.00000 1.00000 0.97191 0.92301 0.88065 1.00000 0.99812 0.95907 0.99854 0.87572 0.94872 0.89773 0.95977 0.99300 0.69101 0.07476 1.00000 0.92784 1.00000 1.00000 0.97040 0.96692
104.00000 18.00000 0.00001 0.00000 1.00000 1.00000 0.98082 0.92285 0.90160 1.00000 0.99812 0.95806 0.99842 0.88170 0.94872 0.91883 0.95997 0.99303 0.68603 0.08929 1.00000 0.90722 1.00000 1.00000 0.97074 0.97343
104.00000 19.00000 0.99986 0.99929 1.00000 0.00000 0.12732 0.27016 0.20901 0.00000 0.00188 0.00472 0.62730 0.26705 0.23077 0.46753 0.00264 0.99322 0.56361 0.41220 0.00000 0.26804 0.62791 1.00000 0.01648 0.01401
104.00000 20.00000 0.99982 0.99762 1.00000 0.00000 0.12383 0.28221 0.22877 0.00000 0.00188 0.00370 0.62711 0.27223 0.23077 0.44968 0.00447 0.99325 0.55260 0.41047 0.00000 0.29897 0.62791 1.00000 0.01884 0.01193
104.00000 21.00000 0.99978 0.99952 1.00000 0.00000 0.12493 0.28788 0.19928 0.00000 0.00125 0.00435 0.62703 0.26401 0.20513 0.45292 0.00315 0.99322 0.55169 0.41327 0.00000 0.26804 0.62791 1.00000 0.00605 0.01627
104.00000 22.00000 0.99977 0.99762 1.00000 0.00000 0.12365 0.27025 0.21787 0.00000 0.00125 0.00407 0.62717 0.27007 0.23077 0.46347 0.00477 0.99314 0.54349 0.42012 0.00000 0.27835 0.62791 1.00000 0.01211 0.01549
104.00000 23.00000 0.23808 0.29727 1.00000 0.59794 0.63585 0.66149 0.64869 0.61718 0.61418 0.59320 0.85240 0.64302 0.84615 0.72808 0.59216 0.99297 0.67560 0.15640 1.00000 0.65979 0.85412 1.00000 0.62294 0.62109
104.00000 24.00000 0.99976 0.99881 1.00000 0.00000 0.12585 0.28215 0.21059 0.00000 0.00125 0.00541 0.62709 0.26956 0.23077 0.45779 0.00464 0.99314 0.56217 0.41061 0.00000 0.27835 0.62791 1.00000 0.00841 0.01681
104.00000 25.00000 0.00003 0.00000 1.00000 1.00000 0.97861 0.90870 0.88469 1.00000 0.99812 0.95898 0.99854 0.87377 0.94872 0.89286 0.95911 0.99284 0.69007 0.07936 1.00000 0.89691 1.00000 1.00000 0.97141 0.97518
104.00000 26.00000 0.23816 0.29846 1.00000 0.59794 0.62732 0.68839 0.64350 0.61718 0.61418 0.59353 0.85238 0.64642 0.84615 0.73133 0.59309 0.99281 0.67877 0.15914 1.00000 0.67010 0.85412 1.00000 0.62227 0.62281
104.00000 27.00000 0.47608 0.83183 1.00000 0.62699 0.65816 0.63511 0.52355 0.50794 0.49812 0.45180 0.86301 0.59899 0.35897 0.63149 0.45291 0.99278 0.50237 0.36397 0.00000 0.62887 0.86469 1.00000 0.48066 0.48371
104.00000 28.00000 0.23815 0.29834 1.00000 0.59794 0.63154 0.67980 0.66598 0.61718 0.61418 0.59295 0.85238 0.64499 0.84615 0.71997 0.59216 0.99286 0.66658 0.15135 1.00000 0.67010 0.85412 1.00000 0.62126 0.62544
104.00000 29.00000 0.99979 0.99762 1.00000 0.00000 0.12447 0.26139 0.21518 0.00000 0.00188 0.00357 0.62711 0.26724 0.20513 0.45536 0.00303 0.99328 0.54637 0.40569 0.00000 0.27835 0.62791 1.00000 0.01884 0.01567
104.00000 30.00000 0.99998 0.99881 1.00000 0.00000 0.12640 0.26690 0.21528 0.00000 0.00125 0.00465 0.62711 0.26412 0.23077 0.44724 0.00257 0.99314 0.55801 0.40947 0.00000 0.26804 0.62791 1.00000 0.01783 0.00869
104.00000 31.00000 0.59511 0.73670 0.00000 0.23809 0.00808 0.02703 0.03545 0.29318 0.20891 0.08973 0.00124 0.00965 0.00000 0.01623 0.08854 0.00160 0.06485 0.91932 0.00000 0.03093 0.00000 0.00000 0.14295 0.13882
104.00000 32.00000 0.00004 0.00214 1.00000 1.00000 0.97870 0.92774 0.89670 1.00000 0.99812 0.96098 0.99852 0.88024 0.94872 0.88799 0.96073 0.99281 0.69668 0.07583 1.00000 0.91753 1.00000 1.00000 0.97107 0.97296
104.00000 33.00000 0.83315 0.99762 1.00000 0.06027 0.17725 0.31629 0.23624 0.14659 0.14492 0.13167 0.65017 0.29143 0.23077 0.44399 0.13182 0.99281 0.52098 0.37605 0.00000 0.32990 0.65116 1.00000 0.15775 0.15988
104.00000 34.00000 0.99993 0.99822 1.00000 0.00000 0.12796 0.29517 0.19025 0.00000 0.00125 0.00437 0.62707 0.26989 0.23077 0.45698 0.00364 0.99317 0.56347 0.40310 0.00000 0.27835 0.62791 1.00000 0.01076 0.01598
104.00000 35.00000 0.99979 0.99988 1.00000 0.00000 0.12043 0.26395 0.20127 0.00000 0.00125 0.00389 0.62715 0.26677 0.20513 0.44968 0.00408 0.99303 0.54784 0.42292 0.00000 0.28866 0.62791 1.00000 0.01581 0.01354
104.00000 36.00000 0.99986 0.99869 1.00000 0.00000 0.12236 0.27754 0.21326 0.00000 0.00125 0.00377 0.62711 0.26883 0.23077 0.45617 0.00367 0.99308 0.57342 0.40317 0.00000 0.26804 0.62791 1.00000 0.01648 0.01832
104.00000 37.00000 0.59518 0.73824 0.00000 0.23809 0.00744 0.03003 0.03305 0.29318 0.20891 0.09067 0.00114 0.01342 0.02564 0.03084 0.08634 0.00160 0.04040 0.92745 0.00000 0.03093 0.00000 0.00000 0.13959 0.13880
104.00000 38.00000 0.83328 0.99762 1.00000 0.06027 0.18239 0.29876 0.22162 0.14659 0.14429 0.13142 0.65009 0.29800 0.23077 0.44156 0.13297 0.99275 0.51319 0.39058 0.00000 0.29897 0.65116 1.00000 0.15809 0.15753
104.00000 39.00000 0.59512 0.73848 0.00000 0.23809 0.00496 0.02368 0.04475 0.29318 0.20891 0.08708 0.00116 0.00951 0.02564 0.01948 0.08573 0.00168 0.05511 0.93098 0.00000 0.03093 0.00000 0.00000 0.13589 0.14228
104.00000 40.00000 0.00001 0.00000 1.00000 1.00000 0.97586 0.90868 0.89249 1.00000 0.99812 0.95840 0.99852 0.87675 0.94872 0.88068 0.95972 0.99292 0.67882 0.06248 1.00000 0.90722 1.00000 1.00000 0.96872 0.96825
104.00000 41.00000 0.47624 0.83219 1.00000 0.62699 0.65807 0.61734 0.51582 0.50794 0.49812 0.45182 0.86314 0.59934 0.35897 0.63880 0.45420 0.99297 0.51023 0.34962 0.00000 0.61856 0.86469 1.00000 0.47898 0.48451
104.00000 42.00000 0.00003 0.00119 1.00000 1.00000 0.97880 0.93581 0.88829 1.00000 0.99812 0.95879 0.99848 0.87792 0.94872 0.89854 0.96107 0.99308 0.69209 0.07403 1.00000 0.92784 1.00000 1.00000 0.97343 0.97280
104.00000 43.00000 0.99996 0.99762 1.00000 0.00000 0.12640 0.25944 0.20466 0.00000 0.00125 0.00490 0.62717 0.26823 0.23077 0.45211 0.00452 0.99319 0.55683 0.39961 0.00000 0.25773 0.62791 1.00000 0.01514 0.01443
104.00000 44.00000 0.99979 0.99881 1.00000 0.00000 0.12264 0.27721 0.20725 0.00000 0.00188 0.00396 0.62707 0.26427 0.23077 0.45455 0.00425 0.99319 0.54899 0.39628 0.00000 0.28866 0.62791 1.00000 0.01379 0.01019
104.00000 45.00000 0.59523 0.73634 0.00000 0.23809 0.00487 0.02182 0.06074 0.29318 0.20891 0.08968 0.00122 0.01449 0.02564 0.02192 0.08798 0.00160 0.06569 0.92420 0.00000 0.03093 0.00000 0.00000 0.13387 0.13775
104.00000 46.00000 0.99979 0.99762 1.00000 0.00000 0.12236 0.28542 0.20257 0.00000 0.00188 0.00499 0.62724 0.26894 0.23077 0.47078 0.00474 0.99319 0.54375 0.40974 0.00000 0.26804 0.62791 1.00000 0.01446 0.01320
104.00000 47.00000 0.99978 0.99976 1.00000 0.00000 0.12502 0.28801 0.19959 0.00000 0.00188 0.00481 0.62696 0.27068 0.23077 0.45455 0.00393 0.99306 0.54507 0.40780 0.00000 0.26804 0.62791 1.00000 0.01043 0.02241
104.00000 48.00000 0.99996 0.99857 1.00000 0.00000 0.12383 0.28132 0.20951 0.00000 0.00125 0.00318 0.62713 0.26927 0.23077 0.44481 0.00296 0.99325 0.54907 0.41524 0.00000 0.24742 0.62791 1.00000 0.02052 0.01541
104.00000 49.00000 0.83323 0.99762 1.00000 0.06027 0.18469 0.29887 0.20476 0.14659 0.14429 0.12999 0.65005 0.29932 0.23077 0.43831 0.13160 0.99292 0.50824 0.39040 0.00000 0.31959 0.65116 1.00000 0.15943 0.15965
104.00000 50.00000 0.00002 0.00107 1.00000 1.00000 0.97824 0.92544 0.88596 1.00000 0.99749 0.95725 0.99840 0.87662 0.94872 0.89367 0.95816 0.99300 0.69692 0.07732 1.00000 0.89691 1.00000 1.00000 0.96704 0.97941
104.00000 51.00000 0.00004 0.00000 1.00000 1.00000 0.97714 0.91370 0.89893 1.00000 0.99812 0.95941 0.99863 0.87568 0.94872 0.88474 0.96009 0.99289 0.70455 0.07459 1.00000 0.89691 1.00000 1.00000 0.97175 0.97334
104.00000 52.00000 0.23803 0.29691 1.00000 0.59794 0.63200 0.67513 0.66103 0.61718 0.61481 0.59235 0.85234 0.65149 0.84615 0.73864 0.59226 0.99308 0.67254 0.15364 1.00000 0.69072 0.85412 1.00000 0.61890 0.61938
104.00000 53.00000 0.59515 0.73765 0.00000 0.23809 0.00762 0.03637 0.02560 0.29318 0.20891 0.08729 0.00116 0.01698 0.02564 0.03409 0.08898 0.00182 0.06156 0.93444 0.00000 0.04124 0.00000 0.00000 0.14161 0.13419
104.00000 54.00000 0.00004 0.00059 1.00000 1.00000 0.97705 0.90568 0.87861 1.00000 0.99812 0.96190 0.99842 0.87892 0.94872 0.89367 0.96043 0.99308 0.69248 0.07908 1.00000 0.89691 1.00000 1.00000 0.96905 0.97101
104.00000 55.00000 0.83328 1.00000 1.00000 0.06027 0.17946 0.30943 0.23603 0.14659 0.14429 0.13094 0.65000 0.28916 0.23077 0.43994 0.13055 0.99281 0.51295 0.38386 0.00000 0.31959 0.65116 1.00000 0.15540 0.16106
104.00000 56.00000 0.99979 0.99762 1.00000 0.00000 0.12796 0.29339 0.21590 0.00000 0.00188 0.00334 0.62709 0.26736 0.23077 0.44562 0.00376 0.99317 0.55440 0.40338 0.00000 0.26804 0.62791 1.00000 0.01581 0.01294
104.00000 57.00000 0.99988 0.99762 1.00000 0.00000 0.12374 0.27986 0.21482 0.00000 0.00125 0.00564 0.62717 0.27052 0.23077 0.45130 0.00484 0.99314 0.55388 0.40725 0.00000 0.26804 0.62791 1.00000 0.01648 0.01661
104.00000 58.00000 0.00000 0.00000 1.00000 1.00000 0.97384 0.89952 0.88721 1.00000 0.99812 0.96040 0.99863 0.88431 0.94872 0.90503 0.96170 0.99308 0.70166 0.06708 1.00000 0.92784 1.00000 1.00000 0.97175 0.97556
104.00000 59.00000 0.59518 0.73634 0.00000 0.23809 0.01395 0.02455 0.05226 0.29318 0.20891 0.08830 0.00116 0.01458 0.02564 0.03084 0.08730 0.00179 0.05377 0.94230 0.00000 0.02062 0.00000 0.00000 0.14464 0.13608
104.00000 60.00000 0.00003 0.00000 1.00000 1.00000 0.97301 0.90244 0.89562 1.00000 0.99812 0.95893 0.99848 0.87980 0.94872 0.89773 0.96153 0.99311 0.68442 0.07933 1.00000 0.90722 1.00000 1.00000 0.96872 0.97727
104.00000 61.00000 0.00003 0.00083 1.00000 1.00000 0.97962 0.91986 0.90791 1.00000 0.99812 0.96093 0.99846 0.87569 0.94872 0.89935 0.95960 0.99289 0.68716 0.07514 1.00000 0.92784 1.00000 1.00000 0.97645 0.97223
104.00000 62.00000 0.59520 0.73634 0.00000 0.23809 0.00845 0.03427 0.02774 0.29318 0.20891 0.08902 0.00127 0.01238 0.02564 0.03003 0.08781 0.00154 0.05766 0.92763 0.00000 0.03093 0.00000 0.00000 0.14094 0.14308
104.00000 63.00000 0.83336 0.99762 1.00000 0.06027 0.18267 0.31510 0.22248 0.14659 0.14429 0.13264 0.65011 0.29049 0.23077 0.44156 0.13182 0.99295 0.51713 0.39725 0.00000 0.31959 0.65116 1.00000 0.16313 0.15853
104.00000 64.00000 0.59525 0.73682 0.00000 0.23809 0.00523 0.03948 0.02789 0.29318 0.20891 0.08994 0.00112 0.01253 0.02564 0.02922 0.08708 0.00149 0.06721 0.93527 0.00000 0.03093 0.00000 0.00000 0.14026 0.14367
104.00000 65.00000 0.83316 0.99834 1.00000 0.06027 0.17845 0.29698 0.23259 0.14659 0.14429 0.13190 0.65013 0.29643 0.23077 0.46104 0.13256 0.99289 0.51201 0.38930 0.00000 0.30928 0.65116 1.00000 0.15910 0.15962
104.00000 66.00000 0.23805 0.29691 1.00000 0.59794 0.63163 0.68533 0.65142 0.61718 0.61418 0.59175 0.85253 0.65024 0.84615 0.72971 0.59258 0.99292 0.67766 0.14080 1.00000 0.69072 0.85412 1.00000 0.61857 0.62179
104.00000 67.00000 0.99994 0.99762 1.00000 0.00000 0.12080 0.28334 0.20086 0.00000 0.00188 0.00416 0.62717 0.26578 0.23077 0.45860 0.00403 0.99317 0.54281 0.40514 0.00000 0.26804 0.62791 1.00000 0.01749 0.01461
104.00000 68.00000 0.00005 0.00000 1.00000 1.00000 0.97549 0.89701 0.89365 1.00000 0.99812 0.95914 0.99857 0.88126 0.94872 0.88880 0.96051 0.99297 0.70693 0.08161 1.00000 0.90722 1.00000 1.00000 0.96872 0.97155
104.00000 69.00000 0.47620 0.83135 1.00000 0.62699 0.65880 0.62560 0.50863 0.50794 0.49812 0.45247 0.86301 0.59848 0.35897 0.65828 0.45239 0.99295 0.50049 0.36743 0.00000 0.62887 0.86469 1.00000 0.48537 0.48343
104.00000 70.00000 0.99989 0.99762 1.00000 0.00000 0.12970 0.27513 0.22231 0.00000 0.00125 0.00449 0.62713 0.26775 0.23077 0.46185 0.00418 0.99317 0.55844 0.39459 0.00000 0.27835 0.62791 1.00000 0.01581 0.01674
104.00000 71.00000 0.00000 0.00024 1.00000 1.00000 0.97824 0.92625 0.89809 1.00000 0.99812 0.96091 0.99854 0.87789 0.94872 0.89286 0.95992 0.99303 0.69974 0.07044 1.00000 0.93814 1.00000 1.00000 0.96973 0.97056
104.00000 72.00000 0.99992 0.99976 1.00000 0.00000 0.12796 0.26309 0.21326 0.00000 0.00125 0.00561 0.62713 0.27226 0.23077 0.45779 0.00467 0.99308 0.56082 0.40327 0.00000 0.26804 0.62791 1.00000 0.01648 0.01875
104.00000 73.00000 0.83335 0.99881 1.00000 0.06027 0.17946 0.30254 0.24321 0.14659 0.14429 0.13100 0.65015 0.29202 0.23077 0.43506 0.13182 0.99292 0.52014 0.39390 0.00000 0.30928 0.65116 1.00000 0.16078 0.15528
104.00000 74.00000 0.00004 0.00238 1.00000 1.00000 0.97769 0.91910 0.89302 1.00000 0.99812 0.95925 0.99865 0.88165 0.94872 0.90666 0.96034 0.99306 0.69029 0.07137 1.00000 0.89691 1.00000 1.00000 0.96737 0.97195
104.00000 75.00000 0.23814 0.29691 1.00000 0.59794 0.63622 0.68358 0.65046 0.61718 0.61418 0.59244 0.85238 0.64788 0.84615 0.73864 0.59211 0.99289 0.68127 0.14720 1.00000 0.68041 0.85412 1.00000 0.62361 0.62277
104.00000 76.00000 0.99992 0.99786 1.00000 0.00000 0.12741 0.29096 0.21064 0.00000 0.00125 0.00400 0.62711 0.27492 0.23077 0.45373 0.00313 0.99311 0.55715 0.40019 0.00000 0.26804 0.62791 1.00000 0.01446 0.01247
104.00000 77.00000 0.83318 0.99762 1.00000 0.06027 0.18322 0.33462 0.23293 0.14659 0.14429 0.13199 0.65017 0.28911 0.23077 0.45860 0.13248 0.99306 0.50908 0.38061 0.00000 0.31959 0.65116 1.00000 0.15002 0.15622
104.00000 78.00000 0.99979 0.99762 1.00000 0.00000 0.12117 0.26090 0.20725 0.00000 0.00188 0.00522 0.62719 0.27176 0.23077 0.45779 0.00389 0.99314 0.55707 0.40729 0.00000 0.27835 0.62791 1.00000 0.01480 0.01515
104.00000 79.00000 0.83327 0.99762 1.00000 0.06027 0.17946 0.27743 0.21609 0.14659 0.14429 0.13112 0.65013 0.28981 0.23077 0.44643 0.13046 0.99284 0.51598 0.39573 0.00000 0.30928 0.65116 1.00000 0.16011 0.15548
104.00000 80.00000 0.59530 0.73634 0.00000 0.23809 0.00964 0.02689 0.04362 0.29318 0.20891 0.08964 0.00124 0.01450 0.02564 0.03896 0.08776 0.00165 0.05463 0.92195 0.00000 0.05155 0.00000 0.00000 0.13589 0.14241
104.00000 81.00000 0.83319 0.99762 1.00000 0.06027 0.17955 0.31375 0.23144 0.14659 0.14429 0.13317 0.65024 0.29122 0.23077 0.44399 0.13146 0.99292 0.52038 0.37826 0.00000 0.29897 0.65116 1.00000 0.16044 0.16211
104.00000 82.00000 0.00003 0.00012 1.00000 1.00000 0.97366 0.90989 0.89768 1.00000 0.99749 0.95925 0.99854 0.87247 0.94872 0.89205 0.96058 0.99303 0.69118 0.07763 1.00000 0.90722 1.00000 1.00000 0.97444 0.97507
104.00000 83.00000 0.00000 0.00202 1.00000 1.00000 0.97724 0.90984 0.89610 1.00000 0.99812 0.96100 0.99857 0.87383 0.94872 0.89692 0.96012 0.99308 0.70051 0.07995 1.00000 0.91753 1.00000 1.00000 0.96771 0.97366
104.00000 84.00000 0.23802 0.29786 1.00000 0.59794 0.62952 0.68277 0.67069 0.61718 0.61418 0.59353 0.85246 0.65283 0.84615 0.74351 0.59272 0.99259 0.67798 0.14430 1.00000 0.68041 0.85412 1.00000 0.61823 0.61665
104.00000 85.00000 0.99984 0.99988 1.00000 0.00000 0.12383 0.28450 0.21410 0.00000 0.00125 0.00458 0.62715 0.27000 0.23077 0.46672 0.00393 0.99333 0.56924 0.40479 0.00000 0.26804 0.62791 1.00000 0.01615 0.01651
104.00000 86.00000 0.00002 0.00000 1.00000 1.00000 0.98036 0.92212 0.88901 1.00000 0.99812 0.95854 0.99857 0.87708 0.94872 0.90422 0.96158 0.99311 0.70301 0.07127 1.00000 0.90722 1.00000 1.00000 0.96771 0.97430
104.00000 87.00000 0.47621 0.83135 1.00000 0.62699 0.65440 0.61888 0.52369 0.50794 0.49749 0.45438 0.86306 0.60354 0.35897 0.64123 0.45418 0.99284 0.50511 0.35027 0.00000 0.62887 0.86469 1.00000 0.47730 0.48503
104.00000 88.00000 0.59511 0.73634 0.00000 0.23809 0.00789 0.03246 0.03843 0.29318 0.20891 0.08913 0.00120 0.01804 0.02564 0.02760 0.08713 0.00163 0.04809 0.93458 0.00000 0.03093 0.00000 0.00000 0.14464 0.14097
104.00000 89.00000 0.83334 0.99762 1.00000 0.06027 0.18331 0.31448 0.22529 0.14659 0.14429 0.13236 0.65013 0.29432 0.23077 0.45373 0.13351 0.99286 0.52488 0.39293 0.00000 0.29897 0.65116 1.00000 0.15439 0.16021
104.00000 90.00000 0.59529 0.73646 0.00000 0.23809 0.00909 0.02592 0.03519 0.29318 0.20891 0.08996 0.00118 0.01566 0.02564 0.03328 0.08683 0.00171 0.05389 0.91919 0.00000 0.05155 0.00000 0.00000 0.13959 0.14394
104.00000 91.00000 0.59530 0.73800 0.00000 0.23809 0.00808 0.02852 0.04977 0.29318 0.20891 0.09113 0.00114 0.01440 0.02564 0.02273 0.08805 0.00174 0.05329 0.92953 0.00000 0.03093 0.00000 0.00000 0.13690 0.14045
104.00000 92.00000 0.99979 0.99893 1.00000 0.00000 0.12328 0.27011 0.21835 0.00000 0.00188 0.00435 0.62713 0.26832 0.23077 0.45698 0.00359 0.99322 0.56369 0.41241 0.00000 0.26804 0.62791 1.00000 0.01715 0.01975
104.00000 93.00000 0.00003 0.00107 1.00000 1.00000 0.97632 0.92445 0.90616 1.00000 0.99812 0.95978 0.99850 0.87557 0.94872 0.88231 0.96134 0.99311 0.69127 0.06836 1.00000 0.90722 1.00000 1.00000 0.96435 0.97533
104.00000 94.00000 0.99986 0.99762 1.00000 0.00000 0.12943 0.27146 0.23692 0.00000 0.00125 0.00380 0.62722 0.26929 0.23077 0.46672 0.00447 0.99322 0.56143 0.39026 0.00000 0.27835 0.62791 1.00000 0.01446 0.01716
104.00000 95.00000 0.99982 0.99941 1.00000 0.00000 0.13191 0.27619 0.23744 0.00000 0.00125 0.00469 0.62722 0.27198 0.23077 0.45211 0.00352 0.99317 0.56559 0.39649 0.00000 0.28866 0.62791 1.00000 0.01951 0.01589
104.00000 96.00000 0.59514 0.73634 0.00000 0.23809 0.01588 0.02387 0.05536 0.29318 0.20891 0.08805 0.00116 0.01243 0.02564 0.03734 0.08925 0.00174 0.05937 0.93060 0.00000 0.05155 0.00000 0.00000 0.13656 0.14005
104.00000 97.00000 0.23805 0.29691 1.00000 0.59794 0.63154 0.68398 0.65971 0.61718 0.61418 0.59378 0.85249 0.65212 0.84615 0.73133 0.59338 0.99303 0.68904 0.14509 1.00000 0.68041 0.85412 1.00000 0.62126 0.62265
104.00000 98.00000 0.83328 0.99762 1.00000 0.06027 0.18313 0.29922 0.23317 0.14659 0.14429 0.13084 0.65019 0.29774 0.23077 0.45373 0.13341 0.99311 0.51540 0.38463 0.00000 0.30928 0.65116 1.00000 0.16011 0.16202
104.00000 99.00000 0.99987 0.99893 1.00000 0.00000 0.12989 0.27921 0.20243 0.00000 0.00125 0.00566 0.62722 0.27215 0.23077 0.45942 0.00447 0.99328 0.56729 0.40196 0.00000 0.26804 0.62791 1.00000 0.00740 0.01704
104.00000 100.00000 0.83334 0.99762 1.00000 0.06027 0.18083 0.31734 0.22784 0.14659 0.14429 0.13314 0.65030 0.29841 0.23077 0.45617 0.13226 0.99295 0.52425 0.37757 0.00000 0.31959 0.65116 1.00000 0.16583 0.16435
104.00000 101.00000 0.23815 0.29703 1.00000 0.59794 0.63154 0.68155 0.67434 0.61718 0.61418 0.59403 0.85251 0.65030 0.84615 0.74188 0.59255 0.99289 0.67952 0.15782 1.00000 0.65979 0.85412 1.00000 0.62462 0.62008
104.00000 102.00000 0.23807 0.29691 1.00000 0.59794 0.63007 0.69155 0.64102 0.61718 0.61418 0.59396 0.85253 0.64752 0.84615 0.73539 0.59394 0.99286 0.68209 0.15685 1.00000 0.68041 0.85412 1.00000 0.62227 0.62560
104.00000 103.00000 0.99978 0.99762 1.00000 0.00000 0.12310 0.29557 0.22664 0.00000 0.00188 0.00416 0.62724 0.27254 0.23077 0.45942 0.00511 0.99330 0.57119 0.39722 0.00000 0.27835 0.62791 1.00000 0.01850 0.01882
104.00000 104.00000 0.59515 0.73824 0.00000 0.23809 0.00918 0.03170 0.03958 0.29318 0.20891 0.08987 0.00129 0.01785 0.02564 0.03490 0.08815 0.00176 0.04535 0.91984 0.00000 0.03093 0.00000 0.00000 0.13892 0.14269
104.00000 105.00000 0.59520 0.73634 0.00000 0.23809 0.00789 0.02700 0.04230 0.29318 0.20891 0.09037 0.00120 0.02235 0.02564 0.03896 0.08893 0.00179 0.05882 0.91922 0.00000 0.03093 0.00000 0.00000 0.14127 0.13818
104.00000 106.00000 0.83322 0.99762 1.00000 0.06027 0.18093 0.30484 0.23992 0.14659 0.14492 0.13314 0.65032 0.29984 0.23077 0.45617 0.13307 0.99314 0.52615 0.38511 0.00000 0.31959 0.65116 1.00000 0.15473 0.16350
104.00000 107.00000 0.99981 0.99762 1.00000 0.00000 0.12713 0.27313 0.23315 0.00000 0.00125 0.00294 0.62722 0.27214 0.23077 0.45942 0.00543 0.99325 0.56510 0.40199 0.00000 0.28866 0.62791 1.00000 0.01413 0.01770
104.00000 108.00000 0.23823 0.29691 1.00000 0.59794 0.63026 0.67750 0.66972 0.61718 0.61418 0.59590 0.85253 0.65120 0.84615 0.73945 0.59380 0.99300 0.69238 0.14443 1.00000 0.67010 0.85412 1.00000 0.62731 0.62628
104.00000 109.00000 0.59522 0.73777 0.00000 0.23809 0.00909 0.02879 0.02147 0.29318 0.20891 0.09017 0.00135 0.02085 0.02564 0.02192 0.08810 0.00176 0.06100 0.92143 0.00000 0.02062 0.00000 0.00000 0.13925 0.13299
104.00000 110.00000 0.59518 0.73812 0.00000 0.23809 0.01147 0.02781 0.04124 0.29318 0.20891 0.08978 0.00122 0.01962 0.02564 0.03328 0.08859 0.00187 0.05771 0.91621 0.00000 0.04124 0.00000 0.00000 0.13757 0.14107
104.00000 111.00000 0.59522 0.73812 0.00000 0.23809 0.00863 0.04118 0.04045 0.29318 0.20891 0.09065 0.00120 0.01692 0.00000 0.03003 0.08752 0.00187 0.05317 0.91019 0.00000 0.04124 0.00000 0.00000 0.13724 0.14046
104.00000 112.00000 0.83332 0.99810 1.00000 0.06027 0.18184 0.30343 0.24249 0.14659 0.14429 0.13333 0.65034 0.29559 0.23077 0.45455 0.13212 0.99300 0.51987 0.38013 0.00000 0.29897 0.65116 1.00000 0.15674 0.16514
104.00000 113.00000 0.23817 0.29691 1.00000 0.59794 0.63090 0.71128 0.65666 0.61718 0.61418 0.59424 0.85255 0.65544 0.84615 0.72808 0.59551 0.99317 0.67713 0.13962 1.00000 0.65979 0.85412 1.00000 0.62328 0.62367
104.00000 114.00000 0.00005 0.00000 1.00000 1.00000 0.97870 0.91915 0.90832 1.00000 0.99812 0.96077 0.99861 0.87935 0.94872 0.90666 0.96180 0.99314 0.70508 0.07479 1.00000 0.91753 1.00000 1.00000 0.97275 0.97321
104.00000 115.00000 0.23812 0.29857 1.00000 0.59794 0.62695 0.69570 0.66917 0.61718 0.61418 0.59592 0.85246 0.65886 0.84615 0.72971 0.59553 0.99319 0.67930 0.13288 1.00000 0.69072 0.85412 1.00000 0.62328 0.62291
104.00000 116.00000 0.59520 0.73848 0.00000 0.23809 0.01083 0.05455 0.03430 0.29318 0.20891 0.08941 0.00120 0.02325 0.02564 0.03166 0.08752 0.00187 0.05050 0.92078 0.00000 0.04124 0.00000 0.00000 0.13589 0.14089
104.00000 117.00000 0.23818 0.29810 1.00000 0.59794 0.63026 0.66940 0.66283 0.61718 0.61418 0.59493 0.85263 0.65108 0.84615 0.74107 0.59482 0.99308 0.69178 0.14672 1.00000 0.68041 0.85412 1.00000 0.62328 0.62768
104.00000 118.00000 0.23813 0.29691 1.00000 0.59794 0.63246 0.68474 0.66242 0.61718 0.61418 0.59484 0.85255 0.64905 0.84615 0.74107 0.59590 0.99319 0.67733 0.14447 1.00000 0.68041 0.85412 1.00000 0.62328 0.61954
104.00000 119.00000 0.00001 0.00000 1.00000 1.00000 0.97852 0.92950 0.90056 1.00000 0.99812 0.96358 0.99861 0.88823 0.94872 0.90828 0.96361 0.99325 0.70491 0.06621 1.00000 0.93814 1.00000 1.00000 0.97208 0.97056
104.00000 120.00000 0.47609 0.83290 1.00000 0.62699 0.65486 0.63611 0.52924 0.50794 0.49812 0.45497 0.86320 0.60685 0.35897 0.65828 0.45445 0.99297 0.51793 0.34865 0.00000 0.63918 0.86469 1.00000 0.48268 0.49033
104.00000 121.00000 0.59524 0.73634 0.00000 0.23809 0.00991 0.02941 0.03492 0.29318 0.20891 0.09051 0.00141 0.01761 0.02564 0.02760 0.08805 0.00193 0.04828 0.92860 0.00000 0.05155 0.00000 0.00000 0.13925 0.14308
104.00000 122.00000 0.83315 0.99762 1.00000 0.06027 0.18524 0.31548 0.23341 0.14659 0.14429 0.13409 0.65038 0.30535 0.23077 0.46104 0.13151 0.99314 0.51663 0.37902 0.00000 0.32990 0.65116 1.00000 0.15809 0.15730
104.00000 123.00000 0.59519 0.73634 0.00000 0.23809 0.00845 0.05460 0.02702 0.29318 0.20891 0.09083 0.00137 0.02127 0.02564 0.04383 0.08852 0.00187 0.07577 0.92088 0.00000 0.04124 0.00000 0.00000 0.13993 0.14404
104.00000 124.00000 0.00005 0.00000 1.00000 1.00000 0.98357 0.90417 0.89852 1.00000 0.99812 0.96266 0.99861 0.88167 0.94872 0.89529 0.96366 0.99328 0.69334 0.06210 1.00000 0.92784 1.00000 1.00000 0.96872 0.97798
104.00000 125.00000 0.83329 0.99834 1.00000 0.06027 0.18405 0.31931 0.22784 0.14659 0.14492 0.13459 0.65045 0.30391 0.23077 0.45536 0.13349 0.99325 0.53007 0.37539 0.00000 0.32990 0.65116 1.00000 0.15977 0.16314
104.00000 126.00000 0.83320 0.99762 1.00000 0.06027 0.17900 0.32169 0.21609 0.14659 0.14429 0.13501 0.65019 0.29663 0.23077 0.45860 0.13400 0.99333 0.53740 0.37850 0.00000 0.29897 0.65116 1.00000 0.15775 0.16291
104.00000 127.00000 0.83336 0.99881 1.00000 0.06027 0.18276 0.29620 0.23612 0.14659 0.14429 0.13540 0.65053 0.29943 0.23077 0.45292 0.13388 0.99325 0.54029 0.38130 0.00000 0.30928 0.65116 1.00000 0.15910 0.15674
104.00000 128.00000 0.23820 0.29691 1.00000 0.59794 0.63172 0.68023 0.66754 0.61718 0.61418 0.59532 0.85257 0.65480 0.84615 0.74026 0.59617 0.99314 0.67497 0.14412 1.00000 0.69072 0.85412 1.00000 0.61924 0.62269
104.00000 129.00000 0.99989 0.99762 1.00000 0.00000 0.12695 0.28877 0.22599 0.00000 0.00125 0.00502 0.62745 0.26893 0.23077 0.45536 0.00609 0.99336 0.57758 0.38878 0.00000 0.28866 0.62791 1.00000 0.01816 0.01415
104.00000 130.00000 0.47623 0.83135 1.00000 0.62699 0.65724 0.64848 0.53316 0.50794 0.49749 0.45654 0.86329 0.61603 0.35897 0.65260 0.45567 0.99308 0.52264 0.34377 0.00000 0.62887 0.86469 1.00000 0.48234 0.48502
104.00000 131.00000 0.59524 0.73705 0.00000 0.23809 0.01120 0.03348 0.05500 0.29318 0.20954 0.09118 0.00146 0.01546 0.02564 0.03734 0.08940 0.00182 0.08315 0.92230 0.00000 0.04124 0.00000 0.00000 0.13791 0.14052
104.00000 132.00000 0.47611 0.83135 1.00000 0.62699 0.66119 0.63773 0.55047 0.50794 0.49812 0.45847 0.86344 0.60470 0.38462 0.65179 0.45669 0.99322 0.51487 0.34263 0.00000 0.63918 0.86469 1.00000 0.48402 0.49233
104.00000 133.00000 0.59526 0.73634 0.00000 0.23809 0.01074 0.04736 0.02877 0.29318 0.20891 0.09053 0.00148 0.02511 0.02564 0.03815 0.08874 0.00198 0.07178 0.92040 0.00000 0.03093 0.00000 0.00000 0.14161 0.13746
104.00000 134.00000 0.99977 0.99869 1.00000 0.00000 0.12594 0.29760 0.22296 0.00000 0.00188 0.00612 0.62732 0.27553 0.23077 0.46510 0.00584 0.99339 0.58922 0.39248 0.00000 0.27835 0.62791 1.00000 0.01009 0.01782
104.00000 135.00000 0.99983 0.99762 1.00000 0.00000 0.12530 0.29425 0.21508 0.00000 0.00125 0.00582 0.62738 0.27793 0.23077 0.47646 0.00562 0.99339 0.57191 0.38860 0.00000 0.29897 0.62791 1.00000 0.00841 0.02006
104.00000 136.00000 0.59516 0.73646 0.00000 0.23809 0.00845 0.04393 0.06057 0.29318 0.20891 0.09060 0.00146 0.01889 0.02564 0.02922 0.08962 0.00198 0.06877 0.91320 0.00000 0.04124 0.00000 0.00000 0.14161 0.13701
104.00000 137.00000 0.47610 0.83266 1.00000 0.62699 0.66101 0.64524 0.53102 0.50794 0.49812 0.45891 0.86331 0.61647 0.38462 0.65584 0.45686 0.99322 0.53050 0.34010 0.00000 0.61856 0.86469 1.00000 0.48739 0.48280
104.00000 138.00000 0.99986 0.99762 1.00000 0.00000 0.12163 0.29306 0.23879 0.00000 0.00188 0.00377 0.62734 0.27846 0.23077 0.47403 0.00540 0.99347 0.57677 0.38393 0.00000 0.29897 0.62791 1.00000 0.01951 0.01316
104.00000 139.00000 0.00002 0.00000 1.00000 1.00000 0.98182 0.90932 0.89602 1.00000 0.99749 0.96480 0.99869 0.88257 0.94872 0.91071 0.96557 0.99314 0.71090 0.05663 1.00000 0.93814 1.00000 1.00000 0.96939 0.98016
104.00000 140.00000 0.00007 0.00000 1.00000 1.00000 0.98219 0.92283 0.90926 1.00000 0.99812 0.96572 0.99873 0.88333 0.94872 0.89529 0.96576 0.99319 0.71994 0.07044 1.00000 0.91753 1.00000 1.00000 0.97578 0.97488
104.00000 141.00000 0.47626 0.83135 1.00000 0.62699 0.65807 0.63443 0.53104 0.50794 0.49749 0.45638 0.86337 0.61063 0.38462 0.65179 0.45574 0.99325 0.53103 0.34536 0.00000 0.63918 0.86469 1.00000 0.48032 0.48291
104.00000 142.00000 0.99986 0.99762 1.00000 0.00000 0.12649 0.27651 0.23886 0.00000 0.00125 0.00651 0.62743 0.27798 0.23077 0.47321 0.00552 0.99347 0.59697 0.38622 0.00000 0.27835 0.62791 1.00000 0.02220 0.01241
104.00000 143.00000 0.23808 0.29691 1.00000 0.59794 0.63172 0.69705 0.65560 0.61718 0.61418 0.59663 0.85272 0.65261 0.84615 0.74107 0.59783 0.99333 0.69161 0.13606 1.00000 0.70103 0.85412 1.00000 0.62193 0.62900
104.00000 144.00000 0.47613 0.83159 1.00000 0.62699 0.66339 0.65674 0.53205 0.50794 0.49812 0.45905 0.86354 0.60755 0.38462 0.66477 0.45794 0.99333 0.54099 0.32146 0.00000 0.62887 0.86469 1.00000 0.48638 0.48055
104.00000 145.00000 0.83333 0.99988 1.00000 0.06027 0.18249 0.32922 0.24537 0.14659 0.14429 0.13363 0.65053 0.30553 0.25641 0.45049 0.13451 0.99333 0.53733 0.36408 0.00000 0.31959 0.65116 1.00000 0.15809 0.15726
104.00000 146.00000 0.23804 0.29691 1.00000 0.59794 0.63081 0.67615 0.67314 0.61718 0.61418 0.59711 0.85276 0.66173 0.84615 0.73701 0.59715 0.99344 0.68988 0.12721 1.00000 0.68041 0.85412 1.00000 0.62664 0.63414
104.00000 147.00000 0.99977 0.99869 1.00000 0.00000 0.12172 0.29042 0.22320 0.00000 0.00125 0.00674 0.62730 0.27873 0.23077 0.47159 0.00547 0.99350 0.59035 0.39760 0.00000 0.27835 0.62791 1.00000 0.01076 0.02021
104.00000 148.00000 0.83329 0.99857 1.00000 0.06027 0.18111 0.32698 0.25784 0.14659 0.14429 0.13604 0.65057 0.30148 0.25641 0.46023 0.13539 0.99350 0.56126 0.37134 0.00000 0.31959 0.65116 1.00000 0.15473 0.16347
104.00000 149.00000 0.59530 0.73658 0.00000 0.23809 0.00973 0.05757 0.05479 0.29318 0.20891 0.09053 0.00154 0.02055 0.02564 0.05276 0.08964 0.00204 0.07726 0.91773 0.00000 0.06186 0.00000 0.00000 0.14329 0.13618
104.00000 150.00000 0.47609 0.83135 1.00000 0.62699 0.65247 0.65520 0.53479 0.50794 0.49812 0.46119 0.86358 0.61340 0.38462 0.67370 0.46034 0.99344 0.53447 0.31353 0.00000 0.64948 0.86469 1.00000 0.48436 0.48575
104.00000 151.00000 0.23813 0.29715 1.00000 0.59794 0.63283 0.68631 0.66108 0.61718 0.61418 0.59958 0.85295 0.66078 0.84615 0.74107 0.60003 0.99344 0.70996 0.12676 1.00000 0.67010 0.85412 1.00000 0.63202 0.62799
104.00000 152.00000 0.00006 0.00000 1.00000 1.00000 0.98118 0.92817 0.91113 1.00000 0.99812 0.96899 0.99886 0.89086 0.94872 0.91558 0.96879 0.99339 0.73179 0.06404 1.00000 0.92784 1.00000 1.00000 0.97713 0.98006
104.00000 153.00000 0.99990 0.99774 1.00000 0.00000 0.12557 0.29503 0.23704 0.00000 0.00188 0.00670 0.62745 0.27746 0.23077 0.47403 0.00738 0.99358 0.60846 0.38681 0.00000 0.28866 0.62791 1.00000 0.01615 0.01890
104.00000 154.00000 0.99997 0.99762 1.00000 0.00000 0.12842 0.29393 0.25678 0.00000 0.00125 0.00812 0.62743 0.28166 0.25641 0.47565 0.00679 0.99369 0.61043 0.37065 0.00000 0.27835 0.62791 1.00000 0.01917 0.02065
104.00000 155.00000 0.99986 0.99762 1.00000 0.00000 0.12695 0.29309 0.24210 0.00000 0.00188 0.00897 0.62741 0.28269 0.23077 0.48620 0.00709 0.99358 0.60009 0.38376 0.00000 0.27835 0.62791 1.00000 0.02186 0.01615
104.00000 156.00000 0.00005 0.00000 1.00000 1.00000 0.97696 0.92318 0.89444 1.00000 0.99812 0.97007 0.99886 0.89564 0.94872 0.91883 0.97163 0.99336 0.74543 0.05158 1.00000 0.92784 1.00000 1.00000 0.97511 0.97607
104.00000 157.00000 0.99988 0.99964 1.00000 0.00000 0.12741 0.26792 0.23975 0.00000 0.00125 0.00522 0.62745 0.28353 0.25641 0.48214 0.00787 0.99361 0.61122 0.38117 0.00000 0.27835 0.62791 1.00000 0.01783 0.01590
104.00000 158.00000 0.99991 0.99822 1.00000 0.00000 0.12456 0.29228 0.22745 0.00000 0.00125 0.00644 0.62749 0.28417 0.25641 0.47727 0.00594 0.99361 0.60694 0.37937 0.00000 0.27835 0.62791 1.00000 0.01211 0.01434
104.00000 159.00000 0.83316 0.99762 1.00000 0.06027 0.18524 0.30716 0.23360 0.14659 0.14492 0.13754 0.65074 0.30856 0.25641 0.47321 0.13703 0.99380 0.56441 0.36027 0.00000 0.32990 0.65116 1.00000 0.16011 0.16387
104.00000 160.00000 0.47618 0.83302 1.00000 0.62699 0.65834 0.65698 0.52939 0.50794 0.49812 0.46206 0.86375 0.62028 0.38462 0.67451 0.46153 0.99377 0.56938 0.33848 0.00000 0.64948 0.86469 1.00000 0.49243 0.49194
104.00000 161.00000 0.83316 0.99762 1.00000 0.06027 0.18340 0.32768 0.25142 0.14659 0.14429 0.13828 0.65081 0.31334 0.25641 0.46916 0.13671 0.99394 0.56304 0.37342 0.00000 0.30928 0.65116 1.00000 0.16145 0.16312
104.00000 162.00000 0.59510 0.73694 0.00000 0.23809 0.01579 0.04593 0.03723 0.29318 0.20891 0.09433 0.00167 0.03026 0.02564 0.06006 0.09106 0.00220 0.09296 0.91099 0.00000 0.03093 0.00000 0.00000 0.13959 0.14045
104.00000 163.00000 0.83336 0.99929 1.00000 0.06027 0.18102 0.32741 0.25498 0.14659 0.14429 0.13770 0.65078 0.31192 0.25641 0.47646 0.13493 0.99386 0.56352 0.36020 0.00000 0.31959 0.65116 1.00000 0.15910 0.16145
104.00000 164.00000 0.47627 0.83135 1.00000 0.62699 0.65531 0.65974 0.52283 0.50794 0.49812 0.46195 0.86380 0.61578 0.38462 0.67532 0.46073 0.99366 0.54034 0.31948 0.00000 0.63918 0.86469 1.00000 0.48840 0.49485
104.00000 165.00000 0.47623 0.83135 1.00000 0.62699 0.66000 0.66025 0.51870 0.50794 0.49749 0.46144 0.86371 0.61384 0.38462 0.66964 0.46168 0.99372 0.55181 0.33246 0.00000 0.62887 0.86469 1.00000 0.48066 0.49042
104.00000 166.00000 0.23808 0.29905 1.00000 0.59794 0.63448 0.69867 0.66641 0.61718 0.61418 0.60250 0.85312 0.66721 0.84615 0.75568 0.60365 0.99377 0.72968 0.13281 1.00000 0.69072 0.85412 1.00000 0.62698 0.62654
104.00000 167.00000 0.99989 0.99762 1.00000 0.00000 0.12915 0.29579 0.23319 0.00000 0.00125 0.00927 0.62768 0.29301 0.25641 0.49675 0.00767 0.99397 0.62294 0.36992 0.00000 0.29897 0.62791 1.00000 0.01749 0.01512
104.00000 168.00000 0.83319 0.99762 1.00000 0.06027 0.18717 0.33959 0.22853 0.14659 0.14429 0.14055 0.65083 0.31460 0.25641 0.46185 0.13789 0.99399 0.57751 0.35678 0.00000 0.31959 0.65116 1.00000 0.16683 0.16028
104.00000 169.00000 0.47625 0.83135 1.00000 0.62699 0.66055 0.65914 0.55593 0.50794 0.49812 0.46429 0.86384 0.62914 0.38462 0.67289 0.46200 0.99391 0.54986 0.33360 0.00000 0.65979 0.86469 1.00000 0.49243 0.48654
104.00000 170.00000 0.00003 0.00000 1.00000 1.00000 0.98577 0.94262 0.91106 1.00000 0.99812 0.97412 0.99899 0.90512 0.94872 0.94237 0.97436 0.99355 0.74090 0.06082 1.00000 0.92784 1.00000 1.00000 0.98419 0.98316
104.00000 171.00000 0.00004 0.00036 1.00000 1.00000 0.98054 0.93719 0.92016 1.00000 0.99812 0.97610 0.99907 0.90809 0.97436 0.93588 0.97705 0.99369 0.75949 0.06099 1.00000 0.92784 1.00000 1.00000 0.97881 0.97916
104.00000 172.00000 0.59527 0.73634 0.00000 0.23809 0.00845 0.05954 0.05555 0.29318 0.20891 0.09424 0.00169 0.03167 0.02564 0.05357 0.09302 0.00240 0.10215 0.89134 0.00000 0.06186 0.00000 0.00000 0.14060 0.14835
104.00000 173.00000 0.83313 0.99964 1.00000 0.06027 0.17946 0.32285 0.25330 0.14659 0.14429 0.13924 0.65095 0.32429 0.25641 0.48295 0.13903 0.99410 0.59030 0.34083 0.00000 0.32990 0.65116 1.00000 0.16112 0.16075
104.00000 174.00000 0.99989 0.99762 1.00000 0.00000 0.12796 0.31224 0.23831 0.00000 0.00188 0.00780 0.62774 0.29757 0.25641 0.49919 0.00938 0.99388 0.63681 0.35844 0.00000 0.29897 0.62791 1.00000 0.01850 0.01571
104.00000 175.00000 0.83321 0.99929 1.00000 0.06027 0.18836 0.35247 0.24830 0.14659 0.14429 0.14032 0.65106 0.32212 0.25641 0.48864 0.14035 0.99424 0.59408 0.34553 0.00000 0.32990 0.65116 1.00000 0.15943 0.15799
104.00000 176.00000 0.00001 0.00000 1.00000 1.00000 0.98586 0.94383 0.92886 1.00000 0.99812 0.97598 0.99911 0.90425 0.97436 0.93263 0.97996 0.99375 0.75129 0.04933 1.00000 0.93814 1.00000 1.00000 0.97713 0.98390
104.00000 177.00000 0.23813 0.29857 1.00000 0.59794 0.63907 0.71204 0.68980 0.61718 0.61418 0.60629 0.85329 0.67633 0.87179 0.76705 0.60497 0.99399 0.73170 0.10617 1.00000 0.71134 0.85412 1.00000 0.62294 0.63241
104.00000 178.00000 0.83318 0.99762 1.00000 0.06027 0.18405 0.34086 0.24871 0.14659 0.14429 0.13924 0.65106 0.32453 0.25641 0.49513 0.14013 0.99435 0.59620 0.34830 0.00000 0.31959 0.65116 1.00000 0.16347 0.16295
104.00000 179.00000 0.83314 0.99762 1.00000 0.06027 0.18414 0.33222 0.26944 0.14659 0.14429 0.13979 0.65127 0.31976 0.25641 0.48945 0.13938 0.99427 0.60661 0.34373 0.00000 0.34021 0.65116 1.00000 0.16717 0.16173
104.00000 180.00000 0.47616 0.83135 1.00000 0.62699 0.66064 0.66236 0.55494 0.50794 0.49812 0.46807 0.86420 0.62723 0.38462 0.69886 0.46630 0.99427 0.58982 0.32204 0.00000 0.65979 0.86469 1.00000 0.49008 0.49339
104.00000 181.00000 0.83336 0.99762 1.00000 0.06027 0.18010 0.33783 0.25788 0.14659 0.14429 0.13830 0.65121 0.32916 0.28205 0.47808 0.13928 0.99438 0.59668 0.34346 0.00000 0.35052 0.65116 1.00000 0.16414 0.16096
104.00000 182.00000 0.00001 0.00000 1.00000 1.00000 0.98724 0.94491 0.93469 1.00000 0.99812 0.98127 0.99928 0.91406 0.97436 0.95292 0.98196 0.99391 0.78746 0.04155 1.00000 0.94845 1.00000 1.00000 0.98217 0.99489
104.00000 183.00000 0.99988 0.99762 1.00000 0.00000 0.12796 0.29447 0.26449 0.00000 0.00188 0.01024 0.62789 0.30631 0.25641 0.51461 0.00987 0.99430 0.65549 0.35844 0.00000 0.30928 0.62791 1.00000 0.02388 0.01633
104.00000 184.00000 0.23801 0.29691 1.00000 0.59794 0.63815 0.70661 0.71140 0.61718 0.61481 0.61018 0.85365 0.69070 0.87179 0.78328 0.61017 0.99443 0.76680 0.11157 1.00000 0.71134 0.85412 1.00000 0.62563 0.64477
104.00000 185.00000 0.59520 0.73753 0.00000 0.23809 0.01157 0.05727 0.05630 0.29318 0.20891 0.09576 0.00192 0.04653 0.02564 0.06006 0.09477 0.00281 0.10669 0.88196 0.00000 0.05155 0.00000 0.00000 0.14262 0.14794
104.00000 186.00000 0.00005 0.00036 1.00000 1.00000 0.98889 0.95391 0.93409 1.00000 0.99812 0.98277 0.99926 0.91818 0.97436 0.94643 0.98289 0.99394 0.78640 0.04414 1.00000 0.93814 1.00000 1.00000 0.98789 0.98482
104.00000 187.00000 0.23804 0.29691 1.00000 0.59794 0.63053 0.69616 0.69242 0.61718 0.61481 0.61002 0.85375 0.68894 0.87179 0.78977 0.61051 0.99465 0.76594 0.10289 1.00000 0.70103 0.85412 1.00000 0.63539 0.63679
104.00000 188.00000 0.23821 0.29881 1.00000 0.59794 0.63861 0.71280 0.70191 0.61718 0.61418 0.60970 0.85377 0.68249 0.87179 0.77841 0.60973 0.99465 0.76798 0.10171 1.00000 0.71134 0.85412 1.00000 0.63337 0.63260
104.00000 189.00000 0.99980 0.99762 1.00000 0.00000 0.12732 0.30314 0.26449 0.00000 0.00188 0.01378 0.62806 0.31097 0.28205 0.53084 0.01085 0.99438 0.67071 0.33612 0.00000 0.30928 0.62791 1.00000 0.02186 0.01838
104.00000 190.00000 0.83333 0.99762 1.00000 0.06027 0.18496 0.36138 0.28041 0.14659 0.14492 0.14265 0.65150 0.33692 0.28205 0.49919 0.14375 0.99493 0.62767 0.33042 0.00000 0.35052 0.65116 1.00000 0.16852 0.16653
104.00000 191.00000 0.47606 0.83230 1.00000 0.62699 0.66440 0.68795 0.55718 0.50794 0.49875 0.47304 0.86464 0.64865 0.41026 0.69886 0.47165 0.99490 0.61084 0.29451 1.00000 0.65979 0.86469 1.00000 0.49714 0.49721
104.00000 192.00000 0.23813 0.29869 1.00000 0.59794 0.64329 0.74131 0.69884 0.61718 0.61481 0.61221 0.85386 0.69433 0.87179 0.80032 0.61125 0.99482 0.77911 0.09801 1.00000 0.70103 0.85412 1.00000 0.63370 0.63343
104.00000 193.00000 0.83315 0.99774 1.00000 0.06027 0.18717 0.35660 0.29074 0.14659 0.14492 0.14566 0.65169 0.33912 0.28205 0.50000 0.14407 0.99504 0.64135 0.31762 0.00000 0.36082 0.65116 1.00000 0.17121 0.16810
104.00000 194.00000 0.99987 0.99846 1.00000 0.00000 0.13255 0.32277 0.27321 0.00000 0.00188 0.01307 0.62817 0.32139 0.28205 0.54221 0.01383 0.99457 0.67783 0.32568 0.00000 0.30928 0.62791 1.00000 0.02085 0.02227
104.00000 195.00000 0.99982 0.99762 1.00000 0.00000 0.13172 0.31836 0.28402 0.00000 0.00125 0.01397 0.62827 0.31934 0.30769 0.54221 0.01300 0.99479 0.69789 0.33543 0.00000 0.29897 0.62791 1.00000 0.02556 0.01463
104.00000 196.00000 0.59527 0.73717 0.00000 0.23809 0.01560 0.07615 0.07667 0.29318 0.20891 0.09845 0.00236 0.04672 0.02564 0.07711 0.09705 0.00322 0.13257 0.87186 0.00000 0.08247 0.00000 0.00000 0.14329 0.14232
104.00000 197.00000 0.83316 0.99762 1.00000 0.06027 0.18854 0.36384 0.29115 0.14659 0.14492 0.14559 0.65182 0.34157 0.28205 0.51948 0.14629 0.99534 0.66814 0.32049 0.00000 0.37113 0.65116 1.00000 0.17020 0.16491
104.00000 198.00000 0.00003 0.00000 1.00000 1.00000 0.98384 0.95577 0.95814 1.00000 0.99812 0.99080 0.99970 0.93347 0.97436 0.96429 0.99237 0.99454 0.81547 0.02923 1.00000 0.96907 1.00000 1.00000 0.98890 0.99394
104.00000 199.00000 0.99996 0.99762 1.00000 0.00000 0.13117 0.30624 0.29446 0.00000 0.00188 0.01606 0.62829 0.32162 0.30769 0.53653 0.01515 0.99474 0.69757 0.31658 0.00000 0.32990 0.62791 1.00000 0.02355 0.02444
104.00000 200.00000 0.23815 0.29846 1.00000 0.59794 0.63934 0.73532 0.71466 0.61718 0.61481 0.61660 0.85428 0.70957 0.87179 0.81006 0.61887 0.99534 0.81581 0.10306 1.00000 0.72165 0.85412 1.00000 0.63068 0.64257
104.00000 201.00000 0.00003 0.00000 1.00000 1.00000 0.98513 0.94867 0.95381 1.00000 0.99812 0.99443 0.99970 0.93761 0.97436 0.96510 0.99624 0.99438 0.83298 0.00879 1.00000 0.97938 1.00000 1.00000 0.98890 0.99211
104.00000 202.00000 0.59512 0.73634 0.00000 0.23809 0.01799 0.06975 0.08642 0.29318 0.20891 0.09976 0.00238 0.05163 0.05128 0.07386 0.09688 0.00336 0.14021 0.84899 0.00000 0.06186 0.00000 0.00000 0.14901 0.14931
104.00000 203.00000 0.23802 0.29691 1.00000 0.59794 0.64366 0.73607 0.72850 0.61718 0.61481 0.62217 0.85447 0.71187 0.89744 0.81656 0.61983 0.99570 0.80799 0.09358 1.00000 0.74227 0.85412 1.00000 0.63639 0.63989
