19.00000 1.00000 0.23819 0.29691 1.00000 0.59794 0.63318 0.69573 0.69237 0.61718 0.61509 0.61484 0.85324 0.65308 0.89189 0.72883 0.61428 0.99330 0.70143 0.11171 1.00000 0.68750 0.85412 1.00000 0.62997 0.63334
19.00000 2.00000 0.99989 0.99762 1.00000 0.00000 0.12909 0.28308 0.23309 0.00000 0.00063 0.00716 0.62804 0.28203 0.24324 0.47150 0.00449 0.99391 0.60040 0.37222 0.00000 0.29167 0.62791 1.00000 0.01372 0.01894
19.00000 3.00000 0.99990 0.99762 1.00000 0.00000 0.12487 0.28818 0.23437 0.00000 0.00000 0.00642 0.62801 0.28912 0.24324 0.44870 0.00287 0.99380 0.60506 0.36409 0.00000 0.29167 0.62791 1.00000 0.01920 0.02452
19.00000 4.00000 0.59528 0.73634 0.00000 0.23809 0.01285 0.04630 0.04530 0.29318 0.20818 0.09319 0.00160 0.02302 0.02703 0.04316 0.09081 0.00229 0.08797 0.92234 0.00000 0.03125 0.00000 0.00000 0.14129 0.14735
19.00000 5.00000 0.47610 0.83135 1.00000 0.62699 0.66034 0.63549 0.53560 0.50794 0.49937 0.47387 0.86415 0.61067 0.40541 0.66368 0.47259 0.99344 0.53125 0.32052 0.00000 0.64583 0.86469 1.00000 0.49520 0.49953
19.00000 6.00000 0.99996 0.99762 1.00000 0.00000 0.12588 0.29072 0.23167 0.00000 0.00063 0.00446 0.62778 0.27564 0.24324 0.46580 0.00411 0.99366 0.59187 0.35611 0.00000 0.29167 0.62791 1.00000 0.01509 0.01806
19.00000 7.00000 0.83322 0.99762 1.00000 0.06027 0.18818 0.31554 0.24537 0.14659 0.14403 0.13725 0.65115 0.30625 0.24324 0.45033 0.13801 0.99396 0.54470 0.35431 0.00000 0.31250 0.65116 1.00000 0.16152 0.16275
19.00000 8.00000 0.23807 0.29691 1.00000 0.59794 0.63061 0.69595 0.65756 0.61718 0.61509 0.61677 0.85326 0.65472 0.89189 0.73371 0.61631 0.99319 0.70324 0.11153 1.00000 0.66667 0.85412 1.00000 0.62689 0.63758
19.00000 9.00000 0.99986 0.99917 1.00000 0.00000 0.12891 0.28078 0.24929 0.00000 0.00000 0.00377 0.62791 0.28162 0.24324 0.46743 0.00393 0.99399 0.58733 0.37397 0.00000 0.31250 0.62791 1.00000 0.01955 0.02092
19.00000 10.00000 0.00001 0.00000 1.00000 1.00000 0.98312 0.93090 0.90709 1.00000 1.00000 0.99578 0.99920 0.87908 1.00000 0.90309 0.99549 0.99314 0.70722 0.00864 1.00000 0.90625 1.00000 1.00000 0.98663 0.98611
19.00000 11.00000 0.59520 0.73634 0.00000 0.23809 0.00918 0.04624 0.04424 0.29318 0.20881 0.09236 0.00171 0.02679 0.02703 0.03583 0.08954 0.00248 0.07307 0.92227 0.00000 0.03125 0.00000 0.00000 0.14060 0.15219
19.00000 12.00000 0.23818 0.29857 1.00000 0.59794 0.63171 0.68148 0.68319 0.61718 0.61509 0.61424 0.85322 0.65116 0.89189 0.73534 0.61565 0.99319 0.70898 0.10428 1.00000 0.66667 0.85412 1.00000 0.63100 0.63821
19.00000 13.00000 0.00007 0.00190 1.00000 1.00000 0.98128 0.94211 0.90069 1.00000 1.00000 0.99706 0.99926 0.87672 1.00000 0.91450 0.99660 0.99314 0.70748 0.02684 1.00000 0.92708 1.00000 1.00000 0.98937 0.99188
19.00000 14.00000 0.59531 0.73634 0.00000 0.23809 0.01321 0.04556 0.05334 0.29318 0.20881 0.09121 0.00165 0.03301 0.02703 0.02117 0.09146 0.00231 0.08590 0.92578 0.00000 0.02083 0.00000 0.00000 0.14609 0.14183
19.00000 15.00000 0.23815 0.29751 1.00000 0.59794 0.63786 0.70765 0.66897 0.61718 0.61509 0.61558 0.85309 0.65677 0.89189 0.72394 0.61745 0.99330 0.71167 0.09274 1.00000 0.67708 0.85412 1.00000 0.63820 0.63208
19.00000 16.00000 0.47610 0.83314 1.00000 0.62699 0.65850 0.63893 0.52508 0.50794 0.49937 0.47356 0.86392 0.61002 0.40541 0.65635 0.47127 0.99352 0.52554 0.31019 0.00000 0.61458 0.86469 1.00000 0.49760 0.50055
19.00000 17.00000 0.83317 0.99988 1.00000 0.06027 0.18139 0.33577 0.25329 0.14659 0.14403 0.13935 0.65109 0.30689 0.24324 0.44137 0.13753 0.99399 0.55522 0.35219 0.00000 0.29167 0.65116 1.00000 0.16289 0.16861
19.00000 18.00000 0.00006 0.00000 1.00000 1.00000 0.98532 0.93341 0.91467 1.00000 1.00000 0.99678 0.99911 0.88022 1.00000 0.90472 0.99696 0.99328 0.71657 0.03138 1.00000 0.91667 1.00000 1.00000 0.98594 0.98615
19.00000 19.00000 1.00000 0.99762 1.00000 0.00000 0.12396 0.30408 0.22792 0.00000 0.00063 0.00570 0.62799 0.28442 0.24324 0.48779 0.00302 0.99394 0.58959 0.37350 0.00000 0.28125 0.62791 1.00000 0.01132 0.01773
19.00000 20.00000 0.83332 0.99857 1.00000 0.06027 0.17983 0.31432 0.25629 0.14659 0.14403 0.13875 0.65111 0.30593 0.24324 0.45358 0.13664 0.99385 0.55593 0.35764 0.00000 0.29167 0.65116 1.00000 0.16461 0.17056
19.00000 21.00000 0.47624 0.83254 1.00000 0.62699 0.65979 0.63056 0.53127 0.50794 0.49937 0.47215 0.86400 0.60697 0.40541 0.64414 0.47252 0.99352 0.54022 0.32817 0.00000 0.63542 0.86469 1.00000 0.49108 0.48985
19.00000 22.00000 0.47625 0.83135 1.00000 0.62699 0.65942 0.64727 0.51841 0.50794 0.49937 0.47272 0.86403 0.60893 0.40541 0.62948 0.47368 0.99344 0.52656 0.32451 0.00000 0.64583 0.86469 1.00000 0.49143 0.49950
19.00000 23.00000 0.99990 0.99762 1.00000 0.00000 0.13056 0.28555 0.22686 0.00000 0.00000 0.00305 0.62789 0.28664 0.24324 0.45847 0.00444 0.99383 0.59383 0.36350 0.00000 0.28125 0.62791 1.00000 0.01235 0.01764
19.00000 24.00000 0.23821 0.29691 1.00000 0.59794 0.63143 0.70901 0.68387 0.61718 0.61509 0.61663 0.85311 0.65128 0.89189 0.72313 0.61545 0.99352 0.70234 0.09743 1.00000 0.69792 0.85412 1.00000 0.62894 0.63350
19.00000 25.00000 0.59515 0.73634 0.00000 0.23809 0.01303 0.03484 0.04316 0.29318 0.20881 0.09193 0.00173 0.02788 0.02703 0.02850 0.09096 0.00234 0.07802 0.95039 0.00000 0.04167 0.00000 0.00000 0.14643 0.15130
19.00000 26.00000 0.99991 0.99881 1.00000 0.00000 0.12900 0.28566 0.22325 0.00000 0.00063 0.00430 0.62799 0.28520 0.24324 0.45928 0.00533 0.99408 0.60354 0.35406 0.00000 0.28125 0.62791 1.00000 0.01578 0.02132
19.00000 27.00000 0.59518 0.73670 0.00000 0.23809 0.01092 0.03898 0.05129 0.29318 0.20881 0.09181 0.00163 0.02171 0.02703 0.02524 0.09078 0.00234 0.06998 0.92923 0.00000 0.05208 0.00000 0.00000 0.13855 0.14446
19.00000 28.00000 0.99990 0.99976 1.00000 0.00000 0.12974 0.28598 0.25268 0.00000 0.00000 0.00649 0.62772 0.28088 0.24324 0.47801 0.00416 0.99388 0.59135 0.36812 0.00000 0.28125 0.62791 1.00000 0.01440 0.02006
19.00000 29.00000 0.47625 0.83230 1.00000 0.62699 0.66070 0.63939 0.52970 0.50794 0.50000 0.47272 0.86409 0.60859 0.40541 0.65228 0.47287 0.99350 0.53699 0.32224 0.00000 0.65625 0.86469 1.00000 0.49074 0.49801
19.00000 30.00000 0.99981 0.99857 1.00000 0.00000 0.12313 0.29102 0.23632 0.00000 0.00000 0.00640 0.62787 0.28490 0.24324 0.46336 0.00457 0.99385 0.59778 0.37181 0.00000 0.27083 0.62791 1.00000 0.00857 0.02021
19.00000 31.00000 0.59514 0.73848 0.00000 0.23809 0.01239 0.04741 0.03984 0.29318 0.20881 0.09458 0.00165 0.03248 0.02703 0.03094 0.08977 0.00220 0.09687 0.93146 0.00000 0.02083 0.00000 0.00000 0.14986 0.14649
19.00000 32.00000 0.99979 0.99834 1.00000 0.00000 0.12432 0.29395 0.23196 0.00000 0.00063 0.00508 0.62789 0.28006 0.24324 0.46091 0.00401 0.99405 0.61289 0.35812 0.00000 0.28125 0.62791 1.00000 0.01818 0.02713
19.00000 33.00000 0.99978 0.99762 1.00000 0.00000 0.12166 0.29346 0.23174 0.00000 0.00000 0.00282 0.62789 0.28462 0.24324 0.47557 0.00340 0.99385 0.58849 0.36823 0.00000 0.27083 0.62791 1.00000 0.01543 0.01530
19.00000 34.00000 0.59523 0.73634 0.00000 0.23809 0.01073 0.03543 0.03726 0.29318 0.20881 0.09198 0.00169 0.02572 0.02703 0.03502 0.09068 0.00218 0.08619 0.92099 0.00000 0.04167 0.00000 0.00000 0.14815 0.14354
19.00000 35.00000 0.83328 0.99846 1.00000 0.06027 0.18534 0.34439 0.25006 0.14659 0.14403 0.13911 0.65118 0.30845 0.24324 0.46091 0.13819 0.99405 0.55048 0.35153 0.00000 0.31250 0.65116 1.00000 0.16701 0.16945
19.00000 36.00000 0.83325 0.99762 1.00000 0.06027 0.18589 0.32342 0.22987 0.14659 0.14403 0.13751 0.65115 0.30867 0.24324 0.45033 0.13661 0.99402 0.56255 0.35281 0.00000 0.30208 0.65116 1.00000 0.16358 0.16781
19.00000 37.00000 0.83317 0.99762 1.00000 0.06027 0.18396 0.33539 0.23694 0.14659 0.14403 0.13820 0.65113 0.30244 0.24324 0.46254 0.13717 0.99372 0.55001 0.34769 0.00000 0.31250 0.65116 1.00000 0.16701 0.16728
19.00000 38.00000 0.00004 0.00048 1.00000 1.00000 0.97578 0.91917 0.89378 1.00000 1.00000 0.99580 0.99913 0.87627 1.00000 0.89984 0.99756 0.99322 0.73104 0.02391 1.00000 0.91667 1.00000 1.00000 0.98285 0.99039
19.00000 39.00000 0.99993 0.99762 1.00000 0.00000 0.12331 0.29725 0.24987 0.00000 0.00063 0.00635 0.62791 0.27796 0.24324 0.45847 0.00492 0.99383 0.60439 0.35735 0.00000 0.27083 0.62791 1.00000 0.01166 0.02306
19.00000 40.00000 0.47615 0.83171 1.00000 0.62699 0.65566 0.64388 0.52766 0.50794 0.49937 0.47146 0.86407 0.60902 0.40541 0.64902 0.47178 0.99366 0.54153 0.31224 0.00000 0.63542 0.86469 1.00000 0.49554 0.49553
19.00000 41.00000 0.99978 0.99941 1.00000 0.00000 0.12469 0.30866 0.23716 0.00000 0.00063 0.00453 0.62799 0.27985 0.24324 0.47150 0.00373 0.99399 0.59145 0.38038 0.00000 0.29167 0.62791 1.00000 0.01166 0.02019
19.00000 42.00000 0.23823 0.29691 1.00000 0.59794 0.63382 0.70362 0.68517 0.61718 0.61509 0.61603 0.85319 0.65747 0.89189 0.73534 0.61623 0.99344 0.71607 0.10362 1.00000 0.69792 0.85412 1.00000 0.63374 0.63623
19.00000 43.00000 0.59525 0.73634 0.00000 0.23809 0.01321 0.06653 0.04299 0.29318 0.20818 0.09472 0.00167 0.02396 0.02703 0.03420 0.08987 0.00245 0.07938 0.93153 0.00000 0.03125 0.00000 0.00000 0.13786 0.15011
19.00000 44.00000 0.00005 0.00131 1.00000 1.00000 0.97954 0.94249 0.90712 1.00000 1.00000 0.99706 0.99918 0.87864 1.00000 0.89739 0.99599 0.99328 0.71098 0.02069 1.00000 0.91667 1.00000 1.00000 0.98971 0.97830
19.00000 45.00000 0.47615 0.83349 1.00000 0.62699 0.65960 0.64584 0.53882 0.50794 0.50000 0.47356 0.86413 0.61440 0.40541 0.64739 0.47318 0.99352 0.54039 0.30609 0.00000 0.63542 0.86469 1.00000 0.49246 0.49794
19.00000 46.00000 0.83326 1.00000 1.00000 0.06027 0.18525 0.33729 0.23701 0.14659 0.14403 0.13746 0.65122 0.30816 0.24324 0.46906 0.13862 0.99396 0.55220 0.35040 0.00000 0.31250 0.65116 1.00000 0.15604 0.16763
19.00000 47.00000 0.47627 0.83135 1.00000 0.62699 0.65456 0.63901 0.53543 0.50794 0.50000 0.47267 0.86398 0.61180 0.40541 0.64739 0.47234 0.99352 0.51857 0.30045 0.00000 0.65625 0.86469 1.00000 0.49143 0.49424
19.00000 48.00000 0.83314 0.99762 1.00000 0.06027 0.18671 0.30841 0.25415 0.14659 0.14403 0.13720 0.65124 0.30407 0.24324 0.46417 0.13636 0.99394 0.56034 0.35647 0.00000 0.31250 0.65116 1.00000 0.16289 0.16476
19.00000 49.00000 0.00005 0.00000 1.00000 1.00000 0.98174 0.91543 0.91340 1.00000 1.00000 0.99635 0.99922 0.88691 1.00000 0.89658 0.99642 0.99328 0.71997 0.01494 1.00000 0.91667 1.00000 1.00000 0.98388 0.98442
19.00000 50.00000 0.83327 0.99762 1.00000 0.06027 0.18653 0.33222 0.22500 0.14659 0.14403 0.13873 0.65120 0.30439 0.24324 0.45521 0.13646 0.99388 0.55765 0.34545 0.00000 0.29167 0.65116 1.00000 0.16289 0.16442
19.00000 51.00000 0.99999 0.99976 1.00000 0.00000 0.13093 0.30931 0.23788 0.00000 0.00063 0.00286 0.62799 0.28564 0.24324 0.46987 0.00421 0.99391 0.57267 0.35951 0.00000 0.29167 0.62791 1.00000 0.01303 0.01976
19.00000 52.00000 0.83323 0.99762 1.00000 0.06027 0.17882 0.33778 0.24854 0.14659 0.14403 0.13842 0.65126 0.30278 0.24324 0.44381 0.13872 0.99408 0.55243 0.35490 0.00000 0.31250 0.65116 1.00000 0.15981 0.16738
19.00000 53.00000 0.59517 0.73634 0.00000 0.23809 0.00743 0.04792 0.05635 0.29318 0.20881 0.09269 0.00165 0.03135 0.02703 0.03257 0.09030 0.00245 0.08314 0.93322 0.00000 0.02083 0.00000 0.00000 0.14129 0.14933
19.00000 54.00000 0.23807 0.29715 1.00000 0.59794 0.63354 0.69492 0.67388 0.61718 0.61509 0.61474 0.85313 0.66160 0.89189 0.71661 0.61537 0.99330 0.71545 0.11771 1.00000 0.66667 0.85412 1.00000 0.63306 0.63734
19.00000 55.00000 0.00003 0.00000 1.00000 1.00000 0.98101 0.93322 0.93099 1.00000 1.00000 0.99740 0.99928 0.88049 1.00000 0.89902 0.99805 0.99314 0.72245 0.02259 1.00000 0.92708 1.00000 1.00000 0.98525 0.98431
19.00000 56.00000 0.83323 0.99869 1.00000 0.06027 0.18782 0.33282 0.24508 0.14659 0.14403 0.13744 0.65113 0.30702 0.24324 0.44951 0.13649 0.99402 0.55001 0.34450 0.00000 0.30208 0.65116 1.00000 0.15775 0.16724
19.00000 57.00000 0.47611 0.83135 1.00000 0.62699 0.65731 0.64044 0.52975 0.50794 0.50000 0.47277 0.86403 0.60718 0.40541 0.66124 0.47196 0.99355 0.54577 0.32001 0.00000 0.63542 0.86469 1.00000 0.49691 0.49769
19.00000 58.00000 0.83323 0.99893 1.00000 0.06027 0.18332 0.32353 0.25598 0.14659 0.14403 0.13756 0.65128 0.31145 0.24324 0.43241 0.13677 0.99408 0.55984 0.34813 0.00000 0.31250 0.65116 1.00000 0.15638 0.16184
19.00000 59.00000 0.00006 0.00036 1.00000 1.00000 0.98339 0.92835 0.90437 1.00000 1.00000 0.99606 0.99913 0.88616 1.00000 0.89984 0.99726 0.99325 0.71686 0.02343 1.00000 0.92708 1.00000 1.00000 0.98560 0.99599
19.00000 60.00000 0.23822 0.29810 1.00000 0.59794 0.63419 0.70104 0.69172 0.61718 0.61509 0.61744 0.85322 0.65717 0.89189 0.72231 0.61578 0.99336 0.69636 0.10556 1.00000 0.67708 0.85412 1.00000 0.63032 0.63840
19.00000 61.00000 0.00006 0.00000 1.00000 1.00000 0.98211 0.93114 0.91073 1.00000 1.00000 0.99578 0.99913 0.88173 1.00000 0.88111 0.99538 0.99322 0.72769 0.02951 1.00000 0.93750 1.00000 1.00000 0.98525 0.98952
19.00000 62.00000 0.99977 0.99762 1.00000 0.00000 0.12497 0.28192 0.24426 0.00000 0.00063 0.00675 0.62812 0.28842 0.24324 0.47476 0.00482 0.99408 0.61751 0.36621 0.00000 0.28125 0.62791 1.00000 0.01818 0.01932
19.00000 63.00000 0.23807 0.29691 1.00000 0.59794 0.63244 0.69018 0.66038 0.61718 0.61509 0.61436 0.85330 0.65606 0.89189 0.75896 0.61611 0.99341 0.69877 0.10951 1.00000 0.69792 0.85412 1.00000 0.63169 0.63326
19.00000 64.00000 0.47609 0.83254 1.00000 0.62699 0.66034 0.63091 0.52592 0.50794 0.49937 0.47537 0.86411 0.61173 0.37838 0.65798 0.47201 0.99358 0.54882 0.31598 0.00000 0.64583 0.86469 1.00000 0.49108 0.49799
19.00000 65.00000 0.99986 0.99762 1.00000 0.00000 0.12616 0.29367 0.24739 0.00000 0.00063 0.00604 0.62808 0.28282 0.24324 0.45928 0.00421 0.99396 0.58947 0.35948 0.00000 0.31250 0.62791 1.00000 0.01372 0.02188
19.00000 66.00000 0.99995 0.99857 1.00000 0.00000 0.13065 0.28265 0.25259 0.00000 0.00000 0.00644 0.62806 0.28646 0.24324 0.45847 0.00304 0.99385 0.60256 0.36965 0.00000 0.27083 0.62791 1.00000 0.01612 0.02082
19.00000 67.00000 0.23801 0.29691 1.00000 0.59794 0.62905 0.67463 0.66618 0.61718 0.61509 0.61520 0.85322 0.65623 0.89189 0.72313 0.61598 0.99344 0.69805 0.09629 1.00000 0.68750 0.85412 1.00000 0.63580 0.62998
19.00000 68.00000 0.83334 0.99762 1.00000 0.06027 0.18286 0.33726 0.24621 0.14659 0.14403 0.13842 0.65134 0.31101 0.24324 0.45195 0.13765 0.99424 0.56229 0.35226 0.00000 0.32292 0.65116 1.00000 0.16221 0.16756
19.00000 69.00000 0.47622 0.83135 1.00000 0.62699 0.65676 0.63998 0.53175 0.50794 0.50000 0.47466 0.86419 0.61476 0.37838 0.65635 0.47054 0.99366 0.55432 0.32495 0.00000 0.63542 0.86469 1.00000 0.49177 0.49738
19.00000 70.00000 0.23813 0.29786 1.00000 0.59794 0.63290 0.68544 0.68637 0.61718 0.61509 0.61458 0.85322 0.65795 0.89189 0.74511 0.61699 0.99339 0.71398 0.09922 1.00000 0.69792 0.85412 1.00000 0.63717 0.63603
19.00000 71.00000 0.99999 0.99762 1.00000 0.00000 0.12909 0.29866 0.24703 0.00000 0.00063 0.00575 0.62804 0.29401 0.24324 0.45440 0.00315 0.99421 0.60725 0.36596 0.00000 0.29167 0.62791 1.00000 0.01475 0.02629
19.00000 72.00000 0.00001 0.00000 1.00000 1.00000 0.98156 0.93761 0.91154 1.00000 1.00000 0.99637 0.99913 0.88427 1.00000 0.89251 0.99505 0.99325 0.73790 0.03193 1.00000 0.91667 1.00000 1.00000 0.98182 0.99034
19.00000 73.00000 0.99989 0.99905 1.00000 0.00000 0.12818 0.27791 0.24445 0.00000 0.00063 0.00439 0.62812 0.28890 0.24324 0.45684 0.00517 0.99402 0.61118 0.36797 0.00000 0.28125 0.62791 1.00000 0.01097 0.01976
19.00000 74.00000 0.83323 0.99762 1.00000 0.06027 0.18580 0.31922 0.26397 0.14659 0.14403 0.13737 0.65147 0.31250 0.24324 0.44951 0.13760 0.99443 0.56222 0.34655 0.00000 0.32292 0.65116 1.00000 0.15775 0.16993
19.00000 75.00000 0.99980 0.99762 1.00000 0.00000 0.12882 0.29386 0.22508 0.00000 0.00000 0.00515 0.62816 0.29106 0.24324 0.46987 0.00363 0.99413 0.59597 0.38415 0.00000 0.29167 0.62791 1.00000 0.01715 0.01964
19.00000 76.00000 0.99980 0.99857 1.00000 0.00000 0.12799 0.29283 0.24166 0.00000 0.00063 0.00396 0.62814 0.28845 0.24324 0.46010 0.00403 0.99419 0.61042 0.37138 0.00000 0.30208 0.62791 1.00000 0.00995 0.01955
19.00000 77.00000 0.23804 0.29691 1.00000 0.59794 0.63446 0.69441 0.67094 0.61718 0.61509 0.61589 0.85328 0.65800 0.89189 0.73941 0.61519 0.99344 0.72069 0.11219 1.00000 0.69792 0.85412 1.00000 0.62894 0.63054
19.00000 78.00000 0.23810 0.29929 1.00000 0.59794 0.63731 0.68831 0.67542 0.61718 0.61509 0.61689 0.85322 0.65856 0.89189 0.74186 0.61560 0.99333 0.69772 0.10797 1.00000 0.68750 0.85412 1.00000 0.63134 0.63533
19.00000 79.00000 0.47612 0.83254 1.00000 0.62699 0.65410 0.65477 0.54429 0.50794 0.49937 0.47334 0.86417 0.61896 0.40541 0.65635 0.47110 0.99366 0.55286 0.31807 0.00000 0.64583 0.86469 1.00000 0.49348 0.49586
19.00000 80.00000 0.59513 0.73634 0.00000 0.23809 0.01523 0.05664 0.05707 0.29318 0.20881 0.09193 0.00188 0.03130 0.02703 0.03420 0.09025 0.00254 0.08414 0.93186 0.00000 0.02083 0.00000 0.00000 0.13855 0.14654
19.00000 81.00000 0.00006 0.00000 1.00000 1.00000 0.97926 0.93255 0.89879 1.00000 1.00000 0.99527 0.99918 0.88584 1.00000 0.91775 0.99777 0.99322 0.72209 0.03189 1.00000 0.92708 1.00000 1.00000 0.99040 0.99075
19.00000 82.00000 0.99998 0.99762 1.00000 0.00000 0.12698 0.29216 0.23990 0.00000 0.00063 0.00556 0.62810 0.29207 0.24324 0.47231 0.00464 0.99435 0.61877 0.38221 0.00000 0.28125 0.62791 1.00000 0.01132 0.02411
19.00000 83.00000 0.59532 0.73634 0.00000 0.23809 0.01138 0.03784 0.03849 0.29318 0.20881 0.09217 0.00177 0.03025 0.02703 0.02443 0.09017 0.00245 0.09899 0.93615 0.00000 0.03125 0.00000 0.00000 0.14369 0.13640
19.00000 84.00000 0.23817 0.29691 1.00000 0.59794 0.63547 0.67964 0.69215 0.61718 0.61509 0.61563 0.85328 0.66099 0.89189 0.72964 0.61659 0.99330 0.72050 0.11303 1.00000 0.69792 0.85412 1.00000 0.63306 0.62723
19.00000 85.00000 0.23821 0.29857 1.00000 0.59794 0.62932 0.68774 0.67607 0.61718 0.61509 0.61515 0.85328 0.66328 0.89189 0.73860 0.61651 0.99330 0.72521 0.11046 1.00000 0.67708 0.85412 1.00000 0.64129 0.63334
19.00000 86.00000 0.47625 0.83135 1.00000 0.62699 0.66437 0.65263 0.54821 0.50794 0.50000 0.47201 0.86411 0.61598 0.40541 0.66612 0.47166 0.99377 0.54651 0.32074 0.00000 0.64583 0.86469 1.00000 0.49108 0.49016
19.00000 87.00000 0.23813 0.29691 1.00000 0.59794 0.63565 0.68623 0.68218 0.61718 0.61509 0.61534 0.85322 0.66033 0.89189 0.74267 0.61415 0.99333 0.70638 0.10347 1.00000 0.68750 0.85412 1.00000 0.63580 0.63660
19.00000 88.00000 0.47624 0.83135 1.00000 0.62699 0.65391 0.66290 0.54128 0.50794 0.50000 0.47208 0.86422 0.61626 0.40541 0.65472 0.47242 0.99369 0.55555 0.31711 0.00000 0.63542 0.86469 1.00000 0.49314 0.49759
19.00000 89.00000 0.59525 0.73634 0.00000 0.23809 0.01229 0.04846 0.07173 0.29318 0.20881 0.09305 0.00192 0.03503 0.02703 0.02850 0.09012 0.00276 0.10320 0.92893 0.00000 0.06250 0.00000 0.00000 0.14198 0.14456
19.00000 90.00000 0.99991 0.99941 1.00000 0.00000 0.13029 0.29256 0.23552 0.00000 0.00063 0.00439 0.62831 0.29160 0.24324 0.47720 0.00269 0.99452 0.60927 0.36782 0.00000 0.28125 0.62791 1.00000 0.02126 0.02183
19.00000 91.00000 0.23817 0.29869 1.00000 0.59794 0.63721 0.70329 0.67210 0.61718 0.61509 0.61455 0.85330 0.66222 0.89189 0.73697 0.61537 0.99341 0.72205 0.10992 1.00000 0.68750 0.85412 1.00000 0.63374 0.63674
19.00000 92.00000 0.99994 0.99762 1.00000 0.00000 0.12772 0.27539 0.24922 0.00000 0.00000 0.00396 0.62829 0.29399 0.24324 0.46091 0.00337 0.99460 0.61444 0.38247 0.00000 0.29167 0.62791 1.00000 0.01715 0.01274
19.00000 93.00000 0.00005 0.00000 1.00000 1.00000 0.97835 0.92423 0.90764 1.00000 1.00000 0.99411 0.99916 0.88993 1.00000 0.89495 0.99774 0.99322 0.75501 0.04039 1.00000 0.94792 1.00000 1.00000 0.98903 0.98883
19.00000 94.00000 0.23819 0.29691 1.00000 0.59794 0.63217 0.67062 0.69672 0.61718 0.61509 0.61470 0.85322 0.66606 0.89189 0.73860 0.61494 0.99350 0.73378 0.11519 1.00000 0.68750 0.85412 1.00000 0.63100 0.63740
19.00000 95.00000 0.99985 0.99952 1.00000 0.00000 0.12350 0.28850 0.23831 0.00000 0.00063 0.00515 0.62833 0.29266 0.24324 0.48860 0.00391 0.99441 0.61082 0.36365 0.00000 0.29167 0.62791 1.00000 0.01269 0.01889
19.00000 96.00000 0.99980 0.99822 1.00000 0.00000 0.13148 0.30145 0.24209 0.00000 0.00063 0.00391 0.62833 0.29291 0.24324 0.47231 0.00507 0.99438 0.62070 0.38639 0.00000 0.29167 0.62791 1.00000 0.02126 0.02396
19.00000 97.00000 0.83334 0.99964 1.00000 0.06027 0.17910 0.32426 0.26193 0.14659 0.14403 0.13901 0.65166 0.31772 0.24324 0.44707 0.13705 0.99474 0.59430 0.35732 0.00000 0.31250 0.65116 1.00000 0.15981 0.16354
19.00000 98.00000 0.99983 0.99988 1.00000 0.00000 0.12423 0.27230 0.24265 0.00000 0.00000 0.00549 0.62858 0.29919 0.24324 0.47638 0.00479 0.99457 0.63598 0.36779 0.00000 0.28125 0.62791 1.00000 0.00754 0.02168
19.00000 99.00000 0.23819 0.29691 1.00000 0.59794 0.64006 0.68799 0.66574 0.61718 0.61509 0.61484 0.85328 0.66534 0.89189 0.74349 0.61438 0.99341 0.73778 0.09765 1.00000 0.68750 0.85412 1.00000 0.63134 0.63085
19.00000 100.00000 0.83321 0.99905 1.00000 0.06027 0.18800 0.32182 0.25379 0.14659 0.14403 0.13839 0.65162 0.32161 0.24324 0.46580 0.13603 0.99474 0.57193 0.36413 0.00000 0.34375 0.65116 1.00000 0.15878 0.15924
19.00000 101.00000 0.99981 0.99786 1.00000 0.00000 0.12799 0.29097 0.23817 0.00000 0.00063 0.00432 0.62848 0.29851 0.24324 0.45440 0.00444 0.99468 0.63883 0.36760 0.00000 0.28125 0.62791 1.00000 0.01749 0.01668
19.00000 102.00000 0.47620 0.83349 1.00000 0.62699 0.65859 0.63803 0.54508 0.50794 0.50000 0.47172 0.86419 0.61792 0.37838 0.65554 0.47127 0.99402 0.57547 0.33267 0.00000 0.63542 0.86469 1.00000 0.48525 0.48783
19.00000 103.00000 0.00006 0.00000 1.00000 1.00000 0.98284 0.91979 0.93210 1.00000 1.00000 0.99542 0.99922 0.89471 1.00000 0.91042 0.99566 0.99339 0.76089 0.03072 1.00000 0.93750 1.00000 1.00000 0.98765 0.98519
19.00000 104.00000 0.23804 0.29822 1.00000 0.59794 0.64033 0.71727 0.68873 0.61718 0.61509 0.61598 0.85322 0.67725 0.89189 0.74511 0.61393 0.99355 0.73433 0.11409 1.00000 0.68750 0.85412 1.00000 0.62997 0.62776
19.00000 105.00000 0.00004 0.00202 1.00000 1.00000 0.98046 0.93829 0.91855 1.00000 1.00000 0.99430 0.99913 0.89856 1.00000 0.90147 0.99574 0.99336 0.75868 0.03727 1.00000 0.92708 1.00000 1.00000 0.99074 0.99086
19.00000 106.00000 0.47620 0.83219 1.00000 0.62699 0.66116 0.66152 0.54824 0.50794 0.50000 0.47198 0.86432 0.62831 0.40541 0.65554 0.47252 0.99372 0.58257 0.31982 0.00000 0.64583 0.86469 1.00000 0.49417 0.49573
19.00000 107.00000 0.23821 0.29691 1.00000 0.59794 0.63391 0.69267 0.69215 0.61718 0.61509 0.61570 0.85326 0.67507 0.89189 0.74511 0.61471 0.99344 0.74335 0.11713 1.00000 0.68750 0.85412 1.00000 0.61728 0.63045
19.00000 108.00000 0.83329 0.99774 1.00000 0.06027 0.18194 0.33615 0.26414 0.14659 0.14403 0.13916 0.65189 0.32146 0.24324 0.45684 0.13659 0.99490 0.59830 0.35248 0.00000 0.33333 0.65116 1.00000 0.15741 0.16810
19.00000 109.00000 0.00006 0.00238 1.00000 1.00000 0.98027 0.94967 0.91157 1.00000 1.00000 0.99432 0.99930 0.89864 1.00000 0.92508 0.99475 0.99319 0.77262 0.04628 1.00000 0.91667 1.00000 1.00000 0.98663 0.98448
19.00000 110.00000 0.99996 0.99762 1.00000 0.00000 0.12717 0.30261 0.25697 0.00000 0.00063 0.00570 0.62858 0.29959 0.24324 0.47720 0.00429 0.99474 0.63234 0.38038 0.00000 0.29167 0.62791 1.00000 0.01680 0.02226
19.00000 111.00000 0.47617 0.83159 1.00000 0.62699 0.66135 0.65662 0.53931 0.50794 0.50000 0.47227 0.86436 0.62402 0.40541 0.66775 0.47094 0.99413 0.57914 0.32125 0.00000 0.64583 0.86469 1.00000 0.48560 0.48756
19.00000 112.00000 0.00006 0.00024 1.00000 1.00000 0.97642 0.94720 0.92394 1.00000 1.00000 0.99604 0.99928 0.89947 1.00000 0.90635 0.99698 0.99322 0.76301 0.02750 1.00000 0.92708 1.00000 1.00000 0.98765 0.98333
19.00000 113.00000 0.23806 0.29703 1.00000 0.59794 0.63841 0.69278 0.68235 0.61718 0.61509 0.61520 0.85332 0.67108 0.89189 0.73860 0.61666 0.99352 0.75708 0.12522 1.00000 0.68750 0.85412 1.00000 0.62757 0.63393
19.00000 114.00000 0.99989 0.99893 1.00000 0.00000 0.13001 0.28891 0.25868 0.00000 0.00063 0.00456 0.62884 0.30472 0.24324 0.47231 0.00515 0.99518 0.64695 0.36244 0.00000 0.28125 0.62791 1.00000 0.02058 0.02182
19.00000 115.00000 0.00000 0.00154 1.00000 1.00000 0.98156 0.91963 0.91908 1.00000 1.00000 0.99554 0.99926 0.90304 1.00000 0.91205 0.99455 0.99319 0.77381 0.04954 1.00000 0.93750 1.00000 1.00000 0.98697 0.98355
19.00000 116.00000 0.47609 0.83135 1.00000 0.62699 0.66639 0.62443 0.54003 0.50794 0.50000 0.47155 0.86445 0.63425 0.40541 0.64577 0.47138 0.99396 0.58564 0.33381 0.00000 0.65625 0.86469 1.00000 0.48765 0.49349
19.00000 117.00000 0.00004 0.00000 1.00000 1.00000 0.98706 0.94655 0.91446 1.00000 1.00000 0.99425 0.99932 0.90705 1.00000 0.91694 0.99597 0.99336 0.79440 0.04573 1.00000 0.92708 1.00000 1.00000 0.98080 0.98713
19.00000 118.00000 0.99978 0.99917 1.00000 0.00000 0.12781 0.30819 0.24541 0.00000 0.00063 0.00425 0.62886 0.31036 0.27027 0.47068 0.00297 0.99523 0.64985 0.37335 0.00000 0.28125 0.62791 1.00000 0.01818 0.01948
19.00000 119.00000 0.99985 0.99762 1.00000 0.00000 0.12689 0.30148 0.24936 0.00000 0.00063 0.00446 0.62890 0.30733 0.24324 0.47150 0.00487 0.99515 0.65293 0.35688 0.00000 0.30208 0.62791 1.00000 0.01235 0.02788
19.00000 120.00000 0.83324 0.99952 1.00000 0.06027 0.18635 0.31971 0.24907 0.14659 0.14403 0.13830 0.65223 0.33409 0.24324 0.46906 0.13806 0.99548 0.61215 0.36193 0.00000 0.32292 0.65116 1.00000 0.15775 0.16502
19.00000 121.00000 0.59513 0.73634 0.00000 0.23809 0.01092 0.06445 0.05772 0.29318 0.20881 0.09403 0.00260 0.04649 0.02703 0.03664 0.08918 0.00367 0.13505 0.96163 0.00000 0.02083 0.00000 0.00000 0.14266 0.14652
19.00000 122.00000 0.59525 0.73848 0.00000 0.23809 0.01202 0.04315 0.07262 0.29318 0.20881 0.09107 0.00279 0.04721 0.02703 0.04153 0.08974 0.00375 0.14717 0.95398 0.00000 0.04167 0.00000 0.00000 0.14403 0.14081
19.00000 123.00000 0.59526 0.73824 0.00000 0.23809 0.01514 0.05223 0.06424 0.29318 0.20881 0.09250 0.00262 0.04856 0.02703 0.03094 0.08966 0.00375 0.14390 0.94698 0.00000 0.05208 0.00000 0.00000 0.13992 0.14561
19.00000 124.00000 0.59519 0.73682 0.00000 0.23809 0.01340 0.06117 0.07503 0.29318 0.20881 0.09288 0.00291 0.05528 0.02703 0.04479 0.09048 0.00413 0.15312 0.94438 0.00000 0.05208 0.00000 0.00000 0.14129 0.14228
19.00000 125.00000 0.99992 0.99762 1.00000 0.00000 0.12919 0.31006 0.25971 0.00000 0.00063 0.00370 0.62920 0.31479 0.27027 0.47150 0.00413 0.99592 0.67423 0.38979 0.00000 0.28125 0.62791 1.00000 0.01783 0.02213
19.00000 126.00000 0.47625 0.83135 1.00000 0.62699 0.66327 0.64627 0.56458 0.50794 0.50000 0.47234 0.86464 0.64255 0.40541 0.65635 0.47084 0.99430 0.61053 0.32850 0.00000 0.65625 0.86469 1.00000 0.48594 0.49340
19.00000 127.00000 0.99998 0.99762 1.00000 0.00000 0.12937 0.31627 0.25073 0.00000 0.00063 0.00430 0.62934 0.31052 0.24324 0.48208 0.00383 0.99581 0.69065 0.36475 0.00000 0.29167 0.62791 1.00000 0.01406 0.02285
19.00000 128.00000 0.83336 0.99762 1.00000 0.06027 0.18690 0.32648 0.27175 0.14659 0.14465 0.13818 0.65257 0.34373 0.24324 0.46906 0.13641 0.99581 0.63674 0.36219 0.00000 0.33333 0.65116 1.00000 0.15672 0.15735
19.00000 129.00000 0.99994 0.99762 1.00000 0.00000 0.13120 0.30535 0.25947 0.00000 0.00063 0.00568 0.62941 0.32472 0.27027 0.48208 0.00482 0.99598 0.69279 0.36460 0.00000 0.31250 0.62791 1.00000 0.01269 0.01874
19.00000 130.00000 0.23817 0.29822 1.00000 0.59794 0.63657 0.72938 0.69983 0.61718 0.61509 0.61594 0.85330 0.68880 0.89189 0.75244 0.61415 0.99374 0.79704 0.12240 1.00000 0.68750 0.85412 1.00000 0.62551 0.62920
19.00000 131.00000 0.23805 0.29751 1.00000 0.59794 0.63575 0.70237 0.69728 0.61718 0.61572 0.61563 0.85338 0.69457 0.89189 0.74674 0.61461 0.99363 0.79945 0.11962 1.00000 0.69792 0.85412 1.00000 0.62551 0.63099
19.00000 132.00000 0.00006 0.00000 1.00000 1.00000 0.98871 0.95251 0.93352 1.00000 1.00000 0.99446 0.99930 0.92418 1.00000 0.91368 0.99465 0.99319 0.82780 0.03552 1.00000 0.95833 1.00000 1.00000 0.98251 0.97820
19.00000 133.00000 0.59517 0.73789 0.00000 0.23809 0.01734 0.04508 0.04068 0.29318 0.20881 0.09083 0.00315 0.05368 0.02703 0.04316 0.08933 0.00438 0.17585 0.94391 0.00000 0.06250 0.00000 0.00000 0.14095 0.14515
19.00000 134.00000 0.47619 0.83349 1.00000 0.62699 0.66391 0.66672 0.54674 0.50794 0.50000 0.47122 0.86481 0.64882 0.37838 0.67671 0.47244 0.99463 0.63700 0.32477 0.00000 0.65625 0.86469 1.00000 0.49348 0.49151
19.00000 135.00000 0.99984 0.99762 1.00000 0.00000 0.13148 0.30538 0.25851 0.00000 0.00063 0.00475 0.62975 0.32136 0.27027 0.51221 0.00388 0.99625 0.71524 0.38042 0.00000 0.30208 0.62791 1.00000 0.01406 0.01825
19.00000 136.00000 0.23801 0.29786 1.00000 0.59794 0.64345 0.69817 0.70608 0.61718 0.61572 0.61374 0.85357 0.69191 0.89189 0.75244 0.61352 0.99363 0.81002 0.11801 1.00000 0.71875 0.85412 1.00000 0.62723 0.63365
19.00000 137.00000 0.99997 0.99762 1.00000 0.00000 0.13148 0.32369 0.27025 0.00000 0.00063 0.00515 0.62981 0.33302 0.24324 0.48371 0.00307 0.99664 0.72038 0.37192 0.00000 0.30208 0.62791 1.00000 0.01166 0.02072
19.00000 138.00000 0.47619 0.83135 1.00000 0.62699 0.66199 0.66943 0.56171 0.50794 0.50000 0.46981 0.86500 0.66077 0.37838 0.66205 0.47044 0.99474 0.65426 0.33557 0.00000 0.66667 0.86469 1.00000 0.48217 0.49192
19.00000 139.00000 0.99996 0.99881 1.00000 0.00000 0.13203 0.31388 0.25817 0.00000 0.00063 0.00403 0.62985 0.33401 0.24324 0.48697 0.00431 0.99669 0.71907 0.38298 0.00000 0.30208 0.62791 1.00000 0.01097 0.01845
19.00000 140.00000 0.47620 0.83135 1.00000 0.62699 0.66355 0.66485 0.56670 0.50794 0.50000 0.46995 0.86498 0.65748 0.37838 0.67752 0.47110 0.99501 0.66183 0.31832 0.00000 0.65625 0.86469 1.00000 0.48663 0.48881
19.00000 141.00000 0.99996 0.99941 1.00000 0.00000 0.13487 0.29711 0.28015 0.00000 0.00063 0.00573 0.62998 0.33478 0.27027 0.49837 0.00259 0.99683 0.73894 0.37119 0.00000 0.32292 0.62791 1.00000 0.00995 0.01811
19.00000 142.00000 0.99996 0.99976 1.00000 0.00000 0.13533 0.30516 0.26826 0.00000 0.00063 0.00363 0.63019 0.33948 0.27027 0.49837 0.00431 0.99697 0.73904 0.37145 0.00000 0.29167 0.62791 1.00000 0.00960 0.00984
19.00000 143.00000 0.59513 0.73777 0.00000 0.23809 0.01725 0.06193 0.08420 0.29318 0.20881 0.09279 0.00378 0.07445 0.02703 0.05700 0.08956 0.00526 0.21893 0.96240 0.00000 0.05208 0.00000 0.00000 0.13717 0.14848
19.00000 144.00000 0.23812 0.29846 1.00000 0.59794 0.64043 0.70798 0.70536 0.61718 0.61572 0.61303 0.85355 0.71849 0.89189 0.78257 0.61339 0.99377 0.84508 0.13181 1.00000 0.70833 0.85412 1.00000 0.62929 0.63124
19.00000 145.00000 0.59530 0.73634 0.00000 0.23809 0.00945 0.06377 0.07308 0.29318 0.20881 0.09200 0.00395 0.07544 0.02703 0.05212 0.08979 0.00559 0.21279 0.95892 0.00000 0.06250 0.00000 0.00000 0.13237 0.14620
19.00000 146.00000 0.23803 0.29691 1.00000 0.59794 0.64098 0.72651 0.71932 0.61718 0.61572 0.61377 0.85364 0.71953 0.89189 0.76873 0.61349 0.99383 0.85981 0.13144 1.00000 0.71875 0.85412 1.00000 0.62929 0.63204
19.00000 147.00000 0.99982 0.99774 1.00000 0.00000 0.13744 0.33417 0.26953 0.00000 0.00063 0.00582 0.63038 0.34636 0.27027 0.49104 0.00459 0.99738 0.75937 0.35790 0.00000 0.30208 0.62791 1.00000 0.00720 0.01513
19.00000 148.00000 0.00004 0.00131 1.00000 1.00000 0.98789 0.96955 0.95711 1.00000 1.00000 0.99346 0.99935 0.94658 1.00000 0.94300 0.99384 0.99330 0.88911 0.05335 1.00000 0.95833 1.00000 1.00000 0.97634 0.97925
19.00000 149.00000 0.83335 0.99952 1.00000 0.06027 0.18938 0.34528 0.30552 0.14659 0.14465 0.13680 0.65386 0.36719 0.24324 0.49267 0.13808 0.99774 0.72352 0.36731 0.00000 0.33333 0.65116 1.00000 0.16187 0.15996
19.00000 150.00000 0.23807 0.29691 1.00000 0.59794 0.64373 0.71380 0.71172 0.61718 0.61572 0.61377 0.85366 0.73016 0.89189 0.78094 0.61329 0.99402 0.87257 0.13489 1.00000 0.72917 0.85412 1.00000 0.62620 0.63146
19.00000 151.00000 0.47622 0.83147 1.00000 0.62699 0.66437 0.67991 0.56167 0.50794 0.50000 0.46912 0.86544 0.68880 0.37838 0.68730 0.47247 0.99537 0.71433 0.33205 0.00000 0.67708 0.86469 1.00000 0.48251 0.49125
19.00000 152.00000 0.83322 0.99762 1.00000 0.06027 0.19194 0.37884 0.26717 0.14659 0.14465 0.13785 0.65434 0.38526 0.24324 0.47883 0.13725 0.99829 0.75782 0.38188 0.00000 0.35417 0.65116 1.00000 0.15398 0.16370
19.00000 153.00000 0.99985 0.99762 1.00000 0.00000 0.13065 0.32640 0.27430 0.00000 0.00063 0.00635 0.63108 0.36119 0.27027 0.50977 0.00408 0.99846 0.80411 0.37430 0.00000 0.33333 0.62791 1.00000 0.01337 0.01874
19.00000 154.00000 0.47623 0.83135 1.00000 0.62699 0.66878 0.68517 0.57637 0.50794 0.50000 0.46914 0.86572 0.68662 0.40541 0.69870 0.47006 0.99554 0.74085 0.35325 1.00000 0.66667 0.86469 1.00000 0.48320 0.48227
19.00000 155.00000 0.59517 0.73658 0.00000 0.23809 0.01973 0.07674 0.09979 0.29318 0.20881 0.09124 0.00475 0.09381 0.02703 0.06352 0.09060 0.00681 0.25615 0.98352 0.00000 0.08333 0.00000 0.00000 0.13512 0.13493
19.00000 156.00000 0.59518 0.73646 0.00000 0.23809 0.02119 0.05095 0.09459 0.29318 0.20881 0.09315 0.00505 0.10066 0.02703 0.08876 0.08979 0.00703 0.27369 0.96478 0.00000 0.07292 0.00000 0.00000 0.13717 0.13900
19.00000 157.00000 0.59522 0.73634 0.00000 0.23809 0.02129 0.07517 0.08427 0.29318 0.20881 0.09012 0.00524 0.09628 0.02703 0.06433 0.08979 0.00728 0.28759 0.97994 0.00000 0.06250 0.00000 0.00000 0.14060 0.13978
19.00000 158.00000 0.99978 0.99762 1.00000 0.00000 0.13965 0.33127 0.28424 0.00000 0.00063 0.00568 0.63156 0.38259 0.27027 0.51466 0.00497 0.99893 0.84379 0.37936 0.00000 0.31250 0.62791 1.00000 0.00754 0.01524
19.00000 159.00000 0.23801 0.29691 1.00000 0.59794 0.64070 0.72583 0.73516 0.61718 0.61572 0.61155 0.85395 0.76178 0.89189 0.80293 0.61190 0.99432 0.94837 0.13390 1.00000 0.71875 0.85412 1.00000 0.61660 0.62855
19.00000 160.00000 0.59523 0.73634 0.00000 0.23809 0.02330 0.08021 0.09650 0.29318 0.20881 0.09136 0.00566 0.10748 0.02703 0.06840 0.08974 0.00783 0.30733 0.99077 0.00000 0.06250 0.00000 0.00000 0.13615 0.14170
19.00000 161.00000 0.83315 0.99762 1.00000 0.06027 0.19222 0.37521 0.28823 0.14659 0.14465 0.13680 0.65557 0.41064 0.27027 0.51303 0.13727 1.00000 0.82965 0.38932 0.00000 0.36458 0.65116 1.00000 0.15706 0.15883
19.00000 162.00000 0.00007 0.00024 1.00000 1.00000 0.99330 0.97567 0.98667 1.00000 1.00000 0.99306 0.99941 1.00000 1.00000 0.96336 0.99188 0.99358 1.00000 0.07195 1.00000 0.96875 1.00000 1.00000 0.96708 0.97126
19.00000 163.00000 0.99980 0.99762 1.00000 0.00000 0.13983 0.33599 0.30275 0.00000 0.00063 0.00389 0.63215 0.39294 0.27027 0.53502 0.00451 0.99975 0.88459 0.37416 0.00000 0.33333 0.62791 1.00000 0.00823 0.01425
