90.00000 1.00000 0.35465 0.15385 1.00000 1.00000 0.30445 0.40008 0.33214 1.00000 1.00000 0.22222 0.68235 0.22790 0.33333 0.25143 0.22211 0.65476 0.21554 0.61154 1.00000 0.18182 1.00000 1.00000 0.50595 0.41284
90.00000 2.00000 0.50000 0.30769 1.00000 1.00000 0.47541 0.38540 0.30936 1.00000 1.00000 0.23563 0.64118 0.22975 0.33333 0.33714 0.21956 0.67857 0.21601 0.56615 1.00000 0.36364 1.00000 1.00000 0.58333 0.47583
90.00000 3.00000 0.46512 0.46154 1.00000 1.00000 0.37939 0.34762 0.41669 1.00000 1.00000 0.21504 0.65294 0.19957 0.33333 0.35429 0.22924 0.63095 0.23340 0.61057 1.00000 0.36364 1.00000 1.00000 0.57143 0.47917
90.00000 4.00000 0.63372 0.15385 1.00000 1.00000 0.30211 0.20474 0.25913 1.00000 1.00000 0.24617 0.64706 0.20886 0.33333 0.20000 0.23790 0.61905 0.23251 0.55770 1.00000 0.27273 1.00000 1.00000 0.51190 0.45468
90.00000 5.00000 0.55233 0.61538 1.00000 1.00000 0.47775 0.45567 0.38424 1.00000 1.00000 0.22318 0.65882 0.17489 0.33333 0.31429 0.20937 0.64881 0.22471 0.59730 1.00000 0.27273 1.00000 1.00000 0.50000 0.42898
90.00000 6.00000 0.74419 0.76923 1.00000 1.00000 0.42857 0.43844 0.37707 1.00000 1.00000 0.24808 0.66471 0.23940 0.33333 0.36571 0.20581 0.65476 0.25551 0.60430 1.00000 0.36364 1.00000 1.00000 0.48810 0.45273
90.00000 7.00000 0.47674 0.84615 1.00000 1.00000 0.22951 0.63261 0.40546 1.00000 1.00000 0.23180 0.67059 0.18889 0.33333 0.39429 0.21447 0.64881 0.22403 0.60381 1.00000 0.45455 1.00000 1.00000 0.46429 0.43483
90.00000 8.00000 0.22674 0.38462 1.00000 1.00000 0.38642 0.33470 0.34321 1.00000 1.00000 0.21504 0.63529 0.22785 0.33333 0.29143 0.23026 0.66667 0.20904 0.55239 1.00000 0.36364 1.00000 1.00000 0.52381 0.52250
90.00000 9.00000 0.48256 0.30769 1.00000 1.00000 0.38173 0.46467 0.49688 1.00000 1.00000 0.20402 0.60588 0.21020 0.33333 0.32000 0.21498 0.62500 0.23723 0.54780 1.00000 0.36364 1.00000 1.00000 0.45238 0.42796
90.00000 10.00000 0.54651 0.23077 1.00000 1.00000 0.31850 0.28616 0.25975 1.00000 1.00000 0.19444 0.65882 0.19383 0.33333 0.26286 0.24452 0.62500 0.24891 0.58233 1.00000 0.36364 1.00000 1.00000 0.42857 0.40579
90.00000 11.00000 0.32558 0.15385 1.00000 1.00000 0.43326 0.43511 0.27847 1.00000 0.93750 0.22270 0.68235 0.20904 0.33333 0.41143 0.22160 0.65476 0.19678 0.58329 1.00000 0.27273 1.00000 1.00000 0.43452 0.53159
90.00000 12.00000 0.64535 0.46154 1.00000 1.00000 0.35363 0.38462 0.38674 1.00000 1.00000 0.24234 0.68824 0.20733 0.33333 0.24000 0.20785 0.64881 0.22256 0.66296 1.00000 0.36364 1.00000 1.00000 0.43452 0.48372
90.00000 13.00000 0.72093 0.76923 1.00000 1.00000 0.42623 0.53416 0.28908 1.00000 0.93750 0.19444 0.64118 0.18390 0.33333 0.33143 0.24300 0.67857 0.23875 0.59681 1.00000 0.45455 1.00000 1.00000 0.41667 0.49810
90.00000 14.00000 0.53488 0.30769 1.00000 1.00000 0.30679 0.29771 0.44493 1.00000 1.00000 0.23755 0.65294 0.18131 0.33333 0.35429 0.25013 0.65476 0.20789 0.58764 1.00000 0.18182 1.00000 1.00000 0.51786 0.40041
90.00000 15.00000 0.41279 0.61538 1.00000 1.00000 0.39578 0.46408 0.45741 1.00000 1.00000 0.18534 0.66471 0.23696 0.33333 0.23429 0.21701 0.69643 0.21292 0.64486 1.00000 0.27273 1.00000 1.00000 0.44643 0.44438
90.00000 16.00000 0.34884 0.38462 1.00000 1.00000 0.22248 0.37346 0.32059 1.00000 1.00000 0.24952 0.65294 0.19180 0.33333 0.26857 0.21956 0.64881 0.23487 0.58933 1.00000 0.36364 1.00000 1.00000 0.46429 0.47388
90.00000 17.00000 0.47674 0.30769 1.00000 1.00000 0.25527 0.39910 0.37878 1.00000 1.00000 0.18008 0.63529 0.20183 0.33333 0.26286 0.22466 0.65476 0.21617 0.58788 1.00000 0.18182 1.00000 1.00000 0.52976 0.49012
90.00000 18.00000 0.34302 0.76923 1.00000 1.00000 0.38642 0.36700 0.33573 1.00000 1.00000 0.21073 0.66471 0.18949 0.33333 0.25714 0.25217 0.66667 0.23157 0.59271 1.00000 0.36364 1.00000 1.00000 0.48810 0.54328
90.00000 19.00000 0.52907 0.61538 1.00000 1.00000 0.44731 0.40517 0.39438 1.00000 1.00000 0.21073 0.66471 0.21759 0.33333 0.22857 0.22975 0.66667 0.24933 0.62192 1.00000 0.45455 1.00000 1.00000 0.55357 0.50051
90.00000 20.00000 0.56395 0.15385 1.00000 1.00000 0.29508 0.46330 0.28502 1.00000 1.00000 0.23707 0.64706 0.18186 0.33333 0.33714 0.22567 0.64286 0.23409 0.72887 1.00000 0.36364 1.00000 1.00000 0.47619 0.53029
90.00000 21.00000 0.50000 0.69231 1.00000 1.00000 0.37705 0.48894 0.32715 1.00000 1.00000 0.21025 0.67059 0.21597 0.33333 0.30286 0.25217 0.64286 0.24273 0.59561 1.00000 0.36364 1.00000 1.00000 0.45833 0.61898
90.00000 22.00000 0.18023 0.84615 1.00000 1.00000 0.29040 0.37463 0.35335 1.00000 1.00000 0.25239 0.64118 0.20451 0.33333 0.18286 0.21600 0.66071 0.25494 0.58088 1.00000 0.27273 1.00000 1.00000 0.53571 0.51916
90.00000 23.00000 0.55233 0.38462 1.00000 1.00000 0.35363 0.45939 0.32324 1.00000 1.00000 0.21695 0.68824 0.17073 0.33333 0.20000 0.21956 0.64881 0.25976 0.57388 1.00000 0.27273 1.00000 1.00000 0.50595 0.41451
90.00000 24.00000 0.24419 0.46154 1.00000 1.00000 0.42857 0.30789 0.29532 1.00000 1.00000 0.18439 0.64706 0.22711 0.33333 0.30286 0.21803 0.60119 0.21051 0.58184 1.00000 0.36364 1.00000 1.00000 0.44643 0.49003
90.00000 25.00000 0.51163 0.23077 1.00000 1.00000 0.31850 0.28264 0.37223 1.00000 1.00000 0.20833 0.66471 0.15552 0.33333 0.21143 0.22364 0.64881 0.21350 0.61709 1.00000 0.36364 1.00000 1.00000 0.47619 0.40533
90.00000 26.00000 0.48256 0.38462 1.00000 1.00000 0.33021 0.31356 0.28986 1.00000 1.00000 0.21552 0.67059 0.21791 0.33333 0.41143 0.23739 0.63095 0.24870 0.58571 1.00000 0.27273 1.00000 1.00000 0.50595 0.45719
90.00000 27.00000 0.57558 0.61538 1.00000 1.00000 0.33724 0.50519 0.39454 1.00000 1.00000 0.23276 0.67647 0.17854 0.33333 0.37143 0.24300 0.67857 0.22366 0.66393 1.00000 0.36364 1.00000 1.00000 0.54762 0.38037
90.00000 28.00000 0.54070 0.38462 1.00000 1.00000 0.37705 0.43472 0.40031 1.00000 0.93750 0.25192 0.65294 0.17941 0.33333 0.30286 0.21447 0.66667 0.22046 0.59126 1.00000 0.36364 1.00000 1.00000 0.58333 0.47119
90.00000 29.00000 0.40698 0.38462 1.00000 1.00000 0.31616 0.60599 0.52418 1.00000 1.00000 0.20738 0.65294 0.19601 0.33333 0.32571 0.22771 0.67262 0.25158 0.62941 1.00000 0.45455 1.00000 1.00000 0.47619 0.43501
90.00000 30.00000 0.20930 0.69231 1.00000 1.00000 0.33489 0.48777 0.35320 1.00000 1.00000 0.20881 0.67059 0.20479 0.33333 0.29143 0.20326 0.64881 0.23016 0.68711 1.00000 0.45455 1.00000 1.00000 0.57143 0.53354
90.00000 31.00000 0.51744 0.53846 1.00000 1.00000 0.33724 0.44157 0.49797 1.00000 1.00000 0.22893 0.66471 0.18015 0.33333 0.34286 0.24300 0.69048 0.21072 0.63665 1.00000 0.36364 1.00000 1.00000 0.58333 0.46053
90.00000 32.00000 0.61047 0.53846 1.00000 1.00000 0.33958 0.34390 0.40702 1.00000 0.93750 0.20019 0.65882 0.22295 0.33333 0.29714 0.24401 0.66667 0.22743 0.60381 1.00000 0.36364 1.00000 1.00000 0.60714 0.49754
90.00000 33.00000 0.41279 0.61538 1.00000 1.00000 0.38173 0.56684 0.41622 1.00000 1.00000 0.24521 0.67647 0.20733 0.33333 0.30857 0.17626 0.65476 0.21910 0.60068 1.00000 0.45455 1.00000 1.00000 0.41667 0.50942
90.00000 34.00000 0.43605 0.38462 1.00000 1.00000 0.26464 0.50656 0.40250 1.00000 1.00000 0.15996 0.66471 0.21685 0.33333 0.36571 0.18798 0.67262 0.24399 0.62651 1.00000 0.36364 1.00000 1.00000 0.41667 0.43511
90.00000 35.00000 0.39535 0.61538 1.00000 1.00000 0.39813 0.45841 0.30593 1.00000 1.00000 0.25910 0.67059 0.20326 0.33333 0.46857 0.20377 0.66071 0.25075 0.60188 1.00000 0.27273 1.00000 1.00000 0.51786 0.42574
90.00000 36.00000 0.48837 0.46154 1.00000 1.00000 0.23185 0.39969 0.43292 1.00000 1.00000 0.23420 0.65294 0.18944 0.33333 0.35429 0.23179 0.64881 0.22570 0.59464 1.00000 0.45455 1.00000 1.00000 0.45833 0.50032
90.00000 37.00000 0.53488 0.30769 1.00000 1.00000 0.47307 0.43570 0.37878 1.00000 1.00000 0.19205 0.70000 0.21084 0.33333 0.26286 0.20122 0.67262 0.22597 0.56301 1.00000 0.27273 1.00000 1.00000 0.33333 0.44986
90.00000 38.00000 0.55814 0.76923 1.00000 1.00000 0.43091 0.27638 0.47332 1.00000 1.00000 0.22031 0.67059 0.21616 0.33333 0.33143 0.19766 0.65476 0.22843 0.66779 1.00000 0.18182 1.00000 1.00000 0.51190 0.45459
90.00000 39.00000 0.42442 0.30769 1.00000 1.00000 0.33021 0.46173 0.36724 1.00000 1.00000 0.22031 0.64706 0.22032 0.33333 0.26286 0.22415 0.64286 0.24137 0.70232 1.00000 0.45455 1.00000 1.00000 0.45238 0.46303
90.00000 40.00000 0.30233 0.38462 1.00000 1.00000 0.26698 0.35428 0.35273 1.00000 1.00000 0.24808 0.67647 0.23903 0.33333 0.32571 0.22109 0.66071 0.24331 0.61685 1.00000 0.54545 1.00000 1.00000 0.51190 0.56489
90.00000 41.00000 0.47093 0.53846 1.00000 1.00000 0.34895 0.51889 0.39766 1.00000 1.00000 0.26245 0.67647 0.19000 0.33333 0.44571 0.24300 0.67857 0.22046 0.55263 1.00000 0.45455 1.00000 1.00000 0.54167 0.40579
90.00000 42.00000 0.43605 0.46154 1.00000 1.00000 0.36768 0.38951 0.38565 1.00000 1.00000 0.22845 0.68824 0.18718 0.33333 0.38857 0.22160 0.63095 0.24273 0.66079 1.00000 0.27273 1.00000 1.00000 0.52976 0.45913
90.00000 43.00000 0.38953 0.46154 1.00000 1.00000 0.31850 0.45528 0.40234 1.00000 1.00000 0.22749 0.67059 0.23141 0.33333 0.38286 0.20071 0.64881 0.22528 0.58353 1.00000 0.36364 1.00000 1.00000 0.51786 0.41423
90.00000 44.00000 0.16860 0.23077 1.00000 1.00000 0.20141 0.31435 0.49704 1.00000 1.00000 0.21743 0.67647 0.18635 0.33333 0.30286 0.23179 0.65476 0.22450 0.70521 1.00000 0.36364 1.00000 1.00000 0.41667 0.55321
90.00000 45.00000 0.39535 0.76923 1.00000 1.00000 0.31850 0.30065 0.38409 1.00000 1.00000 0.18582 0.66471 0.20280 0.33333 0.39429 0.24045 0.66071 0.22963 0.53790 1.00000 0.36364 1.00000 1.00000 0.48214 0.44976
90.00000 46.00000 0.56977 0.61538 1.00000 1.00000 0.36066 0.36915 0.47441 1.00000 1.00000 0.21169 0.68235 0.20086 0.33333 0.25714 0.20632 0.65476 0.22172 0.62120 1.00000 0.27273 1.00000 1.00000 0.34524 0.41367
90.00000 47.00000 0.59884 0.61538 1.00000 1.00000 0.38642 0.46780 0.46630 1.00000 1.00000 0.21360 0.70000 0.23039 0.33333 0.26857 0.24350 0.64881 0.24760 0.59319 1.00000 0.45455 1.00000 1.00000 0.50595 0.47518
90.00000 48.00000 0.15698 0.30769 1.00000 1.00000 0.36534 0.46839 0.38534 1.00000 1.00000 0.19492 0.67059 0.23589 0.33333 0.37143 0.20886 0.66667 0.24818 0.61975 1.00000 0.36364 1.00000 1.00000 0.45238 0.41136
90.00000 49.00000 0.34302 0.30769 1.00000 1.00000 0.29742 0.44627 0.32902 1.00000 0.93750 0.22989 0.63529 0.22526 0.33333 0.28571 0.20428 0.66667 0.22858 0.58305 1.00000 0.27273 1.00000 1.00000 0.33333 0.46090
90.00000 50.00000 0.59884 0.61538 1.00000 1.00000 0.27635 0.48366 0.44025 1.00000 1.00000 0.22318 0.65294 0.22984 0.33333 0.29143 0.22669 0.64881 0.22817 0.64993 1.00000 0.36364 1.00000 1.00000 0.49405 0.58122
90.00000 51.00000 0.42442 0.46154 1.00000 1.00000 0.29742 0.43335 0.42371 1.00000 1.00000 0.22510 0.68235 0.21107 0.33333 0.34857 0.22211 0.64881 0.26102 0.68276 1.00000 0.45455 1.00000 1.00000 0.46429 0.41562
90.00000 52.00000 0.47674 0.38462 1.00000 1.00000 0.20609 0.49481 0.41732 1.00000 1.00000 0.21552 0.65882 0.20719 0.33333 0.37143 0.19715 0.68452 0.26185 0.63544 1.00000 0.45455 1.00000 1.00000 0.52381 0.40644
90.00000 53.00000 0.63372 0.61538 1.00000 1.00000 0.31382 0.51595 0.43495 1.00000 0.93750 0.21887 0.64706 0.18621 0.33333 0.21714 0.22720 0.62500 0.21502 0.59730 1.00000 0.36364 1.00000 1.00000 0.45833 0.48604
90.00000 54.00000 0.65698 0.38462 1.00000 1.00000 0.37939 0.42631 0.43791 1.00000 1.00000 0.18966 0.63529 0.20192 0.33333 0.37714 0.20886 0.67262 0.26453 0.54635 1.00000 0.36364 1.00000 1.00000 0.54762 0.41924
90.00000 55.00000 0.62209 0.38462 1.00000 1.00000 0.40515 0.53866 0.38861 1.00000 1.00000 0.23228 0.66471 0.23913 0.33333 0.31429 0.21090 0.66667 0.24189 0.57412 1.00000 0.36364 1.00000 1.00000 0.45833 0.53372
90.00000 56.00000 0.66860 0.15385 1.00000 1.00000 0.42857 0.41084 0.24353 1.00000 1.00000 0.21312 0.68235 0.22970 0.33333 0.22286 0.17320 0.68452 0.24624 0.70425 1.00000 0.36364 1.00000 1.00000 0.41667 0.57529
90.00000 57.00000 0.49419 0.15385 1.00000 1.00000 0.29274 0.45625 0.37863 1.00000 1.00000 0.18918 0.68824 0.18658 0.33333 0.38857 0.22771 0.66071 0.24525 0.57919 1.00000 0.27273 1.00000 1.00000 0.44048 0.48131
90.00000 58.00000 0.71512 0.92308 1.00000 1.00000 0.38173 0.37483 0.31295 1.00000 1.00000 0.22557 0.65882 0.19028 0.33333 0.35429 0.23332 0.67262 0.23843 0.55891 1.00000 0.36364 1.00000 1.00000 0.54762 0.45051
90.00000 59.00000 0.65698 0.15385 1.00000 1.00000 0.38407 0.41358 0.46178 1.00000 1.00000 0.21935 0.69412 0.25507 0.33333 0.32571 0.22720 0.67857 0.23718 0.52970 1.00000 0.27273 1.00000 1.00000 0.38690 0.40885
90.00000 60.00000 0.44767 0.53846 1.00000 1.00000 0.37705 0.30848 0.36693 1.00000 1.00000 0.20115 0.67647 0.19688 0.33333 0.34857 0.21956 0.65476 0.21287 0.61202 1.00000 0.27273 1.00000 1.00000 0.51190 0.57232
90.00000 61.00000 0.55233 0.30769 1.00000 1.00000 0.51522 0.39518 0.38830 1.00000 1.00000 0.24856 0.69412 0.18071 0.33333 0.45143 0.21498 0.66667 0.22361 0.59899 1.00000 0.45455 1.00000 1.00000 0.45833 0.38584
90.00000 62.00000 0.58721 0.84615 1.00000 1.00000 0.37705 0.46213 0.32980 1.00000 1.00000 0.20402 0.63529 0.18353 0.33333 0.30286 0.20988 0.66667 0.22487 0.57122 1.00000 0.27273 1.00000 1.00000 0.34524 0.41943
90.00000 63.00000 0.62209 0.15385 1.00000 1.00000 0.36534 0.44490 0.45959 1.00000 1.00000 0.22126 0.62941 0.25627 0.33333 0.26857 0.21294 0.66071 0.21056 0.58957 1.00000 0.36364 1.00000 1.00000 0.41667 0.49940
90.00000 64.00000 0.47674 0.84615 1.00000 1.00000 0.22014 0.41319 0.29298 1.00000 1.00000 0.23372 0.66471 0.24047 0.33333 0.39429 0.24656 0.67262 0.22921 0.56953 1.00000 0.27273 1.00000 1.00000 0.41071 0.46850
90.00000 65.00000 0.42442 0.84615 1.00000 1.00000 0.30913 0.55608 0.34165 1.00000 1.00000 0.20977 0.67059 0.20534 0.33333 0.30857 0.19205 0.64881 0.24477 0.59850 1.00000 0.36364 1.00000 1.00000 0.35714 0.39707
90.00000 66.00000 0.29070 0.84615 1.00000 1.00000 0.31382 0.40947 0.44462 1.00000 1.00000 0.22270 0.65882 0.22240 0.33333 0.40000 0.21141 0.67262 0.24184 0.63737 1.00000 0.45455 1.00000 1.00000 0.40476 0.53270
90.00000 67.00000 0.34884 0.76923 1.00000 1.00000 0.18735 0.43825 0.43900 1.00000 1.00000 0.22893 0.65882 0.23566 0.33333 0.34857 0.21192 0.69643 0.28119 0.61709 1.00000 0.36364 1.00000 1.00000 0.52976 0.51684
90.00000 68.00000 0.80233 0.61538 1.00000 1.00000 0.29274 0.51067 0.33744 1.00000 1.00000 0.23515 0.69412 0.19827 0.33333 0.34857 0.25013 0.68452 0.24367 0.62675 1.00000 0.45455 1.00000 1.00000 0.50595 0.43269
90.00000 69.00000 0.40116 0.76923 1.00000 1.00000 0.39110 0.43785 0.39423 1.00000 1.00000 0.24425 0.67647 0.19550 0.33333 0.36571 0.23994 0.66071 0.22345 0.65765 1.00000 0.27273 1.00000 1.00000 0.36905 0.45746
90.00000 70.00000 0.49419 0.61538 1.00000 1.00000 0.44731 0.42944 0.40905 1.00000 1.00000 0.19444 0.68824 0.22013 0.33333 0.42857 0.21447 0.66667 0.20286 0.60092 1.00000 0.36364 1.00000 1.00000 0.43452 0.45004
90.00000 71.00000 0.50581 0.61538 1.00000 1.00000 0.38173 0.44001 0.41888 1.00000 1.00000 0.22318 0.65882 0.21292 0.33333 0.34857 0.22415 0.63690 0.22277 0.53863 1.00000 0.27273 1.00000 1.00000 0.51190 0.45561
90.00000 72.00000 0.51744 0.84615 1.00000 1.00000 0.35831 0.58759 0.48222 1.00000 1.00000 0.19588 0.67059 0.19365 0.33333 0.36000 0.20275 0.66071 0.22843 0.66296 1.00000 0.36364 1.00000 1.00000 0.44643 0.45867
90.00000 73.00000 0.70349 0.61538 1.00000 1.00000 0.38642 0.53259 0.46100 1.00000 1.00000 0.22653 0.65882 0.22189 0.33333 0.37143 0.20632 0.66071 0.23733 0.64848 1.00000 0.45455 1.00000 1.00000 0.41071 0.46117
90.00000 74.00000 0.46512 0.15385 1.00000 1.00000 0.31148 0.36387 0.38331 1.00000 1.00000 0.19588 0.68824 0.20340 0.33333 0.44571 0.19613 0.65476 0.24566 0.60164 1.00000 0.36364 1.00000 1.00000 0.29167 0.38148
90.00000 75.00000 0.48837 0.69231 1.00000 1.00000 0.39344 0.61421 0.38097 1.00000 1.00000 0.21791 0.65294 0.21570 0.33333 0.28571 0.20734 0.69048 0.21769 0.64606 1.00000 0.27273 1.00000 1.00000 0.45238 0.51693
90.00000 76.00000 0.66279 0.69231 1.00000 1.00000 0.35831 0.47955 0.52387 1.00000 1.00000 0.24473 0.66471 0.18561 0.33333 0.46857 0.23535 0.67262 0.19862 0.62265 1.00000 0.27273 1.00000 1.00000 0.35119 0.41609
90.00000 77.00000 0.52326 0.38462 1.00000 1.00000 0.32084 0.23919 0.34306 1.00000 1.00000 0.21360 0.66471 0.20858 0.33333 0.43429 0.20683 0.64286 0.22277 0.57412 1.00000 0.45455 1.00000 1.00000 0.33929 0.41646
90.00000 78.00000 0.56395 0.53846 1.00000 1.00000 0.36534 0.42454 0.39142 1.00000 1.00000 0.18247 0.67059 0.21648 0.33333 0.37143 0.20530 0.65476 0.23089 0.63713 1.00000 0.45455 1.00000 1.00000 0.35119 0.52138
90.00000 79.00000 0.72674 0.76923 1.00000 1.00000 0.21311 0.34038 0.37145 1.00000 1.00000 0.21695 0.68235 0.20252 0.33333 0.35429 0.19664 0.66667 0.26411 0.66031 1.00000 0.45455 1.00000 1.00000 0.38690 0.49958
90.00000 80.00000 0.37791 0.38462 1.00000 1.00000 0.32787 0.53748 0.35445 1.00000 1.00000 0.19349 0.64706 0.21611 0.33333 0.36571 0.23332 0.64881 0.23990 0.57098 1.00000 0.36364 1.00000 1.00000 0.45833 0.41451
90.00000 81.00000 0.59884 0.23077 1.00000 1.00000 0.38642 0.56058 0.42090 1.00000 1.00000 0.21216 0.69412 0.21907 0.33333 0.40000 0.22873 0.66071 0.23367 0.75857 1.00000 0.36364 1.00000 1.00000 0.55357 0.45904
90.00000 82.00000 0.43023 0.53846 1.00000 1.00000 0.40281 0.37483 0.40671 1.00000 1.00000 0.23803 0.68235 0.19758 0.33333 0.42857 0.21192 0.66667 0.24320 0.50821 1.00000 0.27273 1.00000 1.00000 0.41071 0.44253
90.00000 83.00000 0.56395 0.15385 1.00000 1.00000 0.38876 0.49227 0.33073 1.00000 1.00000 0.19061 0.68235 0.19388 0.33333 0.33143 0.22313 0.65476 0.20925 0.61202 1.00000 0.36364 1.00000 1.00000 0.44643 0.44865
90.00000 84.00000 0.47093 0.84615 1.00000 1.00000 0.22717 0.49403 0.36115 1.00000 1.00000 0.18870 0.69412 0.24527 0.33333 0.28571 0.21701 0.67262 0.22581 0.69507 1.00000 0.36364 1.00000 1.00000 0.45833 0.44772
90.00000 85.00000 0.44767 0.69231 1.00000 1.00000 0.38876 0.55686 0.42293 1.00000 1.00000 0.22845 0.64706 0.20192 0.33333 0.37143 0.22618 0.66667 0.22691 0.65379 1.00000 0.45455 1.00000 1.00000 0.50000 0.36413
90.00000 86.00000 0.44186 0.15385 1.00000 1.00000 0.33489 0.46819 0.38549 1.00000 1.00000 0.21360 0.66471 0.18695 0.33333 0.37714 0.18798 0.64286 0.22523 0.60985 1.00000 0.45455 1.00000 1.00000 0.30357 0.46461
90.00000 87.00000 0.69186 0.46154 1.00000 1.00000 0.50351 0.24604 0.49828 1.00000 1.00000 0.19684 0.66471 0.21278 0.33333 0.29714 0.22109 0.66071 0.22020 0.69218 1.00000 0.36364 1.00000 1.00000 0.37500 0.43074
90.00000 88.00000 0.38372 0.53846 1.00000 1.00000 0.35831 0.49012 0.45039 1.00000 1.00000 0.21121 0.70000 0.21399 0.33333 0.43429 0.20886 0.67857 0.21816 0.66103 1.00000 0.36364 1.00000 1.00000 0.33929 0.44123
90.00000 89.00000 0.54070 0.38462 1.00000 1.00000 0.48712 0.49149 0.32902 1.00000 1.00000 0.20929 0.67647 0.22124 0.33333 0.32571 0.23026 0.66071 0.25499 0.72018 1.00000 0.45455 1.00000 1.00000 0.45238 0.35541
90.00000 90.00000 0.65116 0.15385 1.00000 1.00000 0.39110 0.41848 0.32153 1.00000 1.00000 0.17050 0.68824 0.20654 0.33333 0.49714 0.20683 0.65476 0.24069 0.67648 1.00000 0.36364 1.00000 1.00000 0.43452 0.48233
90.00000 91.00000 0.45349 0.69231 1.00000 1.00000 0.32787 0.53279 0.42324 1.00000 1.00000 0.19923 0.70000 0.18635 0.33333 0.40571 0.21294 0.68452 0.24572 0.65741 1.00000 0.36364 1.00000 1.00000 0.44643 0.39827
90.00000 92.00000 0.14535 0.15385 1.00000 1.00000 0.36066 0.61480 0.25101 1.00000 1.00000 0.22462 0.70000 0.22526 0.33333 0.44571 0.22924 0.67262 0.27668 0.61951 1.00000 0.54545 1.00000 1.00000 0.42262 0.36311
90.00000 93.00000 0.43605 0.46154 1.00000 1.00000 0.29508 0.37737 0.43105 1.00000 1.00000 0.15038 0.65882 0.19277 0.33333 0.41714 0.16862 0.64286 0.21832 0.56784 1.00000 0.45455 1.00000 1.00000 0.41667 0.42638
90.00000 94.00000 0.72093 0.76923 1.00000 1.00000 0.46370 0.39538 0.42933 1.00000 1.00000 0.19540 0.69412 0.20262 0.33333 0.38286 0.22415 0.64881 0.24766 0.67069 1.00000 0.09091 1.00000 1.00000 0.38690 0.48771
90.00000 95.00000 0.48837 0.46154 1.00000 1.00000 0.41920 0.42376 0.49329 1.00000 1.00000 0.24808 0.66471 0.20641 0.33333 0.32571 0.22975 0.66071 0.22062 0.59730 1.00000 0.27273 1.00000 1.00000 0.41071 0.52500
90.00000 96.00000 0.55814 0.30769 1.00000 1.00000 0.40047 0.52711 0.38253 1.00000 1.00000 0.19828 0.66471 0.24259 0.33333 0.37143 0.21345 0.70833 0.26421 0.70835 1.00000 0.36364 1.00000 1.00000 0.56548 0.45088
90.00000 97.00000 0.20930 0.84615 1.00000 1.00000 0.38876 0.53279 0.40702 1.00000 1.00000 0.18151 0.67647 0.22101 0.33333 0.43429 0.21651 0.67262 0.23199 0.58860 1.00000 0.36364 1.00000 1.00000 0.48214 0.33250
90.00000 98.00000 0.50581 0.69231 1.00000 1.00000 0.37002 0.52417 0.46880 1.00000 1.00000 0.21408 0.67059 0.21579 0.33333 0.40571 0.21498 0.64881 0.23162 0.66490 1.00000 0.45455 1.00000 1.00000 0.51190 0.48530
90.00000 99.00000 0.51744 0.46154 1.00000 1.00000 0.42155 0.49716 0.40390 1.00000 1.00000 0.18582 0.64118 0.21468 0.33333 0.46286 0.18288 0.69048 0.25520 0.71342 1.00000 0.45455 1.00000 1.00000 0.44643 0.39401
90.00000 100.00000 0.21512 0.76923 1.00000 1.00000 0.34426 0.53944 0.42683 1.00000 1.00000 0.19540 0.70000 0.22448 0.33333 0.42857 0.20326 0.64286 0.23215 0.76050 1.00000 0.54545 1.00000 1.00000 0.51786 0.41312
90.00000 101.00000 0.37209 0.23077 1.00000 1.00000 0.31382 0.25563 0.37020 1.00000 1.00000 0.20019 0.67059 0.20650 0.33333 0.44000 0.17932 0.67857 0.21931 0.73491 1.00000 0.36364 1.00000 1.00000 0.51190 0.48530
90.00000 102.00000 0.33721 0.23077 1.00000 1.00000 0.42857 0.36563 0.42761 1.00000 1.00000 0.17193 0.66471 0.22817 0.33333 0.44000 0.20479 0.67857 0.21811 0.56446 1.00000 0.36364 1.00000 1.00000 0.45833 0.41154
90.00000 103.00000 0.52326 0.15385 1.00000 1.00000 0.49180 0.33372 0.52668 1.00000 1.00000 0.18870 0.67059 0.21875 0.33333 0.36571 0.19918 0.62500 0.24200 0.69338 1.00000 0.27273 1.00000 1.00000 0.48810 0.46322
90.00000 104.00000 0.48837 0.69231 1.00000 1.00000 0.42623 0.55334 0.42933 1.00000 1.00000 0.16954 0.67059 0.18732 0.33333 0.44000 0.20173 0.68452 0.21821 0.58667 1.00000 0.36364 1.00000 1.00000 0.51190 0.38083
90.00000 105.00000 0.40116 0.76923 1.00000 1.00000 0.39578 0.50714 0.30140 1.00000 1.00000 0.19061 0.63529 0.22452 0.33333 0.43429 0.19307 0.67262 0.22094 0.64824 1.00000 0.45455 1.00000 1.00000 0.36905 0.47314
90.00000 106.00000 0.41860 0.92308 1.00000 1.00000 0.46370 0.49971 0.39579 1.00000 1.00000 0.14511 0.68824 0.22619 0.33333 0.33714 0.18237 0.69643 0.22638 0.59512 1.00000 0.27273 1.00000 1.00000 0.42262 0.35885
90.00000 107.00000 0.31395 0.30769 1.00000 1.00000 0.31850 0.39988 0.50796 1.00000 1.00000 0.23036 0.67059 0.24985 0.33333 0.48571 0.19969 0.67857 0.24430 0.65500 1.00000 0.27273 1.00000 1.00000 0.47024 0.40032
90.00000 108.00000 0.45349 0.53846 1.00000 1.00000 0.36300 0.49070 0.50047 1.00000 1.00000 0.20354 0.66471 0.21870 0.33333 0.48000 0.18849 0.68452 0.23812 0.61202 1.00000 0.45455 1.00000 1.00000 0.41667 0.51368
90.00000 109.00000 0.55233 0.38462 1.00000 1.00000 0.47541 0.38422 0.39579 1.00000 1.00000 0.17241 0.68824 0.19088 0.33333 0.34857 0.21498 0.70833 0.28098 0.63544 1.00000 0.45455 1.00000 1.00000 0.34524 0.39605
90.00000 110.00000 0.47674 0.53846 1.00000 1.00000 0.41686 0.34038 0.41061 1.00000 1.00000 0.18582 0.70588 0.25285 0.33333 0.45143 0.17779 0.69048 0.21502 0.73660 1.00000 0.45455 1.00000 1.00000 0.48214 0.39540
90.00000 111.00000 0.55814 0.38462 1.00000 1.00000 0.45902 0.58172 0.48861 1.00000 1.00000 0.19397 0.65882 0.21103 0.33333 0.41143 0.18900 0.67857 0.23650 0.69845 1.00000 0.45455 1.00000 1.00000 0.33929 0.39493
90.00000 112.00000 0.42442 0.38462 1.00000 1.00000 0.48712 0.37522 0.50296 1.00000 1.00000 0.20929 0.70000 0.21620 0.33333 0.33714 0.18900 0.67857 0.24828 0.62699 1.00000 0.36364 1.00000 1.00000 0.38095 0.41024
90.00000 113.00000 0.34884 0.53846 1.00000 1.00000 0.40984 0.43648 0.41248 1.00000 1.00000 0.19349 0.66471 0.20936 0.33333 0.50857 0.17269 0.65476 0.24168 0.72042 1.00000 0.36364 1.00000 1.00000 0.42262 0.45969
90.00000 114.00000 0.52326 0.30769 1.00000 1.00000 0.46136 0.44431 0.47598 1.00000 1.00000 0.20881 0.67647 0.19120 0.33333 0.49714 0.20988 0.67262 0.21701 0.73901 1.00000 0.36364 1.00000 1.00000 0.39286 0.40041
90.00000 115.00000 0.42442 0.53846 1.00000 1.00000 0.46604 0.39440 0.57379 1.00000 1.00000 0.21887 0.69412 0.19776 0.33333 0.49143 0.18288 0.67857 0.22214 0.66683 1.00000 0.45455 1.00000 1.00000 0.34524 0.47101
90.00000 116.00000 0.48256 0.46154 1.00000 1.00000 0.40281 0.59992 0.28674 1.00000 1.00000 0.19253 0.68235 0.20396 0.33333 0.42857 0.19613 0.65476 0.23534 0.70618 1.00000 0.54545 1.00000 1.00000 0.48810 0.30958
90.00000 117.00000 0.38372 0.61538 1.00000 1.00000 0.48712 0.44060 0.59314 1.00000 1.00000 0.20115 0.67059 0.23931 0.33333 0.47429 0.19358 0.66667 0.22067 0.71801 1.00000 0.54545 1.00000 1.00000 0.42857 0.36348
90.00000 118.00000 0.77326 0.30769 1.00000 1.00000 0.27400 0.49051 0.47239 1.00000 1.00000 0.18822 0.70588 0.22018 0.33333 0.49714 0.17677 0.70238 0.24650 0.65958 1.00000 0.63636 1.00000 1.00000 0.40476 0.32127
90.00000 119.00000 0.54651 0.30769 1.00000 1.00000 0.45199 0.45625 0.41388 1.00000 1.00000 0.18918 0.71176 0.25239 0.33333 0.50857 0.19664 0.69048 0.24441 0.67842 1.00000 0.45455 1.00000 1.00000 0.42262 0.36005
90.00000 120.00000 0.50581 0.46154 1.00000 1.00000 0.38407 0.54492 0.51045 1.00000 1.00000 0.20450 0.67059 0.21417 0.33333 0.46857 0.16862 0.67857 0.25048 0.69483 1.00000 0.54545 1.00000 1.00000 0.41667 0.51749
90.00000 121.00000 0.66860 0.53846 1.00000 1.00000 0.27869 0.40341 0.48362 1.00000 1.00000 0.21169 0.70000 0.21426 0.33333 0.45143 0.18339 0.68452 0.26662 0.56253 1.00000 0.45455 1.00000 1.00000 0.44643 0.34994
90.00000 122.00000 0.27326 0.23077 1.00000 1.00000 0.36066 0.44294 0.37582 1.00000 1.00000 0.21552 0.68235 0.21741 0.33333 0.46286 0.19868 0.69643 0.25923 0.68880 1.00000 0.36364 1.00000 1.00000 0.44643 0.45468
90.00000 123.00000 0.58721 0.23077 1.00000 1.00000 0.32084 0.45802 0.53339 1.00000 1.00000 0.20307 0.72353 0.23839 0.33333 0.54857 0.18390 0.67857 0.23152 0.69049 1.00000 0.54545 1.00000 1.00000 0.39881 0.28852
90.00000 124.00000 0.51744 0.38462 1.00000 1.00000 0.32787 0.60344 0.48580 1.00000 1.00000 0.15038 0.71765 0.21306 0.33333 0.45143 0.19562 0.64286 0.22974 0.69218 1.00000 0.54545 1.00000 1.00000 0.36310 0.34855
90.00000 125.00000 0.50000 0.84615 1.00000 1.00000 0.51522 0.52359 0.49501 1.00000 1.00000 0.18678 0.68824 0.19698 0.33333 0.52000 0.18390 0.69048 0.24787 0.75785 1.00000 0.54545 1.00000 1.00000 0.40476 0.49708
90.00000 126.00000 0.50581 0.46154 1.00000 1.00000 0.29274 0.45958 0.48003 1.00000 1.00000 0.16427 0.67647 0.21112 0.33333 0.48000 0.19664 0.67857 0.21313 0.74384 1.00000 0.45455 1.00000 1.00000 0.44048 0.35857
90.00000 127.00000 0.47674 0.76923 1.00000 1.00000 0.38407 0.55197 0.53573 1.00000 1.00000 0.15230 0.72941 0.21579 0.33333 0.44000 0.20224 0.69643 0.27427 0.68349 1.00000 0.54545 1.00000 1.00000 0.33333 0.31496
90.00000 128.00000 0.45930 0.23077 1.00000 1.00000 0.32084 0.52476 0.51498 1.00000 1.00000 0.12835 0.71176 0.21352 0.33333 0.52571 0.18136 0.68452 0.24656 0.60188 1.00000 0.45455 1.00000 1.00000 0.48214 0.39586
90.00000 129.00000 0.50581 0.30769 1.00000 1.00000 0.58548 0.69387 0.45554 1.00000 1.00000 0.17337 0.70000 0.22475 0.33333 0.44571 0.18390 0.69048 0.25117 0.67310 1.00000 0.45455 1.00000 1.00000 0.39881 0.32610
90.00000 130.00000 0.58721 0.84615 1.00000 1.00000 0.39578 0.35623 0.53495 1.00000 1.00000 0.13410 0.71176 0.24130 0.33333 0.55429 0.20428 0.67857 0.23786 0.64655 1.00000 0.63636 1.00000 1.00000 0.22024 0.35133
90.00000 131.00000 0.51163 0.15385 1.00000 1.00000 0.33958 0.66510 0.47520 1.00000 1.00000 0.24090 0.68824 0.24957 0.33333 0.46857 0.19817 0.70238 0.24504 0.74336 1.00000 0.45455 1.00000 1.00000 0.30952 0.39159
90.00000 132.00000 0.83140 0.38462 1.00000 1.00000 0.41920 0.58661 0.44368 1.00000 1.00000 0.18774 0.72353 0.22498 0.33333 0.43429 0.17371 0.68452 0.25305 0.73274 1.00000 0.45455 1.00000 1.00000 0.33929 0.29585
90.00000 133.00000 0.73837 0.69231 1.00000 1.00000 0.40984 0.57232 0.48144 1.00000 1.00000 0.18247 0.69412 0.22083 0.33333 0.44000 0.19918 0.69643 0.23173 0.65983 1.00000 0.27273 1.00000 1.00000 0.42262 0.38167
90.00000 134.00000 0.44186 0.76923 1.00000 1.00000 0.43091 0.53357 0.41794 1.00000 1.00000 0.15757 0.71176 0.20035 0.33333 0.57143 0.22873 0.70238 0.25609 0.70811 1.00000 0.54545 1.00000 1.00000 0.44643 0.38297
90.00000 135.00000 0.27907 0.53846 1.00000 1.00000 0.58314 0.49618 0.53900 1.00000 1.00000 0.15469 0.72941 0.21764 0.33333 0.51429 0.16964 0.70238 0.23749 0.77523 1.00000 0.54545 1.00000 1.00000 0.41071 0.33927
90.00000 136.00000 0.59884 0.84615 1.00000 1.00000 0.46370 0.55666 0.49173 1.00000 1.00000 0.15326 0.70000 0.23266 0.33333 0.42857 0.17473 0.69643 0.21203 0.74167 1.00000 0.45455 1.00000 1.00000 0.38690 0.36877
90.00000 137.00000 0.54651 0.46154 1.00000 1.00000 0.41686 0.62419 0.48518 1.00000 1.00000 0.17529 0.71765 0.22730 0.33333 0.66857 0.18900 0.69048 0.23744 0.69628 1.00000 0.36364 1.00000 1.00000 0.40476 0.41599
90.00000 138.00000 0.62791 0.38462 1.00000 1.00000 0.44731 0.66960 0.49282 1.00000 0.93750 0.18295 0.71176 0.25484 0.33333 0.41143 0.18492 0.68452 0.21894 0.57508 1.00000 0.36364 1.00000 1.00000 0.26190 0.39076
90.00000 139.00000 0.47674 0.61538 1.00000 1.00000 0.29742 0.61793 0.48736 1.00000 1.00000 0.20498 0.71765 0.22198 0.33333 0.56571 0.16709 0.71429 0.23409 0.66586 1.00000 0.54545 1.00000 1.00000 0.23810 0.42045
90.00000 140.00000 0.41279 0.61538 1.00000 1.00000 0.56440 0.58113 0.49938 1.00000 1.00000 0.17193 0.70000 0.19739 0.33333 0.46286 0.19817 0.69643 0.23136 0.78730 1.00000 0.36364 1.00000 1.00000 0.36905 0.37183
90.00000 141.00000 0.48837 0.61538 1.00000 1.00000 0.44262 0.49520 0.58409 1.00000 1.00000 0.17816 0.74118 0.24477 0.33333 0.61714 0.17219 0.71429 0.23314 0.72187 1.00000 0.54545 1.00000 1.00000 0.38095 0.24297
90.00000 142.00000 0.70349 0.38462 1.00000 1.00000 0.48244 0.63222 0.54821 1.00000 1.00000 0.15134 0.70000 0.25868 0.33333 0.53143 0.15894 0.67262 0.23885 0.77113 1.00000 0.36364 1.00000 1.00000 0.39286 0.30810
90.00000 143.00000 0.36047 0.92308 1.00000 1.00000 0.63700 0.60168 0.60281 1.00000 1.00000 0.15900 0.74118 0.22873 0.33333 0.57143 0.16149 0.72024 0.24378 0.67552 1.00000 0.54545 1.00000 1.00000 0.33929 0.43028
90.00000 144.00000 0.59884 0.53846 1.00000 1.00000 0.52225 0.58681 0.48892 1.00000 1.00000 0.16619 0.71765 0.26020 0.33333 0.57143 0.18186 0.70238 0.26416 0.69387 1.00000 0.54545 1.00000 1.00000 0.36905 0.40885
90.00000 145.00000 0.51744 0.30769 1.00000 1.00000 0.50820 0.44725 0.61264 1.00000 1.00000 0.15086 0.70000 0.26335 0.33333 0.60571 0.19969 0.71429 0.23131 0.70811 1.00000 0.54545 1.00000 1.00000 0.38095 0.28815
90.00000 146.00000 0.58721 0.53846 1.00000 1.00000 0.45433 0.53259 0.52434 1.00000 1.00000 0.17672 0.74118 0.21685 0.33333 0.52571 0.16505 0.69643 0.25028 0.62071 1.00000 0.63636 1.00000 1.00000 0.35714 0.34243
90.00000 147.00000 0.57558 0.23077 1.00000 1.00000 0.72834 0.61636 0.59470 1.00000 1.00000 0.17098 0.72941 0.22531 0.33333 0.53714 0.15079 0.74405 0.24540 0.76099 1.00000 0.54545 1.00000 1.00000 0.38095 0.24743
90.00000 148.00000 0.31977 0.38462 1.00000 1.00000 0.48946 0.53102 0.56037 1.00000 1.00000 0.19349 0.72941 0.24001 0.33333 0.58857 0.15232 0.73810 0.25064 0.72887 1.00000 0.54545 1.00000 1.00000 0.32143 0.36636
90.00000 149.00000 0.43605 0.15385 1.00000 1.00000 0.53396 0.56489 0.48924 1.00000 1.00000 0.14224 0.72353 0.21491 0.33333 0.56000 0.16098 0.71429 0.25174 0.77137 1.00000 0.63636 1.00000 1.00000 0.35119 0.42453
90.00000 150.00000 0.27907 0.69231 1.00000 1.00000 0.48946 0.48659 0.58752 1.00000 1.00000 0.20307 0.72941 0.22891 0.33333 0.49143 0.16403 0.73214 0.23629 0.81241 1.00000 0.54545 1.00000 1.00000 0.35119 0.36061
90.00000 151.00000 0.45349 0.30769 1.00000 1.00000 0.52927 0.62380 0.62168 1.00000 1.00000 0.13314 0.74118 0.23765 0.33333 0.56571 0.15436 0.67857 0.27259 0.59029 1.00000 0.54545 1.00000 1.00000 0.36905 0.33064
90.00000 152.00000 0.42442 0.69231 1.00000 1.00000 0.55035 0.51537 0.63401 1.00000 1.00000 0.15134 0.73529 0.26265 0.33333 0.62286 0.15792 0.71429 0.25489 0.77982 1.00000 0.63636 1.00000 1.00000 0.30952 0.33454
90.00000 153.00000 0.45349 0.23077 1.00000 1.00000 0.54333 0.60031 0.53775 1.00000 1.00000 0.12117 0.74706 0.27629 0.33333 0.64571 0.17932 0.73214 0.25782 0.81579 1.00000 0.72727 1.00000 1.00000 0.27976 0.24650
90.00000 154.00000 0.59884 0.30769 1.00000 1.00000 0.61124 0.65394 0.62933 1.00000 1.00000 0.15661 0.75294 0.26921 0.33333 0.53143 0.15436 0.74405 0.26122 0.81869 1.00000 0.54545 1.00000 1.00000 0.26786 0.33380
90.00000 155.00000 0.58721 0.53846 1.00000 1.00000 0.43560 0.58035 0.66349 1.00000 1.00000 0.13985 0.77647 0.22956 0.33333 0.52571 0.13041 0.74405 0.26908 0.81579 1.00000 0.54545 1.00000 1.00000 0.35119 0.18926
90.00000 156.00000 0.58721 0.61538 1.00000 1.00000 0.42623 0.54649 0.60031 1.00000 1.00000 0.12692 0.71765 0.24449 0.33333 0.64571 0.14315 0.72024 0.26353 0.71994 1.00000 0.72727 1.00000 1.00000 0.22619 0.28055
90.00000 157.00000 0.54070 0.15385 1.00000 1.00000 0.43560 0.38090 0.66802 1.00000 1.00000 0.10680 0.76471 0.25350 0.33333 0.69714 0.12634 0.74405 0.24357 0.77330 1.00000 0.63636 1.00000 1.00000 0.31548 0.26199
90.00000 158.00000 0.52907 0.23077 1.00000 1.00000 0.57611 0.69505 0.63385 1.00000 1.00000 0.13314 0.72941 0.21648 0.33333 0.57143 0.13856 0.73214 0.23802 0.83752 1.00000 0.54545 1.00000 1.00000 0.25000 0.23648
90.00000 159.00000 0.30233 0.46154 1.00000 1.00000 0.44496 0.68115 0.57317 1.00000 1.00000 0.10153 0.72941 0.23441 0.33333 0.72571 0.15028 0.72619 0.25117 0.76678 1.00000 0.63636 1.00000 1.00000 0.22619 0.34660
90.00000 160.00000 0.40698 0.76923 1.00000 1.00000 0.60422 0.61284 0.60000 1.00000 1.00000 0.12452 0.75294 0.22609 0.33333 0.69143 0.13602 0.73214 0.25693 0.67262 1.00000 0.45455 1.00000 1.00000 0.12500 0.31561
90.00000 161.00000 0.80814 0.46154 1.00000 1.00000 0.43091 0.63359 0.57457 1.00000 1.00000 0.14224 0.72941 0.25808 0.33333 0.64000 0.14977 0.72024 0.27259 0.81434 1.00000 0.54545 1.00000 1.00000 0.27976 0.27869
90.00000 162.00000 0.64535 0.23077 1.00000 1.00000 0.52693 0.77569 0.64774 1.00000 1.00000 0.12883 0.74118 0.24056 0.33333 0.67429 0.16302 0.72024 0.26196 0.78102 1.00000 0.63636 1.00000 1.00000 0.18452 0.38733
90.00000 163.00000 0.51744 0.38462 1.00000 1.00000 0.63700 0.60853 0.64337 1.00000 1.00000 0.11207 0.74118 0.27342 0.33333 0.66857 0.11513 0.76786 0.25426 0.85249 1.00000 0.72727 1.00000 1.00000 0.26786 0.34354
90.00000 164.00000 0.63953 0.61538 1.00000 1.00000 0.48244 0.78058 0.80577 1.00000 1.00000 0.10393 0.74706 0.25281 0.33333 0.60571 0.14315 0.74405 0.23938 0.77040 1.00000 0.54545 1.00000 1.00000 0.20833 0.17182
90.00000 165.00000 0.31977 0.23077 1.00000 1.00000 0.55035 0.66765 0.70000 1.00000 1.00000 0.12021 0.73529 0.27647 0.33333 0.69143 0.17015 0.76786 0.27930 0.69797 1.00000 0.72727 1.00000 1.00000 0.26190 0.24149
90.00000 166.00000 0.36047 0.76923 1.00000 1.00000 0.52927 0.63789 0.75226 1.00000 1.00000 0.12165 0.76471 0.25308 0.33333 0.69143 0.14162 0.73810 0.25730 0.83341 1.00000 0.72727 1.00000 1.00000 0.11905 0.21152
90.00000 167.00000 0.68023 0.84615 1.00000 1.00000 0.51288 0.72010 0.72886 1.00000 1.00000 0.09722 0.74706 0.26898 0.33333 0.81714 0.13551 0.73214 0.26122 0.80493 1.00000 0.54545 1.00000 1.00000 0.25595 0.12246
90.00000 168.00000 0.79651 0.38462 1.00000 1.00000 0.63700 0.49129 0.72340 1.00000 1.00000 0.12644 0.78824 0.24976 0.33333 0.78286 0.13653 0.75595 0.28920 0.85394 1.00000 0.63636 1.00000 1.00000 0.20238 0.24576
90.00000 169.00000 0.44186 0.30769 1.00000 1.00000 0.61124 0.65864 0.61763 1.00000 1.00000 0.11877 0.73529 0.28137 0.33333 0.74857 0.13856 0.76190 0.24425 0.81989 1.00000 0.54545 1.00000 1.00000 0.19048 0.33064
90.00000 170.00000 0.59302 0.23077 1.00000 1.00000 0.52459 0.75122 0.78502 1.00000 1.00000 0.11973 0.77647 0.27116 0.33333 0.83429 0.14264 0.75595 0.28391 0.77620 1.00000 0.63636 1.00000 1.00000 0.25595 0.20187
90.00000 171.00000 0.69186 0.23077 1.00000 1.00000 0.53396 0.84263 0.73978 1.00000 1.00000 0.09435 0.77059 0.25701 0.33333 0.69714 0.12837 0.74405 0.24011 0.78199 1.00000 0.72727 1.00000 1.00000 0.27976 0.21199
90.00000 172.00000 0.66279 0.23077 1.00000 1.00000 0.55738 0.68154 0.67582 1.00000 1.00000 0.12692 0.75882 0.24555 0.33333 0.73143 0.12277 0.77976 0.24242 0.75423 1.00000 0.63636 1.00000 1.00000 0.22024 0.20336
90.00000 173.00000 0.45930 0.61538 1.00000 1.00000 0.55269 0.66334 0.79298 1.00000 1.00000 0.09914 0.76471 0.24708 0.33333 0.75429 0.11971 0.73810 0.25714 0.77933 1.00000 0.54545 1.00000 1.00000 0.19643 0.25707
90.00000 174.00000 0.20930 0.84615 1.00000 1.00000 0.82670 0.72989 0.75601 1.00000 1.00000 0.05939 0.77647 0.26529 0.33333 0.81714 0.10596 0.76786 0.24153 0.88846 1.00000 0.72727 1.00000 1.00000 0.15476 0.20698
90.00000 175.00000 0.73837 0.84615 1.00000 1.00000 0.57845 0.61969 0.69766 1.00000 1.00000 0.08094 0.78235 0.24634 0.33333 0.71429 0.11360 0.77976 0.25698 0.94157 1.00000 0.72727 1.00000 1.00000 0.27976 0.15437
90.00000 176.00000 0.42442 0.53846 1.00000 1.00000 0.69555 0.70797 0.63292 1.00000 1.00000 0.07519 0.78235 0.24874 0.33333 0.72571 0.12328 0.79762 0.25436 0.89305 1.00000 0.81818 1.00000 1.00000 0.18452 0.19668
90.00000 177.00000 0.59302 0.53846 1.00000 1.00000 0.67213 0.74124 0.73448 1.00000 1.00000 0.06561 0.78235 0.26256 0.33333 0.78857 0.10087 0.76786 0.25441 0.88025 1.00000 0.63636 1.00000 1.00000 0.14881 0.20688
90.00000 178.00000 0.26163 0.69231 1.00000 1.00000 0.63700 0.66256 0.82434 1.00000 1.00000 0.07759 0.78824 0.26644 0.33333 0.80571 0.08406 0.75595 0.26122 0.88556 1.00000 0.63636 1.00000 1.00000 0.24405 0.25141
90.00000 179.00000 0.46512 0.30769 1.00000 1.00000 0.67681 0.66510 0.72964 1.00000 1.00000 0.10776 0.75294 0.29426 0.33333 0.81143 0.07081 0.73810 0.24656 0.88798 1.00000 0.72727 1.00000 1.00000 0.14286 0.23490
90.00000 180.00000 0.54651 0.69231 1.00000 1.00000 0.79391 0.74320 0.86365 1.00000 1.00000 0.09195 0.78824 0.29066 0.33333 0.80000 0.09424 0.77381 0.27899 0.80372 1.00000 0.72727 1.00000 1.00000 0.06548 0.15447
90.00000 181.00000 0.49419 0.53846 1.00000 1.00000 0.65105 0.70425 0.73931 1.00000 1.00000 0.05077 0.78235 0.28396 0.33333 0.82857 0.09068 0.79762 0.24724 0.89788 1.00000 0.63636 1.00000 1.00000 0.18452 0.16430
