119.00000 1.00000 0.00006 0.00071 1.00000 1.00000 0.97761 0.91903 0.90009 1.00000 1.00000 0.99566 0.99922 0.87373 1.00000 0.88681 0.99795 0.99328 0.70850 0.03515 1.00000 0.91667 1.00000 1.00000 0.98903 0.99290
119.00000 2.00000 0.47612 0.83135 1.00000 0.62699 0.65465 0.64673 0.54193 0.50794 0.49937 0.47389 0.86394 0.60060 0.40541 0.62866 0.47300 0.99336 0.52602 0.30635 0.00000 0.62500 0.86469 1.00000 0.49143 0.49856
119.00000 3.00000 0.59523 0.73634 0.00000 0.23809 0.01211 0.04372 0.02720 0.29318 0.20818 0.09307 0.00135 0.02292 0.02703 0.03502 0.09065 0.00182 0.05367 0.93135 0.00000 0.02083 0.00000 0.00000 0.14540 0.14958
119.00000 4.00000 0.99987 0.99762 1.00000 0.00000 0.12515 0.26119 0.21463 0.00000 0.00000 0.00570 0.62766 0.27330 0.24324 0.47313 0.00469 0.99344 0.56729 0.36775 0.00000 0.28125 0.62791 1.00000 0.01749 0.01972
119.00000 5.00000 0.99976 0.99762 1.00000 0.00000 0.12864 0.29205 0.22876 0.00000 0.00000 0.00644 0.62759 0.26935 0.24324 0.45114 0.00375 0.99319 0.58097 0.36566 0.00000 0.28125 0.62791 1.00000 0.01680 0.02323
119.00000 6.00000 0.99977 0.99762 1.00000 0.00000 0.13038 0.26014 0.22339 0.00000 0.00000 0.00554 0.62757 0.27542 0.24324 0.46336 0.00528 0.99339 0.56491 0.36131 0.00000 0.28125 0.62791 1.00000 0.01440 0.01978
119.00000 7.00000 0.99995 0.99952 1.00000 0.00000 0.12845 0.29419 0.24077 0.00000 0.00063 0.00527 0.62747 0.27494 0.24324 0.45277 0.00292 0.99350 0.56731 0.36354 0.00000 0.27083 0.62791 1.00000 0.01920 0.02367
119.00000 8.00000 0.59512 0.73860 0.00000 0.23809 0.01239 0.02777 0.01986 0.29318 0.20881 0.09300 0.00131 0.02279 0.02703 0.02524 0.08999 0.00196 0.05846 0.92150 0.00000 0.03125 0.00000 0.00000 0.14369 0.14538
119.00000 9.00000 0.59509 0.73634 0.00000 0.23809 0.00688 0.03045 0.04419 0.29318 0.20881 0.09286 0.00133 0.02472 0.02703 0.01873 0.08979 0.00198 0.05320 0.92509 0.00000 0.03125 0.00000 0.00000 0.14335 0.14458
119.00000 10.00000 0.59514 0.73634 0.00000 0.23809 0.00872 0.03248 0.03526 0.29318 0.20881 0.09324 0.00127 0.02419 0.02703 0.02199 0.08966 0.00176 0.06148 0.92373 0.00000 0.03125 0.00000 0.00000 0.14540 0.14222
119.00000 11.00000 0.83325 0.99762 1.00000 0.06027 0.18369 0.33168 0.23350 0.14659 0.14403 0.13892 0.65075 0.28820 0.24324 0.43648 0.13697 0.99341 0.51918 0.33579 0.00000 0.30208 0.65116 1.00000 0.16255 0.16589
119.00000 12.00000 0.47613 0.83135 1.00000 0.62699 0.65768 0.65147 0.51374 0.50794 0.49937 0.47320 0.86392 0.59750 0.40541 0.63925 0.47224 0.99330 0.51473 0.31400 0.00000 0.63542 0.86469 1.00000 0.49623 0.50162
119.00000 13.00000 0.00007 0.00000 1.00000 1.00000 0.97825 0.93119 0.90837 1.00000 0.99937 0.99740 0.99924 0.87577 1.00000 0.89251 0.99708 0.99300 0.69301 0.01995 1.00000 0.90625 1.00000 1.00000 0.98594 0.99254
119.00000 14.00000 0.83322 0.99917 1.00000 0.06027 0.18002 0.32326 0.23239 0.14659 0.14403 0.13911 0.65088 0.29297 0.24324 0.44544 0.13689 0.99328 0.54779 0.34461 0.00000 0.30208 0.65116 1.00000 0.16084 0.17227
119.00000 15.00000 0.59513 0.73634 0.00000 0.23809 0.01440 0.03941 0.03572 0.29318 0.20881 0.09396 0.00129 0.01712 0.02703 0.03339 0.09070 0.00185 0.07445 0.90477 0.00000 0.02083 0.00000 0.00000 0.13820 0.14317
119.00000 16.00000 0.99990 0.99774 1.00000 0.00000 0.12671 0.28208 0.22108 0.00000 0.00063 0.00606 0.62761 0.27474 0.24324 0.45114 0.00500 0.99344 0.57978 0.35743 0.00000 0.27083 0.62791 1.00000 0.01406 0.02483
119.00000 17.00000 0.83322 0.99762 1.00000 0.06027 0.18176 0.30855 0.23697 0.14659 0.14403 0.14040 0.65071 0.29458 0.24324 0.46091 0.13852 0.99339 0.52975 0.34329 0.00000 0.30208 0.65116 1.00000 0.16838 0.16684
119.00000 18.00000 0.83320 0.99929 1.00000 0.06027 0.17983 0.30543 0.23766 0.14659 0.14403 0.13897 0.65086 0.29781 0.27027 0.45684 0.13808 0.99336 0.52899 0.34520 0.00000 0.30208 0.65116 1.00000 0.16049 0.16346
119.00000 19.00000 0.00006 0.00071 1.00000 1.00000 0.97991 0.92133 0.90343 1.00000 1.00000 0.99888 0.99920 0.87907 1.00000 0.89984 0.99716 0.99306 0.71136 0.01670 1.00000 0.92708 1.00000 1.00000 0.99451 0.98937
119.00000 20.00000 0.83322 0.99762 1.00000 0.06027 0.18167 0.32426 0.21761 0.14659 0.14403 0.13806 0.65092 0.29802 0.24324 0.44544 0.13646 0.99344 0.53706 0.34974 0.00000 0.30208 0.65116 1.00000 0.16529 0.16614
119.00000 21.00000 0.00000 0.00154 1.00000 1.00000 0.98000 0.91364 0.89486 1.00000 1.00000 0.99735 0.99918 0.86760 1.00000 0.88518 0.99670 0.99322 0.70700 0.01241 1.00000 0.93750 1.00000 1.00000 0.99211 0.98668
119.00000 22.00000 0.00006 0.00226 1.00000 1.00000 0.97578 0.92518 0.89908 1.00000 1.00000 0.99752 0.99922 0.87751 1.00000 0.88518 0.99767 0.99317 0.71993 0.01461 1.00000 0.92708 1.00000 1.00000 0.98731 0.98704
119.00000 23.00000 0.99985 0.99964 1.00000 0.00000 0.12212 0.26970 0.24840 0.00000 0.00000 0.00475 0.62768 0.27273 0.24324 0.46173 0.00345 0.99330 0.57945 0.36889 0.00000 0.26042 0.62791 1.00000 0.02126 0.02064
119.00000 24.00000 0.59512 0.73634 0.00000 0.23809 0.01285 0.02541 0.05213 0.29318 0.20881 0.09245 0.00137 0.02127 0.02703 0.02362 0.08997 0.00182 0.06688 0.91667 0.00000 0.03125 0.00000 0.00000 0.14438 0.14806
119.00000 25.00000 0.23809 0.29691 1.00000 0.59794 0.62841 0.68682 0.66302 0.61718 0.61509 0.61680 0.85309 0.64396 0.89189 0.72720 0.61737 0.99330 0.68596 0.09168 1.00000 0.67708 0.85412 1.00000 0.62757 0.63156
119.00000 26.00000 0.99982 0.99774 1.00000 0.00000 0.12432 0.26965 0.23304 0.00000 0.00000 0.00506 0.62768 0.28307 0.24324 0.45440 0.00388 0.99341 0.57110 0.36632 0.00000 0.27083 0.62791 1.00000 0.01509 0.02279
119.00000 27.00000 0.83315 0.99786 1.00000 0.06027 0.18580 0.32653 0.23687 0.14659 0.14403 0.13687 0.65084 0.29338 0.24324 0.44463 0.13730 0.99350 0.52901 0.33425 0.00000 0.30208 0.65116 1.00000 0.16564 0.16431
119.00000 28.00000 0.83319 0.99762 1.00000 0.06027 0.18626 0.31318 0.24077 0.14659 0.14403 0.13854 0.65086 0.29591 0.27027 0.44463 0.13674 0.99352 0.52071 0.33483 0.00000 0.31250 0.65116 1.00000 0.16221 0.16447
119.00000 29.00000 0.47620 0.83207 1.00000 0.62699 0.65501 0.63373 0.51791 0.50794 0.49937 0.47456 0.86396 0.60011 0.40541 0.65065 0.47145 0.99330 0.51361 0.31558 0.00000 0.63542 0.86469 1.00000 0.49314 0.50097
119.00000 30.00000 0.47610 0.83195 1.00000 0.62699 0.65740 0.64448 0.54133 0.50794 0.49937 0.47384 0.86396 0.60072 0.40541 0.64088 0.47254 0.99325 0.51038 0.32026 0.00000 0.64583 0.86469 1.00000 0.48937 0.49560
119.00000 31.00000 0.99988 0.99893 1.00000 0.00000 0.12708 0.30757 0.23295 0.00000 0.00063 0.00475 0.62770 0.27531 0.24324 0.44951 0.00411 0.99319 0.57279 0.35775 0.00000 0.28125 0.62791 1.00000 0.01955 0.01905
119.00000 32.00000 0.99995 0.99762 1.00000 0.00000 0.12084 0.28902 0.23629 0.00000 0.00000 0.00480 0.62766 0.27693 0.24324 0.44625 0.00360 0.99363 0.56143 0.35461 0.00000 0.27083 0.62791 1.00000 0.01955 0.01866
119.00000 33.00000 0.00005 0.00131 1.00000 1.00000 0.98092 0.91795 0.91703 1.00000 1.00000 0.99635 0.99924 0.87409 1.00000 0.87866 0.99860 0.99308 0.70327 0.03764 1.00000 0.91667 1.00000 1.00000 0.98731 0.98910
119.00000 34.00000 0.99994 0.99976 1.00000 0.00000 0.12414 0.29061 0.22989 0.00000 0.00000 0.00489 0.62763 0.27764 0.24324 0.46091 0.00495 0.99344 0.55955 0.37141 0.00000 0.29167 0.62791 1.00000 0.00823 0.01977
119.00000 35.00000 0.47614 0.83135 1.00000 0.62699 0.65483 0.61457 0.52051 0.50794 0.50000 0.47298 0.86390 0.60147 0.40541 0.65228 0.47348 0.99328 0.50555 0.31605 0.00000 0.63542 0.86469 1.00000 0.49314 0.50311
119.00000 36.00000 0.99994 0.99869 1.00000 0.00000 0.12781 0.28276 0.22890 0.00000 0.00063 0.00320 0.62768 0.27473 0.24324 0.46417 0.00419 0.99339 0.57690 0.35779 0.00000 0.28125 0.62791 1.00000 0.01132 0.02662
119.00000 37.00000 0.23805 0.29691 1.00000 0.59794 0.63318 0.67796 0.66163 0.61718 0.61509 0.61689 0.85315 0.64822 0.89189 0.73371 0.61672 0.99319 0.70310 0.09597 1.00000 0.67708 0.85412 1.00000 0.63786 0.63876
119.00000 38.00000 0.99977 0.99846 1.00000 0.00000 0.12827 0.27959 0.23559 0.00000 0.00063 0.00501 0.62759 0.27013 0.24324 0.45440 0.00241 0.99336 0.56831 0.35640 0.00000 0.29167 0.62791 1.00000 0.01543 0.01402
119.00000 39.00000 0.23804 0.29691 1.00000 0.59794 0.63382 0.68509 0.66798 0.61718 0.61509 0.61630 0.85317 0.64465 0.89189 0.71743 0.61542 0.99322 0.67901 0.09922 1.00000 0.67708 0.85412 1.00000 0.64129 0.64259
119.00000 40.00000 0.99986 0.99905 1.00000 0.00000 0.12286 0.27834 0.21263 0.00000 0.00000 0.00561 0.62755 0.27031 0.24324 0.45603 0.00358 0.99344 0.56905 0.35069 0.00000 0.27083 0.62791 1.00000 0.01646 0.02139
119.00000 41.00000 0.47617 0.83219 1.00000 0.62699 0.65795 0.62649 0.50958 0.50794 0.49937 0.47415 0.86396 0.59592 0.40541 0.63436 0.47323 0.99328 0.52206 0.31733 0.00000 0.63542 0.86469 1.00000 0.49726 0.49237
119.00000 42.00000 0.00002 0.00000 1.00000 1.00000 0.97972 0.91982 0.92228 1.00000 1.00000 0.99656 0.99922 0.86751 1.00000 0.90717 0.99782 0.99306 0.70196 0.01966 1.00000 0.91667 1.00000 1.00000 0.98800 0.98964
119.00000 43.00000 0.99988 0.99881 1.00000 0.00000 0.13020 0.29178 0.22895 0.00000 0.00000 0.00322 0.62757 0.27808 0.24324 0.46580 0.00621 0.99350 0.56852 0.37299 0.00000 0.26042 0.62791 1.00000 0.02263 0.02192
119.00000 44.00000 0.23801 0.29691 1.00000 0.59794 0.63272 0.69774 0.66818 0.61718 0.61509 0.61732 0.85319 0.65339 0.89189 0.73534 0.61740 0.99330 0.68913 0.10596 1.00000 0.67708 0.85412 1.00000 0.64095 0.63818
119.00000 45.00000 0.23816 0.29691 1.00000 0.59794 0.63501 0.66751 0.66880 0.61718 0.61509 0.61646 0.85319 0.64607 0.89189 0.73453 0.61641 0.99328 0.67637 0.08634 1.00000 0.69792 0.85412 1.00000 0.63237 0.63785
119.00000 46.00000 0.99981 0.99964 1.00000 0.00000 0.12423 0.28037 0.22941 0.00000 0.00063 0.00506 0.62761 0.27241 0.24324 0.45928 0.00388 0.99341 0.56586 0.36292 0.00000 0.28125 0.62791 1.00000 0.01440 0.02246
119.00000 47.00000 0.99983 0.99988 1.00000 0.00000 0.12368 0.28189 0.22652 0.00000 0.00000 0.00506 0.62757 0.26984 0.24324 0.47068 0.00332 0.99361 0.58264 0.37577 0.00000 0.27083 0.62791 1.00000 0.01680 0.02336
119.00000 48.00000 0.47625 0.83159 1.00000 0.62699 0.66153 0.62346 0.52506 0.50794 0.49937 0.47220 0.86405 0.59646 0.40541 0.65391 0.47259 0.99322 0.51269 0.30613 0.00000 0.64583 0.86469 1.00000 0.49040 0.49998
119.00000 49.00000 0.83319 0.99881 1.00000 0.06027 0.17974 0.31451 0.23981 0.14659 0.14403 0.13921 0.65082 0.30041 0.24324 0.44544 0.13682 0.99350 0.53625 0.34981 0.00000 0.31250 0.65116 1.00000 0.16152 0.16364
119.00000 50.00000 0.00005 0.00095 1.00000 1.00000 0.97881 0.92599 0.90642 1.00000 1.00000 0.99575 0.99918 0.86408 1.00000 0.90065 0.99724 0.99339 0.68646 0.03833 1.00000 0.94792 1.00000 1.00000 0.99314 0.98933
119.00000 51.00000 0.47626 0.83195 1.00000 0.62699 0.65446 0.63627 0.52556 0.50794 0.49937 0.47246 0.86398 0.60446 0.40541 0.63925 0.47305 0.99333 0.52314 0.31953 0.00000 0.62500 0.86469 1.00000 0.48834 0.49634
119.00000 52.00000 0.00005 0.00000 1.00000 1.00000 0.97835 0.91304 0.89729 1.00000 1.00000 0.99664 0.99916 0.86604 1.00000 0.90961 0.99724 0.99336 0.69498 0.02380 1.00000 0.91667 1.00000 1.00000 0.98354 0.99047
119.00000 53.00000 0.83317 0.99869 1.00000 0.06027 0.18763 0.31226 0.23596 0.14659 0.14403 0.13806 0.65099 0.30223 0.24324 0.44137 0.13743 0.99350 0.53849 0.34066 0.00000 0.33333 0.65116 1.00000 0.15947 0.16767
119.00000 54.00000 0.00003 0.00000 1.00000 1.00000 0.97816 0.93239 0.90517 1.00000 1.00000 0.99618 0.99924 0.87427 1.00000 0.89007 0.99691 0.99325 0.69810 0.03240 1.00000 0.92708 1.00000 1.00000 0.99005 0.98908
119.00000 55.00000 0.23813 0.29691 1.00000 0.59794 0.63621 0.68373 0.67097 0.61718 0.61509 0.61498 0.85315 0.64824 0.89189 0.74756 0.61537 0.99328 0.69401 0.12764 1.00000 0.67708 0.85412 1.00000 0.63786 0.63351
119.00000 56.00000 0.83321 0.99762 1.00000 0.06027 0.18093 0.33157 0.23410 0.14659 0.14403 0.13832 0.65092 0.29753 0.27027 0.43567 0.13712 0.99350 0.53239 0.35014 0.00000 0.32292 0.65116 1.00000 0.16255 0.16269
119.00000 57.00000 0.47613 0.83183 1.00000 0.62699 0.65290 0.63308 0.53750 0.50794 0.49937 0.47310 0.86390 0.60727 0.40541 0.64902 0.47249 0.99339 0.51892 0.31147 0.00000 0.64583 0.86469 1.00000 0.48731 0.49925
119.00000 58.00000 0.00000 0.00238 1.00000 1.00000 0.97789 0.93967 0.90088 1.00000 1.00000 0.99563 0.99932 0.86875 1.00000 0.89739 0.99756 0.99322 0.69136 0.02413 1.00000 0.92708 1.00000 1.00000 0.98697 0.99575
119.00000 59.00000 0.47628 0.83135 1.00000 0.62699 0.65969 0.64416 0.52631 0.50794 0.49937 0.47205 0.86375 0.59698 0.40541 0.64821 0.47127 0.99336 0.52335 0.32235 0.00000 0.64583 0.86469 1.00000 0.49314 0.48677
119.00000 60.00000 0.59532 0.73634 0.00000 0.23809 0.00771 0.04207 0.04530 0.29318 0.20881 0.09126 0.00129 0.02288 0.02703 0.03176 0.09025 0.00190 0.06148 0.92501 0.00000 0.05208 0.00000 0.00000 0.13992 0.14519
119.00000 61.00000 0.23816 0.29691 1.00000 0.59794 0.63079 0.68338 0.67710 0.61718 0.61509 0.61603 0.85328 0.65151 0.89189 0.74511 0.61631 0.99325 0.67577 0.10292 1.00000 0.68750 0.85412 1.00000 0.63203 0.63159
119.00000 62.00000 0.23817 0.29691 1.00000 0.59794 0.63198 0.68772 0.66594 0.61718 0.61509 0.61544 0.85317 0.64222 0.89189 0.73208 0.61601 0.99319 0.67839 0.09915 1.00000 0.69792 0.85412 1.00000 0.63203 0.64137
119.00000 63.00000 0.00003 0.00095 1.00000 1.00000 0.98229 0.93049 0.90276 1.00000 0.99937 0.99456 0.99911 0.87411 1.00000 0.90065 0.99734 0.99311 0.71295 0.02014 1.00000 0.92708 1.00000 1.00000 0.98388 0.98359
119.00000 64.00000 0.47628 0.83135 1.00000 0.62699 0.65318 0.65166 0.53834 0.50794 0.49937 0.47256 0.86390 0.60553 0.40541 0.65391 0.47234 0.99344 0.52649 0.30961 0.00000 0.63542 0.86469 1.00000 0.49211 0.49935
119.00000 65.00000 0.99982 0.99762 1.00000 0.00000 0.12506 0.30557 0.23266 0.00000 0.00063 0.00484 0.62776 0.27834 0.24324 0.46173 0.00454 0.99363 0.57490 0.35878 0.00000 0.29167 0.62791 1.00000 0.01886 0.02230
119.00000 66.00000 0.59519 0.73634 0.00000 0.23809 0.01165 0.05537 0.03959 0.29318 0.20881 0.09427 0.00137 0.01858 0.02703 0.00733 0.08949 0.00196 0.05960 0.92403 0.00000 0.02083 0.00000 0.00000 0.14918 0.14773
119.00000 67.00000 0.83323 0.99762 1.00000 0.06027 0.18378 0.31036 0.26135 0.14659 0.14403 0.13785 0.65082 0.29676 0.24324 0.45033 0.13661 0.99361 0.53934 0.35223 0.00000 0.31250 0.65116 1.00000 0.16461 0.16713
119.00000 68.00000 0.83317 0.99822 1.00000 0.06027 0.17956 0.31792 0.26818 0.14659 0.14403 0.13933 0.65088 0.30164 0.24324 0.45358 0.13847 0.99366 0.54084 0.35479 0.00000 0.32292 0.65116 1.00000 0.16289 0.16243
119.00000 69.00000 0.83329 0.99762 1.00000 0.06027 0.18176 0.31367 0.23068 0.14659 0.14403 0.13835 0.65088 0.30550 0.24324 0.44870 0.13705 0.99347 0.54425 0.35702 0.00000 0.32292 0.65116 1.00000 0.16221 0.16020
119.00000 70.00000 0.23817 0.29869 1.00000 0.59794 0.63437 0.67536 0.67833 0.61718 0.61509 0.61429 0.85328 0.65172 0.89189 0.73860 0.61532 0.99325 0.68710 0.10530 1.00000 0.69792 0.85412 1.00000 0.63615 0.63399
119.00000 71.00000 0.59520 0.73634 0.00000 0.23809 0.00587 0.05188 0.04944 0.29318 0.20881 0.09205 0.00144 0.02617 0.02703 0.02362 0.08997 0.00196 0.06384 0.92970 0.00000 0.03125 0.00000 0.00000 0.13683 0.14875
119.00000 72.00000 0.47620 0.83135 1.00000 0.62699 0.65676 0.64388 0.52965 0.50794 0.49937 0.47136 0.86407 0.60442 0.40541 0.65147 0.47198 0.99328 0.52744 0.31514 0.00000 0.63542 0.86469 1.00000 0.49520 0.49943
119.00000 73.00000 0.99977 0.99846 1.00000 0.00000 0.12854 0.29029 0.23372 0.00000 0.00063 0.00494 0.62759 0.28111 0.24324 0.45684 0.00439 0.99339 0.58104 0.37053 0.00000 0.28125 0.62791 1.00000 0.01680 0.02469
119.00000 74.00000 0.59513 0.73694 0.00000 0.23809 0.01110 0.03226 0.03750 0.29318 0.20881 0.09372 0.00127 0.02066 0.02703 0.02850 0.09063 0.00193 0.07162 0.91769 0.00000 0.04167 0.00000 0.00000 0.14266 0.14176
119.00000 75.00000 0.99977 0.99762 1.00000 0.00000 0.12955 0.28016 0.24510 0.00000 0.00063 0.00501 0.62774 0.27582 0.24324 0.47476 0.00375 0.99350 0.57531 0.37383 0.00000 0.28125 0.62791 1.00000 0.01680 0.01873
119.00000 76.00000 0.99983 0.99762 1.00000 0.00000 0.13038 0.26943 0.23061 0.00000 0.00000 0.00279 0.62776 0.27282 0.24324 0.45521 0.00368 0.99363 0.56550 0.36284 0.00000 0.27083 0.62791 1.00000 0.01578 0.02371
119.00000 77.00000 0.59521 0.73634 0.00000 0.23809 0.01450 0.03711 0.04463 0.29318 0.20881 0.09040 0.00150 0.01649 0.02703 0.03339 0.08931 0.00201 0.07657 0.92216 0.00000 0.02083 0.00000 0.00000 0.14095 0.15333
119.00000 78.00000 0.99988 0.99952 1.00000 0.00000 0.13056 0.28617 0.23571 0.00000 0.00000 0.00566 0.62761 0.27251 0.24324 0.47964 0.00563 0.99352 0.57847 0.38338 0.00000 0.28125 0.62791 1.00000 0.01097 0.01870
119.00000 79.00000 0.99988 0.99762 1.00000 0.00000 0.12533 0.29037 0.23716 0.00000 0.00063 0.00530 0.62755 0.27659 0.24324 0.45928 0.00365 0.99344 0.57369 0.36325 0.00000 0.28125 0.62791 1.00000 0.01612 0.02393
119.00000 80.00000 0.23817 0.29905 1.00000 0.59794 0.63685 0.68655 0.67530 0.61718 0.61509 0.61622 0.85313 0.65009 0.89189 0.72150 0.61565 0.99333 0.69665 0.11178 1.00000 0.68750 0.85412 1.00000 0.63169 0.63535
119.00000 81.00000 0.99980 0.99762 1.00000 0.00000 0.13102 0.29579 0.23001 0.00000 0.00063 0.00611 0.62776 0.27724 0.24324 0.47801 0.00413 0.99366 0.57947 0.35951 0.00000 0.29167 0.62791 1.00000 0.01578 0.02638
119.00000 82.00000 0.83317 0.99929 1.00000 0.06027 0.18222 0.32304 0.24491 0.14659 0.14403 0.13882 0.65092 0.29938 0.24324 0.46336 0.13689 0.99350 0.52935 0.35673 0.00000 0.30208 0.65116 1.00000 0.16015 0.16957
119.00000 83.00000 0.23803 0.29691 1.00000 0.59794 0.63318 0.67837 0.65876 0.61718 0.61509 0.61462 0.85309 0.65917 0.89189 0.72964 0.61672 0.99339 0.68922 0.09959 1.00000 0.66667 0.85412 1.00000 0.63374 0.63381
119.00000 84.00000 0.99994 0.99929 1.00000 0.00000 0.12680 0.28249 0.24501 0.00000 0.00063 0.00489 0.62774 0.27862 0.24324 0.48046 0.00634 0.99355 0.59064 0.37383 0.00000 0.29167 0.62791 1.00000 0.01646 0.02765
119.00000 85.00000 0.99998 0.99762 1.00000 0.00000 0.12662 0.29164 0.24792 0.00000 0.00000 0.00418 0.62774 0.27585 0.24324 0.45033 0.00484 0.99355 0.56964 0.37522 0.00000 0.27083 0.62791 1.00000 0.00412 0.02201
119.00000 86.00000 0.83322 0.99917 1.00000 0.06027 0.18662 0.30256 0.22845 0.14659 0.14403 0.13744 0.65094 0.29816 0.24324 0.45603 0.13717 0.99355 0.52920 0.35523 0.00000 0.31250 0.65116 1.00000 0.16187 0.15675
119.00000 87.00000 0.59530 0.73670 0.00000 0.23809 0.00679 0.05369 0.03430 0.29318 0.20818 0.09327 0.00150 0.02214 0.02703 0.04316 0.09108 0.00207 0.08257 0.93856 0.00000 0.02083 0.00000 0.00000 0.14643 0.15141
119.00000 88.00000 0.47611 0.83314 1.00000 0.62699 0.65960 0.62657 0.54568 0.50794 0.49937 0.47315 0.86403 0.60392 0.40541 0.65472 0.47166 0.99339 0.51528 0.31107 0.00000 0.63542 0.86469 1.00000 0.49108 0.49386
119.00000 89.00000 0.23802 0.29691 1.00000 0.59794 0.63474 0.68560 0.67077 0.61718 0.61509 0.61544 0.85319 0.64806 0.89189 0.74593 0.61666 0.99322 0.68510 0.10775 1.00000 0.68750 0.85412 1.00000 0.63100 0.63314
119.00000 90.00000 0.99982 0.99762 1.00000 0.00000 0.12726 0.28728 0.24248 0.00000 0.00063 0.00465 0.62768 0.28336 0.24324 0.47638 0.00429 0.99352 0.57993 0.36273 0.00000 0.27083 0.62791 1.00000 0.01406 0.02173
119.00000 91.00000 0.23815 0.29691 1.00000 0.59794 0.63666 0.68506 0.67381 0.61718 0.61572 0.61668 0.85328 0.64721 0.89189 0.73941 0.61661 0.99347 0.67920 0.11222 1.00000 0.66667 0.85412 1.00000 0.63340 0.64102
119.00000 92.00000 0.99984 0.99762 1.00000 0.00000 0.12561 0.31627 0.22642 0.00000 0.00000 0.00547 0.62768 0.27829 0.24324 0.46987 0.00373 0.99347 0.57793 0.37540 0.00000 0.28125 0.62791 1.00000 0.01509 0.02285
119.00000 93.00000 0.47616 0.83135 1.00000 0.62699 0.65703 0.63581 0.53774 0.50794 0.49937 0.47284 0.86403 0.60963 0.40541 0.65147 0.47191 0.99339 0.52932 0.31532 0.00000 0.64583 0.86469 1.00000 0.49383 0.49276
119.00000 94.00000 0.00003 0.00190 1.00000 1.00000 0.97624 0.91963 0.91227 1.00000 1.00000 0.99585 0.99924 0.87764 1.00000 0.90147 0.99779 0.99325 0.70008 0.03222 1.00000 0.91667 1.00000 1.00000 0.98628 0.98605
119.00000 95.00000 0.59512 0.73634 0.00000 0.23809 0.01431 0.02422 0.05370 0.29318 0.20818 0.09303 0.00144 0.02712 0.02703 0.04072 0.08847 0.00201 0.06772 0.92787 0.00000 0.05208 0.00000 0.00000 0.14095 0.15098
119.00000 96.00000 0.99984 0.99762 1.00000 0.00000 0.13267 0.28799 0.24941 0.00000 0.00000 0.00239 0.62780 0.28389 0.24324 0.47638 0.00355 0.99369 0.58571 0.36325 0.00000 0.29167 0.62791 1.00000 0.01097 0.01635
119.00000 97.00000 1.00000 0.99846 1.00000 0.00000 0.12579 0.28953 0.23056 0.00000 0.00063 0.00461 0.62774 0.28460 0.24324 0.47883 0.00353 0.99369 0.58640 0.37335 0.00000 0.30208 0.62791 1.00000 0.01783 0.02481
119.00000 98.00000 0.47611 0.83159 1.00000 0.62699 0.65786 0.64993 0.55216 0.50794 0.50000 0.47294 0.86403 0.60252 0.40541 0.65065 0.47166 0.99347 0.52571 0.30020 0.00000 0.66667 0.86469 1.00000 0.49486 0.49596
119.00000 99.00000 0.83316 0.99762 1.00000 0.06027 0.18598 0.33929 0.26210 0.14659 0.14403 0.13694 0.65088 0.30146 0.24324 0.45603 0.13659 0.99380 0.55139 0.36489 0.00000 0.31250 0.65116 1.00000 0.15844 0.16381
119.00000 100.00000 0.99990 0.99762 1.00000 0.00000 0.12698 0.28885 0.22878 0.00000 0.00063 0.00425 0.62778 0.28056 0.24324 0.45847 0.00429 0.99374 0.59409 0.36482 0.00000 0.27083 0.62791 1.00000 0.01406 0.01844
119.00000 101.00000 0.99994 0.99762 1.00000 0.00000 0.12607 0.29365 0.23473 0.00000 0.00000 0.00592 0.62778 0.27640 0.24324 0.47394 0.00307 0.99366 0.58909 0.36376 0.00000 0.28125 0.62791 1.00000 0.01818 0.02240
119.00000 102.00000 0.00007 0.00000 1.00000 1.00000 0.98248 0.93060 0.91373 1.00000 1.00000 0.99599 0.99928 0.88416 1.00000 0.92020 0.99635 0.99336 0.72040 0.02698 1.00000 0.91667 1.00000 1.00000 0.98320 0.98353
119.00000 103.00000 0.47619 0.83325 1.00000 0.62699 0.65868 0.64150 0.54299 0.50794 0.50000 0.47341 0.86398 0.60867 0.40541 0.65391 0.47100 0.99350 0.52928 0.32850 0.00000 0.64583 0.86469 1.00000 0.49417 0.48896
119.00000 104.00000 0.99993 0.99834 1.00000 0.00000 0.13047 0.28999 0.24580 0.00000 0.00000 0.00547 0.62778 0.27946 0.24324 0.47557 0.00413 0.99380 0.58323 0.37562 0.00000 0.30208 0.62791 1.00000 0.01612 0.01734
119.00000 105.00000 0.99985 0.99774 1.00000 0.00000 0.13084 0.30825 0.24416 0.00000 0.00000 0.00329 0.62787 0.28819 0.24324 0.46987 0.00380 0.99366 0.58914 0.38968 0.00000 0.29167 0.62791 1.00000 0.01886 0.02159
119.00000 106.00000 0.47625 0.83278 1.00000 0.62699 0.65612 0.63841 0.54325 0.50794 0.50000 0.47332 0.86400 0.60943 0.40541 0.65391 0.47173 0.99358 0.52742 0.31986 0.00000 0.64583 0.86469 1.00000 0.49177 0.49732
119.00000 107.00000 0.47619 0.83266 1.00000 0.62699 0.65878 0.66688 0.54633 0.50794 0.50000 0.47244 0.86407 0.61051 0.40541 0.66042 0.47171 0.99372 0.51990 0.30975 0.00000 0.64583 0.86469 1.00000 0.48971 0.49576
119.00000 108.00000 0.23821 0.29691 1.00000 0.59794 0.63208 0.67542 0.68449 0.61718 0.61509 0.61572 0.85341 0.65572 0.89189 0.73208 0.61547 0.99347 0.70122 0.11500 1.00000 0.69792 0.85412 1.00000 0.63615 0.62749
119.00000 109.00000 0.99985 0.99941 1.00000 0.00000 0.13249 0.30083 0.24955 0.00000 0.00000 0.00420 0.62785 0.28478 0.24324 0.48616 0.00370 0.99369 0.59568 0.37676 0.00000 0.29167 0.62791 1.00000 0.01235 0.01604
119.00000 110.00000 0.59512 0.73634 0.00000 0.23809 0.01349 0.03088 0.04528 0.29318 0.20881 0.09281 0.00169 0.02807 0.02703 0.02932 0.08969 0.00220 0.06638 0.94556 0.00000 0.05208 0.00000 0.00000 0.14232 0.14777
119.00000 111.00000 0.83334 0.99846 1.00000 0.06027 0.18662 0.32179 0.25295 0.14659 0.14403 0.13629 0.65126 0.30837 0.24324 0.46498 0.13834 0.99372 0.55296 0.35149 0.00000 0.32292 0.65116 1.00000 0.15844 0.17225
119.00000 112.00000 0.83332 0.99834 1.00000 0.06027 0.18644 0.31505 0.24683 0.14659 0.14403 0.13758 0.65115 0.30632 0.24324 0.44463 0.13902 0.99374 0.55865 0.35193 0.00000 0.32292 0.65116 1.00000 0.15981 0.16779
119.00000 113.00000 0.00006 0.00059 1.00000 1.00000 0.98890 0.94013 0.91296 1.00000 1.00000 0.99558 0.99930 0.87556 1.00000 0.94870 0.99746 0.99322 0.70369 0.03548 1.00000 0.93750 1.00000 1.00000 0.98285 0.98439
119.00000 114.00000 0.00005 0.00000 1.00000 1.00000 0.98303 0.91510 0.91937 1.00000 1.00000 0.99527 0.99930 0.87997 1.00000 0.91612 0.99437 0.99339 0.71176 0.04086 1.00000 0.92708 1.00000 1.00000 0.98457 0.98599
119.00000 115.00000 0.99992 0.99976 1.00000 0.00000 0.12919 0.30830 0.25990 0.00000 0.00063 0.00410 0.62791 0.28751 0.24324 0.47964 0.00507 0.99388 0.59057 0.38020 0.00000 0.29167 0.62791 1.00000 0.01235 0.01718
119.00000 116.00000 0.47614 0.83325 1.00000 0.62699 0.66171 0.64616 0.54265 0.50794 0.50000 0.47215 0.86415 0.61283 0.40541 0.65961 0.47173 0.99369 0.54030 0.32363 0.00000 0.65625 0.86469 1.00000 0.49005 0.49328
119.00000 117.00000 0.59509 0.73634 0.00000 0.23809 0.01358 0.03348 0.05264 0.29318 0.20881 0.09253 0.00150 0.02262 0.02703 0.01954 0.09146 0.00218 0.09030 0.94387 0.00000 0.03125 0.00000 0.00000 0.14986 0.14693
119.00000 118.00000 0.00006 0.00024 1.00000 1.00000 0.97725 0.93247 0.90649 1.00000 1.00000 0.99494 0.99928 0.88220 1.00000 0.90065 0.99698 0.99325 0.72314 0.03233 1.00000 0.92708 1.00000 1.00000 0.98251 0.98419
119.00000 119.00000 0.59527 0.73860 0.00000 0.23809 0.01367 0.06203 0.06114 0.29318 0.20881 0.09052 0.00158 0.02986 0.02703 0.04560 0.08999 0.00229 0.08852 0.93805 0.00000 0.04167 0.00000 0.00000 0.14335 0.14234
119.00000 120.00000 0.00006 0.00000 1.00000 1.00000 0.98881 0.91415 0.92266 1.00000 1.00000 0.99394 0.99926 0.88072 1.00000 0.91287 0.99450 0.99328 0.71988 0.02464 1.00000 0.94792 1.00000 1.00000 0.98217 0.98018
119.00000 121.00000 0.83318 0.99952 1.00000 0.06027 0.18433 0.31337 0.25466 0.14659 0.14403 0.13644 0.65115 0.30558 0.24324 0.46173 0.13732 0.99394 0.55286 0.35578 0.00000 0.33333 0.65116 1.00000 0.15741 0.16050
119.00000 122.00000 0.23819 0.29691 1.00000 0.59794 0.63611 0.70240 0.68428 0.61718 0.61509 0.61536 0.85347 0.65616 0.89189 0.75326 0.61489 0.99350 0.70048 0.12870 1.00000 0.68750 0.85412 1.00000 0.62929 0.63148
119.00000 123.00000 0.83335 0.99762 1.00000 0.06027 0.18442 0.34525 0.26645 0.14659 0.14403 0.13572 0.65118 0.31171 0.24324 0.46336 0.13722 0.99399 0.55332 0.35658 0.00000 0.33333 0.65116 1.00000 0.16187 0.16940
119.00000 124.00000 0.99989 0.99929 1.00000 0.00000 0.13258 0.28281 0.24414 0.00000 0.00000 0.00463 0.62793 0.28829 0.24324 0.47964 0.00434 0.99396 0.60506 0.37339 0.00000 0.28125 0.62791 1.00000 0.01406 0.02225
119.00000 125.00000 0.00006 0.00000 1.00000 1.00000 0.98303 0.96012 0.93022 1.00000 1.00000 0.99446 0.99937 0.88596 1.00000 0.92590 0.99480 0.99328 0.72264 0.04258 1.00000 0.93750 1.00000 1.00000 0.98148 0.98515
119.00000 126.00000 0.99993 0.99917 1.00000 0.00000 0.13120 0.29121 0.25865 0.00000 0.00063 0.00535 0.62795 0.28538 0.24324 0.48697 0.00327 0.99413 0.60508 0.37830 0.00000 0.29167 0.62791 1.00000 0.01200 0.02814
119.00000 127.00000 0.59511 0.73658 0.00000 0.23809 0.01376 0.05402 0.06593 0.29318 0.20881 0.09193 0.00171 0.03605 0.02703 0.04967 0.08918 0.00265 0.08728 0.95313 0.00000 0.05208 0.00000 0.00000 0.13820 0.14462
119.00000 128.00000 0.99979 0.99976 1.00000 0.00000 0.12864 0.31036 0.25372 0.00000 0.00063 0.00301 0.62789 0.29140 0.24324 0.47638 0.00396 0.99377 0.60211 0.37507 0.00000 0.30208 0.62791 1.00000 0.02023 0.02015
119.00000 129.00000 0.99984 0.99762 1.00000 0.00000 0.12873 0.28276 0.24036 0.00000 0.00063 0.00427 0.62801 0.29199 0.24324 0.49349 0.00436 0.99399 0.60040 0.38192 0.00000 0.30208 0.62791 1.00000 0.01406 0.02165
119.00000 130.00000 0.23814 0.29691 1.00000 0.59794 0.63804 0.69357 0.70830 0.61718 0.61509 0.61384 0.85334 0.65629 0.89189 0.77362 0.61329 0.99369 0.70791 0.13258 1.00000 0.69792 0.85412 1.00000 0.62997 0.63311
119.00000 131.00000 0.83321 0.99822 1.00000 0.06027 0.18598 0.32540 0.26539 0.14659 0.14403 0.13737 0.65134 0.31421 0.24324 0.48046 0.13745 0.99391 0.55972 0.36581 0.00000 0.31250 0.65116 1.00000 0.15398 0.16223
119.00000 132.00000 0.59518 0.73634 0.00000 0.23809 0.01835 0.04630 0.05591 0.29318 0.20881 0.09226 0.00173 0.03327 0.02703 0.05375 0.08946 0.00240 0.09980 0.94380 0.00000 0.04167 0.00000 0.00000 0.14163 0.14475
119.00000 133.00000 0.47621 0.83361 1.00000 0.62699 0.66061 0.65613 0.55603 0.50794 0.50000 0.47198 0.86426 0.61015 0.40541 0.65961 0.46983 0.99366 0.54775 0.32140 0.00000 0.65625 0.86469 1.00000 0.48594 0.48937
119.00000 134.00000 0.47620 0.83135 1.00000 0.62699 0.65868 0.64345 0.56203 0.50794 0.50000 0.47205 0.86426 0.61405 0.40541 0.67427 0.47074 0.99383 0.54494 0.33150 0.00000 0.64583 0.86469 1.00000 0.49177 0.49751
119.00000 135.00000 0.00006 0.00000 1.00000 1.00000 0.98890 0.94720 0.91927 1.00000 1.00000 0.99375 0.99935 0.89138 1.00000 0.91612 0.99490 0.99336 0.71450 0.04632 1.00000 0.95833 1.00000 1.00000 0.97908 0.98057
119.00000 136.00000 0.59509 0.73777 0.00000 0.23809 0.01321 0.05933 0.06995 0.29318 0.20881 0.09181 0.00184 0.03379 0.02703 0.05212 0.09075 0.00267 0.09087 0.94742 0.00000 0.03125 0.00000 0.00000 0.13957 0.14325
119.00000 137.00000 0.23809 0.29917 1.00000 0.59794 0.64024 0.71020 0.69508 0.61718 0.61572 0.61510 0.85347 0.66091 0.89189 0.77199 0.61418 0.99366 0.71748 0.11863 1.00000 0.68750 0.85412 1.00000 0.62380 0.63239
119.00000 138.00000 0.83324 0.99762 1.00000 0.06027 0.18938 0.32586 0.26778 0.14659 0.14403 0.13527 0.65141 0.31465 0.24324 0.47394 0.13727 0.99446 0.57205 0.36574 0.00000 0.32292 0.65116 1.00000 0.15741 0.17101
119.00000 139.00000 0.59521 0.73717 0.00000 0.23809 0.01532 0.04258 0.05420 0.29318 0.20881 0.09179 0.00196 0.03387 0.02703 0.04072 0.08966 0.00267 0.09340 0.95335 0.00000 0.05208 0.00000 0.00000 0.13752 0.15062
119.00000 140.00000 0.47626 0.83373 1.00000 0.62699 0.66006 0.65361 0.56424 0.50794 0.50000 0.47065 0.86430 0.62032 0.40541 0.67671 0.47115 0.99388 0.55491 0.33293 0.00000 0.64583 0.86469 1.00000 0.48765 0.49072
119.00000 141.00000 0.59512 0.73634 0.00000 0.23809 0.01560 0.04881 0.08603 0.29318 0.20881 0.09152 0.00190 0.03652 0.02703 0.05293 0.08938 0.00254 0.09792 0.95248 0.00000 0.04167 0.00000 0.00000 0.14266 0.14323
119.00000 142.00000 0.59530 0.73789 0.00000 0.23809 0.01844 0.06290 0.06193 0.29318 0.20881 0.09245 0.00198 0.03477 0.02703 0.06840 0.08999 0.00265 0.09406 0.94830 0.00000 0.04167 0.00000 0.00000 0.14163 0.14139
119.00000 143.00000 0.23804 0.29691 1.00000 0.59794 0.63859 0.70137 0.69723 0.61718 0.61572 0.61429 0.85353 0.66647 0.89189 0.78013 0.61491 0.99358 0.72485 0.11687 1.00000 0.71875 0.85412 1.00000 0.63237 0.62585
119.00000 144.00000 0.99980 0.99810 1.00000 0.00000 0.12460 0.31632 0.26948 0.00000 0.00063 0.00246 0.62827 0.29583 0.24324 0.49186 0.00370 0.99419 0.61963 0.39181 0.00000 0.31250 0.62791 1.00000 0.01303 0.01441
119.00000 145.00000 0.99978 0.99857 1.00000 0.00000 0.13166 0.32331 0.26190 0.00000 0.00063 0.00449 0.62823 0.29117 0.24324 0.50000 0.00416 0.99432 0.60363 0.38598 0.00000 0.32292 0.62791 1.00000 0.01475 0.01565
119.00000 146.00000 0.23809 0.29691 1.00000 0.59794 0.63666 0.72168 0.67913 0.61718 0.61509 0.61439 0.85357 0.66990 0.89189 0.75733 0.61623 0.99366 0.73426 0.13503 1.00000 0.71875 0.85412 1.00000 0.62586 0.63332
119.00000 147.00000 0.99995 0.99762 1.00000 0.00000 0.13552 0.30475 0.25824 0.00000 0.00063 0.00444 0.62827 0.29693 0.24324 0.48290 0.00360 0.99452 0.61489 0.37892 0.00000 0.30208 0.62791 1.00000 0.00926 0.01754
119.00000 148.00000 0.00002 0.00131 1.00000 1.00000 0.98670 0.94650 0.93973 1.00000 1.00000 0.99458 0.99932 0.89620 1.00000 0.93404 0.99394 0.99347 0.74846 0.04233 1.00000 0.94792 1.00000 1.00000 0.97497 0.97669
119.00000 149.00000 0.47617 0.83361 1.00000 0.62699 0.65795 0.64746 0.56094 0.50794 0.50000 0.47072 0.86445 0.62171 0.40541 0.67590 0.47003 0.99408 0.55948 0.34102 0.00000 0.66667 0.86469 1.00000 0.48731 0.49221
119.00000 150.00000 0.23812 0.29917 1.00000 0.59794 0.63547 0.72028 0.70755 0.61718 0.61572 0.61510 0.85353 0.66619 0.89189 0.77932 0.61380 0.99380 0.74437 0.14016 1.00000 0.69792 0.85412 1.00000 0.62346 0.62383
119.00000 151.00000 0.99995 0.99762 1.00000 0.00000 0.13579 0.31399 0.27796 0.00000 0.00063 0.00327 0.62823 0.29735 0.24324 0.49919 0.00312 0.99446 0.62639 0.39019 0.00000 0.31250 0.62791 1.00000 0.01097 0.01281
119.00000 152.00000 0.00001 0.00083 1.00000 1.00000 0.98532 0.93596 0.95545 1.00000 1.00000 0.99325 0.99947 0.89866 1.00000 0.94137 0.99282 0.99355 0.75415 0.05661 1.00000 0.93750 1.00000 1.00000 0.97668 0.97427
119.00000 153.00000 0.99980 0.99988 1.00000 0.00000 0.13130 0.31182 0.27543 0.00000 0.00063 0.00403 0.62833 0.29933 0.24324 0.51140 0.00307 0.99452 0.61951 0.38562 0.00000 0.31250 0.62791 1.00000 0.01406 0.02109
119.00000 154.00000 0.23808 0.29727 1.00000 0.59794 0.64511 0.69305 0.72828 0.61718 0.61572 0.61238 0.85366 0.67173 0.89189 0.78583 0.61327 0.99377 0.75213 0.14236 1.00000 0.72917 0.85412 1.00000 0.62791 0.62889
119.00000 155.00000 0.99987 0.99976 1.00000 0.00000 0.13212 0.28709 0.26366 0.00000 0.00063 0.00329 0.62852 0.29989 0.24324 0.50407 0.00393 0.99476 0.64057 0.39437 0.00000 0.29167 0.62791 1.00000 0.01852 0.02114
119.00000 156.00000 0.23809 0.29786 1.00000 0.59794 0.64079 0.71987 0.70719 0.61718 0.61572 0.61491 0.85360 0.67916 0.89189 0.77687 0.61063 0.99377 0.73209 0.13419 1.00000 0.69792 0.85412 1.00000 0.62277 0.62716
119.00000 157.00000 0.00007 0.00000 1.00000 1.00000 0.98982 0.96839 0.94079 1.00000 1.00000 0.99067 0.99941 0.89737 1.00000 0.94137 0.99338 0.99352 0.75960 0.05320 1.00000 0.95833 1.00000 1.00000 0.97428 0.97378
119.00000 158.00000 0.00007 0.00000 1.00000 1.00000 0.99046 0.93894 0.94996 1.00000 1.00000 0.99181 0.99951 0.90778 1.00000 0.93730 0.99305 0.99333 0.77098 0.06272 1.00000 0.97917 1.00000 1.00000 0.97188 0.97107
119.00000 159.00000 0.83331 0.99762 1.00000 0.06027 0.19029 0.35769 0.29028 0.14659 0.14403 0.13780 0.65196 0.32072 0.24324 0.50163 0.13573 0.99493 0.60294 0.38445 0.00000 0.34375 0.65116 1.00000 0.16015 0.16529
119.00000 160.00000 0.83336 0.99762 1.00000 0.06027 0.19259 0.34081 0.28113 0.14659 0.14465 0.13737 0.65200 0.32153 0.24324 0.47964 0.13606 0.99496 0.60765 0.36998 0.00000 0.37500 0.65116 1.00000 0.15844 0.16106
119.00000 161.00000 0.00004 0.00095 1.00000 1.00000 0.99367 0.94899 0.93566 1.00000 1.00000 0.99141 0.99954 0.90263 1.00000 0.95684 0.99201 0.99361 0.76594 0.04687 1.00000 0.95833 1.00000 1.00000 0.97051 0.97251
119.00000 162.00000 0.47624 0.83135 1.00000 0.62699 0.66722 0.68482 0.58954 0.50794 0.50000 0.46866 0.86474 0.63255 0.37838 0.68893 0.46940 0.99435 0.57657 0.34948 1.00000 0.64583 0.86469 1.00000 0.48080 0.48784
119.00000 163.00000 0.23815 0.29691 1.00000 0.59794 0.64465 0.72811 0.73030 0.61718 0.61572 0.61310 0.85368 0.67699 0.89189 0.78176 0.61299 0.99421 0.75225 0.13086 1.00000 0.72917 0.85412 1.00000 0.61831 0.62798
119.00000 164.00000 0.83320 0.99762 1.00000 0.06027 0.19222 0.31275 0.28949 0.14659 0.14403 0.13796 0.65213 0.33247 0.24324 0.48860 0.13540 0.99526 0.60287 0.37749 0.00000 0.36458 0.65116 1.00000 0.16255 0.16488
119.00000 165.00000 0.99984 0.99762 1.00000 0.00000 0.13634 0.29844 0.27606 0.00000 0.00063 0.00480 0.62877 0.31230 0.24324 0.49593 0.00487 0.99509 0.65938 0.39561 0.00000 0.31250 0.62791 1.00000 0.00652 0.01732
119.00000 166.00000 0.47621 0.83135 1.00000 0.62699 0.66235 0.67441 0.58391 0.50794 0.50000 0.46981 0.86485 0.63684 0.40541 0.69300 0.46955 0.99441 0.60516 0.35274 1.00000 0.65625 0.86469 1.00000 0.48388 0.48976
119.00000 167.00000 0.83329 0.99762 1.00000 0.06027 0.19002 0.37202 0.27389 0.14659 0.14403 0.13737 0.65232 0.33470 0.24324 0.50407 0.13613 0.99548 0.60392 0.37170 0.00000 0.36458 0.65116 1.00000 0.16152 0.16153
119.00000 168.00000 0.59519 0.73634 0.00000 0.23809 0.01477 0.07108 0.09301 0.29318 0.20881 0.09200 0.00260 0.05261 0.02703 0.08388 0.08949 0.00367 0.14795 0.97349 0.00000 0.08333 0.00000 0.00000 0.13512 0.14305
119.00000 169.00000 0.99998 0.99976 1.00000 0.00000 0.13799 0.31432 0.27476 0.00000 0.00063 0.00494 0.62894 0.31502 0.24324 0.50896 0.00350 0.99515 0.66176 0.38415 0.00000 0.31250 0.62791 1.00000 0.00892 0.01313
119.00000 170.00000 0.83314 0.99846 1.00000 0.06027 0.19029 0.35262 0.27213 0.14659 0.14465 0.13744 0.65240 0.33511 0.24324 0.50733 0.13535 0.99570 0.62277 0.39049 0.00000 0.35417 0.65116 1.00000 0.15398 0.16788
119.00000 171.00000 0.59510 0.73753 0.00000 0.23809 0.01798 0.07683 0.08850 0.29318 0.20881 0.09083 0.00283 0.06117 0.02703 0.08388 0.08895 0.00391 0.15262 0.97100 0.00000 0.06250 0.00000 0.00000 0.13615 0.14020
119.00000 172.00000 0.00005 0.00119 1.00000 1.00000 0.99303 0.97058 0.96816 1.00000 1.00000 0.98840 0.99956 0.91994 1.00000 0.96010 0.99102 0.99369 0.79650 0.07334 1.00000 0.95833 1.00000 1.00000 0.96982 0.97509
119.00000 173.00000 0.59517 0.73634 0.00000 0.23809 0.02349 0.09324 0.09332 0.29318 0.20881 0.09083 0.00272 0.06044 0.02703 0.08388 0.08893 0.00411 0.14474 0.98279 0.00000 0.06250 0.00000 0.00000 0.13683 0.13606
119.00000 174.00000 0.99998 0.99964 1.00000 0.00000 0.13625 0.32884 0.29363 0.00000 0.00063 0.00468 0.62894 0.32221 0.24324 0.50407 0.00347 0.99526 0.67071 0.40341 0.00000 0.32292 0.62791 1.00000 0.00583 0.01021
