1.00000 1.00000 0.99993 0.99762 1.00000 0.00000 0.13035 0.27208 0.21259 0.00000 0.00188 0.00274 0.62698 0.26958 0.20513 0.45860 0.00359 0.99311 0.55077 0.40054 0.00000 0.28866 0.62791 1.00000 0.01547 0.01588
1.00000 2.00000 0.47615 0.83159 1.00000 0.62699 0.64797 0.63441 0.51178 0.50794 0.49812 0.45079 0.86289 0.60141 0.35897 0.64123 0.45036 0.99240 0.48176 0.35135 0.00000 0.60825 0.86469 1.00000 0.47797 0.48149
1.00000 3.00000 0.99990 0.99869 1.00000 0.00000 0.12365 0.27124 0.22248 0.00000 0.00125 0.00462 0.62711 0.26576 0.20513 0.45617 0.00320 0.99306 0.53103 0.42379 0.00000 0.27835 0.62791 1.00000 0.01076 0.01893
1.00000 4.00000 0.99981 0.99762 1.00000 0.00000 0.12135 0.26617 0.22483 0.00000 0.00188 0.00416 0.62703 0.27043 0.23077 0.45779 0.00364 0.99319 0.55371 0.40172 0.00000 0.26804 0.62791 1.00000 0.01278 0.01872
1.00000 5.00000 0.59527 0.73717 0.00000 0.23809 0.00569 0.03392 0.02202 0.29318 0.20891 0.08892 0.00106 0.00860 0.00000 0.03571 0.08749 0.00141 0.04814 0.92054 0.00000 0.03093 0.00000 0.00000 0.13017 0.14556
1.00000 6.00000 0.83317 0.99762 1.00000 0.06027 0.17707 0.29757 0.22239 0.14659 0.14429 0.13264 0.65000 0.29324 0.23077 0.43831 0.13097 0.99278 0.50093 0.40092 0.00000 0.28866 0.65116 1.00000 0.15977 0.15850
1.00000 7.00000 0.00005 0.00012 1.00000 1.00000 0.97623 0.92026 0.88740 1.00000 0.99812 0.95776 0.99848 0.87931 0.94872 0.88474 0.95843 0.99284 0.67843 0.07621 1.00000 0.91753 1.00000 1.00000 0.96771 0.97599
1.00000 8.00000 0.99976 0.99762 1.00000 0.00000 0.12456 0.27405 0.20740 0.00000 0.00125 0.00221 0.62711 0.26625 0.20513 0.45130 0.00327 0.99306 0.55356 0.41244 0.00000 0.27835 0.62791 1.00000 0.01312 0.01092
1.00000 9.00000 0.99985 0.99762 1.00000 0.00000 0.12915 0.27052 0.18554 0.00000 0.00188 0.00426 0.62707 0.26668 0.23077 0.43831 0.00327 0.99314 0.54188 0.40223 0.00000 0.26804 0.62791 1.00000 0.01581 0.01243
1.00000 10.00000 0.59517 0.73836 0.00000 0.23809 0.00799 0.02495 0.04071 0.29318 0.20954 0.08865 0.00108 0.01759 0.02564 0.01623 0.08742 0.00154 0.05682 0.94735 0.00000 0.03093 0.00000 0.00000 0.14060 0.14199
1.00000 11.00000 0.47614 0.83135 1.00000 0.62699 0.65541 0.63551 0.50114 0.50794 0.49812 0.45336 0.86297 0.59813 0.35897 0.63474 0.45127 0.99267 0.49121 0.34284 0.00000 0.62887 0.86469 1.00000 0.48671 0.48235
1.00000 12.00000 0.83316 0.99762 1.00000 0.06027 0.17487 0.33300 0.23612 0.14659 0.14492 0.13229 0.65003 0.29114 0.23077 0.43912 0.13050 0.99275 0.50624 0.39037 0.00000 0.30928 0.65116 1.00000 0.15203 0.15678
1.00000 13.00000 0.59509 0.73634 0.00000 0.23809 0.00771 0.04096 0.03951 0.29318 0.20954 0.08826 0.00118 0.01284 0.02564 0.03084 0.08642 0.00157 0.04658 0.92130 0.00000 0.03093 0.00000 0.00000 0.14295 0.14167
1.00000 14.00000 0.47623 0.83230 1.00000 0.62699 0.65945 0.61475 0.52357 0.50794 0.49812 0.45449 0.86301 0.60203 0.35897 0.63961 0.45210 0.99273 0.49429 0.36377 0.00000 0.63918 0.86469 1.00000 0.47561 0.48459
1.00000 15.00000 0.59512 0.73634 0.00000 0.23809 0.00587 0.04415 0.03151 0.29318 0.20954 0.08895 0.00108 0.01685 0.02564 0.03166 0.08583 0.00149 0.04316 0.94275 0.00000 0.02062 0.00000 0.00000 0.13824 0.13880
1.00000 16.00000 0.47611 0.83278 1.00000 0.62699 0.64871 0.62417 0.53323 0.50794 0.49812 0.45290 0.86295 0.60420 0.35897 0.63312 0.45127 0.99275 0.49335 0.35245 0.00000 0.60825 0.86469 1.00000 0.48369 0.48290
1.00000 17.00000 0.23802 0.29762 1.00000 0.59794 0.62713 0.65334 0.64595 0.61718 0.61418 0.59035 0.85240 0.64308 0.84615 0.72240 0.58959 0.99278 0.66571 0.16446 1.00000 0.68041 0.85412 1.00000 0.61520 0.62431
1.00000 18.00000 0.99985 0.99762 1.00000 0.00000 0.12796 0.27548 0.21482 0.00000 0.00188 0.00288 0.62715 0.26768 0.23077 0.45942 0.00457 0.99308 0.56087 0.40521 0.00000 0.27835 0.62791 1.00000 0.01547 0.01625
1.00000 19.00000 0.47617 0.83135 1.00000 0.62699 0.65330 0.62015 0.51236 0.50794 0.49812 0.45283 0.86291 0.59851 0.35897 0.64448 0.45083 0.99259 0.49672 0.36875 0.00000 0.62887 0.86469 1.00000 0.47023 0.47846
1.00000 20.00000 0.47627 0.83302 1.00000 0.62699 0.65155 0.63354 0.50611 0.50794 0.49812 0.45408 0.86291 0.60144 0.35897 0.64448 0.45220 0.99253 0.50004 0.35107 0.00000 0.62887 0.86469 1.00000 0.47797 0.47869
1.00000 21.00000 0.00006 0.00131 1.00000 1.00000 0.97466 0.90260 0.89713 1.00000 0.99812 0.95438 0.99717 0.86535 0.94872 0.90097 0.95533 0.99118 0.66463 0.07739 1.00000 0.90722 1.00000 1.00000 0.96636 0.96502
1.00000 22.00000 0.47616 0.83135 1.00000 0.62699 0.65789 0.62123 0.50479 0.50794 0.49812 0.45099 0.86295 0.59220 0.35897 0.63799 0.45261 0.99253 0.49030 0.35180 0.00000 0.62887 0.86469 1.00000 0.48066 0.48723
1.00000 23.00000 0.00000 0.00214 1.00000 1.00000 0.97687 0.90576 0.88123 1.00000 0.99812 0.95820 0.99850 0.87303 0.94872 0.89367 0.95882 0.99295 0.69351 0.07722 1.00000 0.90722 1.00000 1.00000 0.96872 0.97378
1.00000 24.00000 0.59524 0.73634 0.00000 0.23809 0.00551 0.02500 0.02025 0.29318 0.20891 0.08909 0.00114 0.01170 0.00000 0.03247 0.08551 0.00157 0.05228 0.93776 0.00000 0.01031 0.00000 0.00000 0.13858 0.13791
1.00000 25.00000 0.99997 0.99917 1.00000 0.00000 0.12521 0.26871 0.21761 0.00000 0.00188 0.00617 0.62700 0.26517 0.23077 0.45942 0.00433 0.99303 0.54269 0.39770 0.00000 0.27835 0.62791 1.00000 0.01009 0.01350
1.00000 26.00000 0.47610 0.83135 1.00000 0.62699 0.64926 0.63344 0.52170 0.50794 0.49812 0.45258 0.86304 0.59640 0.35897 0.62338 0.45168 0.99267 0.50807 0.35588 0.00000 0.62887 0.86469 1.00000 0.47898 0.47874
1.00000 27.00000 0.23814 0.29691 1.00000 0.59794 0.62906 0.68687 0.64146 0.61718 0.61481 0.59097 0.85246 0.64689 0.84615 0.73295 0.59189 0.99278 0.66021 0.16042 1.00000 0.67010 0.85412 1.00000 0.61789 0.62089
1.00000 28.00000 0.00005 0.00048 1.00000 1.00000 0.98293 0.90368 0.89980 1.00000 0.99812 0.95470 0.99726 0.86789 0.94872 0.90341 0.95381 0.99143 0.65463 0.08618 1.00000 0.90722 1.00000 1.00000 0.96098 0.97095
1.00000 29.00000 0.59526 0.73634 0.00000 0.23809 0.00413 0.01553 0.03934 0.29318 0.20891 0.08883 0.00110 0.01854 0.02564 0.03815 0.08593 0.00143 0.04663 0.93088 0.00000 0.03093 0.00000 0.00000 0.14262 0.13803
1.00000 30.00000 0.47615 0.83135 1.00000 0.62699 0.65293 0.62066 0.51296 0.50794 0.49812 0.45171 0.86287 0.59575 0.35897 0.63718 0.45110 0.99264 0.49881 0.35934 0.00000 0.61856 0.86469 1.00000 0.48066 0.48492
1.00000 31.00000 0.47617 0.83135 1.00000 0.62699 0.65651 0.64807 0.50501 0.50794 0.49812 0.45226 0.86299 0.59781 0.35897 0.63312 0.45156 0.99264 0.50576 0.36442 0.00000 0.60825 0.86469 1.00000 0.48032 0.48555
1.00000 32.00000 0.83332 0.99762 1.00000 0.06027 0.17799 0.28936 0.22443 0.14659 0.14429 0.13252 0.65009 0.29835 0.23077 0.42938 0.13251 0.99292 0.52100 0.39566 0.00000 0.29897 0.65116 1.00000 0.16683 0.15996
1.00000 33.00000 0.99977 1.00000 1.00000 0.00000 0.12934 0.27124 0.20483 0.00000 0.00188 0.00237 0.62700 0.27047 0.23077 0.46023 0.00408 0.99311 0.55765 0.39822 0.00000 0.26804 0.62791 1.00000 0.01278 0.01058
1.00000 34.00000 0.83330 0.99798 1.00000 0.06027 0.17588 0.29255 0.23648 0.14659 0.14492 0.13135 0.65000 0.28938 0.23077 0.43263 0.13226 0.99278 0.51083 0.39902 0.00000 0.31959 0.65116 1.00000 0.15910 0.16044
1.00000 35.00000 0.23803 0.29691 1.00000 0.59794 0.63062 0.67305 0.65234 0.61718 0.61481 0.59272 0.85249 0.64763 0.84615 0.72159 0.59199 0.99286 0.66562 0.14551 1.00000 0.67010 0.85412 1.00000 0.61386 0.62482
1.00000 36.00000 0.99980 0.99786 1.00000 0.00000 0.12181 0.26150 0.20898 0.00000 0.00188 0.00354 0.62694 0.25935 0.23077 0.45617 0.00389 0.99308 0.54286 0.40085 0.00000 0.27835 0.62791 1.00000 0.01413 0.01249
1.00000 37.00000 0.83318 0.99762 1.00000 0.06027 0.18340 0.30808 0.21823 0.14659 0.14429 0.13107 0.65000 0.28836 0.23077 0.43182 0.13094 0.99281 0.49968 0.38207 0.00000 0.30928 0.65116 1.00000 0.16078 0.15654
1.00000 38.00000 0.00001 0.00000 1.00000 1.00000 0.98026 0.92674 0.90712 1.00000 0.99812 0.95283 0.99658 0.86558 0.94872 0.92451 0.95503 0.99033 0.66211 0.09348 1.00000 0.90722 1.00000 1.00000 0.96704 0.96919
1.00000 39.00000 0.83335 0.99762 1.00000 0.06027 0.17744 0.32406 0.22748 0.14659 0.14429 0.13105 0.65011 0.29394 0.23077 0.44399 0.13185 0.99273 0.50763 0.40227 0.00000 0.30928 0.65116 1.00000 0.16011 0.15655
1.00000 40.00000 0.83325 0.99762 1.00000 0.06027 0.17836 0.31129 0.20701 0.14659 0.14492 0.13356 0.64998 0.29292 0.23077 0.44237 0.13129 0.99286 0.50465 0.40258 0.00000 0.30928 0.65116 1.00000 0.16078 0.15890
1.00000 41.00000 0.59515 0.73646 0.00000 0.23809 0.00982 0.03189 0.03019 0.29318 0.20954 0.08823 0.00106 0.01434 0.02564 0.02760 0.08796 0.00157 0.03453 0.93797 0.00000 0.03093 0.00000 0.00000 0.14464 0.14264
1.00000 42.00000 0.59511 0.73634 0.00000 0.23809 0.00698 0.04628 0.02661 0.29318 0.20954 0.08856 0.00129 0.01172 0.02564 0.04058 0.08803 0.00168 0.04893 0.92950 0.00000 0.02062 0.00000 0.00000 0.13824 0.13604
1.00000 43.00000 0.59523 0.73777 0.00000 0.23809 0.00762 0.03610 0.01050 0.29318 0.20954 0.08759 0.00110 0.00785 0.02564 0.03084 0.08683 0.00168 0.04848 0.92683 0.00000 0.03093 0.00000 0.00000 0.14262 0.14236
1.00000 44.00000 0.59526 0.73634 0.00000 0.23809 0.00340 0.01820 0.03526 0.29318 0.20891 0.08828 0.00103 0.01166 0.00000 0.02435 0.08522 0.00146 0.04706 0.93752 0.00000 0.04124 0.00000 0.00000 0.13824 0.13993
1.00000 45.00000 0.59519 0.73634 0.00000 0.23809 0.00854 0.03103 0.04290 0.29318 0.20891 0.08816 0.00103 0.01766 0.02564 0.02029 0.08647 0.00157 0.04807 0.92815 0.00000 0.04124 0.00000 0.00000 0.13656 0.14112
1.00000 46.00000 0.00005 0.00000 1.00000 1.00000 0.98577 0.90298 0.91406 1.00000 0.99812 0.95477 0.99745 0.86776 0.94872 0.90097 0.95545 0.99162 0.66170 0.09216 1.00000 0.89691 1.00000 1.00000 0.96838 0.96040
1.00000 47.00000 0.59520 0.73634 0.00000 0.23809 0.01340 0.01269 0.04158 0.29318 0.20891 0.09005 0.00110 0.01046 0.02564 0.02435 0.08524 0.00149 0.05591 0.93095 0.00000 0.04124 0.00000 0.00000 0.13724 0.14116
1.00000 48.00000 0.99978 0.99762 1.00000 0.00000 0.12677 0.26941 0.20795 0.00000 0.00188 0.00380 0.62709 0.26497 0.23077 0.45617 0.00450 0.99306 0.54058 0.40545 0.00000 0.27835 0.62791 1.00000 0.01177 0.01619
1.00000 49.00000 0.47614 0.83183 1.00000 0.62699 0.65385 0.62971 0.50868 0.50794 0.49812 0.45203 0.86297 0.59863 0.35897 0.62987 0.45139 0.99267 0.48883 0.35979 0.00000 0.63918 0.86469 1.00000 0.48200 0.48613
1.00000 50.00000 0.83327 1.00000 1.00000 0.06027 0.18028 0.29792 0.21727 0.14659 0.14492 0.13199 0.65017 0.28945 0.23077 0.43750 0.13033 0.99270 0.52485 0.38674 0.00000 0.28866 0.65116 1.00000 0.15742 0.16300
1.00000 51.00000 0.23816 0.29751 1.00000 0.59794 0.62998 0.69106 0.67081 0.61718 0.61481 0.59198 0.85232 0.65080 0.84615 0.72971 0.59321 0.99270 0.67055 0.14596 1.00000 0.67010 0.85412 1.00000 0.61588 0.62313
1.00000 52.00000 0.99982 0.99834 1.00000 0.00000 0.12768 0.27311 0.20975 0.00000 0.00188 0.00465 0.62711 0.26081 0.23077 0.44399 0.00305 0.99286 0.55253 0.40313 0.00000 0.25773 0.62791 1.00000 0.01480 0.01689
1.00000 53.00000 0.47624 0.83135 1.00000 0.62699 0.65486 0.63046 0.50667 0.50794 0.49812 0.45449 0.86297 0.60101 0.35897 0.63555 0.45166 0.99278 0.50468 0.35595 0.00000 0.62887 0.86469 1.00000 0.47797 0.48266
1.00000 54.00000 0.99987 0.99881 1.00000 0.00000 0.12273 0.27756 0.20303 0.00000 0.00188 0.00462 0.62703 0.26975 0.23077 0.46753 0.00371 0.99311 0.55354 0.40798 0.00000 0.27835 0.62791 1.00000 0.01514 0.01635
1.00000 55.00000 0.99992 0.99762 1.00000 0.00000 0.12732 0.27673 0.21977 0.00000 0.00188 0.00389 0.62715 0.26731 0.20513 0.44805 0.00521 0.99311 0.54825 0.41742 0.00000 0.27835 0.62791 1.00000 0.01581 0.01578
1.00000 56.00000 0.47614 0.83135 1.00000 0.62699 0.64696 0.63570 0.52144 0.50794 0.49812 0.45316 0.86295 0.60127 0.35897 0.65260 0.45261 0.99259 0.49823 0.35055 0.00000 0.61856 0.86469 1.00000 0.47965 0.47679
1.00000 57.00000 0.00004 0.00095 1.00000 1.00000 0.97999 0.89164 0.90676 1.00000 0.99812 0.95532 0.99724 0.86588 0.94872 0.89610 0.95437 0.99135 0.66369 0.08074 1.00000 0.91753 1.00000 1.00000 0.96199 0.96645
1.00000 58.00000 0.99992 0.99762 1.00000 0.00000 0.12466 0.26706 0.19760 0.00000 0.00188 0.00600 0.62700 0.26459 0.23077 0.46347 0.00457 0.99303 0.55551 0.41106 0.00000 0.25773 0.62791 1.00000 0.01278 0.01071
1.00000 59.00000 0.59509 0.73741 0.00000 0.23809 0.01001 0.02444 0.02671 0.29318 0.20954 0.08872 0.00108 0.01554 0.00000 0.03571 0.08693 0.00154 0.05372 0.94160 0.00000 0.03093 0.00000 0.00000 0.14060 0.13771
1.00000 60.00000 0.47618 0.83219 1.00000 0.62699 0.65458 0.63127 0.50943 0.50794 0.49875 0.45339 0.86293 0.59961 0.35897 0.65828 0.45146 0.99259 0.50701 0.36117 0.00000 0.61856 0.86469 1.00000 0.47427 0.48842
1.00000 61.00000 0.83324 0.99762 1.00000 0.06027 0.18157 0.31205 0.21271 0.14659 0.14429 0.13331 0.65011 0.29164 0.23077 0.43831 0.13129 0.99281 0.51701 0.38674 0.00000 0.31959 0.65116 1.00000 0.15203 0.16477
1.00000 62.00000 0.99988 0.99881 1.00000 0.00000 0.12420 0.27516 0.20910 0.00000 0.00188 0.00400 0.62707 0.27015 0.20513 0.45942 0.00261 0.99300 0.55859 0.42202 0.00000 0.27835 0.62791 1.00000 0.01446 0.01282
1.00000 63.00000 0.00006 0.00000 1.00000 1.00000 0.98155 0.89733 0.87395 1.00000 0.99749 0.95382 0.99774 0.86859 0.94872 0.88555 0.95635 0.99193 0.66069 0.08081 1.00000 0.90722 1.00000 1.00000 0.96435 0.96837
1.00000 64.00000 0.23802 0.29691 1.00000 0.59794 0.62814 0.67453 0.65202 0.61718 0.61481 0.59072 0.85240 0.64672 0.84615 0.72971 0.59148 0.99281 0.65013 0.15076 1.00000 0.70103 0.85412 1.00000 0.62227 0.62449
1.00000 65.00000 0.00000 0.00119 1.00000 1.00000 0.97485 0.90149 0.88149 1.00000 0.99812 0.95833 0.99857 0.87657 0.94872 0.88231 0.96014 0.99292 0.67487 0.07362 1.00000 0.89691 1.00000 1.00000 0.97208 0.97309
1.00000 66.00000 0.99991 0.99762 1.00000 0.00000 0.12640 0.25804 0.21888 0.00000 0.00125 0.00366 0.62709 0.26793 0.20513 0.45455 0.00391 0.99314 0.54142 0.41867 0.00000 0.25773 0.62791 1.00000 0.01648 0.01229
1.00000 67.00000 0.83330 0.99762 1.00000 0.06027 0.18313 0.29374 0.20531 0.14659 0.14492 0.13174 0.65009 0.29263 0.23077 0.44724 0.13222 0.99284 0.52100 0.39639 0.00000 0.31959 0.65116 1.00000 0.15943 0.16556
1.00000 68.00000 0.00000 0.00000 1.00000 1.00000 0.97577 0.91402 0.87967 1.00000 0.99812 0.95734 0.99846 0.87450 0.94872 0.88231 0.95833 0.99300 0.68531 0.08202 1.00000 0.92784 1.00000 1.00000 0.97477 0.97401
1.00000 69.00000 0.00002 0.00000 1.00000 1.00000 0.97283 0.91040 0.87938 1.00000 0.99875 0.95937 0.99857 0.88208 0.94872 0.90097 0.95858 0.99295 0.68240 0.07867 1.00000 0.91753 1.00000 1.00000 0.97208 0.97099
1.00000 70.00000 0.99981 0.99929 1.00000 0.00000 0.12025 0.27540 0.22366 0.00000 0.00188 0.00412 0.62715 0.26969 0.23077 0.46104 0.00435 0.99322 0.56046 0.40715 0.00000 0.27835 0.62791 1.00000 0.01379 0.01338
1.00000 71.00000 0.23820 0.29691 1.00000 0.59794 0.62704 0.67191 0.66233 0.61718 0.61418 0.59120 0.85238 0.64174 0.84615 0.72159 0.59099 0.99273 0.66699 0.15253 1.00000 0.67010 0.85412 1.00000 0.62193 0.62834
1.00000 72.00000 0.99983 0.99762 1.00000 0.00000 0.12383 0.29309 0.21090 0.00000 0.00188 0.00566 0.62717 0.26760 0.23077 0.46429 0.00342 0.99311 0.55907 0.40082 0.00000 0.26804 0.62791 1.00000 0.01749 0.01948
1.00000 73.00000 0.83317 0.99774 1.00000 0.06027 0.17624 0.30235 0.24057 0.14659 0.14492 0.13186 0.65013 0.28885 0.23077 0.44481 0.13285 0.99273 0.51216 0.40500 0.00000 0.29897 0.65116 1.00000 0.15876 0.15855
1.00000 74.00000 0.47609 0.83159 1.00000 0.62699 0.65155 0.64580 0.51538 0.50794 0.49812 0.45189 0.86301 0.59792 0.35897 0.66153 0.45122 0.99259 0.49900 0.35965 0.00000 0.62887 0.86469 1.00000 0.47830 0.48541
1.00000 75.00000 0.23819 0.29691 1.00000 0.59794 0.63007 0.68752 0.63932 0.61718 0.61418 0.59387 0.85236 0.65039 0.84615 0.69968 0.59272 0.99273 0.66016 0.15222 1.00000 0.67010 0.85412 1.00000 0.61958 0.62749
1.00000 76.00000 0.47611 0.83219 1.00000 0.62699 0.65339 0.62566 0.49398 0.50794 0.49812 0.45210 0.86297 0.61025 0.35897 0.63393 0.45107 0.99284 0.49956 0.35128 0.00000 0.62887 0.86469 1.00000 0.48167 0.48667
1.00000 77.00000 0.99981 0.99869 1.00000 0.00000 0.12089 0.26587 0.20331 0.00000 0.00125 0.00479 0.62707 0.26181 0.20513 0.46429 0.00371 0.99303 0.54416 0.41497 0.00000 0.28866 0.62791 1.00000 0.01144 0.01286
1.00000 78.00000 0.99989 0.99917 1.00000 0.00000 0.12952 0.26268 0.21871 0.00000 0.00125 0.00449 0.62715 0.26881 0.23077 0.45455 0.00371 0.99292 0.55169 0.41576 0.00000 0.26804 0.62791 1.00000 0.00673 0.01651
1.00000 79.00000 0.99989 0.99762 1.00000 0.00000 0.13044 0.28102 0.20243 0.00000 0.00188 0.00635 0.62707 0.26201 0.23077 0.44562 0.00398 0.99306 0.53827 0.40687 0.00000 0.28866 0.62791 1.00000 0.01379 0.01676
1.00000 80.00000 0.23823 0.29691 1.00000 0.59794 0.62980 0.66306 0.64621 0.61718 0.61418 0.59238 0.85236 0.65013 0.84615 0.72971 0.59052 0.99253 0.65790 0.16519 1.00000 0.67010 0.85412 1.00000 0.61756 0.62367
1.00000 81.00000 0.47626 0.83195 1.00000 0.62699 0.65596 0.62398 0.50328 0.50794 0.49812 0.45166 0.86297 0.60163 0.35897 0.63555 0.45361 0.99273 0.50129 0.34744 0.00000 0.63918 0.86469 1.00000 0.47965 0.48012
1.00000 82.00000 0.83327 0.99905 1.00000 0.06027 0.18194 0.31728 0.22690 0.14659 0.14492 0.13195 0.65015 0.29089 0.23077 0.45292 0.13156 0.99278 0.51896 0.39400 0.00000 0.28866 0.65116 1.00000 0.15170 0.16319
1.00000 83.00000 0.59524 0.73753 0.00000 0.23809 0.00734 0.03905 0.04222 0.29318 0.20891 0.08920 0.00099 0.01185 0.02564 0.03084 0.08661 0.00149 0.06189 0.92406 0.00000 0.03093 0.00000 0.00000 0.13757 0.13702
1.00000 84.00000 0.47617 0.83135 1.00000 0.62699 0.65458 0.61270 0.51437 0.50794 0.49812 0.45178 0.86297 0.59197 0.35897 0.64123 0.45342 0.99267 0.50523 0.34906 0.00000 0.63918 0.86469 1.00000 0.47999 0.48500
1.00000 85.00000 0.99983 0.99964 1.00000 0.00000 0.12502 0.29063 0.20488 0.00000 0.00188 0.00393 0.62698 0.26570 0.23077 0.46023 0.00555 0.99295 0.55734 0.40673 0.00000 0.27835 0.62791 1.00000 0.01446 0.01837
1.00000 86.00000 0.00003 0.00000 1.00000 1.00000 0.98109 0.90614 0.86953 1.00000 0.99812 0.95778 0.99840 0.87719 0.94872 0.89205 0.95897 0.99295 0.69928 0.07635 1.00000 0.90722 1.00000 1.00000 0.96939 0.96782
1.00000 87.00000 0.83335 0.99893 1.00000 0.06027 0.18212 0.29679 0.23079 0.14659 0.14492 0.13250 0.65005 0.28828 0.23077 0.44399 0.13185 0.99275 0.52822 0.39660 0.00000 0.29897 0.65116 1.00000 0.15573 0.15904
1.00000 88.00000 0.99981 0.99857 1.00000 0.00000 0.13026 0.26703 0.21828 0.00000 0.00125 0.00265 0.62719 0.26554 0.23077 0.44156 0.00435 0.99311 0.54048 0.40867 0.00000 0.27835 0.62791 1.00000 0.01715 0.01745
1.00000 89.00000 0.47621 0.83135 1.00000 0.62699 0.65348 0.64896 0.53328 0.50794 0.49875 0.45417 0.86314 0.59958 0.35897 0.64692 0.45217 0.99273 0.49888 0.34989 0.00000 0.63918 0.86469 1.00000 0.48671 0.48750
1.00000 90.00000 0.00005 0.00071 1.00000 1.00000 0.97843 0.90025 0.86492 1.00000 0.99812 0.95898 0.99852 0.87728 0.94872 0.90503 0.95894 0.99297 0.68719 0.07798 1.00000 0.91753 1.00000 1.00000 0.96838 0.97373
1.00000 91.00000 0.23803 0.29691 1.00000 0.59794 0.63356 0.68193 0.65534 0.61718 0.61481 0.59392 0.85238 0.64849 0.84615 0.74188 0.59165 0.99295 0.67189 0.15038 1.00000 0.65979 0.85412 1.00000 0.62092 0.61201
1.00000 92.00000 0.59523 0.73634 0.00000 0.23809 0.00991 0.01871 0.03795 0.29318 0.20891 0.08856 0.00112 0.01498 0.02564 0.01786 0.08612 0.00160 0.04244 0.91804 0.00000 0.03093 0.00000 0.00000 0.14026 0.14373
1.00000 93.00000 0.47627 0.83135 1.00000 0.62699 0.65265 0.62253 0.50092 0.50794 0.49812 0.45247 0.86287 0.59510 0.35897 0.63718 0.45063 0.99264 0.48061 0.35377 0.00000 0.62887 0.86469 1.00000 0.47662 0.48110
1.00000 94.00000 0.23802 0.29846 1.00000 0.59794 0.63108 0.67470 0.65207 0.61718 0.61481 0.59122 0.85238 0.64873 0.84615 0.72403 0.59255 0.99292 0.67836 0.16730 1.00000 0.68041 0.85412 1.00000 0.62159 0.61995
1.00000 95.00000 0.59526 0.73741 0.00000 0.23809 0.00845 0.01720 0.03216 0.29318 0.20891 0.08810 0.00112 0.01415 0.02564 0.02029 0.08664 0.00154 0.04215 0.93894 0.00000 0.03093 0.00000 0.00000 0.14295 0.14153
1.00000 96.00000 0.99990 0.99762 1.00000 0.00000 0.12888 0.27108 0.19817 0.00000 0.00125 0.00318 0.62703 0.26132 0.23077 0.46023 0.00396 0.99303 0.56073 0.41095 0.00000 0.26804 0.62791 1.00000 0.01547 0.01658
1.00000 97.00000 0.23813 0.29905 1.00000 0.59794 0.62337 0.66676 0.65176 0.61718 0.61481 0.59150 0.85234 0.64782 0.84615 0.72078 0.59360 0.99284 0.66576 0.13385 1.00000 0.68041 0.85412 1.00000 0.62866 0.63031
1.00000 98.00000 0.23810 0.29869 1.00000 0.59794 0.62970 0.68355 0.67088 0.61718 0.61481 0.59231 0.85232 0.63573 0.84615 0.72240 0.59287 0.99275 0.68339 0.15983 1.00000 0.69072 0.85412 1.00000 0.61857 0.62442
1.00000 99.00000 0.99977 0.99762 1.00000 0.00000 0.12796 0.28029 0.20884 0.00000 0.00188 0.00329 0.62709 0.26361 0.23077 0.44237 0.00393 0.99330 0.55695 0.40479 0.00000 0.27835 0.62791 1.00000 0.01850 0.00991
1.00000 100.00000 0.83336 0.99762 1.00000 0.06027 0.18294 0.32428 0.22337 0.14659 0.14429 0.13114 0.65013 0.28605 0.23077 0.43994 0.13085 0.99286 0.51545 0.38539 0.00000 0.27835 0.65116 1.00000 0.15843 0.15125
1.00000 101.00000 0.83315 0.99881 1.00000 0.06027 0.17982 0.32490 0.21705 0.14659 0.14492 0.13202 0.65011 0.29141 0.23077 0.44886 0.13170 0.99278 0.51699 0.39981 0.00000 0.30928 0.65116 1.00000 0.15943 0.15297
1.00000 102.00000 0.99995 0.99762 1.00000 0.00000 0.12511 0.26620 0.22959 0.00000 0.00188 0.00255 0.62722 0.26688 0.23077 0.45049 0.00457 0.99311 0.54580 0.40393 0.00000 0.26804 0.62791 1.00000 0.01615 0.01653
1.00000 103.00000 0.99992 0.99762 1.00000 0.00000 0.12805 0.26922 0.19633 0.00000 0.00125 0.00327 0.62717 0.26578 0.23077 0.46429 0.00386 0.99295 0.55731 0.40774 0.00000 0.27835 0.62791 1.00000 0.01682 0.01724
1.00000 104.00000 0.83315 0.99762 1.00000 0.06027 0.17982 0.30951 0.22056 0.14659 0.14429 0.13133 0.64994 0.29020 0.23077 0.43182 0.13090 0.99286 0.50872 0.39123 0.00000 0.30928 0.65116 1.00000 0.16044 0.15934
1.00000 105.00000 0.23803 0.29691 1.00000 0.59794 0.62989 0.67324 0.64885 0.61718 0.61481 0.59171 0.85234 0.64855 0.84615 0.73782 0.59392 0.99281 0.68074 0.16367 1.00000 0.67010 0.85412 1.00000 0.61958 0.62296
1.00000 106.00000 0.47622 0.83254 1.00000 0.62699 0.65238 0.62112 0.51735 0.50794 0.49749 0.45334 0.86310 0.59737 0.35897 0.64123 0.45105 0.99248 0.49773 0.34816 0.00000 0.62887 0.86469 1.00000 0.48301 0.49056
1.00000 107.00000 0.59530 0.73705 0.00000 0.23809 0.00661 0.04356 0.02661 0.29318 0.20891 0.08833 0.00108 0.01036 0.02564 0.03409 0.08563 0.00152 0.03811 0.92548 0.00000 0.03093 0.00000 0.00000 0.13724 0.14332
1.00000 108.00000 0.83313 0.99762 1.00000 0.06027 0.18184 0.31107 0.22073 0.14659 0.14429 0.13105 0.65003 0.28997 0.23077 0.44481 0.13112 0.99273 0.49842 0.40130 0.00000 0.28866 0.65116 1.00000 0.15641 0.15585
1.00000 109.00000 0.23812 0.29691 1.00000 0.59794 0.63328 0.66457 0.64981 0.61718 0.61418 0.59334 0.85234 0.65237 0.84615 0.72971 0.59162 0.99281 0.67141 0.15637 1.00000 0.69072 0.85412 1.00000 0.62328 0.62470
1.00000 110.00000 0.59529 0.73634 0.00000 0.23809 0.00340 0.03375 0.04866 0.29318 0.20891 0.08823 0.00112 0.01029 0.02564 0.02029 0.08541 0.00143 0.04877 0.92787 0.00000 0.03093 0.00000 0.00000 0.14262 0.14402
1.00000 111.00000 0.99998 0.99762 1.00000 0.00000 0.12319 0.26746 0.21499 0.00000 0.00125 0.00428 0.62719 0.26390 0.20513 0.46753 0.00398 0.99303 0.54762 0.40908 0.00000 0.27835 0.62791 1.00000 0.01648 0.01252
1.00000 112.00000 0.23802 0.29822 1.00000 0.59794 0.63044 0.69268 0.67707 0.61718 0.61418 0.59120 0.85236 0.64472 0.84615 0.72403 0.59294 0.99270 0.67855 0.14253 1.00000 0.67010 0.85412 1.00000 0.62059 0.61929
1.00000 113.00000 0.00002 0.00000 1.00000 1.00000 0.97310 0.89790 0.88507 1.00000 0.99812 0.95900 0.99850 0.88313 0.94872 0.89448 0.95892 0.99295 0.69192 0.06933 1.00000 0.90722 1.00000 1.00000 0.96502 0.97611
1.00000 114.00000 0.23814 0.29798 1.00000 0.59794 0.63154 0.67794 0.65022 0.61718 0.61418 0.59136 0.85230 0.64733 0.84615 0.72727 0.59064 0.99278 0.66569 0.14862 1.00000 0.68041 0.85412 1.00000 0.62025 0.62211
1.00000 115.00000 0.47618 0.83147 1.00000 0.62699 0.65486 0.61259 0.52410 0.50794 0.49812 0.45297 0.86297 0.60210 0.35897 0.65666 0.45176 0.99267 0.48299 0.35370 0.00000 0.62887 0.86469 1.00000 0.48167 0.48016
1.00000 116.00000 0.00006 0.00000 1.00000 1.00000 0.97714 0.92156 0.87381 1.00000 0.99812 0.95895 0.99846 0.87383 0.94872 0.89286 0.96029 0.99306 0.68413 0.08628 1.00000 0.91753 1.00000 1.00000 0.97309 0.97106
1.00000 117.00000 0.00002 0.00000 1.00000 1.00000 0.97567 0.89831 0.87883 1.00000 0.99812 0.95863 0.99846 0.87966 0.94872 0.90828 0.95906 0.99295 0.69363 0.07199 1.00000 0.90722 1.00000 1.00000 0.97847 0.96522
1.00000 118.00000 0.23803 0.29691 1.00000 0.59794 0.62915 0.67996 0.64926 0.61718 0.61418 0.59219 0.85251 0.64819 0.82051 0.72971 0.59152 0.99286 0.66165 0.15824 1.00000 0.65979 0.85412 1.00000 0.61756 0.62304
1.00000 119.00000 0.83314 0.99762 1.00000 0.06027 0.18001 0.30578 0.20048 0.14659 0.14492 0.13206 0.65015 0.29449 0.23077 0.45942 0.13182 0.99284 0.53036 0.39926 0.00000 0.28866 0.65116 1.00000 0.15775 0.16219
1.00000 120.00000 0.47622 0.83219 1.00000 0.62699 0.65467 0.63136 0.49859 0.50794 0.49812 0.45219 0.86295 0.59490 0.35897 0.64042 0.45112 0.99259 0.50040 0.35045 0.00000 0.62887 0.86469 1.00000 0.48167 0.48239
1.00000 121.00000 0.83320 0.99762 1.00000 0.06027 0.18010 0.28607 0.21506 0.14659 0.14492 0.13031 0.65000 0.28868 0.23077 0.44481 0.13153 0.99295 0.51225 0.37217 0.00000 0.30928 0.65116 1.00000 0.15674 0.15833
1.00000 122.00000 0.59524 0.73634 0.00000 0.23809 0.00945 0.02808 0.03730 0.29318 0.20891 0.08913 0.00108 0.01358 0.02564 0.04221 0.08625 0.00154 0.05240 0.93804 0.00000 0.02062 0.00000 0.00000 0.14295 0.13438
1.00000 123.00000 0.23810 0.29751 1.00000 0.59794 0.63338 0.67378 0.65798 0.61718 0.61418 0.59203 0.85225 0.64816 0.84615 0.72646 0.59091 0.99281 0.66973 0.15616 1.00000 0.68041 0.85412 1.00000 0.61789 0.62518
1.00000 124.00000 0.59522 0.73634 0.00000 0.23809 0.00927 0.03257 0.03192 0.29318 0.20891 0.09005 0.00103 0.01069 0.00000 0.03166 0.08801 0.00174 0.05223 0.93503 0.00000 0.05155 0.00000 0.00000 0.13993 0.14203
1.00000 125.00000 0.83327 0.99762 1.00000 0.06027 0.17918 0.30368 0.22949 0.14659 0.14492 0.13181 0.65019 0.30029 0.23077 0.44075 0.13268 0.99289 0.51009 0.37511 0.00000 0.30928 0.65116 1.00000 0.16313 0.16432
1.00000 126.00000 0.99980 0.99917 1.00000 0.00000 0.12420 0.25866 0.22164 0.00000 0.00188 0.00492 0.62719 0.26691 0.23077 0.45860 0.00367 0.99300 0.56046 0.40002 0.00000 0.27835 0.62791 1.00000 0.01615 0.01708
1.00000 127.00000 0.00003 0.00000 1.00000 1.00000 0.96907 0.92280 0.89600 1.00000 0.99812 0.95983 0.99848 0.88311 0.94872 0.88068 0.95884 0.99311 0.69062 0.07376 1.00000 0.91753 1.00000 1.00000 0.97645 0.97415
1.00000 128.00000 0.23816 0.29822 1.00000 0.59794 0.63053 0.68290 0.65882 0.61718 0.61481 0.59297 0.85240 0.64694 0.84615 0.74675 0.59377 0.99278 0.68079 0.15568 1.00000 0.68041 0.85412 1.00000 0.62395 0.62415
1.00000 129.00000 0.99999 0.99762 1.00000 0.00000 0.12824 0.28453 0.21102 0.00000 0.00188 0.00375 0.62711 0.26471 0.23077 0.48052 0.00318 0.99328 0.55953 0.42233 0.00000 0.27835 0.62791 1.00000 0.01917 0.01233
1.00000 130.00000 0.99989 0.99834 1.00000 0.00000 0.12144 0.27273 0.22349 0.00000 0.00188 0.00410 0.62715 0.26808 0.23077 0.45860 0.00418 0.99306 0.54878 0.40428 0.00000 0.27835 0.62791 1.00000 0.01514 0.01763
1.00000 131.00000 0.99998 0.99762 1.00000 0.00000 0.12732 0.29250 0.21160 0.00000 0.00188 0.00449 0.62722 0.27002 0.23077 0.45698 0.00379 0.99311 0.55669 0.40594 0.00000 0.27835 0.62791 1.00000 0.01514 0.01454
1.00000 132.00000 0.83322 0.99762 1.00000 0.06027 0.18203 0.30889 0.22983 0.14659 0.14492 0.13225 0.65015 0.29215 0.23077 0.45698 0.13212 0.99278 0.51018 0.40102 0.00000 0.31959 0.65116 1.00000 0.16011 0.15665
1.00000 133.00000 0.47611 0.83349 1.00000 0.62699 0.65733 0.63195 0.51985 0.50794 0.49812 0.44954 0.86308 0.60039 0.35897 0.63636 0.45139 0.99267 0.50049 0.35159 0.00000 0.62887 0.86469 1.00000 0.48032 0.48199
1.00000 134.00000 0.99981 0.99762 1.00000 0.00000 0.12319 0.29395 0.21256 0.00000 0.00188 0.00184 0.62724 0.27342 0.23077 0.46104 0.00386 0.99319 0.55130 0.40113 0.00000 0.27835 0.62791 1.00000 0.01783 0.01442
1.00000 135.00000 0.83320 0.99762 1.00000 0.06027 0.18276 0.31442 0.22981 0.14659 0.14429 0.13135 0.65007 0.28334 0.23077 0.44805 0.13014 0.99270 0.51141 0.38864 0.00000 0.30928 0.65116 1.00000 0.16011 0.15894
1.00000 136.00000 0.47606 0.83183 1.00000 0.62699 0.65467 0.63776 0.50184 0.50794 0.49812 0.45286 0.86301 0.60121 0.35897 0.62338 0.45244 0.99273 0.50751 0.35058 0.00000 0.61856 0.86469 1.00000 0.47931 0.48298
1.00000 137.00000 0.99993 0.99917 1.00000 0.00000 0.12869 0.27346 0.21746 0.00000 0.00125 0.00451 0.62715 0.27078 0.23077 0.46266 0.00489 0.99314 0.55534 0.41113 0.00000 0.26804 0.62791 1.00000 0.01884 0.01243
1.00000 138.00000 0.59512 0.73634 0.00000 0.23809 0.00707 0.02249 0.04503 0.29318 0.20891 0.09010 0.00114 0.01684 0.02564 0.04789 0.08735 0.00174 0.05110 0.92081 0.00000 0.03093 0.00000 0.00000 0.13959 0.14141
1.00000 139.00000 0.83326 0.99786 1.00000 0.06027 0.18001 0.32749 0.23367 0.14659 0.14429 0.13303 0.65017 0.29034 0.23077 0.44886 0.13236 0.99303 0.51112 0.40068 0.00000 0.29897 0.65116 1.00000 0.15372 0.16025
1.00000 140.00000 0.00002 0.00024 1.00000 1.00000 0.97540 0.93355 0.88197 1.00000 0.99812 0.95953 0.99852 0.86555 0.94872 0.87662 0.95931 0.99289 0.68216 0.07760 1.00000 0.91753 1.00000 1.00000 0.96838 0.97041
1.00000 141.00000 0.99979 0.99976 1.00000 0.00000 0.12695 0.27381 0.22106 0.00000 0.00188 0.00219 0.62711 0.26623 0.23077 0.46997 0.00459 0.99311 0.55373 0.39455 0.00000 0.26804 0.62791 1.00000 0.00706 0.01482
1.00000 142.00000 0.59530 0.73634 0.00000 0.23809 0.00688 0.02627 0.02882 0.29318 0.20891 0.08998 0.00103 0.01295 0.02564 0.03247 0.08739 0.00160 0.05006 0.94382 0.00000 0.05155 0.00000 0.00000 0.13892 0.14133
1.00000 143.00000 0.23811 0.29691 1.00000 0.59794 0.62723 0.70110 0.65539 0.61718 0.61418 0.59405 0.85242 0.64869 0.84615 0.71023 0.59233 0.99303 0.65665 0.15042 1.00000 0.68041 0.85412 1.00000 0.62294 0.62005
1.00000 144.00000 0.99999 0.99941 1.00000 0.00000 0.12686 0.29020 0.21057 0.00000 0.00125 0.00513 0.62709 0.27049 0.23077 0.44724 0.00332 0.99308 0.56025 0.40677 0.00000 0.27835 0.62791 1.00000 0.00908 0.01607
1.00000 145.00000 0.23806 0.29774 1.00000 0.59794 0.63356 0.66848 0.66850 0.61718 0.61418 0.59313 0.85249 0.64828 0.84615 0.73052 0.59179 0.99289 0.67516 0.15232 1.00000 0.68041 0.85412 1.00000 0.62025 0.62492
1.00000 146.00000 0.59515 0.73634 0.00000 0.23809 0.01010 0.02754 0.02613 0.29318 0.20891 0.09012 0.00116 0.01595 0.02564 0.03571 0.08700 0.00171 0.06149 0.94029 0.00000 0.05155 0.00000 0.00000 0.13488 0.14091
1.00000 147.00000 0.47608 0.83195 1.00000 0.62699 0.65339 0.62536 0.51654 0.50794 0.49812 0.45445 0.86310 0.60180 0.35897 0.65747 0.45322 0.99284 0.50855 0.35429 0.00000 0.61856 0.86469 1.00000 0.48100 0.48896
1.00000 148.00000 0.23809 0.29691 1.00000 0.59794 0.62906 0.67024 0.65464 0.61718 0.61418 0.59083 0.85240 0.65164 0.84615 0.72321 0.59245 0.99284 0.66982 0.15592 1.00000 0.67010 0.85412 1.00000 0.62395 0.61755
1.00000 149.00000 0.23819 0.29774 1.00000 0.59794 0.63439 0.66970 0.64542 0.61718 0.61481 0.59417 0.85249 0.65189 0.84615 0.73133 0.59289 0.99278 0.66184 0.15765 1.00000 0.67010 0.85412 1.00000 0.61890 0.62161
1.00000 150.00000 0.59519 0.73872 0.00000 0.23809 0.00679 0.05673 0.03653 0.29318 0.20954 0.08812 0.00127 0.01511 0.02564 0.03734 0.08774 0.00165 0.06757 0.94129 0.00000 0.03093 0.00000 0.00000 0.14127 0.14357
1.00000 151.00000 0.83318 0.99762 1.00000 0.06027 0.17909 0.31048 0.20603 0.14659 0.14429 0.13372 0.65013 0.29820 0.23077 0.43831 0.13310 0.99286 0.51050 0.40137 0.00000 0.30928 0.65116 1.00000 0.16583 0.15358
1.00000 152.00000 0.99980 0.99762 1.00000 0.00000 0.12732 0.29190 0.21391 0.00000 0.00125 0.00387 0.62722 0.26737 0.23077 0.44237 0.00352 0.99314 0.55739 0.40334 0.00000 0.26804 0.62791 1.00000 0.01480 0.01281
1.00000 153.00000 0.59525 0.73634 0.00000 0.23809 0.00872 0.05279 0.03742 0.29318 0.20891 0.08950 0.00112 0.01334 0.02564 0.02841 0.08647 0.00168 0.05083 0.93001 0.00000 0.04124 0.00000 0.00000 0.14329 0.13664
1.00000 154.00000 0.59512 0.73634 0.00000 0.23809 0.00890 0.02101 0.03920 0.29318 0.20891 0.09014 0.00118 0.00870 0.02564 0.04789 0.08774 0.00165 0.03662 0.92462 0.00000 0.04124 0.00000 0.00000 0.14094 0.13853
1.00000 155.00000 0.99991 0.99762 1.00000 0.00000 0.12163 0.27286 0.21686 0.00000 0.00188 0.00446 0.62713 0.27058 0.23077 0.46834 0.00428 0.99314 0.54976 0.41434 0.00000 0.27835 0.62791 1.00000 0.01480 0.01222
1.00000 156.00000 0.47606 0.83135 1.00000 0.62699 0.65596 0.62698 0.52557 0.50794 0.49812 0.45212 0.86308 0.59904 0.35897 0.64610 0.45222 0.99262 0.50549 0.35557 0.00000 0.62887 0.86469 1.00000 0.47965 0.48437
1.00000 157.00000 0.99987 0.99762 1.00000 0.00000 0.13126 0.27921 0.22765 0.00000 0.00125 0.00460 0.62711 0.26428 0.23077 0.46429 0.00276 0.99322 0.55501 0.42223 0.00000 0.27835 0.62791 1.00000 0.02052 0.01526
1.00000 158.00000 0.83320 0.99762 1.00000 0.06027 0.17918 0.31461 0.21705 0.14659 0.14429 0.13335 0.65009 0.29630 0.23077 0.44318 0.13109 0.99297 0.52057 0.38041 0.00000 0.29897 0.65116 1.00000 0.15876 0.15690
1.00000 159.00000 0.59516 0.73634 0.00000 0.23809 0.01313 0.04642 0.04410 0.29318 0.20891 0.08973 0.00127 0.01870 0.02564 0.04383 0.08691 0.00163 0.05949 0.93064 0.00000 0.04124 0.00000 0.00000 0.13724 0.14785
1.00000 160.00000 0.00007 0.00107 1.00000 1.00000 0.97834 0.91148 0.88582 1.00000 0.99812 0.95971 0.99850 0.88164 0.94872 0.90016 0.96090 0.99308 0.68122 0.07476 1.00000 0.92784 1.00000 1.00000 0.97679 0.98246
1.00000 161.00000 0.23806 0.29691 1.00000 0.59794 0.63879 0.66843 0.64515 0.61718 0.61418 0.59348 0.85251 0.64595 0.84615 0.72078 0.59302 0.99295 0.66422 0.14409 1.00000 0.67010 0.85412 1.00000 0.62429 0.62678
1.00000 162.00000 0.23815 0.29691 1.00000 0.59794 0.63007 0.66138 0.64484 0.61718 0.61418 0.59233 0.85240 0.65772 0.84615 0.73701 0.59387 0.99284 0.67266 0.16028 1.00000 0.67010 0.85412 1.00000 0.62429 0.62244
1.00000 163.00000 0.59518 0.73741 0.00000 0.23809 0.01092 0.04410 0.03451 0.29318 0.20891 0.09093 0.00118 0.00850 0.02564 0.03247 0.08813 0.00160 0.05425 0.92019 0.00000 0.04124 0.00000 0.00000 0.14531 0.14072
1.00000 164.00000 0.00001 0.00012 1.00000 1.00000 0.97806 0.91694 0.85800 1.00000 0.99749 0.95884 0.99867 0.87627 0.94872 0.88799 0.95811 0.99308 0.67605 0.06303 1.00000 0.90722 1.00000 1.00000 0.96435 0.96744
1.00000 165.00000 0.23802 0.29762 1.00000 0.59794 0.62695 0.67472 0.64612 0.61718 0.61418 0.59205 0.85246 0.65193 0.84615 0.72646 0.59194 0.99278 0.66610 0.14803 1.00000 0.68041 0.85412 1.00000 0.61958 0.62347
1.00000 166.00000 0.23808 0.29691 1.00000 0.59794 0.63264 0.67750 0.64636 0.61718 0.61418 0.59378 0.85242 0.64077 0.84615 0.73620 0.59314 0.99281 0.68187 0.15509 1.00000 0.68041 0.85412 1.00000 0.62496 0.62193
1.00000 167.00000 0.47625 0.83135 1.00000 0.62699 0.65761 0.60727 0.52105 0.50794 0.49812 0.45486 0.86310 0.60116 0.35897 0.64854 0.45388 0.99281 0.50617 0.34591 0.00000 0.60825 0.86469 1.00000 0.48268 0.48510
1.00000 168.00000 0.83335 0.99857 1.00000 0.06027 0.17514 0.31477 0.23485 0.14659 0.14429 0.13365 0.65013 0.29616 0.23077 0.45455 0.13244 0.99300 0.52197 0.39400 0.00000 0.30928 0.65116 1.00000 0.15809 0.16534
1.00000 169.00000 0.00001 0.00000 1.00000 1.00000 0.97457 0.92736 0.89864 1.00000 0.99812 0.96185 0.99863 0.87763 0.94872 0.88636 0.96114 0.99314 0.70113 0.07777 1.00000 0.90722 1.00000 1.00000 0.97275 0.96936
1.00000 170.00000 0.00002 0.00000 1.00000 1.00000 0.97641 0.92328 0.87873 1.00000 0.99812 0.96004 0.99863 0.88231 0.94872 0.89773 0.95916 0.99303 0.67826 0.07985 1.00000 0.88660 1.00000 1.00000 0.97006 0.97713
1.00000 171.00000 0.23805 0.29691 1.00000 0.59794 0.63310 0.68245 0.66175 0.61718 0.61418 0.59251 0.85242 0.65367 0.84615 0.72321 0.59311 0.99292 0.68125 0.14443 1.00000 0.67010 0.85412 1.00000 0.61890 0.62578
1.00000 172.00000 0.59531 0.73658 0.00000 0.23809 0.00945 0.02355 0.02299 0.29318 0.20891 0.09187 0.00114 0.01357 0.02564 0.03328 0.08805 0.00171 0.05509 0.93680 0.00000 0.04124 0.00000 0.00000 0.13791 0.14091
1.00000 173.00000 0.99977 0.99762 1.00000 0.00000 0.12695 0.29949 0.21811 0.00000 0.00188 0.00336 0.62715 0.27745 0.23077 0.45373 0.00442 0.99328 0.54839 0.40286 0.00000 0.26804 0.62791 1.00000 0.01951 0.01784
1.00000 174.00000 0.23803 0.29691 1.00000 0.59794 0.63163 0.67235 0.66072 0.61718 0.61418 0.59454 0.85249 0.65002 0.84615 0.73133 0.59453 0.99308 0.67309 0.16509 1.00000 0.69072 0.85412 1.00000 0.61857 0.62827
1.00000 175.00000 0.47628 0.83302 1.00000 0.62699 0.65311 0.63041 0.50729 0.50794 0.49812 0.45364 0.86308 0.60474 0.35897 0.64286 0.45481 0.99292 0.50780 0.35204 0.00000 0.62887 0.86469 1.00000 0.48268 0.48497
1.00000 176.00000 0.00005 0.00000 1.00000 1.00000 0.98164 0.92166 0.87823 1.00000 0.99812 0.96121 0.99867 0.87612 0.94872 0.89205 0.95840 0.99303 0.69202 0.07410 1.00000 0.90722 1.00000 1.00000 0.97545 0.96644
1.00000 177.00000 0.47610 0.83266 1.00000 0.62699 0.65311 0.61996 0.51171 0.50794 0.49812 0.45461 0.86312 0.59841 0.35897 0.63636 0.45467 0.99275 0.50929 0.35097 0.00000 0.62887 0.86469 1.00000 0.48335 0.48028
1.00000 178.00000 0.83332 0.99762 1.00000 0.06027 0.17790 0.32069 0.22510 0.14659 0.14429 0.13287 0.65030 0.29447 0.23077 0.45860 0.13268 0.99311 0.52834 0.37951 0.00000 0.30928 0.65116 1.00000 0.15674 0.16096
1.00000 179.00000 0.99992 0.99762 1.00000 0.00000 0.12511 0.28410 0.23831 0.00000 0.00188 0.00518 0.62719 0.27383 0.23077 0.46834 0.00423 0.99322 0.56549 0.39898 0.00000 0.26804 0.62791 1.00000 0.00942 0.01967
1.00000 180.00000 0.83321 0.99762 1.00000 0.06027 0.18616 0.32782 0.20843 0.14659 0.14429 0.13179 0.65024 0.29249 0.23077 0.44237 0.13187 0.99292 0.53207 0.37075 0.00000 0.28866 0.65116 1.00000 0.15876 0.15728
1.00000 181.00000 0.00005 0.00000 1.00000 1.00000 0.97650 0.91262 0.89211 1.00000 0.99812 0.96024 0.99852 0.87796 0.94872 0.90260 0.96447 0.99308 0.70676 0.07054 1.00000 0.91753 1.00000 1.00000 0.97208 0.97643
1.00000 182.00000 0.59522 0.73634 0.00000 0.23809 0.00753 0.03762 0.03360 0.29318 0.20891 0.08957 0.00122 0.01974 0.02564 0.03409 0.08935 0.00174 0.05629 0.91203 0.00000 0.02062 0.00000 0.00000 0.13589 0.13752
1.00000 183.00000 0.59524 0.73824 0.00000 0.23809 0.01065 0.01920 0.04508 0.29318 0.20891 0.08952 0.00133 0.01623 0.02564 0.02760 0.08823 0.00176 0.05295 0.92849 0.00000 0.02062 0.00000 0.00000 0.13892 0.14591
1.00000 184.00000 0.99993 0.99762 1.00000 0.00000 0.12438 0.26620 0.22008 0.00000 0.00125 0.00481 0.62730 0.27225 0.23077 0.46429 0.00418 0.99333 0.56881 0.41075 0.00000 0.26804 0.62791 1.00000 0.01278 0.01376
1.00000 185.00000 0.23800 0.29905 1.00000 0.59794 0.63540 0.66200 0.67237 0.61718 0.61418 0.59362 0.85242 0.64835 0.84615 0.72321 0.59495 0.99308 0.68194 0.13994 1.00000 0.68041 0.85412 1.00000 0.62193 0.62296
1.00000 186.00000 0.23817 0.29691 1.00000 0.59794 0.62970 0.68528 0.64535 0.61718 0.61418 0.59424 0.85249 0.65011 0.84615 0.74351 0.59385 0.99303 0.67454 0.15357 1.00000 0.67010 0.85412 1.00000 0.62092 0.62555
1.00000 187.00000 0.83328 0.99881 1.00000 0.06027 0.17992 0.32436 0.22695 0.14659 0.14429 0.13358 0.65011 0.29122 0.23077 0.45779 0.13351 0.99286 0.52954 0.38047 0.00000 0.34021 0.65116 1.00000 0.15977 0.14931
1.00000 188.00000 0.47621 0.83135 1.00000 0.62699 0.65247 0.63514 0.51137 0.50794 0.49812 0.45583 0.86325 0.60973 0.35897 0.65990 0.45518 0.99289 0.51069 0.34391 0.00000 0.62887 0.86469 1.00000 0.48200 0.49077
1.00000 189.00000 1.00000 0.99988 1.00000 0.00000 0.12190 0.27837 0.21580 0.00000 0.00188 0.00610 0.62728 0.26992 0.23077 0.45698 0.00560 0.99322 0.57239 0.41154 0.00000 0.27835 0.62791 1.00000 0.01177 0.01474
1.00000 190.00000 0.23815 0.29691 1.00000 0.59794 0.63503 0.66859 0.63644 0.61718 0.61418 0.59366 0.85242 0.64803 0.84615 0.72727 0.59387 0.99300 0.68269 0.14731 1.00000 0.69072 0.85412 1.00000 0.62630 0.62181
1.00000 191.00000 0.99995 0.99762 1.00000 0.00000 0.12337 0.28121 0.21381 0.00000 0.00188 0.00552 0.62722 0.26682 0.23077 0.46023 0.00464 0.99319 0.56114 0.38705 0.00000 0.26804 0.62791 1.00000 0.01985 0.01159
1.00000 192.00000 0.23809 0.29691 1.00000 0.59794 0.63273 0.67251 0.66535 0.61718 0.61481 0.59617 0.85268 0.65382 0.84615 0.75406 0.59492 0.99311 0.68218 0.13942 1.00000 0.69072 0.85412 1.00000 0.62328 0.61795
1.00000 193.00000 0.59524 0.73634 0.00000 0.23809 0.01028 0.04310 0.04902 0.29318 0.20891 0.08980 0.00114 0.00930 0.02564 0.02841 0.08981 0.00176 0.06550 0.92745 0.00000 0.04124 0.00000 0.00000 0.14060 0.13973
1.00000 194.00000 0.23824 0.29857 1.00000 0.59794 0.63026 0.69136 0.68423 0.61718 0.61418 0.59629 0.85257 0.64474 0.84615 0.73620 0.59402 0.99300 0.68012 0.14848 1.00000 0.68041 0.85412 1.00000 0.63000 0.62840
1.00000 195.00000 0.99983 0.99917 1.00000 0.00000 0.12236 0.27313 0.20987 0.00000 0.00188 0.00405 0.62715 0.27256 0.23077 0.48052 0.00533 0.99333 0.56746 0.39708 0.00000 0.28866 0.62791 1.00000 0.01581 0.01681
1.00000 196.00000 0.00005 0.00000 1.00000 1.00000 0.97889 0.91381 0.88920 1.00000 0.99812 0.96300 0.99871 0.88114 0.94872 0.90747 0.96354 0.99322 0.70702 0.07829 1.00000 0.91753 1.00000 1.00000 0.96872 0.97228
1.00000 197.00000 0.47605 0.83135 1.00000 0.62699 0.66027 0.64378 0.52881 0.50794 0.49749 0.45392 0.86318 0.60524 0.35897 0.64286 0.45418 0.99297 0.51783 0.35228 0.00000 0.62887 0.86469 1.00000 0.47965 0.48134
1.00000 198.00000 0.59517 0.73860 0.00000 0.23809 0.01331 0.04042 0.02822 0.29318 0.20891 0.08906 0.00118 0.01255 0.02564 0.02516 0.08703 0.00179 0.04093 0.92441 0.00000 0.04124 0.00000 0.00000 0.14060 0.13732
1.00000 199.00000 0.99986 0.99905 1.00000 0.00000 0.12622 0.27138 0.22548 0.00000 0.00188 0.00393 0.62717 0.27281 0.23077 0.46916 0.00286 0.99330 0.54991 0.38608 0.00000 0.29897 0.62791 1.00000 0.01682 0.01283
1.00000 200.00000 0.59523 0.73634 0.00000 0.23809 0.01166 0.02906 0.01984 0.29318 0.20891 0.09042 0.00137 0.01711 0.02564 0.03490 0.08832 0.00193 0.03386 0.92244 0.00000 0.02062 0.00000 0.00000 0.14531 0.14376
1.00000 201.00000 0.00006 0.00000 1.00000 1.00000 0.97641 0.91953 0.89670 1.00000 0.99812 0.96176 0.99861 0.87864 0.94872 0.88961 0.96114 0.99289 0.70594 0.06359 1.00000 0.91753 1.00000 1.00000 0.96905 0.97250
1.00000 202.00000 0.83320 0.99905 1.00000 0.06027 0.17973 0.30108 0.20473 0.14659 0.14429 0.13406 0.65038 0.29296 0.23077 0.43506 0.13246 0.99322 0.52653 0.38982 0.00000 0.30928 0.65116 1.00000 0.15103 0.16108
1.00000 203.00000 0.99990 0.99810 1.00000 0.00000 0.12355 0.29863 0.22061 0.00000 0.00125 0.00338 0.62722 0.28184 0.23077 0.48052 0.00337 0.99336 0.57689 0.39286 0.00000 0.28866 0.62791 1.00000 0.01682 0.01361
1.00000 204.00000 0.99982 0.99762 1.00000 0.00000 0.12511 0.28323 0.21835 0.00000 0.00125 0.00462 0.62734 0.27526 0.23077 0.45860 0.00474 0.99336 0.57088 0.41040 0.00000 0.29897 0.62791 1.00000 0.01749 0.01274
1.00000 205.00000 0.23801 0.29834 1.00000 0.59794 0.63512 0.68590 0.65219 0.61718 0.61418 0.59468 0.85261 0.65306 0.84615 0.73945 0.59492 0.99297 0.67915 0.13125 1.00000 0.68041 0.85412 1.00000 0.61991 0.62272
1.00000 206.00000 0.83320 0.99952 1.00000 0.06027 0.17735 0.31205 0.22916 0.14659 0.14429 0.13308 0.65017 0.29623 0.23077 0.44237 0.13256 0.99306 0.52153 0.37892 0.00000 0.30928 0.65116 1.00000 0.16011 0.16442
1.00000 207.00000 0.99980 0.99762 1.00000 0.00000 0.12429 0.28191 0.23012 0.00000 0.00125 0.00647 0.62736 0.26990 0.23077 0.46104 0.00594 0.99319 0.55109 0.39954 0.00000 0.26804 0.62791 1.00000 0.01446 0.01009
1.00000 208.00000 0.59521 0.73824 0.00000 0.23809 0.01046 0.03408 0.04917 0.29318 0.20891 0.09127 0.00127 0.01803 0.02564 0.03490 0.08874 0.00182 0.05182 0.92143 0.00000 0.04124 0.00000 0.00000 0.13488 0.13981
1.00000 209.00000 0.00002 0.00000 1.00000 1.00000 0.98137 0.91942 0.90640 1.00000 0.99812 0.96293 0.99861 0.88190 0.94872 0.90828 0.96525 0.99300 0.72188 0.08763 1.00000 0.94845 1.00000 1.00000 0.97376 0.97432
1.00000 210.00000 0.59527 0.73694 0.00000 0.23809 0.01120 0.04126 0.04194 0.29318 0.20891 0.09026 0.00129 0.01448 0.02564 0.03003 0.08932 0.00193 0.05728 0.92330 0.00000 0.03093 0.00000 0.00000 0.13993 0.14252
1.00000 211.00000 0.23821 0.29691 1.00000 0.59794 0.63402 0.67948 0.67892 0.61718 0.61418 0.59401 0.85261 0.65608 0.84615 0.73052 0.59463 0.99308 0.68339 0.14488 1.00000 0.69072 0.85412 1.00000 0.62529 0.62722
1.00000 212.00000 0.83322 0.99834 1.00000 0.06027 0.17936 0.30381 0.22452 0.14659 0.14429 0.13331 0.65043 0.29520 0.23077 0.44318 0.13444 0.99317 0.53490 0.39421 0.00000 0.29897 0.65116 1.00000 0.15607 0.16250
1.00000 213.00000 0.83335 0.99762 1.00000 0.06027 0.18588 0.30232 0.21506 0.14659 0.14492 0.13522 0.65036 0.29994 0.23077 0.45455 0.13454 0.99328 0.53808 0.38743 0.00000 0.30928 0.65116 1.00000 0.16145 0.16091
1.00000 214.00000 0.59521 0.73634 0.00000 0.23809 0.01019 0.04955 0.04847 0.29318 0.20954 0.09118 0.00137 0.02207 0.02564 0.04545 0.08739 0.00185 0.06329 0.91493 0.00000 0.04124 0.00000 0.00000 0.14295 0.14052
1.00000 215.00000 0.99986 0.99893 1.00000 0.00000 0.12732 0.28742 0.22085 0.00000 0.00125 0.00600 0.62726 0.27126 0.23077 0.48214 0.00496 0.99330 0.56881 0.38739 0.00000 0.28866 0.62791 1.00000 0.01514 0.01007
1.00000 216.00000 0.59512 0.73670 0.00000 0.23809 0.01046 0.06894 0.04076 0.29318 0.20891 0.09081 0.00131 0.01482 0.02564 0.03490 0.08930 0.00179 0.06512 0.91310 0.00000 0.03093 0.00000 0.00000 0.14228 0.14288
1.00000 217.00000 0.00005 0.00000 1.00000 1.00000 0.97870 0.89507 0.89833 1.00000 0.99812 0.96319 0.99869 0.88545 0.94872 0.90179 0.96371 0.99319 0.70618 0.05788 1.00000 0.92784 1.00000 1.00000 0.96771 0.97077
1.00000 218.00000 0.00002 0.00119 1.00000 1.00000 0.98155 0.93492 0.88786 1.00000 0.99812 0.96432 0.99876 0.88603 0.94872 0.91477 0.96388 0.99322 0.71647 0.06784 1.00000 0.91753 1.00000 1.00000 0.97612 0.97860
1.00000 219.00000 0.99988 0.99941 1.00000 0.00000 0.12530 0.28599 0.22553 0.00000 0.00125 0.00573 0.62726 0.27804 0.23077 0.47240 0.00472 0.99344 0.57811 0.38978 0.00000 0.27835 0.62791 1.00000 0.00774 0.00985
1.00000 220.00000 0.47617 0.83135 1.00000 0.62699 0.65807 0.64491 0.51322 0.50794 0.49749 0.45714 0.86329 0.61307 0.35897 0.64935 0.45569 0.99303 0.51581 0.33900 0.00000 0.62887 0.86469 1.00000 0.48133 0.48226
1.00000 221.00000 0.83337 0.99988 1.00000 0.06027 0.18120 0.30165 0.23103 0.14659 0.14429 0.13462 0.65051 0.29883 0.23077 0.47240 0.13490 0.99339 0.53223 0.37843 0.00000 0.30928 0.65116 1.00000 0.15473 0.16204
1.00000 222.00000 0.99983 0.99762 1.00000 0.00000 0.12768 0.29039 0.20502 0.00000 0.00125 0.00561 0.62728 0.27760 0.23077 0.46510 0.00389 0.99339 0.57359 0.37975 0.00000 0.28866 0.62791 1.00000 0.01884 0.02145
1.00000 223.00000 0.83329 0.99941 1.00000 0.06027 0.18056 0.32344 0.23802 0.14659 0.14429 0.13439 0.65041 0.30162 0.23077 0.45942 0.13442 0.99330 0.54305 0.38079 0.00000 0.30928 0.65116 1.00000 0.15943 0.16344
1.00000 224.00000 0.59508 0.73812 0.00000 0.23809 0.01267 0.01407 0.03934 0.29318 0.20891 0.09106 0.00141 0.02618 0.02564 0.04383 0.08847 0.00193 0.07483 0.91645 0.00000 0.04124 0.00000 0.00000 0.14094 0.14239
1.00000 225.00000 0.59517 0.73872 0.00000 0.23809 0.01460 0.03716 0.03778 0.29318 0.20954 0.09267 0.00146 0.02078 0.02564 0.04627 0.08994 0.00198 0.06993 0.90220 0.00000 0.06186 0.00000 0.00000 0.13656 0.14450
1.00000 226.00000 0.83325 0.99762 1.00000 0.06027 0.18203 0.31418 0.22176 0.14659 0.14429 0.13485 0.65051 0.30215 0.23077 0.45779 0.13371 0.99325 0.53339 0.38113 0.00000 0.31959 0.65116 1.00000 0.16347 0.16112
1.00000 227.00000 0.99996 0.99762 1.00000 0.00000 0.12585 0.27875 0.23082 0.00000 0.00125 0.00725 0.62730 0.28358 0.23077 0.48295 0.00689 0.99347 0.58720 0.39338 0.00000 0.28866 0.62791 1.00000 0.01413 0.02188
1.00000 228.00000 0.83324 0.99917 1.00000 0.06027 0.17771 0.32123 0.23980 0.14659 0.14429 0.13202 0.65049 0.30426 0.23077 0.45211 0.13420 0.99328 0.53938 0.36491 0.00000 0.30928 0.65116 1.00000 0.15506 0.16137
1.00000 229.00000 0.23813 0.29691 1.00000 0.59794 0.63154 0.68255 0.67321 0.61718 0.61418 0.59619 0.85268 0.65691 0.84615 0.74756 0.59636 0.99317 0.70010 0.13900 1.00000 0.68041 0.85412 1.00000 0.62429 0.63112
1.00000 230.00000 0.83315 0.99762 1.00000 0.06027 0.18010 0.33251 0.23660 0.14659 0.14429 0.13485 0.65041 0.30658 0.23077 0.47565 0.13464 0.99333 0.52865 0.36913 0.00000 0.30928 0.65116 1.00000 0.16347 0.15648
1.00000 231.00000 0.99978 0.99762 1.00000 0.00000 0.12172 0.29439 0.22258 0.00000 0.00125 0.00624 0.62730 0.27791 0.23077 0.46916 0.00557 0.99350 0.58278 0.38106 0.00000 0.28866 0.62791 1.00000 0.02018 0.00775
1.00000 232.00000 0.99987 0.99786 1.00000 0.00000 0.12429 0.27284 0.25236 0.00000 0.00188 0.00626 0.62741 0.27816 0.23077 0.46672 0.00484 0.99352 0.58182 0.39283 0.00000 0.28866 0.62791 1.00000 0.01581 0.01294
1.00000 233.00000 0.23815 0.29786 1.00000 0.59794 0.63328 0.67529 0.66326 0.61718 0.61418 0.59870 0.85280 0.66357 0.84615 0.74919 0.59817 0.99314 0.71169 0.15419 1.00000 0.68041 0.85412 1.00000 0.62967 0.63001
1.00000 234.00000 0.99988 0.99822 1.00000 0.00000 0.12264 0.29455 0.22479 0.00000 0.00188 0.00605 0.62747 0.27811 0.23077 0.47403 0.00452 0.99358 0.59475 0.37560 0.00000 0.28866 0.62791 1.00000 0.01951 0.01416
1.00000 235.00000 0.99990 0.99798 1.00000 0.00000 0.12484 0.28364 0.22032 0.00000 0.00125 0.00607 0.62741 0.27337 0.23077 0.46834 0.00648 0.99347 0.58653 0.37857 0.00000 0.28866 0.62791 1.00000 0.01446 0.01370
1.00000 236.00000 0.00004 0.00226 1.00000 1.00000 0.98008 0.91275 0.89487 1.00000 0.99812 0.96634 0.99871 0.88934 0.94872 0.91315 0.96701 0.99328 0.71469 0.05504 1.00000 0.90722 1.00000 1.00000 0.97343 0.98116
1.00000 237.00000 0.59519 0.73729 0.00000 0.23809 0.01102 0.03070 0.03973 0.29318 0.20891 0.09058 0.00154 0.02464 0.02564 0.03328 0.08950 0.00201 0.06935 0.91936 0.00000 0.02062 0.00000 0.00000 0.14295 0.14194
1.00000 238.00000 0.47620 0.83135 1.00000 0.62699 0.65605 0.65155 0.53133 0.50794 0.49749 0.45785 0.86348 0.61656 0.38462 0.65990 0.45794 0.99319 0.54130 0.33249 0.00000 0.62887 0.86469 1.00000 0.48907 0.48276
1.00000 239.00000 0.00003 0.00095 1.00000 1.00000 0.97393 0.92836 0.91087 1.00000 0.99812 0.96894 0.99871 0.89213 0.94872 0.90503 0.96857 0.99322 0.72564 0.06064 1.00000 0.92784 1.00000 1.00000 0.97578 0.97643
1.00000 240.00000 0.83329 0.99774 1.00000 0.06027 0.18478 0.32449 0.23077 0.14659 0.14429 0.13482 0.65060 0.30685 0.23077 0.46185 0.13539 0.99336 0.54541 0.37864 0.00000 0.34021 0.65116 1.00000 0.16482 0.16200
1.00000 241.00000 0.99977 0.99846 1.00000 0.00000 0.13099 0.29466 0.22786 0.00000 0.00125 0.00495 0.62743 0.28107 0.23077 0.45049 0.00525 0.99358 0.59882 0.38037 0.00000 0.30928 0.62791 1.00000 0.00908 0.01206
1.00000 242.00000 0.47610 0.83278 1.00000 0.62699 0.65587 0.63595 0.52826 0.50794 0.49812 0.45937 0.86350 0.61591 0.38462 0.67127 0.45752 0.99341 0.52406 0.33315 0.00000 0.61856 0.86469 1.00000 0.48940 0.49262
1.00000 243.00000 0.00007 0.00000 1.00000 1.00000 0.97925 0.93031 0.91233 1.00000 0.99812 0.96721 0.99873 0.89281 0.94872 0.90666 0.96811 0.99333 0.70856 0.06587 1.00000 0.91753 1.00000 1.00000 0.97376 0.97610
1.00000 244.00000 0.99980 0.99941 1.00000 0.00000 0.12970 0.27332 0.24213 0.00000 0.00188 0.00640 0.62732 0.28333 0.25641 0.49513 0.00643 0.99363 0.58836 0.38252 0.00000 0.27835 0.62791 1.00000 0.02119 0.01900
1.00000 245.00000 0.47609 0.83135 1.00000 0.62699 0.65504 0.65577 0.53347 0.50794 0.49812 0.46105 0.86342 0.60906 0.38462 0.67532 0.45828 0.99330 0.53300 0.32990 0.00000 0.63918 0.86469 1.00000 0.48570 0.48971
1.00000 246.00000 0.59527 0.73634 0.00000 0.23809 0.00643 0.05371 0.05236 0.29318 0.20891 0.09076 0.00158 0.02290 0.02564 0.03896 0.08945 0.00220 0.07678 0.91926 0.00000 0.03093 0.00000 0.00000 0.13757 0.14268
1.00000 247.00000 0.83329 0.99988 1.00000 0.06027 0.18533 0.33100 0.24705 0.14659 0.14429 0.13558 0.65051 0.30158 0.25641 0.45617 0.13385 0.99333 0.55941 0.35847 0.00000 0.31959 0.65116 1.00000 0.16448 0.16410
1.00000 248.00000 0.59523 0.73812 0.00000 0.23809 0.00863 0.02733 0.03519 0.29318 0.20891 0.09152 0.00154 0.02327 0.02564 0.03490 0.08947 0.00218 0.07608 0.91279 0.00000 0.05155 0.00000 0.00000 0.14127 0.14203
1.00000 249.00000 0.99987 0.99869 1.00000 0.00000 0.12365 0.28132 0.22709 0.00000 0.00125 0.00930 0.62743 0.28029 0.23077 0.46510 0.00579 0.99361 0.59581 0.38286 0.00000 0.28866 0.62791 1.00000 0.01749 0.01464
1.00000 250.00000 0.83329 0.99762 1.00000 0.06027 0.17817 0.31016 0.23581 0.14659 0.14429 0.13676 0.65064 0.30615 0.25641 0.45942 0.13774 0.99380 0.55563 0.36861 0.00000 0.32990 0.65116 1.00000 0.16280 0.16456
1.00000 251.00000 0.00003 0.00000 1.00000 1.00000 0.98173 0.91994 0.90594 1.00000 0.99812 0.96887 0.99888 0.89286 0.94872 0.91234 0.96974 0.99336 0.73275 0.04643 1.00000 0.92784 1.00000 1.00000 0.97780 0.98276
1.00000 252.00000 0.99982 0.99857 1.00000 0.00000 0.12576 0.27683 0.22044 0.00000 0.00125 0.00697 0.62751 0.27666 0.23077 0.47484 0.00577 0.99358 0.59478 0.37449 0.00000 0.27835 0.62791 1.00000 0.02355 0.01934
1.00000 253.00000 0.47608 0.83135 1.00000 0.62699 0.65531 0.64245 0.53657 0.50794 0.49812 0.46029 0.86367 0.61531 0.38462 0.66721 0.45916 0.99347 0.54755 0.32637 0.00000 0.64948 0.86469 1.00000 0.48369 0.49083
1.00000 254.00000 0.23819 0.29691 1.00000 0.59794 0.63503 0.69441 0.68478 0.61718 0.61418 0.59900 0.85293 0.66046 0.84615 0.76136 0.59900 0.99344 0.72414 0.13987 1.00000 0.69072 0.85412 1.00000 0.62395 0.63004
1.00000 255.00000 0.83334 0.99762 1.00000 0.06027 0.18579 0.29919 0.23747 0.14659 0.14429 0.13620 0.65057 0.30359 0.25641 0.46347 0.13424 0.99358 0.55164 0.36304 0.00000 0.31959 0.65116 1.00000 0.15943 0.15844
1.00000 256.00000 0.83321 0.99762 1.00000 0.06027 0.17881 0.32944 0.25664 0.14659 0.14429 0.13687 0.65072 0.30556 0.25641 0.45779 0.13615 0.99366 0.54195 0.37238 0.00000 0.32990 0.65116 1.00000 0.15304 0.15850
1.00000 257.00000 0.59517 0.73634 0.00000 0.23809 0.00936 0.04885 0.03372 0.29318 0.20891 0.09187 0.00165 0.02579 0.02564 0.04383 0.09074 0.00234 0.08976 0.90812 0.00000 0.05155 0.00000 0.00000 0.14464 0.14624
1.00000 258.00000 0.59513 0.73836 0.00000 0.23809 0.01533 0.03394 0.04679 0.29318 0.20891 0.09185 0.00160 0.01925 0.02564 0.03328 0.09138 0.00215 0.07082 0.90704 0.00000 0.05155 0.00000 0.00000 0.14464 0.13554
1.00000 259.00000 0.83325 0.99929 1.00000 0.06027 0.18652 0.33027 0.25296 0.14659 0.14429 0.13802 0.65087 0.30962 0.25641 0.46672 0.13647 0.99375 0.57162 0.36131 0.00000 0.32990 0.65116 1.00000 0.16145 0.15814
1.00000 260.00000 0.83314 0.99834 1.00000 0.06027 0.18377 0.31890 0.25051 0.14659 0.14429 0.13706 0.65064 0.31129 0.25641 0.47078 0.13566 0.99369 0.55929 0.36985 0.00000 0.34021 0.65116 1.00000 0.16414 0.15848
1.00000 261.00000 0.99980 0.99762 1.00000 0.00000 0.12254 0.28977 0.24869 0.00000 0.00125 0.00679 0.62747 0.28957 0.25641 0.48458 0.00694 0.99375 0.60745 0.37106 0.00000 0.29897 0.62791 1.00000 0.01144 0.02155
1.00000 262.00000 0.47621 0.83135 1.00000 0.62699 0.66229 0.64394 0.53083 0.50794 0.49749 0.46130 0.86371 0.61968 0.38462 0.66558 0.45970 0.99350 0.55104 0.33329 0.00000 0.64948 0.86469 1.00000 0.48200 0.48425
1.00000 263.00000 0.47611 0.83171 1.00000 0.62699 0.65917 0.65668 0.52715 0.50794 0.49812 0.46050 0.86367 0.61980 0.38462 0.66883 0.46205 0.99361 0.54657 0.33069 0.00000 0.64948 0.86469 1.00000 0.48840 0.48945
1.00000 264.00000 0.83319 0.99893 1.00000 0.06027 0.18203 0.32617 0.25015 0.14659 0.14429 0.13689 0.65081 0.31924 0.25641 0.47646 0.13654 0.99386 0.57388 0.35788 0.00000 0.31959 0.65116 1.00000 0.15809 0.16295
1.00000 265.00000 0.59523 0.73634 0.00000 0.23809 0.01285 0.04758 0.04467 0.29318 0.20891 0.09274 0.00160 0.02835 0.02564 0.04627 0.09121 0.00218 0.08378 0.90012 0.00000 0.04124 0.00000 0.00000 0.13791 0.13767
1.00000 266.00000 0.59525 0.73634 0.00000 0.23809 0.00771 0.04777 0.04362 0.29318 0.20891 0.09509 0.00179 0.02942 0.02564 0.06981 0.09033 0.00212 0.09166 0.89888 0.00000 0.05155 0.00000 0.00000 0.13824 0.14292
1.00000 267.00000 0.47610 0.83135 1.00000 0.62699 0.66055 0.63951 0.54990 0.50794 0.49812 0.46109 0.86373 0.62002 0.38462 0.68588 0.46104 0.99363 0.55092 0.32436 0.00000 0.65979 0.86469 1.00000 0.48604 0.48741
1.00000 268.00000 0.00002 0.00024 1.00000 1.00000 0.98311 0.95118 0.90061 1.00000 0.99812 0.97356 0.99901 0.89815 0.97436 0.91721 0.97453 0.99350 0.73787 0.05006 1.00000 0.94845 1.00000 1.00000 0.98251 0.98155
1.00000 269.00000 0.47624 0.83135 1.00000 0.62699 0.66247 0.66225 0.54822 0.50794 0.49749 0.46227 0.86361 0.62356 0.38462 0.67938 0.46034 0.99372 0.55149 0.32308 0.00000 0.63918 0.86469 1.00000 0.48907 0.48492
1.00000 270.00000 0.47613 0.83135 1.00000 0.62699 0.65724 0.63635 0.53395 0.50794 0.49749 0.46201 0.86373 0.62187 0.38462 0.66883 0.46124 0.99352 0.55250 0.32464 0.00000 0.63918 0.86469 1.00000 0.48638 0.48988
1.00000 271.00000 0.00002 0.00214 1.00000 1.00000 0.98706 0.94089 0.89151 1.00000 0.99812 0.97253 0.99894 0.90638 0.94872 0.91234 0.97431 0.99347 0.74971 0.04788 1.00000 0.93814 1.00000 1.00000 0.97881 0.97993
1.00000 272.00000 0.59512 0.73824 0.00000 0.23809 0.00799 0.04669 0.04890 0.29318 0.20891 0.09385 0.00160 0.03112 0.02564 0.04708 0.09038 0.00226 0.09094 0.89784 0.00000 0.03093 0.00000 0.00000 0.14329 0.14353
1.00000 273.00000 0.59518 0.73872 0.00000 0.23809 0.01083 0.05214 0.04847 0.29318 0.20891 0.09359 0.00165 0.02648 0.02564 0.05519 0.09170 0.00234 0.07820 0.89974 0.00000 0.05155 0.00000 0.00000 0.14430 0.14285
1.00000 274.00000 0.99989 0.99762 1.00000 0.00000 0.12539 0.32217 0.23829 0.00000 0.00125 0.00828 0.62768 0.29159 0.25641 0.48295 0.00736 0.99394 0.61591 0.36294 0.00000 0.29897 0.62791 1.00000 0.01884 0.01378
1.00000 275.00000 0.23820 0.29691 1.00000 0.59794 0.63338 0.68569 0.67789 0.61718 0.61418 0.60137 0.85310 0.67332 0.84615 0.77354 0.60223 0.99369 0.71837 0.12700 1.00000 0.70103 0.85412 1.00000 0.63068 0.62556
1.00000 276.00000 0.99992 1.00000 1.00000 0.00000 0.12383 0.29800 0.24710 0.00000 0.00125 0.00824 0.62779 0.28788 0.25641 0.49351 0.00833 0.99380 0.61731 0.36529 0.00000 0.29897 0.62791 1.00000 0.01480 0.01811
1.00000 277.00000 0.00004 0.00178 1.00000 1.00000 0.98687 0.93533 0.90232 1.00000 0.99812 0.97630 0.99899 0.90214 0.97436 0.93425 0.97686 0.99369 0.75350 0.04816 1.00000 0.92784 1.00000 1.00000 0.97780 0.98375
1.00000 278.00000 0.23823 0.29786 1.00000 0.59794 0.63650 0.70480 0.69223 0.61718 0.61418 0.60317 0.85327 0.67308 0.84615 0.75974 0.60311 0.99380 0.72665 0.13188 1.00000 0.68041 0.85412 1.00000 0.62832 0.63472
1.00000 279.00000 0.59515 0.73634 0.00000 0.23809 0.00927 0.03140 0.04801 0.29318 0.20891 0.09313 0.00175 0.03403 0.02564 0.04140 0.09052 0.00240 0.09008 0.89390 0.00000 0.04124 0.00000 0.00000 0.14430 0.14799
1.00000 280.00000 0.59527 0.73848 0.00000 0.23809 0.00955 0.04318 0.04698 0.29318 0.20891 0.09412 0.00177 0.02769 0.02564 0.05844 0.09233 0.00245 0.08556 0.89127 0.00000 0.04124 0.00000 0.00000 0.14295 0.14468
1.00000 281.00000 0.47619 0.83290 1.00000 0.62699 0.66009 0.65898 0.53297 0.50794 0.49749 0.46379 0.86394 0.62887 0.38462 0.68263 0.46378 0.99394 0.56886 0.32377 1.00000 0.64948 0.86469 1.00000 0.49176 0.49240
1.00000 282.00000 0.83323 0.99762 1.00000 0.06027 0.18781 0.34575 0.24950 0.14659 0.14429 0.13883 0.65110 0.32208 0.25641 0.48458 0.13864 0.99416 0.59086 0.34121 0.00000 0.34021 0.65116 1.00000 0.16011 0.16820
1.00000 283.00000 0.00006 0.00000 1.00000 1.00000 0.98357 0.93333 0.91990 1.00000 0.99812 0.97490 0.99909 0.90082 0.97436 0.93425 0.97791 0.99363 0.75598 0.04542 1.00000 0.94845 1.00000 1.00000 0.98049 0.98218
1.00000 284.00000 0.83332 0.99762 1.00000 0.06027 0.18864 0.32900 0.26665 0.14659 0.14429 0.13761 0.65110 0.31818 0.25641 0.47727 0.13886 0.99421 0.57576 0.34837 0.00000 0.31959 0.65116 1.00000 0.16078 0.17333
1.00000 285.00000 0.83328 0.99762 1.00000 0.06027 0.18708 0.35198 0.25092 0.14659 0.14429 0.14062 0.65121 0.32315 0.25641 0.48620 0.13889 0.99419 0.59134 0.34595 0.00000 0.35052 0.65116 1.00000 0.16414 0.16236
1.00000 286.00000 0.83325 0.99762 1.00000 0.06027 0.18350 0.32312 0.25757 0.14659 0.14429 0.13922 0.65116 0.32278 0.25641 0.48133 0.14026 0.99430 0.58622 0.33536 0.00000 0.34021 0.65116 1.00000 0.16280 0.16300
1.00000 287.00000 0.99978 0.99762 1.00000 0.00000 0.12851 0.31302 0.25171 0.00000 0.00125 0.01049 0.62789 0.29757 0.25641 0.50162 0.00938 0.99408 0.63703 0.36650 0.00000 0.30928 0.62791 1.00000 0.01749 0.01669
1.00000 288.00000 0.00004 0.00000 1.00000 1.00000 0.98348 0.92312 0.93414 1.00000 0.99812 0.97796 0.99920 0.91331 0.97436 0.93912 0.97959 0.99380 0.75877 0.05034 1.00000 0.93814 1.00000 1.00000 0.98486 0.98674
1.00000 289.00000 0.99978 0.99762 1.00000 0.00000 0.12594 0.29425 0.25008 0.00000 0.00125 0.00900 0.62776 0.30125 0.25641 0.50000 0.01168 0.99427 0.64549 0.36134 0.00000 0.31959 0.62791 1.00000 0.02186 0.01775
1.00000 290.00000 0.23820 0.29715 1.00000 0.59794 0.63191 0.68855 0.66002 0.61718 0.61418 0.60680 0.85344 0.68317 0.87179 0.76055 0.60714 0.99413 0.74285 0.12800 1.00000 0.70103 0.85412 1.00000 0.62731 0.62855
1.00000 291.00000 0.59528 0.73634 0.00000 0.23809 0.01267 0.05136 0.06881 0.29318 0.20891 0.09557 0.00188 0.03531 0.02564 0.06981 0.09402 0.00276 0.11275 0.88653 0.00000 0.04124 0.00000 0.00000 0.14228 0.13894
1.00000 292.00000 0.00006 0.00190 1.00000 1.00000 0.98559 0.95963 0.92679 1.00000 0.99812 0.97780 0.99922 0.91695 0.97436 0.95455 0.98045 0.99397 0.77827 0.03439 1.00000 0.95876 1.00000 1.00000 0.97948 0.98367
1.00000 293.00000 0.99978 0.99917 1.00000 0.00000 0.12925 0.31596 0.24309 0.00000 0.00125 0.00962 0.62785 0.30769 0.25641 0.48620 0.01024 0.99413 0.65083 0.35090 0.00000 0.30928 0.62791 1.00000 0.02018 0.02213
1.00000 294.00000 0.59513 0.73634 0.00000 0.23809 0.01432 0.05692 0.06720 0.29318 0.20891 0.09530 0.00190 0.03186 0.02564 0.05438 0.09443 0.00270 0.11593 0.88321 0.00000 0.04124 0.00000 0.00000 0.14094 0.14080
1.00000 295.00000 0.99977 0.99964 1.00000 0.00000 0.13154 0.31839 0.27119 0.00000 0.00188 0.00959 0.62783 0.30254 0.25641 0.50000 0.01078 0.99416 0.64539 0.35384 0.00000 0.30928 0.62791 1.00000 0.01850 0.01710
1.00000 296.00000 0.83319 0.99762 1.00000 0.06027 0.18588 0.32179 0.26300 0.14659 0.14492 0.14269 0.65135 0.32893 0.28205 0.50568 0.14079 0.99454 0.60351 0.34401 0.00000 0.34021 0.65116 1.00000 0.16347 0.16323
1.00000 297.00000 0.59521 0.73824 0.00000 0.23809 0.00973 0.04663 0.05988 0.29318 0.20891 0.09534 0.00200 0.03807 0.02564 0.08036 0.09441 0.00281 0.12143 0.88182 0.00000 0.06186 0.00000 0.00000 0.13959 0.14602
1.00000 298.00000 0.47607 0.83135 1.00000 0.62699 0.66348 0.65596 0.56150 0.50794 0.49812 0.46952 0.86432 0.64002 0.41026 0.70292 0.46916 0.99452 0.59341 0.31679 0.00000 0.67010 0.86469 1.00000 0.49344 0.49398
1.00000 299.00000 0.99980 0.99762 1.00000 0.00000 0.12888 0.30049 0.26137 0.00000 0.00188 0.01164 0.62787 0.31100 0.28205 0.50893 0.01161 0.99443 0.65653 0.34626 0.00000 0.32990 0.62791 1.00000 0.01480 0.02279
1.00000 300.00000 0.00005 0.00000 1.00000 1.00000 0.98752 0.95434 0.93333 1.00000 0.99812 0.98293 0.99930 0.91982 0.97436 0.94886 0.98365 0.99402 0.77933 0.03978 1.00000 0.96907 1.00000 1.00000 0.98688 0.98707
1.00000 301.00000 0.99979 0.99786 1.00000 0.00000 0.12814 0.30829 0.23701 0.00000 0.00125 0.01176 0.62808 0.31134 0.28205 0.52192 0.01141 0.99452 0.65855 0.35148 0.00000 0.30928 0.62791 1.00000 0.02825 0.02008
1.00000 302.00000 0.23813 0.29810 1.00000 0.59794 0.63842 0.70904 0.69598 0.61718 0.61418 0.61044 0.85365 0.68829 0.87179 0.77679 0.61066 0.99460 0.76226 0.10842 1.00000 0.71134 0.85412 1.00000 0.63370 0.63988
1.00000 303.00000 0.59521 0.73860 0.00000 0.23809 0.01707 0.07304 0.06430 0.29318 0.20891 0.09746 0.00211 0.03935 0.02564 0.08442 0.09517 0.00289 0.11994 0.87397 0.00000 0.07216 0.00000 0.00000 0.14497 0.15249
1.00000 304.00000 0.99992 0.99834 1.00000 0.00000 0.12989 0.31456 0.26156 0.00000 0.00125 0.01157 0.62802 0.31167 0.28205 0.49432 0.00978 0.99452 0.66737 0.34142 0.00000 0.31959 0.62791 1.00000 0.01547 0.01971
1.00000 305.00000 0.00004 0.00000 1.00000 1.00000 0.98641 0.96182 0.95388 1.00000 0.99812 0.98438 0.99951 0.91837 0.97436 0.96023 0.98546 0.99405 0.79520 0.02781 1.00000 0.96907 1.00000 1.00000 0.97847 0.98799
1.00000 306.00000 0.23807 0.29691 1.00000 0.59794 0.64035 0.70777 0.71401 0.61718 0.61418 0.61103 0.85377 0.68998 0.87179 0.78571 0.61049 0.99465 0.76615 0.11340 1.00000 0.71134 0.85412 1.00000 0.62933 0.63344
1.00000 307.00000 0.99990 0.99762 1.00000 0.00000 0.13264 0.32614 0.27270 0.00000 0.00125 0.01189 0.62806 0.31242 0.28205 0.52435 0.01178 0.99454 0.67177 0.34014 0.00000 0.30928 0.62791 1.00000 0.02186 0.02105
1.00000 308.00000 0.99999 0.99905 1.00000 0.00000 0.13218 0.30872 0.25952 0.00000 0.00125 0.01171 0.62825 0.31536 0.28205 0.51786 0.01200 0.99446 0.67483 0.33471 0.00000 0.30928 0.62791 1.00000 0.01682 0.02247
1.00000 309.00000 0.47619 0.83314 1.00000 0.62699 0.66000 0.68320 0.56508 0.50794 0.49812 0.47099 0.86470 0.64385 0.41026 0.71510 0.47211 0.99490 0.59872 0.28267 1.00000 0.67010 0.86469 1.00000 0.49613 0.49728
1.00000 310.00000 0.99984 0.99762 1.00000 0.00000 0.13200 0.30999 0.28041 0.00000 0.00188 0.01261 0.62802 0.31709 0.28205 0.51867 0.01266 0.99449 0.68353 0.32305 0.00000 0.30928 0.62791 1.00000 0.01850 0.02565
1.00000 311.00000 0.99991 0.99774 1.00000 0.00000 0.13200 0.33006 0.28049 0.00000 0.00125 0.01300 0.62814 0.31738 0.28205 0.51623 0.01210 0.99452 0.67281 0.31758 0.00000 0.30928 0.62791 1.00000 0.02119 0.02081
1.00000 312.00000 0.83328 0.99774 1.00000 0.06027 0.19084 0.35242 0.28774 0.14659 0.14429 0.14412 0.65184 0.34260 0.28205 0.50731 0.14326 0.99510 0.64181 0.32492 0.00000 0.35052 0.65116 1.00000 0.16919 0.16888
1.00000 313.00000 0.00000 0.00000 1.00000 1.00000 0.98853 0.97375 0.95516 1.00000 0.99812 0.98898 0.99970 0.92451 0.97436 0.96104 0.99040 0.99432 0.79794 0.03034 1.00000 0.97938 1.00000 1.00000 0.98520 0.99886
1.00000 314.00000 0.83334 0.99762 1.00000 0.06027 0.19001 0.36135 0.27426 0.14659 0.14429 0.14509 0.65182 0.33973 0.28205 0.50325 0.14436 0.99529 0.64631 0.33661 0.00000 0.36082 0.65116 1.00000 0.16717 0.17671
1.00000 315.00000 0.00005 0.00000 1.00000 1.00000 0.99155 0.96009 0.95619 1.00000 0.99875 0.99140 0.99968 0.93238 0.97436 0.96916 0.99208 0.99432 0.81059 0.02581 1.00000 0.95876 1.00000 1.00000 0.98823 0.99115
1.00000 316.00000 0.99993 0.99786 1.00000 0.00000 0.12952 0.33524 0.27025 0.00000 0.00188 0.01449 0.62823 0.32109 0.30769 0.54302 0.01246 0.99454 0.68897 0.33689 0.00000 0.34021 0.62791 1.00000 0.02186 0.02712
1.00000 317.00000 0.00003 0.00166 1.00000 1.00000 0.99110 0.96276 0.94228 1.00000 0.99812 0.99054 0.99966 0.93207 1.00000 0.96916 0.99172 0.99443 0.81557 0.03470 1.00000 0.96907 1.00000 1.00000 0.98957 0.98714
1.00000 318.00000 0.23816 0.29691 1.00000 0.59794 0.64329 0.72001 0.72055 0.61718 0.61418 0.61545 0.85417 0.69847 0.87179 0.81088 0.61657 0.99518 0.80316 0.10029 1.00000 0.74227 0.85412 1.00000 0.62597 0.63805
1.00000 319.00000 0.23807 0.29929 1.00000 0.59794 0.64081 0.72824 0.70299 0.61718 0.61418 0.61552 0.85413 0.70367 0.87179 0.82792 0.61657 0.99537 0.79813 0.09645 1.00000 0.73196 0.85412 1.00000 0.62933 0.63639
1.00000 320.00000 0.47624 0.83159 1.00000 0.62699 0.65871 0.68644 0.58074 0.50794 0.49812 0.47764 0.86508 0.65712 0.41026 0.72808 0.47710 0.99554 0.63198 0.28582 1.00000 0.68041 0.86469 1.00000 0.49580 0.50206
1.00000 321.00000 0.99995 0.99762 1.00000 0.00000 0.13062 0.34008 0.29442 0.00000 0.00188 0.01585 0.62835 0.32992 0.30769 0.52922 0.01584 0.99482 0.70378 0.33090 0.00000 0.34021 0.62791 1.00000 0.02186 0.02105
