3.00000 1.00000 0.60465 0.38462 1.00000 1.00000 0.31616 0.41476 0.38206 1.00000 1.00000 0.24234 0.63529 0.13001 0.33333 0.34286 0.21141 0.63690 0.19102 0.61516 1.00000 0.27273 1.00000 1.00000 0.44048 0.57241
3.00000 2.00000 0.51744 0.30769 1.00000 1.00000 0.27166 0.43648 0.26412 1.00000 0.93750 0.19732 0.64706 0.18210 0.33333 0.34857 0.23994 0.64881 0.21077 0.49034 1.00000 0.27273 1.00000 1.00000 0.49405 0.39317
3.00000 3.00000 0.48837 0.53846 1.00000 1.00000 0.29508 0.35486 0.27816 1.00000 1.00000 0.26868 0.68235 0.17946 0.33333 0.43429 0.22313 0.67262 0.20731 0.63230 1.00000 0.27273 1.00000 1.00000 0.50595 0.49365
3.00000 4.00000 0.30233 0.38462 1.00000 1.00000 0.35597 0.36211 0.30406 1.00000 1.00000 0.25766 0.67647 0.19259 0.33333 0.33143 0.21651 0.63690 0.20443 0.45316 1.00000 0.36364 1.00000 1.00000 0.52381 0.48131
3.00000 5.00000 0.53488 0.69231 1.00000 1.00000 0.44262 0.49109 0.31295 1.00000 0.93750 0.25670 0.65882 0.17244 0.33333 0.26857 0.23892 0.64881 0.17085 0.58305 1.00000 0.36364 1.00000 1.00000 0.54167 0.58382
3.00000 6.00000 0.59302 0.30769 1.00000 1.00000 0.32553 0.15345 0.28690 1.00000 1.00000 0.24569 0.65294 0.16435 0.33333 0.19429 0.24249 0.66071 0.17342 0.70497 1.00000 0.27273 1.00000 1.00000 0.55357 0.47323
3.00000 7.00000 0.69186 0.30769 1.00000 1.00000 0.30211 0.28753 0.33214 1.00000 1.00000 0.26341 0.68235 0.21112 0.33333 0.38857 0.25828 0.64881 0.22518 0.61082 1.00000 0.27273 1.00000 1.00000 0.48810 0.46832
3.00000 8.00000 0.75000 0.84615 1.00000 1.00000 0.38407 0.39871 0.21342 1.00000 1.00000 0.22749 0.67059 0.14207 0.33333 0.36000 0.23128 0.67857 0.18243 0.49324 1.00000 0.45455 1.00000 1.00000 0.44048 0.54105
3.00000 9.00000 0.58140 0.61538 1.00000 1.00000 0.29040 0.37483 0.32683 1.00000 1.00000 0.21360 0.66471 0.15899 0.33333 0.22286 0.23790 0.63095 0.19348 0.59102 1.00000 0.36364 1.00000 1.00000 0.50595 0.58159
3.00000 10.00000 0.44767 0.61538 1.00000 1.00000 0.29274 0.56704 0.34805 1.00000 1.00000 0.23898 0.65294 0.17567 0.33333 0.25714 0.23637 0.63690 0.19165 0.54998 1.00000 0.36364 1.00000 1.00000 0.48810 0.53539
3.00000 11.00000 0.41860 0.23077 1.00000 1.00000 0.31850 0.29243 0.34243 1.00000 1.00000 0.20354 0.66471 0.15224 0.33333 0.28000 0.25267 0.66667 0.20286 0.56953 1.00000 0.27273 1.00000 1.00000 0.49405 0.53975
3.00000 12.00000 0.44186 0.38462 1.00000 1.00000 0.34895 0.29888 0.39610 1.00000 1.00000 0.21073 0.64706 0.16994 0.33333 0.30857 0.21651 0.62500 0.19175 0.61685 1.00000 0.27273 1.00000 1.00000 0.48810 0.46563
3.00000 13.00000 0.57558 0.61538 1.00000 1.00000 0.26230 0.24760 0.30296 1.00000 1.00000 0.25192 0.67647 0.18820 0.33333 0.29143 0.22415 0.63690 0.19846 0.64896 1.00000 0.27273 1.00000 1.00000 0.52976 0.50274
3.00000 14.00000 0.54070 0.76923 1.00000 1.00000 0.29508 0.40634 0.37051 1.00000 1.00000 0.27969 0.68235 0.19591 0.33333 0.37143 0.23281 0.66071 0.22104 0.61975 1.00000 0.27273 1.00000 1.00000 0.52976 0.55079
3.00000 15.00000 0.56395 0.30769 1.00000 1.00000 0.27869 0.31454 0.43588 1.00000 1.00000 0.23467 0.67059 0.13911 0.33333 0.29714 0.20734 0.65476 0.18159 0.59899 1.00000 0.45455 1.00000 1.00000 0.50595 0.54272
3.00000 16.00000 0.54651 0.69231 1.00000 1.00000 0.30211 0.42239 0.39704 1.00000 1.00000 0.22031 0.65882 0.14397 0.33333 0.34857 0.23994 0.64286 0.20810 0.53718 1.00000 0.18182 1.00000 1.00000 0.50000 0.47509
3.00000 17.00000 0.64535 0.30769 1.00000 1.00000 0.27869 0.38050 0.22293 1.00000 1.00000 0.24330 0.65294 0.18043 0.33333 0.23429 0.23077 0.64881 0.22518 0.58812 1.00000 0.63636 1.00000 1.00000 0.44643 0.45672
3.00000 18.00000 0.45349 0.30769 1.00000 1.00000 0.26464 0.33138 0.22902 1.00000 0.93750 0.23084 0.67647 0.18048 0.33333 0.40000 0.24401 0.63690 0.17001 0.57750 1.00000 0.27273 1.00000 1.00000 0.47619 0.46368
3.00000 19.00000 0.41279 0.76923 1.00000 1.00000 0.29274 0.24878 0.33151 1.00000 1.00000 0.27299 0.65882 0.15987 0.33333 0.16571 0.25217 0.63095 0.22188 0.65355 1.00000 0.18182 1.00000 1.00000 0.44643 0.54903
3.00000 20.00000 0.50581 0.92308 1.00000 1.00000 0.23888 0.42161 0.39454 1.00000 1.00000 0.25527 0.67059 0.15973 0.33333 0.31429 0.23739 0.61905 0.19940 0.61806 1.00000 0.36364 1.00000 1.00000 0.47024 0.42601
3.00000 21.00000 0.26163 0.61538 1.00000 1.00000 0.34192 0.42474 0.22871 1.00000 1.00000 0.24665 0.67647 0.20040 0.33333 0.38286 0.23026 0.63095 0.22754 0.52897 1.00000 0.27273 1.00000 1.00000 0.44048 0.36413
3.00000 22.00000 0.34302 0.15385 1.00000 1.00000 0.27166 0.34508 0.35757 1.00000 0.93750 0.22126 0.67059 0.14822 0.33333 0.30857 0.21039 0.66667 0.18086 0.62216 1.00000 0.27273 1.00000 1.00000 0.45238 0.46229
3.00000 23.00000 0.40698 0.23077 1.00000 1.00000 0.35831 0.49168 0.46693 1.00000 1.00000 0.25335 0.62941 0.20691 0.33333 0.42286 0.24198 0.66071 0.20082 0.63110 1.00000 0.36364 1.00000 1.00000 0.50595 0.45737
3.00000 24.00000 0.45930 0.84615 1.00000 1.00000 0.22014 0.43042 0.29969 1.00000 1.00000 0.20450 0.64706 0.18977 0.33333 0.35429 0.23994 0.64286 0.17237 0.57943 1.00000 0.36364 1.00000 1.00000 0.51190 0.50608
3.00000 25.00000 0.55233 0.69231 1.00000 1.00000 0.37002 0.34018 0.34696 1.00000 1.00000 0.21743 0.62353 0.14642 0.33333 0.36000 0.21651 0.65476 0.22429 0.58257 1.00000 0.27273 1.00000 1.00000 0.41667 0.50682
3.00000 26.00000 0.45930 0.15385 1.00000 1.00000 0.33724 0.51478 0.30390 1.00000 1.00000 0.21552 0.64706 0.18542 0.33333 0.29714 0.21192 0.66071 0.19794 0.61130 1.00000 0.45455 1.00000 1.00000 0.40476 0.43752
3.00000 27.00000 0.58140 0.69231 1.00000 1.00000 0.31148 0.27735 0.38424 1.00000 1.00000 0.20211 0.67059 0.18080 0.33333 0.33143 0.22517 0.64286 0.16718 0.53766 1.00000 0.36364 1.00000 1.00000 0.57738 0.53604
3.00000 28.00000 0.37791 0.23077 1.00000 1.00000 0.25059 0.24702 0.27395 1.00000 1.00000 0.24425 0.68235 0.17604 0.33333 0.40000 0.22720 0.66071 0.19799 0.54877 1.00000 0.18182 1.00000 1.00000 0.42857 0.43807
3.00000 29.00000 0.49419 0.92308 1.00000 1.00000 0.37939 0.38227 0.23448 1.00000 1.00000 0.27299 0.67059 0.20312 0.33333 0.26857 0.19256 0.67857 0.22691 0.61420 1.00000 0.36364 1.00000 1.00000 0.46429 0.59403
3.00000 30.00000 0.55233 0.84615 1.00000 1.00000 0.20843 0.34351 0.20655 1.00000 1.00000 0.23898 0.64118 0.15936 0.33333 0.30286 0.22618 0.61310 0.17756 0.51304 1.00000 0.45455 1.00000 1.00000 0.56548 0.49058
3.00000 31.00000 0.58721 0.15385 1.00000 1.00000 0.27869 0.48092 0.22699 1.00000 1.00000 0.20546 0.65882 0.16365 0.33333 0.26286 0.23790 0.61310 0.18143 0.66852 1.00000 0.27273 1.00000 1.00000 0.44048 0.47908
3.00000 32.00000 0.56395 0.15385 1.00000 1.00000 0.22951 0.43707 0.38955 1.00000 1.00000 0.22414 0.67647 0.17193 0.33333 0.32000 0.20937 0.66071 0.18117 0.57026 1.00000 0.45455 1.00000 1.00000 0.62500 0.46962
3.00000 33.00000 0.36047 0.46154 1.00000 1.00000 0.29274 0.44157 0.36193 1.00000 1.00000 0.24186 0.67647 0.18847 0.33333 0.36000 0.23994 0.64286 0.20978 0.58571 1.00000 0.36364 1.00000 1.00000 0.49405 0.47175
3.00000 34.00000 0.46512 0.69231 1.00000 1.00000 0.43326 0.43531 0.34914 1.00000 1.00000 0.22941 0.67059 0.17734 0.33333 0.40571 0.23892 0.69643 0.23587 0.66490 1.00000 0.45455 1.00000 1.00000 0.43452 0.52417
3.00000 35.00000 0.54651 0.46154 1.00000 1.00000 0.47073 0.44705 0.39516 1.00000 1.00000 0.22366 0.59412 0.15247 0.33333 0.25714 0.23077 0.67262 0.22869 0.52100 1.00000 0.27273 1.00000 1.00000 0.41667 0.47119
3.00000 36.00000 0.60465 0.30769 1.00000 1.00000 0.40281 0.44353 0.39828 1.00000 1.00000 0.22031 0.66471 0.20470 0.33333 0.32000 0.22873 0.67262 0.20103 0.62458 1.00000 0.45455 1.00000 1.00000 0.41071 0.52658
3.00000 37.00000 0.55814 0.23077 1.00000 1.00000 0.18970 0.43453 0.35694 1.00000 1.00000 0.23132 0.67647 0.15150 0.33333 0.38857 0.20734 0.69048 0.19553 0.68662 1.00000 0.18182 1.00000 1.00000 0.42857 0.59672
3.00000 38.00000 0.23256 0.23077 1.00000 1.00000 0.32787 0.47681 0.27691 1.00000 1.00000 0.22893 0.65882 0.15122 0.33333 0.31429 0.23688 0.63095 0.20590 0.57557 1.00000 0.36364 1.00000 1.00000 0.48214 0.42546
3.00000 39.00000 0.63372 0.46154 1.00000 1.00000 0.29742 0.60716 0.22621 1.00000 1.00000 0.21648 0.67647 0.16962 0.33333 0.32000 0.24147 0.66667 0.21622 0.55505 1.00000 0.18182 1.00000 1.00000 0.46429 0.53187
3.00000 40.00000 0.37209 0.76923 1.00000 1.00000 0.26932 0.46721 0.46973 1.00000 1.00000 0.20354 0.68824 0.15857 0.33333 0.29143 0.23790 0.66667 0.17740 0.58595 1.00000 0.27273 1.00000 1.00000 0.58929 0.52908
3.00000 41.00000 0.69767 0.30769 1.00000 1.00000 0.31850 0.41711 0.38502 1.00000 1.00000 0.21312 0.62941 0.17221 0.33333 0.25143 0.22415 0.61905 0.22125 0.56736 1.00000 0.27273 1.00000 1.00000 0.41667 0.39698
3.00000 42.00000 0.45349 0.61538 1.00000 1.00000 0.40281 0.43316 0.29797 1.00000 1.00000 0.21408 0.70000 0.17179 0.33333 0.31429 0.22364 0.66071 0.21800 0.55794 1.00000 0.18182 1.00000 1.00000 0.44643 0.51034
3.00000 43.00000 0.38372 0.69231 1.00000 1.00000 0.30913 0.40204 0.33089 1.00000 1.00000 0.22222 0.68235 0.18602 0.33333 0.32571 0.23230 0.67857 0.22382 0.55867 1.00000 0.27273 1.00000 1.00000 0.45238 0.36617
3.00000 44.00000 0.28488 0.38462 1.00000 1.00000 0.39813 0.36602 0.28986 1.00000 1.00000 0.26197 0.67059 0.17442 0.33333 0.28571 0.21498 0.65476 0.23110 0.60719 1.00000 0.36364 1.00000 1.00000 0.54762 0.41507
3.00000 45.00000 0.60465 0.61538 1.00000 1.00000 0.32319 0.51732 0.45211 1.00000 1.00000 0.21552 0.66471 0.17313 0.33333 0.28571 0.21905 0.63095 0.18463 0.56277 1.00000 0.36364 1.00000 1.00000 0.45238 0.54189
3.00000 46.00000 0.34884 0.84615 1.00000 1.00000 0.33021 0.45743 0.26927 1.00000 1.00000 0.23180 0.67059 0.16527 0.33333 0.33714 0.20886 0.64286 0.19615 0.53621 1.00000 0.27273 1.00000 1.00000 0.50595 0.49708
3.00000 47.00000 0.41860 0.46154 1.00000 1.00000 0.43091 0.32590 0.28284 1.00000 1.00000 0.23851 0.67059 0.20026 0.33333 0.27429 0.22415 0.66071 0.20029 0.71777 1.00000 0.27273 1.00000 1.00000 0.58929 0.50589
3.00000 48.00000 0.54651 0.76923 1.00000 1.00000 0.24824 0.33196 0.38175 1.00000 1.00000 0.22174 0.65882 0.13384 0.33333 0.36571 0.22160 0.63690 0.19327 0.55263 1.00000 0.45455 1.00000 1.00000 0.51190 0.57723
3.00000 49.00000 0.34884 0.92308 1.00000 1.00000 0.37939 0.42650 0.38768 1.00000 1.00000 0.21073 0.68824 0.14776 0.33333 0.29714 0.24147 0.63095 0.19181 0.62965 1.00000 0.36364 1.00000 1.00000 0.57143 0.42796
3.00000 50.00000 0.71512 0.23077 1.00000 1.00000 0.37471 0.31082 0.41825 1.00000 1.00000 0.25287 0.65294 0.16971 0.33333 0.29143 0.25166 0.65476 0.17881 0.63761 1.00000 0.18182 1.00000 1.00000 0.54167 0.46470
3.00000 51.00000 0.53488 0.23077 1.00000 1.00000 0.16862 0.39558 0.36459 1.00000 1.00000 0.23324 0.64706 0.18112 0.33333 0.31429 0.22415 0.64881 0.21350 0.59005 1.00000 0.09091 1.00000 1.00000 0.53571 0.39707
3.00000 52.00000 0.50000 0.30769 1.00000 1.00000 0.41686 0.26796 0.26396 1.00000 1.00000 0.21839 0.67647 0.19790 0.33333 0.37143 0.21192 0.63690 0.17614 0.55674 1.00000 0.45455 1.00000 1.00000 0.39286 0.46266
3.00000 53.00000 0.51163 0.69231 1.00000 1.00000 0.41920 0.32159 0.32449 1.00000 1.00000 0.22510 0.66471 0.16758 0.33333 0.26286 0.22007 0.61905 0.19013 0.60623 1.00000 0.45455 1.00000 1.00000 0.46429 0.36181
3.00000 54.00000 0.70930 0.15385 1.00000 1.00000 0.40047 0.18438 0.41264 1.00000 1.00000 0.24330 0.62941 0.17331 0.33333 0.32571 0.21090 0.64286 0.18169 0.65693 1.00000 0.36364 1.00000 1.00000 0.51190 0.44976
3.00000 55.00000 0.54651 0.23077 1.00000 1.00000 0.32319 0.50734 0.28050 1.00000 1.00000 0.22366 0.67059 0.16717 0.33333 0.40571 0.21090 0.66071 0.19374 0.66007 1.00000 0.45455 1.00000 1.00000 0.46429 0.47667
3.00000 56.00000 0.48256 0.38462 1.00000 1.00000 0.33021 0.30515 0.28627 1.00000 1.00000 0.23755 0.68824 0.16097 0.33333 0.32571 0.22822 0.67262 0.18961 0.62675 1.00000 0.27273 1.00000 1.00000 0.50000 0.53660
3.00000 57.00000 0.40698 0.76923 1.00000 1.00000 0.23888 0.42807 0.26739 1.00000 1.00000 0.22557 0.68235 0.17678 0.33333 0.34857 0.21854 0.61905 0.19909 0.55770 1.00000 0.27273 1.00000 1.00000 0.44048 0.51424
3.00000 58.00000 0.39535 0.46154 1.00000 1.00000 0.32319 0.30436 0.29782 1.00000 1.00000 0.22462 0.65882 0.18676 0.33333 0.20000 0.22415 0.65476 0.18458 0.59295 1.00000 0.36364 1.00000 1.00000 0.37500 0.49420
3.00000 59.00000 0.47093 0.46154 1.00000 1.00000 0.33958 0.41084 0.36521 1.00000 1.00000 0.18630 0.70000 0.14716 0.33333 0.28000 0.22618 0.66667 0.21795 0.69387 1.00000 0.36364 1.00000 1.00000 0.48214 0.58215
3.00000 60.00000 0.55814 0.76923 1.00000 1.00000 0.34192 0.35330 0.40250 1.00000 1.00000 0.20211 0.68235 0.16398 0.33333 0.34857 0.23994 0.66071 0.20056 0.57726 1.00000 0.27273 1.00000 1.00000 0.44048 0.48761
3.00000 61.00000 0.32558 0.38462 1.00000 1.00000 0.40515 0.38090 0.47441 1.00000 1.00000 0.21312 0.65882 0.20405 0.33333 0.35429 0.20835 0.66071 0.21140 0.58981 1.00000 0.45455 1.00000 1.00000 0.60119 0.44615
3.00000 62.00000 0.40698 0.69231 1.00000 1.00000 0.32553 0.57037 0.38112 1.00000 1.00000 0.24090 0.68824 0.19097 0.33333 0.32000 0.24962 0.68452 0.24593 0.57460 1.00000 0.36364 1.00000 1.00000 0.50595 0.57074
3.00000 63.00000 0.55814 0.92308 1.00000 1.00000 0.37939 0.49677 0.26911 1.00000 1.00000 0.22893 0.69412 0.17863 0.33333 0.44000 0.19969 0.64881 0.19668 0.55794 1.00000 0.45455 1.00000 1.00000 0.52381 0.47917
3.00000 64.00000 0.34884 0.84615 1.00000 1.00000 0.27400 0.49931 0.37956 1.00000 1.00000 0.18918 0.68235 0.15806 0.33333 0.32571 0.25828 0.66071 0.21774 0.69676 1.00000 0.27273 1.00000 1.00000 0.44643 0.51192
3.00000 65.00000 0.40698 0.53846 1.00000 1.00000 0.40984 0.43942 0.30936 1.00000 1.00000 0.22605 0.68824 0.14327 0.33333 0.40571 0.23637 0.66667 0.20386 0.60575 1.00000 0.54545 1.00000 1.00000 0.30952 0.41961
3.00000 66.00000 0.68605 0.76923 1.00000 1.00000 0.27166 0.44138 0.33011 1.00000 1.00000 0.22126 0.65882 0.18431 0.33333 0.41143 0.21600 0.67262 0.19940 0.63665 1.00000 0.27273 1.00000 1.00000 0.53571 0.47416
3.00000 67.00000 0.37791 0.53846 1.00000 1.00000 0.40047 0.28107 0.38908 1.00000 1.00000 0.25623 0.67647 0.20155 0.33333 0.31429 0.21803 0.64881 0.22796 0.68687 1.00000 0.45455 1.00000 1.00000 0.39286 0.50496
3.00000 68.00000 0.67442 0.46154 1.00000 1.00000 0.34660 0.48385 0.50796 1.00000 1.00000 0.20642 0.67059 0.17784 0.33333 0.34286 0.19817 0.66667 0.20773 0.59392 1.00000 0.36364 1.00000 1.00000 0.40476 0.39688
3.00000 69.00000 0.25000 0.46154 1.00000 1.00000 0.23653 0.50088 0.31560 1.00000 1.00000 0.19636 0.67059 0.19393 0.33333 0.33143 0.22313 0.68452 0.20841 0.59440 1.00000 0.36364 1.00000 1.00000 0.33333 0.47611
3.00000 70.00000 0.62791 0.61538 1.00000 1.00000 0.28571 0.51204 0.34181 1.00000 1.00000 0.22270 0.68235 0.19554 0.33333 0.29143 0.19052 0.63690 0.20511 0.54973 1.00000 0.36364 1.00000 1.00000 0.42857 0.41340
3.00000 71.00000 0.63953 0.84615 1.00000 1.00000 0.39813 0.46447 0.29048 1.00000 1.00000 0.23755 0.67059 0.17780 0.33333 0.38286 0.20683 0.67262 0.21025 0.54635 1.00000 0.36364 1.00000 1.00000 0.48214 0.51897
3.00000 72.00000 0.75000 0.15385 1.00000 1.00000 0.39344 0.52163 0.44665 1.00000 1.00000 0.22031 0.67059 0.18288 0.33333 0.35429 0.20632 0.67262 0.20925 0.53477 1.00000 0.27273 1.00000 1.00000 0.39881 0.44846
3.00000 73.00000 0.45349 0.23077 1.00000 1.00000 0.40047 0.47387 0.42637 1.00000 1.00000 0.21169 0.68235 0.15894 0.33333 0.30286 0.20428 0.67262 0.20150 0.57533 1.00000 0.27273 1.00000 1.00000 0.59524 0.42741
3.00000 74.00000 0.60465 0.46154 1.00000 1.00000 0.20609 0.56136 0.41763 1.00000 0.93750 0.19684 0.65882 0.20141 0.33333 0.41143 0.21600 0.64286 0.21769 0.61758 1.00000 0.36364 1.00000 1.00000 0.38095 0.40356
3.00000 75.00000 0.24419 0.30769 1.00000 1.00000 0.36300 0.51047 0.33916 1.00000 1.00000 0.21839 0.64706 0.17655 0.33333 0.36571 0.22720 0.66667 0.18107 0.51207 1.00000 0.45455 1.00000 1.00000 0.48810 0.43705
3.00000 76.00000 0.56977 0.84615 1.00000 1.00000 0.27166 0.47074 0.35086 1.00000 1.00000 0.21935 0.65294 0.19878 0.33333 0.36571 0.23841 0.67262 0.19694 0.61082 1.00000 0.36364 1.00000 1.00000 0.45833 0.48511
3.00000 77.00000 0.34884 0.23077 1.00000 1.00000 0.52693 0.44745 0.37239 1.00000 1.00000 0.23994 0.69412 0.18039 0.33333 0.50857 0.24452 0.67857 0.18300 0.59223 1.00000 0.36364 1.00000 1.00000 0.53571 0.47834
3.00000 78.00000 0.52907 0.30769 1.00000 1.00000 0.22248 0.38070 0.41217 1.00000 1.00000 0.23324 0.64118 0.13394 0.33333 0.29714 0.23535 0.64286 0.21166 0.61589 1.00000 0.36364 1.00000 1.00000 0.47024 0.48446
3.00000 79.00000 0.57558 0.53846 1.00000 1.00000 0.34895 0.35232 0.33541 1.00000 1.00000 0.21552 0.67059 0.19139 0.33333 0.29143 0.22109 0.65476 0.20653 0.58933 1.00000 0.27273 1.00000 1.00000 0.50000 0.50181
3.00000 80.00000 0.37209 0.30769 1.00000 1.00000 0.33724 0.44803 0.31810 1.00000 1.00000 0.26868 0.65882 0.20035 0.33333 0.27429 0.20479 0.61905 0.19275 0.59126 1.00000 0.45455 1.00000 1.00000 0.42262 0.40727
3.00000 81.00000 0.61628 0.30769 1.00000 1.00000 0.23419 0.40654 0.42637 1.00000 1.00000 0.19205 0.67647 0.21875 0.33333 0.34857 0.23586 0.64286 0.19809 0.65210 1.00000 0.36364 1.00000 1.00000 0.45833 0.48492
3.00000 82.00000 0.59884 0.38462 1.00000 1.00000 0.29508 0.48992 0.33947 1.00000 0.93750 0.19828 0.65882 0.14679 0.33333 0.33143 0.21345 0.64286 0.18620 0.57798 1.00000 0.45455 1.00000 1.00000 0.36310 0.49698
3.00000 83.00000 0.45349 0.61538 1.00000 1.00000 0.28571 0.52222 0.33167 1.00000 1.00000 0.21504 0.68824 0.17341 0.33333 0.36000 0.27050 0.66071 0.21716 0.58209 1.00000 0.45455 1.00000 1.00000 0.47024 0.51675
3.00000 84.00000 0.66279 0.23077 1.00000 1.00000 0.35129 0.46487 0.34321 1.00000 1.00000 0.20546 0.70588 0.19152 0.33333 0.32571 0.20275 0.66667 0.20527 0.58184 1.00000 0.36364 1.00000 1.00000 0.60714 0.52138
3.00000 85.00000 0.53488 0.84615 1.00000 1.00000 0.43794 0.27070 0.38549 1.00000 1.00000 0.24234 0.69412 0.18903 0.33333 0.34857 0.22211 0.65476 0.20176 0.58885 1.00000 0.36364 1.00000 1.00000 0.48810 0.43585
3.00000 86.00000 0.83721 0.23077 1.00000 1.00000 0.37705 0.40086 0.44836 1.00000 1.00000 0.20067 0.67059 0.21417 0.33333 0.37143 0.21600 0.66667 0.19579 0.67286 1.00000 0.54545 1.00000 1.00000 0.52976 0.54244
3.00000 87.00000 0.11047 0.15385 1.00000 1.00000 0.49415 0.47074 0.32512 1.00000 1.00000 0.18534 0.70000 0.18746 0.33333 0.32000 0.24452 0.66667 0.18861 0.58088 1.00000 0.45455 1.00000 1.00000 0.37500 0.47973
3.00000 88.00000 0.37209 0.61538 1.00000 1.00000 0.35597 0.50714 0.33245 1.00000 1.00000 0.22126 0.62941 0.17318 0.33333 0.32571 0.22873 0.67857 0.19736 0.61057 1.00000 0.36364 1.00000 1.00000 0.38095 0.48669
3.00000 89.00000 0.68605 0.61538 1.00000 1.00000 0.39344 0.55275 0.32964 1.00000 1.00000 0.24330 0.71176 0.15552 0.33333 0.35429 0.21752 0.64881 0.20391 0.58595 1.00000 0.27273 1.00000 1.00000 0.51786 0.40106
3.00000 90.00000 0.51744 0.38462 1.00000 1.00000 0.29742 0.55295 0.37691 1.00000 1.00000 0.25814 0.65294 0.21117 0.33333 0.33714 0.21192 0.66667 0.18552 0.57919 1.00000 0.36364 1.00000 1.00000 0.45833 0.37304
3.00000 91.00000 0.35465 0.69231 1.00000 1.00000 0.18970 0.36778 0.36240 1.00000 1.00000 0.20929 0.65294 0.18325 0.33333 0.33714 0.25318 0.66071 0.19338 0.63834 1.00000 0.27273 1.00000 1.00000 0.42262 0.53938
3.00000 92.00000 0.59302 0.46154 1.00000 1.00000 0.29274 0.45410 0.42590 1.00000 1.00000 0.21504 0.66471 0.18584 0.33333 0.28571 0.22975 0.64286 0.20758 0.57267 1.00000 0.45455 1.00000 1.00000 0.44643 0.45709
3.00000 93.00000 0.39535 0.30769 1.00000 1.00000 0.38876 0.44118 0.32168 1.00000 1.00000 0.20833 0.65882 0.19217 0.33333 0.37714 0.23383 0.66667 0.19851 0.65693 1.00000 0.45455 1.00000 1.00000 0.43452 0.45505
3.00000 94.00000 0.66860 0.61538 1.00000 1.00000 0.38876 0.47465 0.29704 1.00000 1.00000 0.20211 0.68235 0.17179 0.33333 0.36571 0.21396 0.64881 0.18405 0.61444 1.00000 0.36364 1.00000 1.00000 0.47024 0.42787
3.00000 95.00000 0.56977 0.53846 1.00000 1.00000 0.38642 0.30378 0.36037 1.00000 1.00000 0.20546 0.69412 0.17655 0.33333 0.42286 0.24401 0.67857 0.24132 0.62844 1.00000 0.36364 1.00000 1.00000 0.49405 0.49930
3.00000 96.00000 0.48837 0.15385 1.00000 1.00000 0.40281 0.36700 0.31529 1.00000 1.00000 0.22941 0.65882 0.19652 0.33333 0.38286 0.22975 0.64881 0.21816 0.61444 1.00000 0.36364 1.00000 1.00000 0.46429 0.49513
3.00000 97.00000 0.58140 0.23077 1.00000 1.00000 0.35597 0.43218 0.35647 1.00000 1.00000 0.21264 0.65882 0.18182 0.33333 0.34286 0.21905 0.67262 0.22041 0.64148 1.00000 0.45455 1.00000 1.00000 0.51786 0.56684
3.00000 98.00000 0.51744 0.38462 1.00000 1.00000 0.34895 0.47739 0.35757 1.00000 1.00000 0.20498 0.65882 0.18173 0.33333 0.27429 0.22211 0.66667 0.22204 0.64075 1.00000 0.45455 1.00000 1.00000 0.49405 0.43399
3.00000 99.00000 0.51163 0.30769 1.00000 1.00000 0.30913 0.35623 0.34758 1.00000 1.00000 0.20785 0.66471 0.15492 0.33333 0.36571 0.19969 0.67262 0.25284 0.64800 1.00000 0.36364 1.00000 1.00000 0.58929 0.41275
3.00000 100.00000 0.33721 0.38462 1.00000 1.00000 0.29977 0.45528 0.32465 1.00000 1.00000 0.22749 0.64706 0.20104 0.33333 0.33714 0.23535 0.69643 0.23833 0.56470 1.00000 0.27273 1.00000 1.00000 0.48810 0.40894
3.00000 101.00000 0.54070 0.30769 1.00000 1.00000 0.30211 0.50225 0.38892 1.00000 1.00000 0.23276 0.70000 0.17752 0.33333 0.33714 0.21345 0.64881 0.22900 0.72501 1.00000 0.36364 1.00000 1.00000 0.60714 0.42221
3.00000 102.00000 0.71512 0.15385 1.00000 1.00000 0.37471 0.51106 0.46022 1.00000 1.00000 0.20498 0.66471 0.17257 0.33333 0.30857 0.20071 0.65476 0.20338 0.66127 1.00000 0.36364 1.00000 1.00000 0.52381 0.55682
3.00000 103.00000 0.72093 0.76923 1.00000 1.00000 0.43560 0.36641 0.40140 1.00000 1.00000 0.23898 0.64118 0.19402 0.33333 0.53714 0.21651 0.67857 0.20506 0.59899 1.00000 0.27273 1.00000 1.00000 0.47024 0.45579
3.00000 104.00000 0.35465 0.76923 1.00000 1.00000 0.31616 0.50225 0.39033 1.00000 1.00000 0.22797 0.65882 0.17096 0.33333 0.34857 0.21854 0.67262 0.22115 0.63085 1.00000 0.36364 1.00000 1.00000 0.44643 0.57454
3.00000 105.00000 0.43023 0.76923 1.00000 1.00000 0.33958 0.38403 0.31154 1.00000 1.00000 0.26485 0.66471 0.21320 0.33333 0.46286 0.20479 0.69048 0.21198 0.63834 1.00000 0.45455 1.00000 1.00000 0.52976 0.38454
3.00000 106.00000 0.45930 0.53846 1.00000 1.00000 0.39813 0.36171 0.32574 1.00000 1.00000 0.24808 0.69412 0.21838 0.33333 0.37714 0.23586 0.66071 0.22513 0.61178 1.00000 0.45455 1.00000 1.00000 0.49405 0.48678
3.00000 107.00000 0.37209 0.23077 1.00000 1.00000 0.32084 0.69720 0.41810 1.00000 1.00000 0.23276 0.67647 0.14138 0.33333 0.38857 0.20988 0.66071 0.22099 0.64800 1.00000 0.18182 1.00000 1.00000 0.44643 0.45552
3.00000 108.00000 0.59884 0.38462 1.00000 1.00000 0.39813 0.46780 0.41856 1.00000 1.00000 0.22366 0.70000 0.17507 0.33333 0.44000 0.21192 0.69643 0.19364 0.57774 1.00000 0.36364 1.00000 1.00000 0.47024 0.36599
3.00000 109.00000 0.38953 0.84615 1.00000 1.00000 0.39578 0.43981 0.41373 1.00000 1.00000 0.18391 0.66471 0.19397 0.33333 0.38286 0.22771 0.66071 0.22246 0.65693 1.00000 0.27273 1.00000 1.00000 0.47024 0.39540
3.00000 110.00000 0.43605 0.38462 1.00000 1.00000 0.26230 0.53181 0.42715 1.00000 1.00000 0.17912 0.69412 0.20299 0.33333 0.37143 0.20734 0.68452 0.21554 0.57291 1.00000 0.45455 1.00000 1.00000 0.51190 0.45719
3.00000 111.00000 0.31395 0.84615 1.00000 1.00000 0.32553 0.49775 0.39750 1.00000 1.00000 0.23563 0.67647 0.19786 0.33333 0.45143 0.22924 0.65476 0.22434 0.58716 1.00000 0.45455 1.00000 1.00000 0.35119 0.43984
3.00000 112.00000 0.45930 0.30769 1.00000 1.00000 0.30211 0.37209 0.50281 1.00000 1.00000 0.18678 0.69412 0.21944 0.33333 0.34857 0.20020 0.63690 0.23215 0.59947 1.00000 0.45455 1.00000 1.00000 0.44048 0.36924
3.00000 113.00000 0.58721 0.38462 1.00000 1.00000 0.34192 0.55099 0.27488 1.00000 1.00000 0.18295 0.68824 0.16402 0.33333 0.43429 0.19307 0.67262 0.22340 0.63786 1.00000 0.36364 1.00000 1.00000 0.37500 0.54810
3.00000 114.00000 0.42442 0.84615 1.00000 1.00000 0.41218 0.66647 0.39657 1.00000 1.00000 0.20690 0.65882 0.20460 0.33333 0.40571 0.23383 0.64286 0.25007 0.59778 1.00000 0.54545 1.00000 1.00000 0.45833 0.44327
3.00000 115.00000 0.64535 0.15385 1.00000 1.00000 0.41218 0.44471 0.34493 1.00000 1.00000 0.21552 0.67059 0.22531 0.33333 0.39429 0.22262 0.68452 0.23351 0.58257 1.00000 0.27273 1.00000 1.00000 0.40476 0.35291
3.00000 116.00000 0.33721 0.23077 1.00000 1.00000 0.40515 0.38285 0.48939 1.00000 1.00000 0.20977 0.71176 0.17891 0.33333 0.41143 0.19256 0.68452 0.21659 0.68856 1.00000 0.27273 1.00000 1.00000 0.52381 0.50905
3.00000 117.00000 0.65698 0.23077 1.00000 1.00000 0.42857 0.58563 0.34571 1.00000 1.00000 0.18439 0.67059 0.16661 0.33333 0.36000 0.21345 0.69643 0.22513 0.66900 1.00000 0.45455 1.00000 1.00000 0.48810 0.48576
3.00000 118.00000 0.50581 0.23077 1.00000 1.00000 0.46604 0.41613 0.40125 1.00000 1.00000 0.21121 0.67647 0.19023 0.33333 0.30286 0.21600 0.68452 0.21250 0.66900 1.00000 0.36364 1.00000 1.00000 0.43452 0.44012
3.00000 119.00000 0.62209 0.30769 1.00000 1.00000 0.33021 0.43159 0.41248 1.00000 1.00000 0.20785 0.68235 0.19753 0.33333 0.34286 0.21396 0.64881 0.21166 0.61516 1.00000 0.36364 1.00000 1.00000 0.48810 0.38770
3.00000 120.00000 0.52907 0.76923 1.00000 1.00000 0.33255 0.33881 0.52278 1.00000 1.00000 0.21121 0.67647 0.19060 0.33333 0.29714 0.20683 0.66667 0.20092 0.65403 1.00000 0.27273 1.00000 1.00000 0.47024 0.42833
3.00000 121.00000 0.55814 0.30769 1.00000 1.00000 0.35363 0.42043 0.40936 1.00000 1.00000 0.23036 0.62941 0.23118 0.33333 0.40571 0.17524 0.67857 0.20433 0.67383 1.00000 0.45455 1.00000 1.00000 0.43452 0.50691
3.00000 122.00000 0.38372 0.61538 1.00000 1.00000 0.40515 0.40497 0.34867 1.00000 1.00000 0.18582 0.65882 0.20548 0.33333 0.40571 0.19613 0.64286 0.19380 0.60695 1.00000 0.45455 1.00000 1.00000 0.46429 0.46470
3.00000 123.00000 0.71512 0.69231 1.00000 1.00000 0.43560 0.28929 0.37379 1.00000 1.00000 0.18487 0.68235 0.20174 0.33333 0.32571 0.20683 0.67262 0.19013 0.67962 1.00000 0.27273 1.00000 1.00000 0.48810 0.51749
3.00000 124.00000 0.47674 0.30769 1.00000 1.00000 0.47073 0.57604 0.35195 1.00000 1.00000 0.19444 0.68824 0.21126 0.33333 0.38286 0.20988 0.67857 0.23178 0.58209 1.00000 0.36364 1.00000 1.00000 0.54762 0.43872
3.00000 125.00000 0.52326 0.38462 1.00000 1.00000 0.37002 0.40047 0.47988 1.00000 1.00000 0.23420 0.71765 0.19023 0.33333 0.45143 0.20326 0.69643 0.23770 0.71294 1.00000 0.36364 1.00000 1.00000 0.47024 0.42908
3.00000 126.00000 0.52326 0.61538 1.00000 1.00000 0.23419 0.31787 0.28534 1.00000 1.00000 0.20594 0.66471 0.20054 0.33333 0.36571 0.21549 0.69048 0.22167 0.58836 1.00000 0.45455 1.00000 1.00000 0.44048 0.55172
3.00000 127.00000 0.72674 0.76923 1.00000 1.00000 0.46136 0.44334 0.34789 1.00000 1.00000 0.23180 0.68235 0.17502 0.33333 0.32571 0.22975 0.68452 0.23210 0.61758 1.00000 0.27273 1.00000 1.00000 0.48810 0.48613
3.00000 128.00000 0.48837 0.69231 1.00000 1.00000 0.38173 0.60423 0.52215 1.00000 1.00000 0.20115 0.68235 0.17424 0.33333 0.35429 0.20071 0.68452 0.23492 0.72574 1.00000 0.45455 1.00000 1.00000 0.40476 0.44410
3.00000 129.00000 0.75000 0.38462 1.00000 1.00000 0.51288 0.42846 0.33713 1.00000 1.00000 0.23611 0.67647 0.20613 0.33333 0.31429 0.20326 0.68452 0.18557 0.64389 1.00000 0.36364 1.00000 1.00000 0.44643 0.46572
3.00000 130.00000 0.54070 0.69231 1.00000 1.00000 0.44028 0.45488 0.33963 1.00000 1.00000 0.19588 0.67647 0.20423 0.33333 0.51429 0.19664 0.69048 0.20669 0.70690 1.00000 0.45455 1.00000 1.00000 0.42262 0.47008
3.00000 131.00000 0.70930 0.38462 1.00000 1.00000 0.43560 0.40204 0.38580 1.00000 1.00000 0.18678 0.67647 0.21195 0.33333 0.46286 0.19002 0.67857 0.22565 0.65572 1.00000 0.54545 1.00000 1.00000 0.46429 0.48437
3.00000 132.00000 0.47093 0.92308 1.00000 1.00000 0.45902 0.51478 0.37067 1.00000 1.00000 0.19588 0.68824 0.23067 0.33333 0.42857 0.17219 0.65476 0.23623 0.62313 1.00000 0.36364 1.00000 1.00000 0.38095 0.42425
3.00000 133.00000 0.51163 0.92308 1.00000 1.00000 0.49883 0.42748 0.28378 1.00000 1.00000 0.18056 0.68824 0.22064 0.33333 0.48571 0.21956 0.69048 0.23959 0.65862 1.00000 0.72727 1.00000 1.00000 0.35119 0.43464
3.00000 134.00000 0.73256 0.46154 1.00000 1.00000 0.50585 0.45821 0.47566 1.00000 1.00000 0.19205 0.69412 0.20229 0.33333 0.41714 0.21752 0.66667 0.23906 0.62120 1.00000 0.36364 1.00000 1.00000 0.36310 0.41618
3.00000 135.00000 0.52326 0.69231 1.00000 1.00000 0.44028 0.32276 0.51482 1.00000 1.00000 0.17864 0.70000 0.19023 0.33333 0.41714 0.21039 0.69048 0.22434 0.59029 1.00000 0.45455 1.00000 1.00000 0.42857 0.50877
3.00000 136.00000 0.58140 0.30769 1.00000 1.00000 0.30445 0.33040 0.31310 1.00000 1.00000 0.19013 0.70000 0.22582 0.33333 0.36571 0.18594 0.67857 0.25730 0.63979 1.00000 0.45455 1.00000 1.00000 0.32143 0.38612
3.00000 137.00000 0.42442 0.84615 1.00000 1.00000 0.40281 0.39479 0.47301 1.00000 1.00000 0.23994 0.69412 0.19060 0.33333 0.44571 0.20937 0.69643 0.25111 0.64727 1.00000 0.45455 1.00000 1.00000 0.45833 0.49513
3.00000 138.00000 0.52326 0.61538 1.00000 1.00000 0.51991 0.42552 0.40796 1.00000 1.00000 0.17193 0.64706 0.18898 0.33333 0.37143 0.22160 0.67857 0.25211 0.60430 1.00000 0.45455 1.00000 1.00000 0.44048 0.41182
3.00000 139.00000 0.27907 0.30769 1.00000 1.00000 0.46838 0.53670 0.38409 1.00000 1.00000 0.17625 0.69412 0.21454 0.33333 0.33714 0.19103 0.67857 0.19406 0.68300 1.00000 0.45455 1.00000 1.00000 0.47024 0.46080
3.00000 140.00000 0.77326 0.30769 1.00000 1.00000 0.30679 0.52378 0.36349 1.00000 1.00000 0.20594 0.70588 0.21283 0.33333 0.33714 0.22262 0.65476 0.23613 0.65934 1.00000 0.45455 1.00000 1.00000 0.35714 0.44206
3.00000 141.00000 0.89535 0.30769 1.00000 1.00000 0.48009 0.43277 0.35273 1.00000 1.00000 0.17098 0.67647 0.20645 0.33333 0.46857 0.20988 0.68452 0.25211 0.68735 1.00000 0.54545 1.00000 1.00000 0.44643 0.47054
3.00000 142.00000 0.52326 0.23077 1.00000 1.00000 0.33021 0.41593 0.38861 1.00000 1.00000 0.16140 0.69412 0.22734 0.33333 0.48000 0.19969 0.72619 0.21832 0.62603 1.00000 0.36364 1.00000 1.00000 0.54762 0.42629
3.00000 143.00000 0.48837 0.23077 1.00000 1.00000 0.41218 0.32883 0.48378 1.00000 1.00000 0.18678 0.70588 0.19319 0.33333 0.42857 0.19409 0.70833 0.26557 0.62965 1.00000 0.45455 1.00000 1.00000 0.45833 0.48205
3.00000 144.00000 0.69767 0.61538 1.00000 1.00000 0.27869 0.47739 0.50874 1.00000 1.00000 0.19971 0.68824 0.21320 0.33333 0.46857 0.20122 0.69048 0.24514 0.64872 1.00000 0.36364 1.00000 1.00000 0.36905 0.52686
3.00000 145.00000 0.39535 0.30769 1.00000 1.00000 0.44262 0.36015 0.40062 1.00000 1.00000 0.15900 0.71176 0.21412 0.33333 0.33143 0.18492 0.69643 0.24729 0.70690 1.00000 0.45455 1.00000 1.00000 0.43452 0.41367
3.00000 146.00000 0.54070 0.38462 1.00000 1.00000 0.35597 0.48679 0.61498 1.00000 1.00000 0.18822 0.71765 0.18921 0.33333 0.54286 0.18492 0.69048 0.23786 0.63158 1.00000 0.36364 1.00000 1.00000 0.39286 0.46368
3.00000 147.00000 0.58140 0.76923 1.00000 1.00000 0.39344 0.41280 0.49189 1.00000 1.00000 0.19253 0.71765 0.22522 0.33333 0.42857 0.18849 0.69643 0.19998 0.69604 1.00000 0.45455 1.00000 1.00000 0.48810 0.55237
3.00000 148.00000 0.17442 0.38462 1.00000 1.00000 0.41452 0.59640 0.47441 1.00000 1.00000 0.20498 0.70000 0.22152 0.33333 0.54857 0.21549 0.66071 0.21790 0.66321 1.00000 0.54545 1.00000 1.00000 0.44643 0.36553
3.00000 149.00000 0.60465 0.15385 1.00000 1.00000 0.53162 0.44568 0.41950 1.00000 1.00000 0.16906 0.68235 0.19758 0.33333 0.50857 0.18594 0.70238 0.25504 0.70859 1.00000 0.36364 1.00000 1.00000 0.33929 0.38492
3.00000 150.00000 0.78488 0.92308 1.00000 1.00000 0.51054 0.52065 0.50094 1.00000 1.00000 0.21648 0.65882 0.24001 0.33333 0.37714 0.21498 0.66667 0.23760 0.68638 1.00000 0.45455 1.00000 1.00000 0.48214 0.34586
3.00000 151.00000 0.55233 0.15385 1.00000 1.00000 0.33021 0.56919 0.59953 1.00000 1.00000 0.18966 0.64118 0.22272 0.33333 0.38286 0.19002 0.67262 0.22324 0.73322 1.00000 0.27273 1.00000 1.00000 0.48810 0.38770
3.00000 152.00000 0.24419 0.84615 1.00000 1.00000 0.37471 0.57115 0.44711 1.00000 1.00000 0.17720 0.64706 0.21177 0.33333 0.54286 0.18288 0.68452 0.24870 0.56712 1.00000 0.36364 1.00000 1.00000 0.45833 0.42926
3.00000 153.00000 0.70930 0.38462 1.00000 1.00000 0.45433 0.43590 0.44665 1.00000 1.00000 0.19588 0.69412 0.24001 0.33333 0.34286 0.17575 0.68452 0.24556 0.64969 1.00000 0.45455 1.00000 1.00000 0.41071 0.46145
3.00000 154.00000 0.55233 0.53846 1.00000 1.00000 0.54098 0.54805 0.48877 1.00000 1.00000 0.21839 0.66471 0.21389 0.33333 0.42857 0.21498 0.69048 0.20050 0.72477 1.00000 0.54545 1.00000 1.00000 0.39881 0.31292
3.00000 155.00000 0.20930 0.69231 1.00000 1.00000 0.42623 0.48385 0.59064 1.00000 1.00000 0.16715 0.71765 0.26681 0.33333 0.40000 0.18696 0.66071 0.24126 0.69821 1.00000 0.36364 1.00000 1.00000 0.49405 0.42212
3.00000 156.00000 0.36628 0.61538 1.00000 1.00000 0.30679 0.39518 0.45632 1.00000 1.00000 0.18008 0.69412 0.23427 0.33333 0.46857 0.17575 0.70238 0.22921 0.71342 1.00000 0.36364 1.00000 1.00000 0.32143 0.28760
3.00000 157.00000 0.51744 0.76923 1.00000 1.00000 0.35597 0.61910 0.53573 1.00000 1.00000 0.19780 0.68824 0.20604 0.33333 0.50286 0.20632 0.69048 0.22115 0.73105 1.00000 0.36364 1.00000 1.00000 0.35714 0.34975
3.00000 158.00000 0.59884 0.84615 1.00000 1.00000 0.33021 0.43374 0.44025 1.00000 1.00000 0.18822 0.67059 0.21851 0.33333 0.50857 0.20835 0.64286 0.25127 0.65186 1.00000 0.54545 1.00000 1.00000 0.44643 0.44392
3.00000 159.00000 0.68605 0.76923 1.00000 1.00000 0.47307 0.42807 0.51170 1.00000 1.00000 0.15996 0.70588 0.24130 0.33333 0.41143 0.17320 0.68452 0.24404 0.64365 1.00000 0.54545 1.00000 1.00000 0.34524 0.40588
3.00000 160.00000 0.41860 0.30769 1.00000 1.00000 0.47541 0.63829 0.47722 1.00000 1.00000 0.18726 0.69412 0.21805 0.33333 0.45714 0.21956 0.72619 0.24153 0.70763 1.00000 0.36364 1.00000 1.00000 0.36905 0.38436
3.00000 161.00000 0.53488 0.69231 1.00000 1.00000 0.41218 0.48875 0.49189 1.00000 1.00000 0.19971 0.70000 0.20202 0.33333 0.50286 0.16505 0.67857 0.26405 0.72936 1.00000 0.45455 1.00000 1.00000 0.41071 0.35801
3.00000 162.00000 0.62209 0.23077 1.00000 1.00000 0.50351 0.36543 0.43292 1.00000 1.00000 0.17098 0.71765 0.24546 0.33333 0.49143 0.21090 0.70833 0.23220 0.68928 1.00000 0.36364 1.00000 1.00000 0.34524 0.30263
3.00000 163.00000 0.38372 0.84615 1.00000 1.00000 0.34660 0.51889 0.37239 1.00000 1.00000 0.18774 0.70588 0.23686 0.33333 0.46857 0.17422 0.67262 0.23901 0.72356 1.00000 0.45455 1.00000 1.00000 0.38095 0.34910
3.00000 164.00000 0.29070 0.92308 1.00000 1.00000 0.47775 0.43903 0.52559 1.00000 1.00000 0.18103 0.70588 0.23081 0.33333 0.52000 0.14926 0.68452 0.24519 0.65500 1.00000 0.54545 1.00000 1.00000 0.35119 0.37054
3.00000 165.00000 0.48256 0.61538 1.00000 1.00000 0.46604 0.46076 0.37707 1.00000 1.00000 0.21648 0.68824 0.23890 0.33333 0.48000 0.16862 0.69643 0.23676 0.70521 1.00000 0.54545 1.00000 1.00000 0.40476 0.41868
3.00000 166.00000 0.78488 0.30769 1.00000 1.00000 0.35597 0.61284 0.53261 1.00000 1.00000 0.15565 0.68824 0.22443 0.33333 0.56000 0.20530 0.68452 0.27228 0.78609 1.00000 0.54545 1.00000 1.00000 0.36905 0.36942
3.00000 167.00000 0.65116 0.38462 1.00000 1.00000 0.43091 0.45038 0.60827 1.00000 1.00000 0.21504 0.73529 0.24634 0.33333 0.50286 0.21090 0.68452 0.28999 0.69918 1.00000 0.63636 1.00000 1.00000 0.38095 0.32619
3.00000 168.00000 0.50000 0.69231 1.00000 1.00000 0.43560 0.52182 0.51435 1.00000 1.00000 0.16667 0.71176 0.25895 0.33333 0.41143 0.20377 0.68452 0.25048 0.74264 1.00000 0.54545 1.00000 1.00000 0.43452 0.38195
3.00000 169.00000 0.60465 0.15385 1.00000 1.00000 0.34192 0.45958 0.43307 1.00000 1.00000 0.15326 0.74118 0.23848 0.33333 0.50857 0.18034 0.69643 0.25033 0.61009 1.00000 0.54545 1.00000 1.00000 0.44643 0.41442
3.00000 170.00000 0.46512 0.53846 1.00000 1.00000 0.47307 0.55255 0.52855 1.00000 1.00000 0.17864 0.67059 0.23903 0.33333 0.39429 0.15894 0.72024 0.25462 0.69797 1.00000 0.54545 1.00000 1.00000 0.32738 0.31951
3.00000 171.00000 0.71512 0.30769 1.00000 1.00000 0.45902 0.54198 0.54883 1.00000 1.00000 0.20402 0.73529 0.22554 0.33333 0.42857 0.17830 0.70833 0.23660 0.72549 1.00000 0.63636 1.00000 1.00000 0.27381 0.37963
3.00000 172.00000 0.56977 0.69231 1.00000 1.00000 0.48478 0.45097 0.54275 1.00000 1.00000 0.17529 0.70000 0.21861 0.33333 0.53143 0.17575 0.70833 0.25551 0.69218 1.00000 0.63636 1.00000 1.00000 0.41071 0.38250
3.00000 173.00000 0.35465 0.46154 1.00000 1.00000 0.56674 0.44745 0.51014 1.00000 1.00000 0.18199 0.73529 0.26709 0.33333 0.51429 0.17117 0.69048 0.25373 0.71608 1.00000 0.36364 1.00000 1.00000 0.32738 0.23546
3.00000 174.00000 0.61047 0.61538 1.00000 1.00000 0.51054 0.49892 0.62917 1.00000 1.00000 0.18678 0.68235 0.24426 0.33333 0.53714 0.17728 0.70833 0.25630 0.65596 1.00000 0.54545 1.00000 1.00000 0.41071 0.33760
3.00000 175.00000 0.51744 0.76923 1.00000 1.00000 0.49415 0.37013 0.54711 1.00000 1.00000 0.15852 0.72941 0.20899 0.33333 0.66857 0.19817 0.69643 0.22733 0.63737 1.00000 0.45455 1.00000 1.00000 0.34524 0.31756
3.00000 176.00000 0.40698 0.76923 1.00000 1.00000 0.39344 0.51439 0.53261 1.00000 1.00000 0.18103 0.72353 0.22813 0.33333 0.51429 0.17779 0.72024 0.26767 0.72284 1.00000 0.54545 1.00000 1.00000 0.36310 0.43742
3.00000 177.00000 0.44767 0.53846 1.00000 1.00000 0.49180 0.38794 0.64680 1.00000 1.00000 0.14511 0.71176 0.17868 0.33333 0.62857 0.15741 0.70238 0.26856 0.70980 1.00000 0.63636 1.00000 1.00000 0.35119 0.38139
3.00000 178.00000 0.58721 0.84615 1.00000 1.00000 0.40984 0.47798 0.63807 1.00000 1.00000 0.13314 0.74118 0.22605 0.33333 0.54857 0.16454 0.70833 0.22654 0.70232 1.00000 0.63636 1.00000 1.00000 0.28571 0.39132
3.00000 179.00000 0.51744 0.23077 1.00000 1.00000 0.37237 0.58035 0.59189 1.00000 1.00000 0.15900 0.71765 0.27434 0.33333 0.53714 0.18186 0.71429 0.25316 0.61661 1.00000 0.54545 1.00000 1.00000 0.40476 0.22405
3.00000 180.00000 0.61047 0.38462 1.00000 1.00000 0.48712 0.58622 0.55835 1.00000 1.00000 0.15661 0.70588 0.24546 0.33333 0.58857 0.13500 0.73810 0.23697 0.77716 1.00000 0.63636 1.00000 1.00000 0.26190 0.38649
3.00000 181.00000 0.31395 0.76923 1.00000 1.00000 0.55972 0.53494 0.51778 1.00000 1.00000 0.15805 0.70588 0.27273 0.33333 0.68000 0.16505 0.68452 0.25829 0.77257 1.00000 0.54545 1.00000 1.00000 0.33333 0.29595
3.00000 182.00000 0.54651 0.15385 1.00000 1.00000 0.51756 0.58250 0.54587 1.00000 1.00000 0.16379 0.70588 0.24546 0.33333 0.47429 0.16811 0.69048 0.26500 0.75012 1.00000 0.45455 1.00000 1.00000 0.46429 0.34753
3.00000 183.00000 0.39535 0.61538 1.00000 1.00000 0.57845 0.66628 0.58097 1.00000 1.00000 0.18151 0.73529 0.25082 0.33333 0.55429 0.14366 0.68452 0.26468 0.75664 1.00000 0.81818 1.00000 1.00000 0.24405 0.29854
3.00000 184.00000 0.52326 0.69231 1.00000 1.00000 0.55972 0.58896 0.61310 1.00000 1.00000 0.15757 0.70588 0.23104 0.33333 0.58857 0.15741 0.69048 0.25808 0.78030 1.00000 0.45455 1.00000 1.00000 0.30357 0.26338
3.00000 185.00000 0.38372 0.46154 1.00000 1.00000 0.52225 0.60305 0.61622 1.00000 1.00000 0.16858 0.72353 0.25567 0.33333 0.50286 0.16200 0.72024 0.24797 0.85031 1.00000 0.63636 1.00000 1.00000 0.25595 0.31227
3.00000 186.00000 0.48837 0.76923 1.00000 1.00000 0.45199 0.63966 0.63245 1.00000 1.00000 0.13314 0.74118 0.28414 0.33333 0.72571 0.15741 0.69048 0.28627 0.75157 1.00000 0.63636 1.00000 1.00000 0.32143 0.29446
3.00000 187.00000 0.41860 0.69231 1.00000 1.00000 0.47775 0.63476 0.56474 1.00000 1.00000 0.12308 0.75294 0.23945 0.33333 0.57714 0.17320 0.72024 0.26369 0.61927 1.00000 0.63636 1.00000 1.00000 0.35714 0.22136
3.00000 188.00000 0.44767 0.46154 1.00000 1.00000 0.50820 0.49364 0.61232 1.00000 1.00000 0.14895 0.70588 0.28313 0.33333 0.68571 0.19562 0.68452 0.26002 0.81072 1.00000 0.54545 1.00000 1.00000 0.31548 0.27990
3.00000 189.00000 0.31395 0.23077 1.00000 1.00000 0.59016 0.52691 0.55335 1.00000 1.00000 0.15852 0.72353 0.22854 0.33333 0.66286 0.15385 0.69643 0.25986 0.67455 1.00000 0.63636 1.00000 1.00000 0.23214 0.29817
3.00000 190.00000 0.62209 0.84615 1.00000 1.00000 0.51288 0.51537 0.59922 1.00000 1.00000 0.16571 0.71765 0.27698 0.33333 0.57714 0.14366 0.72024 0.24991 0.81072 1.00000 0.45455 1.00000 1.00000 0.42262 0.39800
3.00000 191.00000 0.61047 0.23077 1.00000 1.00000 0.46604 0.58426 0.53510 1.00000 1.00000 0.12692 0.75294 0.25701 0.33333 0.58286 0.13805 0.74405 0.28794 0.72574 1.00000 0.63636 1.00000 1.00000 0.14881 0.30244
3.00000 192.00000 0.41860 0.15385 1.00000 1.00000 0.49180 0.65590 0.63541 1.00000 1.00000 0.15709 0.74118 0.27425 0.33333 0.64000 0.17117 0.72619 0.26133 0.76895 1.00000 0.54545 1.00000 1.00000 0.26190 0.37842
3.00000 193.00000 0.56977 0.69231 1.00000 1.00000 0.50820 0.57056 0.65632 1.00000 1.00000 0.15421 0.72941 0.25798 0.33333 0.70857 0.15487 0.69643 0.26589 0.74143 1.00000 0.63636 1.00000 1.00000 0.31548 0.26190
3.00000 194.00000 0.54651 0.69231 1.00000 1.00000 0.64403 0.58798 0.66474 1.00000 1.00000 0.16571 0.71765 0.28627 0.33333 0.59429 0.18085 0.72619 0.28360 0.83269 1.00000 0.54545 1.00000 1.00000 0.29167 0.22859
3.00000 195.00000 0.43605 0.84615 1.00000 1.00000 0.66276 0.67998 0.68050 1.00000 1.00000 0.15230 0.70000 0.26469 0.33333 0.68000 0.16200 0.74405 0.28035 0.83124 1.00000 0.63636 1.00000 1.00000 0.25595 0.25058
3.00000 196.00000 0.54070 0.30769 1.00000 1.00000 0.56440 0.49716 0.58752 1.00000 1.00000 0.14847 0.75882 0.27532 0.33333 0.65143 0.15334 0.73214 0.25892 0.82834 1.00000 0.54545 1.00000 1.00000 0.29167 0.24316
3.00000 197.00000 0.34884 0.69231 1.00000 1.00000 0.64169 0.60912 0.50967 1.00000 1.00000 0.14128 0.74706 0.29135 0.33333 0.74286 0.16658 0.73214 0.29690 0.72791 1.00000 0.54545 1.00000 1.00000 0.27976 0.28927
3.00000 198.00000 0.67442 0.69231 1.00000 1.00000 0.52225 0.65238 0.78970 1.00000 1.00000 0.13314 0.74706 0.30956 0.33333 0.54857 0.15028 0.73810 0.26028 0.86432 1.00000 0.54545 1.00000 1.00000 0.41667 0.28379
3.00000 199.00000 0.64535 0.92308 1.00000 1.00000 0.58782 0.72206 0.72746 1.00000 1.00000 0.12213 0.72941 0.27481 0.33333 0.71429 0.13958 0.70833 0.26589 0.81362 1.00000 0.54545 1.00000 1.00000 0.25595 0.21570
3.00000 200.00000 0.63953 0.76923 1.00000 1.00000 0.64871 0.60247 0.77223 1.00000 1.00000 0.13362 0.74118 0.31414 0.33333 0.79429 0.16302 0.70238 0.28705 0.72984 1.00000 0.63636 1.00000 1.00000 0.31548 0.31812
3.00000 201.00000 0.38953 0.76923 1.00000 1.00000 0.69087 0.65081 0.73791 1.00000 1.00000 0.11063 0.73529 0.30258 0.33333 0.66286 0.14926 0.73810 0.31367 0.76750 1.00000 0.63636 1.00000 1.00000 0.19643 0.22442
3.00000 202.00000 0.38953 0.46154 1.00000 1.00000 0.58314 0.64729 0.62964 1.00000 1.00000 0.13458 0.72941 0.26339 0.33333 0.65143 0.14366 0.70833 0.28590 0.77451 1.00000 0.72727 1.00000 1.00000 0.23214 0.36358
3.00000 203.00000 0.45930 0.53846 1.00000 1.00000 0.51756 0.64259 0.71856 1.00000 1.00000 0.13937 0.73529 0.30305 0.33333 0.61714 0.13041 0.73214 0.30162 0.79768 1.00000 0.54545 1.00000 1.00000 0.30952 0.28286
3.00000 204.00000 0.77326 0.69231 1.00000 1.00000 0.59719 0.70366 0.65351 1.00000 1.00000 0.16715 0.74118 0.29556 0.33333 0.56000 0.18441 0.71429 0.29779 0.87470 1.00000 0.72727 1.00000 1.00000 0.25000 0.28379
3.00000 205.00000 0.43605 0.61538 1.00000 1.00000 0.72131 0.63457 0.71030 1.00000 1.00000 0.13793 0.72941 0.31950 0.33333 0.66857 0.14926 0.75000 0.28124 0.79213 1.00000 0.72727 1.00000 1.00000 0.18452 0.25503
3.00000 206.00000 0.53488 0.30769 1.00000 1.00000 0.66979 0.65120 0.79828 1.00000 1.00000 0.12787 0.75294 0.23645 0.33333 0.68000 0.10239 0.72619 0.27668 0.83100 1.00000 0.54545 1.00000 1.00000 0.12500 0.20521
3.00000 207.00000 0.77907 0.69231 1.00000 1.00000 0.52225 0.78274 0.64509 1.00000 1.00000 0.09579 0.75882 0.29607 0.33333 0.68000 0.12124 0.74405 0.26783 0.89763 1.00000 0.54545 1.00000 1.00000 0.19048 0.20429
3.00000 208.00000 0.59302 0.61538 1.00000 1.00000 0.61593 0.67117 0.68378 1.00000 1.00000 0.11877 0.78824 0.30263 0.33333 0.84000 0.12481 0.75000 0.30324 0.85369 1.00000 0.72727 1.00000 1.00000 0.29762 0.24910
3.00000 209.00000 0.40116 0.53846 1.00000 1.00000 0.52459 0.68154 0.73120 1.00000 1.00000 0.12787 0.76471 0.30947 0.33333 0.68000 0.13704 0.79167 0.28868 0.83245 1.00000 0.63636 1.00000 1.00000 0.09524 0.32396
3.00000 210.00000 0.39535 0.30769 1.00000 1.00000 0.71429 0.72871 0.74524 1.00000 1.00000 0.11782 0.75882 0.31677 0.33333 0.69143 0.12685 0.74405 0.30508 0.88822 1.00000 0.72727 1.00000 1.00000 0.20833 0.22655
3.00000 211.00000 0.61047 0.46154 1.00000 1.00000 0.59953 0.77256 0.84992 1.00000 1.00000 0.13314 0.75294 0.32329 0.33333 0.80571 0.12226 0.77381 0.32137 0.86818 1.00000 0.63636 1.00000 1.00000 0.27976 0.18081
3.00000 212.00000 0.51744 0.46154 1.00000 1.00000 0.51991 0.56547 0.73495 1.00000 1.00000 0.11398 0.75294 0.33031 0.33333 0.78857 0.14773 0.76786 0.30722 0.80155 1.00000 0.63636 1.00000 1.00000 0.13690 0.15335
3.00000 213.00000 0.35465 0.38462 1.00000 1.00000 0.56674 0.57820 0.69906 1.00000 1.00000 0.10393 0.74706 0.37075 0.33333 0.82857 0.14417 0.76190 0.33971 0.80444 1.00000 0.63636 1.00000 1.00000 0.15476 0.18954
3.00000 214.00000 0.23256 0.15385 1.00000 1.00000 0.60422 0.58250 0.77098 1.00000 1.00000 0.11446 0.75882 0.33008 0.33333 0.75429 0.14671 0.76786 0.30450 0.77692 1.00000 0.90909 1.00000 1.00000 0.22619 0.19724
3.00000 215.00000 0.76163 0.61538 1.00000 1.00000 0.63700 0.56841 0.77473 1.00000 1.00000 0.11351 0.78824 0.32541 0.33333 0.70857 0.11411 0.77381 0.32048 0.83704 1.00000 0.72727 1.00000 1.00000 0.22619 0.29493
3.00000 216.00000 0.39535 0.23077 1.00000 1.00000 0.61124 0.69348 0.74821 1.00000 1.00000 0.12021 0.76471 0.33503 0.33333 0.81714 0.13092 0.75595 0.30649 0.73901 1.00000 0.72727 1.00000 1.00000 0.16071 0.28166
3.00000 217.00000 0.57558 0.76923 1.00000 1.00000 0.54333 0.63202 0.76724 1.00000 1.00000 0.09626 0.78235 0.36109 0.33333 0.85143 0.12583 0.75595 0.31163 0.79623 1.00000 0.72727 1.00000 1.00000 0.31548 0.21987
3.00000 218.00000 0.36628 0.76923 1.00000 1.00000 0.74707 0.73968 0.84743 1.00000 1.00000 0.11446 0.79412 0.32981 0.33333 0.81143 0.10138 0.80357 0.30476 0.88194 1.00000 0.72727 1.00000 1.00000 0.11310 0.18517
3.00000 219.00000 0.45349 0.46154 1.00000 1.00000 0.62763 0.66373 0.84524 1.00000 1.00000 0.08669 0.77059 0.31344 0.33333 0.78286 0.09985 0.79167 0.32210 0.81265 1.00000 0.81818 1.00000 1.00000 0.08333 0.21709
3.00000 220.00000 0.52326 0.46154 1.00000 1.00000 0.66276 0.81640 0.81654 1.00000 1.00000 0.11111 0.80588 0.35467 0.33333 0.88000 0.08813 0.76786 0.33106 0.94858 1.00000 0.63636 1.00000 1.00000 0.09524 0.19686
3.00000 221.00000 0.55814 0.84615 1.00000 1.00000 0.73302 0.67293 0.86474 1.00000 1.00000 0.06418 0.78235 0.32671 0.33333 0.80000 0.11309 0.75000 0.30371 0.81072 1.00000 0.72727 1.00000 1.00000 0.14286 0.22757
3.00000 222.00000 0.41279 0.30769 1.00000 1.00000 0.79391 0.66451 0.73557 1.00000 1.00000 0.06657 0.76471 0.32389 0.33333 0.72000 0.12583 0.73810 0.33311 0.83462 1.00000 0.72727 1.00000 1.00000 0.11905 0.22340
