188.00000 1.00000 0.99990 0.99762 1.00000 0.00000 0.13001 0.28409 0.22871 0.00000 0.00000 0.00561 0.62759 0.27899 0.24324 0.46498 0.00370 0.99341 0.58009 0.36998 0.00000 0.29167 0.62791 1.00000 0.01303 0.02076
188.00000 2.00000 0.00002 0.00214 1.00000 1.00000 0.97798 0.94395 0.91092 1.00000 1.00000 0.99590 0.99913 0.87153 1.00000 0.89495 0.99820 0.99322 0.69546 0.01823 1.00000 0.91667 1.00000 1.00000 0.98834 0.98666
188.00000 3.00000 0.59515 0.73872 0.00000 0.23809 0.00862 0.02238 0.04041 0.29318 0.20881 0.09019 0.00137 0.02224 0.02703 0.03176 0.09081 0.00190 0.06410 0.93618 0.00000 0.05208 0.00000 0.00000 0.14540 0.14571
188.00000 4.00000 0.00004 0.00000 1.00000 1.00000 0.98202 0.93290 0.90317 1.00000 1.00000 0.99654 0.99930 0.87408 1.00000 0.89821 0.99713 0.99341 0.69665 0.02951 1.00000 0.93750 1.00000 1.00000 0.98868 0.99409
188.00000 5.00000 0.23819 0.29893 1.00000 0.59794 0.63153 0.69330 0.68481 0.61718 0.61509 0.61505 0.85332 0.65209 0.89189 0.74430 0.61486 0.99339 0.69565 0.10329 1.00000 0.68750 0.85412 1.00000 0.63066 0.64335
188.00000 6.00000 0.47622 0.83147 1.00000 0.62699 0.65593 0.66014 0.52039 0.50794 0.49937 0.47267 0.86400 0.60806 0.40541 0.64088 0.47201 0.99350 0.50614 0.32817 0.00000 0.64583 0.86469 1.00000 0.49588 0.49786
188.00000 7.00000 0.23814 0.29691 1.00000 0.59794 0.63639 0.69099 0.66733 0.61718 0.61509 0.61694 0.85332 0.64426 0.89189 0.73616 0.61550 0.99344 0.66652 0.11109 1.00000 0.67708 0.85412 1.00000 0.62723 0.63550
188.00000 8.00000 0.23806 0.29703 1.00000 0.59794 0.63070 0.67989 0.68700 0.61718 0.61509 0.61739 0.85319 0.65002 0.89189 0.73453 0.61562 0.99352 0.68599 0.11248 1.00000 0.68750 0.85412 1.00000 0.63272 0.63061
188.00000 9.00000 0.59530 0.73634 0.00000 0.23809 0.01119 0.04746 0.06147 0.29318 0.20881 0.09274 0.00137 0.02770 0.02703 0.03094 0.09121 0.00193 0.06919 0.93735 0.00000 0.04167 0.00000 0.00000 0.14198 0.14664
188.00000 10.00000 0.99991 0.99762 1.00000 0.00000 0.12304 0.29118 0.23959 0.00000 0.00000 0.00501 0.62747 0.27478 0.24324 0.47313 0.00228 0.99330 0.57371 0.37449 0.00000 0.29167 0.62791 1.00000 0.01578 0.01907
188.00000 11.00000 0.83329 0.99846 1.00000 0.06027 0.18525 0.34016 0.23280 0.14659 0.14403 0.13744 0.65094 0.30146 0.24324 0.44951 0.13720 0.99352 0.52513 0.35556 0.00000 0.31250 0.65116 1.00000 0.16084 0.16066
188.00000 12.00000 0.00006 0.00083 1.00000 1.00000 0.97725 0.93073 0.88702 1.00000 1.00000 0.99632 0.99930 0.86999 1.00000 0.91124 0.99627 0.99311 0.68558 0.02354 1.00000 0.92708 1.00000 1.00000 0.99520 0.98400
188.00000 13.00000 0.47621 0.83302 1.00000 0.62699 0.65474 0.64283 0.52705 0.50794 0.49937 0.47516 0.86405 0.60750 0.40541 0.64577 0.47148 0.99336 0.50931 0.32169 0.00000 0.65625 0.86469 1.00000 0.49348 0.49307
188.00000 14.00000 0.23805 0.29691 1.00000 0.59794 0.63529 0.69427 0.68264 0.61718 0.61509 0.61582 0.85317 0.64422 0.89189 0.73779 0.61664 0.99330 0.67537 0.11951 1.00000 0.66667 0.85412 1.00000 0.62860 0.63318
188.00000 15.00000 0.99980 0.99762 1.00000 0.00000 0.12185 0.28571 0.22409 0.00000 0.00063 0.00475 0.62757 0.27508 0.24324 0.45928 0.00365 0.99358 0.57983 0.37321 0.00000 0.27083 0.62791 1.00000 0.02503 0.02271
188.00000 16.00000 0.00000 0.00000 1.00000 1.00000 0.98422 0.92093 0.91000 1.00000 1.00000 0.99625 0.99920 0.87835 1.00000 0.89251 0.99653 0.99328 0.70596 0.02999 1.00000 0.92708 1.00000 1.00000 0.98697 0.98972
188.00000 17.00000 0.99992 0.99846 1.00000 0.00000 0.12304 0.29996 0.23027 0.00000 0.00063 0.00532 0.62753 0.27631 0.24324 0.47720 0.00535 0.99336 0.58312 0.36387 0.00000 0.29167 0.62791 1.00000 0.01337 0.02020
188.00000 18.00000 0.23815 0.29691 1.00000 0.59794 0.63171 0.68704 0.67597 0.61718 0.61509 0.61525 0.85330 0.64423 0.89189 0.73534 0.61547 0.99330 0.67354 0.10252 1.00000 0.69792 0.85412 1.00000 0.62997 0.63169
188.00000 19.00000 0.83319 0.99774 1.00000 0.06027 0.17736 0.32044 0.23321 0.14659 0.14403 0.13720 0.65071 0.29433 0.24324 0.44625 0.13765 0.99347 0.53030 0.35475 0.00000 0.30208 0.65116 1.00000 0.16289 0.16578
188.00000 20.00000 0.23808 0.29798 1.00000 0.59794 0.63263 0.68899 0.67785 0.61718 0.61509 0.61482 0.85334 0.64153 0.89189 0.72394 0.61573 0.99333 0.68368 0.11061 1.00000 0.66667 0.85412 1.00000 0.62894 0.63121
188.00000 21.00000 0.00006 0.00000 1.00000 1.00000 0.97587 0.92364 0.92004 1.00000 1.00000 0.99446 0.99920 0.87929 1.00000 0.89739 0.99731 0.99344 0.68170 0.02589 1.00000 0.94792 1.00000 1.00000 0.98765 0.98701
188.00000 22.00000 0.99996 0.99834 1.00000 0.00000 0.12964 0.30519 0.23374 0.00000 0.00063 0.00461 0.62759 0.27651 0.24324 0.46743 0.00350 0.99358 0.57562 0.35259 0.00000 0.28125 0.62791 1.00000 0.01132 0.02506
188.00000 23.00000 0.99977 0.99762 1.00000 0.00000 0.12469 0.29511 0.22975 0.00000 0.00000 0.00360 0.62753 0.26990 0.24324 0.45521 0.00393 0.99328 0.56714 0.35651 0.00000 0.28125 0.62791 1.00000 0.01543 0.02155
188.00000 24.00000 0.00001 0.00000 1.00000 1.00000 0.98147 0.94788 0.90480 1.00000 1.00000 0.99554 0.99922 0.87034 1.00000 0.90472 0.99693 0.99333 0.69458 0.03138 1.00000 0.92708 1.00000 1.00000 0.98560 0.99337
188.00000 25.00000 0.47616 0.83361 1.00000 0.62699 0.65859 0.64510 0.53338 0.50794 0.49937 0.47446 0.86392 0.59472 0.40541 0.65472 0.47252 0.99330 0.52580 0.30939 0.00000 0.63542 0.86469 1.00000 0.49520 0.49832
188.00000 26.00000 0.59509 0.73860 0.00000 0.23809 0.00688 0.04854 0.03240 0.29318 0.20818 0.09386 0.00131 0.01687 0.02703 0.03583 0.09098 0.00182 0.07043 0.93552 0.00000 0.05208 0.00000 0.00000 0.14918 0.14423
188.00000 27.00000 0.23815 0.29822 1.00000 0.59794 0.63373 0.68920 0.67713 0.61718 0.61509 0.61620 0.85326 0.64996 0.89189 0.73779 0.61601 0.99336 0.66940 0.12185 1.00000 0.68750 0.85412 1.00000 0.63409 0.63202
188.00000 28.00000 0.23819 0.29822 1.00000 0.59794 0.63263 0.68270 0.68943 0.61718 0.61509 0.61582 0.85317 0.64400 0.89189 0.73127 0.61552 0.99347 0.67930 0.09794 1.00000 0.68750 0.85412 1.00000 0.63032 0.63330
188.00000 29.00000 0.83318 0.99762 1.00000 0.06027 0.17901 0.33493 0.25892 0.14659 0.14403 0.13878 0.65069 0.29593 0.24324 0.45847 0.13717 0.99336 0.53732 0.35830 0.00000 0.32292 0.65116 1.00000 0.16461 0.16760
188.00000 30.00000 0.99984 0.99941 1.00000 0.00000 0.12230 0.28818 0.23899 0.00000 0.00063 0.00484 0.62749 0.27486 0.24324 0.46336 0.00424 0.99333 0.57012 0.36544 0.00000 0.29167 0.62791 1.00000 0.01029 0.02559
188.00000 31.00000 0.99994 0.99762 1.00000 0.00000 0.12671 0.29432 0.22710 0.00000 0.00063 0.00394 0.62747 0.27315 0.24324 0.47801 0.00375 0.99336 0.57921 0.37668 0.00000 0.28125 0.62791 1.00000 0.01372 0.02114
188.00000 32.00000 0.99999 0.99762 1.00000 0.00000 0.13231 0.30107 0.22298 0.00000 0.00000 0.00368 0.62740 0.27590 0.24324 0.48453 0.00398 0.99328 0.57778 0.37361 0.00000 0.31250 0.62791 1.00000 0.01406 0.01799
188.00000 33.00000 0.23803 0.29786 1.00000 0.59794 0.63254 0.68706 0.67511 0.61718 0.61509 0.61630 0.85332 0.65101 0.89189 0.74430 0.61656 0.99333 0.68441 0.09662 1.00000 0.67708 0.85412 1.00000 0.63203 0.63862
188.00000 34.00000 1.00000 0.99822 1.00000 0.00000 0.12919 0.28926 0.22065 0.00000 0.00000 0.00453 0.62751 0.27402 0.24324 0.46010 0.00388 0.99314 0.56574 0.36398 0.00000 0.28125 0.62791 1.00000 0.01132 0.02371
188.00000 35.00000 0.99998 0.99762 1.00000 0.00000 0.13010 0.29852 0.23853 0.00000 0.00063 0.00434 0.62755 0.27465 0.24324 0.47068 0.00375 0.99325 0.57190 0.38013 0.00000 0.27083 0.62791 1.00000 0.01578 0.01320
188.00000 36.00000 0.23810 0.29691 1.00000 0.59794 0.63006 0.68804 0.68209 0.61718 0.61509 0.61491 0.85326 0.64606 0.89189 0.74837 0.61644 0.99350 0.67439 0.09908 1.00000 0.67708 0.85412 1.00000 0.63477 0.63656
188.00000 37.00000 0.00001 0.00000 1.00000 1.00000 0.98275 0.93369 0.89939 1.00000 1.00000 0.99613 0.99932 0.87140 1.00000 0.91124 0.99693 0.99336 0.69136 0.02695 1.00000 0.94792 1.00000 1.00000 0.98834 0.98404
188.00000 38.00000 0.99996 0.99762 1.00000 0.00000 0.12946 0.28083 0.23367 0.00000 0.00063 0.00537 0.62755 0.28047 0.24324 0.46987 0.00401 0.99330 0.56407 0.36306 0.00000 0.28125 0.62791 1.00000 0.01509 0.02211
188.00000 39.00000 0.59515 0.73753 0.00000 0.23809 0.00514 0.04453 0.06092 0.29318 0.20881 0.09243 0.00118 0.02144 0.02703 0.04153 0.09159 0.00187 0.07295 0.93435 0.00000 0.05208 0.00000 0.00000 0.14095 0.15184
188.00000 40.00000 0.00002 0.00000 1.00000 1.00000 0.97743 0.93304 0.91470 1.00000 1.00000 0.99668 0.99926 0.87225 1.00000 0.91287 0.99508 0.99333 0.71114 0.02845 1.00000 0.93750 1.00000 1.00000 0.98868 0.98999
188.00000 41.00000 0.00003 0.00095 1.00000 1.00000 0.98367 0.92307 0.93682 1.00000 1.00000 0.99616 0.99926 0.87615 1.00000 0.90879 0.99665 0.99322 0.69574 0.04229 1.00000 0.92708 1.00000 1.00000 0.99211 0.98929
188.00000 42.00000 0.00005 0.00166 1.00000 1.00000 0.97825 0.92754 0.90661 1.00000 1.00000 0.99671 0.99928 0.86951 1.00000 0.90065 0.99602 0.99347 0.68865 0.03068 1.00000 0.92708 1.00000 1.00000 0.98251 0.98625
188.00000 43.00000 0.47611 0.83278 1.00000 0.62699 0.65648 0.64787 0.55050 0.50794 0.50000 0.47227 0.86400 0.59955 0.40541 0.66042 0.47102 0.99352 0.50497 0.32326 0.00000 0.63542 0.86469 1.00000 0.49143 0.49342
188.00000 44.00000 0.83322 0.99774 1.00000 0.06027 0.18112 0.32434 0.22291 0.14659 0.14403 0.13799 0.65088 0.29923 0.24324 0.45684 0.13791 0.99352 0.52704 0.36424 0.00000 0.30208 0.65116 1.00000 0.15981 0.16384
188.00000 45.00000 0.99979 0.99762 1.00000 0.00000 0.12469 0.28205 0.22267 0.00000 0.00063 0.00442 0.62761 0.26955 0.24324 0.46091 0.00439 0.99339 0.57640 0.36647 0.00000 0.28125 0.62791 1.00000 0.01886 0.01789
188.00000 46.00000 0.59514 0.73634 0.00000 0.23809 0.01184 0.03104 0.04908 0.29318 0.20881 0.09307 0.00135 0.02504 0.02703 0.02524 0.09002 0.00182 0.06955 0.92758 0.00000 0.04167 0.00000 0.00000 0.13683 0.14855
188.00000 47.00000 0.23815 0.29691 1.00000 0.59794 0.63024 0.69205 0.66972 0.61718 0.61509 0.61510 0.85332 0.64687 0.89189 0.75081 0.61573 0.99330 0.68203 0.11797 1.00000 0.69792 0.85412 1.00000 0.63374 0.63162
188.00000 48.00000 0.23817 0.29691 1.00000 0.59794 0.63208 0.69728 0.66680 0.61718 0.61509 0.61601 0.85326 0.64939 0.89189 0.74511 0.61537 0.99344 0.67439 0.11321 1.00000 0.68750 0.85412 1.00000 0.62860 0.63663
188.00000 49.00000 0.99995 0.99762 1.00000 0.00000 0.13001 0.28468 0.23687 0.00000 0.00063 0.00496 0.62757 0.27238 0.24324 0.45928 0.00249 0.99352 0.58228 0.37972 0.00000 0.28125 0.62791 1.00000 0.01337 0.02051
188.00000 50.00000 0.00006 0.00000 1.00000 1.00000 0.97844 0.94141 0.91152 1.00000 1.00000 0.99635 0.99916 0.87427 1.00000 0.90879 0.99708 0.99333 0.69234 0.03112 1.00000 0.92708 1.00000 1.00000 0.98457 0.98972
188.00000 51.00000 0.23801 0.29715 1.00000 0.59794 0.63098 0.68075 0.69333 0.61718 0.61509 0.61613 0.85328 0.64329 0.89189 0.73860 0.61557 0.99352 0.67899 0.10003 1.00000 0.69792 0.85412 1.00000 0.63169 0.63325
188.00000 52.00000 0.23823 0.29691 1.00000 0.59794 0.63235 0.68571 0.66416 0.61718 0.61509 0.61470 0.85328 0.64400 0.89189 0.74593 0.61519 0.99344 0.68734 0.10750 1.00000 0.68750 0.85412 1.00000 0.63409 0.63584
188.00000 53.00000 0.83320 0.99762 1.00000 0.06027 0.18846 0.32683 0.24575 0.14659 0.14403 0.13730 0.65086 0.29641 0.24324 0.45277 0.13672 0.99355 0.52547 0.35354 0.00000 0.31250 0.65116 1.00000 0.16049 0.16928
188.00000 54.00000 0.99994 0.99905 1.00000 0.00000 0.12799 0.29489 0.23983 0.00000 0.00063 0.00370 0.62744 0.27736 0.24324 0.48453 0.00325 0.99336 0.57712 0.36808 0.00000 0.28125 0.62791 1.00000 0.02332 0.02174
188.00000 55.00000 0.59527 0.73812 0.00000 0.23809 0.00844 0.06553 0.06005 0.29318 0.20881 0.09336 0.00129 0.02295 0.02703 0.04967 0.08979 0.00185 0.06886 0.94193 0.00000 0.03125 0.00000 0.00000 0.14266 0.14677
188.00000 56.00000 0.00006 0.00226 1.00000 1.00000 0.98000 0.93336 0.90690 1.00000 1.00000 0.99592 0.99922 0.87358 1.00000 0.90147 0.99566 0.99322 0.69698 0.03438 1.00000 0.93750 1.00000 1.00000 0.98285 0.98117
188.00000 57.00000 0.99986 0.99762 1.00000 0.00000 0.13010 0.28845 0.23583 0.00000 0.00063 0.00418 0.62749 0.27677 0.24324 0.47720 0.00484 0.99325 0.56841 0.37302 0.00000 0.28125 0.62791 1.00000 0.01372 0.02164
188.00000 58.00000 0.59514 0.73729 0.00000 0.23809 0.00844 0.04854 0.06097 0.29318 0.20818 0.09229 0.00141 0.02425 0.02703 0.03664 0.08989 0.00171 0.07002 0.94420 0.00000 0.05208 0.00000 0.00000 0.14575 0.14206
188.00000 59.00000 0.99995 0.99762 1.00000 0.00000 0.12698 0.29923 0.22739 0.00000 0.00000 0.00401 0.62755 0.27773 0.24324 0.47883 0.00474 0.99355 0.56165 0.38148 0.00000 0.29167 0.62791 1.00000 0.01063 0.02574
188.00000 60.00000 0.99990 0.99964 1.00000 0.00000 0.12708 0.30299 0.22799 0.00000 0.00063 0.00396 0.62759 0.27095 0.24324 0.46173 0.00388 0.99341 0.57590 0.36259 0.00000 0.30208 0.62791 1.00000 0.01509 0.02659
188.00000 61.00000 0.59522 0.73634 0.00000 0.23809 0.01193 0.05570 0.05550 0.29318 0.20881 0.09143 0.00135 0.01955 0.02703 0.04153 0.09037 0.00190 0.07005 0.93366 0.00000 0.04167 0.00000 0.00000 0.13683 0.14987
188.00000 62.00000 0.00006 0.00000 1.00000 1.00000 0.97706 0.94734 0.91917 1.00000 1.00000 0.99613 0.99926 0.87180 1.00000 0.91612 0.99526 0.99325 0.70008 0.02179 1.00000 0.93750 1.00000 1.00000 0.97977 0.99221
188.00000 63.00000 0.99991 0.99762 1.00000 0.00000 0.12799 0.29980 0.24647 0.00000 0.00063 0.00453 0.62751 0.27780 0.24324 0.45521 0.00330 0.99355 0.57167 0.37994 0.00000 0.28125 0.62791 1.00000 0.01543 0.01728
188.00000 64.00000 0.47608 0.83135 1.00000 0.62699 0.65731 0.63795 0.54313 0.50794 0.49937 0.47191 0.86407 0.61297 0.37838 0.65961 0.47254 0.99355 0.52023 0.31887 0.00000 0.64583 0.86469 1.00000 0.48937 0.49302
188.00000 65.00000 0.59509 0.73634 0.00000 0.23809 0.01165 0.04351 0.05045 0.29318 0.20818 0.09360 0.00144 0.01789 0.02703 0.04153 0.08946 0.00196 0.07907 0.92586 0.00000 0.04167 0.00000 0.00000 0.13889 0.14613
188.00000 66.00000 0.23811 0.29691 1.00000 0.59794 0.63648 0.66260 0.68789 0.61718 0.61509 0.61575 0.85322 0.64317 0.89189 0.74593 0.61606 0.99328 0.66892 0.10721 1.00000 0.69792 0.85412 1.00000 0.63580 0.63576
188.00000 67.00000 0.00005 0.00143 1.00000 1.00000 0.97367 0.91724 0.90201 1.00000 0.99937 0.99556 0.99920 0.87409 1.00000 0.91857 0.99589 0.99336 0.70086 0.02819 1.00000 0.92708 1.00000 1.00000 0.98800 0.98481
188.00000 68.00000 0.47612 0.83135 1.00000 0.62699 0.65823 0.66030 0.53490 0.50794 0.49937 0.47482 0.86405 0.60047 0.40541 0.66775 0.47011 0.99333 0.52554 0.32341 0.00000 0.63542 0.86469 1.00000 0.49143 0.49619
188.00000 69.00000 0.59514 0.73634 0.00000 0.23809 0.00908 0.04573 0.05738 0.29318 0.20881 0.09398 0.00133 0.01623 0.02703 0.03176 0.09116 0.00179 0.05589 0.93007 0.00000 0.04167 0.00000 0.00000 0.14026 0.14211
188.00000 70.00000 0.47626 0.83135 1.00000 0.62699 0.66300 0.64088 0.52992 0.50794 0.49937 0.47263 0.86400 0.61054 0.40541 0.65391 0.47247 0.99344 0.51466 0.31140 0.00000 0.64583 0.86469 1.00000 0.49348 0.49940
188.00000 71.00000 0.00006 0.00000 1.00000 1.00000 0.97991 0.95243 0.92579 1.00000 1.00000 0.99606 0.99932 0.87878 1.00000 0.89902 0.99523 0.99361 0.68044 0.03043 1.00000 0.91667 1.00000 1.00000 0.98525 0.97960
188.00000 72.00000 0.00007 0.00190 1.00000 1.00000 0.98523 0.93986 0.92069 1.00000 1.00000 0.99243 0.99928 0.87344 1.00000 0.91938 0.99538 0.99339 0.69479 0.02025 1.00000 0.93750 1.00000 1.00000 0.98765 0.99013
188.00000 73.00000 0.83318 0.99988 1.00000 0.06027 0.18873 0.32716 0.25699 0.14659 0.14403 0.13677 0.65094 0.30228 0.24324 0.46010 0.13654 0.99358 0.53437 0.36054 0.00000 0.31250 0.65116 1.00000 0.16221 0.16652
188.00000 74.00000 0.47627 0.83314 1.00000 0.62699 0.65584 0.65843 0.54227 0.50794 0.49937 0.47213 0.86411 0.60447 0.40541 0.65961 0.47130 0.99344 0.51528 0.31151 0.00000 0.63542 0.86469 1.00000 0.49246 0.49809
188.00000 75.00000 0.00003 0.00000 1.00000 1.00000 0.98321 0.94669 0.92445 1.00000 1.00000 0.99470 0.99945 0.87624 1.00000 0.91124 0.99480 0.99330 0.69924 0.04071 1.00000 0.94792 1.00000 1.00000 0.98765 0.98689
188.00000 76.00000 0.00006 0.00000 1.00000 1.00000 0.98431 0.95322 0.92654 1.00000 1.00000 0.99453 0.99939 0.86960 1.00000 0.91042 0.99536 0.99336 0.68710 0.02395 1.00000 0.94792 1.00000 1.00000 0.98457 0.98308
188.00000 77.00000 0.99991 0.99786 1.00000 0.00000 0.12405 0.30833 0.25175 0.00000 0.00063 0.00310 0.62759 0.27234 0.24324 0.47964 0.00401 0.99339 0.57238 0.37566 0.00000 0.29167 0.62791 1.00000 0.01783 0.02081
188.00000 78.00000 0.99985 0.99929 1.00000 0.00000 0.13020 0.29376 0.23863 0.00000 0.00000 0.00260 0.62755 0.27154 0.24324 0.47801 0.00419 0.99328 0.57371 0.38822 0.00000 0.27083 0.62791 1.00000 0.01132 0.01614
188.00000 79.00000 0.83334 0.99762 1.00000 0.06027 0.18809 0.31971 0.23798 0.14659 0.14403 0.13732 0.65075 0.30118 0.24324 0.45684 0.13626 0.99377 0.53568 0.35611 0.00000 0.32292 0.65116 1.00000 0.15775 0.16518
188.00000 80.00000 0.47609 0.83290 1.00000 0.62699 0.66070 0.64559 0.53907 0.50794 0.50000 0.47134 0.86407 0.60439 0.37838 0.66450 0.47173 0.99350 0.50990 0.32239 0.00000 0.64583 0.86469 1.00000 0.48731 0.49036
188.00000 81.00000 0.23805 0.29691 1.00000 0.59794 0.63455 0.68660 0.68815 0.61718 0.61509 0.61632 0.85332 0.65569 0.89189 0.73290 0.61491 0.99361 0.68477 0.12731 1.00000 0.68750 0.85412 1.00000 0.63340 0.63383
188.00000 82.00000 0.23801 0.29893 1.00000 0.59794 0.63666 0.69747 0.67768 0.61718 0.61509 0.61474 0.85328 0.64787 0.89189 0.74511 0.61497 0.99347 0.66768 0.10768 1.00000 0.67708 0.85412 1.00000 0.63066 0.63116
188.00000 83.00000 0.00001 0.00000 1.00000 1.00000 0.98082 0.93992 0.91277 1.00000 1.00000 0.99413 0.99945 0.87614 1.00000 0.91124 0.99569 0.99341 0.68653 0.04306 1.00000 0.93750 1.00000 1.00000 0.98251 0.98960
188.00000 84.00000 0.59522 0.73634 0.00000 0.23809 0.01349 0.05380 0.05825 0.29318 0.20881 0.09288 0.00135 0.02793 0.02703 0.05782 0.08878 0.00196 0.06369 0.92205 0.00000 0.05208 0.00000 0.00000 0.14403 0.14455
188.00000 85.00000 0.59514 0.73634 0.00000 0.23809 0.01129 0.03885 0.08359 0.29318 0.20818 0.09183 0.00131 0.02293 0.02703 0.05212 0.09012 0.00182 0.06053 0.93106 0.00000 0.03125 0.00000 0.00000 0.14369 0.15218
188.00000 86.00000 0.23805 0.29834 1.00000 0.59794 0.63850 0.68994 0.67277 0.61718 0.61509 0.61637 0.85326 0.64709 0.89189 0.75244 0.61408 0.99336 0.68004 0.11914 1.00000 0.67708 0.85412 1.00000 0.62689 0.63259
188.00000 87.00000 0.23820 0.29846 1.00000 0.59794 0.63611 0.70402 0.68442 0.61718 0.61509 0.61491 0.85324 0.64695 0.89189 0.73860 0.61471 0.99358 0.68092 0.12053 1.00000 0.69792 0.85412 1.00000 0.62689 0.63557
188.00000 88.00000 0.99981 0.99762 1.00000 0.00000 0.12597 0.30186 0.25526 0.00000 0.00063 0.00387 0.62742 0.27295 0.24324 0.47801 0.00340 0.99317 0.56860 0.38306 0.00000 0.31250 0.62791 1.00000 0.01955 0.01552
188.00000 89.00000 0.99977 0.99762 1.00000 0.00000 0.12891 0.30494 0.25569 0.00000 0.00063 0.00410 0.62757 0.27890 0.24324 0.48697 0.00312 0.99319 0.57002 0.37676 0.00000 0.28125 0.62791 1.00000 0.00480 0.01627
188.00000 90.00000 0.83313 0.99786 1.00000 0.06027 0.18231 0.33620 0.24840 0.14659 0.14403 0.13882 0.65088 0.29407 0.24324 0.46091 0.13725 0.99358 0.54389 0.38880 0.00000 0.33333 0.65116 1.00000 0.15947 0.16202
188.00000 91.00000 0.99998 0.99762 1.00000 0.00000 0.13111 0.31499 0.25962 0.00000 0.00000 0.00453 0.62732 0.27724 0.24324 0.47476 0.00332 0.99314 0.56331 0.36874 0.00000 0.27083 0.62791 1.00000 0.01886 0.02740
188.00000 92.00000 0.59521 0.73777 0.00000 0.23809 0.01780 0.03817 0.06251 0.29318 0.20881 0.09293 0.00120 0.02903 0.02703 0.03990 0.09101 0.00168 0.06576 0.93951 0.00000 0.04167 0.00000 0.00000 0.13683 0.14395
188.00000 93.00000 0.47608 0.83230 1.00000 0.62699 0.65428 0.63440 0.54508 0.50794 0.50000 0.47170 0.86396 0.60227 0.40541 0.66287 0.47242 0.99355 0.50388 0.32718 0.00000 0.65625 0.86469 1.00000 0.48868 0.49036
188.00000 94.00000 0.99993 0.99762 1.00000 0.00000 0.12974 0.30475 0.23504 0.00000 0.00063 0.00344 0.62747 0.28109 0.24324 0.47964 0.00264 0.99333 0.56086 0.38800 0.00000 0.28125 0.62791 1.00000 0.01852 0.01706
188.00000 95.00000 0.59527 0.73634 0.00000 0.23809 0.01459 0.05326 0.06391 0.29318 0.20818 0.09257 0.00144 0.02427 0.02703 0.04560 0.08852 0.00190 0.05912 0.94134 0.00000 0.03125 0.00000 0.00000 0.14129 0.14231
188.00000 96.00000 0.59508 0.73634 0.00000 0.23809 0.01340 0.05518 0.07043 0.29318 0.20881 0.09284 0.00127 0.02225 0.02703 0.03990 0.09053 0.00212 0.06845 0.93867 0.00000 0.06250 0.00000 0.00000 0.14403 0.14796
188.00000 97.00000 0.00000 0.00154 1.00000 1.00000 0.98183 0.96348 0.93773 1.00000 1.00000 0.99504 0.99930 0.86928 1.00000 0.92834 0.99533 0.99363 0.70755 0.04665 1.00000 0.94792 1.00000 1.00000 0.97702 0.98048
188.00000 98.00000 0.00005 0.00000 1.00000 1.00000 0.98890 0.92066 0.91347 1.00000 1.00000 0.99344 0.99941 0.86670 1.00000 0.92508 0.99599 0.99341 0.69077 0.03416 1.00000 0.91667 1.00000 1.00000 0.98663 0.98183
188.00000 99.00000 0.47628 0.83278 1.00000 0.62699 0.66364 0.64296 0.56145 0.50794 0.50000 0.47034 0.86403 0.60264 0.37838 0.65879 0.47196 0.99358 0.51921 0.33839 0.00000 0.64583 0.86469 1.00000 0.48937 0.49420
188.00000 100.00000 0.00001 0.00119 1.00000 1.00000 0.98073 0.93648 0.92599 1.00000 1.00000 0.99604 0.99947 0.87621 1.00000 0.92508 0.99338 0.99328 0.69186 0.03614 1.00000 0.94792 1.00000 1.00000 0.97942 0.98508
188.00000 101.00000 0.47608 0.83361 1.00000 0.62699 0.66052 0.67669 0.58321 0.50794 0.50000 0.47210 0.86405 0.60478 0.40541 0.66857 0.47056 0.99361 0.50450 0.33483 0.00000 0.65625 0.86469 1.00000 0.48971 0.49449
188.00000 102.00000 0.83326 0.99762 1.00000 0.06027 0.18699 0.33664 0.24551 0.14659 0.14403 0.13880 0.65088 0.29591 0.24324 0.47313 0.13806 0.99325 0.52828 0.36658 0.00000 0.33333 0.65116 1.00000 0.15981 0.16005
188.00000 103.00000 0.83333 0.99762 1.00000 0.06027 0.18699 0.33623 0.25971 0.14659 0.14403 0.13670 0.65077 0.29933 0.24324 0.47557 0.13730 0.99330 0.52311 0.37390 0.00000 0.32292 0.65116 1.00000 0.15947 0.15885
188.00000 104.00000 0.00003 0.00143 1.00000 1.00000 0.98229 0.92542 0.93973 1.00000 1.00000 0.99477 0.99941 0.87129 1.00000 0.91612 0.99434 0.99336 0.69915 0.03987 1.00000 0.94792 1.00000 1.00000 0.97874 0.97787
188.00000 105.00000 0.99979 0.99774 1.00000 0.00000 0.12992 0.30657 0.25097 0.00000 0.00000 0.00458 0.62742 0.27517 0.24324 0.47801 0.00490 0.99319 0.55279 0.38214 0.00000 0.30208 0.62791 1.00000 0.01372 0.02508
188.00000 106.00000 0.99989 0.99762 1.00000 0.00000 0.13267 0.29703 0.26130 0.00000 0.00063 0.00336 0.62749 0.27967 0.24324 0.48779 0.00355 0.99314 0.55974 0.38668 0.00000 0.28125 0.62791 1.00000 0.01783 0.01305
188.00000 107.00000 0.99978 0.99762 1.00000 0.00000 0.12836 0.29869 0.25552 0.00000 0.00063 0.00480 0.62742 0.27294 0.24324 0.48046 0.00406 0.99306 0.57393 0.39195 0.00000 0.31250 0.62791 1.00000 0.01783 0.01629
188.00000 108.00000 0.99994 0.99846 1.00000 0.00000 0.13221 0.30866 0.25403 0.00000 0.00063 0.00484 0.62740 0.28081 0.24324 0.47964 0.00378 0.99306 0.57214 0.38467 0.00000 0.29167 0.62791 1.00000 0.01989 0.01865
188.00000 109.00000 0.83327 0.99846 1.00000 0.06027 0.18782 0.34493 0.28082 0.14659 0.14403 0.13725 0.65075 0.29696 0.24324 0.46254 0.13606 0.99336 0.53011 0.36764 0.00000 0.34375 0.65116 1.00000 0.15741 0.16525
188.00000 110.00000 0.99985 0.99834 1.00000 0.00000 0.13460 0.29614 0.25179 0.00000 0.00000 0.00379 0.62734 0.27486 0.24324 0.48534 0.00370 0.99306 0.55829 0.37994 0.00000 0.29167 0.62791 1.00000 0.01097 0.01671
188.00000 111.00000 0.59517 0.73634 0.00000 0.23809 0.00771 0.05139 0.06675 0.29318 0.20881 0.09279 0.00118 0.02210 0.02703 0.05375 0.09045 0.00171 0.06653 0.96350 0.00000 0.03125 0.00000 0.00000 0.13717 0.14726
188.00000 112.00000 0.59525 0.73634 0.00000 0.23809 0.01551 0.07152 0.06718 0.29318 0.20881 0.09200 0.00141 0.02258 0.02703 0.05537 0.08974 0.00182 0.06148 0.96434 0.00000 0.07292 0.00000 0.00000 0.13615 0.15109
188.00000 113.00000 0.99985 0.99762 1.00000 0.00000 0.12946 0.30242 0.26400 0.00000 0.00063 0.00475 0.62725 0.27816 0.24324 0.51140 0.00259 0.99308 0.57467 0.38990 0.00000 0.30208 0.62791 1.00000 0.00926 0.01929
188.00000 114.00000 0.59519 0.73741 0.00000 0.23809 0.01358 0.06201 0.07401 0.29318 0.20881 0.09222 0.00133 0.02040 0.02703 0.05782 0.09045 0.00196 0.07471 0.95456 0.00000 0.05208 0.00000 0.00000 0.13546 0.14124
188.00000 115.00000 0.99989 0.99964 1.00000 0.00000 0.13001 0.30126 0.25143 0.00000 0.00000 0.00418 0.62736 0.28128 0.24324 0.49349 0.00320 0.99311 0.56705 0.39964 0.00000 0.30208 0.62791 1.00000 0.01166 0.01564
188.00000 116.00000 0.23812 0.29834 1.00000 0.59794 0.63676 0.70007 0.71027 0.61718 0.61572 0.61379 0.85347 0.64898 0.89189 0.76547 0.61352 0.99372 0.68606 0.12551 1.00000 0.70833 0.85412 1.00000 0.62517 0.62781
188.00000 117.00000 0.47622 0.83135 1.00000 0.62699 0.66217 0.67444 0.55353 0.50794 0.50000 0.47174 0.86409 0.59949 0.37838 0.67671 0.47160 0.99372 0.50854 0.33721 0.00000 0.64583 0.86469 1.00000 0.48834 0.48861
188.00000 118.00000 0.00003 0.00000 1.00000 1.00000 0.98128 0.93832 0.94016 1.00000 1.00000 0.99210 0.99945 0.87865 1.00000 0.92508 0.99325 0.99352 0.68960 0.05115 1.00000 0.94792 1.00000 1.00000 0.98182 0.98391
188.00000 119.00000 0.47627 0.83135 1.00000 0.62699 0.65887 0.66388 0.54537 0.50794 0.50000 0.47172 0.86409 0.60433 0.40541 0.67834 0.47016 0.99372 0.50117 0.33648 0.00000 0.65625 0.86469 1.00000 0.48354 0.48879
188.00000 120.00000 0.47612 0.83254 1.00000 0.62699 0.66483 0.66897 0.55810 0.50794 0.50000 0.46976 0.86424 0.60801 0.40541 0.68322 0.46958 0.99366 0.50574 0.33062 1.00000 0.66667 0.86469 1.00000 0.48457 0.48491
188.00000 121.00000 0.47618 0.83135 1.00000 0.62699 0.65694 0.66545 0.55753 0.50794 0.50000 0.46972 0.86413 0.60469 0.37838 0.69055 0.46965 0.99377 0.50378 0.34443 1.00000 0.64583 0.86469 1.00000 0.48217 0.49001
188.00000 122.00000 0.59508 0.73824 0.00000 0.23809 0.01413 0.06369 0.07654 0.29318 0.20881 0.09062 0.00120 0.01858 0.02703 0.04967 0.08969 0.00179 0.06210 0.95152 0.00000 0.05208 0.00000 0.00000 0.14198 0.14762
188.00000 123.00000 0.47610 0.83135 1.00000 0.62699 0.66281 0.68300 0.55998 0.50794 0.50000 0.47079 0.86411 0.60329 0.40541 0.69218 0.47001 0.99374 0.50202 0.34611 1.00000 0.67708 0.86469 1.00000 0.48868 0.49340
188.00000 124.00000 0.23809 0.29786 1.00000 0.59794 0.63685 0.72518 0.69930 0.61718 0.61572 0.61303 0.85351 0.65178 0.89189 0.77036 0.61339 0.99377 0.68280 0.13104 1.00000 0.69792 0.85412 1.00000 0.62929 0.62759
188.00000 125.00000 0.99992 0.99881 1.00000 0.00000 0.13139 0.30895 0.26046 0.00000 0.00063 0.00298 0.62730 0.27251 0.24324 0.50407 0.00287 0.99297 0.56593 0.39027 0.00000 0.31250 0.62791 1.00000 0.00823 0.02238
188.00000 126.00000 0.83324 0.99869 1.00000 0.06027 0.18717 0.35530 0.27367 0.14659 0.14403 0.13672 0.65065 0.29613 0.24324 0.47557 0.13666 0.99336 0.53670 0.36998 0.00000 0.34375 0.65116 1.00000 0.16015 0.17061
188.00000 127.00000 0.59522 0.73634 0.00000 0.23809 0.01505 0.06566 0.07813 0.29318 0.20881 0.09174 0.00108 0.02274 0.02703 0.06515 0.08931 0.00165 0.05529 0.96258 0.00000 0.05208 0.00000 0.00000 0.13855 0.14249
188.00000 128.00000 0.83331 1.00000 1.00000 0.06027 0.18864 0.35295 0.28412 0.14659 0.14403 0.13591 0.65084 0.30641 0.24324 0.49186 0.13651 0.99352 0.53011 0.38207 0.00000 0.33333 0.65116 1.00000 0.15912 0.15674
188.00000 129.00000 0.59514 0.73634 0.00000 0.23809 0.01762 0.07482 0.07428 0.29318 0.20881 0.09229 0.00116 0.02454 0.02703 0.06026 0.09068 0.00163 0.06638 0.96057 0.00000 0.05208 0.00000 0.00000 0.13477 0.14745
188.00000 130.00000 0.00006 0.00107 1.00000 1.00000 0.98890 0.96378 0.96024 1.00000 1.00000 0.99153 0.99949 0.88406 1.00000 0.93893 0.99214 0.99374 0.69215 0.05327 1.00000 0.94792 1.00000 1.00000 0.97977 0.97333
188.00000 131.00000 0.00004 0.00000 1.00000 1.00000 0.98541 0.95376 0.95506 1.00000 1.00000 0.99107 0.99949 0.87175 1.00000 0.93811 0.99282 0.99355 0.67456 0.05331 1.00000 0.96875 1.00000 1.00000 0.97394 0.97812
188.00000 132.00000 0.47621 0.83135 1.00000 0.62699 0.66419 0.67189 0.56937 0.50794 0.50000 0.47017 0.86415 0.60437 0.37838 0.69788 0.46925 0.99380 0.51166 0.34304 1.00000 0.67708 0.86469 1.00000 0.48765 0.49303
188.00000 133.00000 0.23820 0.29691 1.00000 0.59794 0.64281 0.72076 0.70057 0.61718 0.61572 0.61348 0.85381 0.64068 0.89189 0.77850 0.61314 0.99396 0.68082 0.14034 1.00000 0.70833 0.85412 1.00000 0.62209 0.62624
188.00000 134.00000 0.83318 0.99929 1.00000 0.06027 0.18736 0.33783 0.28629 0.14659 0.14403 0.13582 0.65065 0.30034 0.24324 0.48208 0.13461 0.99317 0.52421 0.38368 0.00000 0.31250 0.65116 1.00000 0.15947 0.16093
188.00000 135.00000 0.99982 0.99834 1.00000 0.00000 0.13469 0.30977 0.28135 0.00000 0.00063 0.00263 0.62721 0.27575 0.24324 0.50896 0.00378 0.99275 0.56676 0.39752 0.00000 0.30208 0.62791 1.00000 0.01406 0.01798
188.00000 136.00000 0.23802 0.29691 1.00000 0.59794 0.64988 0.71161 0.72866 0.61718 0.61572 0.61200 0.85374 0.65155 0.89189 0.76547 0.61380 0.99396 0.67525 0.14173 1.00000 0.70833 0.85412 1.00000 0.62209 0.62146
188.00000 137.00000 0.99999 0.99762 1.00000 0.00000 0.13258 0.33244 0.28860 0.00000 0.00063 0.00227 0.62715 0.27734 0.24324 0.50326 0.00276 0.99275 0.56022 0.40004 0.00000 0.32292 0.62791 1.00000 0.01475 0.02189
188.00000 138.00000 0.83327 0.99762 1.00000 0.06027 0.19782 0.35243 0.27865 0.14659 0.14403 0.13598 0.65065 0.29859 0.24324 0.52606 0.13484 0.99322 0.51081 0.38818 0.00000 0.33333 0.65116 1.00000 0.16049 0.16071
188.00000 139.00000 0.99985 0.99762 1.00000 0.00000 0.13873 0.32122 0.30713 0.00000 0.00063 0.00322 0.62696 0.27712 0.24324 0.52443 0.00289 0.99253 0.55750 0.40861 0.00000 0.33333 0.62791 1.00000 0.01337 0.01592
188.00000 140.00000 0.47615 0.83278 1.00000 0.62699 0.66786 0.68815 0.59168 0.50794 0.50000 0.46991 0.86419 0.60667 0.37838 0.71254 0.46869 0.99391 0.49983 0.34600 1.00000 0.67708 0.86469 1.00000 0.48491 0.48925
188.00000 141.00000 0.00002 0.00000 1.00000 1.00000 0.98734 0.94693 0.96053 1.00000 1.00000 0.98957 0.99968 0.87780 1.00000 0.96906 0.99171 0.99394 0.67044 0.07883 1.00000 0.95833 1.00000 1.00000 0.97051 0.97539
188.00000 142.00000 0.23819 0.29822 1.00000 0.59794 0.64410 0.70573 0.72666 0.61718 0.61572 0.61286 0.85381 0.65025 0.89189 0.80049 0.61228 0.99405 0.66752 0.13005 1.00000 0.71875 0.85412 1.00000 0.62140 0.62375
188.00000 143.00000 0.23811 0.29715 1.00000 0.59794 0.64006 0.71513 0.73441 0.61718 0.61572 0.60971 0.85387 0.64344 0.89189 0.79967 0.61108 0.99408 0.65845 0.13961 1.00000 0.71875 0.85412 1.00000 0.62311 0.61464
188.00000 144.00000 0.59512 0.73741 0.00000 0.23809 0.02165 0.07937 0.07957 0.29318 0.20881 0.09241 0.00095 0.02323 0.02703 0.08795 0.09004 0.00168 0.05927 0.98374 0.00000 0.07292 0.00000 0.00000 0.13443 0.13610
188.00000 145.00000 0.59509 0.73634 0.00000 0.23809 0.01477 0.06569 0.11578 0.29318 0.20881 0.09014 0.00112 0.02327 0.02703 0.08143 0.08771 0.00149 0.07847 0.97221 0.00000 0.06250 0.00000 0.00000 0.13717 0.13871
188.00000 146.00000 0.99977 0.99762 1.00000 0.00000 0.13561 0.32464 0.28559 0.00000 0.00063 0.00203 0.62687 0.27394 0.24324 0.52036 0.00368 0.99261 0.55482 0.43230 0.00000 0.29167 0.62791 1.00000 0.01303 0.01109
188.00000 147.00000 0.00004 0.00083 1.00000 1.00000 0.99605 0.95877 0.98370 1.00000 1.00000 0.98897 0.99964 0.87247 1.00000 0.97150 0.98988 0.99377 0.67292 0.06374 1.00000 0.96875 1.00000 1.00000 0.96879 0.96969
188.00000 148.00000 0.47623 0.83135 1.00000 0.62699 0.66639 0.69229 0.59029 0.50794 0.50000 0.46921 0.86434 0.60371 0.37838 0.72068 0.46869 0.99391 0.48243 0.37291 1.00000 0.67708 0.86469 1.00000 0.48114 0.48193
