219.00000 1.00000 0.47610 0.83135 1.00000 0.62699 0.65997 0.64562 0.53480 0.50794 0.50000 0.47155 0.86396 0.60596 0.37838 0.67020 0.47221 0.99347 0.51154 0.31184 0.00000 0.64583 0.86469 1.00000 0.48628 0.48538
219.00000 2.00000 0.99985 0.99822 1.00000 0.00000 0.12423 0.28820 0.24501 0.00000 0.00063 0.00525 0.62751 0.27336 0.24324 0.45358 0.00391 0.99347 0.56181 0.37244 0.00000 0.27083 0.62791 1.00000 0.02195 0.02303
219.00000 3.00000 0.00002 0.00000 1.00000 1.00000 0.97835 0.91697 0.92141 1.00000 1.00000 0.99561 0.99932 0.87464 1.00000 0.90635 0.99680 0.99339 0.68689 0.02025 1.00000 0.92708 1.00000 1.00000 0.99108 0.98697
219.00000 4.00000 0.99977 0.99762 1.00000 0.00000 0.12955 0.29782 0.25432 0.00000 0.00063 0.00611 0.62742 0.27578 0.24324 0.46010 0.00401 0.99330 0.56312 0.37478 0.00000 0.28125 0.62791 1.00000 0.01509 0.01974
219.00000 5.00000 0.47616 0.83135 1.00000 0.62699 0.65777 0.64074 0.54422 0.50794 0.50000 0.47363 0.86392 0.60371 0.40541 0.65635 0.47267 0.99333 0.51407 0.31536 0.00000 0.64583 0.86469 1.00000 0.49554 0.49678
219.00000 6.00000 0.00004 0.00000 1.00000 1.00000 0.98339 0.91667 0.91809 1.00000 1.00000 0.99659 0.99924 0.87284 1.00000 0.90961 0.99584 0.99328 0.69515 0.03808 1.00000 0.92708 1.00000 1.00000 0.98971 0.99280
219.00000 7.00000 0.47619 0.83135 1.00000 0.62699 0.65446 0.64632 0.53574 0.50794 0.49937 0.47165 0.86394 0.59698 0.40541 0.66938 0.47077 0.99344 0.52175 0.32264 0.00000 0.63542 0.86469 1.00000 0.49246 0.49511
219.00000 8.00000 0.47616 0.83302 1.00000 0.62699 0.65373 0.64922 0.53991 0.50794 0.50000 0.47375 0.86398 0.59947 0.40541 0.65147 0.47201 0.99344 0.52028 0.31323 0.00000 0.63542 0.86469 1.00000 0.48765 0.49274
219.00000 9.00000 0.47626 0.83337 1.00000 0.62699 0.65923 0.65171 0.54595 0.50794 0.49937 0.47117 0.86403 0.60733 0.40541 0.65391 0.47196 0.99344 0.50859 0.30924 0.00000 0.63542 0.86469 1.00000 0.49829 0.49676
219.00000 10.00000 0.23821 0.29846 1.00000 0.59794 0.63290 0.69457 0.68553 0.61718 0.61509 0.61508 0.85322 0.64140 0.89189 0.74186 0.61436 0.99339 0.67120 0.11643 1.00000 0.68750 0.85412 1.00000 0.62860 0.63065
219.00000 11.00000 0.47627 0.83195 1.00000 0.62699 0.65896 0.64822 0.53175 0.50794 0.50000 0.47291 0.86386 0.59582 0.40541 0.65065 0.47315 0.99336 0.52254 0.32356 0.00000 0.62500 0.86469 1.00000 0.49040 0.48863
219.00000 12.00000 0.59509 0.73634 0.00000 0.23809 0.00899 0.02736 0.04636 0.29318 0.20881 0.09238 0.00129 0.01845 0.02703 0.05456 0.08964 0.00182 0.07005 0.93611 0.00000 0.04167 0.00000 0.00000 0.14060 0.14455
219.00000 13.00000 0.00006 0.00000 1.00000 1.00000 0.97275 0.91453 0.93381 1.00000 1.00000 0.99422 0.99928 0.86873 1.00000 0.91124 0.99604 0.99325 0.69405 0.02816 1.00000 0.93750 1.00000 1.00000 0.99040 0.98939
219.00000 14.00000 0.83316 0.99976 1.00000 0.06027 0.18525 0.33182 0.23437 0.14659 0.14403 0.13830 0.65077 0.29302 0.24324 0.46091 0.13748 0.99355 0.52749 0.35808 0.00000 0.30208 0.65116 1.00000 0.15844 0.16843
219.00000 15.00000 0.83328 0.99762 1.00000 0.06027 0.18002 0.32694 0.25220 0.14659 0.14403 0.13799 0.65075 0.29442 0.24324 0.45684 0.13715 0.99344 0.52568 0.35651 0.00000 0.30208 0.65116 1.00000 0.16289 0.17107
219.00000 16.00000 0.47610 0.83135 1.00000 0.62699 0.65859 0.62319 0.53033 0.50794 0.50000 0.47246 0.86398 0.60378 0.37838 0.65635 0.47133 0.99344 0.52906 0.31982 0.00000 0.63542 0.86469 1.00000 0.49314 0.49544
219.00000 17.00000 0.47609 0.83135 1.00000 0.62699 0.66043 0.65253 0.54540 0.50794 0.50000 0.47213 0.86390 0.60005 0.40541 0.66368 0.47079 0.99328 0.52287 0.32447 0.00000 0.64583 0.86469 1.00000 0.48560 0.49748
219.00000 18.00000 0.83329 0.99905 1.00000 0.06027 0.18552 0.33144 0.24931 0.14659 0.14403 0.13859 0.65082 0.29481 0.24324 0.45765 0.13781 0.99344 0.51723 0.36065 0.00000 0.32292 0.65116 1.00000 0.16735 0.16560
219.00000 19.00000 0.99980 0.99762 1.00000 0.00000 0.12845 0.27249 0.25468 0.00000 0.00000 0.00327 0.62738 0.27388 0.24324 0.47394 0.00287 0.99317 0.55665 0.38518 0.00000 0.28125 0.62791 1.00000 0.01715 0.01201
219.00000 20.00000 0.59520 0.73860 0.00000 0.23809 0.01294 0.04275 0.06080 0.29318 0.20881 0.09374 0.00141 0.02260 0.02703 0.02443 0.08989 0.00182 0.06814 0.93109 0.00000 0.04167 0.00000 0.00000 0.13649 0.14870
219.00000 21.00000 0.59510 0.73634 0.00000 0.23809 0.01000 0.03465 0.05803 0.29318 0.20818 0.09541 0.00139 0.02467 0.02703 0.04235 0.08964 0.00185 0.08095 0.92688 0.00000 0.03125 0.00000 0.00000 0.13889 0.15107
219.00000 22.00000 0.23802 0.29810 1.00000 0.59794 0.63052 0.68815 0.69944 0.61718 0.61509 0.61625 0.85328 0.64534 0.89189 0.75000 0.61347 0.99352 0.66504 0.10940 1.00000 0.69792 0.85412 1.00000 0.62963 0.63184
219.00000 23.00000 0.83313 0.99952 1.00000 0.06027 0.18378 0.32401 0.25511 0.14659 0.14403 0.13844 0.65069 0.29946 0.24324 0.46336 0.13814 0.99341 0.52897 0.36673 0.00000 0.32292 0.65116 1.00000 0.16049 0.16717
219.00000 24.00000 0.23814 0.29691 1.00000 0.59794 0.63364 0.69105 0.67496 0.61718 0.61509 0.61701 0.85324 0.64209 0.89189 0.74919 0.61433 0.99336 0.68261 0.12159 1.00000 0.68750 0.85412 1.00000 0.62620 0.63453
219.00000 25.00000 0.99990 1.00000 1.00000 0.00000 0.12570 0.30180 0.24233 0.00000 0.00063 0.00437 0.62751 0.28022 0.24324 0.46743 0.00378 0.99322 0.58123 0.39082 0.00000 0.28125 0.62791 1.00000 0.01886 0.02158
219.00000 26.00000 0.23818 0.29834 1.00000 0.59794 0.63483 0.66640 0.66837 0.61718 0.61509 0.61400 0.85328 0.64833 0.89189 0.75733 0.61491 0.99358 0.67197 0.11848 1.00000 0.69792 0.85412 1.00000 0.62826 0.63536
219.00000 27.00000 0.23810 0.29715 1.00000 0.59794 0.63630 0.69544 0.66656 0.61718 0.61509 0.61556 0.85326 0.65067 0.89189 0.75570 0.61481 0.99344 0.68632 0.10867 1.00000 0.69792 0.85412 1.00000 0.63203 0.63368
219.00000 28.00000 0.23806 0.29691 1.00000 0.59794 0.63226 0.69164 0.69039 0.61718 0.61509 0.61422 0.85322 0.64309 0.89189 0.72557 0.61562 0.99363 0.66832 0.11416 1.00000 0.68750 0.85412 1.00000 0.63649 0.63878
219.00000 29.00000 0.47611 0.83135 1.00000 0.62699 0.65942 0.64646 0.54222 0.50794 0.50000 0.47332 0.86400 0.60663 0.40541 0.65798 0.47041 0.99344 0.52230 0.31946 0.00000 0.64583 0.86469 1.00000 0.49108 0.49202
219.00000 30.00000 0.99995 0.99762 1.00000 0.00000 0.13194 0.27842 0.24166 0.00000 0.00000 0.00501 0.62747 0.27670 0.24324 0.45847 0.00327 0.99322 0.57512 0.36764 0.00000 0.28125 0.62791 1.00000 0.01715 0.01717
219.00000 31.00000 0.59517 0.73717 0.00000 0.23809 0.01551 0.03841 0.07031 0.29318 0.20881 0.09329 0.00137 0.02050 0.02703 0.04235 0.09073 0.00196 0.06805 0.92941 0.00000 0.05208 0.00000 0.00000 0.14438 0.14411
219.00000 32.00000 0.83320 0.99822 1.00000 0.06027 0.18185 0.32764 0.25752 0.14659 0.14403 0.13725 0.65077 0.30052 0.24324 0.45440 0.13740 0.99347 0.53718 0.35951 0.00000 0.31250 0.65116 1.00000 0.16152 0.16194
219.00000 33.00000 0.47626 0.83325 1.00000 0.62699 0.66217 0.63700 0.53955 0.50794 0.50000 0.46988 0.86396 0.60581 0.40541 0.65472 0.47196 0.99344 0.52145 0.32638 0.00000 0.64583 0.86469 1.00000 0.49074 0.49580
219.00000 34.00000 0.47625 0.83159 1.00000 0.62699 0.66612 0.64497 0.53820 0.50794 0.49937 0.47139 0.86390 0.60296 0.40541 0.67345 0.47221 0.99363 0.52280 0.33765 0.00000 0.62500 0.86469 1.00000 0.49348 0.49534
219.00000 35.00000 0.83320 0.99762 1.00000 0.06027 0.18341 0.31684 0.24833 0.14659 0.14403 0.13813 0.65080 0.29903 0.24324 0.45684 0.13517 0.99339 0.53006 0.35358 0.00000 0.31250 0.65116 1.00000 0.16187 0.16004
219.00000 36.00000 0.83314 0.99762 1.00000 0.06027 0.18268 0.32234 0.25196 0.14659 0.14403 0.13806 0.65080 0.30109 0.24324 0.46091 0.13737 0.99347 0.51956 0.34952 0.00000 0.32292 0.65116 1.00000 0.16255 0.16730
219.00000 37.00000 0.99987 0.99762 1.00000 0.00000 0.12854 0.27986 0.23259 0.00000 0.00063 0.00523 0.62740 0.27099 0.24324 0.47964 0.00370 0.99314 0.56726 0.37980 0.00000 0.28125 0.62791 1.00000 0.01646 0.01782
219.00000 38.00000 0.23807 0.29691 1.00000 0.59794 0.63327 0.69186 0.67877 0.61718 0.61509 0.61436 0.85330 0.64522 0.89189 0.74756 0.61550 0.99333 0.66878 0.10845 1.00000 0.71875 0.85412 1.00000 0.62997 0.63240
219.00000 39.00000 0.83324 0.99893 1.00000 0.06027 0.18387 0.33274 0.25913 0.14659 0.14403 0.13830 0.65077 0.29814 0.24324 0.44625 0.13656 0.99352 0.53256 0.34886 0.00000 0.30208 0.65116 1.00000 0.15775 0.17258
219.00000 40.00000 0.83325 0.99905 1.00000 0.06027 0.18185 0.33713 0.27451 0.14659 0.14403 0.13801 0.65067 0.29816 0.24324 0.46336 0.13682 0.99355 0.51023 0.35237 0.00000 0.32292 0.65116 1.00000 0.16324 0.16589
219.00000 41.00000 0.59523 0.73812 0.00000 0.23809 0.00973 0.05494 0.04287 0.29318 0.20881 0.09362 0.00131 0.02385 0.02703 0.03746 0.08999 0.00185 0.05955 0.93647 0.00000 0.04167 0.00000 0.00000 0.14060 0.14775
219.00000 42.00000 0.99992 0.99762 1.00000 0.00000 0.13010 0.27953 0.24503 0.00000 0.00063 0.00401 0.62749 0.27710 0.24324 0.46906 0.00401 0.99336 0.57567 0.36856 0.00000 0.29167 0.62791 1.00000 0.01715 0.01737
219.00000 43.00000 0.99991 0.99762 1.00000 0.00000 0.13139 0.30340 0.26087 0.00000 0.00000 0.00520 0.62753 0.27560 0.24324 0.47068 0.00315 0.99311 0.56600 0.37478 0.00000 0.30208 0.62791 1.00000 0.01406 0.02102
219.00000 44.00000 0.00005 0.00000 1.00000 1.00000 0.98303 0.92805 0.89542 1.00000 1.00000 0.99470 0.99935 0.87398 1.00000 0.90635 0.99498 0.99333 0.69510 0.04635 1.00000 0.93750 1.00000 1.00000 0.98800 0.98432
219.00000 45.00000 0.00006 0.00000 1.00000 1.00000 0.98376 0.92640 0.92972 1.00000 1.00000 0.99726 0.99926 0.87920 1.00000 0.91450 0.99721 0.99319 0.69672 0.02717 1.00000 0.93750 1.00000 1.00000 0.98903 0.98844
219.00000 46.00000 0.23809 0.29691 1.00000 0.59794 0.63290 0.69663 0.66957 0.61718 0.61509 0.61672 0.85341 0.64302 0.89189 0.73779 0.61598 0.99361 0.67592 0.10838 1.00000 0.69792 0.85412 1.00000 0.62963 0.63396
219.00000 47.00000 0.99977 0.99988 1.00000 0.00000 0.12909 0.28706 0.25425 0.00000 0.00000 0.00525 0.62740 0.27840 0.24324 0.47883 0.00304 0.99336 0.56574 0.37291 0.00000 0.30208 0.62791 1.00000 0.01886 0.02328
219.00000 48.00000 0.00000 0.00202 1.00000 1.00000 0.97917 0.93217 0.92562 1.00000 1.00000 0.99496 0.99920 0.88175 1.00000 0.89902 0.99665 0.99333 0.69760 0.03709 1.00000 0.94792 1.00000 1.00000 0.98663 0.97892
219.00000 49.00000 0.23815 0.29929 1.00000 0.59794 0.63345 0.69638 0.68965 0.61718 0.61509 0.61632 0.85338 0.64683 0.89189 0.72964 0.61603 0.99350 0.68308 0.11486 1.00000 0.69792 0.85412 1.00000 0.63752 0.63318
219.00000 50.00000 0.47629 0.83135 1.00000 0.62699 0.66034 0.65589 0.55047 0.50794 0.50000 0.47279 0.86400 0.60952 0.40541 0.66694 0.47302 0.99350 0.50240 0.30463 0.00000 0.63542 0.86469 1.00000 0.48868 0.49409
219.00000 51.00000 0.59517 0.73634 0.00000 0.23809 0.01092 0.05629 0.05721 0.29318 0.20881 0.09069 0.00131 0.02170 0.02703 0.05049 0.08987 0.00160 0.07155 0.93497 0.00000 0.05208 0.00000 0.00000 0.13992 0.14983
219.00000 52.00000 0.00005 0.00119 1.00000 1.00000 0.98156 0.92943 0.91292 1.00000 1.00000 0.99411 0.99941 0.87983 1.00000 0.92101 0.99543 0.99344 0.69115 0.03680 1.00000 0.93750 1.00000 1.00000 0.98834 0.98941
219.00000 53.00000 0.99986 0.99762 1.00000 0.00000 0.12974 0.29541 0.24864 0.00000 0.00000 0.00508 0.62751 0.27369 0.24324 0.47150 0.00416 0.99328 0.57659 0.36211 0.00000 0.29167 0.62791 1.00000 0.01646 0.02212
219.00000 54.00000 0.23813 0.29786 1.00000 0.59794 0.63877 0.70822 0.68247 0.61718 0.61509 0.61477 0.85326 0.65235 0.89189 0.73127 0.61621 0.99361 0.68051 0.10051 1.00000 0.68750 0.85412 1.00000 0.63546 0.63310
219.00000 55.00000 0.23823 0.29774 1.00000 0.59794 0.63685 0.69378 0.69085 0.61718 0.61509 0.61462 0.85343 0.64987 0.89189 0.74349 0.61446 0.99361 0.67630 0.11332 1.00000 0.68750 0.85412 1.00000 0.62963 0.63016
219.00000 56.00000 0.83323 0.99762 1.00000 0.06027 0.18818 0.35051 0.24289 0.14659 0.14403 0.13744 0.65080 0.29576 0.27027 0.46580 0.13672 0.99336 0.53220 0.36208 0.00000 0.32292 0.65116 1.00000 0.16495 0.16598
219.00000 57.00000 0.59516 0.73705 0.00000 0.23809 0.01422 0.03608 0.04241 0.29318 0.20881 0.09377 0.00118 0.02549 0.02703 0.02117 0.09020 0.00198 0.07205 0.93948 0.00000 0.04167 0.00000 0.00000 0.13957 0.15264
219.00000 58.00000 0.47628 0.83135 1.00000 0.62699 0.65997 0.64012 0.54645 0.50794 0.49937 0.47353 0.86400 0.60321 0.40541 0.66694 0.47176 0.99350 0.51159 0.32099 0.00000 0.63542 0.86469 1.00000 0.49246 0.49450
219.00000 59.00000 0.83324 0.99762 1.00000 0.06027 0.18176 0.32307 0.26352 0.14659 0.14403 0.13842 0.65065 0.29998 0.24324 0.46824 0.13669 0.99339 0.52373 0.36416 0.00000 0.31250 0.65116 1.00000 0.16255 0.15999
219.00000 60.00000 0.23805 0.29822 1.00000 0.59794 0.63309 0.69427 0.68553 0.61718 0.61509 0.61510 0.85328 0.64938 0.89189 0.76466 0.61529 0.99361 0.68170 0.12365 1.00000 0.69792 0.85412 1.00000 0.62723 0.62971
219.00000 61.00000 0.23819 0.29691 1.00000 0.59794 0.63088 0.69468 0.68801 0.61718 0.61509 0.61556 0.85334 0.64496 0.89189 0.74267 0.61682 0.99350 0.67401 0.12240 1.00000 0.68750 0.85412 1.00000 0.63340 0.63532
219.00000 62.00000 0.99989 0.99846 1.00000 0.00000 0.12735 0.30115 0.25049 0.00000 0.00000 0.00494 0.62749 0.27259 0.24324 0.47394 0.00302 0.99330 0.56793 0.37474 0.00000 0.29167 0.62791 1.00000 0.01337 0.02333
219.00000 63.00000 0.47613 0.83135 1.00000 0.62699 0.66373 0.66255 0.55303 0.50794 0.50000 0.47191 0.86417 0.60989 0.40541 0.66042 0.47140 0.99341 0.50545 0.31305 0.00000 0.64583 0.86469 1.00000 0.49246 0.49838
219.00000 64.00000 0.99980 0.99762 1.00000 0.00000 0.12864 0.28904 0.25446 0.00000 0.00063 0.00504 0.62761 0.28381 0.24324 0.48208 0.00416 0.99328 0.57240 0.37163 0.00000 0.28125 0.62791 1.00000 0.01235 0.02321
219.00000 65.00000 0.83323 0.99798 1.00000 0.06027 0.18681 0.31881 0.24041 0.14659 0.14403 0.13799 0.65094 0.30002 0.24324 0.46173 0.13737 0.99341 0.53301 0.35094 0.00000 0.31250 0.65116 1.00000 0.15844 0.16492
219.00000 66.00000 0.99984 0.99762 1.00000 0.00000 0.13221 0.28731 0.24286 0.00000 0.00000 0.00585 0.62738 0.27241 0.24324 0.46417 0.00421 0.99325 0.57279 0.36775 0.00000 0.29167 0.62791 1.00000 0.01578 0.01667
219.00000 67.00000 0.23808 0.29691 1.00000 0.59794 0.63529 0.70554 0.69831 0.61718 0.61509 0.61544 0.85341 0.64400 0.89189 0.73453 0.61502 0.99339 0.69053 0.10307 1.00000 0.69792 0.85412 1.00000 0.63580 0.63256
219.00000 68.00000 0.47621 0.83147 1.00000 0.62699 0.66281 0.65028 0.55307 0.50794 0.50000 0.47167 0.86411 0.59675 0.40541 0.65147 0.47067 0.99352 0.51319 0.33970 0.00000 0.64583 0.86469 1.00000 0.49211 0.49446
219.00000 69.00000 0.83317 0.99762 1.00000 0.06027 0.18323 0.31619 0.26099 0.14659 0.14403 0.13799 0.65071 0.30461 0.24324 0.46091 0.13692 0.99341 0.52797 0.35563 0.00000 0.33333 0.65116 1.00000 0.16255 0.16232
219.00000 70.00000 0.83323 0.99762 1.00000 0.06027 0.18580 0.33824 0.24012 0.14659 0.14403 0.13761 0.65084 0.30026 0.24324 0.46824 0.13705 0.99341 0.53073 0.36954 0.00000 0.33333 0.65116 1.00000 0.16392 0.16980
219.00000 71.00000 0.83325 0.99988 1.00000 0.06027 0.18451 0.34355 0.25998 0.14659 0.14403 0.13572 0.65071 0.29932 0.24324 0.46417 0.13618 0.99344 0.51966 0.36112 0.00000 0.31250 0.65116 1.00000 0.15741 0.16223
219.00000 72.00000 0.47611 0.83135 1.00000 0.62699 0.65914 0.65534 0.54484 0.50794 0.50000 0.47270 0.86405 0.60414 0.40541 0.67020 0.47178 0.99350 0.51031 0.33004 0.00000 0.64583 0.86469 1.00000 0.49554 0.49093
219.00000 73.00000 0.83332 0.99762 1.00000 0.06027 0.18424 0.31954 0.24946 0.14659 0.14403 0.13730 0.65077 0.29196 0.24324 0.45440 0.13626 0.99339 0.53178 0.34970 0.00000 0.33333 0.65116 1.00000 0.16255 0.16231
219.00000 74.00000 0.23805 0.29881 1.00000 0.59794 0.63694 0.70131 0.69162 0.61718 0.61509 0.61563 0.85338 0.64791 0.89189 0.75244 0.61400 0.99352 0.68358 0.12189 1.00000 0.68750 0.85412 1.00000 0.63169 0.63414
219.00000 75.00000 0.99994 0.99798 1.00000 0.00000 0.13029 0.31074 0.23923 0.00000 0.00063 0.00196 0.62740 0.27142 0.24324 0.48860 0.00307 0.99317 0.56634 0.38602 0.00000 0.28125 0.62791 1.00000 0.00960 0.01992
219.00000 76.00000 0.99977 0.99798 1.00000 0.00000 0.12258 0.30121 0.26277 0.00000 0.00000 0.00530 0.62742 0.27320 0.24324 0.46498 0.00342 0.99333 0.57271 0.37895 0.00000 0.29167 0.62791 1.00000 0.00857 0.01961
219.00000 77.00000 0.99977 0.99798 1.00000 0.00000 0.13377 0.31933 0.24647 0.00000 0.00063 0.00515 0.62751 0.27358 0.24324 0.47801 0.00391 0.99322 0.56467 0.38207 0.00000 0.29167 0.62791 1.00000 0.01715 0.01618
219.00000 78.00000 0.59526 0.73634 0.00000 0.23809 0.01092 0.03056 0.05050 0.29318 0.20881 0.09217 0.00127 0.01893 0.02703 0.04072 0.08903 0.00185 0.06924 0.95445 0.00000 0.02083 0.00000 0.00000 0.14506 0.14513
219.00000 79.00000 0.00001 0.00000 1.00000 1.00000 0.98560 0.94555 0.91506 1.00000 1.00000 0.99523 0.99937 0.87770 1.00000 0.91612 0.99518 0.99341 0.70288 0.04115 1.00000 0.93750 1.00000 1.00000 0.98525 0.98202
219.00000 80.00000 0.99980 0.99798 1.00000 0.00000 0.12928 0.29042 0.24241 0.00000 0.00063 0.00346 0.62751 0.27713 0.24324 0.48290 0.00325 0.99325 0.55919 0.37712 0.00000 0.29167 0.62791 1.00000 0.01578 0.02267
219.00000 81.00000 0.23820 0.29691 1.00000 0.59794 0.63795 0.72477 0.69463 0.61718 0.61509 0.61303 0.85328 0.64655 0.89189 0.74837 0.61519 0.99344 0.67494 0.12196 1.00000 0.70833 0.85412 1.00000 0.62346 0.62972
219.00000 82.00000 0.83314 0.99762 1.00000 0.06027 0.18837 0.32708 0.26349 0.14659 0.14403 0.13632 0.65075 0.30115 0.24324 0.46743 0.13740 0.99333 0.53961 0.35431 0.00000 0.31250 0.65116 1.00000 0.15672 0.16796
219.00000 83.00000 0.23818 0.29881 1.00000 0.59794 0.63721 0.70158 0.67956 0.61718 0.61509 0.61365 0.85338 0.64799 0.89189 0.75000 0.61458 0.99358 0.67889 0.10856 1.00000 0.67708 0.85412 1.00000 0.63512 0.63042
219.00000 84.00000 0.23822 0.29691 1.00000 0.59794 0.63556 0.70299 0.69626 0.61718 0.61509 0.61405 0.85343 0.64544 0.89189 0.74837 0.61517 0.99374 0.67739 0.11673 1.00000 0.69792 0.85412 1.00000 0.62620 0.63191
219.00000 85.00000 0.99986 0.99929 1.00000 0.00000 0.13010 0.29571 0.25976 0.00000 0.00063 0.00652 0.62736 0.27112 0.24324 0.47313 0.00358 0.99289 0.55943 0.37511 0.00000 0.31250 0.62791 1.00000 0.01578 0.01590
219.00000 86.00000 0.99977 0.99976 1.00000 0.00000 0.12552 0.30191 0.24154 0.00000 0.00000 0.00563 0.62742 0.27691 0.24324 0.47801 0.00246 0.99317 0.56365 0.38115 0.00000 0.30208 0.62791 1.00000 0.01063 0.01692
219.00000 87.00000 0.83330 0.99762 1.00000 0.06027 0.18167 0.33718 0.25502 0.14659 0.14403 0.13816 0.65071 0.30109 0.24324 0.47883 0.13745 0.99339 0.52133 0.36863 0.00000 0.30208 0.65116 1.00000 0.15501 0.16427
219.00000 88.00000 0.59524 0.73824 0.00000 0.23809 0.01385 0.05954 0.05394 0.29318 0.20881 0.09233 0.00120 0.02410 0.02703 0.04316 0.09027 0.00174 0.06405 0.93757 0.00000 0.04167 0.00000 0.00000 0.13443 0.14412
219.00000 89.00000 0.99983 0.99976 1.00000 0.00000 0.13038 0.28736 0.26392 0.00000 0.00063 0.00487 0.62734 0.27429 0.24324 0.48534 0.00269 0.99322 0.57766 0.37994 0.00000 0.28125 0.62791 1.00000 0.01063 0.02281
219.00000 90.00000 0.99986 0.99762 1.00000 0.00000 0.12442 0.28801 0.25319 0.00000 0.00000 0.00606 0.62740 0.27415 0.24324 0.47231 0.00457 0.99319 0.56519 0.37624 0.00000 0.28125 0.62791 1.00000 0.02160 0.01706
219.00000 91.00000 0.23816 0.29691 1.00000 0.59794 0.63822 0.69441 0.69044 0.61718 0.61509 0.61560 0.85349 0.65537 0.89189 0.75814 0.61507 0.99352 0.69141 0.13082 1.00000 0.69792 0.85412 1.00000 0.62929 0.63343
219.00000 92.00000 0.47621 0.83337 1.00000 0.62699 0.66401 0.67850 0.55738 0.50794 0.50000 0.47318 0.86396 0.60267 0.40541 0.67997 0.47023 0.99366 0.50714 0.34175 0.00000 0.65625 0.86469 1.00000 0.48765 0.49423
219.00000 93.00000 0.99992 0.99762 1.00000 0.00000 0.13212 0.29755 0.24272 0.00000 0.00000 0.00387 0.62738 0.27225 0.24324 0.47964 0.00325 0.99308 0.57697 0.36464 0.00000 0.28125 0.62791 1.00000 0.01200 0.02453
219.00000 94.00000 0.99976 0.99762 1.00000 0.00000 0.13662 0.29923 0.24342 0.00000 0.00000 0.00430 0.62725 0.27062 0.24324 0.47231 0.00205 0.99292 0.56038 0.38994 0.00000 0.30208 0.62791 1.00000 0.01818 0.01398
219.00000 95.00000 0.23823 0.29751 1.00000 0.59794 0.64015 0.69378 0.69451 0.61718 0.61509 0.61357 0.85338 0.65422 0.89189 0.75163 0.61507 0.99369 0.67777 0.11603 1.00000 0.69792 0.85412 1.00000 0.63340 0.63602
219.00000 96.00000 0.00006 0.00000 1.00000 1.00000 0.98156 0.95105 0.91604 1.00000 1.00000 0.99444 0.99943 0.87442 1.00000 0.92508 0.99554 0.99355 0.69025 0.04445 1.00000 0.93750 1.00000 1.00000 0.97394 0.98859
219.00000 97.00000 0.99995 0.99917 1.00000 0.00000 0.12873 0.28138 0.25499 0.00000 0.00000 0.00274 0.62730 0.27503 0.24324 0.48860 0.00505 0.99306 0.56503 0.39583 0.00000 0.30208 0.62791 1.00000 0.01200 0.01518
219.00000 98.00000 0.99997 0.99846 1.00000 0.00000 0.13497 0.29774 0.23494 0.00000 0.00063 0.00420 0.62740 0.27476 0.24324 0.48616 0.00497 0.99311 0.58090 0.39265 0.00000 0.29167 0.62791 1.00000 0.01303 0.01745
219.00000 99.00000 0.83324 0.99762 1.00000 0.06027 0.18442 0.32196 0.26542 0.14659 0.14403 0.13610 0.65073 0.29653 0.24324 0.48453 0.13535 0.99336 0.51630 0.36775 0.00000 0.33333 0.65116 1.00000 0.15912 0.16205
219.00000 100.00000 0.47623 0.83135 1.00000 0.62699 0.65795 0.68040 0.56436 0.50794 0.50000 0.47103 0.86409 0.60931 0.40541 0.67345 0.47181 0.99355 0.51971 0.34110 0.00000 0.65625 0.86469 1.00000 0.48868 0.49374
219.00000 101.00000 0.00003 0.00190 1.00000 1.00000 0.98073 0.93585 0.93749 1.00000 1.00000 0.99465 0.99935 0.87555 1.00000 0.91694 0.99381 0.99350 0.69527 0.03639 1.00000 0.92708 1.00000 1.00000 0.97942 0.98250
219.00000 102.00000 0.99981 0.99762 1.00000 0.00000 0.13130 0.29265 0.23319 0.00000 0.00000 0.00298 0.62723 0.27188 0.24324 0.49349 0.00195 0.99297 0.55712 0.39133 0.00000 0.28125 0.62791 1.00000 0.00549 0.01645
219.00000 103.00000 0.00003 0.00178 1.00000 1.00000 0.98449 0.93834 0.93804 1.00000 1.00000 0.99344 0.99939 0.87145 1.00000 0.92997 0.99581 0.99347 0.68822 0.03314 1.00000 0.93750 1.00000 1.00000 0.97977 0.97739
219.00000 104.00000 0.23823 0.29691 1.00000 0.59794 0.63813 0.70749 0.68825 0.61718 0.61509 0.61567 0.85338 0.64878 0.89189 0.74756 0.61349 0.99363 0.66813 0.12910 1.00000 0.68750 0.85412 1.00000 0.63203 0.63038
219.00000 105.00000 0.83334 0.99762 1.00000 0.06027 0.18616 0.34002 0.26857 0.14659 0.14403 0.13813 0.65082 0.30236 0.24324 0.47638 0.13745 0.99352 0.53577 0.36299 0.00000 0.33333 0.65116 1.00000 0.16015 0.16271
219.00000 106.00000 0.99982 0.99869 1.00000 0.00000 0.13185 0.29563 0.25032 0.00000 0.00063 0.00308 0.62738 0.27550 0.24324 0.49186 0.00317 0.99303 0.55817 0.38917 0.00000 0.28125 0.62791 1.00000 0.01166 0.02001
219.00000 107.00000 0.99991 0.99810 1.00000 0.00000 0.13249 0.30909 0.25345 0.00000 0.00063 0.00554 0.62730 0.26980 0.24324 0.50407 0.00241 0.99308 0.56077 0.38500 0.00000 0.30208 0.62791 1.00000 0.01578 0.02357
219.00000 108.00000 0.23823 0.29691 1.00000 0.59794 0.63767 0.70933 0.69771 0.61718 0.61509 0.61489 0.85349 0.64319 0.89189 0.75163 0.61357 0.99372 0.66752 0.11702 1.00000 0.69792 0.85412 1.00000 0.63203 0.62825
219.00000 109.00000 0.99990 0.99762 1.00000 0.00000 0.13001 0.31234 0.26053 0.00000 0.00000 0.00473 0.62740 0.27238 0.24324 0.48453 0.00416 0.99306 0.56291 0.39199 0.00000 0.30208 0.62791 1.00000 0.01029 0.02146
219.00000 110.00000 0.83331 0.99762 1.00000 0.06027 0.18846 0.34636 0.26188 0.14659 0.14403 0.13854 0.65077 0.30155 0.24324 0.45928 0.13565 0.99333 0.52649 0.36918 0.00000 0.31250 0.65116 1.00000 0.16598 0.16132
219.00000 111.00000 0.47616 0.83135 1.00000 0.62699 0.66245 0.66138 0.55300 0.50794 0.49937 0.47236 0.86400 0.60183 0.40541 0.68078 0.47029 0.99358 0.50007 0.34340 0.00000 0.64583 0.86469 1.00000 0.48800 0.49055
219.00000 112.00000 0.00001 0.00000 1.00000 1.00000 0.98358 0.96172 0.92392 1.00000 1.00000 0.99265 0.99947 0.87479 1.00000 0.94381 0.99495 0.99355 0.68815 0.04547 1.00000 0.93750 1.00000 1.00000 0.98354 0.97843
219.00000 113.00000 0.99990 1.00000 1.00000 0.00000 0.13313 0.30446 0.26397 0.00000 0.00063 0.00446 0.62734 0.27329 0.24324 0.49104 0.00264 0.99306 0.56576 0.38620 0.00000 0.30208 0.62791 1.00000 0.01303 0.01775
219.00000 114.00000 0.83323 0.99988 1.00000 0.06027 0.18864 0.34246 0.26166 0.14659 0.14403 0.13508 0.65071 0.30072 0.24324 0.48127 0.13672 0.99336 0.51014 0.38035 0.00000 0.32292 0.65116 1.00000 0.16049 0.16763
219.00000 115.00000 0.99981 0.99976 1.00000 0.00000 0.13157 0.31589 0.25993 0.00000 0.00000 0.00432 0.62721 0.28451 0.24324 0.49674 0.00347 0.99286 0.55451 0.39448 0.00000 0.28125 0.62791 1.00000 0.01063 0.01420
219.00000 116.00000 0.99986 0.99857 1.00000 0.00000 0.13570 0.29823 0.24871 0.00000 0.00000 0.00193 0.62725 0.27638 0.24324 0.48371 0.00322 0.99289 0.56412 0.38617 0.00000 0.29167 0.62791 1.00000 0.02058 0.01368
219.00000 117.00000 0.23808 0.29691 1.00000 0.59794 0.64006 0.71694 0.69660 0.61718 0.61509 0.61326 0.85345 0.65151 0.89189 0.75896 0.61519 0.99372 0.66854 0.12679 1.00000 0.70833 0.85412 1.00000 0.62654 0.62992
219.00000 118.00000 0.00005 0.00095 1.00000 1.00000 0.98780 0.94839 0.94255 1.00000 1.00000 0.99630 0.99943 0.87747 1.00000 0.93974 0.99394 0.99361 0.68356 0.04866 1.00000 0.95833 1.00000 1.00000 0.97668 0.98191
219.00000 119.00000 0.99986 0.99857 1.00000 0.00000 0.12946 0.29443 0.24135 0.00000 0.00063 0.00382 0.62732 0.27426 0.24324 0.50163 0.00208 0.99319 0.56124 0.38657 0.00000 0.30208 0.62791 1.00000 0.00823 0.02591
219.00000 120.00000 0.23801 0.29691 1.00000 0.59794 0.63712 0.69649 0.69229 0.61718 0.61572 0.61362 0.85360 0.64802 0.89189 0.76954 0.61418 0.99377 0.67616 0.13115 1.00000 0.71875 0.85412 1.00000 0.62620 0.63492
219.00000 121.00000 0.00001 0.00000 1.00000 1.00000 0.98468 0.95872 0.92490 1.00000 1.00000 0.99143 0.99954 0.86585 1.00000 0.93078 0.99445 0.99361 0.66992 0.04544 1.00000 0.93750 1.00000 1.00000 0.97291 0.97864
219.00000 122.00000 0.59520 0.73634 0.00000 0.23809 0.00982 0.07013 0.07705 0.29318 0.20881 0.09071 0.00114 0.02535 0.02703 0.07573 0.08959 0.00168 0.06491 0.94900 0.00000 0.05208 0.00000 0.00000 0.13683 0.14633
219.00000 123.00000 0.83313 0.99952 1.00000 0.06027 0.18809 0.33967 0.28145 0.14659 0.14403 0.13637 0.65061 0.29712 0.24324 0.48046 0.13542 0.99311 0.51914 0.36980 0.00000 0.33333 0.65116 1.00000 0.15604 0.16159
219.00000 124.00000 0.23823 0.29691 1.00000 0.59794 0.64143 0.71223 0.72577 0.61718 0.61572 0.61188 0.85357 0.64722 0.89189 0.77117 0.61390 0.99383 0.66471 0.11830 1.00000 0.72917 0.85412 1.00000 0.62620 0.62883
219.00000 125.00000 0.99996 0.99941 1.00000 0.00000 0.13377 0.30998 0.24000 0.00000 0.00063 0.00437 0.62713 0.27699 0.24324 0.49186 0.00271 0.99289 0.55522 0.39331 0.00000 0.30208 0.62791 1.00000 0.00754 0.02147
219.00000 126.00000 0.99985 0.99786 1.00000 0.00000 0.13166 0.31667 0.26883 0.00000 0.00063 0.00119 0.62719 0.27629 0.24324 0.49511 0.00256 0.99283 0.56755 0.38822 0.00000 0.31250 0.62791 1.00000 0.01372 0.01633
219.00000 127.00000 0.99998 0.99762 1.00000 0.00000 0.13478 0.30524 0.25119 0.00000 0.00000 0.00346 0.62721 0.27308 0.24324 0.49430 0.00228 0.99297 0.56519 0.39104 0.00000 0.30208 0.62791 1.00000 0.01578 0.01494
219.00000 128.00000 0.99987 0.99976 1.00000 0.00000 0.13414 0.30527 0.24708 0.00000 0.00000 0.00344 0.62717 0.27739 0.24324 0.50244 0.00355 0.99283 0.57300 0.38774 0.00000 0.30208 0.62791 1.00000 0.01783 0.01841
219.00000 129.00000 0.00007 0.00095 1.00000 1.00000 0.98991 0.95999 0.94931 1.00000 1.00000 0.99205 0.99954 0.87050 1.00000 0.94463 0.99313 0.99350 0.68099 0.06481 1.00000 0.94792 1.00000 1.00000 0.97668 0.98163
219.00000 130.00000 0.00000 0.00000 1.00000 1.00000 0.98660 0.95557 0.94996 1.00000 1.00000 0.99198 0.99951 0.86919 1.00000 0.92834 0.99295 0.99369 0.68158 0.05474 1.00000 0.94792 1.00000 1.00000 0.97257 0.97541
219.00000 131.00000 0.47626 0.83135 1.00000 0.62699 0.66657 0.65962 0.55327 0.50794 0.50000 0.47010 0.86413 0.60625 0.37838 0.69381 0.47062 0.99369 0.50136 0.34435 1.00000 0.66667 0.86469 1.00000 0.48422 0.48785
219.00000 132.00000 0.23810 0.29715 1.00000 0.59794 0.64428 0.69544 0.71328 0.61718 0.61572 0.61424 0.85368 0.64976 0.89189 0.77932 0.61283 0.99396 0.67304 0.13591 1.00000 0.70833 0.85412 1.00000 0.61934 0.62725
219.00000 133.00000 0.59528 0.73634 0.00000 0.23809 0.01083 0.08422 0.08797 0.29318 0.20881 0.09155 0.00106 0.01805 0.02703 0.06270 0.09078 0.00160 0.05948 0.95592 0.00000 0.06250 0.00000 0.00000 0.13683 0.14726
219.00000 134.00000 0.83320 0.99846 1.00000 0.06027 0.19350 0.34869 0.27805 0.14659 0.14403 0.13532 0.65065 0.30077 0.24324 0.48616 0.13557 0.99328 0.49576 0.38163 0.00000 0.33333 0.65116 1.00000 0.15809 0.16291
219.00000 135.00000 0.23819 0.29691 1.00000 0.59794 0.64098 0.72556 0.71819 0.61718 0.61572 0.61229 0.85353 0.64528 0.89189 0.78420 0.61230 0.99388 0.66078 0.12050 1.00000 0.70833 0.85412 1.00000 0.62483 0.62786
219.00000 136.00000 0.59527 0.73824 0.00000 0.23809 0.01257 0.04681 0.09351 0.29318 0.20881 0.09145 0.00112 0.02596 0.02703 0.06270 0.08913 0.00163 0.07393 0.96167 0.00000 0.04167 0.00000 0.00000 0.13203 0.14281
219.00000 137.00000 0.59517 0.73634 0.00000 0.23809 0.01422 0.06951 0.08920 0.29318 0.20881 0.09128 0.00112 0.02332 0.02703 0.06678 0.08979 0.00165 0.04975 0.96643 0.00000 0.06250 0.00000 0.00000 0.13615 0.13810
219.00000 138.00000 0.00005 0.00000 1.00000 1.00000 0.99055 0.95463 0.96310 1.00000 1.00000 0.99243 0.99962 0.87266 1.00000 0.93893 0.99320 0.99385 0.67225 0.05276 1.00000 0.94792 1.00000 1.00000 0.97771 0.98630
219.00000 139.00000 0.99995 0.99762 1.00000 0.00000 0.13643 0.31242 0.26436 0.00000 0.00063 0.00422 0.62711 0.27410 0.24324 0.50570 0.00393 0.99275 0.57355 0.39982 0.00000 0.30208 0.62791 1.00000 0.01029 0.01861
219.00000 140.00000 0.23802 0.29869 1.00000 0.59794 0.64153 0.71925 0.72609 0.61718 0.61572 0.61183 0.85368 0.64260 0.89189 0.78827 0.61190 0.99399 0.65747 0.14005 1.00000 0.71875 0.85412 1.00000 0.62071 0.62841
219.00000 141.00000 0.83326 0.99834 1.00000 0.06027 0.18543 0.32542 0.28311 0.14659 0.14403 0.13646 0.65054 0.29810 0.24324 0.49756 0.13471 0.99322 0.50904 0.37006 0.00000 0.33333 0.65116 1.00000 0.15535 0.15810
219.00000 142.00000 0.59525 0.73634 0.00000 0.23809 0.01496 0.06873 0.07231 0.29318 0.20881 0.09162 0.00103 0.02237 0.02703 0.07492 0.08888 0.00154 0.05803 0.96141 0.00000 0.05208 0.00000 0.00000 0.13649 0.14241
219.00000 143.00000 0.99980 0.99762 1.00000 0.00000 0.13854 0.33225 0.26024 0.00000 0.00063 0.00449 0.62683 0.27143 0.24324 0.51710 0.00325 0.99242 0.54539 0.40652 0.00000 0.31250 0.62791 1.00000 0.01132 0.02158
219.00000 144.00000 0.23812 0.29691 1.00000 0.59794 0.64162 0.72775 0.75343 0.61718 0.61572 0.61243 0.85376 0.64682 0.89189 0.78746 0.61321 0.99416 0.65695 0.13635 1.00000 0.69792 0.85412 1.00000 0.62209 0.62572
219.00000 145.00000 0.83333 0.99952 1.00000 0.06027 0.19158 0.37012 0.28706 0.14659 0.14403 0.13763 0.65067 0.30114 0.24324 0.51140 0.13509 0.99322 0.53128 0.37797 0.00000 0.33333 0.65116 1.00000 0.15535 0.15571
219.00000 146.00000 0.00003 0.00095 1.00000 1.00000 0.99404 0.97332 0.98065 1.00000 1.00000 0.99022 0.99964 0.86208 1.00000 0.96580 0.99242 0.99383 0.69325 0.06085 1.00000 0.95833 1.00000 1.00000 0.97119 0.97188
219.00000 147.00000 0.83332 0.99857 1.00000 0.06027 0.18882 0.34398 0.29165 0.14659 0.14403 0.13634 0.65042 0.29633 0.24324 0.50570 0.13598 0.99317 0.51059 0.39177 0.00000 0.34375 0.65116 1.00000 0.15638 0.16082
219.00000 148.00000 0.59530 0.73634 0.00000 0.23809 0.02000 0.06217 0.08855 0.29318 0.20881 0.09107 0.00093 0.01844 0.02703 0.08469 0.08895 0.00157 0.06186 0.97320 0.00000 0.04167 0.00000 0.00000 0.13237 0.13468
219.00000 149.00000 0.59530 0.73634 0.00000 0.23809 0.01523 0.06325 0.09625 0.29318 0.20881 0.09143 0.00095 0.02697 0.02703 0.07818 0.08786 0.00143 0.04822 0.98451 0.00000 0.06250 0.00000 0.00000 0.13820 0.14332
219.00000 150.00000 0.23821 0.29691 1.00000 0.59794 0.64116 0.70503 0.73928 0.61718 0.61572 0.61202 0.85381 0.64528 0.89189 0.77769 0.61311 0.99435 0.65550 0.14430 1.00000 0.69792 0.85412 1.00000 0.62003 0.62619
219.00000 151.00000 0.99997 0.99905 1.00000 0.00000 0.13331 0.31946 0.27220 0.00000 0.00063 0.00296 0.62687 0.27633 0.24324 0.51466 0.00294 0.99234 0.54460 0.40905 0.00000 0.30208 0.62791 1.00000 0.01029 0.00871
219.00000 152.00000 0.47625 0.83302 1.00000 0.62699 0.66437 0.68278 0.57724 0.50794 0.50000 0.46983 0.86419 0.60404 0.40541 0.70033 0.46914 0.99377 0.49733 0.36090 1.00000 0.67708 0.86469 1.00000 0.48697 0.48801
219.00000 153.00000 0.47614 0.83135 1.00000 0.62699 0.67034 0.67639 0.57883 0.50794 0.50000 0.46936 0.86426 0.60412 0.37838 0.70847 0.46826 0.99383 0.49181 0.36607 1.00000 0.68750 0.86469 1.00000 0.48937 0.48920
219.00000 154.00000 0.00005 0.00000 1.00000 1.00000 0.99440 0.97581 0.96707 1.00000 1.00000 0.99158 0.99977 0.86392 1.00000 0.97150 0.99181 0.99399 0.66230 0.07422 1.00000 0.97917 1.00000 1.00000 0.97051 0.96790
219.00000 155.00000 0.47613 0.83135 1.00000 0.62699 0.66309 0.69376 0.61318 0.50794 0.50000 0.46862 0.86434 0.59953 0.40541 0.70277 0.46800 0.99391 0.49136 0.35790 1.00000 0.67708 0.86469 1.00000 0.48388 0.47866
219.00000 156.00000 0.99987 0.99762 1.00000 0.00000 0.13478 0.34124 0.29603 0.00000 0.00063 0.00198 0.62664 0.27210 0.24324 0.52524 0.00337 0.99212 0.55343 0.40605 0.00000 0.34375 0.62791 1.00000 0.01200 0.01700
