87.00000 1.00000 0.23805 0.29691 1.00000 0.59794 0.63336 0.66336 0.66425 0.61718 0.61509 0.61558 0.85307 0.64969 0.89189 0.72638 0.61689 0.99330 0.69194 0.10772 1.00000 0.67708 0.85412 1.00000 0.63615 0.63461
87.00000 2.00000 0.99997 0.99762 1.00000 0.00000 0.12836 0.27523 0.23131 0.00000 0.00000 0.00446 0.62791 0.28414 0.24324 0.43974 0.00424 0.99355 0.58181 0.36801 0.00000 0.28125 0.62791 1.00000 0.01372 0.01781
87.00000 3.00000 0.23802 0.29691 1.00000 0.59794 0.62978 0.67826 0.66213 0.61718 0.61509 0.61632 0.85303 0.65591 0.89189 0.71661 0.61689 0.99328 0.69886 0.11002 1.00000 0.67708 0.85412 1.00000 0.63272 0.63679
87.00000 4.00000 0.00002 0.00012 1.00000 1.00000 0.98275 0.92014 0.89397 1.00000 0.99937 0.99776 0.99916 0.88034 1.00000 0.89495 0.99855 0.99308 0.72307 0.02351 1.00000 0.92708 1.00000 1.00000 0.99280 0.99077
87.00000 5.00000 0.00005 0.00000 1.00000 1.00000 0.97725 0.91765 0.90338 1.00000 1.00000 0.99659 0.99916 0.87454 1.00000 0.88925 0.99822 0.99308 0.69458 0.01655 1.00000 0.91667 1.00000 1.00000 0.99143 0.98923
87.00000 6.00000 0.47615 0.83135 1.00000 0.62699 0.65098 0.66117 0.53538 0.50794 0.49937 0.47308 0.86394 0.60211 0.40541 0.63436 0.47191 0.99352 0.53361 0.31634 0.00000 0.62500 0.86469 1.00000 0.49314 0.49700
87.00000 7.00000 0.83313 0.99846 1.00000 0.06027 0.17928 0.30440 0.24130 0.14659 0.14403 0.13925 0.65105 0.30302 0.24324 0.43241 0.13803 0.99377 0.54615 0.34179 0.00000 0.31250 0.65116 1.00000 0.16461 0.16790
87.00000 8.00000 0.23802 0.29762 1.00000 0.59794 0.63208 0.67680 0.66105 0.61718 0.61509 0.61610 0.85311 0.64727 0.89189 0.72720 0.61707 0.99333 0.70046 0.08571 1.00000 0.69792 0.85412 1.00000 0.63477 0.63132
87.00000 9.00000 0.59509 0.73634 0.00000 0.23809 0.00661 0.04158 0.04667 0.29318 0.20818 0.09250 0.00156 0.02432 0.02703 0.02932 0.09091 0.00229 0.08483 0.91784 0.00000 0.03125 0.00000 0.00000 0.14883 0.15118
87.00000 10.00000 0.23806 0.29774 1.00000 0.59794 0.62795 0.68474 0.68327 0.61718 0.61509 0.61522 0.85307 0.65481 0.89189 0.72720 0.61651 0.99339 0.70224 0.10450 1.00000 0.67708 0.85412 1.00000 0.63477 0.63822
87.00000 11.00000 0.23822 0.29691 1.00000 0.59794 0.63336 0.66287 0.65672 0.61718 0.61509 0.61777 0.85311 0.65745 0.89189 0.72068 0.61623 0.99325 0.69653 0.11262 1.00000 0.67708 0.85412 1.00000 0.62723 0.62707
87.00000 12.00000 0.23800 0.29905 1.00000 0.59794 0.62813 0.68270 0.67282 0.61718 0.61509 0.61677 0.85309 0.65572 0.89189 0.71254 0.61578 0.99311 0.70034 0.10223 1.00000 0.67708 0.85412 1.00000 0.63340 0.62901
87.00000 13.00000 0.47620 0.83254 1.00000 0.62699 0.65667 0.63795 0.53959 0.50794 0.49937 0.47170 0.86417 0.60635 0.40541 0.63762 0.47150 0.99352 0.53463 0.31027 0.00000 0.61458 0.86469 1.00000 0.49691 0.49785
87.00000 14.00000 0.00003 0.00154 1.00000 1.00000 0.97247 0.93127 0.90059 1.00000 0.99937 0.99647 0.99926 0.87605 1.00000 0.89739 0.99777 0.99328 0.72938 0.01161 1.00000 0.92708 1.00000 1.00000 0.99005 0.99193
87.00000 15.00000 0.23802 0.29810 1.00000 0.59794 0.63217 0.66688 0.67323 0.61718 0.61509 0.61505 0.85317 0.65684 0.89189 0.72394 0.61664 0.99339 0.68998 0.08560 1.00000 0.67708 0.85412 1.00000 0.62929 0.63495
87.00000 16.00000 0.23823 0.29762 1.00000 0.59794 0.62483 0.68487 0.65826 0.61718 0.61509 0.61606 0.85311 0.65174 0.89189 0.71824 0.61585 0.99328 0.69682 0.09886 1.00000 0.67708 0.85412 1.00000 0.62757 0.63522
87.00000 17.00000 0.59525 0.73741 0.00000 0.23809 0.01000 0.03497 0.05493 0.29318 0.20818 0.09331 0.00150 0.02922 0.02703 0.01466 0.09103 0.00231 0.08690 0.92948 0.00000 0.04167 0.00000 0.00000 0.14163 0.15096
87.00000 18.00000 0.23810 0.29691 1.00000 0.59794 0.62841 0.67561 0.66945 0.61718 0.61509 0.61746 0.85300 0.65001 0.89189 0.74593 0.61628 0.99308 0.70015 0.10453 1.00000 0.68750 0.85412 1.00000 0.63203 0.63500
87.00000 19.00000 0.23819 0.29691 1.00000 0.59794 0.62960 0.69080 0.64252 0.61718 0.61509 0.61651 0.85309 0.65243 0.89189 0.71743 0.61707 0.99314 0.70296 0.09293 1.00000 0.67708 0.85412 1.00000 0.63683 0.64393
87.00000 20.00000 0.47616 0.83361 1.00000 0.62699 0.65850 0.63503 0.52970 0.50794 0.49937 0.47568 0.86396 0.60981 0.40541 0.63844 0.47209 0.99341 0.54239 0.30463 0.00000 0.63542 0.86469 1.00000 0.49417 0.49614
87.00000 21.00000 0.83330 0.99762 1.00000 0.06027 0.17983 0.30641 0.22551 0.14659 0.14403 0.13804 0.65124 0.30195 0.24324 0.44951 0.13717 0.99396 0.54491 0.34553 0.00000 0.30208 0.65116 1.00000 0.15844 0.16434
87.00000 22.00000 0.99994 0.99846 1.00000 0.00000 0.12570 0.28281 0.23716 0.00000 0.00000 0.00494 0.62789 0.28346 0.24324 0.46091 0.00495 0.99391 0.59330 0.36720 0.00000 0.28125 0.62791 1.00000 0.01646 0.01977
87.00000 23.00000 0.23807 0.29691 1.00000 0.59794 0.63116 0.67775 0.66423 0.61718 0.61509 0.61582 0.85309 0.65186 0.89189 0.71010 0.61568 0.99308 0.69215 0.10215 1.00000 0.68750 0.85412 1.00000 0.63443 0.63463
87.00000 24.00000 0.47612 0.83266 1.00000 0.62699 0.65345 0.63210 0.53931 0.50794 0.49937 0.47310 0.86398 0.60521 0.40541 0.64577 0.47292 0.99350 0.52780 0.32564 0.00000 0.62500 0.86469 1.00000 0.49588 0.49633
87.00000 25.00000 0.47624 0.83135 1.00000 0.62699 0.65722 0.63560 0.52222 0.50794 0.49937 0.47334 0.86394 0.60819 0.40541 0.63192 0.47249 0.99358 0.54046 0.30214 0.00000 0.62500 0.86469 1.00000 0.49280 0.49337
87.00000 26.00000 0.47622 0.83135 1.00000 0.62699 0.66034 0.64459 0.53300 0.50794 0.49937 0.47380 0.86413 0.60782 0.40541 0.65554 0.47191 0.99350 0.52892 0.31184 0.00000 0.62500 0.86469 1.00000 0.49691 0.48986
87.00000 27.00000 0.99996 0.99929 1.00000 0.00000 0.12799 0.29240 0.22645 0.00000 0.00000 0.00735 0.62789 0.28701 0.24324 0.47231 0.00510 0.99388 0.59423 0.36277 0.00000 0.27083 0.62791 1.00000 0.01235 0.02225
87.00000 28.00000 0.99984 0.99762 1.00000 0.00000 0.12249 0.27057 0.21908 0.00000 0.00000 0.00408 0.62776 0.28173 0.24324 0.46173 0.00434 0.99394 0.58616 0.37244 0.00000 0.26042 0.62791 1.00000 0.01303 0.02058
87.00000 29.00000 0.23809 0.29869 1.00000 0.59794 0.63143 0.66843 0.65674 0.61718 0.61509 0.61694 0.85315 0.65268 0.89189 0.73208 0.61555 0.99330 0.70343 0.12079 1.00000 0.68750 0.85412 1.00000 0.63066 0.63429
87.00000 30.00000 0.59521 0.73634 0.00000 0.23809 0.01147 0.03803 0.05206 0.29318 0.20881 0.09212 0.00148 0.02471 0.02703 0.02606 0.09101 0.00237 0.06622 0.91407 0.00000 0.04167 0.00000 0.00000 0.13923 0.15132
87.00000 31.00000 0.23810 0.29691 1.00000 0.59794 0.63364 0.67956 0.68654 0.61718 0.61509 0.61441 0.85317 0.65208 0.89189 0.72313 0.61639 0.99330 0.69810 0.10962 1.00000 0.68750 0.85412 1.00000 0.63855 0.63872
87.00000 32.00000 0.23802 0.29691 1.00000 0.59794 0.63309 0.69419 0.66967 0.61718 0.61509 0.61658 0.85319 0.65951 0.89189 0.72557 0.61606 0.99314 0.69101 0.10530 1.00000 0.67708 0.85412 1.00000 0.63203 0.63679
87.00000 33.00000 0.00005 0.00000 1.00000 1.00000 0.97495 0.90316 0.89356 1.00000 1.00000 0.99714 0.99918 0.87824 1.00000 0.89495 0.99645 0.99336 0.72062 0.02398 1.00000 0.92708 1.00000 1.00000 0.99314 0.98910
87.00000 34.00000 0.47608 0.83254 1.00000 0.62699 0.65400 0.64345 0.53319 0.50794 0.49937 0.47310 0.86396 0.60465 0.37838 0.65309 0.47264 0.99344 0.52763 0.30920 0.00000 0.64583 0.86469 1.00000 0.49246 0.49196
87.00000 35.00000 0.47626 0.83207 1.00000 0.62699 0.65768 0.62630 0.52891 0.50794 0.49937 0.47260 0.86396 0.60927 0.40541 0.64658 0.47219 0.99333 0.52435 0.30617 0.00000 0.63542 0.86469 1.00000 0.49005 0.49609
87.00000 36.00000 0.00001 0.00000 1.00000 1.00000 0.97743 0.94035 0.89534 1.00000 1.00000 0.99697 0.99909 0.87249 1.00000 0.91124 0.99828 0.99317 0.72062 0.01703 1.00000 0.91667 1.00000 1.00000 0.98354 0.98941
87.00000 37.00000 0.47616 0.83361 1.00000 0.62699 0.65309 0.63887 0.54751 0.50794 0.49937 0.47392 0.86411 0.60634 0.40541 0.64495 0.47229 0.99344 0.53589 0.31041 0.00000 0.62500 0.86469 1.00000 0.49760 0.49127
87.00000 38.00000 0.99993 0.99762 1.00000 0.00000 0.12974 0.28479 0.23145 0.00000 0.00063 0.00480 0.62795 0.27901 0.24324 0.45195 0.00375 0.99385 0.57595 0.36834 0.00000 0.27083 0.62791 1.00000 0.01475 0.02075
87.00000 39.00000 0.83330 0.99917 1.00000 0.06027 0.18158 0.33680 0.23988 0.14659 0.14403 0.13899 0.65118 0.30116 0.24324 0.44137 0.13793 0.99385 0.55170 0.34022 0.00000 0.31250 0.65116 1.00000 0.15706 0.16706
87.00000 40.00000 0.83332 0.99762 1.00000 0.06027 0.18268 0.31895 0.24761 0.14659 0.14403 0.13856 0.65101 0.30669 0.24324 0.45440 0.13788 0.99352 0.54803 0.34809 0.00000 0.31250 0.65116 1.00000 0.16049 0.16648
87.00000 41.00000 0.99985 1.00000 1.00000 0.00000 0.12809 0.27924 0.22007 0.00000 0.00000 0.00492 0.62793 0.28380 0.24324 0.45033 0.00408 0.99380 0.59014 0.36032 0.00000 0.28125 0.62791 1.00000 0.01886 0.02409
87.00000 42.00000 0.83328 0.99762 1.00000 0.06027 0.18515 0.30993 0.23449 0.14659 0.14403 0.13882 0.65115 0.30480 0.24324 0.44381 0.13897 0.99391 0.55189 0.35669 0.00000 0.32292 0.65116 1.00000 0.15261 0.16386
87.00000 43.00000 0.00002 0.00000 1.00000 1.00000 0.97835 0.91765 0.88413 1.00000 1.00000 0.99611 0.99916 0.87597 1.00000 0.87785 0.99630 0.99311 0.71736 0.01801 1.00000 0.90625 1.00000 1.00000 0.98594 0.98957
87.00000 44.00000 0.99978 0.99762 1.00000 0.00000 0.13148 0.27639 0.21896 0.00000 0.00000 0.00580 0.62793 0.27605 0.24324 0.46580 0.00431 0.99366 0.57869 0.36233 0.00000 0.26042 0.62791 1.00000 0.01475 0.02138
87.00000 45.00000 0.83318 0.99762 1.00000 0.06027 0.17827 0.32152 0.23807 0.14659 0.14403 0.13758 0.65105 0.30279 0.24324 0.45114 0.13636 0.99385 0.54468 0.35882 0.00000 0.31250 0.65116 1.00000 0.15672 0.16731
87.00000 46.00000 0.23817 0.29905 1.00000 0.59794 0.63621 0.68195 0.69109 0.61718 0.61509 0.61572 0.85311 0.65482 0.89189 0.73616 0.61654 0.99333 0.69910 0.11845 1.00000 0.69792 0.85412 1.00000 0.63306 0.63224
87.00000 47.00000 0.59519 0.73836 0.00000 0.23809 0.00927 0.03906 0.05483 0.29318 0.20881 0.09245 0.00154 0.03213 0.02703 0.03339 0.09053 0.00218 0.06783 0.94347 0.00000 0.03125 0.00000 0.00000 0.13889 0.14973
87.00000 48.00000 0.00002 0.00000 1.00000 1.00000 0.97275 0.91575 0.90394 1.00000 1.00000 0.99711 0.99909 0.88486 1.00000 0.88844 0.99762 0.99314 0.71195 0.01300 1.00000 0.91667 1.00000 1.00000 0.99108 0.98466
87.00000 49.00000 0.83323 0.99762 1.00000 0.06027 0.18121 0.31388 0.23531 0.14659 0.14403 0.13937 0.65122 0.29885 0.24324 0.43648 0.13745 0.99372 0.56860 0.35398 0.00000 0.31250 0.65116 1.00000 0.16427 0.16291
87.00000 50.00000 0.99980 0.99762 1.00000 0.00000 0.12726 0.31139 0.24132 0.00000 0.00000 0.00494 0.62793 0.28239 0.24324 0.46498 0.00444 0.99385 0.59471 0.36903 0.00000 0.28125 0.62791 1.00000 0.01578 0.01972
87.00000 51.00000 0.00002 0.00000 1.00000 1.00000 0.98275 0.92285 0.88658 1.00000 1.00000 0.99628 0.99916 0.87714 1.00000 0.89007 0.99665 0.99322 0.70795 0.01984 1.00000 0.90625 1.00000 1.00000 0.98457 0.99130
87.00000 52.00000 0.59510 0.73634 0.00000 0.23809 0.01321 0.03159 0.03979 0.29318 0.20881 0.09233 0.00163 0.02281 0.02703 0.03909 0.08847 0.00231 0.06817 0.92406 0.00000 0.04167 0.00000 0.00000 0.14540 0.14280
87.00000 53.00000 0.47617 0.83135 1.00000 0.62699 0.65648 0.64570 0.53887 0.50794 0.50000 0.47349 0.86396 0.60617 0.40541 0.65717 0.47318 0.99347 0.52930 0.31166 0.00000 0.62500 0.86469 1.00000 0.49417 0.49695
87.00000 54.00000 0.99979 0.99774 1.00000 0.00000 0.12607 0.28422 0.21550 0.00000 0.00000 0.00620 0.62778 0.27701 0.24324 0.46091 0.00332 0.99363 0.58171 0.36039 0.00000 0.28125 0.62791 1.00000 0.01269 0.01733
87.00000 55.00000 0.47621 0.83302 1.00000 0.62699 0.66135 0.67227 0.52946 0.50794 0.50000 0.47215 0.86396 0.60786 0.40541 0.64495 0.47287 0.99350 0.52985 0.30119 0.00000 0.62500 0.86469 1.00000 0.49211 0.49885
87.00000 56.00000 0.83329 0.99786 1.00000 0.06027 0.18314 0.32848 0.25822 0.14659 0.14403 0.13952 0.65094 0.30524 0.27027 0.45928 0.13796 0.99396 0.54037 0.35241 0.00000 0.31250 0.65116 1.00000 0.16118 0.16759
87.00000 57.00000 0.99996 0.99846 1.00000 0.00000 0.13038 0.28920 0.23504 0.00000 0.00000 0.00475 0.62780 0.28342 0.24324 0.46336 0.00375 0.99394 0.58987 0.37031 0.00000 0.27083 0.62791 1.00000 0.01646 0.02100
87.00000 58.00000 0.59520 0.73848 0.00000 0.23809 0.01285 0.02834 0.03052 0.29318 0.20881 0.09439 0.00156 0.02275 0.02703 0.01629 0.09159 0.00226 0.07736 0.93095 0.00000 0.03125 0.00000 0.00000 0.14506 0.15310
87.00000 59.00000 0.47620 0.83254 1.00000 0.62699 0.65914 0.63113 0.52876 0.50794 0.49937 0.47396 0.86400 0.60255 0.40541 0.64495 0.47252 0.99322 0.53337 0.32938 0.00000 0.63542 0.86469 1.00000 0.49280 0.49912
87.00000 60.00000 0.00001 0.00000 1.00000 1.00000 0.97844 0.92518 0.90856 1.00000 1.00000 0.99508 0.99916 0.88134 1.00000 0.89577 0.99754 0.99311 0.72036 0.03032 1.00000 0.92708 1.00000 1.00000 0.98868 0.98943
87.00000 61.00000 0.23814 0.29893 1.00000 0.59794 0.63694 0.68292 0.65667 0.61718 0.61509 0.61472 0.85322 0.65453 0.89189 0.72476 0.61621 0.99319 0.70477 0.10252 1.00000 0.67708 0.85412 1.00000 0.63066 0.63829
87.00000 62.00000 0.99986 0.99893 1.00000 0.00000 0.13029 0.28430 0.25422 0.00000 0.00000 0.00480 0.62799 0.28245 0.24324 0.46417 0.00487 0.99380 0.59904 0.36878 0.00000 0.28125 0.62791 1.00000 0.01680 0.02157
87.00000 63.00000 0.59530 0.73824 0.00000 0.23809 0.01367 0.02706 0.05050 0.29318 0.20881 0.09050 0.00156 0.02985 0.02703 0.03013 0.08951 0.00223 0.06336 0.92908 0.00000 0.03125 0.00000 0.00000 0.13855 0.14647
87.00000 64.00000 0.00001 0.00000 1.00000 1.00000 0.98009 0.91984 0.90382 1.00000 1.00000 0.99644 0.99920 0.88138 1.00000 0.89984 0.99734 0.99311 0.72933 0.01545 1.00000 0.91667 1.00000 1.00000 0.98731 0.99048
87.00000 65.00000 0.59511 0.73634 0.00000 0.23809 0.00954 0.05041 0.03319 0.29318 0.20881 0.09295 0.00160 0.02484 0.02703 0.02687 0.09007 0.00215 0.08131 0.92201 0.00000 0.03125 0.00000 0.00000 0.14163 0.14805
87.00000 66.00000 0.83319 0.99810 1.00000 0.06027 0.18222 0.29722 0.24602 0.14659 0.14403 0.13909 0.65115 0.31128 0.24324 0.46824 0.13788 0.99402 0.54565 0.35409 0.00000 0.32292 0.65116 1.00000 0.16529 0.16537
87.00000 67.00000 0.00005 0.00000 1.00000 1.00000 0.97532 0.91218 0.89354 1.00000 1.00000 0.99592 0.99920 0.87523 1.00000 0.90798 0.99782 0.99322 0.71579 0.00820 1.00000 0.94792 1.00000 1.00000 0.98834 0.99404
87.00000 68.00000 0.47613 0.83325 1.00000 0.62699 0.65868 0.62435 0.54463 0.50794 0.49937 0.47432 0.86403 0.61037 0.40541 0.65228 0.47234 0.99347 0.53454 0.30994 0.00000 0.64583 0.86469 1.00000 0.49623 0.49647
87.00000 69.00000 0.99977 0.99857 1.00000 0.00000 0.12597 0.29159 0.23629 0.00000 0.00000 0.00473 0.62795 0.27680 0.24324 0.48046 0.00304 0.99374 0.58890 0.37445 0.00000 0.27083 0.62791 1.00000 0.01680 0.01918
87.00000 70.00000 0.59524 0.73634 0.00000 0.23809 0.01725 0.02519 0.03639 0.29318 0.20881 0.09322 0.00158 0.02293 0.02703 0.02769 0.09060 0.00234 0.08321 0.92227 0.00000 0.05208 0.00000 0.00000 0.14198 0.14946
87.00000 71.00000 0.47623 0.83171 1.00000 0.62699 0.66107 0.66886 0.54506 0.50794 0.50000 0.47346 0.86398 0.60332 0.40541 0.65554 0.47257 0.99333 0.53101 0.31243 0.00000 0.63542 0.86469 1.00000 0.49691 0.50175
87.00000 72.00000 0.99992 0.99988 1.00000 0.00000 0.12625 0.29189 0.23978 0.00000 0.00000 0.00451 0.62776 0.27654 0.24324 0.47150 0.00403 0.99369 0.59773 0.35915 0.00000 0.29167 0.62791 1.00000 0.01783 0.02358
87.00000 73.00000 0.23814 0.29703 1.00000 0.59794 0.63841 0.69557 0.66461 0.61718 0.61509 0.61797 0.85317 0.65649 0.89189 0.72638 0.61803 0.99333 0.70855 0.10362 1.00000 0.68750 0.85412 1.00000 0.62517 0.63712
87.00000 74.00000 0.83332 0.99762 1.00000 0.06027 0.18589 0.31705 0.24301 0.14659 0.14403 0.13754 0.65115 0.29922 0.24324 0.45440 0.13760 0.99394 0.53999 0.35376 0.00000 0.29167 0.65116 1.00000 0.16084 0.16776
87.00000 75.00000 0.83318 0.99762 1.00000 0.06027 0.18754 0.32664 0.23232 0.14659 0.14403 0.13830 0.65103 0.29980 0.24324 0.44951 0.13702 0.99361 0.55558 0.35805 0.00000 0.30208 0.65116 1.00000 0.15947 0.16363
87.00000 76.00000 0.00004 0.00000 1.00000 1.00000 0.98468 0.91426 0.90947 1.00000 1.00000 0.99788 0.99920 0.87464 1.00000 0.90554 0.99599 0.99319 0.72433 0.02303 1.00000 0.93750 1.00000 1.00000 0.99211 0.98962
87.00000 77.00000 0.59515 0.73634 0.00000 0.23809 0.00936 0.02579 0.04239 0.29318 0.20881 0.09319 0.00139 0.03049 0.02703 0.03583 0.08974 0.00229 0.08907 0.93300 0.00000 0.03125 0.00000 0.00000 0.13992 0.14718
87.00000 78.00000 0.99999 0.99762 1.00000 0.00000 0.12561 0.29912 0.22787 0.00000 0.00000 0.00477 0.62778 0.28668 0.24324 0.46336 0.00208 0.99363 0.57728 0.37328 0.00000 0.27083 0.62791 1.00000 0.01440 0.02025
87.00000 79.00000 0.23809 0.29917 1.00000 0.59794 0.63042 0.69549 0.68866 0.61718 0.61509 0.61472 0.85317 0.65379 0.89189 0.73860 0.61532 0.99341 0.68613 0.11226 1.00000 0.69792 0.85412 1.00000 0.62997 0.63549
87.00000 80.00000 0.00001 0.00202 1.00000 1.00000 0.98468 0.92762 0.89780 1.00000 1.00000 0.99652 0.99909 0.87482 1.00000 0.89414 0.99622 0.99322 0.70948 0.03240 1.00000 0.92708 1.00000 1.00000 0.98731 0.98432
87.00000 81.00000 0.23813 0.29834 1.00000 0.59794 0.63391 0.68176 0.68423 0.61718 0.61509 0.61608 0.85322 0.65462 0.89189 0.73941 0.61512 0.99361 0.69993 0.10541 1.00000 0.68750 0.85412 1.00000 0.62689 0.63327
87.00000 82.00000 0.99994 0.99762 1.00000 0.00000 0.12818 0.28994 0.22741 0.00000 0.00063 0.00535 0.62774 0.27721 0.24324 0.45114 0.00419 0.99374 0.58833 0.36782 0.00000 0.27083 0.62791 1.00000 0.01783 0.02841
87.00000 83.00000 0.83331 0.99798 1.00000 0.06027 0.18736 0.31361 0.24871 0.14659 0.14403 0.13801 0.65111 0.30557 0.24324 0.45684 0.13633 0.99391 0.54539 0.35234 0.00000 0.32292 0.65116 1.00000 0.16049 0.16844
87.00000 84.00000 0.59509 0.73812 0.00000 0.23809 0.01055 0.05930 0.06662 0.29318 0.20818 0.09257 0.00158 0.02393 0.02703 0.02524 0.09081 0.00226 0.08085 0.92670 0.00000 0.03125 0.00000 0.00000 0.15089 0.14207
87.00000 85.00000 0.59522 0.73634 0.00000 0.23809 0.01110 0.03914 0.05967 0.29318 0.20881 0.09250 0.00160 0.02421 0.02703 0.03420 0.09144 0.00212 0.07374 0.92930 0.00000 0.02083 0.00000 0.00000 0.14575 0.15537
87.00000 86.00000 0.00004 0.00000 1.00000 1.00000 0.97752 0.93940 0.91978 1.00000 1.00000 0.99601 0.99932 0.88366 1.00000 0.89169 0.99713 0.99317 0.70898 0.02120 1.00000 0.93750 1.00000 1.00000 0.98560 0.98305
87.00000 87.00000 0.59512 0.73634 0.00000 0.23809 0.00872 0.02657 0.05957 0.29318 0.20881 0.09515 0.00156 0.02495 0.02703 0.03583 0.08964 0.00223 0.07067 0.92417 0.00000 0.04167 0.00000 0.00000 0.14300 0.14689
87.00000 88.00000 0.99993 0.99774 1.00000 0.00000 0.12809 0.29470 0.24269 0.00000 0.00063 0.00492 0.62782 0.27255 0.24324 0.46091 0.00495 0.99372 0.58878 0.37053 0.00000 0.27083 0.62791 1.00000 0.00995 0.02098
87.00000 89.00000 0.59519 0.73753 0.00000 0.23809 0.01046 0.04746 0.08001 0.29318 0.20881 0.09193 0.00163 0.02388 0.02703 0.02443 0.09010 0.00215 0.07652 0.93040 0.00000 0.05208 0.00000 0.00000 0.14026 0.14410
87.00000 90.00000 0.00006 0.00036 1.00000 1.00000 0.97752 0.92345 0.91759 1.00000 1.00000 0.99568 0.99928 0.88281 1.00000 0.89495 0.99739 0.99330 0.71667 0.02482 1.00000 0.92708 1.00000 1.00000 0.98937 0.98392
87.00000 91.00000 0.99996 0.99774 1.00000 0.00000 0.12524 0.30018 0.24065 0.00000 0.00000 0.00556 0.62774 0.27779 0.24324 0.45847 0.00495 0.99363 0.58985 0.37606 0.00000 0.29167 0.62791 1.00000 0.01440 0.02866
87.00000 92.00000 0.99988 0.99762 1.00000 0.00000 0.12451 0.31237 0.24917 0.00000 0.00063 0.00446 0.62780 0.28608 0.24324 0.47313 0.00416 0.99391 0.59540 0.36911 0.00000 0.29167 0.62791 1.00000 0.01166 0.02184
87.00000 93.00000 0.59517 0.73634 0.00000 0.23809 0.01028 0.05697 0.04270 0.29318 0.20881 0.09250 0.00150 0.02384 0.02703 0.02443 0.09012 0.00229 0.08135 0.93831 0.00000 0.03125 0.00000 0.00000 0.14095 0.14705
87.00000 94.00000 0.59512 0.73789 0.00000 0.23809 0.00679 0.02817 0.05103 0.29318 0.20881 0.09074 0.00167 0.02606 0.02703 0.04153 0.09025 0.00226 0.07171 0.93739 0.00000 0.04167 0.00000 0.00000 0.13957 0.14088
87.00000 95.00000 0.99981 0.99834 1.00000 0.00000 0.12506 0.28725 0.23769 0.00000 0.00000 0.00616 0.62789 0.27954 0.24324 0.48534 0.00525 0.99374 0.57578 0.37841 0.00000 0.27083 0.62791 1.00000 0.01097 0.02167
87.00000 96.00000 0.99990 0.99881 1.00000 0.00000 0.12698 0.28148 0.24257 0.00000 0.00000 0.00556 0.62780 0.27942 0.24324 0.46743 0.00421 0.99366 0.58557 0.36273 0.00000 0.28125 0.62791 1.00000 0.01303 0.02042
87.00000 97.00000 0.47619 0.83135 1.00000 0.62699 0.65685 0.63253 0.52024 0.50794 0.49937 0.47248 0.86403 0.60882 0.37838 0.64821 0.47193 0.99363 0.51940 0.30811 0.00000 0.63542 0.86469 1.00000 0.48525 0.48695
87.00000 98.00000 0.99990 0.99822 1.00000 0.00000 0.13047 0.29373 0.23721 0.00000 0.00063 0.00444 0.62782 0.28476 0.24324 0.46824 0.00368 0.99377 0.59345 0.36936 0.00000 0.29167 0.62791 1.00000 0.01920 0.02143
87.00000 99.00000 0.23807 0.29727 1.00000 0.59794 0.63373 0.68338 0.68685 0.61718 0.61509 0.61529 0.85343 0.65235 0.89189 0.75570 0.61436 0.99336 0.69834 0.11592 1.00000 0.67708 0.85412 1.00000 0.62791 0.63594
87.00000 100.00000 0.00001 0.00000 1.00000 1.00000 0.97991 0.92001 0.92649 1.00000 1.00000 0.99453 0.99930 0.87793 1.00000 0.88518 0.99698 0.99328 0.71188 0.04438 1.00000 0.92708 1.00000 1.00000 0.98628 0.98420
87.00000 101.00000 0.99996 0.99762 1.00000 0.00000 0.12909 0.28335 0.24294 0.00000 0.00063 0.00458 0.62787 0.27874 0.24324 0.45603 0.00312 0.99366 0.57966 0.36665 0.00000 0.28125 0.62791 1.00000 0.01783 0.02262
87.00000 102.00000 0.00003 0.00083 1.00000 1.00000 0.97816 0.91459 0.89626 1.00000 1.00000 0.99544 0.99922 0.88379 1.00000 0.91775 0.99412 0.99322 0.71431 0.03757 1.00000 0.91667 1.00000 1.00000 0.98937 0.98739
87.00000 103.00000 0.47617 0.83135 1.00000 0.62699 0.65850 0.64662 0.54443 0.50794 0.50000 0.47301 0.86400 0.60511 0.37838 0.65717 0.47110 0.99350 0.53520 0.32777 0.00000 0.64583 0.86469 1.00000 0.49760 0.49515
87.00000 104.00000 0.99992 0.99834 1.00000 0.00000 0.12753 0.29069 0.23918 0.00000 0.00063 0.00480 0.62776 0.27847 0.24324 0.46824 0.00449 0.99355 0.57678 0.36903 0.00000 0.30208 0.62791 1.00000 0.01646 0.01544
87.00000 105.00000 0.99982 0.99762 1.00000 0.00000 0.13065 0.31139 0.23177 0.00000 0.00063 0.00422 0.62776 0.28480 0.24324 0.46254 0.00403 0.99372 0.57874 0.36903 0.00000 0.28125 0.62791 1.00000 0.02606 0.02069
87.00000 106.00000 0.23816 0.29822 1.00000 0.59794 0.63419 0.68157 0.68618 0.61718 0.61509 0.61551 0.85328 0.65708 0.89189 0.73616 0.61651 0.99339 0.68639 0.11771 1.00000 0.69792 0.85412 1.00000 0.63203 0.63166
87.00000 107.00000 0.00005 0.00000 1.00000 1.00000 0.98192 0.92781 0.92141 1.00000 1.00000 0.99611 0.99939 0.88439 1.00000 0.90147 0.99531 0.99339 0.70750 0.02340 1.00000 0.92708 1.00000 1.00000 0.99417 0.98193
87.00000 108.00000 0.99988 0.99786 1.00000 0.00000 0.12148 0.29836 0.24096 0.00000 0.00063 0.00434 0.62782 0.28477 0.24324 0.47557 0.00421 0.99361 0.58583 0.38035 0.00000 0.31250 0.62791 1.00000 0.01578 0.02185
87.00000 109.00000 0.23804 0.29691 1.00000 0.59794 0.63428 0.67945 0.67431 0.61718 0.61509 0.61541 0.85328 0.66551 0.89189 0.73616 0.61606 0.99355 0.69803 0.12039 1.00000 0.68750 0.85412 1.00000 0.62929 0.63736
87.00000 110.00000 0.23822 0.29703 1.00000 0.59794 0.63887 0.69619 0.68498 0.61718 0.61509 0.61634 0.85328 0.65368 0.89189 0.75326 0.61575 0.99341 0.69653 0.11229 1.00000 0.69792 0.85412 1.00000 0.63134 0.62766
87.00000 111.00000 0.99982 0.99762 1.00000 0.00000 0.12882 0.29782 0.23706 0.00000 0.00000 0.00549 0.62763 0.28481 0.24324 0.46498 0.00322 0.99369 0.59149 0.36310 0.00000 0.27083 0.62791 1.00000 0.01646 0.01981
87.00000 112.00000 0.47608 0.83349 1.00000 0.62699 0.65749 0.63757 0.54222 0.50794 0.50000 0.47165 0.86398 0.61028 0.37838 0.64984 0.47206 0.99363 0.54560 0.31667 0.00000 0.64583 0.86469 1.00000 0.48971 0.49299
87.00000 113.00000 0.59514 0.73836 0.00000 0.23809 0.00890 0.05580 0.05394 0.29318 0.20881 0.09298 0.00158 0.02414 0.02703 0.04723 0.09002 0.00226 0.08959 0.94486 0.00000 0.03125 0.00000 0.00000 0.13717 0.14693
87.00000 114.00000 0.00007 0.00000 1.00000 1.00000 0.98550 0.94081 0.92286 1.00000 1.00000 0.99544 0.99937 0.87486 1.00000 0.90472 0.99637 0.99333 0.70017 0.03288 1.00000 0.94792 1.00000 1.00000 0.98080 0.98417
87.00000 115.00000 0.23819 0.29739 1.00000 0.59794 0.63621 0.67991 0.68115 0.61718 0.61509 0.61692 0.85336 0.65369 0.89189 0.74837 0.61623 0.99350 0.68818 0.11987 1.00000 0.69792 0.85412 1.00000 0.62894 0.63732
87.00000 116.00000 0.83332 0.99762 1.00000 0.06027 0.18892 0.31700 0.26065 0.14659 0.14403 0.13761 0.65103 0.30319 0.24324 0.46498 0.13636 0.99388 0.53354 0.35442 0.00000 0.32292 0.65116 1.00000 0.16461 0.16143
87.00000 117.00000 0.83329 0.99964 1.00000 0.06027 0.18690 0.33090 0.24845 0.14659 0.14403 0.13916 0.65105 0.30745 0.24324 0.46906 0.13661 0.99383 0.52870 0.36303 0.00000 0.32292 0.65116 1.00000 0.15672 0.16135
87.00000 118.00000 0.47611 0.83135 1.00000 0.62699 0.65878 0.63367 0.55185 0.50794 0.50000 0.47277 0.86411 0.60721 0.40541 0.67427 0.47138 0.99355 0.52168 0.33180 0.00000 0.64583 0.86469 1.00000 0.49897 0.48973
87.00000 119.00000 0.47626 0.83135 1.00000 0.62699 0.66355 0.65786 0.54263 0.50794 0.50000 0.47315 0.86411 0.60972 0.40541 0.65065 0.47034 0.99344 0.52059 0.33128 0.00000 0.64583 0.86469 1.00000 0.48903 0.48995
87.00000 120.00000 0.23809 0.29691 1.00000 0.59794 0.63832 0.70318 0.68310 0.61718 0.61509 0.61486 0.85326 0.65614 0.89189 0.74837 0.61583 0.99352 0.70719 0.11995 1.00000 0.67708 0.85412 1.00000 0.63134 0.63299
87.00000 121.00000 0.23820 0.29739 1.00000 0.59794 0.63767 0.71201 0.69848 0.61718 0.61509 0.61520 0.85332 0.65474 0.89189 0.74593 0.61649 0.99366 0.68510 0.11775 1.00000 0.69792 0.85412 1.00000 0.63752 0.62813
87.00000 122.00000 0.99980 0.99964 1.00000 0.00000 0.12891 0.29625 0.26965 0.00000 0.00063 0.00377 0.62766 0.28224 0.24324 0.47394 0.00203 0.99355 0.59235 0.37064 0.00000 0.28125 0.62791 1.00000 0.01132 0.01587
87.00000 123.00000 0.99981 0.99786 1.00000 0.00000 0.12974 0.31315 0.23940 0.00000 0.00063 0.00346 0.62780 0.27938 0.24324 0.48127 0.00413 0.99358 0.58173 0.37958 0.00000 0.29167 0.62791 1.00000 0.00720 0.02287
87.00000 124.00000 0.99995 0.99941 1.00000 0.00000 0.13322 0.29806 0.25203 0.00000 0.00063 0.00513 0.62768 0.28423 0.24324 0.47720 0.00401 0.99352 0.59159 0.38609 0.00000 0.29167 0.62791 1.00000 0.01200 0.01661
87.00000 125.00000 0.00001 0.00024 1.00000 1.00000 0.98449 0.93778 0.92861 1.00000 1.00000 0.99492 0.99937 0.87346 1.00000 0.92264 0.99498 0.99336 0.70593 0.03863 1.00000 0.94792 1.00000 1.00000 0.98491 0.98623
87.00000 126.00000 0.23810 0.29691 1.00000 0.59794 0.63639 0.69931 0.69629 0.61718 0.61572 0.61465 0.85341 0.65803 0.89189 0.74511 0.61476 0.99355 0.67504 0.12408 1.00000 0.68750 0.85412 1.00000 0.62997 0.63584
87.00000 127.00000 0.99992 0.99857 1.00000 0.00000 0.12460 0.29349 0.26383 0.00000 0.00063 0.00473 0.62770 0.28093 0.24324 0.47964 0.00299 0.99350 0.59052 0.38972 0.00000 0.29167 0.62791 1.00000 0.01269 0.01867
87.00000 128.00000 0.99978 0.99762 1.00000 0.00000 0.13075 0.29332 0.24662 0.00000 0.00063 0.00382 0.62763 0.27930 0.24324 0.47394 0.00307 0.99347 0.57871 0.37313 0.00000 0.29167 0.62791 1.00000 0.01235 0.02031
87.00000 129.00000 0.99991 0.99762 1.00000 0.00000 0.13157 0.28939 0.26780 0.00000 0.00063 0.00449 0.62763 0.27520 0.24324 0.47964 0.00449 0.99350 0.57647 0.38122 0.00000 0.31250 0.62791 1.00000 0.01200 0.01929
87.00000 130.00000 0.99990 0.99762 1.00000 0.00000 0.12864 0.32185 0.24922 0.00000 0.00000 0.00453 0.62751 0.28130 0.24324 0.48779 0.00512 0.99339 0.57652 0.37705 0.00000 0.28125 0.62791 1.00000 0.01063 0.01765
87.00000 131.00000 0.59525 0.73741 0.00000 0.23809 0.00725 0.03362 0.06598 0.29318 0.20881 0.09245 0.00137 0.02938 0.02703 0.04153 0.09106 0.00204 0.08354 0.94621 0.00000 0.04167 0.00000 0.00000 0.13889 0.14319
87.00000 132.00000 0.23818 0.29810 1.00000 0.59794 0.63565 0.70874 0.69715 0.61718 0.61509 0.61474 0.85345 0.65339 0.89189 0.77280 0.61428 0.99372 0.68948 0.12504 1.00000 0.69792 0.85412 1.00000 0.63100 0.64226
87.00000 133.00000 0.59509 0.73634 0.00000 0.23809 0.01193 0.06046 0.06954 0.29318 0.20818 0.09217 0.00152 0.02657 0.02703 0.05130 0.09116 0.00209 0.07338 0.96317 0.00000 0.04167 0.00000 0.00000 0.13717 0.14334
87.00000 134.00000 0.99986 0.99905 1.00000 0.00000 0.12763 0.31876 0.25682 0.00000 0.00063 0.00470 0.62740 0.27720 0.24324 0.49023 0.00266 0.99336 0.55850 0.37343 0.00000 0.29167 0.62791 1.00000 0.00892 0.01576
87.00000 135.00000 0.47613 0.83207 1.00000 0.62699 0.66015 0.64884 0.55791 0.50794 0.50000 0.47031 0.86409 0.60689 0.40541 0.67752 0.47079 0.99363 0.53413 0.33494 0.00000 0.63542 0.86469 1.00000 0.49623 0.49311
87.00000 136.00000 0.47611 0.83207 1.00000 0.62699 0.66373 0.66992 0.58152 0.50794 0.50000 0.47320 0.86405 0.60703 0.40541 0.67508 0.47062 0.99355 0.51685 0.33051 0.00000 0.65625 0.86469 1.00000 0.48800 0.49946
87.00000 137.00000 0.23816 0.29691 1.00000 0.59794 0.63492 0.69546 0.69990 0.61718 0.61509 0.61231 0.85341 0.65469 0.89189 0.76140 0.61423 0.99361 0.68449 0.12873 1.00000 0.69792 0.85412 1.00000 0.63169 0.63161
87.00000 138.00000 0.00002 0.00000 1.00000 1.00000 0.98358 0.94479 0.94847 1.00000 1.00000 0.99415 0.99939 0.87325 1.00000 0.91775 0.99368 0.99333 0.69624 0.04727 1.00000 0.92708 1.00000 1.00000 0.98217 0.98086
87.00000 139.00000 0.59521 0.73777 0.00000 0.23809 0.00973 0.06011 0.07156 0.29318 0.20881 0.09035 0.00141 0.02880 0.02703 0.04805 0.08913 0.00185 0.06795 0.95255 0.00000 0.04167 0.00000 0.00000 0.14129 0.14188
87.00000 140.00000 0.59525 0.73634 0.00000 0.23809 0.00927 0.04984 0.07710 0.29318 0.20881 0.09348 0.00139 0.02162 0.02703 0.06026 0.09037 0.00204 0.06831 0.95207 0.00000 0.05208 0.00000 0.00000 0.14026 0.14575
87.00000 141.00000 0.99976 1.00000 1.00000 0.00000 0.13423 0.29923 0.26373 0.00000 0.00063 0.00339 0.62738 0.28085 0.24324 0.49023 0.00266 0.99322 0.57733 0.38338 0.00000 0.29167 0.62791 1.00000 0.01646 0.01812
87.00000 142.00000 0.99983 0.99762 1.00000 0.00000 0.13396 0.30760 0.24830 0.00000 0.00000 0.00403 0.62751 0.27589 0.24324 0.48453 0.00446 0.99341 0.57407 0.37873 0.00000 0.30208 0.62791 1.00000 0.00686 0.01916
87.00000 143.00000 0.99998 0.99952 1.00000 0.00000 0.12772 0.30519 0.24058 0.00000 0.00063 0.00399 0.62732 0.27473 0.24324 0.48371 0.00411 0.99322 0.56384 0.39411 0.00000 0.30208 0.62791 1.00000 0.00514 0.01941
87.00000 144.00000 0.23809 0.29751 1.00000 0.59794 0.63877 0.69896 0.69660 0.61718 0.61572 0.61322 0.85349 0.64549 0.89189 0.77036 0.61529 0.99369 0.67532 0.13009 1.00000 0.68750 0.85412 1.00000 0.63203 0.62615
87.00000 145.00000 0.47627 0.83195 1.00000 0.62699 0.66446 0.66780 0.56306 0.50794 0.50000 0.47117 0.86428 0.60430 0.40541 0.70114 0.47029 0.99366 0.50286 0.32934 1.00000 0.65625 0.86469 1.00000 0.48525 0.48983
87.00000 146.00000 0.83324 0.99762 1.00000 0.06027 0.19103 0.34330 0.26229 0.14659 0.14403 0.13627 0.65086 0.29667 0.24324 0.47068 0.13601 0.99358 0.52775 0.38401 0.00000 0.35417 0.65116 1.00000 0.15741 0.16231
87.00000 147.00000 0.23805 0.29739 1.00000 0.59794 0.63942 0.69614 0.71232 0.61718 0.61572 0.61314 0.85357 0.65466 0.89189 0.77036 0.61281 0.99380 0.66999 0.13031 1.00000 0.69792 0.85412 1.00000 0.63237 0.62664
87.00000 148.00000 0.83333 0.99905 1.00000 0.06027 0.18607 0.36178 0.27622 0.14659 0.14403 0.13536 0.65084 0.29578 0.24324 0.49023 0.13689 0.99339 0.53016 0.39038 0.00000 0.32292 0.65116 1.00000 0.15295 0.15602
87.00000 149.00000 0.99981 0.99869 1.00000 0.00000 0.13616 0.32553 0.27728 0.00000 0.00063 0.00336 0.62728 0.28216 0.24324 0.49593 0.00386 0.99314 0.56393 0.39525 0.00000 0.29167 0.62791 1.00000 0.00926 0.01561
87.00000 150.00000 0.59518 0.73634 0.00000 0.23809 0.02046 0.06109 0.08896 0.29318 0.20881 0.09195 0.00135 0.02281 0.02703 0.07329 0.08956 0.00201 0.08771 0.95760 0.00000 0.06250 0.00000 0.00000 0.13923 0.14938
87.00000 151.00000 0.83325 0.99762 1.00000 0.06027 0.18708 0.35438 0.28022 0.14659 0.14403 0.13754 0.65080 0.29915 0.24324 0.50000 0.13560 0.99352 0.52854 0.38371 0.00000 0.34375 0.65116 1.00000 0.15261 0.15870
87.00000 152.00000 0.00005 0.00000 1.00000 1.00000 0.98468 0.95525 0.95788 1.00000 1.00000 0.98974 0.99954 0.86856 1.00000 0.92427 0.99130 0.99355 0.69532 0.04379 1.00000 0.94792 1.00000 1.00000 0.96914 0.97571
87.00000 153.00000 0.23824 0.29691 1.00000 0.59794 0.63988 0.69221 0.70505 0.61718 0.61572 0.61427 0.85368 0.65111 0.89189 0.77117 0.61390 0.99385 0.67556 0.14389 1.00000 0.71875 0.85412 1.00000 0.62449 0.62617
87.00000 154.00000 0.00006 0.00000 1.00000 1.00000 0.98560 0.95316 0.93829 1.00000 1.00000 0.99179 0.99951 0.87994 1.00000 0.93811 0.99330 0.99377 0.68782 0.05536 1.00000 0.93750 1.00000 1.00000 0.96879 0.97956
87.00000 155.00000 0.83321 0.99762 1.00000 0.06027 0.18378 0.34422 0.27507 0.14659 0.14403 0.13617 0.65071 0.29999 0.24324 0.49837 0.13656 0.99330 0.52635 0.38580 0.00000 0.34375 0.65116 1.00000 0.15021 0.15959
87.00000 156.00000 0.83329 0.99762 1.00000 0.06027 0.19470 0.36568 0.28925 0.14659 0.14403 0.13684 0.65065 0.30302 0.24324 0.49756 0.13552 0.99350 0.51892 0.39928 0.00000 0.34375 0.65116 1.00000 0.15398 0.15996
87.00000 157.00000 0.47616 0.83135 1.00000 0.62699 0.66648 0.67230 0.56188 0.50794 0.50000 0.47136 0.86428 0.60771 0.40541 0.69870 0.46808 0.99385 0.51269 0.35398 1.00000 0.67708 0.86469 1.00000 0.49040 0.48553
87.00000 158.00000 0.99985 0.99762 1.00000 0.00000 0.13552 0.30968 0.26602 0.00000 0.00063 0.00308 0.62721 0.27852 0.24324 0.50651 0.00398 0.99283 0.55453 0.40345 0.00000 0.33333 0.62791 1.00000 0.00995 0.01804
87.00000 159.00000 0.00000 0.00000 1.00000 1.00000 0.98688 0.95324 0.97307 1.00000 1.00000 0.99153 0.99973 0.87357 1.00000 0.96743 0.99138 0.99369 0.68025 0.04445 1.00000 0.94792 1.00000 1.00000 0.97154 0.97387
87.00000 160.00000 0.99977 0.99762 1.00000 0.00000 0.13643 0.32185 0.28008 0.00000 0.00063 0.00420 0.62713 0.27854 0.24324 0.50814 0.00342 0.99267 0.56484 0.40616 0.00000 0.31250 0.62791 1.00000 0.00480 0.01516
87.00000 161.00000 0.23810 0.29691 1.00000 0.59794 0.64043 0.71927 0.72857 0.61718 0.61572 0.61248 0.85366 0.65149 0.89189 0.78827 0.61212 0.99399 0.66499 0.13895 1.00000 0.69792 0.85412 1.00000 0.61831 0.63196
87.00000 162.00000 0.99995 0.99762 1.00000 0.00000 0.13295 0.32125 0.29370 0.00000 0.00063 0.00432 0.62715 0.27455 0.24324 0.50977 0.00178 0.99283 0.55789 0.40806 0.00000 0.31250 0.62791 1.00000 0.01337 0.01556
87.00000 163.00000 0.99988 0.99762 1.00000 0.00000 0.13120 0.32150 0.31168 0.00000 0.00000 0.00415 0.62713 0.27482 0.24324 0.52687 0.00233 0.99267 0.56374 0.40455 0.00000 0.31250 0.62791 1.00000 0.01269 0.01976
87.00000 164.00000 0.83334 0.99798 1.00000 0.06027 0.18993 0.36118 0.30467 0.14659 0.14403 0.13551 0.65067 0.29571 0.24324 0.51384 0.13580 0.99317 0.52052 0.38668 0.00000 0.33333 0.65116 1.00000 0.15261 0.16340
87.00000 165.00000 0.47625 0.83337 1.00000 0.62699 0.66621 0.67577 0.58915 0.50794 0.50000 0.46785 0.86436 0.60587 0.37838 0.70847 0.46859 0.99383 0.49764 0.36680 1.00000 0.66667 0.86469 1.00000 0.48491 0.48927
87.00000 166.00000 0.00002 0.00095 1.00000 1.00000 0.99220 0.95108 0.97316 1.00000 1.00000 0.98991 0.99983 0.87178 1.00000 0.96580 0.99206 0.99385 0.68080 0.06920 1.00000 0.95833 1.00000 1.00000 0.96776 0.97279
87.00000 167.00000 0.59510 0.73824 0.00000 0.23809 0.01652 0.05526 0.09356 0.29318 0.20881 0.09257 0.00097 0.02476 0.02703 0.07655 0.08746 0.00138 0.05339 0.97430 0.00000 0.06250 0.00000 0.00000 0.13752 0.14126
87.00000 168.00000 0.99996 0.99798 1.00000 0.00000 0.13497 0.31304 0.28383 0.00000 0.00000 0.00327 0.62687 0.27733 0.24324 0.52280 0.00236 0.99259 0.54965 0.41773 0.00000 0.30208 0.62791 1.00000 0.01818 0.01293
87.00000 169.00000 0.99985 0.99881 1.00000 0.00000 0.13570 0.33276 0.27678 0.00000 0.00063 0.00282 0.62681 0.27618 0.24324 0.52850 0.00261 0.99237 0.54903 0.41183 0.00000 0.31250 0.62791 1.00000 0.01372 0.01904
87.00000 170.00000 0.00007 0.00012 1.00000 1.00000 0.98642 0.96725 0.96678 1.00000 1.00000 0.98845 0.99985 0.86726 1.00000 0.97964 0.99001 0.99399 0.66154 0.06971 1.00000 0.95833 1.00000 1.00000 0.96708 0.97407
