92.00000 1.00000 0.12644 0.25000 1.00000 1.00000 0.30422 0.45389 0.33153 1.00000 1.00000 0.58454 0.30303 0.16158 1.00000 0.35119 0.66525 0.30882 0.18893 0.26895 1.00000 0.33333 1.00000 1.00000 0.56589 0.70492
92.00000 2.00000 0.52874 0.41667 1.00000 1.00000 0.37952 0.07020 0.21371 1.00000 1.00000 0.66023 0.16667 0.13807 1.00000 0.29762 0.59062 0.29412 0.18371 0.19392 1.00000 0.41667 1.00000 1.00000 0.55814 0.56338
92.00000 3.00000 0.51149 0.41667 1.00000 1.00000 0.41566 0.35840 0.44041 1.00000 1.00000 0.75523 0.18182 0.14722 1.00000 0.26786 0.85928 0.22059 0.19326 0.17160 1.00000 0.41667 1.00000 1.00000 0.47287 0.60273
92.00000 4.00000 0.50000 0.41667 1.00000 1.00000 0.37651 0.18836 0.40243 1.00000 1.00000 0.69887 0.22727 0.13775 1.00000 0.36310 0.66311 0.25000 0.18588 0.38015 1.00000 0.33333 1.00000 1.00000 0.57364 0.77548
92.00000 5.00000 0.61494 0.66667 1.00000 1.00000 0.19578 0.27883 0.40429 1.00000 1.00000 0.77295 0.22727 0.16136 1.00000 0.38690 0.80597 0.20588 0.20033 0.39785 1.00000 0.25000 1.00000 1.00000 0.59690 0.54143
92.00000 6.00000 0.59195 0.58333 1.00000 1.00000 0.36145 0.33857 0.48278 1.00000 1.00000 0.66989 0.18182 0.15095 1.00000 0.27976 0.66951 0.20588 0.16963 0.28549 1.00000 0.50000 1.00000 1.00000 0.65116 0.81690
92.00000 7.00000 0.55747 0.16667 1.00000 1.00000 0.39759 0.34380 0.33812 1.00000 1.00000 0.77939 0.13636 0.14646 1.00000 0.32143 0.59062 0.17647 0.16901 0.31512 1.00000 0.41667 1.00000 1.00000 0.55814 0.59252
92.00000 8.00000 0.33333 0.50000 1.00000 1.00000 0.37952 0.41225 0.29524 1.00000 1.00000 0.75201 0.25758 0.15436 1.00000 0.27381 0.79744 0.27941 0.18619 0.46249 1.00000 0.33333 1.00000 1.00000 0.62791 0.66708
92.00000 9.00000 0.22989 0.58333 1.00000 1.00000 0.40663 0.36734 0.32681 1.00000 1.00000 0.68277 0.18182 0.17141 1.00000 0.22619 0.74840 0.22059 0.21370 0.34629 1.00000 0.33333 1.00000 1.00000 0.70543 0.73681
92.00000 10.00000 0.54023 0.83333 1.00000 1.00000 0.24096 0.27316 0.39483 1.00000 1.00000 0.75684 0.33333 0.12263 1.00000 0.18452 0.71855 0.25000 0.20307 0.35591 1.00000 0.33333 1.00000 1.00000 0.59690 0.73695
92.00000 11.00000 0.38506 0.41667 1.00000 1.00000 0.32530 0.37388 0.33103 1.00000 1.00000 0.62480 0.18182 0.16207 1.00000 0.23214 0.68657 0.25000 0.19507 0.29935 1.00000 0.25000 1.00000 1.00000 0.68992 0.63905
92.00000 12.00000 0.34483 0.25000 1.00000 1.00000 0.28916 0.24896 0.35804 1.00000 1.00000 0.64573 0.19697 0.16804 1.00000 0.33333 0.76333 0.29412 0.20167 0.34090 1.00000 0.25000 1.00000 1.00000 0.67442 0.54087
92.00000 13.00000 0.39655 0.83333 1.00000 1.00000 0.23193 0.32876 0.33153 1.00000 1.00000 0.58293 0.18182 0.16553 1.00000 0.35714 0.65245 0.23529 0.19945 0.34321 1.00000 0.25000 1.00000 1.00000 0.66667 0.68351
92.00000 14.00000 0.45402 0.50000 1.00000 1.00000 0.20181 0.26728 0.36816 1.00000 1.00000 0.74557 0.28788 0.16634 1.00000 0.30357 0.71429 0.20588 0.18072 0.50558 1.00000 0.33333 1.00000 1.00000 0.72093 0.74482
92.00000 15.00000 0.41379 0.33333 1.00000 1.00000 0.39759 0.26161 0.41475 1.00000 1.00000 0.77617 0.34848 0.12636 1.00000 0.33333 0.74840 0.22059 0.20250 0.31166 1.00000 0.41667 1.00000 1.00000 0.62791 0.71610
92.00000 16.00000 0.44828 0.83333 1.00000 1.00000 0.42470 0.21757 0.37323 1.00000 1.00000 0.74235 0.18182 0.13484 1.00000 0.24405 0.71642 0.22059 0.16844 0.37130 1.00000 0.33333 1.00000 1.00000 0.60465 0.55744
92.00000 17.00000 0.45977 0.75000 1.00000 1.00000 0.31627 0.28188 0.34976 1.00000 1.00000 0.71981 0.19697 0.13560 1.00000 0.19643 0.65032 0.26471 0.20291 0.32820 1.00000 0.33333 1.00000 1.00000 0.68217 0.58506
92.00000 18.00000 0.58046 0.58333 1.00000 1.00000 0.31024 0.35819 0.37795 1.00000 1.00000 0.58293 0.21212 0.11635 1.00000 0.27381 0.78465 0.20588 0.20436 0.42632 1.00000 0.25000 1.00000 1.00000 0.54264 0.61364
92.00000 19.00000 0.55747 0.25000 1.00000 1.00000 0.40361 0.21975 0.23785 1.00000 1.00000 0.76329 0.28788 0.14179 1.00000 0.26190 0.77612 0.32353 0.17097 0.25317 1.00000 0.25000 1.00000 1.00000 0.66667 0.65396
92.00000 20.00000 0.70115 0.66667 1.00000 1.00000 0.18675 0.36037 0.41340 1.00000 1.00000 0.66506 0.24242 0.13399 1.00000 0.26786 0.76546 0.27941 0.21653 0.38322 1.00000 0.16667 1.00000 1.00000 0.69767 0.72300
92.00000 21.00000 0.66667 0.50000 1.00000 1.00000 0.46386 0.43885 0.34892 1.00000 1.00000 0.72464 0.12121 0.11806 1.00000 0.35119 0.62473 0.22059 0.19130 0.42439 1.00000 0.33333 1.00000 1.00000 0.68217 0.62441
92.00000 22.00000 0.65517 0.33333 1.00000 1.00000 0.29518 0.48092 0.29406 1.00000 1.00000 0.55233 0.25758 0.14803 1.00000 0.22619 0.69510 0.35294 0.16699 0.26202 1.00000 0.33333 1.00000 1.00000 0.51938 0.55869
92.00000 23.00000 0.43678 0.75000 1.00000 1.00000 0.35241 0.32287 0.36496 1.00000 1.00000 0.62802 0.25758 0.15328 1.00000 0.29762 0.60128 0.22059 0.19501 0.34244 1.00000 0.25000 1.00000 1.00000 0.57364 0.72535
92.00000 24.00000 0.55172 0.41667 1.00000 1.00000 0.32229 0.51145 0.32411 1.00000 1.00000 0.63768 0.24242 0.12492 1.00000 0.27381 0.71215 0.25000 0.18681 0.33397 1.00000 0.33333 1.00000 1.00000 0.68217 0.79287
92.00000 25.00000 0.58046 0.83333 1.00000 1.00000 0.26807 0.38784 0.39348 1.00000 1.00000 0.69243 0.27273 0.15211 1.00000 0.32738 0.69083 0.30882 0.18949 0.31974 1.00000 0.33333 1.00000 1.00000 0.58140 0.72452
92.00000 26.00000 0.48851 0.41667 1.00000 1.00000 0.34940 0.27229 0.46742 1.00000 1.00000 0.69726 0.27273 0.15140 1.00000 0.08333 0.78465 0.27941 0.20183 0.14313 1.00000 0.41667 1.00000 1.00000 0.60465 0.65106
92.00000 27.00000 0.40805 0.33333 1.00000 1.00000 0.35542 0.16198 0.45442 1.00000 1.00000 0.66667 0.22727 0.16239 1.00000 0.29167 0.74200 0.33824 0.16225 0.42209 1.00000 0.16667 1.00000 1.00000 0.57364 0.60108
92.00000 28.00000 0.43103 0.58333 1.00000 1.00000 0.35542 0.40484 0.41745 1.00000 1.00000 0.78100 0.21212 0.12667 1.00000 0.35714 0.67377 0.30882 0.16823 0.27434 1.00000 0.33333 1.00000 1.00000 0.40310 0.74993
92.00000 29.00000 0.50575 0.25000 1.00000 1.00000 0.37651 0.35448 0.27515 1.00000 1.00000 0.72625 0.25758 0.12299 1.00000 0.23214 0.76972 0.22059 0.19388 0.30666 1.00000 0.16667 1.00000 1.00000 0.76744 0.71168
92.00000 30.00000 0.47126 0.50000 1.00000 1.00000 0.31024 0.32330 0.30790 1.00000 1.00000 0.62963 0.24242 0.16966 1.00000 0.30357 0.74414 0.27941 0.19218 0.19469 1.00000 0.50000 1.00000 1.00000 0.75969 0.74054
92.00000 31.00000 0.62644 0.33333 1.00000 1.00000 0.28313 0.42402 0.32596 1.00000 1.00000 0.59098 0.22727 0.15364 1.00000 0.31548 0.60128 0.32353 0.18438 0.30127 1.00000 0.25000 1.00000 1.00000 0.69767 0.67412
92.00000 32.00000 0.36207 0.91667 1.00000 1.00000 0.35843 0.49662 0.30689 1.00000 1.00000 0.69726 0.22727 0.15781 1.00000 0.29762 0.75693 0.20588 0.18495 0.27626 1.00000 0.58333 1.00000 1.00000 0.62791 0.48219
92.00000 33.00000 0.36782 0.58333 1.00000 1.00000 0.24699 0.09767 0.39011 1.00000 1.00000 0.61514 0.25758 0.14377 1.00000 0.30952 0.74840 0.17647 0.18557 0.40362 1.00000 0.33333 1.00000 1.00000 0.52713 0.70864
92.00000 34.00000 0.34483 0.83333 1.00000 1.00000 0.19578 0.34968 0.37188 1.00000 1.00000 0.73108 0.22727 0.18334 1.00000 0.29762 0.72921 0.23529 0.16864 0.31474 1.00000 0.33333 1.00000 1.00000 0.69767 0.58285
92.00000 35.00000 0.64368 0.58333 1.00000 1.00000 0.32831 0.27796 0.38336 1.00000 1.00000 0.59581 0.30303 0.14960 1.00000 0.12500 0.66098 0.19118 0.17773 0.32628 1.00000 0.25000 1.00000 1.00000 0.55814 0.62165
92.00000 36.00000 0.48276 0.83333 1.00000 1.00000 0.30422 0.39067 0.27853 1.00000 1.00000 0.73752 0.18182 0.14821 1.00000 0.36905 0.69936 0.23529 0.20657 0.38823 1.00000 0.41667 1.00000 1.00000 0.66667 0.70920
92.00000 37.00000 0.48276 0.25000 1.00000 1.00000 0.37048 0.46763 0.40125 1.00000 1.00000 0.73430 0.30303 0.14296 1.00000 0.29762 0.72281 0.27941 0.19011 0.39169 1.00000 0.25000 1.00000 1.00000 0.51163 0.57263
92.00000 38.00000 0.51149 0.91667 1.00000 1.00000 0.31627 0.31873 0.35770 1.00000 1.00000 0.61675 0.24242 0.12483 1.00000 0.33333 0.71429 0.29412 0.19202 0.36937 1.00000 0.41667 1.00000 1.00000 0.60465 0.60826
92.00000 39.00000 0.40230 1.00000 1.00000 1.00000 0.41265 0.29671 0.39551 1.00000 1.00000 0.64573 0.21212 0.13354 1.00000 0.36310 0.69296 0.27941 0.18598 0.43478 1.00000 0.33333 1.00000 1.00000 0.66667 0.70809
92.00000 40.00000 0.61494 0.66667 1.00000 1.00000 0.40964 0.36669 0.43383 1.00000 1.00000 0.63768 0.27273 0.12510 1.00000 0.30357 0.70149 0.25000 0.18247 0.31127 1.00000 0.33333 1.00000 1.00000 0.62791 0.74165
92.00000 41.00000 0.66667 0.41667 1.00000 1.00000 0.29217 0.17441 0.30402 1.00000 1.00000 0.52496 0.21212 0.15171 1.00000 0.17857 0.80810 0.26471 0.16864 0.30358 1.00000 0.41667 1.00000 1.00000 0.63566 0.56269
92.00000 42.00000 0.58046 0.91667 1.00000 1.00000 0.53614 0.39961 0.24409 1.00000 1.00000 0.58293 0.25758 0.14413 1.00000 0.33929 0.74200 0.26471 0.15920 0.35129 1.00000 0.41667 1.00000 1.00000 0.60465 0.73888
92.00000 43.00000 0.65517 0.25000 1.00000 1.00000 0.43373 0.39307 0.43771 1.00000 1.00000 0.69404 0.21212 0.14291 1.00000 0.24405 0.63539 0.29412 0.16271 0.43940 1.00000 0.50000 1.00000 1.00000 0.61240 0.76333
92.00000 44.00000 0.34483 0.33333 1.00000 1.00000 0.35843 0.27513 0.32833 1.00000 1.00000 0.66667 0.39394 0.14552 1.00000 0.20238 0.75480 0.20588 0.18278 0.36322 1.00000 0.33333 1.00000 1.00000 0.51163 0.68337
92.00000 45.00000 0.46552 0.83333 1.00000 1.00000 0.20482 0.25965 0.39855 1.00000 1.00000 0.62480 0.27273 0.16620 1.00000 0.30952 0.91898 0.27941 0.19992 0.27895 1.00000 0.41667 1.00000 1.00000 0.54264 0.72494
92.00000 46.00000 0.65517 0.41667 1.00000 1.00000 0.41867 0.20471 0.29321 1.00000 1.00000 0.59259 0.25758 0.15014 1.00000 0.38690 0.72068 0.30882 0.19734 0.30242 1.00000 0.25000 1.00000 1.00000 0.65891 0.68048
92.00000 47.00000 0.64368 0.83333 1.00000 1.00000 0.42169 0.34554 0.38910 1.00000 1.00000 0.63768 0.28788 0.13291 1.00000 0.30357 0.65885 0.33824 0.18340 0.40362 1.00000 0.33333 1.00000 1.00000 0.64341 0.69249
92.00000 48.00000 0.51149 0.16667 1.00000 1.00000 0.25000 0.28036 0.46810 1.00000 1.00000 0.76490 0.28788 0.16459 1.00000 0.21429 0.71215 0.23529 0.18046 0.32166 1.00000 0.33333 1.00000 1.00000 0.51938 0.42723
92.00000 49.00000 0.62644 0.91667 1.00000 1.00000 0.25602 0.38827 0.41661 1.00000 1.00000 0.66506 0.16667 0.16207 1.00000 0.37500 0.74840 0.30882 0.19796 0.31127 1.00000 0.33333 1.00000 1.00000 0.60465 0.67219
92.00000 50.00000 0.29310 0.25000 1.00000 1.00000 0.43072 0.26052 0.27853 1.00000 1.00000 0.77295 0.28788 0.12730 1.00000 0.32143 0.69510 0.30882 0.22732 0.27895 1.00000 0.41667 1.00000 1.00000 0.73643 0.68006
92.00000 51.00000 0.81034 0.66667 1.00000 1.00000 0.26205 0.45803 0.34251 1.00000 1.00000 0.66989 0.34848 0.14444 1.00000 0.29762 0.56077 0.29412 0.17107 0.38053 1.00000 0.33333 1.00000 1.00000 0.56589 0.55413
92.00000 52.00000 0.78736 0.91667 1.00000 1.00000 0.29217 0.22259 0.23244 1.00000 1.00000 0.51852 0.25758 0.14673 1.00000 0.30952 0.66311 0.32353 0.19336 0.35860 1.00000 0.33333 1.00000 1.00000 0.54264 0.56863
92.00000 53.00000 0.35057 0.58333 1.00000 1.00000 0.50602 0.19795 0.33828 1.00000 1.00000 0.67311 0.19697 0.19025 1.00000 0.38095 0.70362 0.17647 0.20657 0.33321 1.00000 0.41667 1.00000 1.00000 0.51938 0.43883
92.00000 54.00000 0.61494 0.75000 1.00000 1.00000 0.49096 0.18574 0.36040 1.00000 1.00000 0.62963 0.22727 0.12779 1.00000 0.24405 0.63113 0.22059 0.18438 0.33898 1.00000 0.41667 1.00000 1.00000 0.68217 0.82795
92.00000 55.00000 0.48276 0.91667 1.00000 1.00000 0.43675 0.25550 0.36141 1.00000 1.00000 0.65056 0.24242 0.12470 1.00000 0.25595 0.73348 0.19118 0.18067 0.36860 1.00000 0.33333 1.00000 1.00000 0.62016 0.56048
92.00000 56.00000 0.32184 0.83333 1.00000 1.00000 0.49398 0.38522 0.28359 1.00000 1.00000 0.76006 0.27273 0.16670 1.00000 0.30952 0.67591 0.23529 0.19259 0.28472 1.00000 0.16667 1.00000 1.00000 0.73643 0.63656
92.00000 57.00000 0.39655 0.66667 1.00000 1.00000 0.24699 0.18116 0.34757 1.00000 1.00000 0.54106 0.25758 0.17060 1.00000 0.31548 0.68017 0.35294 0.16457 0.30165 1.00000 0.41667 1.00000 1.00000 0.62791 0.76291
92.00000 58.00000 0.52874 0.16667 1.00000 1.00000 0.26205 0.36342 0.32951 1.00000 1.00000 0.71659 0.24242 0.12856 1.00000 0.28571 0.75267 0.25000 0.21953 0.27010 1.00000 0.33333 1.00000 1.00000 0.55039 0.56186
92.00000 59.00000 0.03448 0.83333 1.00000 1.00000 0.45482 0.29540 0.35972 1.00000 1.00000 0.71176 0.25758 0.16827 1.00000 0.41071 0.61194 0.30882 0.19651 0.30589 1.00000 0.33333 1.00000 1.00000 0.48837 0.50856
92.00000 60.00000 0.30460 0.83333 1.00000 1.00000 0.22590 0.39808 0.35820 1.00000 1.00000 0.70853 0.25758 0.14121 1.00000 0.33929 0.53518 0.23529 0.16209 0.26241 1.00000 0.25000 1.00000 1.00000 0.52713 0.66404
92.00000 61.00000 0.37931 0.41667 1.00000 1.00000 0.43072 0.29191 0.31415 1.00000 1.00000 0.58454 0.28788 0.16073 1.00000 0.22619 0.75906 0.29412 0.22696 0.49211 1.00000 0.33333 1.00000 1.00000 0.60465 0.57249
92.00000 62.00000 0.61494 0.75000 1.00000 1.00000 0.30422 0.30870 0.28883 1.00000 1.00000 0.71981 0.22727 0.16378 1.00000 0.23214 0.69936 0.19118 0.20100 0.39015 1.00000 0.41667 1.00000 1.00000 0.48837 0.65714
92.00000 63.00000 0.44828 0.91667 1.00000 1.00000 0.27410 0.33987 0.33120 1.00000 1.00000 0.59098 0.19697 0.15413 1.00000 0.20833 0.68657 0.27941 0.19522 0.31589 1.00000 0.25000 1.00000 1.00000 0.66667 0.53935
92.00000 64.00000 0.39080 0.83333 1.00000 1.00000 0.33133 0.38936 0.43771 1.00000 1.00000 0.66989 0.19697 0.14099 1.00000 0.37500 0.68657 0.26471 0.19125 0.31012 1.00000 0.25000 1.00000 1.00000 0.55039 0.60273
92.00000 65.00000 0.39080 0.83333 1.00000 1.00000 0.43976 0.50011 0.23025 1.00000 1.00000 0.76006 0.19697 0.12367 1.00000 0.38095 0.67377 0.25000 0.18273 0.39092 1.00000 0.33333 1.00000 1.00000 0.61240 0.61834
92.00000 66.00000 0.28161 0.83333 1.00000 1.00000 0.34639 0.42642 0.36884 1.00000 1.00000 0.65539 0.25758 0.15431 1.00000 0.18452 0.67804 0.20588 0.17737 0.33359 1.00000 0.33333 1.00000 1.00000 0.63566 0.52251
92.00000 67.00000 0.43678 0.50000 1.00000 1.00000 0.43072 0.32614 0.34166 1.00000 1.00000 0.76006 0.28788 0.15893 1.00000 0.30357 0.77612 0.29412 0.20167 0.45479 1.00000 0.41667 1.00000 1.00000 0.62791 0.83941
92.00000 68.00000 0.58621 0.58333 1.00000 1.00000 0.31627 0.27077 0.29034 1.00000 1.00000 0.66184 0.21212 0.15543 1.00000 0.20833 0.65245 0.27941 0.19016 0.39284 1.00000 0.16667 1.00000 1.00000 0.72093 0.58589
92.00000 69.00000 0.59195 0.66667 1.00000 1.00000 0.38253 0.19795 0.23768 1.00000 1.00000 0.64734 0.31818 0.15907 1.00000 0.30357 0.75053 0.25000 0.19378 0.52174 1.00000 0.41667 1.00000 1.00000 0.67442 0.70450
92.00000 70.00000 0.63793 0.83333 1.00000 1.00000 0.47892 0.49662 0.27971 1.00000 1.00000 0.60386 0.19697 0.13071 1.00000 0.23214 0.76546 0.27941 0.23841 0.30973 1.00000 0.25000 1.00000 1.00000 0.60465 0.58837
92.00000 71.00000 0.51724 0.58333 1.00000 1.00000 0.36145 0.18945 0.40614 1.00000 1.00000 0.61997 0.22727 0.15929 1.00000 0.25595 0.69723 0.25000 0.18609 0.35398 1.00000 0.33333 1.00000 1.00000 0.65116 0.62814
92.00000 72.00000 0.49425 0.91667 1.00000 1.00000 0.43976 0.36538 0.29119 1.00000 1.00000 0.72303 0.22727 0.12519 1.00000 0.32143 0.62900 0.25000 0.17329 0.26010 1.00000 0.33333 1.00000 1.00000 0.67442 0.61185
92.00000 73.00000 0.71839 0.58333 1.00000 1.00000 0.23795 0.34641 0.43889 1.00000 1.00000 0.76167 0.25758 0.15238 1.00000 0.40476 0.67377 0.25000 0.18273 0.33821 1.00000 0.50000 1.00000 1.00000 0.53488 0.75601
92.00000 74.00000 0.40230 0.83333 1.00000 1.00000 0.43675 0.14934 0.35550 1.00000 1.00000 0.61675 0.27273 0.15875 1.00000 0.29167 0.73774 0.36765 0.21942 0.20585 1.00000 0.41667 1.00000 1.00000 0.58140 0.69925
92.00000 75.00000 0.35057 0.16667 1.00000 1.00000 0.29518 0.31110 0.30165 1.00000 1.00000 0.75362 0.19697 0.14956 1.00000 0.21429 0.69936 0.14706 0.20384 0.22470 1.00000 0.41667 1.00000 1.00000 0.61240 0.71845
92.00000 76.00000 0.70115 0.91667 1.00000 1.00000 0.34337 0.46981 0.42083 1.00000 1.00000 0.54911 0.24242 0.14983 1.00000 0.26190 0.71642 0.23529 0.18908 0.39361 1.00000 0.25000 1.00000 1.00000 0.69767 0.73378
92.00000 77.00000 0.45977 0.33333 1.00000 1.00000 0.22892 0.31480 0.41931 1.00000 1.00000 0.71659 0.19697 0.18460 1.00000 0.23810 0.63966 0.30882 0.17499 0.36783 1.00000 0.50000 1.00000 1.00000 0.63566 0.63353
92.00000 78.00000 0.43678 0.33333 1.00000 1.00000 0.41265 0.26793 0.20932 1.00000 1.00000 0.67955 0.21212 0.14834 1.00000 0.31548 0.79104 0.25000 0.21581 0.29280 1.00000 0.33333 1.00000 1.00000 0.62016 0.64071
92.00000 79.00000 0.63218 0.16667 1.00000 1.00000 0.45181 0.30085 0.26806 1.00000 1.00000 0.60548 0.28788 0.17338 1.00000 0.26786 0.78252 0.19118 0.18913 0.48942 1.00000 0.41667 1.00000 1.00000 0.47287 0.50608
92.00000 80.00000 0.55172 0.91667 1.00000 1.00000 0.27410 0.47700 0.45645 1.00000 1.00000 0.69565 0.18182 0.16674 1.00000 0.29167 0.71215 0.22059 0.20792 0.31243 1.00000 0.25000 1.00000 1.00000 0.60465 0.57843
92.00000 81.00000 0.44828 0.75000 1.00000 1.00000 0.23494 0.46523 0.25675 1.00000 1.00000 0.67150 0.25758 0.12676 1.00000 0.34524 0.82729 0.29412 0.21137 0.46595 1.00000 0.25000 1.00000 1.00000 0.65891 0.62869
92.00000 82.00000 0.52299 0.83333 1.00000 1.00000 0.29819 0.25223 0.45172 1.00000 1.00000 0.75201 0.19697 0.16015 1.00000 0.21429 0.69296 0.27941 0.17442 0.26818 1.00000 0.33333 1.00000 1.00000 0.61240 0.70533
92.00000 83.00000 0.49425 0.91667 1.00000 1.00000 0.26807 0.42424 0.35533 1.00000 1.00000 0.70531 0.15152 0.15561 1.00000 0.41667 0.66311 0.29412 0.21844 0.17699 1.00000 0.33333 1.00000 1.00000 0.45736 0.67012
92.00000 84.00000 0.56322 0.41667 1.00000 1.00000 0.36145 0.39438 0.28984 1.00000 1.00000 0.78422 0.22727 0.10787 1.00000 0.35714 0.64179 0.26471 0.20317 0.46633 1.00000 0.41667 1.00000 1.00000 0.55039 0.65590
92.00000 85.00000 0.18966 0.25000 1.00000 1.00000 0.46687 0.34009 0.36293 1.00000 1.00000 0.60709 0.22727 0.16620 1.00000 0.35714 0.75480 0.23529 0.13097 0.17853 1.00000 0.33333 1.00000 1.00000 0.62791 0.57788
92.00000 86.00000 0.58621 0.91667 1.00000 1.00000 0.39759 0.30586 0.34993 1.00000 1.00000 0.60386 0.18182 0.13672 1.00000 0.27976 0.68017 0.30882 0.18939 0.32397 1.00000 0.33333 1.00000 1.00000 0.58915 0.71444
92.00000 87.00000 0.49425 0.58333 1.00000 1.00000 0.38554 0.20951 0.33018 1.00000 1.00000 0.66667 0.21212 0.18141 1.00000 0.25000 0.68230 0.26471 0.19765 0.40900 1.00000 0.33333 1.00000 1.00000 0.67442 0.64761
92.00000 88.00000 0.41954 0.75000 1.00000 1.00000 0.48193 0.35208 0.28579 1.00000 1.00000 0.61031 0.21212 0.17029 1.00000 0.36310 0.62047 0.22059 0.18433 0.44825 1.00000 0.25000 1.00000 1.00000 0.56589 0.73157
92.00000 89.00000 0.54598 0.83333 1.00000 1.00000 0.24398 0.36778 0.27988 1.00000 1.00000 0.65862 0.21212 0.13663 1.00000 0.32738 0.70576 0.27941 0.20059 0.43132 1.00000 0.25000 1.00000 1.00000 0.44186 0.64085
92.00000 90.00000 0.47701 0.25000 1.00000 1.00000 0.32530 0.39329 0.37255 1.00000 1.00000 0.63285 0.21212 0.14449 1.00000 0.33929 0.74414 0.35294 0.21571 0.38053 1.00000 0.41667 1.00000 1.00000 0.56589 0.59196
92.00000 91.00000 0.72414 0.16667 1.00000 1.00000 0.33735 0.37672 0.34689 1.00000 1.00000 0.65056 0.18182 0.18106 1.00000 0.16667 0.60768 0.23529 0.20802 0.35975 1.00000 0.33333 1.00000 1.00000 0.57364 0.54060
92.00000 92.00000 0.64368 0.16667 1.00000 1.00000 0.31928 0.49727 0.37407 1.00000 1.00000 0.63607 0.21212 0.15593 1.00000 0.32143 0.62260 0.32353 0.19950 0.38245 1.00000 0.25000 1.00000 1.00000 0.52713 0.64664
92.00000 93.00000 0.41379 0.50000 1.00000 1.00000 0.22289 0.35077 0.34014 1.00000 0.00000 0.68277 0.30303 0.19088 1.00000 0.37500 0.67804 0.20588 0.17881 0.40554 1.00000 0.33333 1.00000 1.00000 0.65891 0.72673
92.00000 94.00000 0.74138 0.66667 1.00000 1.00000 0.46084 0.22586 0.37019 1.00000 1.00000 0.71337 0.21212 0.14722 1.00000 0.26190 0.66098 0.26471 0.19419 0.49673 1.00000 0.33333 1.00000 1.00000 0.59690 0.66929
92.00000 95.00000 0.31034 0.41667 1.00000 1.00000 0.26205 0.27796 0.33660 1.00000 1.00000 0.67794 0.24242 0.14960 1.00000 0.32738 0.72921 0.23529 0.20100 0.37053 1.00000 0.33333 1.00000 1.00000 0.72093 0.61019
92.00000 96.00000 0.36782 0.83333 1.00000 1.00000 0.42771 0.34162 0.35331 1.00000 1.00000 0.60225 0.24242 0.15911 1.00000 0.44048 0.64606 0.27941 0.17128 0.25510 1.00000 0.41667 1.00000 1.00000 0.65891 0.59542
92.00000 97.00000 0.45402 0.66667 1.00000 1.00000 0.43373 0.45411 0.22789 1.00000 1.00000 0.69082 0.30303 0.17338 1.00000 0.30952 0.65245 0.23529 0.20394 0.36860 1.00000 0.41667 1.00000 1.00000 0.70543 0.67067
92.00000 98.00000 0.77011 0.41667 1.00000 1.00000 0.33434 0.29213 0.47654 1.00000 1.00000 0.71498 0.24242 0.12936 1.00000 0.33333 0.68443 0.19118 0.18284 0.39669 1.00000 0.33333 1.00000 1.00000 0.59690 0.53342
92.00000 99.00000 0.64943 0.58333 1.00000 1.00000 0.44880 0.19228 0.26857 1.00000 1.00000 0.65056 0.25758 0.15373 1.00000 0.23214 0.65245 0.32353 0.18196 0.27703 1.00000 0.41667 1.00000 1.00000 0.62791 0.57443
92.00000 100.00000 0.62644 0.25000 1.00000 1.00000 0.43675 0.27796 0.33947 1.00000 1.00000 0.69887 0.24242 0.15597 1.00000 0.44643 0.70576 0.32353 0.19047 0.39438 1.00000 0.16667 1.00000 1.00000 0.57364 0.72936
92.00000 101.00000 0.59770 0.91667 1.00000 1.00000 0.36145 0.24591 0.40935 1.00000 1.00000 0.57166 0.24242 0.17177 1.00000 0.27976 0.63326 0.17647 0.19104 0.30165 1.00000 0.33333 1.00000 1.00000 0.59690 0.67840
92.00000 102.00000 0.63218 0.66667 1.00000 1.00000 0.33735 0.30194 0.36884 1.00000 1.00000 0.62480 0.34848 0.15656 1.00000 0.38690 0.69296 0.20588 0.19883 0.29588 1.00000 0.41667 1.00000 1.00000 0.65116 0.60494
92.00000 103.00000 0.44828 0.16667 1.00000 1.00000 0.31928 0.44779 0.28562 1.00000 1.00000 0.56039 0.25758 0.17697 1.00000 0.38690 0.64606 0.30882 0.21153 0.34167 1.00000 0.41667 1.00000 1.00000 0.57364 0.59348
92.00000 104.00000 0.71839 0.58333 1.00000 1.00000 0.45482 0.50207 0.45780 1.00000 1.00000 0.63607 0.25758 0.12582 1.00000 0.27976 0.70149 0.35294 0.19992 0.29781 1.00000 0.50000 1.00000 1.00000 0.67442 0.80820
92.00000 105.00000 0.28161 0.83333 1.00000 1.00000 0.46386 0.32265 0.33221 1.00000 1.00000 0.50564 0.19697 0.12833 1.00000 0.39881 0.60554 0.23529 0.20059 0.41170 1.00000 0.41667 1.00000 1.00000 0.51938 0.61185
92.00000 106.00000 0.62644 0.25000 1.00000 1.00000 0.17771 0.16372 0.30976 1.00000 1.00000 0.66023 0.24242 0.15265 1.00000 0.29762 0.70789 0.29412 0.18588 0.42747 1.00000 0.41667 1.00000 1.00000 0.51938 0.62883
92.00000 107.00000 0.59195 0.16667 1.00000 1.00000 0.33434 0.34685 0.35550 1.00000 1.00000 0.60225 0.25758 0.14125 1.00000 0.25595 0.67591 0.19118 0.18273 0.48134 1.00000 0.41667 1.00000 1.00000 0.53488 0.46962
92.00000 108.00000 0.28736 0.41667 1.00000 1.00000 0.38554 0.40724 0.40361 1.00000 1.00000 0.55556 0.19697 0.14879 1.00000 0.29167 0.70149 0.30882 0.18738 0.37361 1.00000 0.33333 1.00000 1.00000 0.63566 0.64844
92.00000 109.00000 0.54598 0.75000 1.00000 1.00000 0.40361 0.08328 0.38791 1.00000 1.00000 0.74879 0.27273 0.15898 1.00000 0.39286 0.69083 0.25000 0.17912 0.46018 1.00000 0.50000 1.00000 1.00000 0.51938 0.78266
92.00000 110.00000 0.45402 0.25000 1.00000 1.00000 0.45783 0.07717 0.28140 1.00000 1.00000 0.65217 0.24242 0.14942 1.00000 0.27381 0.68230 0.29412 0.18124 0.31243 1.00000 0.50000 1.00000 1.00000 0.72868 0.70630
92.00000 111.00000 0.40230 0.50000 1.00000 1.00000 0.40663 0.34925 0.48920 1.00000 1.00000 0.64895 0.16667 0.16975 1.00000 0.36905 0.71002 0.32353 0.19223 0.33359 1.00000 0.25000 1.00000 1.00000 0.54264 0.68089
92.00000 112.00000 0.61494 0.58333 1.00000 1.00000 0.30120 0.26488 0.42387 1.00000 1.00000 0.69726 0.19697 0.16387 1.00000 0.27381 0.65245 0.30882 0.21272 0.45325 1.00000 0.41667 1.00000 1.00000 0.64341 0.47611
92.00000 113.00000 0.47126 1.00000 1.00000 1.00000 0.44277 0.30979 0.27397 1.00000 1.00000 0.66667 0.22727 0.19124 1.00000 0.35119 0.70576 0.29412 0.17360 0.38130 1.00000 0.25000 1.00000 1.00000 0.54264 0.67371
92.00000 114.00000 0.18391 0.25000 1.00000 1.00000 0.29518 0.34794 0.32242 1.00000 1.00000 0.60064 0.22727 0.13358 1.00000 0.32143 0.63113 0.36765 0.18578 0.36245 1.00000 0.33333 1.00000 1.00000 0.52713 0.72521
92.00000 115.00000 0.41954 0.58333 1.00000 1.00000 0.33133 0.42097 0.40294 1.00000 1.00000 0.75684 0.27273 0.15180 1.00000 0.22619 0.56930 0.25000 0.18433 0.43902 1.00000 0.33333 1.00000 1.00000 0.64341 0.63146
92.00000 116.00000 0.48276 0.91667 1.00000 1.00000 0.45783 0.48812 0.36361 1.00000 1.00000 0.67633 0.28788 0.12474 1.00000 0.40476 0.65672 0.30882 0.21793 0.50366 1.00000 0.25000 1.00000 1.00000 0.65116 0.66266
92.00000 117.00000 0.60345 0.66667 1.00000 1.00000 0.28614 0.36691 0.42235 1.00000 1.00000 0.60709 0.24242 0.17585 1.00000 0.30357 0.63113 0.30882 0.17649 0.28973 1.00000 0.16667 1.00000 1.00000 0.66667 0.53535
92.00000 118.00000 0.58621 0.33333 1.00000 1.00000 0.41867 0.36276 0.50287 1.00000 1.00000 0.54106 0.24242 0.17886 1.00000 0.29762 0.63113 0.33824 0.21674 0.46441 1.00000 0.33333 1.00000 1.00000 0.52713 0.69235
92.00000 119.00000 0.67816 0.33333 1.00000 1.00000 0.46084 0.29998 0.21725 1.00000 1.00000 0.73430 0.24242 0.16329 1.00000 0.30952 0.70149 0.23529 0.18407 0.35937 1.00000 0.41667 1.00000 1.00000 0.53488 0.68462
92.00000 120.00000 0.13793 0.16667 1.00000 1.00000 0.23193 0.37759 0.38251 1.00000 1.00000 0.49758 0.22727 0.12340 1.00000 0.16667 0.67804 0.26471 0.21731 0.36168 1.00000 0.41667 1.00000 1.00000 0.60465 0.69787
92.00000 121.00000 0.58621 0.33333 1.00000 1.00000 0.52410 0.42228 0.31094 1.00000 1.00000 0.66184 0.22727 0.19227 1.00000 0.33333 0.53092 0.26471 0.19491 0.29242 1.00000 0.41667 1.00000 1.00000 0.51938 0.60701
92.00000 122.00000 0.58046 0.16667 1.00000 1.00000 0.19880 0.25899 0.35415 1.00000 1.00000 0.70209 0.25758 0.16719 1.00000 0.26190 0.70149 0.19118 0.20441 0.35745 1.00000 0.33333 1.00000 1.00000 0.63566 0.61364
92.00000 123.00000 0.39655 0.41667 1.00000 1.00000 0.40663 0.42686 0.40277 1.00000 1.00000 0.54750 0.18182 0.18411 1.00000 0.32143 0.62047 0.23529 0.21220 0.35090 1.00000 0.33333 1.00000 1.00000 0.67442 0.59003
92.00000 124.00000 0.51149 0.33333 1.00000 1.00000 0.48494 0.29802 0.35989 1.00000 1.00000 0.80193 0.24242 0.17374 1.00000 0.36310 0.64606 0.23529 0.19816 0.28242 1.00000 0.33333 1.00000 1.00000 0.50388 0.73060
92.00000 125.00000 0.50000 0.66667 1.00000 1.00000 0.48494 0.28515 0.38572 1.00000 1.00000 0.56683 0.22727 0.15674 1.00000 0.29167 0.57143 0.32353 0.19445 0.51597 1.00000 0.58333 1.00000 1.00000 0.74419 0.64872
92.00000 126.00000 0.39655 0.41667 1.00000 1.00000 0.28916 0.40026 0.39433 1.00000 1.00000 0.78100 0.22727 0.14161 1.00000 0.29762 0.59701 0.27941 0.17866 0.45094 1.00000 0.33333 1.00000 1.00000 0.74419 0.61157
92.00000 127.00000 0.56322 0.33333 1.00000 1.00000 0.35542 0.47831 0.39922 1.00000 1.00000 0.75523 0.27273 0.14790 1.00000 0.28571 0.64392 0.26471 0.21277 0.54406 1.00000 0.33333 1.00000 1.00000 0.60465 0.56766
92.00000 128.00000 0.52874 0.33333 1.00000 1.00000 0.43976 0.33769 0.30284 1.00000 1.00000 0.65217 0.25758 0.16957 1.00000 0.35714 0.63753 0.27941 0.17520 0.35475 1.00000 0.33333 1.00000 1.00000 0.49612 0.65369
92.00000 129.00000 0.60920 1.00000 1.00000 1.00000 0.37048 0.42817 0.36985 1.00000 1.00000 0.72625 0.21212 0.19250 1.00000 0.36310 0.61834 0.23529 0.19925 0.27818 1.00000 0.33333 1.00000 1.00000 0.58915 0.69898
92.00000 130.00000 0.66092 0.75000 1.00000 1.00000 0.50602 0.29802 0.32984 1.00000 1.00000 0.58776 0.18182 0.14888 1.00000 0.17857 0.55011 0.30882 0.21070 0.40131 1.00000 0.41667 1.00000 1.00000 0.60465 0.65382
92.00000 131.00000 0.25862 0.33333 1.00000 1.00000 0.32229 0.39220 0.44109 1.00000 1.00000 0.75040 0.27273 0.16284 1.00000 0.32738 0.50320 0.23529 0.20513 0.33128 1.00000 0.33333 1.00000 1.00000 0.56589 0.44173
92.00000 132.00000 0.41379 0.25000 1.00000 1.00000 0.41867 0.33769 0.33423 1.00000 1.00000 0.61514 0.25758 0.15144 1.00000 0.27976 0.76333 0.26471 0.20859 0.40669 1.00000 0.58333 1.00000 1.00000 0.74419 0.53576
92.00000 133.00000 0.55747 0.66667 1.00000 1.00000 0.48494 0.52169 0.30976 1.00000 1.00000 0.62641 0.27273 0.18209 1.00000 0.40476 0.60341 0.17647 0.22040 0.39207 1.00000 0.58333 1.00000 1.00000 0.58140 0.79674
92.00000 134.00000 0.58046 0.83333 1.00000 1.00000 0.21386 0.42969 0.48599 1.00000 1.00000 0.61192 0.24242 0.17186 1.00000 0.30952 0.56716 0.25000 0.20580 0.38630 1.00000 0.33333 1.00000 1.00000 0.55039 0.67606
92.00000 135.00000 0.41379 0.50000 1.00000 1.00000 0.31627 0.35949 0.26688 1.00000 1.00000 0.56522 0.19697 0.19102 1.00000 0.30357 0.65458 0.23529 0.21741 0.45556 1.00000 0.33333 1.00000 1.00000 0.51163 0.65093
92.00000 136.00000 0.47126 0.25000 1.00000 1.00000 0.31024 0.35819 0.45544 1.00000 1.00000 0.69887 0.18182 0.18586 1.00000 0.31548 0.67164 0.22059 0.18934 0.33551 1.00000 0.50000 1.00000 1.00000 0.53488 0.55703
92.00000 137.00000 0.39655 0.33333 1.00000 1.00000 0.41867 0.34445 0.37508 1.00000 1.00000 0.63285 0.25758 0.17926 1.00000 0.20833 0.54371 0.22059 0.24244 0.37553 1.00000 0.25000 1.00000 1.00000 0.56589 0.67896
92.00000 138.00000 0.39080 0.33333 1.00000 1.00000 0.38554 0.36037 0.22569 1.00000 1.00000 0.74718 0.21212 0.16508 1.00000 0.30952 0.72495 0.27941 0.21426 0.25125 1.00000 0.33333 1.00000 1.00000 0.65891 0.67744
92.00000 139.00000 0.64368 0.83333 1.00000 1.00000 0.32530 0.38522 0.42539 1.00000 1.00000 0.61997 0.24242 0.15494 1.00000 0.22619 0.62473 0.25000 0.21173 0.35244 1.00000 0.33333 1.00000 1.00000 0.48062 0.50290
92.00000 140.00000 0.44828 0.41667 1.00000 1.00000 0.28012 0.32025 0.46101 1.00000 1.00000 0.60064 0.27273 0.15691 1.00000 0.37500 0.64819 0.26471 0.19264 0.40362 1.00000 0.50000 1.00000 1.00000 0.48062 0.67744
92.00000 141.00000 0.52299 0.91667 1.00000 1.00000 0.46988 0.31088 0.39078 1.00000 1.00000 0.58937 0.22727 0.17208 1.00000 0.28571 0.69723 0.25000 0.21261 0.41939 1.00000 0.41667 1.00000 1.00000 0.60465 0.78086
92.00000 142.00000 0.44828 0.91667 1.00000 1.00000 0.27410 0.54240 0.45881 1.00000 1.00000 0.57005 0.18182 0.16064 1.00000 0.41071 0.72068 0.30882 0.18624 0.30242 1.00000 0.33333 1.00000 1.00000 0.71318 0.59693
92.00000 143.00000 0.41954 0.16667 1.00000 1.00000 0.32229 0.33442 0.27465 1.00000 1.00000 0.58132 0.27273 0.20731 1.00000 0.28571 0.64392 0.20588 0.18511 0.29165 1.00000 0.33333 1.00000 1.00000 0.51938 0.67178
92.00000 144.00000 0.49425 0.25000 1.00000 1.00000 0.28614 0.52736 0.23025 1.00000 1.00000 0.61031 0.24242 0.18590 1.00000 0.35119 0.62687 0.25000 0.21008 0.34205 1.00000 0.41667 1.00000 1.00000 0.60465 0.53991
92.00000 145.00000 0.64368 0.50000 1.00000 1.00000 0.50602 0.23719 0.47670 1.00000 1.00000 0.70370 0.24242 0.17536 1.00000 0.35714 0.68230 0.22059 0.20141 0.35975 1.00000 0.33333 1.00000 1.00000 0.55814 0.52927
92.00000 146.00000 0.33333 0.83333 1.00000 1.00000 0.47590 0.31480 0.34605 1.00000 1.00000 0.53140 0.22727 0.16845 1.00000 0.32143 0.70362 0.30882 0.19553 0.34282 1.00000 0.25000 1.00000 1.00000 0.66667 0.67026
92.00000 147.00000 0.60920 0.33333 1.00000 1.00000 0.38855 0.49749 0.31989 1.00000 1.00000 0.64412 0.27273 0.19277 1.00000 0.39881 0.60981 0.20588 0.21204 0.37553 1.00000 0.33333 1.00000 1.00000 0.59690 0.53839
92.00000 148.00000 0.37931 0.16667 1.00000 1.00000 0.30422 0.50447 0.30199 1.00000 1.00000 0.52496 0.28788 0.17675 1.00000 0.33333 0.57143 0.25000 0.20854 0.40631 1.00000 0.50000 1.00000 1.00000 0.61240 0.62676
92.00000 149.00000 0.59195 0.50000 1.00000 1.00000 0.38554 0.25812 0.41813 1.00000 1.00000 0.52657 0.30303 0.18985 1.00000 0.39286 0.66098 0.22059 0.21597 0.26472 1.00000 0.33333 1.00000 1.00000 0.56589 0.56448
92.00000 150.00000 0.51149 0.66667 1.00000 1.00000 0.43675 0.40092 0.42505 1.00000 1.00000 0.71176 0.19697 0.15234 1.00000 0.32738 0.63113 0.27941 0.21380 0.45171 1.00000 0.33333 1.00000 1.00000 0.64341 0.63366
92.00000 151.00000 0.54598 0.83333 1.00000 1.00000 0.44277 0.42882 0.29102 1.00000 1.00000 0.59420 0.30303 0.19281 1.00000 0.30952 0.63113 0.35294 0.22479 0.54175 1.00000 0.33333 1.00000 1.00000 0.52713 0.53659
92.00000 152.00000 0.46552 0.41667 1.00000 1.00000 0.48795 0.27469 0.27785 1.00000 1.00000 0.80837 0.25758 0.19124 1.00000 0.36310 0.57996 0.30882 0.21127 0.37976 1.00000 0.25000 1.00000 1.00000 0.65116 0.53673
92.00000 153.00000 0.54598 0.66667 1.00000 1.00000 0.52108 0.43471 0.35061 1.00000 1.00000 0.60386 0.18182 0.15400 1.00000 0.33929 0.76972 0.30882 0.19543 0.51020 1.00000 0.33333 1.00000 1.00000 0.50388 0.71334
92.00000 154.00000 0.42529 0.25000 1.00000 1.00000 0.41867 0.35622 0.38774 1.00000 1.00000 0.66506 0.22727 0.19245 1.00000 0.29762 0.62473 0.23529 0.18872 0.31743 1.00000 0.41667 1.00000 1.00000 0.48837 0.54046
92.00000 155.00000 0.61494 0.25000 1.00000 1.00000 0.42470 0.36015 0.44463 1.00000 1.00000 0.76167 0.22727 0.18855 1.00000 0.29762 0.65032 0.20588 0.20343 0.45864 1.00000 0.33333 1.00000 1.00000 0.61240 0.50207
92.00000 156.00000 0.61494 0.50000 1.00000 1.00000 0.36145 0.37868 0.34909 1.00000 1.00000 0.61675 0.19697 0.17881 1.00000 0.32143 0.66311 0.32353 0.20843 0.30858 1.00000 0.41667 1.00000 1.00000 0.60465 0.62207
92.00000 157.00000 0.58046 0.83333 1.00000 1.00000 0.26506 0.42163 0.36681 1.00000 1.00000 0.64251 0.24242 0.20838 1.00000 0.26190 0.74200 0.29412 0.23263 0.33051 1.00000 0.33333 1.00000 1.00000 0.51163 0.61143
92.00000 158.00000 0.35057 0.50000 1.00000 1.00000 0.31024 0.29584 0.25523 1.00000 1.00000 0.74879 0.31818 0.17805 1.00000 0.36310 0.74414 0.27941 0.22995 0.32743 1.00000 0.41667 1.00000 1.00000 0.64341 0.70160
92.00000 159.00000 0.62644 0.16667 1.00000 1.00000 0.39759 0.39874 0.38876 1.00000 1.00000 0.61997 0.19697 0.17993 1.00000 0.26786 0.52452 0.23529 0.21204 0.37745 1.00000 0.25000 1.00000 1.00000 0.53488 0.62455
92.00000 160.00000 0.56322 0.58333 1.00000 1.00000 0.49398 0.41727 0.27144 1.00000 1.00000 0.62641 0.27273 0.18985 1.00000 0.34524 0.65032 0.33824 0.22531 0.44979 1.00000 0.50000 1.00000 1.00000 0.59690 0.46658
92.00000 161.00000 0.63218 0.50000 1.00000 1.00000 0.35241 0.33660 0.40918 1.00000 1.00000 0.62641 0.34848 0.19514 1.00000 0.35714 0.63753 0.25000 0.20946 0.33705 1.00000 0.50000 1.00000 1.00000 0.51938 0.77948
92.00000 162.00000 0.48276 0.33333 1.00000 1.00000 0.40964 0.44626 0.38504 1.00000 1.00000 0.61031 0.27273 0.18716 1.00000 0.39286 0.76546 0.20588 0.18516 0.41170 1.00000 0.41667 1.00000 1.00000 0.51938 0.59707
92.00000 163.00000 0.47701 0.66667 1.00000 1.00000 0.47289 0.36734 0.40716 1.00000 1.00000 0.63929 0.33333 0.17643 1.00000 0.30357 0.54797 0.26471 0.22139 0.31127 1.00000 0.33333 1.00000 1.00000 0.50388 0.64609
92.00000 164.00000 0.44828 0.83333 1.00000 1.00000 0.46687 0.35492 0.33305 1.00000 1.00000 0.66184 0.24242 0.20582 1.00000 0.34524 0.59062 0.19118 0.21014 0.39900 1.00000 0.50000 1.00000 1.00000 0.49612 0.69069
92.00000 165.00000 0.18391 0.25000 1.00000 1.00000 0.40060 0.28472 0.44092 1.00000 1.00000 0.57649 0.19697 0.16557 1.00000 0.39881 0.62047 0.30882 0.21297 0.39669 1.00000 0.41667 1.00000 1.00000 0.62016 0.62524
92.00000 166.00000 0.54023 0.75000 1.00000 1.00000 0.36446 0.47504 0.38268 1.00000 1.00000 0.65700 0.22727 0.18348 1.00000 0.28571 0.60128 0.27941 0.24120 0.46518 1.00000 0.41667 1.00000 1.00000 0.62016 0.55882
92.00000 167.00000 0.26437 0.16667 1.00000 1.00000 0.46084 0.43165 0.43974 1.00000 1.00000 0.60870 0.25758 0.18482 1.00000 0.39881 0.61834 0.32353 0.22123 0.54521 1.00000 0.33333 1.00000 1.00000 0.56589 0.48688
92.00000 168.00000 0.60920 0.66667 1.00000 1.00000 0.36145 0.26161 0.44278 1.00000 1.00000 0.60386 0.21212 0.18298 1.00000 0.34524 0.72921 0.30882 0.21173 0.34975 1.00000 0.41667 1.00000 1.00000 0.53488 0.52762
92.00000 169.00000 0.29885 0.83333 1.00000 1.00000 0.31928 0.27491 0.46978 1.00000 1.00000 0.62802 0.28788 0.18263 1.00000 0.34524 0.68443 0.29412 0.25085 0.30204 1.00000 0.50000 1.00000 1.00000 0.49612 0.61378
92.00000 170.00000 0.55172 0.50000 1.00000 1.00000 0.33735 0.23610 0.23126 1.00000 1.00000 0.58293 0.16667 0.16575 1.00000 0.31548 0.64606 0.23529 0.22040 0.32820 1.00000 0.33333 1.00000 1.00000 0.48837 0.54985
92.00000 171.00000 0.56322 0.83333 1.00000 1.00000 0.37651 0.36560 0.47198 1.00000 1.00000 0.56844 0.30303 0.16988 1.00000 0.30952 0.64392 0.29412 0.20374 0.41054 1.00000 0.33333 1.00000 1.00000 0.65891 0.63905
92.00000 172.00000 0.52874 0.16667 1.00000 1.00000 0.33434 0.45258 0.25152 1.00000 1.00000 0.60870 0.28788 0.18218 1.00000 0.41071 0.64606 0.30882 0.21855 0.30935 1.00000 0.33333 1.00000 1.00000 0.62791 0.44560
92.00000 173.00000 0.54598 0.66667 1.00000 1.00000 0.39759 0.29758 0.43383 1.00000 1.00000 0.56683 0.16667 0.17338 1.00000 0.33333 0.65672 0.29412 0.22360 0.41631 1.00000 0.33333 1.00000 1.00000 0.55814 0.49558
92.00000 174.00000 0.42529 0.91667 1.00000 1.00000 0.32831 0.42773 0.31009 1.00000 1.00000 0.63607 0.33333 0.15974 1.00000 0.31548 0.55224 0.26471 0.21550 0.32243 1.00000 0.33333 1.00000 1.00000 0.75969 0.56366
92.00000 175.00000 0.50000 0.33333 1.00000 1.00000 0.43976 0.42729 0.33457 1.00000 1.00000 0.62641 0.28788 0.19501 1.00000 0.26190 0.70789 0.25000 0.19775 0.41939 1.00000 0.58333 1.00000 1.00000 0.62791 0.63877
92.00000 176.00000 0.33908 0.66667 1.00000 1.00000 0.24096 0.31546 0.37812 1.00000 1.00000 0.71014 0.25758 0.15427 1.00000 0.38690 0.55864 0.38235 0.21065 0.36360 1.00000 0.33333 1.00000 1.00000 0.56589 0.55772
92.00000 177.00000 0.43678 0.83333 1.00000 1.00000 0.28012 0.34925 0.33103 1.00000 1.00000 0.52496 0.21212 0.17172 1.00000 0.39881 0.63326 0.27941 0.21163 0.38938 1.00000 0.33333 1.00000 1.00000 0.58140 0.64637
92.00000 178.00000 0.51149 0.91667 1.00000 1.00000 0.34337 0.55308 0.44581 1.00000 1.00000 0.70209 0.31818 0.16934 1.00000 0.36905 0.66951 0.30882 0.22474 0.44786 1.00000 0.33333 1.00000 1.00000 0.48062 0.59693
92.00000 179.00000 0.53448 0.50000 1.00000 1.00000 0.37048 0.38195 0.40496 1.00000 1.00000 0.63124 0.27273 0.21552 1.00000 0.18452 0.79104 0.20588 0.22562 0.48826 1.00000 0.50000 1.00000 1.00000 0.44961 0.66722
92.00000 180.00000 0.47126 0.91667 1.00000 1.00000 0.49096 0.09614 0.42269 1.00000 1.00000 0.60064 0.21212 0.19514 1.00000 0.36905 0.73987 0.33824 0.19816 0.53790 1.00000 0.50000 1.00000 1.00000 0.59690 0.70353
92.00000 181.00000 0.39080 0.16667 1.00000 1.00000 0.42470 0.35557 0.32242 1.00000 1.00000 0.54106 0.27273 0.19061 1.00000 0.43452 0.63966 0.26471 0.20663 0.31666 1.00000 0.41667 1.00000 1.00000 0.55814 0.51643
92.00000 182.00000 0.61494 0.83333 1.00000 1.00000 0.37952 0.35906 0.37373 1.00000 1.00000 0.66828 0.22727 0.18990 1.00000 0.27976 0.68657 0.29412 0.20967 0.64833 1.00000 0.41667 1.00000 1.00000 0.55814 0.64637
92.00000 183.00000 0.58621 0.41667 1.00000 1.00000 0.41867 0.42620 0.37103 1.00000 1.00000 0.64412 0.30303 0.20219 1.00000 0.46429 0.49041 0.33824 0.20962 0.39207 1.00000 0.41667 1.00000 1.00000 0.51938 0.60204
92.00000 184.00000 0.67816 0.50000 1.00000 1.00000 0.43675 0.47744 0.51553 1.00000 1.00000 0.62319 0.27273 0.16961 1.00000 0.30952 0.53518 0.23529 0.21597 0.25933 1.00000 0.41667 1.00000 1.00000 0.50388 0.47280
92.00000 185.00000 0.62069 0.16667 1.00000 1.00000 0.51807 0.47983 0.39433 1.00000 1.00000 0.58615 0.24242 0.18720 1.00000 0.34524 0.61407 0.33824 0.20601 0.40939 1.00000 0.50000 1.00000 1.00000 0.64341 0.56297
92.00000 186.00000 0.47701 0.75000 1.00000 1.00000 0.33735 0.47656 0.48953 1.00000 1.00000 0.59903 0.22727 0.19900 1.00000 0.37500 0.66525 0.30882 0.18273 0.40900 1.00000 0.16667 1.00000 1.00000 0.57364 0.47501
92.00000 187.00000 0.38506 0.83333 1.00000 1.00000 0.30120 0.27861 0.39112 1.00000 1.00000 0.67794 0.28788 0.20152 1.00000 0.26190 0.60981 0.22059 0.21303 0.39592 1.00000 0.25000 1.00000 1.00000 0.58915 0.73005
92.00000 188.00000 0.78161 0.16667 1.00000 1.00000 0.29217 0.51057 0.32714 1.00000 1.00000 0.67472 0.28788 0.19164 1.00000 0.33929 0.61620 0.32353 0.22531 0.41401 1.00000 0.41667 1.00000 1.00000 0.58140 0.56738
92.00000 189.00000 0.66092 0.66667 1.00000 1.00000 0.49096 0.23676 0.44936 1.00000 1.00000 0.51852 0.33333 0.16809 1.00000 0.31548 0.50320 0.30882 0.24187 0.39169 1.00000 0.41667 1.00000 1.00000 0.61240 0.47943
92.00000 190.00000 0.50575 0.25000 1.00000 1.00000 0.46084 0.36276 0.41594 1.00000 1.00000 0.57649 0.27273 0.22229 1.00000 0.54167 0.57569 0.27941 0.22169 0.21047 1.00000 0.41667 1.00000 1.00000 0.64341 0.62925
92.00000 191.00000 0.55747 0.50000 1.00000 1.00000 0.34639 0.31938 0.29963 1.00000 1.00000 0.58454 0.28788 0.22750 1.00000 0.35119 0.69936 0.27941 0.23480 0.32166 1.00000 0.58333 1.00000 1.00000 0.41860 0.59611
92.00000 192.00000 0.41379 0.16667 1.00000 1.00000 0.25000 0.24286 0.46978 1.00000 1.00000 0.65056 0.27273 0.19941 1.00000 0.36905 0.81450 0.32353 0.19734 0.34629 1.00000 0.33333 1.00000 1.00000 0.58140 0.66750
92.00000 193.00000 0.50000 0.75000 1.00000 1.00000 0.52410 0.42228 0.44244 1.00000 1.00000 0.59420 0.24242 0.20255 1.00000 0.40476 0.57356 0.30882 0.21958 0.37591 1.00000 0.50000 1.00000 1.00000 0.35659 0.59942
92.00000 194.00000 0.44828 0.25000 1.00000 1.00000 0.32831 0.38304 0.36158 1.00000 1.00000 0.65217 0.30303 0.19654 1.00000 0.38095 0.53731 0.29412 0.23320 0.39400 1.00000 0.41667 1.00000 1.00000 0.55814 0.67274
92.00000 195.00000 0.56322 0.83333 1.00000 1.00000 0.55723 0.38304 0.41830 1.00000 1.00000 0.79227 0.34848 0.20699 1.00000 0.35119 0.64606 0.25000 0.22716 0.51866 1.00000 0.33333 1.00000 1.00000 0.50388 0.37628
92.00000 196.00000 0.39080 0.50000 1.00000 1.00000 0.56024 0.22760 0.39129 1.00000 1.00000 0.64895 0.25758 0.19425 1.00000 0.52381 0.60128 0.39706 0.22211 0.55444 1.00000 0.41667 1.00000 1.00000 0.51938 0.58133
92.00000 197.00000 0.39655 0.50000 1.00000 1.00000 0.42470 0.38086 0.40631 1.00000 1.00000 0.53945 0.36364 0.20744 1.00000 0.44643 0.61620 0.29412 0.23217 0.45902 1.00000 0.33333 1.00000 1.00000 0.57364 0.57443
92.00000 198.00000 0.47126 0.91667 1.00000 1.00000 0.43675 0.37301 0.33744 1.00000 1.00000 0.54428 0.28788 0.21157 1.00000 0.37500 0.53092 0.32353 0.21137 0.43286 1.00000 0.50000 1.00000 1.00000 0.69767 0.60356
92.00000 199.00000 0.25287 0.66667 1.00000 1.00000 0.54217 0.31437 0.43147 1.00000 1.00000 0.57488 0.27273 0.20008 1.00000 0.41667 0.59488 0.36765 0.24548 0.24086 1.00000 0.50000 1.00000 1.00000 0.59690 0.68959
92.00000 200.00000 0.49425 0.25000 1.00000 1.00000 0.42470 0.48485 0.22620 1.00000 1.00000 0.71820 0.28788 0.20538 1.00000 0.41071 0.57996 0.35294 0.25431 0.42170 1.00000 0.50000 1.00000 1.00000 0.50388 0.68503
92.00000 201.00000 0.48851 0.75000 1.00000 1.00000 0.39759 0.45564 0.39028 1.00000 1.00000 0.60709 0.21212 0.20825 1.00000 0.48214 0.69510 0.35294 0.24977 0.34244 1.00000 0.25000 1.00000 1.00000 0.46512 0.58989
92.00000 202.00000 0.56897 0.41667 1.00000 1.00000 0.45181 0.31894 0.40057 1.00000 1.00000 0.55072 0.27273 0.18631 1.00000 0.37500 0.70789 0.32353 0.25694 0.47095 1.00000 0.41667 1.00000 1.00000 0.59690 0.60025
92.00000 203.00000 0.43103 0.75000 1.00000 1.00000 0.29217 0.48790 0.38032 1.00000 1.00000 0.57005 0.33333 0.21220 1.00000 0.38095 0.58422 0.29412 0.22670 0.48942 1.00000 0.41667 1.00000 1.00000 0.51938 0.67827
92.00000 204.00000 0.31609 0.75000 1.00000 1.00000 0.38253 0.39459 0.45223 1.00000 1.00000 0.66023 0.22727 0.21381 1.00000 0.46429 0.65458 0.27941 0.24652 0.30012 1.00000 0.41667 1.00000 1.00000 0.65116 0.54377
92.00000 205.00000 0.58046 0.58333 1.00000 1.00000 0.51506 0.54088 0.34841 1.00000 1.00000 0.53623 0.19697 0.20888 1.00000 0.46429 0.61620 0.23529 0.26515 0.40939 1.00000 0.41667 1.00000 1.00000 0.50388 0.47749
92.00000 206.00000 0.37931 0.50000 1.00000 1.00000 0.63554 0.43122 0.46776 1.00000 1.00000 0.54106 0.19697 0.21920 1.00000 0.33333 0.61620 0.30882 0.22727 0.38938 1.00000 0.50000 1.00000 1.00000 0.44961 0.47542
92.00000 207.00000 0.64368 0.91667 1.00000 1.00000 0.31928 0.41639 0.46506 1.00000 1.00000 0.65700 0.27273 0.20564 1.00000 0.32738 0.52026 0.29412 0.23651 0.41901 1.00000 0.41667 1.00000 1.00000 0.48062 0.61848
92.00000 208.00000 0.59770 0.33333 1.00000 1.00000 0.53916 0.36734 0.42471 1.00000 1.00000 0.61836 0.25758 0.25375 1.00000 0.30357 0.62047 0.30882 0.22283 0.44786 1.00000 0.41667 1.00000 1.00000 0.61240 0.46617
92.00000 209.00000 0.46552 0.58333 1.00000 1.00000 0.59639 0.27622 0.31600 1.00000 1.00000 0.55556 0.30303 0.22602 1.00000 0.26786 0.59915 0.30882 0.22386 0.52866 1.00000 0.33333 1.00000 1.00000 0.60465 0.61295
92.00000 210.00000 0.51149 0.66667 1.00000 1.00000 0.49096 0.37802 0.46962 1.00000 1.00000 0.63607 0.31818 0.19932 1.00000 0.28571 0.70789 0.30882 0.23367 0.54098 1.00000 0.33333 1.00000 1.00000 0.48837 0.51574
92.00000 211.00000 0.47126 0.33333 1.00000 1.00000 0.37952 0.44103 0.33069 1.00000 1.00000 0.66667 0.28788 0.21139 1.00000 0.28571 0.58209 0.27941 0.24089 0.37553 1.00000 0.33333 1.00000 1.00000 0.55814 0.58105
92.00000 212.00000 0.53448 0.50000 1.00000 1.00000 0.41265 0.58840 0.37475 1.00000 1.00000 0.55395 0.30303 0.22077 1.00000 0.31548 0.53518 0.20588 0.22283 0.43286 1.00000 0.41667 1.00000 1.00000 0.66667 0.63560
92.00000 213.00000 0.61494 0.50000 1.00000 1.00000 0.37349 0.50905 0.52937 1.00000 1.00000 0.62963 0.27273 0.21695 1.00000 0.35119 0.58209 0.30882 0.21669 0.34013 1.00000 0.50000 1.00000 1.00000 0.55039 0.53825
92.00000 214.00000 0.48276 0.41667 1.00000 1.00000 0.46988 0.45215 0.41458 1.00000 1.00000 0.50725 0.30303 0.19398 1.00000 0.40476 0.53092 0.29412 0.26133 0.34052 1.00000 0.50000 1.00000 1.00000 0.59690 0.55206
92.00000 215.00000 0.27586 0.25000 1.00000 1.00000 0.29217 0.44081 0.39129 1.00000 1.00000 0.52335 0.24242 0.20596 1.00000 0.41071 0.64606 0.25000 0.27000 0.45287 1.00000 0.58333 1.00000 1.00000 0.53488 0.65893
92.00000 216.00000 0.44828 0.33333 1.00000 1.00000 0.47289 0.53063 0.37829 1.00000 1.00000 0.59098 0.19697 0.19788 1.00000 0.41667 0.59275 0.27941 0.24347 0.39361 1.00000 0.41667 1.00000 1.00000 0.49612 0.50856
92.00000 217.00000 0.72989 0.16667 1.00000 1.00000 0.34036 0.39154 0.41340 1.00000 1.00000 0.56039 0.31818 0.22314 1.00000 0.38095 0.58209 0.33824 0.24507 0.49558 1.00000 0.58333 1.00000 1.00000 0.40310 0.42875
92.00000 218.00000 0.38506 0.33333 1.00000 1.00000 0.53313 0.37911 0.49730 1.00000 1.00000 0.55878 0.39394 0.19398 1.00000 0.41071 0.67164 0.32353 0.26009 0.23163 1.00000 0.50000 1.00000 1.00000 0.57364 0.49972
92.00000 219.00000 0.55172 0.41667 1.00000 1.00000 0.37952 0.39438 0.47029 1.00000 1.00000 0.59098 0.27273 0.20300 1.00000 0.42262 0.60341 0.30882 0.24383 0.43594 1.00000 0.50000 1.00000 1.00000 0.45736 0.43924
92.00000 220.00000 0.64943 0.33333 1.00000 1.00000 0.38855 0.34598 0.38741 1.00000 1.00000 0.61353 0.27273 0.20264 1.00000 0.39881 0.49680 0.22059 0.24383 0.40708 1.00000 0.33333 1.00000 1.00000 0.55039 0.56973
92.00000 221.00000 0.45977 0.83333 1.00000 1.00000 0.47289 0.50316 0.45341 1.00000 1.00000 0.50403 0.28788 0.23679 1.00000 0.44048 0.41791 0.30882 0.23862 0.46903 1.00000 0.41667 1.00000 1.00000 0.65116 0.70202
92.00000 222.00000 0.47126 0.66667 1.00000 1.00000 0.43675 0.40462 0.42488 1.00000 1.00000 0.47021 0.28788 0.20497 1.00000 0.32738 0.56503 0.33824 0.23439 0.37361 1.00000 0.50000 1.00000 1.00000 0.46512 0.67937
92.00000 223.00000 0.66667 0.83333 1.00000 1.00000 0.51506 0.40222 0.45577 1.00000 1.00000 0.60870 0.21212 0.24877 1.00000 0.47024 0.57783 0.32353 0.26649 0.29434 1.00000 0.41667 1.00000 1.00000 0.42636 0.70326
92.00000 224.00000 0.51149 0.33333 1.00000 1.00000 0.53012 0.42729 0.52026 1.00000 1.00000 0.63607 0.36364 0.20838 1.00000 0.43452 0.62047 0.39706 0.25240 0.46787 1.00000 0.50000 1.00000 1.00000 0.58915 0.46603
92.00000 225.00000 0.26437 0.33333 1.00000 1.00000 0.25301 0.53717 0.53174 1.00000 1.00000 0.50564 0.31818 0.21763 1.00000 0.45833 0.55437 0.30882 0.24972 0.45710 1.00000 0.41667 1.00000 1.00000 0.52713 0.65617
92.00000 226.00000 0.42529 0.66667 1.00000 1.00000 0.56627 0.31916 0.42860 1.00000 1.00000 0.51691 0.27273 0.24688 1.00000 0.36905 0.53305 0.33824 0.20998 0.43324 1.00000 0.50000 1.00000 1.00000 0.45736 0.53424
92.00000 227.00000 0.40805 0.25000 1.00000 1.00000 0.36747 0.35535 0.50962 1.00000 1.00000 0.58454 0.24242 0.20870 1.00000 0.38095 0.59915 0.22059 0.23393 0.42516 1.00000 0.50000 1.00000 1.00000 0.41860 0.47584
92.00000 228.00000 0.56897 0.50000 1.00000 1.00000 0.50000 0.29889 0.47704 1.00000 1.00000 0.53945 0.25758 0.20425 1.00000 0.46429 0.49467 0.30882 0.24874 0.52751 1.00000 0.50000 1.00000 1.00000 0.49612 0.52168
92.00000 229.00000 0.50000 0.50000 1.00000 1.00000 0.48795 0.33159 0.53174 1.00000 1.00000 0.55556 0.25758 0.22480 1.00000 0.42262 0.51386 0.33824 0.28027 0.52559 1.00000 0.50000 1.00000 1.00000 0.55039 0.52527
92.00000 230.00000 0.55747 0.66667 1.00000 1.00000 0.44880 0.33660 0.34774 1.00000 1.00000 0.49114 0.25758 0.22871 1.00000 0.38690 0.64392 0.19118 0.22995 0.45787 1.00000 0.50000 1.00000 1.00000 0.45736 0.50456
92.00000 231.00000 0.48851 0.66667 1.00000 1.00000 0.29518 0.46872 0.51756 1.00000 1.00000 0.62319 0.36364 0.23279 1.00000 0.33333 0.66098 0.27941 0.23000 0.46326 1.00000 0.50000 1.00000 1.00000 0.49612 0.36330
92.00000 232.00000 0.39080 0.83333 1.00000 1.00000 0.39157 0.43449 0.49426 1.00000 1.00000 0.57327 0.22727 0.23553 1.00000 0.36905 0.61620 0.26471 0.27320 0.36937 1.00000 0.50000 1.00000 1.00000 0.56589 0.49185
92.00000 233.00000 0.44253 0.25000 1.00000 1.00000 0.52410 0.46893 0.55199 1.00000 1.00000 0.52657 0.22727 0.22889 1.00000 0.42857 0.48827 0.30882 0.28032 0.56291 1.00000 0.50000 1.00000 1.00000 0.51938 0.46230
92.00000 234.00000 0.64943 0.58333 1.00000 1.00000 0.48795 0.54393 0.54321 1.00000 1.00000 0.58937 0.24242 0.23521 1.00000 0.35119 0.64819 0.35294 0.26793 0.63986 1.00000 0.50000 1.00000 1.00000 0.55814 0.51201
92.00000 235.00000 0.51724 0.58333 1.00000 1.00000 0.37952 0.44365 0.49848 1.00000 1.00000 0.55072 0.30303 0.22848 1.00000 0.30952 0.60128 0.36765 0.27356 0.34321 1.00000 0.50000 1.00000 1.00000 0.50388 0.55979
92.00000 236.00000 0.45402 0.41667 1.00000 1.00000 0.44578 0.47177 0.46506 1.00000 1.00000 0.61836 0.24242 0.21588 1.00000 0.52976 0.49680 0.41176 0.27856 0.58676 1.00000 0.50000 1.00000 1.00000 0.58140 0.47639
92.00000 237.00000 0.65517 0.75000 1.00000 1.00000 0.31928 0.46588 0.47755 1.00000 1.00000 0.50725 0.36364 0.20403 1.00000 0.51786 0.60341 0.33824 0.25080 0.53867 1.00000 0.25000 1.00000 1.00000 0.51163 0.46189
92.00000 238.00000 0.39655 0.50000 1.00000 1.00000 0.49398 0.54807 0.51891 1.00000 1.00000 0.50403 0.28788 0.22566 1.00000 0.36905 0.53945 0.41176 0.28651 0.51135 1.00000 0.58333 1.00000 1.00000 0.51163 0.48122
92.00000 239.00000 0.73563 0.66667 1.00000 1.00000 0.36446 0.25572 0.44075 1.00000 1.00000 0.47665 0.25758 0.23212 1.00000 0.45833 0.53731 0.22059 0.25457 0.57715 1.00000 0.41667 1.00000 1.00000 0.58140 0.56172
92.00000 240.00000 0.57471 0.16667 1.00000 1.00000 0.43675 0.33028 0.42184 1.00000 1.00000 0.67955 0.28788 0.23544 1.00000 0.44048 0.66951 0.27941 0.29275 0.46826 1.00000 0.50000 1.00000 1.00000 0.49612 0.42571
92.00000 241.00000 0.60920 0.50000 1.00000 1.00000 0.52108 0.60497 0.44176 1.00000 1.00000 0.48148 0.24242 0.24688 1.00000 0.40476 0.53305 0.30882 0.26066 0.33975 1.00000 0.41667 1.00000 1.00000 0.55814 0.62082
92.00000 242.00000 0.39655 0.41667 1.00000 1.00000 0.36446 0.34118 0.41239 1.00000 1.00000 0.43478 0.36364 0.26205 1.00000 0.35714 0.58209 0.27941 0.28058 0.43748 1.00000 0.33333 1.00000 1.00000 0.44186 0.40817
92.00000 243.00000 0.74713 0.58333 1.00000 1.00000 0.46084 0.31567 0.58204 1.00000 1.00000 0.47826 0.25758 0.24531 1.00000 0.40476 0.62900 0.26471 0.22737 0.45017 1.00000 0.50000 1.00000 1.00000 0.60465 0.41315
92.00000 244.00000 0.49425 0.16667 1.00000 1.00000 0.53012 0.44299 0.48835 1.00000 1.00000 0.64412 0.28788 0.22162 1.00000 0.42857 0.42217 0.27941 0.24352 0.52636 1.00000 0.41667 1.00000 1.00000 0.46512 0.54032
92.00000 245.00000 0.36782 0.91667 1.00000 1.00000 0.53916 0.47700 0.46388 1.00000 1.00000 0.57971 0.27273 0.26281 1.00000 0.40476 0.44350 0.32353 0.27031 0.59985 1.00000 0.50000 1.00000 1.00000 0.48062 0.52872
92.00000 246.00000 0.60920 0.25000 1.00000 1.00000 0.46988 0.50229 0.45712 1.00000 1.00000 0.47343 0.24242 0.24320 1.00000 0.50000 0.49680 0.27941 0.29745 0.53097 1.00000 0.50000 1.00000 1.00000 0.44961 0.44408
92.00000 247.00000 0.70115 0.16667 1.00000 1.00000 0.57229 0.43187 0.41577 1.00000 1.00000 0.52979 0.25758 0.24980 1.00000 0.44643 0.42431 0.39706 0.27918 0.39669 1.00000 0.50000 1.00000 1.00000 0.34109 0.46051
92.00000 248.00000 0.41379 0.41667 1.00000 1.00000 0.44578 0.37454 0.51840 1.00000 1.00000 0.54428 0.25758 0.23710 1.00000 0.47024 0.59488 0.39706 0.24853 0.60485 1.00000 0.58333 1.00000 1.00000 0.50388 0.61323
92.00000 249.00000 0.31034 0.16667 1.00000 1.00000 0.48494 0.35404 0.54271 1.00000 1.00000 0.70209 0.22727 0.25581 1.00000 0.41071 0.50107 0.23529 0.26819 0.46864 1.00000 0.50000 1.00000 1.00000 0.47287 0.43427
92.00000 250.00000 0.53448 0.75000 1.00000 1.00000 0.43373 0.49880 0.46253 1.00000 1.00000 0.48792 0.31818 0.23719 1.00000 0.54762 0.41791 0.35294 0.24316 0.29973 1.00000 0.41667 1.00000 1.00000 0.52713 0.45471
92.00000 251.00000 0.48851 0.33333 1.00000 1.00000 0.31325 0.41160 0.57731 1.00000 1.00000 0.55395 0.33333 0.23764 1.00000 0.48810 0.53945 0.29412 0.27856 0.51828 1.00000 0.41667 1.00000 1.00000 0.36434 0.57719
92.00000 252.00000 0.67816 0.16667 1.00000 1.00000 0.43675 0.46872 0.49443 1.00000 1.00000 0.47021 0.27273 0.22844 1.00000 0.57738 0.60981 0.27941 0.28956 0.37591 1.00000 0.41667 1.00000 1.00000 0.58140 0.62869
92.00000 253.00000 0.31034 0.50000 1.00000 1.00000 0.46687 0.41443 0.60246 1.00000 1.00000 0.51852 0.28788 0.24580 1.00000 0.45238 0.58209 0.36765 0.28553 0.39746 1.00000 0.41667 1.00000 1.00000 0.48837 0.60301
92.00000 254.00000 0.43103 0.41667 1.00000 1.00000 0.61145 0.41291 0.49983 1.00000 1.00000 0.59420 0.27273 0.27161 1.00000 0.45238 0.51386 0.27941 0.30617 0.45287 1.00000 0.50000 1.00000 1.00000 0.33333 0.48094
92.00000 255.00000 0.84483 0.25000 1.00000 1.00000 0.53012 0.32440 0.54895 1.00000 1.00000 0.56522 0.27273 0.26761 1.00000 0.45833 0.46269 0.32353 0.29425 0.40015 1.00000 0.50000 1.00000 1.00000 0.51938 0.45913
92.00000 256.00000 0.52299 0.33333 1.00000 1.00000 0.40663 0.42010 0.35517 1.00000 1.00000 0.42673 0.31818 0.29234 1.00000 0.42262 0.59062 0.26471 0.26267 0.44132 1.00000 0.41667 1.00000 1.00000 0.51938 0.41729
92.00000 257.00000 0.47701 0.16667 1.00000 1.00000 0.38554 0.45149 0.53494 1.00000 1.00000 0.54267 0.27273 0.30880 1.00000 0.35714 0.52239 0.30882 0.27815 0.55521 1.00000 0.50000 1.00000 1.00000 0.47287 0.61157
92.00000 258.00000 0.39080 0.75000 1.00000 1.00000 0.36145 0.37148 0.48346 1.00000 1.00000 0.45894 0.33333 0.26048 1.00000 0.43452 0.50746 0.27941 0.29838 0.52212 1.00000 0.41667 1.00000 1.00000 0.52713 0.51519
92.00000 259.00000 0.85632 0.50000 1.00000 1.00000 0.51807 0.45803 0.56229 1.00000 1.00000 0.53623 0.33333 0.22678 1.00000 0.59524 0.54158 0.32353 0.28950 0.50212 1.00000 0.50000 1.00000 1.00000 0.41085 0.52983
92.00000 260.00000 0.72414 0.91667 1.00000 1.00000 0.58735 0.50839 0.64146 1.00000 1.00000 0.55878 0.31818 0.25536 1.00000 0.51190 0.53305 0.35294 0.29761 0.50635 1.00000 0.50000 1.00000 1.00000 0.40310 0.45871
92.00000 261.00000 0.57471 0.25000 1.00000 1.00000 0.53313 0.61456 0.48059 1.00000 1.00000 0.51208 0.25758 0.29444 1.00000 0.54762 0.50533 0.33824 0.32145 0.42670 1.00000 0.33333 1.00000 1.00000 0.53488 0.46893
92.00000 262.00000 0.57471 0.50000 1.00000 1.00000 0.53012 0.34293 0.51367 1.00000 1.00000 0.46377 0.28788 0.27546 1.00000 0.35714 0.43070 0.25000 0.29136 0.47403 1.00000 0.50000 1.00000 1.00000 0.58915 0.57429
92.00000 263.00000 0.35632 0.50000 1.00000 1.00000 0.50602 0.63985 0.55554 1.00000 1.00000 0.48148 0.30303 0.22893 1.00000 0.36905 0.53731 0.25000 0.30369 0.56445 1.00000 0.50000 1.00000 1.00000 0.48837 0.38111
92.00000 264.00000 0.66092 0.66667 1.00000 1.00000 0.41566 0.57925 0.48177 1.00000 1.00000 0.60225 0.33333 0.28022 1.00000 0.43452 0.58849 0.29412 0.29833 0.46556 1.00000 0.50000 1.00000 1.00000 0.43411 0.48578
92.00000 265.00000 0.45402 0.75000 1.00000 1.00000 0.71084 0.41465 0.42438 1.00000 1.00000 0.46699 0.24242 0.30687 1.00000 0.44643 0.48614 0.36765 0.30597 0.46326 1.00000 0.50000 1.00000 1.00000 0.52713 0.39575
92.00000 266.00000 0.51149 0.75000 1.00000 1.00000 0.43976 0.43035 0.58525 1.00000 1.00000 0.47343 0.30303 0.32743 1.00000 0.39286 0.53518 0.36765 0.31051 0.49711 1.00000 0.58333 1.00000 1.00000 0.39535 0.45568
92.00000 267.00000 0.47701 0.75000 1.00000 1.00000 0.52108 0.59472 0.45982 1.00000 1.00000 0.41063 0.31818 0.25402 1.00000 0.59524 0.50533 0.33824 0.27624 0.54213 1.00000 0.50000 1.00000 1.00000 0.57364 0.60619
92.00000 268.00000 0.71264 0.16667 1.00000 1.00000 0.46386 0.49204 0.55891 1.00000 1.00000 0.53945 0.28788 0.28390 1.00000 0.48214 0.55864 0.26471 0.27769 0.56098 1.00000 0.50000 1.00000 1.00000 0.37984 0.43869
92.00000 269.00000 0.68391 0.16667 1.00000 1.00000 0.37952 0.53019 0.56938 1.00000 1.00000 0.47182 0.25758 0.29413 1.00000 0.45238 0.48188 0.29412 0.28109 0.67603 1.00000 0.50000 1.00000 1.00000 0.37209 0.41066
92.00000 270.00000 0.53448 0.91667 1.00000 1.00000 0.51506 0.49880 0.43923 1.00000 1.00000 0.42834 0.31818 0.31302 1.00000 0.58929 0.52878 0.32353 0.29146 0.45287 1.00000 0.41667 1.00000 1.00000 0.43411 0.29301
92.00000 271.00000 0.23563 0.91667 1.00000 1.00000 0.51506 0.56072 0.63842 1.00000 1.00000 0.54428 0.36364 0.26487 1.00000 0.47619 0.56503 0.36765 0.33486 0.47634 1.00000 0.58333 1.00000 1.00000 0.41085 0.33250
92.00000 272.00000 0.40230 0.91667 1.00000 1.00000 0.56627 0.46130 0.45493 1.00000 1.00000 0.43317 0.36364 0.27690 1.00000 0.56548 0.49254 0.29412 0.31525 0.51250 1.00000 0.50000 1.00000 1.00000 0.51938 0.52002
92.00000 273.00000 0.52299 0.91667 1.00000 1.00000 0.50904 0.44495 0.57039 1.00000 1.00000 0.47665 0.31818 0.28525 1.00000 0.45238 0.45203 0.33824 0.31123 0.48480 1.00000 0.41667 1.00000 1.00000 0.62016 0.53259
92.00000 274.00000 0.47126 0.91667 1.00000 1.00000 0.62048 0.38042 0.54625 1.00000 1.00000 0.50725 0.34848 0.28018 1.00000 0.63690 0.45629 0.33824 0.31025 0.63101 1.00000 0.50000 1.00000 1.00000 0.44186 0.49986
92.00000 275.00000 0.37356 0.50000 1.00000 1.00000 0.51807 0.45193 0.65041 1.00000 1.00000 0.39452 0.31818 0.30477 1.00000 0.42857 0.48614 0.29412 0.32862 0.57676 1.00000 0.50000 1.00000 1.00000 0.47287 0.44187
92.00000 276.00000 0.53448 0.66667 1.00000 1.00000 0.42169 0.61980 0.54186 1.00000 1.00000 0.47826 0.22727 0.30907 1.00000 0.52976 0.47974 0.42647 0.31907 0.48788 1.00000 0.41667 1.00000 1.00000 0.35659 0.42267
92.00000 277.00000 0.56322 0.16667 1.00000 1.00000 0.40663 0.50709 0.63352 1.00000 1.00000 0.42995 0.30303 0.31414 1.00000 0.58333 0.47548 0.38235 0.34601 0.67334 1.00000 0.58333 1.00000 1.00000 0.26357 0.36951
92.00000 278.00000 0.51149 0.33333 1.00000 1.00000 0.60843 0.39677 0.52667 1.00000 1.00000 0.41224 0.34848 0.32141 1.00000 0.50595 0.48401 0.38235 0.31231 0.52289 1.00000 0.66667 1.00000 1.00000 0.41860 0.42792
92.00000 279.00000 0.52299 0.58333 1.00000 1.00000 0.60843 0.54306 0.52431 1.00000 1.00000 0.45089 0.33333 0.29853 1.00000 0.50595 0.49041 0.29412 0.34343 0.52366 1.00000 0.50000 1.00000 1.00000 0.37984 0.41895
92.00000 280.00000 0.17816 0.83333 1.00000 1.00000 0.45181 0.48964 0.52313 1.00000 1.00000 0.47504 0.30303 0.31293 1.00000 0.52381 0.46908 0.38235 0.32511 0.53828 1.00000 0.58333 1.00000 1.00000 0.31008 0.55233
92.00000 281.00000 0.28161 0.75000 1.00000 1.00000 0.33735 0.38217 0.62103 1.00000 1.00000 0.50725 0.28788 0.27941 1.00000 0.54762 0.50533 0.33824 0.35205 0.62101 1.00000 0.50000 1.00000 1.00000 0.47287 0.49379
92.00000 282.00000 0.46552 0.58333 1.00000 1.00000 0.45482 0.33573 0.55993 1.00000 1.00000 0.50725 0.34848 0.30800 1.00000 0.47024 0.53518 0.32353 0.31892 0.59869 1.00000 0.58333 1.00000 1.00000 0.53488 0.51450
92.00000 283.00000 0.40230 0.83333 1.00000 1.00000 0.57831 0.42838 0.66712 1.00000 1.00000 0.40741 0.28788 0.29839 1.00000 0.50595 0.55224 0.38235 0.34503 0.60639 1.00000 0.50000 1.00000 1.00000 0.48062 0.24040
92.00000 284.00000 0.47126 0.58333 1.00000 1.00000 0.54518 0.62045 0.57343 1.00000 1.00000 0.52335 0.30303 0.31589 1.00000 0.55357 0.43923 0.33824 0.31799 0.48057 1.00000 0.50000 1.00000 1.00000 0.36434 0.41522
92.00000 285.00000 0.56322 0.25000 1.00000 1.00000 0.71687 0.62677 0.55672 1.00000 1.00000 0.50403 0.28788 0.28614 1.00000 0.53571 0.49041 0.39706 0.34405 0.50289 1.00000 0.58333 1.00000 1.00000 0.40310 0.35170
92.00000 286.00000 0.66092 0.58333 1.00000 1.00000 0.47892 0.58535 0.65344 1.00000 1.00000 0.52335 0.28788 0.30844 1.00000 0.51190 0.50107 0.29412 0.32036 0.67487 1.00000 0.50000 1.00000 1.00000 0.34109 0.40983
92.00000 287.00000 0.47701 0.16667 1.00000 1.00000 0.60241 0.50469 0.65530 1.00000 1.00000 0.44605 0.39394 0.32352 1.00000 0.54762 0.40725 0.38235 0.33688 0.44094 1.00000 0.66667 1.00000 1.00000 0.39535 0.41729
92.00000 288.00000 0.37356 0.16667 1.00000 1.00000 0.63855 0.66863 0.61074 1.00000 1.00000 0.26731 0.33333 0.33559 1.00000 0.45833 0.31343 0.38235 0.36185 0.58446 1.00000 0.58333 1.00000 1.00000 0.48062 0.34562
92.00000 289.00000 0.43678 0.25000 1.00000 1.00000 0.47289 0.54218 0.50827 1.00000 1.00000 0.47343 0.30303 0.29144 1.00000 0.54762 0.42857 0.35294 0.33280 0.58830 1.00000 0.58333 1.00000 1.00000 0.37984 0.16943
92.00000 290.00000 0.40805 0.75000 1.00000 1.00000 0.65060 0.53346 0.59031 1.00000 1.00000 0.38647 0.39394 0.33232 1.00000 0.58333 0.43710 0.35294 0.37352 0.63101 1.00000 0.50000 1.00000 1.00000 0.31008 0.31386
92.00000 291.00000 0.72989 0.91667 1.00000 1.00000 0.59337 0.44910 0.58727 1.00000 1.00000 0.39936 0.34848 0.32007 1.00000 0.50595 0.46695 0.35294 0.34348 0.67103 1.00000 0.58333 1.00000 1.00000 0.35659 0.42903
92.00000 292.00000 0.63793 0.91667 1.00000 1.00000 0.43675 0.50839 0.55824 1.00000 1.00000 0.49436 0.24242 0.36462 1.00000 0.64881 0.43923 0.42647 0.35215 0.56868 1.00000 0.50000 1.00000 1.00000 0.45736 0.41480
92.00000 293.00000 0.29885 0.16667 1.00000 1.00000 0.33434 0.62219 0.62897 1.00000 1.00000 0.48631 0.42424 0.33214 1.00000 0.47024 0.46908 0.44118 0.34679 0.62486 1.00000 0.58333 1.00000 1.00000 0.23256 0.41715
92.00000 294.00000 0.48851 0.75000 1.00000 1.00000 0.62651 0.64181 0.54963 1.00000 1.00000 0.48470 0.33333 0.31468 1.00000 0.58929 0.41151 0.36765 0.36397 0.51174 1.00000 0.50000 1.00000 1.00000 0.47287 0.37283
92.00000 295.00000 0.32759 0.66667 1.00000 1.00000 0.56627 0.60475 0.51266 1.00000 1.00000 0.45572 0.31818 0.36256 1.00000 0.44643 0.29638 0.36765 0.35117 0.50019 1.00000 0.41667 1.00000 1.00000 0.25581 0.34203
92.00000 296.00000 0.60345 0.58333 1.00000 1.00000 0.52108 0.75300 0.55571 1.00000 1.00000 0.45089 0.42424 0.34318 1.00000 0.57738 0.38593 0.30882 0.35241 0.56329 1.00000 0.41667 1.00000 1.00000 0.41860 0.29508
92.00000 297.00000 0.59770 0.25000 1.00000 1.00000 0.60542 0.52038 0.62036 1.00000 1.00000 0.39775 0.43939 0.36534 1.00000 0.53571 0.51173 0.39706 0.35396 0.60600 1.00000 0.66667 1.00000 1.00000 0.17054 0.64513
92.00000 298.00000 0.50575 0.75000 1.00000 1.00000 0.55120 0.67233 0.53258 1.00000 1.00000 0.45894 0.31818 0.35722 1.00000 0.53571 0.48401 0.30882 0.33203 0.59331 1.00000 0.58333 1.00000 1.00000 0.28682 0.29881
92.00000 299.00000 0.31609 0.16667 1.00000 1.00000 0.75904 0.54916 0.49392 1.00000 1.00000 0.42190 0.34848 0.36745 1.00000 0.70833 0.40299 0.38235 0.34596 0.62947 1.00000 0.58333 1.00000 1.00000 0.47287 0.29287
92.00000 300.00000 0.68391 0.25000 1.00000 1.00000 0.46386 0.63200 0.64922 1.00000 1.00000 0.46216 0.37879 0.36238 1.00000 0.55357 0.37953 0.44118 0.37610 0.53059 1.00000 0.50000 1.00000 1.00000 0.55814 0.30240
92.00000 301.00000 0.51149 0.33333 1.00000 1.00000 0.58434 0.53194 0.65935 1.00000 1.00000 0.36071 0.28788 0.35206 1.00000 0.58929 0.39232 0.32353 0.40071 0.47595 1.00000 0.50000 1.00000 1.00000 0.50388 0.50953
92.00000 302.00000 0.49425 0.58333 1.00000 1.00000 0.62349 0.58927 0.63386 1.00000 1.00000 0.38325 0.31818 0.36422 1.00000 0.56548 0.34328 0.30882 0.35375 0.58907 1.00000 0.50000 1.00000 1.00000 0.43411 0.31745
92.00000 303.00000 0.51149 0.25000 1.00000 1.00000 0.63554 0.48986 0.73650 1.00000 1.00000 0.42512 0.37879 0.37476 1.00000 0.60119 0.50533 0.33824 0.36851 0.63217 1.00000 0.50000 1.00000 1.00000 0.44186 0.31000
92.00000 304.00000 0.61494 0.75000 1.00000 1.00000 0.47289 0.44234 0.67539 1.00000 1.00000 0.38808 0.43939 0.34789 1.00000 0.61905 0.45629 0.41176 0.38198 0.63101 1.00000 0.66667 1.00000 1.00000 0.45736 0.39547
92.00000 305.00000 0.25287 0.16667 1.00000 1.00000 0.45181 0.49924 0.64551 1.00000 1.00000 0.46860 0.34848 0.36750 1.00000 0.57143 0.36887 0.45588 0.39297 0.71758 1.00000 0.58333 1.00000 1.00000 0.31008 0.49171
92.00000 306.00000 0.58046 0.33333 1.00000 1.00000 0.60843 0.76477 0.62643 1.00000 1.00000 0.34783 0.33333 0.38630 1.00000 0.51786 0.40725 0.41176 0.38306 0.68026 1.00000 0.58333 1.00000 1.00000 0.40310 0.40942
92.00000 307.00000 0.48851 0.83333 1.00000 1.00000 0.78916 0.51515 0.66492 1.00000 1.00000 0.43478 0.33333 0.40658 1.00000 0.65476 0.38806 0.33824 0.41578 0.60947 1.00000 0.75000 1.00000 1.00000 0.19380 0.28846
92.00000 308.00000 0.55172 0.83333 1.00000 1.00000 0.56627 0.65707 0.61799 1.00000 1.00000 0.36554 0.37879 0.38167 1.00000 0.59524 0.54158 0.27941 0.38265 0.66756 1.00000 0.58333 1.00000 1.00000 0.34109 0.40389
92.00000 309.00000 0.33333 0.83333 1.00000 1.00000 0.52410 0.67495 0.63791 1.00000 1.00000 0.29630 0.43939 0.40842 1.00000 0.61905 0.45842 0.29412 0.40107 0.63371 1.00000 0.58333 1.00000 1.00000 0.40310 0.28045
92.00000 310.00000 0.48851 0.91667 1.00000 1.00000 0.43373 0.75474 0.63538 1.00000 1.00000 0.32367 0.36364 0.38966 1.00000 0.61905 0.44989 0.33824 0.42094 0.67834 1.00000 0.58333 1.00000 1.00000 0.40310 0.33099
92.00000 311.00000 0.55172 0.41667 1.00000 1.00000 0.57229 0.54000 0.76047 1.00000 1.00000 0.50242 0.30303 0.40398 1.00000 0.63095 0.35821 0.39706 0.43379 0.77722 1.00000 0.66667 1.00000 1.00000 0.33333 0.35722
92.00000 312.00000 0.29885 0.91667 1.00000 1.00000 0.62048 0.67931 0.59251 1.00000 1.00000 0.41224 0.34848 0.38540 1.00000 0.63690 0.36461 0.38235 0.41676 0.73220 1.00000 0.66667 1.00000 1.00000 0.24031 0.38360
92.00000 313.00000 0.36207 0.75000 1.00000 1.00000 0.55422 0.67495 0.60162 1.00000 1.00000 0.37198 0.30303 0.40626 1.00000 0.63690 0.41151 0.38235 0.40314 0.68142 1.00000 0.58333 1.00000 1.00000 0.27907 0.39616
92.00000 314.00000 0.61494 0.50000 1.00000 1.00000 0.54518 0.60889 0.60348 1.00000 1.00000 0.35910 0.28788 0.36700 1.00000 0.66667 0.35608 0.42647 0.42528 0.68334 1.00000 0.66667 1.00000 1.00000 0.37984 0.45333
92.00000 315.00000 0.29310 0.16667 1.00000 1.00000 0.49398 0.54480 0.58035 1.00000 1.00000 0.42029 0.36364 0.38293 1.00000 0.66071 0.41365 0.41176 0.44767 0.42401 1.00000 0.58333 1.00000 1.00000 0.46512 0.45084
92.00000 316.00000 0.40230 0.66667 1.00000 1.00000 0.60542 0.62917 0.64450 1.00000 1.00000 0.36876 0.34848 0.44548 1.00000 0.77381 0.39019 0.39706 0.41754 0.67295 1.00000 0.58333 1.00000 1.00000 0.16279 0.40141
92.00000 317.00000 0.50000 0.33333 1.00000 1.00000 0.65663 0.71441 0.79068 1.00000 1.00000 0.44283 0.43939 0.41605 1.00000 0.70833 0.50746 0.33824 0.43807 0.65256 1.00000 0.58333 1.00000 1.00000 0.45736 0.45885
92.00000 318.00000 0.58046 0.33333 1.00000 1.00000 0.72289 0.61696 0.71438 1.00000 1.00000 0.38164 0.39394 0.41955 1.00000 0.69643 0.40725 0.41176 0.43627 0.66603 1.00000 0.58333 1.00000 1.00000 0.27907 0.24676
92.00000 319.00000 0.34483 0.75000 1.00000 1.00000 0.70783 0.66819 0.72282 1.00000 1.00000 0.33011 0.45455 0.43220 1.00000 0.72024 0.29424 0.38235 0.42110 0.70065 1.00000 0.58333 1.00000 1.00000 0.28682 0.43648
92.00000 320.00000 0.58621 0.66667 1.00000 1.00000 0.63253 0.70765 0.66914 1.00000 1.00000 0.44122 0.45455 0.42453 1.00000 0.76786 0.28998 0.38235 0.46522 0.65718 1.00000 0.75000 1.00000 1.00000 0.27907 0.18075
92.00000 321.00000 0.58621 1.00000 1.00000 1.00000 0.75904 0.65816 0.73177 1.00000 1.00000 0.30274 0.36364 0.43206 1.00000 0.70238 0.38166 0.39706 0.44752 0.71181 1.00000 0.75000 1.00000 1.00000 0.09302 0.33292
92.00000 322.00000 0.22989 0.50000 1.00000 1.00000 0.56928 0.53957 0.66897 1.00000 1.00000 0.32367 0.40909 0.44315 1.00000 0.64881 0.35608 0.39706 0.44360 0.72913 1.00000 0.66667 1.00000 1.00000 0.30233 0.34424
92.00000 323.00000 0.63793 0.58333 1.00000 1.00000 0.56024 0.74035 0.74156 1.00000 1.00000 0.38969 0.50000 0.45634 1.00000 0.64286 0.41151 0.45588 0.47028 0.53482 1.00000 0.58333 1.00000 1.00000 0.20155 0.34258
92.00000 324.00000 0.37931 0.25000 1.00000 1.00000 0.70783 0.63440 0.75979 1.00000 1.00000 0.41063 0.42424 0.45140 1.00000 0.70238 0.31130 0.39706 0.45753 0.72951 1.00000 0.66667 1.00000 1.00000 0.35659 0.24524
92.00000 325.00000 0.63218 0.91667 1.00000 1.00000 0.71687 0.82821 0.70257 1.00000 1.00000 0.40097 0.34848 0.42309 1.00000 0.70238 0.36247 0.38235 0.45216 0.70758 1.00000 0.58333 1.00000 1.00000 0.32558 0.36136
92.00000 326.00000 0.40805 0.50000 1.00000 1.00000 0.62651 0.69784 0.79237 1.00000 1.00000 0.36876 0.42424 0.44485 1.00000 0.55357 0.46055 0.36765 0.45314 0.64025 1.00000 0.58333 1.00000 1.00000 0.22481 0.19718
92.00000 327.00000 0.54598 0.58333 1.00000 1.00000 0.71386 0.69457 0.65969 1.00000 1.00000 0.40097 0.37879 0.46146 1.00000 0.72024 0.47122 0.30882 0.49092 0.70450 1.00000 0.66667 1.00000 1.00000 0.24031 0.38194
92.00000 328.00000 0.39655 0.66667 1.00000 1.00000 0.59940 0.72400 0.83542 1.00000 1.00000 0.40741 0.40909 0.42139 1.00000 0.63095 0.33689 0.42647 0.44705 0.88226 1.00000 0.58333 1.00000 1.00000 0.17054 0.11640
92.00000 329.00000 0.63218 0.75000 1.00000 1.00000 0.60542 0.68629 0.68298 1.00000 1.00000 0.36554 0.39394 0.46644 1.00000 0.67857 0.23241 0.45588 0.49892 0.64371 1.00000 0.66667 1.00000 1.00000 0.37209 0.21748
92.00000 330.00000 0.66667 0.83333 1.00000 1.00000 0.53313 0.57641 0.70189 1.00000 1.00000 0.36232 0.37879 0.46015 1.00000 0.60119 0.24307 0.47059 0.45908 0.67757 1.00000 0.50000 1.00000 1.00000 0.24806 0.42682
92.00000 331.00000 0.59195 0.91667 1.00000 1.00000 0.63855 0.53957 0.63656 1.00000 1.00000 0.32045 0.39394 0.46653 1.00000 0.64881 0.20682 0.39706 0.48292 0.72797 1.00000 0.66667 1.00000 1.00000 0.26357 0.24165
92.00000 332.00000 0.24713 0.25000 1.00000 1.00000 0.60843 0.63549 0.80520 1.00000 1.00000 0.27536 0.40909 0.49278 1.00000 0.70238 0.22601 0.50000 0.48225 0.65525 1.00000 0.50000 1.00000 1.00000 0.27132 0.18103
92.00000 333.00000 0.35632 0.83333 1.00000 1.00000 0.77410 0.64879 0.74426 1.00000 1.00000 0.35427 0.46970 0.47366 1.00000 0.68452 0.28145 0.45588 0.47631 0.76645 1.00000 0.75000 1.00000 1.00000 0.50388 0.32615
92.00000 334.00000 0.51724 0.66667 1.00000 1.00000 0.65964 0.71921 0.72451 1.00000 1.00000 0.26570 0.34848 0.48972 1.00000 0.59524 0.30917 0.38235 0.48849 0.76145 1.00000 0.75000 1.00000 1.00000 0.24031 0.23971
92.00000 335.00000 0.48851 0.83333 1.00000 1.00000 0.73795 0.67124 0.83980 1.00000 1.00000 0.24155 0.37879 0.48896 1.00000 0.72619 0.28785 0.41176 0.50485 0.59254 1.00000 0.66667 1.00000 1.00000 0.17054 0.25573
92.00000 336.00000 0.29885 0.58333 1.00000 1.00000 0.79819 0.65904 0.87728 1.00000 1.00000 0.26892 0.40909 0.49713 1.00000 0.73810 0.40512 0.45588 0.52281 0.74760 1.00000 0.75000 1.00000 1.00000 0.25581 0.24261
92.00000 337.00000 0.65517 0.50000 1.00000 1.00000 0.69277 0.65206 0.74662 1.00000 1.00000 0.27858 0.40909 0.49843 1.00000 0.77976 0.27505 0.42647 0.48994 0.66333 1.00000 0.66667 1.00000 1.00000 0.29457 0.35833
92.00000 338.00000 0.38506 0.83333 1.00000 1.00000 0.89157 0.64421 0.73228 1.00000 1.00000 0.25282 0.36364 0.47972 1.00000 0.73214 0.21535 0.45588 0.52467 0.68449 1.00000 0.66667 1.00000 1.00000 0.16279 0.17109
92.00000 339.00000 0.35057 0.75000 1.00000 1.00000 0.66265 0.74515 0.77633 1.00000 1.00000 0.21417 0.45455 0.52015 1.00000 0.79762 0.26226 0.47059 0.53148 0.69796 1.00000 0.58333 1.00000 1.00000 0.20155 0.14982
92.00000 340.00000 0.59195 0.91667 1.00000 1.00000 0.84639 0.61086 0.79895 1.00000 1.00000 0.14815 0.51515 0.52481 1.00000 0.76786 0.20682 0.39706 0.50588 0.77684 1.00000 0.66667 1.00000 1.00000 0.32558 0.20436
92.00000 341.00000 0.50000 0.16667 1.00000 1.00000 0.85241 0.78504 0.77330 1.00000 1.00000 0.23994 0.50000 0.54667 1.00000 0.69048 0.24307 0.39706 0.52493 0.82878 1.00000 0.75000 1.00000 1.00000 0.09302 0.24537
