83.00000 1.00000 0.20690 0.50000 1.00000 1.00000 0.28012 0.22455 0.17556 1.00000 1.00000 0.79549 0.24242 0.16019 1.00000 0.17262 0.76119 0.22059 0.25018 0.25625 1.00000 0.25000 1.00000 1.00000 0.76744 0.66639
83.00000 2.00000 0.41379 0.41667 1.00000 1.00000 0.16265 0.09265 0.18163 1.00000 1.00000 0.84380 0.18182 0.17563 1.00000 0.13095 0.84861 0.14706 0.21865 0.25125 1.00000 0.33333 1.00000 1.00000 0.81395 0.58699
83.00000 3.00000 0.61494 0.08333 1.00000 1.00000 0.20783 0.37781 0.14838 1.00000 1.00000 0.75845 0.12121 0.16463 1.00000 0.20238 0.82090 0.17647 0.20513 0.34629 1.00000 0.33333 1.00000 1.00000 0.67442 0.73888
83.00000 4.00000 0.34483 0.16667 1.00000 1.00000 0.26807 0.32221 0.34149 1.00000 1.00000 0.80193 0.06061 0.17563 1.00000 0.16667 0.71642 0.14706 0.18867 0.35437 1.00000 0.16667 1.00000 1.00000 0.72093 0.86316
83.00000 5.00000 0.71264 0.50000 1.00000 1.00000 0.28916 0.23109 0.27633 1.00000 1.00000 0.68599 0.16667 0.17011 1.00000 0.25000 0.97441 0.22059 0.19821 0.20162 1.00000 0.25000 1.00000 1.00000 0.67442 0.72949
83.00000 6.00000 0.52299 0.75000 1.00000 1.00000 0.15964 0.24221 0.20831 1.00000 1.00000 0.80193 0.12121 0.13802 1.00000 0.20833 0.72708 0.11765 0.21328 0.26395 1.00000 0.33333 1.00000 1.00000 0.63566 0.77147
83.00000 7.00000 0.47126 0.66667 1.00000 1.00000 0.12048 0.28058 0.24544 1.00000 1.00000 0.72625 0.09091 0.16513 1.00000 0.18452 0.91684 0.17647 0.20121 0.19123 1.00000 0.25000 1.00000 1.00000 0.77519 0.85197
83.00000 8.00000 0.51149 0.41667 1.00000 1.00000 0.21386 0.35949 0.19919 1.00000 1.00000 0.73430 0.16667 0.17235 1.00000 0.11905 0.76333 0.23529 0.20910 0.27972 1.00000 0.33333 1.00000 1.00000 0.64341 0.64499
83.00000 9.00000 0.53448 0.66667 1.00000 1.00000 0.18976 0.34772 0.20223 1.00000 0.00000 0.72142 0.19697 0.12649 1.00000 0.17262 0.94670 0.23529 0.21963 0.25895 1.00000 0.25000 1.00000 1.00000 0.58140 0.76733
83.00000 10.00000 0.54023 0.41667 1.00000 1.00000 0.20783 0.26968 0.30233 1.00000 1.00000 0.81159 0.10606 0.15763 1.00000 0.24405 0.84222 0.19118 0.21535 0.34667 1.00000 0.08333 1.00000 1.00000 0.71318 0.77713
83.00000 11.00000 0.37931 0.16667 1.00000 1.00000 0.25602 0.14083 0.13893 1.00000 1.00000 0.81320 0.19697 0.16203 1.00000 0.21429 0.91258 0.10294 0.21597 0.39861 1.00000 0.08333 1.00000 1.00000 0.66667 0.67744
83.00000 12.00000 0.59195 0.33333 1.00000 1.00000 0.06928 0.33639 0.33474 1.00000 0.00000 0.89855 0.15152 0.16737 1.00000 0.22619 0.85714 0.17647 0.18851 0.15275 1.00000 0.25000 1.00000 1.00000 0.59690 0.76678
83.00000 13.00000 0.49425 0.75000 1.00000 1.00000 0.11446 0.31240 0.31381 1.00000 1.00000 0.74396 0.10606 0.18473 1.00000 0.18452 0.81237 0.14706 0.21545 0.17545 1.00000 0.16667 1.00000 1.00000 0.81395 0.71900
83.00000 14.00000 0.60920 0.25000 1.00000 1.00000 0.08133 0.18923 0.28393 1.00000 0.00000 0.82609 0.18182 0.13726 1.00000 0.29762 0.81450 0.19118 0.24244 0.25741 1.00000 0.33333 1.00000 1.00000 0.72093 0.78500
83.00000 15.00000 0.61494 0.58333 1.00000 1.00000 0.32229 0.17833 0.20138 1.00000 0.00000 0.79710 0.10606 0.14547 1.00000 0.17857 0.74840 0.11765 0.20921 0.21662 1.00000 0.33333 1.00000 1.00000 0.80620 0.77492
83.00000 16.00000 0.37356 0.41667 1.00000 1.00000 0.28313 0.34380 0.24814 1.00000 0.00000 0.66828 0.15152 0.13614 1.00000 0.17262 0.76546 0.11765 0.18263 0.16468 1.00000 0.25000 1.00000 1.00000 0.71318 0.66087
83.00000 17.00000 0.49425 0.58333 1.00000 1.00000 0.14157 0.33050 0.34673 1.00000 1.00000 0.75523 0.19697 0.15467 1.00000 0.20833 0.86994 0.17647 0.21504 0.16083 1.00000 0.33333 1.00000 1.00000 0.71318 0.67081
83.00000 18.00000 0.40805 0.08333 1.00000 1.00000 0.15060 0.18487 0.17032 1.00000 1.00000 0.80032 0.13636 0.14947 1.00000 0.11310 0.73561 0.20588 0.22598 0.25702 1.00000 0.33333 1.00000 1.00000 0.83721 0.69359
83.00000 19.00000 0.50575 0.33333 1.00000 1.00000 0.22289 0.36407 0.20138 1.00000 1.00000 0.72625 0.18182 0.15875 1.00000 0.25000 0.69723 0.11765 0.21891 0.42516 1.00000 0.16667 1.00000 1.00000 0.56589 0.82146
83.00000 20.00000 0.37356 0.16667 1.00000 1.00000 0.05723 0.12470 0.18467 1.00000 1.00000 0.78744 0.13636 0.13430 1.00000 0.12500 0.79104 0.14706 0.20513 0.17083 1.00000 0.25000 1.00000 1.00000 0.70543 0.69774
83.00000 21.00000 0.50000 0.25000 1.00000 1.00000 0.24398 0.22324 0.34875 1.00000 1.00000 0.70692 0.12121 0.13318 1.00000 0.19048 0.81450 0.11765 0.22887 0.28665 1.00000 0.25000 1.00000 1.00000 0.86047 0.74910
83.00000 22.00000 0.59770 0.58333 1.00000 1.00000 0.30723 0.07347 0.18771 1.00000 1.00000 0.85185 0.18182 0.12892 1.00000 0.17262 0.80810 0.13235 0.21731 0.42324 1.00000 0.25000 1.00000 1.00000 0.70543 0.67730
83.00000 23.00000 0.52874 0.66667 1.00000 1.00000 0.39157 0.07085 0.18805 1.00000 1.00000 0.72786 0.18182 0.14839 1.00000 0.16071 0.68230 0.14706 0.20405 0.26664 1.00000 0.33333 1.00000 1.00000 0.70543 0.80295
83.00000 24.00000 0.42529 0.50000 1.00000 1.00000 0.23795 0.07499 0.23278 1.00000 1.00000 0.74074 0.24242 0.13820 1.00000 0.21429 0.70149 0.19118 0.22015 0.25933 1.00000 0.33333 1.00000 1.00000 0.77519 0.64444
83.00000 25.00000 0.38506 0.58333 1.00000 1.00000 0.13855 0.25572 0.22265 1.00000 1.00000 0.80676 0.22727 0.16257 1.00000 0.20238 0.86567 0.07353 0.23805 0.29357 1.00000 0.16667 1.00000 1.00000 0.65116 0.70312
83.00000 26.00000 0.37931 0.41667 1.00000 1.00000 0.35843 0.37432 0.24713 1.00000 1.00000 0.83575 0.09091 0.15319 1.00000 0.06548 0.85714 0.17647 0.22474 0.25240 1.00000 0.33333 1.00000 1.00000 0.58140 0.73971
83.00000 27.00000 0.47701 0.58333 1.00000 1.00000 0.36446 0.32003 0.20172 1.00000 1.00000 0.78583 0.09091 0.15516 1.00000 0.22024 0.78465 0.14706 0.21819 0.22201 1.00000 0.33333 1.00000 1.00000 0.71318 0.81207
83.00000 28.00000 0.43678 0.83333 1.00000 1.00000 0.20482 0.18269 0.13167 1.00000 1.00000 0.81159 0.07576 0.14022 1.00000 0.26786 0.75267 0.13235 0.20745 0.26895 1.00000 0.25000 1.00000 1.00000 0.65891 0.66280
83.00000 29.00000 0.21839 0.08333 1.00000 1.00000 0.06928 0.27186 0.15733 1.00000 1.00000 0.72947 0.18182 0.14875 1.00000 0.22619 0.74627 0.17647 0.23042 0.19623 1.00000 0.33333 1.00000 1.00000 0.62791 0.70450
83.00000 30.00000 0.62644 0.75000 1.00000 1.00000 0.43675 0.22128 0.23379 1.00000 1.00000 0.71659 0.16667 0.16095 1.00000 0.20238 0.84648 0.13235 0.17009 0.24163 1.00000 0.25000 1.00000 1.00000 0.72868 0.80033
83.00000 31.00000 0.52299 0.50000 1.00000 1.00000 0.26205 0.38304 0.37103 1.00000 1.00000 0.89694 0.18182 0.17769 1.00000 0.17857 0.71215 0.20588 0.21473 0.22663 1.00000 0.33333 1.00000 1.00000 0.68217 0.81607
83.00000 32.00000 0.62644 0.41667 1.00000 1.00000 0.19277 0.23850 0.22890 1.00000 1.00000 0.75362 0.10606 0.17302 1.00000 0.19048 0.84009 0.17647 0.19976 0.17160 1.00000 0.41667 1.00000 1.00000 0.63566 0.59100
83.00000 33.00000 0.56897 0.41667 1.00000 1.00000 0.26506 0.37584 0.20527 1.00000 1.00000 0.69887 0.21212 0.15149 1.00000 0.08929 0.76972 0.23529 0.19532 0.32359 1.00000 0.25000 1.00000 1.00000 0.65116 0.97225
83.00000 34.00000 0.45977 0.50000 1.00000 1.00000 0.34036 0.25027 0.21658 1.00000 1.00000 0.83897 0.12121 0.17657 1.00000 0.19643 0.78252 0.20588 0.18495 0.30896 1.00000 0.25000 1.00000 1.00000 0.82171 0.64250
83.00000 35.00000 0.28161 0.58333 1.00000 1.00000 0.19277 0.18073 0.36209 1.00000 1.00000 0.77778 0.15152 0.12941 1.00000 0.20238 0.75693 0.22059 0.19507 0.16814 1.00000 0.33333 1.00000 1.00000 0.66667 0.95940
83.00000 36.00000 0.72414 0.16667 1.00000 1.00000 0.26205 0.31066 0.37019 1.00000 1.00000 0.79710 0.16667 0.15772 1.00000 0.10714 0.71855 0.22059 0.19600 0.23932 1.00000 0.50000 1.00000 1.00000 0.73643 0.74786
83.00000 37.00000 0.37931 0.41667 1.00000 1.00000 0.25904 0.33028 0.08980 1.00000 0.00000 0.78583 0.18182 0.15481 1.00000 0.20238 0.81450 0.14706 0.21793 0.33551 1.00000 0.33333 1.00000 1.00000 0.72868 0.81552
83.00000 38.00000 0.58046 0.08333 1.00000 1.00000 0.22590 0.19621 0.27515 1.00000 1.00000 0.71498 0.12121 0.19182 1.00000 0.20833 0.82729 0.22059 0.23083 0.19469 1.00000 0.25000 1.00000 1.00000 0.54264 0.74040
83.00000 39.00000 0.42529 0.41667 1.00000 1.00000 0.34940 0.25158 0.17995 1.00000 1.00000 0.83414 0.15152 0.17971 1.00000 0.13690 0.83369 0.14706 0.20136 0.33321 1.00000 0.41667 1.00000 1.00000 0.65116 0.64416
83.00000 40.00000 0.18966 0.33333 1.00000 1.00000 0.38554 0.33312 0.28883 1.00000 1.00000 0.73752 0.10606 0.15557 1.00000 0.19048 0.75267 0.19118 0.18738 0.15429 1.00000 0.25000 1.00000 1.00000 0.85271 0.85556
83.00000 41.00000 0.35057 0.33333 1.00000 1.00000 0.23494 0.26248 0.29575 1.00000 1.00000 0.79227 0.16667 0.13946 1.00000 0.22024 0.74627 0.20588 0.21638 0.19815 1.00000 0.41667 1.00000 1.00000 0.75194 0.66239
83.00000 42.00000 0.50575 0.33333 1.00000 1.00000 0.21687 0.26379 0.12357 1.00000 1.00000 0.77617 0.10606 0.16270 1.00000 0.22024 0.76759 0.14706 0.19914 0.25202 1.00000 0.16667 1.00000 1.00000 0.72868 0.63587
83.00000 43.00000 0.45977 0.50000 1.00000 1.00000 0.09639 0.19403 0.32849 1.00000 1.00000 0.76490 0.09091 0.14193 1.00000 0.05357 0.73561 0.19118 0.21597 0.20508 1.00000 0.33333 1.00000 1.00000 0.79070 0.74606
83.00000 44.00000 0.55172 0.33333 1.00000 1.00000 0.13855 0.14345 0.27583 1.00000 1.00000 0.87440 0.12121 0.18025 1.00000 0.17262 0.87420 0.11765 0.22572 0.22701 1.00000 0.25000 1.00000 1.00000 0.61240 0.79053
83.00000 45.00000 0.55172 0.33333 1.00000 1.00000 0.38855 0.35208 0.21675 1.00000 1.00000 0.72303 0.07576 0.15431 1.00000 0.26786 0.79957 0.19118 0.21019 0.20046 1.00000 0.41667 1.00000 1.00000 0.72093 0.74689
83.00000 46.00000 0.29310 0.33333 1.00000 1.00000 0.21687 0.24984 0.22417 1.00000 1.00000 0.79549 0.10606 0.17051 1.00000 0.23214 0.87207 0.13235 0.20988 0.20123 1.00000 0.33333 1.00000 1.00000 0.64341 0.66418
83.00000 47.00000 0.30460 0.25000 1.00000 1.00000 0.29217 0.30238 0.27498 1.00000 1.00000 0.72625 0.16667 0.16513 1.00000 0.21429 0.81237 0.14706 0.18542 0.42632 1.00000 0.33333 1.00000 1.00000 0.69767 0.69732
83.00000 48.00000 0.44253 0.83333 1.00000 1.00000 0.31325 0.30804 0.25810 1.00000 1.00000 0.78744 0.18182 0.14852 1.00000 0.22024 0.69936 0.11765 0.22175 0.28588 1.00000 0.25000 1.00000 1.00000 0.60465 0.75214
83.00000 49.00000 0.43103 0.66667 1.00000 1.00000 0.29518 0.23981 0.16121 1.00000 1.00000 0.70370 0.13636 0.17132 1.00000 0.18452 0.78038 0.13235 0.22453 0.04194 1.00000 0.41667 1.00000 1.00000 0.71318 0.84852
83.00000 50.00000 0.25862 0.16667 1.00000 1.00000 0.15361 0.08546 0.05908 1.00000 1.00000 0.83736 0.13636 0.15243 1.00000 0.18452 0.83156 0.14706 0.21277 0.14852 1.00000 0.33333 1.00000 1.00000 0.86047 0.88014
83.00000 51.00000 0.35057 0.58333 1.00000 1.00000 0.14759 0.51515 0.37998 1.00000 0.00000 0.70692 0.13636 0.19815 1.00000 0.33929 0.75267 0.17647 0.19940 0.16660 1.00000 0.33333 1.00000 1.00000 0.78295 0.76139
83.00000 52.00000 0.59195 0.08333 1.00000 1.00000 0.21988 0.19555 0.17319 1.00000 1.00000 0.82126 0.06061 0.16405 1.00000 0.11310 0.77825 0.19118 0.18206 0.26972 1.00000 0.25000 1.00000 1.00000 0.74419 0.81055
83.00000 53.00000 0.45977 0.41667 1.00000 1.00000 0.11145 0.26204 0.27178 1.00000 1.00000 0.65700 0.15152 0.17751 1.00000 0.23214 0.83156 0.07353 0.19641 0.29627 1.00000 0.25000 1.00000 1.00000 0.87597 0.93041
83.00000 54.00000 0.51724 0.66667 1.00000 1.00000 0.17169 0.31982 0.31668 1.00000 1.00000 0.92754 0.16667 0.16400 1.00000 0.11310 0.73561 0.19118 0.19698 0.14967 1.00000 0.33333 1.00000 1.00000 0.79070 0.64264
83.00000 55.00000 0.57471 0.66667 1.00000 1.00000 0.25000 0.33159 0.36074 1.00000 1.00000 0.85507 0.19697 0.11110 1.00000 0.22619 0.74840 0.17647 0.21751 0.27818 1.00000 0.25000 1.00000 1.00000 0.55814 0.76250
83.00000 56.00000 0.26437 0.33333 1.00000 1.00000 0.27108 0.39590 0.16678 1.00000 1.00000 0.75362 0.15152 0.14099 1.00000 0.11905 0.68443 0.17647 0.21122 0.18315 1.00000 0.33333 1.00000 1.00000 0.77519 0.64015
83.00000 57.00000 0.62069 0.33333 1.00000 1.00000 0.31928 0.17201 0.25641 1.00000 1.00000 0.68116 0.15152 0.13506 1.00000 0.28571 0.84222 0.20588 0.19027 0.27126 1.00000 0.25000 1.00000 1.00000 0.78295 0.68683
83.00000 58.00000 0.44828 0.50000 1.00000 1.00000 0.50301 0.27709 0.32562 1.00000 1.00000 0.79710 0.15152 0.14466 1.00000 0.10119 0.94030 0.16176 0.18387 0.22355 1.00000 0.33333 1.00000 1.00000 0.71318 0.66114
83.00000 59.00000 0.24138 0.25000 1.00000 1.00000 0.50904 0.37345 0.32073 1.00000 1.00000 0.76973 0.24242 0.15315 1.00000 0.18452 0.82090 0.22059 0.19280 0.27626 1.00000 0.16667 1.00000 1.00000 0.77519 0.93317
83.00000 60.00000 0.39655 0.58333 1.00000 1.00000 0.27410 0.27774 0.15783 1.00000 1.00000 0.61836 0.10606 0.16611 1.00000 0.08333 0.81237 0.17647 0.21426 0.30435 1.00000 0.33333 1.00000 1.00000 0.76744 0.61972
83.00000 61.00000 0.48851 0.41667 1.00000 1.00000 0.23795 0.28951 0.27650 1.00000 1.00000 0.78100 0.15152 0.14399 1.00000 0.28571 0.73987 0.13235 0.20188 0.20316 1.00000 0.25000 1.00000 1.00000 0.67442 0.68489
83.00000 62.00000 0.49425 0.91667 1.00000 1.00000 0.35843 0.18661 0.29608 1.00000 1.00000 0.76651 0.13636 0.15660 1.00000 0.25595 0.78252 0.16176 0.22546 0.36206 1.00000 0.16667 1.00000 1.00000 0.68217 0.77216
83.00000 63.00000 0.50000 0.58333 1.00000 1.00000 0.25301 0.19817 0.27650 1.00000 1.00000 0.81320 0.18182 0.12649 1.00000 0.16667 0.87420 0.23529 0.22009 0.33205 1.00000 0.25000 1.00000 1.00000 0.72093 0.55730
83.00000 64.00000 0.53448 0.50000 1.00000 1.00000 0.28916 0.30979 0.31347 1.00000 1.00000 0.72625 0.13636 0.13614 1.00000 0.12500 0.79957 0.20588 0.19656 0.35898 1.00000 0.16667 1.00000 1.00000 0.66667 0.73681
83.00000 65.00000 0.51149 0.08333 1.00000 1.00000 0.28916 0.39699 0.36479 1.00000 1.00000 0.71014 0.13636 0.16194 1.00000 0.07738 0.76119 0.14706 0.23000 0.16506 1.00000 0.33333 1.00000 1.00000 0.64341 0.84894
83.00000 66.00000 0.69540 0.50000 1.00000 1.00000 0.25000 0.30804 0.31583 1.00000 1.00000 0.79066 0.21212 0.16158 1.00000 0.09524 0.85714 0.07353 0.22954 0.17314 1.00000 0.25000 1.00000 1.00000 0.69767 0.89326
83.00000 67.00000 0.68391 0.58333 1.00000 1.00000 0.34036 0.33573 0.14770 1.00000 1.00000 0.70209 0.13636 0.17114 1.00000 0.16071 0.78465 0.19118 0.22495 0.39361 1.00000 0.33333 1.00000 1.00000 0.57364 0.89699
83.00000 68.00000 0.48851 0.83333 1.00000 1.00000 0.30120 0.30630 0.40716 1.00000 0.00000 0.78583 0.24242 0.16562 1.00000 0.17262 0.83369 0.16176 0.18371 0.24971 1.00000 0.33333 1.00000 1.00000 0.62791 0.76968
83.00000 69.00000 0.40805 0.41667 1.00000 1.00000 0.14759 0.38129 0.29169 1.00000 1.00000 0.74557 0.12121 0.14610 1.00000 0.17857 0.80384 0.19118 0.19022 0.30935 1.00000 0.41667 1.00000 1.00000 0.73643 0.78611
83.00000 70.00000 0.58046 0.33333 1.00000 1.00000 0.17470 0.20035 0.32427 1.00000 1.00000 0.68277 0.18182 0.15875 1.00000 0.23214 0.76972 0.20588 0.19331 0.27472 1.00000 0.25000 1.00000 1.00000 0.72868 0.69276
83.00000 71.00000 0.53448 0.75000 1.00000 1.00000 0.33735 0.23567 0.24814 1.00000 1.00000 0.80032 0.18182 0.14291 1.00000 0.16667 0.77612 0.17647 0.20554 0.35321 1.00000 0.16667 1.00000 1.00000 0.68217 0.66708
83.00000 72.00000 0.40230 0.58333 1.00000 1.00000 0.19578 0.40048 0.28359 1.00000 1.00000 0.74235 0.16667 0.12111 1.00000 0.22619 0.78252 0.14706 0.20193 0.20931 1.00000 0.33333 1.00000 1.00000 0.57364 0.65534
83.00000 73.00000 0.60920 0.33333 1.00000 1.00000 0.33434 0.06061 0.23953 1.00000 1.00000 0.69726 0.15152 0.18240 1.00000 0.17262 0.82303 0.25000 0.18635 0.23701 1.00000 0.33333 1.00000 1.00000 0.69767 0.77037
83.00000 74.00000 0.45402 0.58333 1.00000 1.00000 0.32530 0.22651 0.21472 1.00000 1.00000 0.71337 0.18182 0.14947 1.00000 0.16667 0.81023 0.17647 0.20668 0.25625 1.00000 0.33333 1.00000 1.00000 0.78295 0.66087
83.00000 75.00000 0.56897 0.58333 1.00000 1.00000 0.22892 0.21474 0.39433 1.00000 1.00000 0.73108 0.16667 0.19739 1.00000 0.23810 0.84222 0.27941 0.20678 0.45594 1.00000 0.41667 1.00000 1.00000 0.61240 0.73654
83.00000 76.00000 0.49425 0.66667 1.00000 1.00000 0.18373 0.17920 0.39551 1.00000 1.00000 0.80032 0.21212 0.15337 1.00000 0.20238 0.74840 0.17647 0.22061 0.33513 1.00000 0.25000 1.00000 1.00000 0.55814 0.73474
83.00000 77.00000 0.39080 0.66667 1.00000 1.00000 0.18675 0.27665 0.31870 1.00000 1.00000 0.79871 0.16667 0.14211 1.00000 0.14286 0.75693 0.26471 0.22268 0.21701 1.00000 0.25000 1.00000 1.00000 0.75969 0.63712
83.00000 78.00000 0.43103 0.83333 1.00000 1.00000 0.23494 0.23065 0.27937 1.00000 1.00000 0.78422 0.12121 0.12914 1.00000 0.21429 0.79104 0.19118 0.19326 0.25087 1.00000 0.25000 1.00000 1.00000 0.65116 0.72784
83.00000 79.00000 0.59770 0.50000 1.00000 1.00000 0.30723 0.27077 0.27650 1.00000 1.00000 0.80515 0.16667 0.15507 1.00000 0.10119 0.99360 0.22059 0.19238 0.37053 1.00000 0.33333 1.00000 1.00000 0.66667 0.72535
83.00000 80.00000 0.47126 0.83333 1.00000 1.00000 0.29819 0.34685 0.29895 1.00000 1.00000 0.77134 0.09091 0.11819 1.00000 0.19643 0.85075 0.22059 0.21875 0.39323 1.00000 0.33333 1.00000 1.00000 0.75194 0.77341
83.00000 81.00000 0.51149 0.50000 1.00000 1.00000 0.37349 0.21060 0.20138 1.00000 1.00000 0.70692 0.13636 0.12335 1.00000 0.22619 0.79957 0.14706 0.24141 0.28088 1.00000 0.33333 1.00000 1.00000 0.70543 0.85985
83.00000 82.00000 0.59770 0.75000 1.00000 1.00000 0.29819 0.27491 0.25473 1.00000 1.00000 0.86473 0.19697 0.17486 1.00000 0.20238 0.75267 0.20588 0.17680 0.43940 1.00000 0.33333 1.00000 1.00000 0.81395 0.69829
83.00000 83.00000 0.62069 0.75000 1.00000 1.00000 0.17771 0.21670 0.35500 1.00000 1.00000 0.77456 0.25758 0.16535 1.00000 0.22024 0.82303 0.25000 0.19553 0.30012 1.00000 0.25000 1.00000 1.00000 0.67442 0.82312
83.00000 84.00000 0.20115 0.16667 1.00000 1.00000 0.42771 0.21539 0.27701 1.00000 1.00000 0.65378 0.07576 0.17114 1.00000 0.13095 0.79531 0.22059 0.20890 0.41631 1.00000 0.16667 1.00000 1.00000 0.54264 0.68061
83.00000 85.00000 0.21264 0.33333 1.00000 1.00000 0.30120 0.19926 0.19294 1.00000 1.00000 0.81965 0.18182 0.17177 1.00000 0.22619 0.94883 0.23529 0.22593 0.35360 1.00000 0.33333 1.00000 1.00000 0.60465 0.70395
83.00000 86.00000 0.00000 0.41667 1.00000 1.00000 0.38855 0.22738 0.27633 1.00000 1.00000 0.66506 0.27273 0.16468 1.00000 0.26190 0.82942 0.23529 0.21452 0.35129 1.00000 0.25000 1.00000 1.00000 0.76744 0.76388
83.00000 87.00000 0.63218 0.83333 1.00000 1.00000 0.31024 0.29148 0.23126 1.00000 1.00000 0.86151 0.19697 0.16634 1.00000 0.13690 0.80810 0.25000 0.23635 0.32974 1.00000 0.41667 1.00000 1.00000 0.66667 0.77396
83.00000 88.00000 0.43678 0.41667 1.00000 1.00000 0.08133 0.41138 0.25405 1.00000 1.00000 0.81965 0.12121 0.16315 1.00000 0.19048 0.80171 0.16176 0.21736 0.30935 1.00000 0.41667 1.00000 1.00000 0.82171 0.68407
83.00000 89.00000 0.64943 0.50000 1.00000 1.00000 0.35843 0.29540 0.15057 1.00000 1.00000 0.77295 0.18182 0.16903 1.00000 0.08333 0.81237 0.10294 0.21942 0.38399 1.00000 0.25000 1.00000 1.00000 0.63566 0.65465
83.00000 90.00000 0.49425 0.33333 1.00000 1.00000 0.18072 0.35666 0.12424 1.00000 0.00000 0.67150 0.18182 0.17886 1.00000 0.19048 0.70149 0.23529 0.21860 0.39169 1.00000 0.25000 1.00000 1.00000 0.69767 0.70395
83.00000 91.00000 0.42529 0.66667 1.00000 1.00000 0.22590 0.12383 0.34909 1.00000 0.00000 0.62480 0.21212 0.16504 1.00000 0.14881 0.75693 0.17647 0.20570 0.34898 1.00000 0.33333 1.00000 1.00000 0.75194 0.77451
83.00000 92.00000 0.39080 0.75000 1.00000 1.00000 0.26807 0.37236 0.38065 1.00000 1.00000 0.73108 0.15152 0.15157 1.00000 0.17262 0.73561 0.27941 0.19760 0.25779 1.00000 0.25000 1.00000 1.00000 0.62791 0.77603
83.00000 93.00000 0.18391 0.75000 1.00000 1.00000 0.29518 0.22520 0.23700 1.00000 1.00000 0.74718 0.13636 0.13654 1.00000 0.11905 0.82942 0.23529 0.21256 0.32513 1.00000 0.16667 1.00000 1.00000 0.62791 0.62538
83.00000 94.00000 0.32184 0.41667 1.00000 1.00000 0.30723 0.37672 0.18417 1.00000 0.00000 0.70370 0.21212 0.11900 1.00000 0.26190 0.74627 0.22059 0.23284 0.29319 1.00000 0.33333 1.00000 1.00000 0.63566 0.69953
83.00000 95.00000 0.78161 0.83333 1.00000 1.00000 0.43675 0.24766 0.22772 1.00000 1.00000 0.77134 0.13636 0.15157 1.00000 0.19643 0.69936 0.25000 0.21179 0.17622 1.00000 0.16667 1.00000 1.00000 0.68992 0.60909
83.00000 96.00000 0.35057 0.25000 1.00000 1.00000 0.26506 0.20514 0.20577 1.00000 1.00000 0.71014 0.10606 0.17993 1.00000 0.23214 0.73561 0.11765 0.21917 0.24086 1.00000 0.41667 1.00000 1.00000 0.65116 0.72659
83.00000 97.00000 0.44828 0.75000 1.00000 1.00000 0.40361 0.30216 0.18991 1.00000 0.00000 0.74879 0.19697 0.16450 1.00000 0.19048 0.79744 0.19118 0.18903 0.33667 1.00000 0.41667 1.00000 1.00000 0.52713 0.78638
83.00000 98.00000 0.53448 0.16667 1.00000 1.00000 0.35241 0.35535 0.24460 1.00000 1.00000 0.69887 0.10606 0.13049 1.00000 0.25000 0.79531 0.19118 0.19914 0.27126 1.00000 0.25000 1.00000 1.00000 0.60465 0.77175
83.00000 99.00000 0.56322 0.33333 1.00000 1.00000 0.20482 0.18901 0.14213 1.00000 1.00000 0.70692 0.13636 0.16454 1.00000 0.21429 0.97228 0.16176 0.23527 0.34321 1.00000 0.25000 1.00000 1.00000 0.67442 0.78431
83.00000 100.00000 0.42529 0.16667 1.00000 1.00000 0.15060 0.36080 0.25354 1.00000 1.00000 0.90499 0.13636 0.16777 1.00000 0.18452 0.75480 0.14706 0.22046 0.24740 1.00000 0.25000 1.00000 1.00000 0.53488 0.80931
83.00000 101.00000 0.45977 0.41667 1.00000 1.00000 0.28916 0.12426 0.24240 1.00000 1.00000 0.75362 0.18182 0.16607 1.00000 0.16667 0.77825 0.14706 0.24285 0.13621 1.00000 0.16667 1.00000 1.00000 0.62791 0.59997
83.00000 102.00000 0.48851 0.83333 1.00000 1.00000 0.31928 0.16024 0.34402 1.00000 1.00000 0.64573 0.18182 0.18716 1.00000 0.28571 0.78252 0.22059 0.19796 0.37861 1.00000 0.41667 1.00000 1.00000 0.64341 0.84977
83.00000 103.00000 0.49425 0.75000 1.00000 1.00000 0.26506 0.37911 0.28359 1.00000 1.00000 0.66828 0.16667 0.11859 1.00000 0.22619 0.76119 0.16176 0.19295 0.53559 1.00000 0.33333 1.00000 1.00000 0.67442 0.72231
83.00000 104.00000 0.65517 0.25000 1.00000 1.00000 0.14458 0.24264 0.23616 1.00000 1.00000 0.67633 0.16667 0.12133 1.00000 0.25000 0.70789 0.20588 0.19605 0.30896 1.00000 0.25000 1.00000 1.00000 0.77519 0.72659
83.00000 105.00000 0.54598 0.83333 1.00000 1.00000 0.15060 0.32941 0.23346 1.00000 1.00000 0.77295 0.21212 0.16679 1.00000 0.23214 0.75693 0.23529 0.20885 0.26472 1.00000 0.41667 1.00000 1.00000 0.56589 0.86495
83.00000 106.00000 0.41379 0.25000 1.00000 1.00000 0.30120 0.20231 0.28646 1.00000 1.00000 0.87279 0.19697 0.14960 1.00000 0.21429 0.83795 0.20588 0.19579 0.25202 1.00000 0.25000 1.00000 1.00000 0.69767 0.89575
83.00000 107.00000 0.43103 0.16667 1.00000 1.00000 0.30723 0.29496 0.25506 1.00000 1.00000 0.77134 0.13636 0.14283 1.00000 0.17262 0.77186 0.19118 0.21442 0.25548 1.00000 0.41667 1.00000 1.00000 0.76744 0.64126
83.00000 108.00000 0.44253 0.91667 1.00000 1.00000 0.37651 0.32985 0.22400 1.00000 1.00000 0.71498 0.16667 0.18976 1.00000 0.25595 0.72921 0.27941 0.19089 0.24471 1.00000 0.33333 1.00000 1.00000 0.65116 0.73129
83.00000 109.00000 0.59770 0.91667 1.00000 1.00000 0.30120 0.17528 0.39281 1.00000 1.00000 0.66828 0.18182 0.14628 1.00000 0.19048 0.78252 0.22059 0.22298 0.31897 1.00000 0.33333 1.00000 1.00000 0.75194 0.58492
83.00000 110.00000 0.61494 0.58333 1.00000 1.00000 0.24699 0.30368 0.27937 1.00000 1.00000 0.72142 0.22727 0.14489 1.00000 0.18452 0.76333 0.23529 0.21581 0.32705 1.00000 0.25000 1.00000 1.00000 0.52713 0.80240
83.00000 111.00000 0.45977 0.83333 1.00000 1.00000 0.44277 0.32352 0.27144 1.00000 1.00000 0.81159 0.13636 0.16607 1.00000 0.22024 0.68443 0.20588 0.19316 0.37553 1.00000 0.25000 1.00000 1.00000 0.63566 0.73861
83.00000 112.00000 0.40805 0.83333 1.00000 1.00000 0.26807 0.34336 0.25709 1.00000 1.00000 0.60225 0.15152 0.13493 1.00000 0.26190 0.85714 0.20588 0.21230 0.20893 1.00000 0.25000 1.00000 1.00000 0.67442 0.72080
83.00000 113.00000 0.62069 0.83333 1.00000 1.00000 0.30723 0.42926 0.30300 1.00000 1.00000 0.65378 0.25758 0.17661 1.00000 0.26786 0.82303 0.30882 0.22087 0.24894 1.00000 0.33333 1.00000 1.00000 0.75194 0.65231
83.00000 114.00000 0.51724 0.91667 1.00000 1.00000 0.39759 0.28232 0.37779 1.00000 1.00000 0.67955 0.21212 0.16553 1.00000 0.22619 0.75480 0.20588 0.19083 0.30435 1.00000 0.33333 1.00000 1.00000 0.75969 0.80351
83.00000 115.00000 0.59195 0.08333 1.00000 1.00000 0.24398 0.34118 0.15311 1.00000 1.00000 0.83414 0.16667 0.14009 1.00000 0.23810 0.73561 0.19118 0.21055 0.32743 1.00000 0.25000 1.00000 1.00000 0.60465 0.72204
83.00000 116.00000 0.28161 0.58333 1.00000 1.00000 0.26506 0.26008 0.34149 1.00000 1.00000 0.74879 0.25758 0.12510 1.00000 0.26190 0.85501 0.30882 0.22427 0.31974 1.00000 0.25000 1.00000 1.00000 0.75194 0.83389
83.00000 117.00000 0.47701 0.41667 1.00000 1.00000 0.21687 0.24330 0.30081 1.00000 1.00000 0.87762 0.10606 0.15189 1.00000 0.22024 0.60768 0.26471 0.20085 0.18161 1.00000 0.33333 1.00000 1.00000 0.52713 0.78790
83.00000 118.00000 0.47701 0.41667 1.00000 1.00000 0.37048 0.37781 0.30638 1.00000 1.00000 0.64251 0.22727 0.15750 1.00000 0.25595 0.76972 0.20588 0.17442 0.37130 1.00000 0.33333 1.00000 1.00000 0.45736 0.70989
83.00000 119.00000 0.71264 0.50000 1.00000 1.00000 0.41867 0.35797 0.37694 1.00000 1.00000 0.70692 0.18182 0.16181 1.00000 0.19048 0.74627 0.16176 0.20766 0.21701 1.00000 0.16667 1.00000 1.00000 0.54264 0.71154
83.00000 120.00000 0.64943 0.08333 1.00000 1.00000 0.39759 0.25223 0.27009 1.00000 0.00000 0.72303 0.18182 0.16957 1.00000 0.10714 0.71642 0.17647 0.21189 0.31281 1.00000 0.25000 1.00000 1.00000 0.66667 0.68890
83.00000 121.00000 0.54023 0.66667 1.00000 1.00000 0.21386 0.23240 0.27110 1.00000 1.00000 0.68921 0.21212 0.13735 1.00000 0.20238 0.66525 0.16176 0.16612 0.36822 1.00000 0.33333 1.00000 1.00000 0.59690 0.90362
83.00000 122.00000 0.47126 0.58333 1.00000 1.00000 0.30120 0.34554 0.34588 1.00000 1.00000 0.71337 0.15152 0.16297 1.00000 0.19643 0.73134 0.29412 0.19945 0.15852 1.00000 0.33333 1.00000 1.00000 0.79845 0.64720
83.00000 123.00000 0.39655 0.66667 1.00000 1.00000 0.33133 0.21583 0.36884 1.00000 1.00000 0.79227 0.21212 0.16086 1.00000 0.24405 0.73774 0.14706 0.19992 0.32974 1.00000 0.33333 1.00000 1.00000 0.53488 0.76001
83.00000 124.00000 0.71264 0.33333 1.00000 1.00000 0.42470 0.32309 0.43754 1.00000 1.00000 0.75684 0.15152 0.15090 1.00000 0.31548 0.84009 0.20588 0.19481 0.31897 1.00000 0.25000 1.00000 1.00000 0.58140 0.57470
83.00000 125.00000 0.59770 0.25000 1.00000 1.00000 0.14759 0.26444 0.30824 1.00000 1.00000 0.82770 0.12121 0.17334 1.00000 0.26786 0.84861 0.20588 0.21700 0.20854 1.00000 0.41667 1.00000 1.00000 0.65116 0.65700
83.00000 126.00000 0.49425 0.58333 1.00000 1.00000 0.34639 0.33987 0.26907 1.00000 1.00000 0.82609 0.22727 0.14906 1.00000 0.13690 0.72708 0.29412 0.22691 0.30781 1.00000 0.16667 1.00000 1.00000 0.73643 0.71707
83.00000 127.00000 0.64368 0.33333 1.00000 1.00000 0.27410 0.26095 0.31887 1.00000 1.00000 0.77778 0.09091 0.16059 1.00000 0.14881 0.66951 0.14706 0.20864 0.29819 1.00000 0.16667 1.00000 1.00000 0.58140 0.66501
83.00000 128.00000 0.30460 0.58333 1.00000 1.00000 0.19277 0.11031 0.21472 1.00000 1.00000 0.66023 0.19697 0.19191 1.00000 0.19048 0.70576 0.25000 0.17200 0.37938 1.00000 0.41667 1.00000 1.00000 0.55039 0.51464
83.00000 129.00000 0.32184 0.58333 1.00000 1.00000 0.38253 0.22651 0.37812 1.00000 1.00000 0.64734 0.18182 0.13183 1.00000 0.16667 0.78252 0.23529 0.20983 0.32282 1.00000 0.16667 1.00000 1.00000 0.61240 0.74869
83.00000 130.00000 0.38506 0.58333 1.00000 1.00000 0.15361 0.33704 0.22215 1.00000 1.00000 0.64251 0.27273 0.15171 1.00000 0.23810 0.88273 0.22059 0.21880 0.25471 1.00000 0.25000 1.00000 1.00000 0.67442 0.80268
83.00000 131.00000 0.47126 0.83333 1.00000 1.00000 0.26205 0.24657 0.23093 1.00000 1.00000 0.77456 0.07576 0.15256 1.00000 0.23810 0.65032 0.17647 0.23826 0.32705 1.00000 0.25000 1.00000 1.00000 0.64341 0.72922
83.00000 132.00000 0.48851 0.41667 1.00000 1.00000 0.31325 0.36407 0.20898 1.00000 1.00000 0.58615 0.16667 0.17594 1.00000 0.23214 0.66098 0.22059 0.20100 0.30743 1.00000 0.33333 1.00000 1.00000 0.67442 0.65120
83.00000 133.00000 0.64943 0.58333 1.00000 1.00000 0.43976 0.30085 0.29760 1.00000 1.00000 0.77134 0.18182 0.15660 1.00000 0.37500 0.73774 0.23529 0.19584 0.31243 1.00000 0.33333 1.00000 1.00000 0.75969 0.73529
83.00000 134.00000 0.49425 0.66667 1.00000 1.00000 0.32229 0.32069 0.23413 1.00000 1.00000 0.63607 0.21212 0.17060 1.00000 0.22024 0.69936 0.20588 0.24332 0.25010 1.00000 0.25000 1.00000 1.00000 0.79070 0.75628
83.00000 135.00000 0.54598 0.58333 1.00000 1.00000 0.11145 0.36342 0.26350 1.00000 1.00000 0.66184 0.24242 0.14516 1.00000 0.39286 0.63539 0.05882 0.21292 0.28011 1.00000 0.25000 1.00000 1.00000 0.75194 0.67495
83.00000 136.00000 0.49425 0.25000 1.00000 1.00000 0.34940 0.37955 0.32427 1.00000 1.00000 0.78100 0.18182 0.18832 1.00000 0.22619 0.78891 0.13235 0.20657 0.24202 1.00000 0.25000 1.00000 1.00000 0.54264 0.56007
83.00000 137.00000 0.59770 0.75000 1.00000 1.00000 0.13855 0.33573 0.31482 1.00000 1.00000 0.73269 0.15152 0.15306 1.00000 0.14881 0.72921 0.23529 0.19068 0.22740 1.00000 0.25000 1.00000 1.00000 0.63566 0.63201
83.00000 138.00000 0.47126 0.75000 1.00000 1.00000 0.38554 0.37301 0.18889 1.00000 1.00000 0.66989 0.19697 0.17379 1.00000 0.28571 0.80171 0.25000 0.23222 0.19200 1.00000 0.33333 1.00000 1.00000 0.67442 0.75739
83.00000 139.00000 0.62644 0.41667 1.00000 1.00000 0.33434 0.43667 0.25405 1.00000 0.00000 0.62641 0.19697 0.15552 1.00000 0.21429 0.74414 0.22059 0.21555 0.33782 1.00000 0.33333 1.00000 1.00000 0.64341 0.78942
83.00000 140.00000 0.77011 0.75000 1.00000 1.00000 0.33735 0.30608 0.24105 1.00000 1.00000 0.75040 0.15152 0.18671 1.00000 0.17262 0.81237 0.22059 0.20745 0.38015 1.00000 0.25000 1.00000 1.00000 0.69767 0.60674
83.00000 141.00000 0.43103 0.50000 1.00000 1.00000 0.18675 0.41160 0.38032 1.00000 1.00000 0.68277 0.18182 0.17432 1.00000 0.17262 0.72495 0.19118 0.20921 0.38630 1.00000 0.25000 1.00000 1.00000 0.75194 0.63146
83.00000 142.00000 0.19540 0.33333 1.00000 1.00000 0.28916 0.35056 0.29186 1.00000 1.00000 0.70209 0.21212 0.14395 1.00000 0.24405 0.67591 0.20588 0.20817 0.23663 1.00000 0.33333 1.00000 1.00000 0.74419 0.65051
83.00000 143.00000 0.66667 0.33333 1.00000 1.00000 0.28916 0.17986 0.28140 1.00000 1.00000 0.65700 0.18182 0.16154 1.00000 0.28571 0.77612 0.19118 0.19238 0.27126 1.00000 0.25000 1.00000 1.00000 0.56589 0.63905
83.00000 144.00000 0.28736 0.75000 1.00000 1.00000 0.37048 0.40222 0.31178 1.00000 0.00000 0.82609 0.24242 0.15126 1.00000 0.33929 0.75267 0.23529 0.19796 0.40900 1.00000 0.41667 1.00000 1.00000 0.68217 0.60191
83.00000 145.00000 0.60345 0.16667 1.00000 1.00000 0.28012 0.38653 0.27481 1.00000 1.00000 0.64895 0.19697 0.16701 1.00000 0.20238 0.76333 0.32353 0.17427 0.37553 1.00000 0.41667 1.00000 1.00000 0.67442 0.71955
83.00000 146.00000 0.45977 0.16667 1.00000 1.00000 0.28012 0.35731 0.29794 1.00000 1.00000 0.68277 0.27273 0.16472 1.00000 0.29167 0.71642 0.20588 0.20740 0.41208 1.00000 0.25000 1.00000 1.00000 0.66667 0.58796
83.00000 147.00000 0.56322 0.41667 1.00000 1.00000 0.33434 0.25027 0.37070 1.00000 1.00000 0.77617 0.24242 0.17132 1.00000 0.26190 0.60341 0.29412 0.22397 0.28049 1.00000 0.41667 1.00000 1.00000 0.60465 0.66473
83.00000 148.00000 0.59770 0.41667 1.00000 1.00000 0.28916 0.45956 0.26469 1.00000 1.00000 0.60709 0.18182 0.17760 1.00000 0.29167 0.69510 0.26471 0.23155 0.26664 1.00000 0.41667 1.00000 1.00000 0.62791 0.62441
83.00000 149.00000 0.45977 0.25000 1.00000 1.00000 0.40361 0.25245 0.33862 1.00000 1.00000 0.57488 0.22727 0.18877 1.00000 0.34524 0.70789 0.25000 0.18588 0.19315 1.00000 0.50000 1.00000 1.00000 0.58915 0.60108
83.00000 150.00000 0.61494 0.16667 1.00000 1.00000 0.30723 0.31371 0.28933 1.00000 1.00000 0.72142 0.27273 0.14049 1.00000 0.25595 0.78891 0.20588 0.22051 0.45902 1.00000 0.33333 1.00000 1.00000 0.77519 0.64347
83.00000 151.00000 0.47701 0.25000 1.00000 1.00000 0.29819 0.36320 0.30149 1.00000 1.00000 0.69082 0.10606 0.18572 1.00000 0.26786 0.77825 0.20588 0.20389 0.41170 1.00000 0.25000 1.00000 1.00000 0.72093 0.67633
83.00000 152.00000 0.57471 0.50000 1.00000 1.00000 0.20181 0.18640 0.38639 1.00000 1.00000 0.65539 0.25758 0.16400 1.00000 0.33333 0.85501 0.19118 0.19904 0.37861 1.00000 0.41667 1.00000 1.00000 0.77519 0.70630
83.00000 153.00000 0.51724 0.75000 1.00000 1.00000 0.26205 0.25877 0.19210 1.00000 1.00000 0.72303 0.18182 0.15997 1.00000 0.25595 0.76333 0.22059 0.19656 0.33859 1.00000 0.25000 1.00000 1.00000 0.68217 0.65037
83.00000 154.00000 0.43678 0.91667 1.00000 1.00000 0.39157 0.37890 0.25169 1.00000 1.00000 0.61836 0.19697 0.15252 1.00000 0.22619 0.74627 0.11765 0.20781 0.30165 1.00000 0.16667 1.00000 1.00000 0.73643 0.61130
83.00000 155.00000 0.50000 0.50000 1.00000 1.00000 0.19880 0.27818 0.34436 1.00000 1.00000 0.72947 0.22727 0.13677 1.00000 0.31548 0.62473 0.26471 0.18996 0.35206 1.00000 0.16667 1.00000 1.00000 0.62791 0.71486
83.00000 156.00000 0.52299 0.33333 1.00000 1.00000 0.34036 0.33966 0.33035 1.00000 1.00000 0.68921 0.24242 0.14727 1.00000 0.22024 0.75693 0.22059 0.14630 0.32012 1.00000 0.33333 1.00000 1.00000 0.72868 0.76540
83.00000 157.00000 0.60345 0.50000 1.00000 1.00000 0.34639 0.49684 0.29338 1.00000 1.00000 0.75684 0.16667 0.12923 1.00000 0.22024 0.74414 0.22059 0.19811 0.27857 1.00000 0.41667 1.00000 1.00000 0.67442 0.65300
83.00000 158.00000 0.50575 0.50000 1.00000 1.00000 0.34940 0.37584 0.43332 1.00000 1.00000 0.59581 0.25758 0.13802 1.00000 0.33333 0.65672 0.22059 0.22061 0.31089 1.00000 0.33333 1.00000 1.00000 0.75194 0.43413
83.00000 159.00000 0.28736 0.25000 1.00000 1.00000 0.26205 0.31567 0.18889 1.00000 1.00000 0.71981 0.22727 0.15943 1.00000 0.23810 0.79744 0.25000 0.21473 0.28973 1.00000 0.33333 1.00000 1.00000 0.53488 0.73502
83.00000 160.00000 0.52874 0.75000 1.00000 1.00000 0.49096 0.35426 0.32022 1.00000 1.00000 0.73269 0.22727 0.15920 1.00000 0.29167 0.73774 0.26471 0.18242 0.25510 1.00000 0.33333 1.00000 1.00000 0.63566 0.55413
83.00000 161.00000 0.36782 0.08333 1.00000 1.00000 0.29217 0.56268 0.20729 1.00000 1.00000 0.85990 0.16667 0.15220 1.00000 0.37500 0.66525 0.29412 0.19326 0.28665 1.00000 0.41667 1.00000 1.00000 0.65116 0.72218
83.00000 162.00000 0.40230 0.50000 1.00000 1.00000 0.32229 0.33726 0.23278 1.00000 1.00000 0.61192 0.30303 0.17199 1.00000 0.26786 0.61620 0.25000 0.21798 0.42670 1.00000 0.41667 1.00000 1.00000 0.47287 0.57512
83.00000 163.00000 0.57471 0.16667 1.00000 1.00000 0.27410 0.31022 0.34791 1.00000 1.00000 0.80676 0.18182 0.15395 1.00000 0.27381 0.82090 0.29412 0.17819 0.31243 1.00000 0.50000 1.00000 1.00000 0.59690 0.77161
83.00000 164.00000 0.45402 0.58333 1.00000 1.00000 0.28614 0.32396 0.29558 1.00000 1.00000 0.69887 0.22727 0.16840 1.00000 0.31548 0.63326 0.27941 0.21937 0.23394 1.00000 0.25000 1.00000 1.00000 0.72093 0.55233
83.00000 165.00000 0.37931 0.25000 1.00000 1.00000 0.15964 0.28777 0.40395 1.00000 1.00000 0.70692 0.22727 0.13641 1.00000 0.34524 0.82729 0.30882 0.20405 0.32859 1.00000 0.33333 1.00000 1.00000 0.67442 0.78804
83.00000 166.00000 0.31609 0.50000 1.00000 1.00000 0.33434 0.34271 0.31330 1.00000 1.00000 0.70531 0.24242 0.16378 1.00000 0.25595 0.54371 0.23529 0.18862 0.43247 1.00000 0.33333 1.00000 1.00000 0.53488 0.68379
83.00000 167.00000 0.55747 0.75000 1.00000 1.00000 0.31627 0.44277 0.41138 1.00000 1.00000 0.71498 0.28788 0.18828 1.00000 0.29167 0.76759 0.17647 0.17881 0.37784 1.00000 0.25000 1.00000 1.00000 0.63566 0.43897
83.00000 168.00000 0.51149 0.75000 1.00000 1.00000 0.38253 0.47635 0.31330 1.00000 1.00000 0.79066 0.21212 0.18617 1.00000 0.19048 0.68657 0.17647 0.23036 0.17699 1.00000 0.41667 1.00000 1.00000 0.62016 0.67937
83.00000 169.00000 0.49425 0.50000 1.00000 1.00000 0.29217 0.38282 0.32546 1.00000 1.00000 0.70048 0.15152 0.15647 1.00000 0.36905 0.73348 0.25000 0.19233 0.48788 1.00000 0.33333 1.00000 1.00000 0.73643 0.75946
83.00000 170.00000 0.27011 0.50000 1.00000 1.00000 0.40964 0.26510 0.37610 1.00000 0.00000 0.68921 0.19697 0.17100 1.00000 0.25595 0.66951 0.25000 0.21674 0.36860 1.00000 0.33333 1.00000 1.00000 0.68217 0.51049
83.00000 171.00000 0.44828 0.41667 1.00000 1.00000 0.26506 0.23610 0.36445 1.00000 1.00000 0.66828 0.21212 0.18020 1.00000 0.35714 0.67164 0.19118 0.20668 0.31666 1.00000 0.33333 1.00000 1.00000 0.55814 0.55371
83.00000 172.00000 0.36782 0.66667 1.00000 1.00000 0.39759 0.35622 0.29760 1.00000 1.00000 0.66989 0.22727 0.16010 1.00000 0.20833 0.64819 0.22059 0.18020 0.37168 1.00000 0.33333 1.00000 1.00000 0.50388 0.69594
83.00000 173.00000 0.50575 0.83333 1.00000 1.00000 0.42470 0.28864 0.31803 1.00000 1.00000 0.69404 0.19697 0.16468 1.00000 0.19048 0.59062 0.23529 0.23449 0.48326 1.00000 0.25000 1.00000 1.00000 0.69767 0.89078
83.00000 174.00000 0.37931 0.41667 1.00000 1.00000 0.44578 0.32440 0.46185 1.00000 1.00000 0.62802 0.27273 0.18478 1.00000 0.40476 0.72068 0.25000 0.21199 0.50404 1.00000 0.25000 1.00000 1.00000 0.62791 0.55095
83.00000 175.00000 0.54023 0.50000 1.00000 1.00000 0.39157 0.28581 0.23396 1.00000 1.00000 0.67150 0.21212 0.16706 1.00000 0.30952 0.77399 0.32353 0.17370 0.46518 1.00000 0.41667 1.00000 1.00000 0.63566 0.63505
83.00000 176.00000 0.43103 0.58333 1.00000 1.00000 0.18976 0.23741 0.31060 1.00000 1.00000 0.70692 0.24242 0.15647 1.00000 0.42857 0.71855 0.26471 0.19744 0.54521 1.00000 0.25000 1.00000 1.00000 0.65116 0.71969
83.00000 177.00000 0.59770 0.75000 1.00000 1.00000 0.25602 0.33094 0.32748 1.00000 1.00000 0.73430 0.22727 0.15418 1.00000 0.35714 0.65458 0.26471 0.19770 0.34398 1.00000 0.33333 1.00000 1.00000 0.62791 0.56200
83.00000 178.00000 0.62069 0.25000 1.00000 1.00000 0.43072 0.38282 0.34774 1.00000 1.00000 0.71659 0.18182 0.18128 1.00000 0.28571 0.71642 0.22059 0.18258 0.21354 1.00000 0.33333 1.00000 1.00000 0.60465 0.67205
83.00000 179.00000 0.55747 0.08333 1.00000 1.00000 0.46386 0.43907 0.29473 1.00000 1.00000 0.64090 0.21212 0.13919 1.00000 0.39286 0.62687 0.29412 0.18418 0.35821 1.00000 0.33333 1.00000 1.00000 0.72868 0.51740
83.00000 180.00000 0.57471 0.83333 1.00000 1.00000 0.21988 0.26095 0.33947 1.00000 1.00000 0.63124 0.25758 0.14727 1.00000 0.21429 0.76546 0.26471 0.19589 0.48365 1.00000 0.33333 1.00000 1.00000 0.78295 0.60674
83.00000 181.00000 0.43103 0.66667 1.00000 1.00000 0.29217 0.48441 0.25287 1.00000 1.00000 0.72625 0.21212 0.14731 1.00000 0.30952 0.68870 0.23529 0.19311 0.31243 1.00000 0.41667 1.00000 1.00000 0.62016 0.90334
83.00000 182.00000 0.36207 0.58333 1.00000 1.00000 0.50904 0.36712 0.32022 1.00000 1.00000 0.72464 0.25758 0.16010 1.00000 0.31548 0.69083 0.30882 0.17370 0.25779 1.00000 0.33333 1.00000 1.00000 0.77519 0.64747
83.00000 183.00000 0.63218 0.41667 1.00000 1.00000 0.37651 0.40746 0.25895 1.00000 1.00000 0.59903 0.28788 0.15902 1.00000 0.30357 0.59915 0.23529 0.19197 0.34436 1.00000 0.33333 1.00000 1.00000 0.51163 0.53494
83.00000 184.00000 0.51149 0.83333 1.00000 1.00000 0.37952 0.22760 0.35314 1.00000 1.00000 0.72303 0.34848 0.18752 1.00000 0.49405 0.68017 0.22059 0.21426 0.38861 1.00000 0.33333 1.00000 1.00000 0.58140 0.63063
83.00000 185.00000 0.45977 0.25000 1.00000 1.00000 0.30120 0.41138 0.37812 1.00000 1.00000 0.53945 0.25758 0.13816 1.00000 0.26786 0.62687 0.26471 0.19780 0.34013 1.00000 0.33333 1.00000 1.00000 0.58915 0.57677
83.00000 186.00000 0.41379 0.83333 1.00000 1.00000 0.34940 0.30586 0.54372 1.00000 1.00000 0.54911 0.33333 0.17410 1.00000 0.31548 0.56930 0.35294 0.17819 0.46095 1.00000 0.41667 1.00000 1.00000 0.64341 0.73944
83.00000 187.00000 0.45402 0.75000 1.00000 1.00000 0.42771 0.30499 0.22164 1.00000 1.00000 0.75040 0.27273 0.17289 1.00000 0.32143 0.67591 0.35294 0.20487 0.35013 1.00000 0.41667 1.00000 1.00000 0.59690 0.51132
83.00000 188.00000 0.39080 0.25000 1.00000 1.00000 0.44277 0.40658 0.37525 1.00000 1.00000 0.61031 0.27273 0.14063 1.00000 0.27381 0.64392 0.25000 0.18165 0.42824 1.00000 0.50000 1.00000 1.00000 0.66667 0.69718
83.00000 189.00000 0.43678 0.16667 1.00000 1.00000 0.53916 0.35492 0.37340 1.00000 1.00000 0.71176 0.15152 0.15036 1.00000 0.30357 0.59062 0.26471 0.17819 0.27049 1.00000 0.50000 1.00000 1.00000 0.67442 0.73115
83.00000 190.00000 0.50575 0.16667 1.00000 1.00000 0.53313 0.38151 0.33795 1.00000 1.00000 0.57005 0.22727 0.15992 1.00000 0.23810 0.67377 0.27941 0.16323 0.29242 1.00000 0.33333 1.00000 1.00000 0.54264 0.66183
83.00000 191.00000 0.55747 0.50000 1.00000 1.00000 0.31928 0.31807 0.38082 1.00000 1.00000 0.66184 0.30303 0.17226 1.00000 0.41667 0.77186 0.38235 0.18351 0.41939 1.00000 0.41667 1.00000 1.00000 0.48837 0.61820
83.00000 192.00000 0.36207 0.83333 1.00000 1.00000 0.42470 0.29540 0.41053 1.00000 1.00000 0.68438 0.28788 0.17065 1.00000 0.29762 0.68230 0.33824 0.21488 0.33397 1.00000 0.25000 1.00000 1.00000 0.75969 0.48302
83.00000 193.00000 0.47126 0.83333 1.00000 1.00000 0.10542 0.39263 0.49848 1.00000 1.00000 0.61997 0.34848 0.13735 1.00000 0.30952 0.63326 0.32353 0.20012 0.40439 1.00000 0.33333 1.00000 1.00000 0.59690 0.39519
83.00000 194.00000 0.46552 0.83333 1.00000 1.00000 0.27108 0.43972 0.43535 1.00000 1.00000 0.65378 0.28788 0.14018 1.00000 0.41071 0.57783 0.23529 0.21168 0.37745 1.00000 0.41667 1.00000 1.00000 0.58140 0.63546
83.00000 195.00000 0.25287 0.16667 1.00000 1.00000 0.32530 0.44495 0.30942 1.00000 1.00000 0.56844 0.18182 0.16890 1.00000 0.35714 0.68230 0.22059 0.20126 0.40015 1.00000 0.33333 1.00000 1.00000 0.55039 0.62303
83.00000 196.00000 0.52874 0.41667 1.00000 1.00000 0.46687 0.31785 0.38032 1.00000 1.00000 0.63124 0.36364 0.18088 1.00000 0.45833 0.69936 0.25000 0.18057 0.43093 1.00000 0.25000 1.00000 1.00000 0.62791 0.51864
83.00000 197.00000 0.33333 0.33333 1.00000 1.00000 0.29217 0.26357 0.49038 1.00000 1.00000 0.67794 0.16667 0.14879 1.00000 0.35119 0.70576 0.25000 0.19218 0.36014 1.00000 0.25000 1.00000 1.00000 0.62791 0.58727
83.00000 198.00000 0.50575 0.66667 1.00000 1.00000 0.40964 0.31546 0.35449 1.00000 1.00000 0.52818 0.30303 0.12761 1.00000 0.30357 0.62473 0.27941 0.17210 0.40054 1.00000 0.33333 1.00000 1.00000 0.52713 0.63132
83.00000 199.00000 0.32759 0.08333 1.00000 1.00000 0.54217 0.48921 0.29794 1.00000 1.00000 0.49275 0.30303 0.14713 1.00000 0.39881 0.65245 0.33824 0.23563 0.37668 1.00000 0.41667 1.00000 1.00000 0.37984 0.63215
83.00000 200.00000 0.45977 0.33333 1.00000 1.00000 0.43976 0.38784 0.20223 1.00000 1.00000 0.54428 0.30303 0.17051 1.00000 0.23214 0.56716 0.25000 0.19151 0.57330 1.00000 0.33333 1.00000 1.00000 0.59690 0.51837
83.00000 201.00000 0.42529 0.41667 1.00000 1.00000 0.17771 0.44016 0.32394 1.00000 1.00000 0.48953 0.28788 0.12896 1.00000 0.36310 0.68017 0.36765 0.17546 0.49942 1.00000 0.33333 1.00000 1.00000 0.61240 0.56103
83.00000 202.00000 0.39655 0.75000 1.00000 1.00000 0.30120 0.33944 0.40817 1.00000 1.00000 0.75201 0.27273 0.13807 1.00000 0.33929 0.61834 0.27941 0.20260 0.44671 1.00000 0.50000 1.00000 1.00000 0.55814 0.71196
83.00000 203.00000 0.46552 0.33333 1.00000 1.00000 0.36446 0.36800 0.39889 1.00000 1.00000 0.64251 0.33333 0.18343 1.00000 0.32738 0.54797 0.36765 0.16281 0.45979 1.00000 0.50000 1.00000 1.00000 0.42636 0.65258
83.00000 204.00000 0.54023 0.33333 1.00000 1.00000 0.50000 0.45912 0.34470 1.00000 1.00000 0.60064 0.25758 0.14408 1.00000 0.30952 0.64819 0.23529 0.19672 0.28549 1.00000 0.41667 1.00000 1.00000 0.59690 0.50456
83.00000 205.00000 0.42529 0.41667 1.00000 1.00000 0.59940 0.32418 0.50675 1.00000 1.00000 0.65700 0.21212 0.15682 1.00000 0.35119 0.76119 0.27941 0.16364 0.30781 1.00000 0.41667 1.00000 1.00000 0.55814 0.57608
83.00000 206.00000 0.37931 0.66667 1.00000 1.00000 0.43976 0.32265 0.46860 1.00000 1.00000 0.66023 0.27273 0.19730 1.00000 0.33929 0.65672 0.27941 0.19285 0.43132 1.00000 0.41667 1.00000 1.00000 0.52713 0.64333
83.00000 207.00000 0.36782 0.25000 1.00000 1.00000 0.29819 0.33159 0.37103 1.00000 1.00000 0.63285 0.36364 0.16930 1.00000 0.51190 0.65458 0.23529 0.19300 0.32974 1.00000 0.50000 1.00000 1.00000 0.53488 0.58893
83.00000 208.00000 0.35057 0.75000 1.00000 1.00000 0.32831 0.45520 0.37964 1.00000 1.00000 0.66023 0.18182 0.16916 1.00000 0.39286 0.60768 0.27941 0.19584 0.30088 1.00000 0.16667 1.00000 1.00000 0.39535 0.54101
83.00000 209.00000 0.38506 0.16667 1.00000 1.00000 0.43072 0.38129 0.30790 1.00000 1.00000 0.55072 0.21212 0.16746 1.00000 0.25000 0.66738 0.27941 0.19987 0.36437 1.00000 0.33333 1.00000 1.00000 0.57364 0.54060
83.00000 210.00000 0.72989 0.66667 1.00000 1.00000 0.35542 0.42664 0.44784 1.00000 1.00000 0.54589 0.27273 0.13950 1.00000 0.39286 0.47335 0.27941 0.18449 0.33513 1.00000 0.50000 1.00000 1.00000 0.60465 0.59666
83.00000 211.00000 0.39080 0.25000 1.00000 1.00000 0.52410 0.27709 0.35162 1.00000 1.00000 0.60709 0.37879 0.15238 1.00000 0.45238 0.53305 0.29412 0.17076 0.44286 1.00000 0.41667 1.00000 1.00000 0.58140 0.66888
83.00000 212.00000 0.28736 0.75000 1.00000 1.00000 0.40060 0.44888 0.46624 1.00000 1.00000 0.53784 0.15152 0.14628 1.00000 0.33929 0.46055 0.33824 0.19806 0.45479 1.00000 0.41667 1.00000 1.00000 0.52713 0.64968
83.00000 213.00000 0.66092 0.50000 1.00000 1.00000 0.41566 0.38282 0.48548 1.00000 1.00000 0.69082 0.28788 0.17720 1.00000 0.36310 0.61620 0.30882 0.17566 0.44671 1.00000 0.41667 1.00000 1.00000 0.60465 0.46286
83.00000 214.00000 0.47701 0.83333 1.00000 1.00000 0.47590 0.42468 0.40159 1.00000 1.00000 0.55072 0.36364 0.14929 1.00000 0.42857 0.60341 0.26471 0.18820 0.39323 1.00000 0.41667 1.00000 1.00000 0.51938 0.45623
83.00000 215.00000 0.50000 0.16667 1.00000 1.00000 0.46084 0.29649 0.40800 1.00000 1.00000 0.66345 0.31818 0.15198 1.00000 0.37500 0.61407 0.29412 0.18547 0.42093 1.00000 0.25000 1.00000 1.00000 0.43411 0.52789
83.00000 216.00000 0.36782 0.83333 1.00000 1.00000 0.24699 0.40746 0.44041 1.00000 1.00000 0.70531 0.28788 0.14161 1.00000 0.38690 0.65245 0.26471 0.18413 0.39207 1.00000 0.50000 1.00000 1.00000 0.41085 0.50249
83.00000 217.00000 0.77011 0.16667 1.00000 1.00000 0.56627 0.38217 0.46826 1.00000 1.00000 0.62963 0.28788 0.17863 1.00000 0.36905 0.63753 0.27941 0.18108 0.41054 1.00000 0.41667 1.00000 1.00000 0.55814 0.52113
83.00000 218.00000 0.26437 0.75000 1.00000 1.00000 0.40060 0.42664 0.32360 1.00000 1.00000 0.59259 0.28788 0.15633 1.00000 0.35119 0.54158 0.33824 0.16705 0.26741 1.00000 0.50000 1.00000 1.00000 0.37209 0.56186
83.00000 219.00000 0.47126 0.41667 1.00000 1.00000 0.24096 0.47678 0.41391 1.00000 1.00000 0.53140 0.34848 0.13811 1.00000 0.36310 0.56930 0.38235 0.19063 0.45133 1.00000 0.41667 1.00000 1.00000 0.63566 0.67095
83.00000 220.00000 0.32184 0.75000 1.00000 1.00000 0.60843 0.59429 0.41138 1.00000 1.00000 0.54750 0.31818 0.16055 1.00000 0.26786 0.56930 0.33824 0.20590 0.30127 1.00000 0.41667 1.00000 1.00000 0.68217 0.63394
83.00000 221.00000 0.66667 0.16667 1.00000 1.00000 0.53313 0.24504 0.37120 1.00000 1.00000 0.58615 0.28788 0.12869 1.00000 0.32738 0.51599 0.35294 0.17592 0.37207 1.00000 0.58333 1.00000 1.00000 0.65891 0.59141
83.00000 222.00000 0.69540 0.41667 1.00000 1.00000 0.50904 0.32156 0.55942 1.00000 1.00000 0.53784 0.24242 0.16445 1.00000 0.45238 0.53731 0.33824 0.19336 0.33321 1.00000 0.41667 1.00000 1.00000 0.61240 0.59100
83.00000 223.00000 0.45402 0.16667 1.00000 1.00000 0.42470 0.41988 0.32647 1.00000 1.00000 0.63768 0.22727 0.13241 1.00000 0.51190 0.60128 0.39706 0.19579 0.32628 1.00000 0.50000 1.00000 1.00000 0.58140 0.59832
83.00000 224.00000 0.67241 0.66667 1.00000 1.00000 0.52711 0.43122 0.52127 1.00000 1.00000 0.54106 0.27273 0.15418 1.00000 0.38095 0.60981 0.36765 0.17809 0.27395 1.00000 0.41667 1.00000 1.00000 0.51163 0.51657
83.00000 225.00000 0.47126 0.50000 1.00000 1.00000 0.44578 0.49640 0.47164 1.00000 1.00000 0.60548 0.25758 0.14929 1.00000 0.42262 0.57569 0.26471 0.15440 0.36014 1.00000 0.50000 1.00000 1.00000 0.49612 0.54391
83.00000 226.00000 0.70690 0.58333 1.00000 1.00000 0.41265 0.33268 0.54423 1.00000 1.00000 0.61031 0.27273 0.16212 1.00000 0.39286 0.75693 0.30882 0.14460 0.30358 1.00000 0.41667 1.00000 1.00000 0.53488 0.58313
83.00000 227.00000 0.40230 0.83333 1.00000 1.00000 0.56928 0.48267 0.49662 1.00000 1.00000 0.53623 0.30303 0.16136 1.00000 0.40476 0.57996 0.30882 0.17700 0.43978 1.00000 0.58333 1.00000 1.00000 0.45736 0.29591
83.00000 228.00000 0.32759 0.83333 1.00000 1.00000 0.27410 0.32025 0.39905 1.00000 1.00000 0.48309 0.36364 0.15319 1.00000 0.33929 0.44989 0.35294 0.17706 0.47480 1.00000 0.50000 1.00000 1.00000 0.44186 0.60757
83.00000 229.00000 0.41954 0.33333 1.00000 1.00000 0.25301 0.45934 0.42589 1.00000 1.00000 0.63446 0.30303 0.15422 1.00000 0.37500 0.61407 0.32353 0.18511 0.58176 1.00000 0.50000 1.00000 1.00000 0.50388 0.53204
83.00000 230.00000 0.50000 0.58333 1.00000 1.00000 0.41265 0.48180 0.50236 1.00000 1.00000 0.39291 0.30303 0.16450 1.00000 0.50000 0.50533 0.41176 0.15905 0.45441 1.00000 0.50000 1.00000 1.00000 0.54264 0.49296
83.00000 231.00000 0.58621 0.08333 1.00000 1.00000 0.44578 0.40157 0.36867 1.00000 1.00000 0.53784 0.28788 0.11240 1.00000 0.39881 0.54797 0.36765 0.20023 0.44940 1.00000 0.58333 1.00000 1.00000 0.46512 0.51215
83.00000 232.00000 0.33333 0.41667 1.00000 1.00000 0.60542 0.43056 0.49291 1.00000 1.00000 0.42351 0.43939 0.13941 1.00000 0.41071 0.66525 0.39706 0.14460 0.33590 1.00000 0.33333 1.00000 1.00000 0.44186 0.57595
83.00000 233.00000 0.50000 0.83333 1.00000 1.00000 0.40361 0.39547 0.44480 1.00000 1.00000 0.50564 0.34848 0.14677 1.00000 0.49405 0.72281 0.27941 0.15915 0.46864 1.00000 0.41667 1.00000 1.00000 0.44961 0.60743
83.00000 234.00000 0.60920 0.83333 1.00000 1.00000 0.30723 0.34947 0.62998 1.00000 1.00000 0.52174 0.34848 0.16333 1.00000 0.42857 0.63539 0.30882 0.20317 0.44863 1.00000 0.41667 1.00000 1.00000 0.47287 0.60494
83.00000 235.00000 0.43103 0.25000 1.00000 1.00000 0.43976 0.54327 0.47080 1.00000 1.00000 0.51852 0.37879 0.15965 1.00000 0.34524 0.49254 0.36765 0.16348 0.40785 1.00000 0.50000 1.00000 1.00000 0.58915 0.44270
83.00000 236.00000 0.45402 0.25000 1.00000 1.00000 0.41867 0.53870 0.44514 1.00000 1.00000 0.52979 0.34848 0.14951 1.00000 0.41071 0.45416 0.32353 0.18480 0.34129 1.00000 0.41667 1.00000 1.00000 0.46512 0.36634
83.00000 237.00000 0.55172 0.16667 1.00000 1.00000 0.66566 0.50948 0.54321 1.00000 1.00000 0.58293 0.33333 0.16508 1.00000 0.42262 0.43497 0.38235 0.18175 0.49134 1.00000 0.50000 1.00000 1.00000 0.48062 0.52168
83.00000 238.00000 0.66092 0.41667 1.00000 1.00000 0.37048 0.33944 0.61732 1.00000 1.00000 0.47504 0.33333 0.14570 1.00000 0.51190 0.53518 0.38235 0.19166 0.60446 1.00000 0.41667 1.00000 1.00000 0.44961 0.50829
83.00000 239.00000 0.58621 0.41667 1.00000 1.00000 0.54819 0.50905 0.59115 1.00000 1.00000 0.48631 0.31818 0.14081 1.00000 0.45833 0.55864 0.39706 0.18965 0.47326 1.00000 0.41667 1.00000 1.00000 0.44961 0.57526
83.00000 240.00000 0.29310 0.66667 1.00000 1.00000 0.50904 0.35601 0.43957 1.00000 1.00000 0.51691 0.36364 0.19420 1.00000 0.61905 0.51173 0.36765 0.15812 0.46095 1.00000 0.41667 1.00000 1.00000 0.53488 0.49102
83.00000 241.00000 0.63218 0.41667 1.00000 1.00000 0.42169 0.54109 0.56026 1.00000 1.00000 0.54911 0.40909 0.12030 1.00000 0.38690 0.49041 0.39706 0.18201 0.61985 1.00000 0.58333 1.00000 1.00000 0.43411 0.43593
83.00000 242.00000 0.36207 0.58333 1.00000 1.00000 0.53916 0.55766 0.51317 1.00000 1.00000 0.46538 0.31818 0.15777 1.00000 0.55357 0.46695 0.38235 0.14651 0.56945 1.00000 0.41667 1.00000 1.00000 0.51163 0.37807
83.00000 243.00000 0.33333 0.16667 1.00000 1.00000 0.42470 0.51450 0.39298 1.00000 1.00000 0.50564 0.42424 0.14022 1.00000 0.48810 0.49467 0.47059 0.16209 0.38823 1.00000 0.33333 1.00000 1.00000 0.54264 0.42281
83.00000 244.00000 0.31034 0.25000 1.00000 1.00000 0.52108 0.50752 0.50203 1.00000 1.00000 0.56361 0.39394 0.16172 1.00000 0.49405 0.43070 0.33824 0.17902 0.49750 1.00000 0.41667 1.00000 1.00000 0.36434 0.56476
83.00000 245.00000 0.58621 0.25000 1.00000 1.00000 0.29217 0.41639 0.54153 1.00000 1.00000 0.41868 0.36364 0.12887 1.00000 0.58929 0.53731 0.38235 0.19176 0.45248 1.00000 0.50000 1.00000 1.00000 0.62016 0.56600
83.00000 246.00000 0.67816 0.16667 1.00000 1.00000 0.40964 0.29191 0.52161 1.00000 1.00000 0.63285 0.42424 0.15346 1.00000 0.45238 0.48614 0.42647 0.15110 0.63255 1.00000 0.50000 1.00000 1.00000 0.48837 0.52610
83.00000 247.00000 0.71264 0.41667 1.00000 1.00000 0.56325 0.45258 0.59335 1.00000 1.00000 0.55556 0.37879 0.14790 1.00000 0.48214 0.56503 0.39706 0.16039 0.64679 1.00000 0.50000 1.00000 1.00000 0.57364 0.45940
83.00000 248.00000 0.60920 0.91667 1.00000 1.00000 0.47590 0.40048 0.47248 1.00000 1.00000 0.37359 0.37879 0.17141 1.00000 0.51190 0.38380 0.38235 0.15404 0.48480 1.00000 0.50000 1.00000 1.00000 0.40310 0.41618
83.00000 249.00000 0.47701 0.75000 1.00000 1.00000 0.53313 0.61173 0.44733 1.00000 1.00000 0.62802 0.37879 0.17069 1.00000 0.45238 0.43284 0.39706 0.15146 0.47134 1.00000 0.58333 1.00000 1.00000 0.42636 0.39492
83.00000 250.00000 0.43103 0.41667 1.00000 1.00000 0.46084 0.51428 0.58086 1.00000 1.00000 0.44928 0.40909 0.15454 1.00000 0.48810 0.32409 0.41176 0.16348 0.50673 1.00000 0.33333 1.00000 1.00000 0.36434 0.42336
83.00000 251.00000 0.58046 0.41667 1.00000 1.00000 0.61145 0.57467 0.56077 1.00000 1.00000 0.44444 0.48485 0.16050 1.00000 0.42857 0.52026 0.47059 0.18562 0.37553 1.00000 0.58333 1.00000 1.00000 0.48062 0.46147
83.00000 252.00000 0.41379 0.16667 1.00000 1.00000 0.59940 0.65119 0.42454 1.00000 1.00000 0.47021 0.45455 0.13695 1.00000 0.58333 0.38166 0.41176 0.17097 0.51558 1.00000 0.58333 1.00000 1.00000 0.50388 0.45802
83.00000 253.00000 0.56897 0.66667 1.00000 1.00000 0.56325 0.50600 0.72215 1.00000 1.00000 0.43156 0.33333 0.15732 1.00000 0.54762 0.53518 0.41176 0.15796 0.31512 1.00000 0.58333 1.00000 1.00000 0.35659 0.47874
83.00000 254.00000 0.47126 0.75000 1.00000 1.00000 0.31928 0.44953 0.61242 1.00000 1.00000 0.48631 0.37879 0.15889 1.00000 0.51786 0.46695 0.50000 0.15832 0.40169 1.00000 0.33333 1.00000 1.00000 0.29457 0.40859
83.00000 255.00000 0.40805 0.41667 1.00000 1.00000 0.58434 0.64138 0.47670 1.00000 1.00000 0.46377 0.37879 0.13174 1.00000 0.50000 0.42431 0.42647 0.14640 0.47172 1.00000 0.33333 1.00000 1.00000 0.55814 0.38332
83.00000 256.00000 0.57471 0.41667 1.00000 1.00000 0.37651 0.41923 0.64500 1.00000 1.00000 0.57005 0.46970 0.15059 1.00000 0.55357 0.40085 0.44118 0.17804 0.51404 1.00000 0.50000 1.00000 1.00000 0.44186 0.55206
83.00000 257.00000 0.43103 0.41667 1.00000 1.00000 0.41867 0.44670 0.49916 1.00000 1.00000 0.43478 0.42424 0.13861 1.00000 0.48810 0.35394 0.45588 0.16864 0.55329 1.00000 0.50000 1.00000 1.00000 0.43411 0.34314
83.00000 258.00000 0.36207 0.25000 1.00000 1.00000 0.49398 0.46283 0.33997 1.00000 1.00000 0.48470 0.48485 0.13515 1.00000 0.59524 0.48188 0.39706 0.12318 0.56791 1.00000 0.33333 1.00000 1.00000 0.59690 0.35363
83.00000 259.00000 0.38506 0.25000 1.00000 1.00000 0.56325 0.41465 0.49764 1.00000 1.00000 0.47826 0.36364 0.10370 1.00000 0.51190 0.38166 0.33824 0.17804 0.64679 1.00000 0.58333 1.00000 1.00000 0.45736 0.56393
83.00000 260.00000 0.51724 0.91667 1.00000 1.00000 0.55723 0.56486 0.56837 1.00000 1.00000 0.38003 0.43939 0.11891 1.00000 0.62500 0.37953 0.39706 0.15053 0.57830 1.00000 0.50000 1.00000 1.00000 0.28682 0.45954
83.00000 261.00000 0.51724 0.83333 1.00000 1.00000 0.62349 0.31219 0.58845 1.00000 1.00000 0.39614 0.42424 0.11110 1.00000 0.57738 0.42004 0.47059 0.11730 0.63332 1.00000 0.41667 1.00000 1.00000 0.33333 0.55579
83.00000 262.00000 0.68966 0.75000 1.00000 1.00000 0.86747 0.62328 0.51772 1.00000 1.00000 0.37681 0.50000 0.09674 1.00000 0.61310 0.34755 0.42647 0.16369 0.57984 1.00000 0.50000 1.00000 1.00000 0.23256 0.40762
83.00000 263.00000 0.41379 0.91667 1.00000 1.00000 0.54518 0.75845 0.58542 1.00000 1.00000 0.41385 0.45455 0.11761 1.00000 0.50595 0.34968 0.52941 0.17494 0.60485 1.00000 0.50000 1.00000 1.00000 0.41085 0.55510
83.00000 264.00000 0.33333 0.08333 1.00000 1.00000 0.66867 0.49313 0.49038 1.00000 1.00000 0.45572 0.50000 0.11483 1.00000 0.57738 0.45203 0.44118 0.13588 0.60408 1.00000 0.66667 1.00000 1.00000 0.31783 0.32822
83.00000 265.00000 0.56322 0.25000 1.00000 1.00000 0.67470 0.71376 0.63555 1.00000 1.00000 0.51208 0.39394 0.16890 1.00000 0.50595 0.28358 0.42647 0.16390 0.60139 1.00000 0.58333 1.00000 1.00000 0.37984 0.38042
83.00000 266.00000 0.67816 0.58333 1.00000 1.00000 0.46084 0.58709 0.44868 1.00000 1.00000 0.39614 0.39394 0.13493 1.00000 0.57738 0.36674 0.39706 0.14795 0.63986 1.00000 0.50000 1.00000 1.00000 0.34109 0.44173
83.00000 267.00000 0.62644 0.75000 1.00000 1.00000 0.50301 0.53107 0.68282 1.00000 1.00000 0.36554 0.50000 0.12030 1.00000 0.58929 0.20682 0.45588 0.11704 0.58369 1.00000 0.58333 1.00000 1.00000 0.28682 0.48799
83.00000 268.00000 0.39080 0.75000 1.00000 1.00000 0.61145 0.64203 0.62323 1.00000 1.00000 0.36554 0.50000 0.16701 1.00000 0.63095 0.37313 0.42647 0.13459 0.67718 1.00000 0.58333 1.00000 1.00000 0.41085 0.38594
83.00000 269.00000 0.71264 0.75000 1.00000 1.00000 0.85542 0.53848 0.55689 1.00000 1.00000 0.36554 0.45455 0.09531 1.00000 0.67857 0.25586 0.51471 0.15296 0.68680 1.00000 0.50000 1.00000 1.00000 0.32558 0.32394
83.00000 270.00000 0.41954 0.75000 1.00000 1.00000 0.75602 0.48463 0.60550 1.00000 1.00000 0.39130 0.39394 0.11451 1.00000 0.61905 0.36247 0.55882 0.12850 0.60600 1.00000 0.50000 1.00000 1.00000 0.37209 0.35529
83.00000 271.00000 0.45402 0.75000 1.00000 1.00000 0.63855 0.60606 0.69531 1.00000 1.00000 0.44928 0.50000 0.12806 1.00000 0.68452 0.23881 0.47059 0.14491 0.57676 1.00000 0.50000 1.00000 1.00000 0.43411 0.33126
83.00000 272.00000 0.44828 0.75000 1.00000 1.00000 0.63855 0.72749 0.60432 1.00000 1.00000 0.46216 0.51515 0.13408 1.00000 0.58333 0.44989 0.51471 0.13030 0.65294 1.00000 0.58333 1.00000 1.00000 0.27907 0.36150
83.00000 273.00000 0.64943 0.16667 1.00000 1.00000 0.78313 0.44147 0.59132 1.00000 1.00000 0.35588 0.46970 0.13457 1.00000 0.61905 0.29211 0.52941 0.16028 0.65871 1.00000 0.66667 1.00000 1.00000 0.48837 0.38456
83.00000 274.00000 0.59195 0.25000 1.00000 1.00000 0.50301 0.65947 0.67049 1.00000 1.00000 0.33816 0.50000 0.13713 1.00000 0.73810 0.32196 0.51471 0.13531 0.79992 1.00000 0.58333 1.00000 1.00000 0.43411 0.38484
83.00000 275.00000 0.58621 0.16667 1.00000 1.00000 0.70181 0.41705 0.71202 1.00000 1.00000 0.31723 0.54545 0.10778 1.00000 0.64881 0.37953 0.54412 0.14713 0.66372 1.00000 0.66667 1.00000 1.00000 0.41085 0.30724
83.00000 276.00000 0.55172 0.08333 1.00000 1.00000 0.62651 0.48332 0.72215 1.00000 1.00000 0.38808 0.51515 0.09952 1.00000 0.56548 0.36461 0.45588 0.14919 0.68334 1.00000 0.58333 1.00000 1.00000 0.44961 0.41743
83.00000 277.00000 0.48276 0.41667 1.00000 1.00000 0.60843 0.59472 0.63825 1.00000 1.00000 0.35266 0.48485 0.12757 1.00000 0.55952 0.33902 0.42647 0.15218 0.67103 1.00000 0.66667 1.00000 1.00000 0.45736 0.35280
83.00000 278.00000 0.46552 0.41667 1.00000 1.00000 0.76807 0.69741 0.67404 1.00000 1.00000 0.24799 0.51515 0.14781 1.00000 0.61905 0.31130 0.57353 0.15894 0.67411 1.00000 0.75000 1.00000 1.00000 0.17829 0.32712
83.00000 279.00000 0.35057 0.58333 1.00000 1.00000 0.53012 0.73599 0.70560 1.00000 1.00000 0.32206 0.51515 0.11402 1.00000 0.80357 0.24307 0.54412 0.13484 0.72951 1.00000 0.66667 1.00000 1.00000 0.31008 0.26194
83.00000 280.00000 0.74713 0.41667 1.00000 1.00000 0.62952 0.60192 0.67370 1.00000 1.00000 0.28341 0.53030 0.13210 1.00000 0.57738 0.38593 0.55882 0.13428 0.70643 1.00000 0.58333 1.00000 1.00000 0.29457 0.41577
83.00000 281.00000 0.56322 0.25000 1.00000 1.00000 0.85843 0.55025 0.71810 1.00000 1.00000 0.30274 0.50000 0.14776 1.00000 0.69048 0.20043 0.57353 0.11513 0.66179 1.00000 0.50000 1.00000 1.00000 0.24031 0.21389
83.00000 282.00000 0.47126 0.16667 1.00000 1.00000 0.71687 0.74951 0.71540 1.00000 1.00000 0.41224 0.51515 0.13412 1.00000 0.79167 0.26652 0.51471 0.12937 0.59600 1.00000 0.75000 1.00000 1.00000 0.27907 0.36647
83.00000 283.00000 0.44253 0.50000 1.00000 1.00000 0.67470 0.72248 0.72873 1.00000 1.00000 0.23833 0.53030 0.13650 1.00000 0.70238 0.28785 0.52941 0.11503 0.66333 1.00000 0.83333 1.00000 1.00000 0.33333 0.16239
83.00000 284.00000 0.58046 0.16667 1.00000 1.00000 0.78916 0.67233 0.78815 1.00000 1.00000 0.26248 0.59091 0.13174 1.00000 0.72024 0.13006 0.55882 0.16116 0.88803 1.00000 0.66667 1.00000 1.00000 0.35659 0.38429
83.00000 285.00000 0.61494 0.50000 1.00000 1.00000 0.63554 0.60105 0.75338 1.00000 1.00000 0.37359 0.51515 0.09786 1.00000 0.80952 0.24733 0.66176 0.10625 0.62255 1.00000 0.58333 1.00000 1.00000 0.31783 0.35405
83.00000 286.00000 0.48276 0.41667 1.00000 1.00000 0.73795 0.55657 0.75338 1.00000 1.00000 0.19163 0.54545 0.12586 1.00000 0.57738 0.24520 0.57353 0.09666 0.82032 1.00000 0.58333 1.00000 1.00000 0.21705 0.25200
83.00000 287.00000 0.70115 0.25000 1.00000 1.00000 0.52410 0.62939 0.91070 1.00000 1.00000 0.32206 0.56061 0.12645 1.00000 0.78571 0.21962 0.66176 0.09304 0.82570 1.00000 0.58333 1.00000 1.00000 0.38760 0.32008
83.00000 288.00000 0.36782 0.16667 1.00000 1.00000 0.67771 0.47765 0.79912 1.00000 1.00000 0.29952 0.53030 0.14350 1.00000 0.75595 0.14925 0.51471 0.10589 0.64987 1.00000 0.66667 1.00000 1.00000 0.31783 0.22135
83.00000 289.00000 0.54023 0.58333 1.00000 1.00000 0.82229 0.70722 0.84757 1.00000 1.00000 0.37198 0.54545 0.13870 1.00000 0.81548 0.27932 0.52941 0.09093 0.60523 1.00000 0.66667 1.00000 1.00000 0.34109 0.37241
83.00000 290.00000 0.36207 0.33333 1.00000 1.00000 0.79518 0.59647 0.73295 1.00000 1.00000 0.22383 0.62121 0.09795 1.00000 0.82738 0.10661 0.64706 0.10574 0.76068 1.00000 0.58333 1.00000 1.00000 0.27907 0.29633
83.00000 291.00000 0.40230 0.58333 1.00000 1.00000 0.77711 0.77654 0.78359 1.00000 1.00000 0.19002 0.54545 0.14489 1.00000 0.67857 0.14499 0.57353 0.10574 0.83686 1.00000 0.66667 1.00000 1.00000 0.20155 0.18130
83.00000 292.00000 0.48276 0.58333 1.00000 1.00000 0.69277 0.64487 0.77346 1.00000 1.00000 0.27858 0.53030 0.09831 1.00000 0.86905 0.17697 0.61765 0.12592 0.73875 1.00000 0.50000 1.00000 1.00000 0.26357 0.29315
83.00000 293.00000 0.48851 0.08333 1.00000 1.00000 0.77108 0.75322 0.81685 1.00000 1.00000 0.29469 0.53030 0.10881 1.00000 0.80952 0.16205 0.63235 0.07916 0.72105 1.00000 0.75000 1.00000 1.00000 0.21705 0.13587
