46.00000 1.00000 0.23817 0.29917 1.00000 0.59794 0.62190 0.67912 0.64705 0.61718 0.61418 0.59463 0.85249 0.65258 0.84615 0.74594 0.59502 0.99297 0.67242 0.15422 1.00000 0.67010 0.85412 1.00000 0.62328 0.62584
46.00000 2.00000 0.47629 0.83135 1.00000 0.62699 0.65642 0.62841 0.52948 0.50794 0.49812 0.45859 0.86323 0.60561 0.35897 0.65747 0.45415 0.99295 0.51182 0.35000 0.00000 0.63918 0.86469 1.00000 0.49176 0.48688
46.00000 3.00000 0.99998 0.99762 1.00000 0.00000 0.12649 0.27378 0.22347 0.00000 0.00125 0.00416 0.62728 0.26870 0.23077 0.46185 0.00352 0.99328 0.56056 0.40947 0.00000 0.25773 0.62791 1.00000 0.00975 0.01166
46.00000 4.00000 0.83317 0.99762 1.00000 0.06027 0.17900 0.31313 0.24311 0.14659 0.14429 0.13331 0.65024 0.30407 0.23077 0.45292 0.13185 0.99322 0.53118 0.40414 0.00000 0.30928 0.65116 1.00000 0.16414 0.15435
46.00000 5.00000 0.59531 0.73634 0.00000 0.23809 0.00275 0.02914 0.02786 0.29318 0.20891 0.08874 0.00129 0.02047 0.02564 0.01380 0.08737 0.00179 0.05733 0.92974 0.00000 0.04124 0.00000 0.00000 0.13185 0.13911
46.00000 6.00000 0.83333 0.99762 1.00000 0.06027 0.18093 0.30000 0.21989 0.14659 0.14429 0.13239 0.65024 0.29371 0.23077 0.45130 0.13107 0.99311 0.52302 0.39940 0.00000 0.31959 0.65116 1.00000 0.15573 0.15932
46.00000 7.00000 0.83334 0.99762 1.00000 0.06027 0.18194 0.31666 0.22700 0.14659 0.14429 0.13308 0.65032 0.29858 0.23077 0.44643 0.13217 0.99317 0.53983 0.36695 0.00000 0.30928 0.65116 1.00000 0.16448 0.16156
46.00000 8.00000 0.47617 0.83159 1.00000 0.62699 0.65688 0.62674 0.52357 0.50794 0.49749 0.45633 0.86312 0.60716 0.35897 0.65990 0.45533 0.99300 0.52175 0.34287 0.00000 0.62887 0.86469 1.00000 0.48100 0.48450
46.00000 9.00000 0.83316 0.99762 1.00000 0.06027 0.18010 0.30670 0.21967 0.14659 0.14429 0.13128 0.65026 0.29081 0.23077 0.44886 0.13402 0.99306 0.52952 0.38186 0.00000 0.31959 0.65116 1.00000 0.15708 0.15743
46.00000 10.00000 0.47614 0.83361 1.00000 0.62699 0.65412 0.62461 0.51706 0.50794 0.49749 0.45359 0.86314 0.60040 0.35897 0.62744 0.45413 0.99275 0.51557 0.35878 0.00000 0.63918 0.86469 1.00000 0.48436 0.47887
46.00000 11.00000 0.00002 0.00000 1.00000 1.00000 0.97806 0.92123 0.88061 1.00000 0.99812 0.96224 0.99867 0.88011 0.94872 0.90422 0.96239 0.99306 0.70135 0.07175 1.00000 0.92784 1.00000 1.00000 0.97040 0.97367
46.00000 12.00000 0.99991 0.99762 1.00000 0.00000 0.12539 0.28250 0.20043 0.00000 0.00125 0.00467 0.62719 0.27340 0.23077 0.47240 0.00447 0.99333 0.55965 0.40282 0.00000 0.26804 0.62791 1.00000 0.01581 0.01767
46.00000 13.00000 0.23814 0.29834 1.00000 0.59794 0.63209 0.65350 0.67237 0.61718 0.61418 0.59590 0.85253 0.64922 0.84615 0.75568 0.59463 0.99303 0.69337 0.14682 1.00000 0.68041 0.85412 1.00000 0.62361 0.62495
46.00000 14.00000 0.59531 0.73646 0.00000 0.23809 0.01239 0.03988 0.04484 0.29318 0.20891 0.09005 0.00124 0.01416 0.02564 0.02597 0.08695 0.00174 0.06031 0.90704 0.00000 0.03093 0.00000 0.00000 0.14094 0.13943
46.00000 15.00000 0.00004 0.00083 1.00000 1.00000 0.98403 0.91319 0.88236 1.00000 0.99812 0.96208 0.99863 0.88163 0.94872 0.91477 0.96334 0.99297 0.70758 0.05750 1.00000 0.91753 1.00000 1.00000 0.97477 0.96939
46.00000 16.00000 0.23804 0.29691 1.00000 0.59794 0.63227 0.66055 0.66737 0.61718 0.61418 0.59382 0.85255 0.64972 0.84615 0.74026 0.59289 0.99289 0.67591 0.13295 1.00000 0.69072 0.85412 1.00000 0.61857 0.62118
46.00000 17.00000 0.47612 0.83135 1.00000 0.62699 0.65348 0.65555 0.51555 0.50794 0.49749 0.45378 0.86301 0.60122 0.35897 0.64042 0.45237 0.99286 0.51088 0.34443 0.00000 0.62887 0.86469 1.00000 0.47931 0.48812
46.00000 18.00000 0.99997 0.99822 1.00000 0.00000 0.12236 0.28261 0.20459 0.00000 0.00125 0.00361 0.62715 0.27377 0.23077 0.46834 0.00371 0.99333 0.57636 0.41088 0.00000 0.27835 0.62791 1.00000 0.01480 0.01834
46.00000 19.00000 0.00000 0.00166 1.00000 1.00000 0.97512 0.91516 0.87395 1.00000 0.99812 0.96036 0.99854 0.88245 0.94872 0.90179 0.96146 0.99311 0.69769 0.05926 1.00000 0.91753 1.00000 1.00000 0.96905 0.97076
46.00000 20.00000 0.47608 0.83314 1.00000 0.62699 0.65467 0.62763 0.53263 0.50794 0.49749 0.45486 0.86318 0.60843 0.35897 0.64529 0.45317 0.99292 0.52358 0.34138 0.00000 0.62887 0.86469 1.00000 0.48133 0.48707
46.00000 21.00000 0.83328 0.99786 1.00000 0.06027 0.18239 0.30173 0.23576 0.14659 0.14429 0.13305 0.65028 0.29799 0.23077 0.45698 0.13273 0.99308 0.52709 0.38099 0.00000 0.30928 0.65116 1.00000 0.15540 0.16208
46.00000 22.00000 0.59528 0.73812 0.00000 0.23809 0.00973 0.03440 0.03778 0.29318 0.20891 0.08902 0.00129 0.01703 0.02564 0.04789 0.08791 0.00182 0.06976 0.92230 0.00000 0.03093 0.00000 0.00000 0.13892 0.13961
46.00000 23.00000 0.23808 0.29869 1.00000 0.59794 0.62319 0.66984 0.65142 0.61718 0.61418 0.59546 0.85255 0.64863 0.84615 0.73539 0.59541 0.99297 0.68327 0.14824 1.00000 0.69072 0.85412 1.00000 0.61857 0.61611
46.00000 24.00000 0.59524 0.73634 0.00000 0.23809 0.00652 0.05452 0.03437 0.29318 0.20891 0.09021 0.00122 0.01565 0.02564 0.03571 0.08805 0.00190 0.05235 0.92787 0.00000 0.04124 0.00000 0.00000 0.13791 0.14404
46.00000 25.00000 0.00003 0.00178 1.00000 1.00000 0.97604 0.92542 0.90498 1.00000 0.99749 0.96096 0.99861 0.88940 0.94872 0.89854 0.96209 0.99297 0.71039 0.07483 1.00000 0.90722 1.00000 1.00000 0.96670 0.96973
46.00000 26.00000 0.99979 0.99964 1.00000 0.00000 0.12346 0.28445 0.21038 0.00000 0.00125 0.00393 0.62715 0.27820 0.23077 0.46510 0.00604 0.99347 0.55703 0.39445 0.00000 0.27835 0.62791 1.00000 0.01480 0.01900
46.00000 27.00000 0.83333 0.99762 1.00000 0.06027 0.17707 0.32190 0.23509 0.14659 0.14429 0.13204 0.65028 0.29509 0.23077 0.45455 0.13212 0.99300 0.51677 0.38400 0.00000 0.30928 0.65116 1.00000 0.15439 0.15873
46.00000 28.00000 0.00006 0.00178 1.00000 1.00000 0.97788 0.91605 0.89576 1.00000 0.99812 0.96109 0.99863 0.88785 0.94872 0.89529 0.96317 0.99300 0.71549 0.07832 1.00000 0.92784 1.00000 1.00000 0.97107 0.97156
46.00000 29.00000 0.99986 0.99786 1.00000 0.00000 0.12603 0.29007 0.22032 0.00000 0.00125 0.00596 0.62730 0.27048 0.23077 0.46347 0.00325 0.99319 0.54832 0.39895 0.00000 0.27835 0.62791 1.00000 0.00740 0.01681
46.00000 30.00000 0.99996 0.99929 1.00000 0.00000 0.12144 0.28383 0.23233 0.00000 0.00125 0.00476 0.62724 0.27540 0.23077 0.46672 0.00315 0.99322 0.56395 0.39573 0.00000 0.26804 0.62791 1.00000 0.01446 0.01868
46.00000 31.00000 0.00004 0.00000 1.00000 1.00000 0.97623 0.90128 0.88599 1.00000 0.99812 0.96100 0.99861 0.88171 0.94872 0.89448 0.96344 0.99306 0.70383 0.07099 1.00000 0.91753 1.00000 1.00000 0.96905 0.97307
46.00000 32.00000 0.47613 0.83135 1.00000 0.62699 0.65449 0.65226 0.52595 0.50794 0.49812 0.45663 0.86323 0.60684 0.35897 0.64123 0.45662 0.99311 0.51021 0.35155 0.00000 0.62887 0.86469 1.00000 0.48402 0.48216
46.00000 33.00000 0.23823 0.29810 1.00000 0.59794 0.63154 0.68552 0.67330 0.61718 0.61418 0.59518 0.85261 0.65559 0.84615 0.71834 0.59658 0.99314 0.68591 0.14516 1.00000 0.69072 0.85412 1.00000 0.61823 0.61714
46.00000 34.00000 0.47608 0.83135 1.00000 0.62699 0.65504 0.61151 0.52934 0.50794 0.49749 0.45380 0.86312 0.60248 0.35897 0.65260 0.45376 0.99306 0.52055 0.35837 0.00000 0.62887 0.86469 1.00000 0.47629 0.48800
46.00000 35.00000 0.99993 0.99774 1.00000 0.00000 0.12438 0.29104 0.20853 0.00000 0.00125 0.00490 0.62724 0.27359 0.23077 0.47078 0.00293 0.99328 0.56292 0.40486 0.00000 0.27835 0.62791 1.00000 0.01480 0.00958
46.00000 36.00000 0.47628 0.83135 1.00000 0.62699 0.65834 0.62712 0.52067 0.50794 0.49749 0.45451 0.86312 0.60370 0.35897 0.63393 0.45493 0.99286 0.52228 0.35135 0.00000 0.62887 0.86469 1.00000 0.48604 0.48472
46.00000 37.00000 0.83335 0.99762 1.00000 0.06027 0.17578 0.30143 0.21376 0.14659 0.14429 0.13333 0.65028 0.29878 0.23077 0.44237 0.13195 0.99322 0.52235 0.39445 0.00000 0.30928 0.65116 1.00000 0.16011 0.16038
46.00000 38.00000 0.59527 0.73634 0.00000 0.23809 0.01147 0.02625 0.03617 0.29318 0.20891 0.08918 0.00129 0.01549 0.02564 0.03571 0.08710 0.00176 0.07113 0.91427 0.00000 0.03093 0.00000 0.00000 0.14094 0.14101
46.00000 39.00000 0.99982 0.99846 1.00000 0.00000 0.12438 0.28240 0.20898 0.00000 0.00125 0.00538 0.62724 0.27380 0.23077 0.47484 0.00516 0.99341 0.57104 0.39535 0.00000 0.27835 0.62791 1.00000 0.01547 0.00940
46.00000 40.00000 0.00006 0.00214 1.00000 1.00000 0.97907 0.92021 0.87249 1.00000 0.99812 0.96222 0.99854 0.87937 0.94872 0.90016 0.96271 0.99328 0.69373 0.06144 1.00000 0.90722 1.00000 1.00000 0.97309 0.97819
46.00000 41.00000 0.99985 0.99762 1.00000 0.00000 0.12824 0.28761 0.21974 0.00000 0.00125 0.00520 0.62722 0.26838 0.23077 0.46834 0.00386 0.99341 0.56306 0.39525 0.00000 0.29897 0.62791 1.00000 0.01446 0.01657
46.00000 42.00000 0.23808 0.29881 1.00000 0.59794 0.63145 0.69017 0.64162 0.61718 0.61418 0.59304 0.85244 0.65006 0.84615 0.74351 0.59363 0.99284 0.68267 0.13710 1.00000 0.67010 0.85412 1.00000 0.62328 0.62855
46.00000 43.00000 0.83334 0.99762 1.00000 0.06027 0.18487 0.29422 0.23817 0.14659 0.14429 0.13268 0.65030 0.29663 0.23077 0.45860 0.13248 0.99311 0.52956 0.38732 0.00000 0.31959 0.65116 1.00000 0.15641 0.15728
46.00000 44.00000 0.47606 0.83135 1.00000 0.62699 0.65128 0.62288 0.52612 0.50794 0.49749 0.45596 0.86310 0.60345 0.35897 0.66558 0.45447 0.99289 0.51882 0.34688 0.00000 0.63918 0.86469 1.00000 0.48772 0.47976
46.00000 45.00000 0.47624 0.83135 1.00000 0.62699 0.65146 0.64812 0.52833 0.50794 0.49749 0.45553 0.86323 0.61161 0.35897 0.64448 0.45403 0.99300 0.50809 0.34111 0.00000 0.62887 0.86469 1.00000 0.48806 0.48806
46.00000 46.00000 0.99990 0.99774 1.00000 0.00000 0.12567 0.28107 0.22315 0.00000 0.00125 0.00416 0.62736 0.27269 0.23077 0.45942 0.00528 0.99328 0.56448 0.39978 0.00000 0.26804 0.62791 1.00000 0.01749 0.01865
46.00000 47.00000 0.99977 0.99762 1.00000 0.00000 0.12484 0.28920 0.21592 0.00000 0.00125 0.00382 0.62715 0.27252 0.23077 0.46753 0.00369 0.99333 0.55592 0.40206 0.00000 0.27835 0.62791 1.00000 0.02018 0.01354
46.00000 48.00000 0.00005 0.00166 1.00000 1.00000 0.97898 0.91772 0.90474 1.00000 0.99749 0.96135 0.99863 0.87984 0.94872 0.90747 0.96163 0.99322 0.70544 0.06379 1.00000 0.92784 1.00000 1.00000 0.97444 0.97261
46.00000 49.00000 0.59527 0.73634 0.00000 0.23809 0.00872 0.02919 0.05029 0.29318 0.20891 0.08966 0.00129 0.01473 0.02564 0.03409 0.08837 0.00176 0.06055 0.92081 0.00000 0.04124 0.00000 0.00000 0.14060 0.14099
46.00000 50.00000 0.59513 0.73634 0.00000 0.23809 0.00890 0.03645 0.04544 0.29318 0.20891 0.09192 0.00141 0.01654 0.02564 0.04058 0.08808 0.00171 0.06851 0.92624 0.00000 0.04124 0.00000 0.00000 0.14464 0.13705
46.00000 51.00000 0.99996 0.99905 1.00000 0.00000 0.12429 0.27756 0.22188 0.00000 0.00125 0.00396 0.62730 0.26242 0.23077 0.45617 0.00396 0.99336 0.58085 0.39698 0.00000 0.25773 0.62791 1.00000 0.01682 0.01997
46.00000 52.00000 0.47629 0.83135 1.00000 0.62699 0.65789 0.63176 0.51978 0.50794 0.49749 0.45378 0.86327 0.61194 0.35897 0.63880 0.45427 0.99275 0.50843 0.34958 0.00000 0.64948 0.86469 1.00000 0.47898 0.48751
46.00000 53.00000 0.99994 0.99846 1.00000 0.00000 0.12851 0.27675 0.22186 0.00000 0.00125 0.00548 0.62732 0.27369 0.23077 0.45130 0.00364 0.99347 0.57525 0.40677 0.00000 0.28866 0.62791 1.00000 0.01850 0.01631
46.00000 54.00000 0.00005 0.00178 1.00000 1.00000 0.98082 0.90976 0.88478 1.00000 0.99749 0.96080 0.99865 0.88040 0.94872 0.89529 0.96156 0.99308 0.71150 0.05660 1.00000 0.90722 1.00000 1.00000 0.97040 0.97814
46.00000 55.00000 0.59509 0.73634 0.00000 0.23809 0.00927 0.02449 0.02198 0.29318 0.20891 0.09047 0.00131 0.01856 0.02564 0.03571 0.08813 0.00176 0.05841 0.92375 0.00000 0.03093 0.00000 0.00000 0.13454 0.14180
46.00000 56.00000 0.59526 0.73634 0.00000 0.23809 0.01147 0.04059 0.04234 0.29318 0.20891 0.09079 0.00135 0.01525 0.02564 0.03409 0.08779 0.00176 0.06151 0.92403 0.00000 0.02062 0.00000 0.00000 0.13791 0.13867
46.00000 57.00000 0.59530 0.73634 0.00000 0.23809 0.00560 0.04315 0.03293 0.29318 0.20891 0.08959 0.00127 0.01640 0.02564 0.02273 0.08820 0.00187 0.06430 0.92396 0.00000 0.04124 0.00000 0.00000 0.13690 0.14053
46.00000 58.00000 0.47619 0.83266 1.00000 0.62699 0.65550 0.65574 0.52259 0.50794 0.49749 0.45224 0.86316 0.60302 0.35897 0.65016 0.45205 0.99281 0.50800 0.35588 0.00000 0.62887 0.86469 1.00000 0.48100 0.48246
46.00000 59.00000 0.99997 0.99762 1.00000 0.00000 0.12585 0.31842 0.22099 0.00000 0.00125 0.00531 0.62730 0.27605 0.23077 0.47159 0.00643 0.99333 0.56874 0.39950 0.00000 0.27835 0.62791 1.00000 0.01514 0.02052
46.00000 60.00000 0.99985 0.99762 1.00000 0.00000 0.12300 0.29763 0.21821 0.00000 0.00125 0.00453 0.62734 0.27351 0.23077 0.46104 0.00467 0.99336 0.55919 0.39376 0.00000 0.27835 0.62791 1.00000 0.01144 0.01986
46.00000 61.00000 0.59526 0.73800 0.00000 0.23809 0.00789 0.04793 0.04866 0.29318 0.20891 0.08911 0.00137 0.02293 0.02564 0.03084 0.08710 0.00187 0.05381 0.91503 0.00000 0.05155 0.00000 0.00000 0.14094 0.14490
46.00000 62.00000 0.47609 0.83219 1.00000 0.62699 0.65210 0.64424 0.51233 0.50794 0.49749 0.45516 0.86327 0.60257 0.35897 0.64935 0.45471 0.99292 0.50999 0.34325 0.00000 0.61856 0.86469 1.00000 0.48167 0.48581
46.00000 63.00000 0.83317 0.99762 1.00000 0.06027 0.17560 0.30635 0.23495 0.14659 0.14429 0.13377 0.65022 0.29789 0.23077 0.45292 0.13329 0.99317 0.53457 0.38476 0.00000 0.29897 0.65116 1.00000 0.15641 0.15976
46.00000 64.00000 0.59512 0.73634 0.00000 0.23809 0.00808 0.03014 0.01489 0.29318 0.20891 0.08902 0.00122 0.01871 0.02564 0.02273 0.08796 0.00179 0.06283 0.93157 0.00000 0.05155 0.00000 0.00000 0.14430 0.14040
46.00000 65.00000 0.99994 0.99976 1.00000 0.00000 0.12493 0.28321 0.22517 0.00000 0.00125 0.00467 0.62722 0.27241 0.23077 0.46510 0.00464 0.99347 0.56929 0.40057 0.00000 0.27835 0.62791 1.00000 0.02018 0.01175
46.00000 66.00000 0.23808 0.29798 1.00000 0.59794 0.63117 0.66128 0.65841 0.61718 0.61418 0.59396 0.85255 0.65327 0.84615 0.74838 0.59306 0.99286 0.68981 0.14893 1.00000 0.68041 0.85412 1.00000 0.61924 0.62211
46.00000 67.00000 0.99983 0.99762 1.00000 0.00000 0.12576 0.26822 0.20908 0.00000 0.00125 0.00725 0.62734 0.27164 0.23077 0.47727 0.00323 0.99336 0.56099 0.40130 0.00000 0.28866 0.62791 1.00000 0.01480 0.02245
46.00000 68.00000 0.59515 0.73634 0.00000 0.23809 0.00955 0.04809 0.04280 0.29318 0.20891 0.09074 0.00127 0.02128 0.02564 0.02679 0.08823 0.00179 0.07603 0.91445 0.00000 0.04124 0.00000 0.00000 0.13858 0.14020
46.00000 69.00000 0.00004 0.00000 1.00000 1.00000 0.97925 0.91594 0.87940 1.00000 0.99749 0.96116 0.99867 0.87750 0.94872 0.90584 0.96244 0.99308 0.70397 0.07237 1.00000 0.91753 1.00000 1.00000 0.97074 0.97794
46.00000 70.00000 0.99997 0.99762 1.00000 0.00000 0.12438 0.27300 0.23732 0.00000 0.00125 0.00451 0.62730 0.27578 0.23077 0.47565 0.00601 0.99347 0.57460 0.39884 0.00000 0.28866 0.62791 1.00000 0.01345 0.01801
46.00000 71.00000 0.59510 0.73646 0.00000 0.23809 0.00725 0.02349 0.03555 0.29318 0.20891 0.09132 0.00129 0.01928 0.02564 0.05032 0.08810 0.00187 0.07375 0.91417 0.00000 0.04124 0.00000 0.00000 0.13858 0.14215
46.00000 72.00000 0.83316 0.99869 1.00000 0.06027 0.18294 0.31920 0.23036 0.14659 0.14429 0.13342 0.65034 0.29766 0.23077 0.46185 0.13312 0.99314 0.53125 0.38739 0.00000 0.30928 0.65116 1.00000 0.16179 0.15330
46.00000 73.00000 0.23810 0.29691 1.00000 0.59794 0.62567 0.66074 0.68113 0.61718 0.61418 0.59560 0.85249 0.64892 0.84615 0.72321 0.59597 0.99295 0.69209 0.16758 1.00000 0.68041 0.85412 1.00000 0.61924 0.62642
46.00000 74.00000 0.99995 0.99762 1.00000 0.00000 0.12484 0.26836 0.22642 0.00000 0.00125 0.00338 0.62730 0.26555 0.23077 0.46672 0.00491 0.99350 0.57008 0.39172 0.00000 0.28866 0.62791 1.00000 0.01514 0.01867
46.00000 75.00000 0.47619 0.83314 1.00000 0.62699 0.65256 0.62930 0.52943 0.50794 0.49749 0.45497 0.86308 0.60699 0.35897 0.64367 0.45447 0.99289 0.50246 0.34764 0.00000 0.61856 0.86469 1.00000 0.47629 0.48206
46.00000 76.00000 0.99999 0.99762 1.00000 0.00000 0.12429 0.27773 0.22263 0.00000 0.00125 0.00568 0.62722 0.27106 0.23077 0.44481 0.00538 0.99341 0.57227 0.39120 0.00000 0.27835 0.62791 1.00000 0.01110 0.02117
46.00000 77.00000 0.83314 0.99762 1.00000 0.06027 0.17514 0.31596 0.24131 0.14659 0.14429 0.13388 0.65024 0.29678 0.23077 0.45130 0.13354 0.99306 0.51634 0.38310 0.00000 0.31959 0.65116 1.00000 0.15876 0.16259
46.00000 78.00000 0.47620 0.83361 1.00000 0.62699 0.65192 0.62617 0.52494 0.50794 0.49749 0.45507 0.86318 0.60181 0.35897 0.65341 0.45459 0.99289 0.51913 0.34550 0.00000 0.63918 0.86469 1.00000 0.48100 0.48709
46.00000 79.00000 0.47609 0.83159 1.00000 0.62699 0.65146 0.63333 0.53232 0.50794 0.49749 0.45599 0.86312 0.60577 0.35897 0.64529 0.45476 0.99284 0.51781 0.35121 0.00000 0.62887 0.86469 1.00000 0.48301 0.48045
46.00000 80.00000 0.99999 0.99917 1.00000 0.00000 0.12585 0.27773 0.23387 0.00000 0.00188 0.00469 0.62732 0.27336 0.23077 0.47484 0.00472 0.99339 0.57297 0.39756 0.00000 0.28866 0.62791 1.00000 0.02186 0.01712
46.00000 81.00000 1.00000 0.99762 1.00000 0.00000 0.12355 0.27692 0.21931 0.00000 0.00125 0.00462 0.62722 0.26828 0.23077 0.47403 0.00511 0.99341 0.58160 0.39151 0.00000 0.27835 0.62791 1.00000 0.01177 0.02089
46.00000 82.00000 0.00003 0.00154 1.00000 1.00000 0.97843 0.91980 0.88764 1.00000 0.99812 0.96270 0.99848 0.88405 0.94872 0.90503 0.96227 0.99308 0.71020 0.07684 1.00000 0.89691 1.00000 1.00000 0.97141 0.97626
46.00000 83.00000 0.59522 0.73634 0.00000 0.23809 0.00624 0.03602 0.03437 0.29318 0.20891 0.09030 0.00129 0.01771 0.02564 0.04627 0.08906 0.00174 0.06245 0.90863 0.00000 0.03093 0.00000 0.00000 0.13589 0.13548
46.00000 84.00000 0.99979 0.99881 1.00000 0.00000 0.12475 0.30832 0.21489 0.00000 0.00125 0.00375 0.62724 0.27095 0.23077 0.46916 0.00367 0.99350 0.56996 0.40431 0.00000 0.28866 0.62791 1.00000 0.01278 0.01945
46.00000 85.00000 0.23815 0.29691 1.00000 0.59794 0.63172 0.65539 0.66182 0.61718 0.61418 0.59486 0.85255 0.65014 0.84615 0.72565 0.59360 0.99289 0.68601 0.12970 1.00000 0.68041 0.85412 1.00000 0.62025 0.62464
46.00000 86.00000 0.59517 0.73634 0.00000 0.23809 0.00817 0.04971 0.03278 0.29318 0.20891 0.08856 0.00131 0.01163 0.02564 0.03003 0.08947 0.00179 0.06872 0.93026 0.00000 0.04124 0.00000 0.00000 0.13892 0.13843
46.00000 87.00000 0.83326 0.99762 1.00000 0.06027 0.18515 0.31283 0.22625 0.14659 0.14429 0.13377 0.65024 0.30002 0.23077 0.43263 0.13180 0.99311 0.52613 0.38577 0.00000 0.30928 0.65116 1.00000 0.16112 0.16518
46.00000 88.00000 0.00005 0.00000 1.00000 1.00000 0.97824 0.91224 0.87198 1.00000 0.99749 0.96167 0.99859 0.88368 0.94872 0.91315 0.96241 0.99314 0.70274 0.07687 1.00000 0.92784 1.00000 1.00000 0.96973 0.97574
46.00000 89.00000 0.59514 0.73634 0.00000 0.23809 0.01239 0.04496 0.03946 0.29318 0.20891 0.08793 0.00127 0.01788 0.02564 0.01948 0.08974 0.00187 0.06853 0.92777 0.00000 0.03093 0.00000 0.00000 0.13791 0.14166
46.00000 90.00000 0.83333 0.99762 1.00000 0.06027 0.17790 0.29952 0.23862 0.14659 0.14429 0.13259 0.65028 0.29821 0.23077 0.45536 0.13222 0.99308 0.52358 0.38331 0.00000 0.30928 0.65116 1.00000 0.16213 0.16283
46.00000 91.00000 0.99982 0.99810 1.00000 0.00000 0.12649 0.28588 0.20706 0.00000 0.00125 0.00357 0.62730 0.27210 0.23077 0.44886 0.00579 0.99322 0.56066 0.41019 0.00000 0.28866 0.62791 1.00000 0.01951 0.01606
46.00000 92.00000 0.23808 0.29691 1.00000 0.59794 0.62934 0.67918 0.66540 0.61718 0.61418 0.59546 0.85249 0.64896 0.84615 0.73620 0.59573 0.99311 0.69303 0.13769 1.00000 0.68041 0.85412 1.00000 0.62597 0.62217
46.00000 93.00000 0.59508 0.73634 0.00000 0.23809 0.00587 0.04604 0.03663 0.29318 0.20891 0.08984 0.00129 0.02279 0.02564 0.03815 0.08727 0.00174 0.06367 0.93209 0.00000 0.05155 0.00000 0.00000 0.14194 0.13916
46.00000 94.00000 0.23813 0.29810 1.00000 0.59794 0.62970 0.69022 0.65423 0.61718 0.61418 0.59408 0.85265 0.64981 0.84615 0.71185 0.59482 0.99314 0.67461 0.14903 1.00000 0.68041 0.85412 1.00000 0.62328 0.62582
46.00000 95.00000 0.83327 0.99762 1.00000 0.06027 0.18129 0.31013 0.25198 0.14659 0.14429 0.13321 0.65034 0.29606 0.23077 0.45211 0.13275 0.99314 0.52617 0.39082 0.00000 0.29897 0.65116 1.00000 0.16011 0.15972
46.00000 96.00000 0.23813 0.29881 1.00000 0.59794 0.63549 0.69254 0.65594 0.61718 0.61418 0.59426 0.85251 0.65756 0.84615 0.72808 0.59519 0.99314 0.68120 0.14942 1.00000 0.69072 0.85412 1.00000 0.61890 0.61860
46.00000 97.00000 0.99977 0.99762 1.00000 0.00000 0.12383 0.29498 0.22217 0.00000 0.00125 0.00651 0.62724 0.27548 0.23077 0.45942 0.00535 0.99336 0.57412 0.40026 0.00000 0.25773 0.62791 1.00000 0.01110 0.02521
46.00000 98.00000 0.83320 0.99905 1.00000 0.06027 0.18340 0.30486 0.25229 0.14659 0.14429 0.13388 0.65036 0.29666 0.23077 0.44724 0.13261 0.99314 0.53502 0.38172 0.00000 0.29897 0.65116 1.00000 0.15910 0.15725
46.00000 99.00000 0.47613 0.83135 1.00000 0.62699 0.65467 0.63408 0.50671 0.50794 0.49812 0.45939 0.86333 0.60750 0.35897 0.64773 0.45547 0.99311 0.51131 0.34858 0.00000 0.61856 0.86469 1.00000 0.48470 0.48489
46.00000 100.00000 0.23807 0.29691 1.00000 0.59794 0.63227 0.69973 0.66283 0.61718 0.61418 0.59477 0.85263 0.65420 0.84615 0.74838 0.59580 0.99314 0.68649 0.13734 1.00000 0.67010 0.85412 1.00000 0.62294 0.62517
46.00000 101.00000 0.23820 0.29691 1.00000 0.59794 0.63172 0.69200 0.66101 0.61718 0.61418 0.59463 0.85261 0.65349 0.84615 0.72890 0.59446 0.99300 0.68885 0.16384 1.00000 0.68041 0.85412 1.00000 0.62059 0.62494
46.00000 102.00000 0.00003 0.00000 1.00000 1.00000 0.97935 0.93336 0.90590 1.00000 0.99749 0.96151 0.99859 0.88698 0.94872 0.89042 0.96251 0.99306 0.68906 0.05390 1.00000 0.90722 1.00000 1.00000 0.97545 0.97551
46.00000 103.00000 0.99989 0.99762 1.00000 0.00000 0.12273 0.28010 0.23139 0.00000 0.00125 0.00437 0.62732 0.27528 0.23077 0.46510 0.00340 0.99339 0.57011 0.40396 0.00000 0.27835 0.62791 1.00000 0.01615 0.02153
46.00000 104.00000 0.23824 0.29822 1.00000 0.59794 0.62943 0.68436 0.65065 0.61718 0.61418 0.59541 0.85246 0.65876 0.84615 0.75162 0.59404 0.99308 0.68959 0.13796 1.00000 0.69072 0.85412 1.00000 0.61857 0.62442
46.00000 105.00000 0.99977 0.99762 1.00000 0.00000 0.12319 0.27921 0.21295 0.00000 0.00125 0.00442 0.62726 0.27726 0.23077 0.45373 0.00525 0.99333 0.55981 0.39853 0.00000 0.27835 0.62791 1.00000 0.01615 0.01608
46.00000 106.00000 0.83322 0.99762 1.00000 0.06027 0.18414 0.31018 0.23218 0.14659 0.14429 0.13496 0.65032 0.29652 0.23077 0.44886 0.13258 0.99314 0.52302 0.37684 0.00000 0.32990 0.65116 1.00000 0.16213 0.16228
46.00000 107.00000 0.23804 0.29798 1.00000 0.59794 0.63126 0.68058 0.66043 0.61718 0.61418 0.59525 0.85255 0.65608 0.84615 0.73377 0.59573 0.99311 0.68697 0.14101 1.00000 0.69072 0.85412 1.00000 0.62227 0.62976
46.00000 108.00000 0.00002 0.00178 1.00000 1.00000 0.98026 0.91734 0.87938 1.00000 0.99749 0.96491 0.99861 0.88833 0.94872 0.92045 0.96239 0.99314 0.70048 0.06687 1.00000 0.90722 1.00000 1.00000 0.97275 0.96736
46.00000 109.00000 0.59521 0.73634 0.00000 0.23809 0.00716 0.03729 0.02601 0.29318 0.20891 0.08968 0.00124 0.01255 0.02564 0.01867 0.08771 0.00182 0.05836 0.91818 0.00000 0.03093 0.00000 0.00000 0.13555 0.13941
46.00000 110.00000 0.47623 0.83135 1.00000 0.62699 0.65596 0.63765 0.53561 0.50794 0.49749 0.45527 0.86310 0.60749 0.35897 0.65747 0.45398 0.99292 0.52110 0.36034 0.00000 0.63918 0.86469 1.00000 0.47830 0.48372
46.00000 111.00000 0.23820 0.29691 1.00000 0.59794 0.63071 0.69117 0.67580 0.61718 0.61418 0.59629 0.85265 0.65110 0.84615 0.73377 0.59609 0.99308 0.69570 0.13329 1.00000 0.70103 0.85412 1.00000 0.62328 0.62492
46.00000 112.00000 0.83327 0.99941 1.00000 0.06027 0.18496 0.32865 0.22628 0.14659 0.14429 0.13496 0.65026 0.29923 0.23077 0.45942 0.13217 0.99325 0.52911 0.38501 0.00000 0.30928 0.65116 1.00000 0.16044 0.16656
46.00000 113.00000 0.99978 0.99762 1.00000 0.00000 0.12741 0.27200 0.22719 0.00000 0.00125 0.00534 0.62730 0.27781 0.23077 0.46185 0.00486 0.99344 0.58263 0.39276 0.00000 0.27835 0.62791 1.00000 0.01749 0.01363
46.00000 114.00000 1.00000 0.99952 1.00000 0.00000 0.12438 0.28564 0.20519 0.00000 0.00125 0.00488 0.62732 0.27720 0.23077 0.48295 0.00543 0.99325 0.56364 0.39539 0.00000 0.27835 0.62791 1.00000 0.01345 0.01245
46.00000 115.00000 0.59519 0.73634 0.00000 0.23809 0.01588 0.03254 0.00264 0.29318 0.20891 0.09175 0.00114 0.01242 0.02564 0.04708 0.08727 0.00190 0.05547 0.92593 0.00000 0.03093 0.00000 0.00000 0.13522 0.14123
46.00000 116.00000 0.59515 0.73634 0.00000 0.23809 0.01212 0.03097 0.03574 0.29318 0.20891 0.09109 0.00135 0.01329 0.02564 0.03653 0.08898 0.00168 0.05360 0.90538 0.00000 0.04124 0.00000 0.00000 0.13993 0.14311
46.00000 117.00000 0.99996 0.99762 1.00000 0.00000 0.12796 0.29404 0.20038 0.00000 0.00125 0.00683 0.62726 0.28365 0.23077 0.46429 0.00489 0.99350 0.58122 0.40680 0.00000 0.29897 0.62791 1.00000 0.01850 0.01598
46.00000 118.00000 0.47605 0.83254 1.00000 0.62699 0.65385 0.64494 0.51094 0.50794 0.49749 0.45601 0.86306 0.60526 0.35897 0.67938 0.45501 0.99295 0.52961 0.34885 0.00000 0.63918 0.86469 1.00000 0.48200 0.48921
46.00000 119.00000 0.99999 0.99762 1.00000 0.00000 0.12851 0.28423 0.21018 0.00000 0.00188 0.00587 0.62726 0.27477 0.23077 0.46997 0.00518 0.99328 0.57624 0.39815 0.00000 0.27835 0.62791 1.00000 0.01783 0.02454
46.00000 120.00000 0.47627 0.83195 1.00000 0.62699 0.65449 0.61054 0.52307 0.50794 0.49749 0.45587 0.86327 0.60809 0.35897 0.66071 0.45469 0.99311 0.53005 0.34318 0.00000 0.62887 0.86469 1.00000 0.48436 0.48669
46.00000 121.00000 0.23806 0.29881 1.00000 0.59794 0.62934 0.69014 0.65491 0.61718 0.61418 0.59516 0.85255 0.65502 0.84615 0.74026 0.59399 0.99300 0.69257 0.13361 1.00000 0.68041 0.85412 1.00000 0.62227 0.62040
46.00000 122.00000 0.99990 0.99762 1.00000 0.00000 0.12475 0.28388 0.22263 0.00000 0.00125 0.00375 0.62713 0.27685 0.23077 0.47403 0.00525 0.99341 0.58343 0.39587 0.00000 0.27835 0.62791 1.00000 0.01749 0.01133
46.00000 123.00000 0.59509 0.73634 0.00000 0.23809 0.01285 0.04059 0.05755 0.29318 0.20891 0.09106 0.00143 0.01279 0.02564 0.02597 0.08720 0.00204 0.06733 0.92227 0.00000 0.03093 0.00000 0.00000 0.13993 0.14330
46.00000 124.00000 0.83321 0.99762 1.00000 0.06027 0.18138 0.32533 0.24455 0.14659 0.14429 0.13209 0.65028 0.30174 0.23077 0.43994 0.13334 0.99328 0.52149 0.37826 0.00000 0.31959 0.65116 1.00000 0.15876 0.15359
46.00000 125.00000 0.47619 0.83314 1.00000 0.62699 0.65632 0.65053 0.51875 0.50794 0.49749 0.45534 0.86318 0.60716 0.35897 0.64448 0.45491 0.99289 0.51379 0.33789 0.00000 0.62887 0.86469 1.00000 0.47830 0.48460
46.00000 126.00000 0.99982 0.99952 1.00000 0.00000 0.12521 0.28820 0.23091 0.00000 0.00125 0.00283 0.62728 0.27391 0.23077 0.46916 0.00467 0.99333 0.56893 0.41386 0.00000 0.27835 0.62791 1.00000 0.01816 0.01304
46.00000 127.00000 0.99977 0.99857 1.00000 0.00000 0.12218 0.28412 0.22558 0.00000 0.00125 0.00525 0.62728 0.27011 0.23077 0.45698 0.00413 0.99333 0.56905 0.38847 0.00000 0.27835 0.62791 1.00000 0.01648 0.01183
46.00000 128.00000 0.99989 0.99762 1.00000 0.00000 0.12934 0.28048 0.20283 0.00000 0.00125 0.00670 0.62734 0.27935 0.23077 0.48052 0.00577 0.99341 0.57191 0.39227 0.00000 0.27835 0.62791 1.00000 0.01749 0.01754
46.00000 129.00000 0.83314 0.99869 1.00000 0.06027 0.17725 0.31656 0.23958 0.14659 0.14429 0.13473 0.65043 0.29673 0.23077 0.44318 0.13380 0.99303 0.52615 0.38784 0.00000 0.31959 0.65116 1.00000 0.15573 0.16066
46.00000 130.00000 0.00000 0.00000 1.00000 1.00000 0.97916 0.90363 0.91743 1.00000 0.99749 0.96413 0.99865 0.88316 0.94872 0.91234 0.96197 0.99317 0.70705 0.06680 1.00000 0.92784 1.00000 1.00000 0.97343 0.97402
46.00000 131.00000 0.59511 0.73634 0.00000 0.23809 0.01313 0.01221 0.04210 0.29318 0.20891 0.09196 0.00127 0.02179 0.02564 0.02841 0.08915 0.00179 0.06091 0.90452 0.00000 0.04124 0.00000 0.00000 0.14329 0.14205
46.00000 132.00000 0.83331 0.99869 1.00000 0.06027 0.18551 0.31394 0.22553 0.14659 0.14429 0.13453 0.65028 0.30591 0.23077 0.46185 0.13332 0.99330 0.54118 0.37705 0.00000 0.32990 0.65116 1.00000 0.15506 0.15750
46.00000 133.00000 0.83325 0.99905 1.00000 0.06027 0.17707 0.31475 0.22632 0.14659 0.14429 0.13296 0.65047 0.29781 0.23077 0.44968 0.13268 0.99317 0.54046 0.38252 0.00000 0.31959 0.65116 1.00000 0.16616 0.16258
46.00000 134.00000 0.59518 0.73670 0.00000 0.23809 0.00854 0.03821 0.02815 0.29318 0.20891 0.09182 0.00141 0.02042 0.02564 0.04058 0.08940 0.00204 0.06742 0.91479 0.00000 0.03093 0.00000 0.00000 0.14295 0.13914
46.00000 135.00000 0.47618 0.83135 1.00000 0.62699 0.66055 0.62601 0.52727 0.50794 0.49749 0.45737 0.86327 0.60780 0.35897 0.65990 0.45572 0.99317 0.51778 0.35204 0.00000 0.63918 0.86469 1.00000 0.48133 0.47921
46.00000 136.00000 0.00003 0.00000 1.00000 1.00000 0.97907 0.90363 0.88716 1.00000 0.99749 0.96185 0.99867 0.88788 0.94872 0.91071 0.96319 0.99322 0.70306 0.06691 1.00000 0.92784 1.00000 1.00000 0.96805 0.97307
46.00000 137.00000 0.99981 0.99762 1.00000 0.00000 0.12713 0.29066 0.23593 0.00000 0.00125 0.00559 0.62726 0.27154 0.23077 0.45211 0.00423 0.99328 0.56090 0.38874 0.00000 0.26804 0.62791 1.00000 0.01446 0.01388
46.00000 138.00000 0.47614 0.83254 1.00000 0.62699 0.66027 0.64432 0.51584 0.50794 0.49749 0.45748 0.86325 0.60555 0.35897 0.66558 0.45523 0.99308 0.50287 0.35204 0.00000 0.63918 0.86469 1.00000 0.48638 0.48635
46.00000 139.00000 0.23821 0.29691 1.00000 0.59794 0.62989 0.68822 0.65258 0.61718 0.61418 0.59560 0.85270 0.65829 0.84615 0.72565 0.59568 0.99325 0.68127 0.14741 1.00000 0.69072 0.85412 1.00000 0.61823 0.62474
46.00000 140.00000 0.23807 0.29893 1.00000 0.59794 0.63081 0.69481 0.66379 0.61718 0.61418 0.59684 0.85257 0.66003 0.84615 0.74432 0.59575 0.99314 0.69902 0.13623 1.00000 0.69072 0.85412 1.00000 0.62597 0.62641
46.00000 141.00000 0.83329 0.99762 1.00000 0.06027 0.18148 0.31861 0.22479 0.14659 0.14429 0.13347 0.65034 0.30062 0.23077 0.45779 0.13246 0.99317 0.53255 0.37162 0.00000 0.30928 0.65116 1.00000 0.16347 0.15535
46.00000 142.00000 0.00003 0.00000 1.00000 1.00000 0.97760 0.92080 0.89449 1.00000 0.99812 0.96510 0.99871 0.88503 0.94872 0.92370 0.96654 0.99314 0.70866 0.05532 1.00000 0.93814 1.00000 1.00000 0.97275 0.96850
46.00000 143.00000 0.00006 0.00154 1.00000 1.00000 0.98605 0.91721 0.90020 1.00000 0.99749 0.96535 0.99876 0.88854 0.94872 0.92451 0.96383 0.99303 0.70863 0.06777 1.00000 0.92784 1.00000 1.00000 0.97175 0.97457
46.00000 144.00000 0.23812 0.29691 1.00000 0.59794 0.63494 0.67459 0.65740 0.61718 0.61418 0.59753 0.85261 0.65608 0.84615 0.73133 0.59578 0.99306 0.67538 0.15298 1.00000 0.68041 0.85412 1.00000 0.61924 0.62050
46.00000 145.00000 0.99981 0.99762 1.00000 0.00000 0.12860 0.27565 0.23588 0.00000 0.00125 0.00676 0.62732 0.27950 0.23077 0.46185 0.00540 0.99341 0.57744 0.39750 0.00000 0.27835 0.62791 1.00000 0.00706 0.01360
46.00000 146.00000 0.23812 0.29857 1.00000 0.59794 0.62778 0.69373 0.65061 0.61718 0.61418 0.59603 0.85272 0.65759 0.84615 0.74513 0.59627 0.99317 0.68288 0.13527 1.00000 0.68041 0.85412 1.00000 0.62059 0.62633
46.00000 147.00000 0.47613 0.83373 1.00000 0.62699 0.65541 0.64669 0.54125 0.50794 0.49749 0.45624 0.86331 0.60475 0.35897 0.65990 0.45542 0.99311 0.51992 0.32792 0.00000 0.64948 0.86469 1.00000 0.48268 0.48588
46.00000 148.00000 0.99999 0.99952 1.00000 0.00000 0.12668 0.29609 0.24818 0.00000 0.00125 0.00621 0.62732 0.27780 0.23077 0.44805 0.00567 0.99328 0.56513 0.40310 0.00000 0.27835 0.62791 1.00000 0.01480 0.01677
46.00000 149.00000 0.23824 0.29810 1.00000 0.59794 0.63328 0.67021 0.66446 0.61718 0.61418 0.59387 0.85257 0.65117 0.84615 0.73945 0.59507 0.99292 0.68786 0.14042 1.00000 0.67010 0.85412 1.00000 0.62933 0.62749
46.00000 150.00000 0.99992 0.99762 1.00000 0.00000 0.12135 0.28572 0.22111 0.00000 0.00125 0.00633 0.62736 0.27449 0.23077 0.47078 0.00552 0.99341 0.56862 0.39774 0.00000 0.26804 0.62791 1.00000 0.01648 0.01491
46.00000 151.00000 0.99992 0.99929 1.00000 0.00000 0.12401 0.29098 0.23761 0.00000 0.00125 0.00550 0.62734 0.27256 0.23077 0.46185 0.00572 0.99352 0.57756 0.41102 0.00000 0.26804 0.62791 1.00000 0.01648 0.01702
46.00000 152.00000 0.23813 0.29691 1.00000 0.59794 0.62961 0.68309 0.63987 0.61718 0.61418 0.59665 0.85270 0.66062 0.84615 0.73701 0.59715 0.99319 0.69053 0.14087 1.00000 0.68041 0.85412 1.00000 0.62159 0.62645
46.00000 153.00000 0.00003 0.00000 1.00000 1.00000 0.97595 0.93449 0.89607 1.00000 0.99749 0.96510 0.99867 0.88851 0.94872 0.90666 0.96503 0.99339 0.70597 0.06448 1.00000 0.92784 1.00000 1.00000 0.97982 0.97624
46.00000 154.00000 0.47613 0.83135 1.00000 0.62699 0.65733 0.63570 0.52266 0.50794 0.49749 0.45780 0.86323 0.60728 0.35897 0.65179 0.45486 0.99319 0.53127 0.34595 0.00000 0.64948 0.86469 1.00000 0.48100 0.48465
46.00000 155.00000 0.99996 0.99762 1.00000 0.00000 0.12062 0.26871 0.21969 0.00000 0.00125 0.00437 0.62728 0.27841 0.23077 0.46591 0.00528 0.99330 0.56234 0.39272 0.00000 0.27835 0.62791 1.00000 0.01480 0.00656
46.00000 156.00000 0.99996 0.99762 1.00000 0.00000 0.12456 0.28232 0.23218 0.00000 0.00125 0.00405 0.62741 0.27874 0.23077 0.46916 0.00393 0.99350 0.58626 0.39985 0.00000 0.28866 0.62791 1.00000 0.02085 0.01782
46.00000 157.00000 0.83334 0.99762 1.00000 0.06027 0.18166 0.32012 0.21727 0.14659 0.14429 0.13193 0.65038 0.29753 0.23077 0.45130 0.13385 0.99330 0.54272 0.38760 0.00000 0.30928 0.65116 1.00000 0.15338 0.16294
46.00000 158.00000 0.00004 0.00166 1.00000 1.00000 0.98100 0.90654 0.90162 1.00000 0.99812 0.96570 0.99873 0.88723 0.94872 0.90666 0.96517 0.99333 0.71965 0.06839 1.00000 0.92784 1.00000 1.00000 0.97175 0.97653
46.00000 159.00000 0.00005 0.00214 1.00000 1.00000 0.97476 0.91818 0.88044 1.00000 0.99749 0.96218 0.99865 0.88292 0.94872 0.91153 0.96312 0.99322 0.71017 0.07400 1.00000 0.93814 1.00000 1.00000 0.96771 0.97488
46.00000 160.00000 0.99994 0.99762 1.00000 0.00000 0.12420 0.28083 0.21131 0.00000 0.00125 0.00564 0.62738 0.28264 0.23077 0.46997 0.00484 0.99358 0.57362 0.38895 0.00000 0.27835 0.62791 1.00000 0.01413 0.01539
46.00000 161.00000 0.59526 0.73634 0.00000 0.23809 0.00698 0.02644 0.04290 0.29318 0.20891 0.09021 0.00143 0.02386 0.02564 0.02841 0.08930 0.00187 0.05581 0.92247 0.00000 0.04124 0.00000 0.00000 0.13724 0.14734
46.00000 162.00000 0.99987 0.99762 1.00000 0.00000 0.12759 0.28766 0.22246 0.00000 0.00125 0.00410 0.62732 0.27782 0.23077 0.47321 0.00501 0.99330 0.58206 0.39058 0.00000 0.27835 0.62791 1.00000 0.01715 0.01615
46.00000 163.00000 0.59527 0.73777 0.00000 0.23809 0.01166 0.04023 0.03214 0.29318 0.20891 0.09132 0.00152 0.02037 0.02564 0.04545 0.08920 0.00204 0.07207 0.92105 0.00000 0.05155 0.00000 0.00000 0.14194 0.14333
46.00000 164.00000 0.83320 0.99762 1.00000 0.06027 0.18230 0.31061 0.22767 0.14659 0.14429 0.13395 0.65036 0.29934 0.23077 0.44886 0.13437 0.99341 0.53017 0.37425 0.00000 0.30928 0.65116 1.00000 0.15943 0.16191
46.00000 165.00000 0.99978 0.99988 1.00000 0.00000 0.12392 0.28685 0.22589 0.00000 0.00125 0.00476 0.62724 0.27430 0.23077 0.46753 0.00499 0.99333 0.56972 0.38791 0.00000 0.28866 0.62791 1.00000 0.01110 0.01936
46.00000 166.00000 0.00002 0.00178 1.00000 1.00000 0.97714 0.93630 0.89487 1.00000 0.99749 0.96514 0.99871 0.88791 0.94872 0.90503 0.96388 0.99319 0.71626 0.07210 1.00000 0.93814 1.00000 1.00000 0.97309 0.97905
46.00000 167.00000 0.47625 0.83147 1.00000 0.62699 0.65770 0.64121 0.52605 0.50794 0.49749 0.45520 0.86333 0.61278 0.38462 0.66883 0.45638 0.99306 0.52317 0.33737 0.00000 0.62887 0.86469 1.00000 0.48335 0.48539
46.00000 168.00000 0.99987 0.99798 1.00000 0.00000 0.12723 0.27492 0.21141 0.00000 0.00125 0.00518 0.62745 0.27461 0.23077 0.48052 0.00550 0.99341 0.56544 0.40161 0.00000 0.28866 0.62791 1.00000 0.01211 0.01530
46.00000 169.00000 0.83318 0.99762 1.00000 0.06027 0.17735 0.34186 0.24251 0.14659 0.14429 0.13232 0.65030 0.29936 0.23077 0.45617 0.13258 0.99308 0.53322 0.38636 0.00000 0.31959 0.65116 1.00000 0.15439 0.15668
46.00000 170.00000 0.47625 0.83349 1.00000 0.62699 0.65486 0.63052 0.51574 0.50794 0.49749 0.45629 0.86331 0.61207 0.35897 0.67127 0.45728 0.99317 0.52577 0.33360 0.00000 0.62887 0.86469 1.00000 0.48436 0.48528
46.00000 171.00000 0.59526 0.73682 0.00000 0.23809 0.00569 0.05106 0.05082 0.29318 0.20891 0.09056 0.00133 0.02324 0.02564 0.05601 0.08976 0.00201 0.07146 0.91887 0.00000 0.03093 0.00000 0.00000 0.13824 0.14117
46.00000 172.00000 0.59521 0.73634 0.00000 0.23809 0.00569 0.03076 0.04506 0.29318 0.20891 0.09143 0.00143 0.02627 0.02564 0.03328 0.08976 0.00182 0.06081 0.92894 0.00000 0.05155 0.00000 0.00000 0.13589 0.14416
46.00000 173.00000 0.99994 0.99869 1.00000 0.00000 0.12686 0.29336 0.22467 0.00000 0.00125 0.00439 0.62747 0.27827 0.23077 0.47159 0.00428 0.99347 0.58198 0.39708 0.00000 0.28866 0.62791 1.00000 0.01144 0.01545
46.00000 174.00000 0.83332 0.99762 1.00000 0.06027 0.18524 0.32817 0.22003 0.14659 0.14429 0.13616 0.65053 0.29803 0.23077 0.47321 0.13483 0.99347 0.53709 0.36812 0.00000 0.31959 0.65116 1.00000 0.15943 0.16240
46.00000 175.00000 0.47610 0.83361 1.00000 0.62699 0.65825 0.64094 0.54634 0.50794 0.49749 0.45603 0.86323 0.60737 0.35897 0.65503 0.45540 0.99314 0.52932 0.33945 0.00000 0.63918 0.86469 1.00000 0.47898 0.48925
46.00000 176.00000 0.00006 0.00000 1.00000 1.00000 0.97356 0.90738 0.89406 1.00000 0.99749 0.96367 0.99878 0.88397 0.94872 0.90097 0.96447 0.99319 0.70969 0.05954 1.00000 0.91753 1.00000 1.00000 0.97713 0.97377
46.00000 177.00000 0.59520 0.73634 0.00000 0.23809 0.01120 0.04636 0.04179 0.29318 0.20891 0.09005 0.00154 0.01797 0.02564 0.03166 0.08783 0.00185 0.06389 0.92725 0.00000 0.04124 0.00000 0.00000 0.14127 0.14023
46.00000 178.00000 0.59516 0.73634 0.00000 0.23809 0.01221 0.03265 0.03223 0.29318 0.20891 0.08879 0.00141 0.02016 0.02564 0.02435 0.08962 0.00193 0.07889 0.92320 0.00000 0.04124 0.00000 0.00000 0.13824 0.14480
46.00000 179.00000 0.99985 0.99941 1.00000 0.00000 0.11860 0.27303 0.21578 0.00000 0.00125 0.00403 0.62738 0.27279 0.23077 0.47078 0.00511 0.99347 0.57366 0.38494 0.00000 0.27835 0.62791 1.00000 0.01749 0.02110
46.00000 180.00000 0.47615 0.83159 1.00000 0.62699 0.65816 0.65155 0.52566 0.50794 0.49749 0.45826 0.86335 0.60838 0.38462 0.68263 0.45752 0.99306 0.52586 0.33872 0.00000 0.63918 0.86469 1.00000 0.48604 0.48335
46.00000 181.00000 0.00007 0.00214 1.00000 1.00000 0.97999 0.93465 0.89790 1.00000 0.99749 0.96705 0.99876 0.88743 0.94872 0.91558 0.96615 0.99328 0.71563 0.05902 1.00000 0.93814 1.00000 1.00000 0.97578 0.97448
46.00000 182.00000 0.83319 0.99762 1.00000 0.06027 0.18579 0.32425 0.23125 0.14659 0.14429 0.13586 0.65057 0.30074 0.23077 0.46591 0.13549 0.99336 0.54548 0.37290 0.00000 0.30928 0.65116 1.00000 0.16179 0.15857
46.00000 183.00000 0.83328 0.99869 1.00000 0.06027 0.18028 0.32674 0.21516 0.14659 0.14429 0.13252 0.65043 0.29885 0.23077 0.44805 0.13424 0.99341 0.55080 0.37923 0.00000 0.32990 0.65116 1.00000 0.16044 0.15932
46.00000 184.00000 0.59511 0.73634 0.00000 0.23809 0.00909 0.05249 0.03977 0.29318 0.20891 0.09102 0.00139 0.02310 0.02564 0.04545 0.08849 0.00196 0.06132 0.92455 0.00000 0.06186 0.00000 0.00000 0.14295 0.13898
46.00000 185.00000 0.23817 0.29857 1.00000 0.59794 0.63154 0.68363 0.66874 0.61718 0.61355 0.59711 0.85272 0.65366 0.84615 0.74594 0.59612 0.99314 0.69026 0.14955 1.00000 0.69072 0.85412 1.00000 0.62193 0.62723
46.00000 186.00000 0.99989 0.99762 1.00000 0.00000 0.13016 0.28545 0.23670 0.00000 0.00125 0.00660 0.62736 0.28281 0.23077 0.47321 0.00675 0.99350 0.58117 0.39653 0.00000 0.25773 0.62791 1.00000 0.01648 0.01258
46.00000 187.00000 0.99994 0.99786 1.00000 0.00000 0.12346 0.26814 0.22993 0.00000 0.00125 0.00755 0.62738 0.27658 0.23077 0.47321 0.00594 0.99350 0.57778 0.38919 0.00000 0.28866 0.62791 1.00000 0.01446 0.01543
46.00000 188.00000 0.99993 0.99762 1.00000 0.00000 0.11841 0.29012 0.22539 0.00000 0.00125 0.00651 0.62734 0.27731 0.23077 0.47240 0.00670 0.99358 0.59143 0.38075 0.00000 0.29897 0.62791 1.00000 0.01211 0.01377
46.00000 189.00000 0.99983 0.99834 1.00000 0.00000 0.12778 0.28793 0.22308 0.00000 0.00125 0.00745 0.62738 0.27520 0.23077 0.47646 0.00501 0.99341 0.57354 0.38514 0.00000 0.28866 0.62791 1.00000 0.01177 0.01695
46.00000 190.00000 0.59517 0.73634 0.00000 0.23809 0.01395 0.04558 0.04648 0.29318 0.20891 0.09072 0.00139 0.02201 0.02564 0.02516 0.08998 0.00198 0.06964 0.91199 0.00000 0.04124 0.00000 0.00000 0.13690 0.14252
46.00000 191.00000 0.47607 0.83135 1.00000 0.62699 0.66247 0.63767 0.51937 0.50794 0.49749 0.45721 0.86342 0.61961 0.38462 0.65747 0.45613 0.99328 0.53942 0.35297 0.00000 0.63918 0.86469 1.00000 0.48402 0.48811
46.00000 192.00000 0.23824 0.29739 1.00000 0.59794 0.63071 0.68550 0.68385 0.61718 0.61355 0.59624 0.85268 0.66052 0.84615 0.75325 0.59705 0.99322 0.70132 0.14118 1.00000 0.67010 0.85412 1.00000 0.61823 0.62605
46.00000 193.00000 0.99980 0.99905 1.00000 0.00000 0.12851 0.29485 0.23475 0.00000 0.00125 0.00693 0.62730 0.27623 0.23077 0.48052 0.00633 0.99344 0.57698 0.38473 0.00000 0.27835 0.62791 1.00000 0.01850 0.01575
46.00000 194.00000 0.59527 0.73812 0.00000 0.23809 0.01340 0.03834 0.04198 0.29318 0.20891 0.09127 0.00146 0.02243 0.02564 0.03328 0.08808 0.00193 0.07637 0.91261 0.00000 0.04124 0.00000 0.00000 0.13925 0.13941
46.00000 195.00000 0.47608 0.83135 1.00000 0.62699 0.65476 0.61839 0.51889 0.50794 0.49749 0.45739 0.86339 0.61033 0.38462 0.66883 0.45804 0.99333 0.52466 0.32882 0.00000 0.62887 0.86469 1.00000 0.48066 0.48769
46.00000 196.00000 0.47615 0.83171 1.00000 0.62699 0.65596 0.62623 0.53284 0.50794 0.49686 0.45670 0.86327 0.60606 0.38462 0.65016 0.45611 0.99314 0.52894 0.34495 0.00000 0.63918 0.86469 1.00000 0.48335 0.48239
46.00000 197.00000 0.99983 0.99857 1.00000 0.00000 0.12511 0.30346 0.23646 0.00000 0.00125 0.00398 0.62732 0.28550 0.23077 0.47727 0.00408 0.99358 0.57268 0.39386 0.00000 0.28866 0.62791 1.00000 0.01581 0.01309
46.00000 198.00000 0.23810 0.29715 1.00000 0.59794 0.63742 0.66927 0.66175 0.61718 0.61418 0.59836 0.85289 0.65942 0.84615 0.73295 0.59793 0.99347 0.69298 0.15350 1.00000 0.69072 0.85412 1.00000 0.61958 0.62331
46.00000 199.00000 0.99991 0.99762 1.00000 0.00000 0.12622 0.28572 0.21271 0.00000 0.00125 0.00589 0.62741 0.27696 0.23077 0.44724 0.00635 0.99347 0.57121 0.38867 0.00000 0.30928 0.62791 1.00000 0.01783 0.01352
46.00000 200.00000 0.00003 0.00024 1.00000 1.00000 0.98127 0.92247 0.90162 1.00000 0.99749 0.96657 0.99890 0.89113 0.94872 0.90016 0.96769 0.99330 0.71712 0.06452 1.00000 0.91753 1.00000 1.00000 0.97477 0.97419
46.00000 201.00000 0.00005 0.00000 1.00000 1.00000 0.97935 0.94246 0.90590 1.00000 0.99749 0.96830 0.99873 0.89277 0.94872 0.91721 0.96864 0.99341 0.72869 0.06462 1.00000 0.91753 1.00000 1.00000 0.97477 0.97685
46.00000 202.00000 0.83322 0.99798 1.00000 0.06027 0.17790 0.32204 0.24955 0.14659 0.14429 0.13310 0.65047 0.29736 0.23077 0.45779 0.13512 0.99341 0.53822 0.37394 0.00000 0.31959 0.65116 1.00000 0.16112 0.16263
46.00000 203.00000 0.00000 0.00083 1.00000 1.00000 0.97806 0.93344 0.90417 1.00000 0.99749 0.96839 0.99878 0.88749 0.94872 0.91153 0.96754 0.99317 0.72013 0.06507 1.00000 0.91753 1.00000 1.00000 0.97545 0.97251
46.00000 204.00000 0.23806 0.29691 1.00000 0.59794 0.63393 0.67221 0.67902 0.61718 0.61418 0.59751 0.85270 0.66272 0.84615 0.74675 0.59820 0.99328 0.71003 0.12624 1.00000 0.68041 0.85412 1.00000 0.62294 0.62751
46.00000 205.00000 0.99984 0.99762 1.00000 0.00000 0.12824 0.29795 0.20920 0.00000 0.00125 0.00752 0.62738 0.27250 0.23077 0.45779 0.00543 0.99350 0.57773 0.38255 0.00000 0.27835 0.62791 1.00000 0.01783 0.01595
46.00000 206.00000 0.59526 0.73634 0.00000 0.23809 0.01083 0.05352 0.03170 0.29318 0.20891 0.09070 0.00148 0.01633 0.02564 0.03653 0.09040 0.00201 0.08481 0.91417 0.00000 0.04124 0.00000 0.00000 0.13858 0.14144
46.00000 207.00000 0.83334 0.99869 1.00000 0.06027 0.18561 0.31985 0.24184 0.14659 0.14429 0.13522 0.65051 0.30266 0.23077 0.45942 0.13444 0.99350 0.54058 0.38086 0.00000 0.32990 0.65116 1.00000 0.16011 0.16434
46.00000 208.00000 0.47614 0.83135 1.00000 0.62699 0.66055 0.64164 0.54048 0.50794 0.49749 0.45675 0.86348 0.61282 0.38462 0.65909 0.45765 0.99333 0.53276 0.33962 0.00000 0.63918 0.86469 1.00000 0.48940 0.48717
46.00000 209.00000 0.23801 0.29869 1.00000 0.59794 0.63732 0.69608 0.67443 0.61718 0.61418 0.59909 0.85287 0.65952 0.84615 0.75731 0.59915 0.99344 0.69791 0.13751 1.00000 0.67010 0.85412 1.00000 0.62193 0.62575
46.00000 210.00000 0.99981 0.99762 1.00000 0.00000 0.12851 0.29844 0.24734 0.00000 0.00125 0.00630 0.62736 0.27866 0.23077 0.48377 0.00447 0.99352 0.58297 0.38075 0.00000 0.29897 0.62791 1.00000 0.01715 0.01776
46.00000 211.00000 0.00003 0.00000 1.00000 1.00000 0.97971 0.93287 0.91075 1.00000 0.99749 0.96919 0.99882 0.88908 0.94872 0.92532 0.96923 0.99330 0.73660 0.06500 1.00000 0.91753 1.00000 1.00000 0.98116 0.97832
46.00000 212.00000 0.59517 0.73694 0.00000 0.23809 0.01111 0.03497 0.05159 0.29318 0.20891 0.09010 0.00156 0.01835 0.02564 0.04545 0.08867 0.00215 0.08072 0.89753 0.00000 0.04124 0.00000 0.00000 0.14161 0.13671
46.00000 213.00000 0.99998 0.99762 1.00000 0.00000 0.12337 0.29579 0.22692 0.00000 0.00125 0.00525 0.62755 0.28795 0.23077 0.47159 0.00464 0.99358 0.58571 0.37075 0.00000 0.28866 0.62791 1.00000 0.01615 0.02003
46.00000 214.00000 0.47619 0.83135 1.00000 0.62699 0.65431 0.63846 0.52996 0.50794 0.49686 0.45670 0.86348 0.60915 0.38462 0.66396 0.45691 0.99341 0.53750 0.32533 0.00000 0.64948 0.86469 1.00000 0.48503 0.48401
46.00000 215.00000 0.99995 0.99857 1.00000 0.00000 0.12824 0.29911 0.22183 0.00000 0.00125 0.00630 0.62751 0.28165 0.23077 0.48052 0.00689 0.99375 0.58626 0.38151 0.00000 0.29897 0.62791 1.00000 0.01379 0.01740
46.00000 216.00000 0.23821 0.29703 1.00000 0.59794 0.63824 0.68803 0.65882 0.61718 0.61355 0.59755 0.85280 0.66134 0.84615 0.74513 0.59976 0.99341 0.70373 0.12994 1.00000 0.69072 0.85412 1.00000 0.62193 0.62976
46.00000 217.00000 0.00003 0.00000 1.00000 1.00000 0.97558 0.90306 0.90568 1.00000 0.99749 0.96841 0.99882 0.89251 0.94872 0.91640 0.96884 0.99350 0.72547 0.06075 1.00000 0.94845 1.00000 1.00000 0.97343 0.97371
46.00000 218.00000 0.99999 0.99941 1.00000 0.00000 0.13182 0.27073 0.21155 0.00000 0.00125 0.00554 0.62745 0.28161 0.23077 0.47971 0.00411 0.99363 0.60257 0.38400 0.00000 0.28866 0.62791 1.00000 0.01648 0.02194
46.00000 219.00000 0.99982 0.99988 1.00000 0.00000 0.12686 0.29449 0.23012 0.00000 0.00125 0.00778 0.62755 0.27927 0.23077 0.48620 0.00599 0.99358 0.59189 0.38556 0.00000 0.27835 0.62791 1.00000 0.01278 0.01585
46.00000 220.00000 0.00003 0.00238 1.00000 1.00000 0.97935 0.94140 0.91404 1.00000 0.99749 0.96795 0.99888 0.88885 0.94872 0.90422 0.96838 0.99333 0.71546 0.06746 1.00000 0.92784 1.00000 1.00000 0.97074 0.97800
46.00000 221.00000 0.99978 0.99762 1.00000 0.00000 0.12383 0.29590 0.23891 0.00000 0.00125 0.00594 0.62743 0.27846 0.23077 0.47646 0.00706 0.99366 0.58975 0.39466 0.00000 0.28866 0.62791 1.00000 0.01615 0.01815
46.00000 222.00000 0.23801 0.29691 1.00000 0.59794 0.63283 0.69057 0.66519 0.61718 0.61355 0.60052 0.85287 0.66525 0.84615 0.74838 0.59937 0.99341 0.70344 0.11821 1.00000 0.68041 0.85412 1.00000 0.62361 0.62931
46.00000 223.00000 0.47611 0.83135 1.00000 0.62699 0.65504 0.65490 0.51887 0.50794 0.49749 0.46066 0.86361 0.61358 0.38462 0.67127 0.45921 0.99347 0.54890 0.34436 0.00000 0.65979 0.86469 1.00000 0.48369 0.48605
46.00000 224.00000 0.59522 0.73634 0.00000 0.23809 0.01102 0.04485 0.04431 0.29318 0.20891 0.09083 0.00146 0.02568 0.02564 0.04140 0.09028 0.00209 0.09226 0.90863 0.00000 0.03093 0.00000 0.00000 0.14161 0.13902
46.00000 225.00000 0.47612 0.83207 1.00000 0.62699 0.65724 0.63109 0.52619 0.50794 0.49749 0.45932 0.86352 0.61594 0.38462 0.68182 0.45872 0.99336 0.54584 0.33488 0.00000 0.62887 0.86469 1.00000 0.48301 0.48590
46.00000 226.00000 0.23813 0.29691 1.00000 0.59794 0.63521 0.68107 0.67657 0.61718 0.61418 0.59783 0.85299 0.66229 0.84615 0.74838 0.60030 0.99355 0.70705 0.13534 1.00000 0.69072 0.85412 1.00000 0.62059 0.62090
46.00000 227.00000 0.00003 0.00166 1.00000 1.00000 0.97981 0.94364 0.91692 1.00000 0.99749 0.96843 0.99876 0.89898 0.94872 0.91802 0.97099 0.99350 0.72590 0.05397 1.00000 0.91753 1.00000 1.00000 0.97242 0.98133
46.00000 228.00000 0.23817 0.29893 1.00000 0.59794 0.63338 0.69317 0.68478 0.61718 0.61418 0.60043 0.85297 0.66480 0.84615 0.75731 0.60000 0.99341 0.70635 0.14686 1.00000 0.70103 0.85412 1.00000 0.62496 0.63196
46.00000 229.00000 0.00006 0.00166 1.00000 1.00000 0.97769 0.92409 0.91942 1.00000 0.99749 0.96912 0.99878 0.89335 0.94872 0.91883 0.96972 0.99344 0.72020 0.05390 1.00000 0.91753 1.00000 1.00000 0.97309 0.97475
46.00000 230.00000 0.83330 0.99917 1.00000 0.06027 0.18377 0.31386 0.24073 0.14659 0.14366 0.13775 0.65066 0.30845 0.25641 0.46834 0.13566 0.99377 0.55866 0.35664 0.00000 0.31959 0.65116 1.00000 0.15977 0.15887
46.00000 231.00000 0.99988 0.99917 1.00000 0.00000 0.12915 0.28518 0.22553 0.00000 0.00125 0.00557 0.62749 0.28057 0.23077 0.48214 0.00721 0.99375 0.60615 0.38027 0.00000 0.29897 0.62791 1.00000 0.01884 0.01434
46.00000 232.00000 0.83320 0.99762 1.00000 0.06027 0.18506 0.32647 0.22483 0.14659 0.14429 0.13630 0.65064 0.30909 0.25641 0.45860 0.13478 0.99369 0.55941 0.35961 0.00000 0.31959 0.65116 1.00000 0.15540 0.16070
46.00000 233.00000 0.59526 0.73729 0.00000 0.23809 0.01184 0.06262 0.05008 0.29318 0.20891 0.09178 0.00167 0.02271 0.02564 0.04464 0.09062 0.00218 0.07928 0.90843 0.00000 0.05155 0.00000 0.00000 0.13858 0.14463
46.00000 234.00000 0.00003 0.00000 1.00000 1.00000 0.98265 0.93614 0.92021 1.00000 0.99749 0.97071 0.99892 0.90381 0.94872 0.90747 0.97087 0.99344 0.72489 0.05916 1.00000 0.91753 1.00000 1.00000 0.97578 0.97795
46.00000 235.00000 0.59528 0.73694 0.00000 0.23809 0.01368 0.03780 0.06588 0.29318 0.20828 0.09272 0.00156 0.02819 0.02564 0.03734 0.09116 0.00215 0.09205 0.90376 0.00000 0.04124 0.00000 0.00000 0.14363 0.13880
46.00000 236.00000 0.83325 0.99762 1.00000 0.06027 0.17900 0.32857 0.24686 0.14659 0.14429 0.13616 0.65078 0.31510 0.25641 0.46429 0.13703 0.99363 0.57321 0.35889 0.00000 0.31959 0.65116 1.00000 0.15775 0.16356
46.00000 237.00000 0.83319 0.99762 1.00000 0.06027 0.17634 0.32031 0.26684 0.14659 0.14429 0.13561 0.65081 0.31172 0.25641 0.46185 0.13598 0.99369 0.56910 0.35664 0.00000 0.32990 0.65116 1.00000 0.16179 0.15864
46.00000 238.00000 0.00002 0.00000 1.00000 1.00000 0.98109 0.92396 0.90371 1.00000 0.99749 0.97048 0.99894 0.89902 0.97436 0.92370 0.97089 0.99347 0.74648 0.06234 1.00000 0.93814 1.00000 1.00000 0.97847 0.97935
46.00000 239.00000 0.23805 0.29917 1.00000 0.59794 0.63136 0.70391 0.68387 0.61718 0.61418 0.60064 0.85316 0.67237 0.84615 0.75325 0.59952 0.99355 0.72549 0.12987 1.00000 0.70103 0.85412 1.00000 0.62361 0.63186
46.00000 240.00000 0.23811 0.29822 1.00000 0.59794 0.63989 0.69141 0.66747 0.61718 0.61418 0.60185 0.85303 0.67082 0.84615 0.75081 0.60213 0.99369 0.70647 0.12904 1.00000 0.68041 0.85412 1.00000 0.62866 0.62897
46.00000 241.00000 0.47608 0.83135 1.00000 0.62699 0.65513 0.65952 0.54401 0.50794 0.49749 0.46100 0.86369 0.62178 0.38462 0.67776 0.46048 0.99369 0.54873 0.31827 0.00000 0.64948 0.86469 1.00000 0.48503 0.49115
46.00000 242.00000 0.00002 0.00119 1.00000 1.00000 0.98155 0.94105 0.90986 1.00000 0.99749 0.97331 0.99888 0.89669 0.97436 0.93344 0.97207 0.99352 0.73994 0.04352 1.00000 0.93814 1.00000 1.00000 0.97814 0.97811
46.00000 243.00000 0.00006 0.00012 1.00000 1.00000 0.98238 0.91510 0.92156 1.00000 0.99749 0.97126 0.99897 0.88905 0.94872 0.94318 0.97102 0.99341 0.73860 0.05006 1.00000 0.92784 1.00000 1.00000 0.98352 0.97725
46.00000 244.00000 0.83328 0.99762 1.00000 0.06027 0.17780 0.31394 0.25419 0.14659 0.14429 0.13687 0.65070 0.31220 0.25641 0.46753 0.13481 0.99394 0.57807 0.36456 0.00000 0.32990 0.65116 1.00000 0.15910 0.15849
46.00000 245.00000 0.99986 0.99846 1.00000 0.00000 0.12842 0.28507 0.24861 0.00000 0.00125 0.00920 0.62745 0.28775 0.25641 0.49026 0.00723 0.99369 0.61038 0.37338 0.00000 0.29897 0.62791 1.00000 0.02220 0.01585
46.00000 246.00000 0.99977 0.99929 1.00000 0.00000 0.12585 0.31040 0.23958 0.00000 0.00125 0.00775 0.62766 0.28892 0.25641 0.49351 0.00738 0.99388 0.59677 0.37698 0.00000 0.29897 0.62791 1.00000 0.01682 0.01901
46.00000 247.00000 0.99997 0.99762 1.00000 0.00000 0.12089 0.29806 0.24345 0.00000 0.00125 0.00833 0.62764 0.29314 0.25641 0.48701 0.00787 0.99377 0.61308 0.37103 0.00000 0.29897 0.62791 1.00000 0.01917 0.01448
46.00000 248.00000 0.00003 0.00000 1.00000 1.00000 0.98026 0.94364 0.91714 1.00000 0.99749 0.97188 0.99894 0.90045 0.94872 0.91234 0.97253 0.99341 0.74098 0.04290 1.00000 0.92784 1.00000 1.00000 0.98150 0.97366
46.00000 249.00000 0.23823 0.29691 1.00000 0.59794 0.63696 0.69530 0.68882 0.61718 0.61418 0.60004 0.85310 0.66805 0.84615 0.74107 0.60216 0.99377 0.73506 0.13641 1.00000 0.70103 0.85412 1.00000 0.62698 0.62961
46.00000 250.00000 0.47625 0.83278 1.00000 0.62699 0.65495 0.65196 0.51469 0.50794 0.49686 0.46024 0.86367 0.61645 0.38462 0.66883 0.45958 0.99366 0.55060 0.33228 0.00000 0.62887 0.86469 1.00000 0.48739 0.48818
46.00000 251.00000 0.99980 0.99929 1.00000 0.00000 0.12723 0.30754 0.22097 0.00000 0.00125 0.00699 0.62762 0.29239 0.25641 0.49513 0.00804 0.99372 0.60464 0.38314 0.00000 0.28866 0.62791 1.00000 0.02119 0.01621
46.00000 252.00000 0.83332 0.99952 1.00000 0.06027 0.18074 0.31712 0.25507 0.14659 0.14366 0.13623 0.65085 0.31372 0.25641 0.49269 0.13661 0.99380 0.56484 0.36809 0.00000 0.31959 0.65116 1.00000 0.16213 0.15966
46.00000 253.00000 0.47607 0.83135 1.00000 0.62699 0.65201 0.64723 0.52465 0.50794 0.49686 0.46266 0.86369 0.62292 0.38462 0.67289 0.46134 0.99369 0.54209 0.33983 0.00000 0.65979 0.86469 1.00000 0.48840 0.48610
46.00000 254.00000 0.99989 0.99857 1.00000 0.00000 0.12401 0.29142 0.23487 0.00000 0.00125 0.00856 0.62766 0.28375 0.25641 0.48701 0.00811 0.99397 0.60264 0.37795 0.00000 0.28866 0.62791 1.00000 0.01446 0.01347
46.00000 255.00000 0.99979 0.99762 1.00000 0.00000 0.12420 0.29506 0.22856 0.00000 0.00125 0.00851 0.62768 0.28862 0.25641 0.48052 0.00806 0.99391 0.61538 0.37279 0.00000 0.28866 0.62791 1.00000 0.01749 0.01510
46.00000 256.00000 0.00005 0.00000 1.00000 1.00000 0.98238 0.92040 0.93028 1.00000 0.99749 0.97393 0.99907 0.90572 0.97436 0.94318 0.97637 0.99369 0.74766 0.05009 1.00000 0.93814 1.00000 1.00000 0.97208 0.98010
46.00000 257.00000 0.83328 0.99988 1.00000 0.06027 0.19001 0.33030 0.24905 0.14659 0.14366 0.13653 0.65087 0.31305 0.25641 0.48377 0.13771 0.99413 0.57891 0.35643 0.00000 0.34021 0.65116 1.00000 0.16246 0.15433
46.00000 258.00000 0.47619 0.83135 1.00000 0.62699 0.65421 0.67459 0.54440 0.50794 0.49749 0.46155 0.86375 0.63150 0.38462 0.69156 0.46261 0.99397 0.56551 0.32737 0.00000 0.64948 0.86469 1.00000 0.48806 0.48508
46.00000 259.00000 0.00002 0.00143 1.00000 1.00000 0.98247 0.92266 0.92670 1.00000 0.99749 0.97338 0.99894 0.90184 0.97436 0.92695 0.97380 0.99352 0.74692 0.05563 1.00000 0.95876 1.00000 1.00000 0.97343 0.98180
46.00000 260.00000 0.23824 0.29691 1.00000 0.59794 0.63484 0.68463 0.66934 0.61718 0.61355 0.60303 0.85322 0.67283 0.84615 0.77354 0.60299 0.99397 0.73225 0.12222 1.00000 0.69072 0.85412 1.00000 0.62294 0.62857
46.00000 261.00000 0.47608 0.83135 1.00000 0.62699 0.66036 0.65701 0.55300 0.50794 0.49749 0.46114 0.86382 0.62608 0.38462 0.68263 0.46217 0.99380 0.56450 0.31793 0.00000 0.65979 0.86469 1.00000 0.48470 0.49019
46.00000 262.00000 0.23818 0.29691 1.00000 0.59794 0.63567 0.68128 0.69703 0.61718 0.61355 0.60231 0.85312 0.66823 0.84615 0.76380 0.60147 0.99394 0.72763 0.12081 1.00000 0.69072 0.85412 1.00000 0.62899 0.63541
46.00000 263.00000 0.59519 0.73717 0.00000 0.23809 0.00698 0.04083 0.05654 0.29318 0.20891 0.09452 0.00177 0.02537 0.02564 0.06899 0.09135 0.00259 0.08798 0.89691 0.00000 0.05155 0.00000 0.00000 0.14026 0.14304
46.00000 264.00000 0.99998 0.99762 1.00000 0.00000 0.12218 0.29782 0.24626 0.00000 0.00125 0.00842 0.62783 0.29339 0.25641 0.49351 0.00858 0.99391 0.62224 0.36875 0.00000 0.29897 0.62791 1.00000 0.02018 0.01416
46.00000 265.00000 0.59511 0.73634 0.00000 0.23809 0.00964 0.03167 0.03865 0.29318 0.20891 0.09419 0.00171 0.02819 0.02564 0.06169 0.09101 0.00253 0.09383 0.89040 0.00000 0.05155 0.00000 0.00000 0.14295 0.14070
46.00000 266.00000 0.99978 0.99774 1.00000 0.00000 0.12759 0.31799 0.24374 0.00000 0.00125 0.00904 0.62785 0.29059 0.25641 0.49594 0.00846 0.99399 0.62705 0.36702 0.00000 0.30928 0.62791 1.00000 0.01446 0.01936
46.00000 267.00000 0.00005 0.00000 1.00000 1.00000 0.98036 0.93965 0.93342 1.00000 0.99749 0.97465 0.99905 0.90043 0.97436 0.92614 0.97512 0.99361 0.75427 0.05079 1.00000 0.93814 1.00000 1.00000 0.97713 0.99133
46.00000 268.00000 0.83331 0.99893 1.00000 0.06027 0.18093 0.32409 0.25558 0.14659 0.14366 0.13821 0.65093 0.31453 0.25641 0.47078 0.13835 0.99399 0.56681 0.35169 0.00000 0.31959 0.65116 1.00000 0.15910 0.16015
46.00000 269.00000 0.23811 0.29703 1.00000 0.59794 0.63686 0.69381 0.69067 0.61718 0.61418 0.60383 0.85331 0.68054 0.84615 0.76461 0.60377 0.99413 0.73379 0.12406 1.00000 0.70103 0.85412 1.00000 0.62933 0.62974
46.00000 270.00000 0.47607 0.83135 1.00000 0.62699 0.65513 0.66276 0.54980 0.50794 0.49749 0.46413 0.86409 0.63240 0.38462 0.67938 0.46346 0.99405 0.57713 0.31973 0.00000 0.65979 0.86469 1.00000 0.49109 0.49425
46.00000 271.00000 0.47626 0.83230 1.00000 0.62699 0.65761 0.66959 0.53902 0.50794 0.49686 0.46402 0.86386 0.63200 0.38462 0.67614 0.46337 0.99408 0.56811 0.32301 0.00000 0.63918 0.86469 1.00000 0.48234 0.48906
46.00000 272.00000 0.83318 0.99846 1.00000 0.06027 0.18809 0.35128 0.25332 0.14659 0.14429 0.13908 0.65125 0.31893 0.25641 0.47565 0.13903 0.99402 0.58951 0.34827 0.00000 0.34021 0.65116 1.00000 0.16112 0.16144
46.00000 273.00000 0.99985 0.99762 1.00000 0.00000 0.12484 0.28683 0.26110 0.00000 0.00125 0.00773 0.62779 0.29625 0.25641 0.49919 0.00980 0.99424 0.62671 0.35013 0.00000 0.32990 0.62791 1.00000 0.01514 0.02128
46.00000 274.00000 0.23814 0.29691 1.00000 0.59794 0.63833 0.70915 0.69677 0.61718 0.61418 0.60335 0.85331 0.66967 0.84615 0.77516 0.60504 0.99421 0.74612 0.12375 1.00000 0.70103 0.85412 1.00000 0.63135 0.62595
46.00000 275.00000 0.23814 0.29691 1.00000 0.59794 0.63686 0.71785 0.70287 0.61718 0.61418 0.60579 0.85331 0.68457 0.87179 0.77110 0.60585 0.99424 0.74362 0.12586 1.00000 0.73196 0.85412 1.00000 0.63303 0.63223
46.00000 276.00000 0.47629 0.83135 1.00000 0.62699 0.65669 0.64877 0.54606 0.50794 0.49686 0.46537 0.86401 0.62662 0.38462 0.68994 0.46390 0.99424 0.57100 0.31685 0.00000 0.64948 0.86469 1.00000 0.48840 0.49630
46.00000 277.00000 0.23817 0.29857 1.00000 0.59794 0.63292 0.70275 0.70400 0.61718 0.61418 0.60669 0.85350 0.68167 0.87179 0.78328 0.60538 0.99432 0.75252 0.11908 1.00000 0.69072 0.85412 1.00000 0.62866 0.63124
46.00000 278.00000 0.83325 0.99762 1.00000 0.06027 0.18212 0.32679 0.25988 0.14659 0.14366 0.13943 0.65112 0.32131 0.25641 0.48945 0.13828 0.99435 0.59685 0.35186 0.00000 0.35052 0.65116 1.00000 0.15876 0.16492
46.00000 279.00000 0.23819 0.29691 1.00000 0.59794 0.64320 0.68228 0.68361 0.61718 0.61418 0.60623 0.85341 0.68437 0.87179 0.77516 0.60687 0.99432 0.73970 0.11894 1.00000 0.71134 0.85412 1.00000 0.62899 0.63044
46.00000 280.00000 0.83332 0.99917 1.00000 0.06027 0.18634 0.35487 0.24732 0.14659 0.14429 0.13995 0.65121 0.32482 0.25641 0.49756 0.13872 0.99438 0.59680 0.34014 0.00000 0.32990 0.65116 1.00000 0.16145 0.15844
46.00000 281.00000 0.99991 0.99810 1.00000 0.00000 0.13026 0.30289 0.24530 0.00000 0.00125 0.00844 0.62791 0.30431 0.25641 0.49919 0.00946 0.99410 0.64049 0.35795 0.00000 0.29897 0.62791 1.00000 0.01480 0.01727
46.00000 282.00000 0.23805 0.29691 1.00000 0.59794 0.63365 0.71504 0.68803 0.61718 0.61355 0.60542 0.85350 0.67961 0.87179 0.78166 0.60677 0.99421 0.75088 0.10956 1.00000 0.68041 0.85412 1.00000 0.63303 0.63411
46.00000 283.00000 0.99997 0.99762 1.00000 0.00000 0.12851 0.31907 0.23415 0.00000 0.00125 0.01005 0.62789 0.30676 0.25641 0.51136 0.01024 0.99419 0.65261 0.36480 0.00000 0.29897 0.62791 1.00000 0.01345 0.02433
46.00000 284.00000 0.59531 0.73634 0.00000 0.23809 0.00725 0.05014 0.06963 0.29318 0.20828 0.09364 0.00190 0.02762 0.02564 0.05763 0.09338 0.00267 0.12102 0.89262 0.00000 0.05155 0.00000 0.00000 0.14430 0.14478
46.00000 285.00000 0.83316 0.99762 1.00000 0.06027 0.18074 0.32814 0.27133 0.14659 0.14429 0.14074 0.65129 0.32305 0.25641 0.50406 0.13950 0.99441 0.60026 0.34533 0.00000 0.32990 0.65116 1.00000 0.16246 0.16358
46.00000 286.00000 0.99985 0.99762 1.00000 0.00000 0.12851 0.30843 0.24881 0.00000 0.00125 0.01125 0.62791 0.30789 0.25641 0.50568 0.01195 0.99438 0.63561 0.35356 0.00000 0.30928 0.62791 1.00000 0.01850 0.02717
46.00000 287.00000 0.23802 0.29917 1.00000 0.59794 0.64237 0.69573 0.69749 0.61718 0.61418 0.60643 0.85367 0.68322 0.87179 0.76218 0.60748 0.99432 0.76384 0.13125 1.00000 0.68041 0.85412 1.00000 0.62765 0.63060
46.00000 288.00000 0.59512 0.73694 0.00000 0.23809 0.01873 0.03932 0.07117 0.29318 0.20891 0.09553 0.00192 0.04011 0.02564 0.07873 0.09294 0.00265 0.11229 0.88892 0.00000 0.04124 0.00000 0.00000 0.14699 0.14951
46.00000 289.00000 0.23809 0.29869 1.00000 0.59794 0.63934 0.70993 0.69098 0.61718 0.61418 0.60689 0.85360 0.68885 0.87179 0.78003 0.60849 0.99446 0.76647 0.11081 1.00000 0.71134 0.85412 1.00000 0.63169 0.63254
46.00000 290.00000 0.59523 0.73705 0.00000 0.23809 0.01083 0.05055 0.05810 0.29318 0.20891 0.09783 0.00194 0.03907 0.02564 0.05925 0.09453 0.00278 0.10859 0.88359 0.00000 0.05155 0.00000 0.00000 0.14632 0.14239
46.00000 291.00000 0.83336 0.99976 1.00000 0.06027 0.18616 0.36238 0.26372 0.14659 0.14429 0.14129 0.65146 0.33309 0.28205 0.49026 0.14123 0.99460 0.62546 0.34000 0.00000 0.34021 0.65116 1.00000 0.16650 0.16745
46.00000 292.00000 0.83324 0.99988 1.00000 0.06027 0.18496 0.34013 0.26562 0.14659 0.14366 0.14196 0.65129 0.32880 0.28205 0.49756 0.14070 0.99465 0.60930 0.33633 0.00000 0.31959 0.65116 1.00000 0.16515 0.16173
46.00000 293.00000 0.47626 0.83183 1.00000 0.62699 0.66229 0.68207 0.54899 0.50794 0.49686 0.46804 0.86439 0.63730 0.41026 0.70455 0.46772 0.99443 0.58227 0.30170 0.00000 0.67010 0.86469 1.00000 0.49176 0.49828
46.00000 294.00000 0.59520 0.73634 0.00000 0.23809 0.00890 0.06286 0.06682 0.29318 0.20891 0.09518 0.00207 0.04100 0.02564 0.07386 0.09404 0.00276 0.11150 0.87151 0.00000 0.05155 0.00000 0.00000 0.14598 0.14907
46.00000 295.00000 0.83331 0.99762 1.00000 0.06027 0.18717 0.36203 0.26425 0.14659 0.14429 0.14177 0.65146 0.33207 0.28205 0.50162 0.14011 0.99482 0.61219 0.33924 0.00000 0.35052 0.65116 1.00000 0.15674 0.16323
46.00000 296.00000 0.59519 0.73836 0.00000 0.23809 0.01680 0.05168 0.06567 0.29318 0.20828 0.09507 0.00200 0.04264 0.02564 0.07468 0.09531 0.00276 0.11631 0.87944 0.00000 0.07216 0.00000 0.00000 0.14262 0.14600
46.00000 297.00000 0.59518 0.73634 0.00000 0.23809 0.00982 0.06316 0.05512 0.29318 0.20891 0.09656 0.00209 0.04307 0.02564 0.06656 0.09350 0.00281 0.11126 0.88127 0.00000 0.05155 0.00000 0.00000 0.14632 0.14751
46.00000 298.00000 0.59509 0.73634 0.00000 0.23809 0.01606 0.08206 0.06338 0.29318 0.20891 0.09672 0.00224 0.04822 0.02564 0.06575 0.09641 0.00284 0.12033 0.88546 0.00000 0.05155 0.00000 0.00000 0.13925 0.14177
46.00000 299.00000 0.83333 0.99905 1.00000 0.06027 0.18331 0.34963 0.27234 0.14659 0.14429 0.14405 0.65163 0.33288 0.28205 0.50649 0.14160 0.99499 0.62623 0.32408 0.00000 0.36082 0.65116 1.00000 0.16313 0.16833
46.00000 300.00000 0.99987 0.99917 1.00000 0.00000 0.13420 0.30665 0.26557 0.00000 0.00125 0.01178 0.62795 0.31709 0.28205 0.52597 0.01000 0.99460 0.67081 0.34329 0.00000 0.29897 0.62791 1.00000 0.02220 0.02394
46.00000 301.00000 0.00000 0.00000 1.00000 1.00000 0.99146 0.95042 0.95670 1.00000 0.99749 0.98718 0.99949 0.92370 0.97436 0.95455 0.98705 0.99413 0.79445 0.02242 1.00000 0.96907 1.00000 1.00000 0.98789 0.99351
46.00000 302.00000 0.99985 0.99762 1.00000 0.00000 0.13466 0.32007 0.25558 0.00000 0.00125 0.01146 0.62814 0.31090 0.28205 0.50325 0.01141 0.99449 0.67600 0.34034 0.00000 0.29897 0.62791 1.00000 0.02153 0.02290
46.00000 303.00000 0.83322 0.99905 1.00000 0.06027 0.18634 0.35201 0.26228 0.14659 0.14429 0.14331 0.65159 0.33780 0.28205 0.49675 0.14348 0.99507 0.62892 0.32599 0.00000 0.36082 0.65116 1.00000 0.16482 0.16858
46.00000 304.00000 0.23820 0.29822 1.00000 0.59794 0.64228 0.69994 0.70203 0.61718 0.61418 0.61182 0.85388 0.69309 0.87179 0.79789 0.61213 0.99485 0.77580 0.11226 1.00000 0.70103 0.85412 1.00000 0.63438 0.63397
46.00000 305.00000 0.99988 0.99762 1.00000 0.00000 0.12915 0.32733 0.25046 0.00000 0.00125 0.01380 0.62812 0.31327 0.28205 0.50731 0.01337 0.99457 0.67913 0.33156 0.00000 0.31959 0.62791 1.00000 0.02153 0.01745
46.00000 306.00000 0.99977 0.99869 1.00000 0.00000 0.13604 0.32571 0.26216 0.00000 0.00125 0.01357 0.62814 0.30849 0.28205 0.48782 0.01285 0.99457 0.67887 0.34173 0.00000 0.30928 0.62791 1.00000 0.01985 0.02091
46.00000 307.00000 0.59514 0.73682 0.00000 0.23809 0.01432 0.07269 0.05993 0.29318 0.20891 0.09797 0.00226 0.05088 0.02564 0.06981 0.09712 0.00322 0.13925 0.86660 0.00000 0.06186 0.00000 0.00000 0.15002 0.15242
46.00000 308.00000 0.99998 0.99786 1.00000 0.00000 0.12805 0.31467 0.27698 0.00000 0.00125 0.01357 0.62817 0.31315 0.28205 0.52029 0.01119 0.99471 0.68307 0.33260 0.00000 0.31959 0.62791 1.00000 0.02422 0.02682
46.00000 309.00000 0.47615 0.83135 1.00000 0.62699 0.66220 0.63657 0.57778 0.50794 0.49686 0.47285 0.86475 0.65274 0.41026 0.70455 0.47155 0.99496 0.60137 0.29675 1.00000 0.67010 0.86469 1.00000 0.49781 0.48819
46.00000 310.00000 0.59508 0.73634 0.00000 0.23809 0.01781 0.04318 0.08822 0.29318 0.20891 0.09774 0.00236 0.04745 0.02564 0.07224 0.09707 0.00322 0.14425 0.87674 0.00000 0.05155 0.00000 0.00000 0.14564 0.14473
46.00000 311.00000 0.99990 0.99762 1.00000 0.00000 0.13016 0.33046 0.27691 0.00000 0.00125 0.01307 0.62823 0.31787 0.28205 0.54058 0.01249 0.99471 0.69361 0.33294 0.00000 0.32990 0.62791 1.00000 0.02355 0.02241
46.00000 312.00000 0.47614 0.83230 1.00000 0.62699 0.65816 0.66136 0.57942 0.50794 0.49749 0.47195 0.86481 0.65190 0.41026 0.71104 0.47307 0.99521 0.63138 0.29340 1.00000 0.69072 0.86469 1.00000 0.49680 0.49389
46.00000 313.00000 0.99995 1.00000 1.00000 0.00000 0.12649 0.31912 0.26655 0.00000 0.00125 0.01438 0.62827 0.32157 0.28205 0.53328 0.01381 0.99471 0.68529 0.33730 0.00000 0.31959 0.62791 1.00000 0.01816 0.02513
46.00000 314.00000 0.47614 0.83183 1.00000 0.62699 0.66367 0.67618 0.59676 0.50794 0.49749 0.47524 0.86498 0.65688 0.41026 0.70211 0.47341 0.99529 0.62875 0.28648 1.00000 0.68041 0.86469 1.00000 0.49815 0.50198
46.00000 315.00000 1.00000 0.99762 1.00000 0.00000 0.13622 0.33154 0.28786 0.00000 0.00125 0.01369 0.62838 0.32034 0.28205 0.53409 0.01381 0.99482 0.69926 0.32056 0.00000 0.32990 0.62791 1.00000 0.01547 0.02353
46.00000 316.00000 0.00007 0.00000 1.00000 1.00000 0.98706 0.96711 0.94975 1.00000 0.99749 0.99075 0.99949 0.93397 0.97436 0.97159 0.99281 0.99441 0.83803 0.02287 1.00000 0.95876 1.00000 1.00000 0.99428 0.99267
46.00000 317.00000 0.59526 0.73634 0.00000 0.23809 0.01560 0.08176 0.07554 0.29318 0.20891 0.09767 0.00228 0.05224 0.02564 0.08523 0.09825 0.00331 0.14346 0.85875 0.00000 0.07216 0.00000 0.00000 0.14665 0.14989
46.00000 318.00000 0.00005 0.00000 1.00000 1.00000 0.98697 0.95580 0.98295 1.00000 0.99812 0.99259 0.99962 0.93476 1.00000 0.99351 0.99467 0.99449 0.82850 0.00322 1.00000 0.96907 1.00000 1.00000 0.98856 0.98948
46.00000 319.00000 0.83333 0.99762 1.00000 0.06027 0.18882 0.36810 0.28233 0.14659 0.14366 0.14821 0.65201 0.35005 0.30769 0.50893 0.14541 0.99545 0.65444 0.31658 0.00000 0.36082 0.65116 1.00000 0.16246 0.16744
46.00000 320.00000 0.99994 0.99762 1.00000 0.00000 0.13393 0.33016 0.27688 0.00000 0.00125 0.01383 0.62833 0.32435 0.30769 0.52354 0.01342 0.99476 0.70484 0.32512 0.00000 0.31959 0.62791 1.00000 0.02355 0.02229
46.00000 321.00000 0.99998 0.99834 1.00000 0.00000 0.13035 0.34345 0.27892 0.00000 0.00125 0.01477 0.62842 0.32655 0.30769 0.53571 0.01513 0.99490 0.71515 0.30309 0.00000 0.34021 0.62791 1.00000 0.02523 0.02599
