242.00000 1.00000 0.23813 0.29774 1.00000 0.59794 0.63301 0.68539 0.65935 0.61718 0.61606 0.59548 0.85268 0.65749 0.84615 0.74188 0.59587 0.99308 0.69894 0.15671 1.00000 0.68041 0.85412 1.00000 0.62597 0.61843
242.00000 2.00000 0.99997 0.99976 1.00000 0.00000 0.12576 0.27043 0.23154 0.00000 0.00251 0.00893 0.62734 0.27430 0.23077 0.48052 0.00486 0.99352 0.60161 0.39767 0.00000 0.29897 0.62791 1.00000 0.01043 0.02289
242.00000 3.00000 0.83326 0.99976 1.00000 0.06027 0.18230 0.30216 0.23492 0.14659 0.14617 0.13457 0.65055 0.30053 0.23077 0.45373 0.13405 0.99355 0.54399 0.37636 0.00000 0.31959 0.65116 1.00000 0.16414 0.15642
242.00000 4.00000 0.47612 0.83290 1.00000 0.62699 0.65844 0.62358 0.53143 0.50794 0.50063 0.45824 0.86333 0.60822 0.38462 0.65584 0.45691 0.99328 0.52504 0.35308 0.00000 0.64948 0.86469 1.00000 0.48974 0.48576
242.00000 5.00000 0.99995 0.99964 1.00000 0.00000 0.12456 0.28191 0.23783 0.00000 0.00314 0.00672 0.62726 0.27900 0.23077 0.46916 0.00672 0.99339 0.58720 0.40877 0.00000 0.29897 0.62791 1.00000 0.01245 0.01982
242.00000 6.00000 0.99986 0.99762 1.00000 0.00000 0.12824 0.28974 0.23821 0.00000 0.00314 0.00513 0.62747 0.28500 0.23077 0.46429 0.00694 0.99352 0.58622 0.40417 0.00000 0.28866 0.62791 1.00000 0.01413 0.01728
242.00000 7.00000 0.99978 0.99846 1.00000 0.00000 0.12998 0.28836 0.24215 0.00000 0.00314 0.00633 0.62745 0.27859 0.23077 0.46997 0.00699 0.99347 0.58893 0.40832 0.00000 0.26804 0.62791 1.00000 0.01177 0.01051
242.00000 8.00000 0.47610 0.83373 1.00000 0.62699 0.66404 0.64931 0.50671 0.50794 0.50063 0.46075 0.86344 0.61298 0.38462 0.66153 0.45762 0.99333 0.52971 0.34252 0.00000 0.63918 0.86469 1.00000 0.48032 0.48359
242.00000 9.00000 0.99985 0.99822 1.00000 0.00000 0.12805 0.30665 0.23454 0.00000 0.00251 0.00587 0.62745 0.28647 0.23077 0.47727 0.00719 0.99355 0.60416 0.39725 0.00000 0.28866 0.62791 1.00000 0.02018 0.01431
242.00000 10.00000 0.00005 0.00131 1.00000 1.00000 0.97623 0.92806 0.90770 1.00000 1.00000 0.96314 0.99867 0.89473 0.94872 0.90016 0.96373 0.99311 0.72588 0.08351 1.00000 0.90722 1.00000 1.00000 0.97376 0.97525
242.00000 11.00000 0.99986 0.99869 1.00000 0.00000 0.12879 0.30773 0.23807 0.00000 0.00314 0.00575 0.62728 0.28528 0.23077 0.46591 0.00726 0.99341 0.57126 0.39051 0.00000 0.26804 0.62791 1.00000 0.02119 0.02137
242.00000 12.00000 0.99987 0.99762 1.00000 0.00000 0.12053 0.29063 0.23574 0.00000 0.00314 0.00759 0.62719 0.27807 0.23077 0.46753 0.00635 0.99333 0.58831 0.38587 0.00000 0.29897 0.62791 1.00000 0.02153 0.01791
242.00000 13.00000 0.59510 0.73634 0.00000 0.23809 0.01423 0.02922 0.03867 0.29318 0.21079 0.09044 0.00146 0.02654 0.02564 0.04545 0.08925 0.00193 0.06687 0.92690 0.00000 0.04124 0.00000 0.00000 0.14026 0.13727
242.00000 14.00000 0.99977 1.00000 1.00000 0.00000 0.12649 0.29582 0.23266 0.00000 0.00251 0.00552 0.62745 0.27270 0.23077 0.46672 0.00574 0.99341 0.59042 0.38663 0.00000 0.27835 0.62791 1.00000 0.01985 0.02182
242.00000 15.00000 0.23815 0.29691 1.00000 0.59794 0.63429 0.70378 0.65644 0.61718 0.61606 0.59472 0.85270 0.66102 0.84615 0.72727 0.59502 0.99330 0.70080 0.15765 1.00000 0.68041 0.85412 1.00000 0.61958 0.62943
242.00000 16.00000 0.47614 0.83159 1.00000 0.62699 0.65311 0.62974 0.51560 0.50794 0.50063 0.45727 0.86339 0.61401 0.38462 0.66153 0.45643 0.99333 0.53207 0.34706 0.00000 0.63918 0.86469 1.00000 0.48200 0.48440
242.00000 17.00000 0.59526 0.73634 0.00000 0.23809 0.01478 0.02978 0.03562 0.29318 0.21016 0.09196 0.00143 0.02771 0.02564 0.03734 0.08879 0.00207 0.08262 0.93648 0.00000 0.04124 0.00000 0.00000 0.13791 0.14850
242.00000 18.00000 0.83326 0.99762 1.00000 0.06027 0.17973 0.30457 0.25786 0.14659 0.14617 0.13432 0.65055 0.30513 0.23077 0.45942 0.13490 0.99347 0.54067 0.38480 0.00000 0.31959 0.65116 1.00000 0.15843 0.16033
242.00000 19.00000 0.47618 0.83314 1.00000 0.62699 0.65421 0.64796 0.53431 0.50794 0.50125 0.45732 0.86346 0.60911 0.38462 0.66883 0.45770 0.99330 0.52665 0.35425 0.00000 0.63918 0.86469 1.00000 0.48167 0.48972
242.00000 20.00000 0.23820 0.29691 1.00000 0.59794 0.63328 0.71277 0.65570 0.61718 0.61606 0.59633 0.85255 0.65807 0.84615 0.73458 0.59663 0.99328 0.69478 0.15315 1.00000 0.67010 0.85412 1.00000 0.62260 0.62526
242.00000 21.00000 0.23819 0.29762 1.00000 0.59794 0.63668 0.68612 0.68430 0.61718 0.61606 0.59265 0.85274 0.65730 0.84615 0.74026 0.59641 0.99314 0.70383 0.16823 1.00000 0.69072 0.85412 1.00000 0.62630 0.62659
242.00000 22.00000 0.99984 0.99762 1.00000 0.00000 0.12337 0.29277 0.22291 0.00000 0.00314 0.00619 0.62732 0.28585 0.23077 0.46753 0.00555 0.99363 0.57241 0.40694 0.00000 0.29897 0.62791 1.00000 0.01446 0.01257
242.00000 23.00000 0.23815 0.29834 1.00000 0.59794 0.63310 0.70615 0.64811 0.61718 0.61606 0.59571 0.85265 0.65644 0.84615 0.72971 0.59580 0.99308 0.69325 0.14530 1.00000 0.68041 0.85412 1.00000 0.62496 0.62738
242.00000 24.00000 0.00000 0.00107 1.00000 1.00000 0.97668 0.91621 0.90150 1.00000 1.00000 0.96188 0.99863 0.88749 0.94872 0.90909 0.96456 0.99314 0.71544 0.08386 1.00000 0.93814 1.00000 1.00000 0.96838 0.97343
242.00000 25.00000 0.99983 0.99857 1.00000 0.00000 0.12759 0.29844 0.24078 0.00000 0.00251 0.00640 0.62741 0.28166 0.23077 0.46916 0.00533 0.99339 0.57650 0.39307 0.00000 0.28866 0.62791 1.00000 0.01985 0.01977
242.00000 26.00000 0.99989 0.99857 1.00000 0.00000 0.12163 0.30629 0.22875 0.00000 0.00251 0.00527 0.62730 0.28119 0.23077 0.46834 0.00714 0.99339 0.58665 0.40535 0.00000 0.29897 0.62791 1.00000 0.01783 0.01127
242.00000 27.00000 0.99986 0.99905 1.00000 0.00000 0.12282 0.27759 0.22481 0.00000 0.00251 0.00584 0.62730 0.28102 0.23077 0.47484 0.00606 0.99375 0.59117 0.39141 0.00000 0.28866 0.62791 1.00000 0.01615 0.01921
242.00000 28.00000 0.47608 0.83290 1.00000 0.62699 0.65577 0.63727 0.52129 0.50794 0.50063 0.45824 0.86344 0.61113 0.38462 0.65422 0.45728 0.99336 0.52752 0.35927 0.00000 0.64948 0.86469 1.00000 0.48133 0.48508
242.00000 29.00000 0.83321 0.99917 1.00000 0.06027 0.18781 0.32379 0.25366 0.14659 0.14617 0.13641 0.65057 0.30925 0.23077 0.46591 0.13564 0.99363 0.53651 0.38331 0.00000 0.30928 0.65116 1.00000 0.16044 0.16049
242.00000 30.00000 0.59525 0.73634 0.00000 0.23809 0.01331 0.01231 0.04876 0.29318 0.21079 0.09166 0.00139 0.02254 0.02564 0.02435 0.08930 0.00218 0.07272 0.93427 0.00000 0.05155 0.00000 0.00000 0.14194 0.14312
242.00000 31.00000 0.99996 0.99952 1.00000 0.00000 0.12649 0.28356 0.22219 0.00000 0.00314 0.00683 0.62745 0.29186 0.23077 0.46753 0.00594 0.99352 0.60391 0.41548 0.00000 0.28866 0.62791 1.00000 0.01245 0.01637
242.00000 32.00000 0.99981 0.99822 1.00000 0.00000 0.12787 0.30513 0.22728 0.00000 0.00314 0.00598 0.62734 0.28374 0.23077 0.47321 0.00631 0.99344 0.58862 0.39725 0.00000 0.27835 0.62791 1.00000 0.01648 0.01095
242.00000 33.00000 0.23809 0.29691 1.00000 0.59794 0.63108 0.67983 0.66874 0.61718 0.61606 0.59564 0.85268 0.65791 0.84615 0.74594 0.59590 0.99330 0.67930 0.15661 1.00000 0.69072 0.85412 1.00000 0.61991 0.62424
242.00000 34.00000 0.23821 0.29881 1.00000 0.59794 0.63613 0.68698 0.64955 0.61718 0.61606 0.59610 0.85280 0.65462 0.84615 0.73945 0.59490 0.99322 0.70195 0.15211 1.00000 0.68041 0.85412 1.00000 0.62799 0.62061
242.00000 35.00000 0.83324 0.99881 1.00000 0.06027 0.18019 0.31099 0.22945 0.14659 0.14617 0.13595 0.65055 0.30092 0.23077 0.46266 0.13498 0.99347 0.54873 0.37639 0.00000 0.30928 0.65116 1.00000 0.16280 0.15900
242.00000 36.00000 0.23813 0.29691 1.00000 0.59794 0.62906 0.68798 0.66627 0.61718 0.61606 0.59682 0.85268 0.65095 0.84615 0.73133 0.59480 0.99325 0.70104 0.14886 1.00000 0.68041 0.85412 1.00000 0.62092 0.62689
242.00000 37.00000 0.47609 0.83135 1.00000 0.62699 0.65339 0.64488 0.52586 0.50794 0.50063 0.45771 0.86350 0.61419 0.38462 0.65503 0.45643 0.99333 0.52894 0.36200 0.00000 0.63918 0.86469 1.00000 0.48503 0.48872
242.00000 38.00000 0.83319 0.99869 1.00000 0.06027 0.18643 0.31283 0.21936 0.14659 0.14617 0.13420 0.65064 0.30716 0.23077 0.45211 0.13473 0.99361 0.53115 0.38092 0.00000 0.32990 0.65116 1.00000 0.15943 0.16113
242.00000 39.00000 0.99983 0.99762 1.00000 0.00000 0.13026 0.30014 0.22611 0.00000 0.00251 0.00566 0.62724 0.28307 0.23077 0.48052 0.00516 0.99347 0.58321 0.39919 0.00000 0.27835 0.62791 1.00000 0.01715 0.01777
242.00000 40.00000 0.00007 0.00000 1.00000 1.00000 0.97834 0.92018 0.89915 1.00000 0.99937 0.96280 0.99865 0.87942 0.94872 0.90341 0.96288 0.99317 0.72496 0.07514 1.00000 0.93814 1.00000 1.00000 0.96401 0.97656
242.00000 41.00000 0.99989 0.99762 1.00000 0.00000 0.12686 0.28456 0.23994 0.00000 0.00251 0.00748 0.62730 0.28127 0.23077 0.47159 0.00523 0.99344 0.58379 0.39469 0.00000 0.27835 0.62791 1.00000 0.01245 0.02123
242.00000 42.00000 0.99980 0.99822 1.00000 0.00000 0.12980 0.29206 0.22181 0.00000 0.00314 0.00844 0.62734 0.28577 0.23077 0.45455 0.00450 0.99369 0.58626 0.39082 0.00000 0.27835 0.62791 1.00000 0.01211 0.01709
242.00000 43.00000 0.23823 0.29798 1.00000 0.59794 0.63512 0.69173 0.66523 0.61718 0.61606 0.59647 0.85272 0.65780 0.84615 0.75081 0.59487 0.99328 0.69531 0.14980 1.00000 0.69072 0.85412 1.00000 0.62529 0.62884
242.00000 44.00000 0.83336 0.99857 1.00000 0.06027 0.18919 0.31429 0.22796 0.14659 0.14617 0.13551 0.65062 0.30501 0.23077 0.46104 0.13481 0.99341 0.53825 0.37490 0.00000 0.32990 0.65116 1.00000 0.16145 0.15331
242.00000 45.00000 0.59514 0.73634 0.00000 0.23809 0.01294 0.06122 0.05474 0.29318 0.21079 0.09095 0.00150 0.01457 0.02564 0.05763 0.08903 0.00215 0.09181 0.92272 0.00000 0.04124 0.00000 0.00000 0.13959 0.13764
242.00000 46.00000 0.00007 0.00226 1.00000 1.00000 0.97659 0.93225 0.89982 1.00000 1.00000 0.96151 0.99865 0.88468 0.94872 0.89935 0.96354 0.99317 0.72693 0.06826 1.00000 0.92784 1.00000 1.00000 0.97040 0.97361
242.00000 47.00000 0.00002 0.00000 1.00000 1.00000 0.97567 0.92860 0.90299 1.00000 1.00000 0.96289 0.99865 0.89286 0.94872 0.91153 0.96256 0.99322 0.69851 0.07566 1.00000 0.91753 1.00000 1.00000 0.97275 0.97111
242.00000 48.00000 0.99986 0.99762 1.00000 0.00000 0.12778 0.27783 0.25027 0.00000 0.00251 0.00612 0.62722 0.27864 0.23077 0.46834 0.00638 0.99336 0.58905 0.41113 0.00000 0.29897 0.62791 1.00000 0.02422 0.00924
242.00000 49.00000 0.59513 0.73646 0.00000 0.23809 0.00422 0.04696 0.03720 0.29318 0.21079 0.09129 0.00160 0.02184 0.02564 0.02760 0.08918 0.00198 0.08250 0.92562 0.00000 0.05155 0.00000 0.00000 0.14968 0.14272
242.00000 50.00000 0.00004 0.00000 1.00000 1.00000 0.97632 0.92207 0.88940 1.00000 1.00000 0.96126 0.99867 0.88449 0.94872 0.89286 0.96278 0.99325 0.72549 0.08410 1.00000 0.91753 1.00000 1.00000 0.97175 0.97655
242.00000 51.00000 0.23801 0.29691 1.00000 0.59794 0.63429 0.66398 0.65709 0.61718 0.61606 0.59622 0.85257 0.65750 0.84615 0.74838 0.59534 0.99322 0.69736 0.16024 1.00000 0.69072 0.85412 1.00000 0.62059 0.61992
242.00000 52.00000 0.99991 0.99762 1.00000 0.00000 0.12787 0.26871 0.23269 0.00000 0.00251 0.00580 0.62738 0.28168 0.23077 0.47321 0.00611 0.99355 0.59333 0.39846 0.00000 0.29897 0.62791 1.00000 0.01379 0.01448
242.00000 53.00000 0.99985 0.99762 1.00000 0.00000 0.12925 0.29142 0.23509 0.00000 0.00251 0.00435 0.62734 0.27610 0.23077 0.48864 0.00516 0.99355 0.59379 0.40310 0.00000 0.28866 0.62791 1.00000 0.01446 0.02189
242.00000 54.00000 1.00000 0.99762 1.00000 0.00000 0.13053 0.28331 0.22116 0.00000 0.00251 0.00690 0.62728 0.27949 0.23077 0.46510 0.00574 0.99330 0.58473 0.39743 0.00000 0.28866 0.62791 1.00000 0.01951 0.01793
242.00000 55.00000 0.99978 0.99774 1.00000 0.00000 0.12025 0.30019 0.23569 0.00000 0.00251 0.00814 0.62747 0.28771 0.23077 0.48052 0.00591 0.99358 0.59076 0.40213 0.00000 0.27835 0.62791 1.00000 0.01345 0.01627
242.00000 56.00000 0.83332 0.99762 1.00000 0.06027 0.17597 0.33122 0.22916 0.14659 0.14617 0.13565 0.65055 0.30221 0.23077 0.46510 0.13444 0.99358 0.54818 0.39860 0.00000 0.31959 0.65116 1.00000 0.15742 0.16162
242.00000 57.00000 0.59511 0.73789 0.00000 0.23809 0.01184 0.05946 0.04710 0.29318 0.21016 0.09116 0.00139 0.02785 0.02564 0.04383 0.08920 0.00215 0.07541 0.94444 0.00000 0.04124 0.00000 0.00000 0.13892 0.13818
242.00000 58.00000 0.23822 0.29691 1.00000 0.59794 0.63044 0.68733 0.67013 0.61718 0.61606 0.59562 0.85272 0.65782 0.84615 0.73782 0.59517 0.99328 0.70089 0.15211 1.00000 0.68041 0.85412 1.00000 0.61756 0.62820
242.00000 59.00000 0.47607 0.83159 1.00000 0.62699 0.65541 0.64240 0.52187 0.50794 0.50063 0.45755 0.86346 0.61230 0.38462 0.65341 0.45792 0.99339 0.54156 0.35432 0.00000 0.64948 0.86469 1.00000 0.47864 0.48157
242.00000 60.00000 0.00005 0.00083 1.00000 1.00000 0.97668 0.92947 0.91339 1.00000 1.00000 0.96114 0.99869 0.88961 0.94872 0.91883 0.96246 0.99308 0.72239 0.08822 1.00000 0.90722 1.00000 1.00000 0.97275 0.97702
242.00000 61.00000 0.47613 0.83183 1.00000 0.62699 0.66137 0.64910 0.52269 0.50794 0.50063 0.45675 0.86337 0.61288 0.38462 0.67045 0.45774 0.99339 0.52274 0.34294 0.00000 0.63918 0.86469 1.00000 0.47730 0.48571
242.00000 62.00000 0.00001 0.00000 1.00000 1.00000 0.97577 0.90292 0.89341 1.00000 1.00000 0.96270 0.99876 0.88822 0.94872 0.91315 0.96381 0.99314 0.70801 0.07393 1.00000 0.92784 1.00000 1.00000 0.96704 0.96963
242.00000 63.00000 0.23808 0.29691 1.00000 0.59794 0.63108 0.69373 0.65089 0.61718 0.61606 0.59452 0.85274 0.65933 0.84615 0.74838 0.59499 0.99317 0.69695 0.15986 1.00000 0.68041 0.85412 1.00000 0.62597 0.62567
242.00000 64.00000 0.59517 0.73705 0.00000 0.23809 0.01267 0.04407 0.05282 0.29318 0.21016 0.09090 0.00148 0.02655 0.02564 0.03571 0.08859 0.00215 0.07815 0.93662 0.00000 0.05155 0.00000 0.00000 0.14497 0.14499
242.00000 65.00000 0.83325 0.99762 1.00000 0.06027 0.18680 0.32998 0.24818 0.14659 0.14617 0.13427 0.65055 0.30839 0.23077 0.46104 0.13478 0.99355 0.54060 0.38912 0.00000 0.31959 0.65116 1.00000 0.16347 0.16228
242.00000 66.00000 0.00000 0.00131 1.00000 1.00000 0.98522 0.93055 0.90486 1.00000 1.00000 0.96190 0.99869 0.89110 0.94872 0.89692 0.96290 0.99322 0.71549 0.08285 1.00000 0.92784 1.00000 1.00000 0.96771 0.97230
242.00000 67.00000 0.83335 0.99762 1.00000 0.06027 0.18157 0.31631 0.23370 0.14659 0.14617 0.13515 0.65055 0.30216 0.23077 0.46347 0.13405 0.99336 0.54108 0.38653 0.00000 0.31959 0.65116 1.00000 0.15943 0.16500
242.00000 68.00000 0.00002 0.00000 1.00000 1.00000 0.98238 0.92707 0.89807 1.00000 1.00000 0.96107 0.99871 0.89394 0.94872 0.91396 0.96231 0.99322 0.71534 0.08676 1.00000 0.92784 1.00000 1.00000 0.96805 0.97280
242.00000 69.00000 0.59512 0.73741 0.00000 0.23809 0.01331 0.04906 0.04162 0.29318 0.21079 0.09148 0.00146 0.02387 0.02564 0.04789 0.08969 0.00215 0.08140 0.92666 0.00000 0.04124 0.00000 0.00000 0.14026 0.14389
242.00000 70.00000 0.83330 0.99952 1.00000 0.06027 0.17762 0.33143 0.23552 0.14659 0.14617 0.13356 0.65053 0.29615 0.23077 0.45779 0.13339 0.99347 0.54048 0.38677 0.00000 0.30928 0.65116 1.00000 0.15506 0.16232
242.00000 71.00000 0.00002 0.00024 1.00000 1.00000 0.98421 0.94405 0.89259 1.00000 1.00000 0.96275 0.99867 0.88819 0.94872 0.91964 0.96251 0.99311 0.70847 0.07493 1.00000 0.91753 1.00000 1.00000 0.96401 0.97147
242.00000 72.00000 0.59510 0.73741 0.00000 0.23809 0.00881 0.03419 0.03920 0.29318 0.21079 0.08982 0.00152 0.02871 0.02564 0.05601 0.08739 0.00209 0.08640 0.94236 0.00000 0.05155 0.00000 0.00000 0.13925 0.14196
242.00000 73.00000 0.83327 0.99798 1.00000 0.06027 0.18698 0.31045 0.23675 0.14659 0.14617 0.13406 0.65055 0.30802 0.23077 0.45211 0.13378 0.99344 0.54123 0.38971 0.00000 0.31959 0.65116 1.00000 0.16011 0.15894
242.00000 74.00000 0.00005 0.00000 1.00000 1.00000 0.97641 0.91815 0.90450 1.00000 1.00000 0.96183 0.99876 0.88181 0.94872 0.90422 0.96275 0.99319 0.70969 0.07694 1.00000 0.92784 1.00000 1.00000 0.96872 0.96751
242.00000 75.00000 0.59518 0.73634 0.00000 0.23809 0.00982 0.04077 0.03730 0.29318 0.21016 0.08975 0.00141 0.01715 0.02564 0.03409 0.08879 0.00204 0.07324 0.93136 0.00000 0.04124 0.00000 0.00000 0.14094 0.13877
242.00000 76.00000 0.99987 0.99929 1.00000 0.00000 0.12346 0.28331 0.23891 0.00000 0.00251 0.00566 0.62741 0.28692 0.23077 0.48052 0.00694 0.99350 0.58922 0.39594 0.00000 0.28866 0.62791 1.00000 0.01715 0.01209
242.00000 77.00000 0.00002 0.00024 1.00000 1.00000 0.98082 0.92547 0.88635 1.00000 1.00000 0.96123 0.99871 0.88810 0.94872 0.91802 0.96261 0.99319 0.72075 0.08517 1.00000 0.91753 1.00000 1.00000 0.96535 0.97538
242.00000 78.00000 1.00000 0.99846 1.00000 0.00000 0.12374 0.31464 0.22383 0.00000 0.00314 0.00725 0.62730 0.27897 0.23077 0.47727 0.00552 0.99361 0.59615 0.39494 0.00000 0.29897 0.62791 1.00000 0.01446 0.01639
242.00000 79.00000 0.99992 0.99762 1.00000 0.00000 0.12814 0.28429 0.21739 0.00000 0.00314 0.00709 0.62728 0.27712 0.23077 0.47646 0.00589 0.99336 0.59615 0.41254 0.00000 0.27835 0.62791 1.00000 0.01345 0.01390
242.00000 80.00000 0.83314 0.99762 1.00000 0.06027 0.17964 0.33872 0.24506 0.14659 0.14617 0.13595 0.65055 0.30473 0.23077 0.45617 0.13569 0.99344 0.54654 0.38701 0.00000 0.31959 0.65116 1.00000 0.15742 0.16022
242.00000 81.00000 0.00002 0.00000 1.00000 1.00000 0.97577 0.91605 0.90405 1.00000 1.00000 0.96185 0.99869 0.88342 0.94872 0.90990 0.96310 0.99311 0.70262 0.08026 1.00000 0.91753 1.00000 1.00000 0.96905 0.97187
242.00000 82.00000 0.99999 0.99810 1.00000 0.00000 0.12805 0.29911 0.25536 0.00000 0.00314 0.00690 0.62728 0.28094 0.23077 0.48377 0.00736 0.99344 0.59006 0.39995 0.00000 0.29897 0.62791 1.00000 0.01816 0.01809
242.00000 83.00000 0.83333 0.99905 1.00000 0.06027 0.18432 0.32603 0.23161 0.14659 0.14617 0.13337 0.65072 0.30195 0.23077 0.45942 0.13371 0.99363 0.54118 0.38300 0.00000 0.32990 0.65116 1.00000 0.15910 0.16304
242.00000 84.00000 0.00005 0.00059 1.00000 1.00000 0.98467 0.93360 0.89900 1.00000 1.00000 0.95985 0.99865 0.88572 0.94872 0.92208 0.96187 0.99319 0.72958 0.07739 1.00000 0.91753 1.00000 1.00000 0.96401 0.97234
242.00000 85.00000 0.47623 0.83159 1.00000 0.62699 0.65963 0.62101 0.52751 0.50794 0.50063 0.45895 0.86356 0.61643 0.38462 0.65828 0.45743 0.99336 0.52425 0.34965 0.00000 0.62887 0.86469 1.00000 0.48167 0.48832
242.00000 86.00000 0.47611 0.83183 1.00000 0.62699 0.65605 0.62841 0.51202 0.50794 0.50063 0.45583 0.86348 0.61594 0.38462 0.65909 0.45662 0.99336 0.53418 0.35273 0.00000 0.62887 0.86469 1.00000 0.48705 0.48036
242.00000 87.00000 0.99981 0.99810 1.00000 0.00000 0.12300 0.28963 0.25164 0.00000 0.00251 0.00688 0.62736 0.27895 0.23077 0.48377 0.00731 0.99350 0.57383 0.41189 0.00000 0.28866 0.62791 1.00000 0.01615 0.01676
242.00000 88.00000 0.47622 0.83278 1.00000 0.62699 0.65688 0.62450 0.52953 0.50794 0.50125 0.45672 0.86358 0.61455 0.38462 0.65909 0.45765 0.99328 0.52988 0.35965 0.00000 0.62887 0.86469 1.00000 0.48638 0.48799
242.00000 89.00000 0.23821 0.29881 1.00000 0.59794 0.63769 0.68647 0.65973 0.61718 0.61606 0.59592 0.85278 0.66186 0.84615 0.74594 0.59570 0.99336 0.69616 0.16689 1.00000 0.70103 0.85412 1.00000 0.61419 0.62522
242.00000 90.00000 0.59513 0.73694 0.00000 0.23809 0.01175 0.05422 0.03980 0.29318 0.21079 0.09166 0.00143 0.02455 0.02564 0.04789 0.08781 0.00212 0.08784 0.94593 0.00000 0.05155 0.00000 0.00000 0.14497 0.13940
242.00000 91.00000 0.23807 0.29691 1.00000 0.59794 0.63641 0.68647 0.66891 0.61718 0.61606 0.59548 0.85270 0.65820 0.84615 0.75812 0.59509 0.99330 0.69394 0.15706 1.00000 0.68041 0.85412 1.00000 0.62698 0.62353
242.00000 92.00000 0.47605 0.83135 1.00000 0.62699 0.65743 0.64445 0.51546 0.50794 0.50063 0.45721 0.86354 0.61703 0.38462 0.65828 0.45738 0.99330 0.52711 0.35903 0.00000 0.65979 0.86469 1.00000 0.48335 0.48630
242.00000 93.00000 0.23804 0.29727 1.00000 0.59794 0.63943 0.69203 0.68284 0.61718 0.61606 0.59392 0.85280 0.65586 0.84615 0.73458 0.59639 0.99328 0.69190 0.14980 1.00000 0.69072 0.85412 1.00000 0.62462 0.62960
242.00000 94.00000 0.83324 0.99762 1.00000 0.06027 0.18230 0.32390 0.22680 0.14659 0.14617 0.13538 0.65060 0.30424 0.23077 0.46023 0.13481 0.99347 0.53788 0.39518 0.00000 0.31959 0.65116 1.00000 0.16213 0.16767
242.00000 95.00000 0.99993 0.99762 1.00000 0.00000 0.12723 0.31129 0.22339 0.00000 0.00314 0.00582 0.62728 0.28880 0.23077 0.47890 0.00616 0.99339 0.59115 0.41317 0.00000 0.27835 0.62791 1.00000 0.01715 0.01608
242.00000 96.00000 0.00006 0.00000 1.00000 1.00000 0.98265 0.92045 0.92007 1.00000 1.00000 0.96298 0.99878 0.88520 0.94872 0.90260 0.96434 0.99311 0.71342 0.07846 1.00000 0.91753 1.00000 1.00000 0.97275 0.97099
242.00000 97.00000 0.59518 0.73741 0.00000 0.23809 0.00771 0.05301 0.05159 0.29318 0.21016 0.09072 0.00148 0.02480 0.02564 0.03571 0.08969 0.00212 0.08719 0.92465 0.00000 0.05155 0.00000 0.00000 0.14060 0.14082
242.00000 98.00000 0.00007 0.00190 1.00000 1.00000 0.97769 0.92669 0.89742 1.00000 1.00000 0.96330 0.99871 0.88459 0.94872 0.91883 0.96236 0.99322 0.71212 0.08292 1.00000 0.93814 1.00000 1.00000 0.96300 0.96922
242.00000 99.00000 0.23822 0.29774 1.00000 0.59794 0.63457 0.67837 0.68325 0.61718 0.61606 0.59405 0.85278 0.66359 0.84615 0.74351 0.59602 0.99344 0.69349 0.16149 1.00000 0.68041 0.85412 1.00000 0.60915 0.62235
242.00000 100.00000 0.99988 0.99762 1.00000 0.00000 0.12860 0.30133 0.23245 0.00000 0.00314 0.00621 0.62732 0.28253 0.23077 0.48377 0.00638 0.99341 0.57215 0.39777 0.00000 0.29897 0.62791 1.00000 0.01581 0.01754
242.00000 101.00000 0.83321 0.99834 1.00000 0.06027 0.18460 0.30994 0.23560 0.14659 0.14617 0.13476 0.65064 0.30388 0.23077 0.46591 0.13398 0.99358 0.56102 0.38252 0.00000 0.32990 0.65116 1.00000 0.16482 0.15749
242.00000 102.00000 0.99985 0.99762 1.00000 0.00000 0.12970 0.29927 0.23144 0.00000 0.00251 0.00794 0.62730 0.27416 0.23077 0.47484 0.00726 0.99325 0.57886 0.41078 0.00000 0.29897 0.62791 1.00000 0.01043 0.01201
242.00000 103.00000 0.23808 0.29691 1.00000 0.59794 0.62750 0.68652 0.68846 0.61718 0.61606 0.59447 0.85278 0.65236 0.84615 0.74513 0.59541 0.99347 0.68543 0.14755 1.00000 0.68041 0.85412 1.00000 0.61857 0.62210
242.00000 104.00000 0.00005 0.00024 1.00000 1.00000 0.98843 0.93028 0.93292 1.00000 1.00000 0.96174 0.99890 0.88958 0.94872 0.91153 0.96117 0.99328 0.71388 0.08573 1.00000 0.90722 1.00000 1.00000 0.96805 0.96619
242.00000 105.00000 0.99987 0.99762 1.00000 0.00000 0.12824 0.28961 0.23526 0.00000 0.00251 0.00577 0.62724 0.27765 0.23077 0.47159 0.00503 0.99319 0.59189 0.39743 0.00000 0.29897 0.62791 1.00000 0.01480 0.01304
242.00000 106.00000 0.99978 0.99762 1.00000 0.00000 0.13062 0.29104 0.22123 0.00000 0.00314 0.00525 0.62726 0.28340 0.23077 0.47159 0.00616 0.99330 0.57852 0.39521 0.00000 0.28866 0.62791 1.00000 0.01446 0.01524
242.00000 107.00000 0.59520 0.73705 0.00000 0.23809 0.00872 0.05384 0.07290 0.29318 0.21079 0.08955 0.00139 0.02376 0.02564 0.03896 0.08911 0.00198 0.07115 0.92842 0.00000 0.04124 0.00000 0.00000 0.14127 0.14824
242.00000 108.00000 0.83328 0.99762 1.00000 0.06027 0.18744 0.32836 0.26761 0.14659 0.14617 0.13579 0.65049 0.30666 0.23077 0.45617 0.13354 0.99347 0.54560 0.38795 0.00000 0.32990 0.65116 1.00000 0.15775 0.15555
242.00000 109.00000 0.59522 0.73634 0.00000 0.23809 0.00845 0.05236 0.07333 0.29318 0.21079 0.09074 0.00150 0.02683 0.02564 0.04058 0.08886 0.00218 0.08358 0.92822 0.00000 0.04124 0.00000 0.00000 0.14228 0.13887
242.00000 110.00000 0.00007 0.00226 1.00000 1.00000 0.98228 0.94194 0.90525 1.00000 1.00000 0.96234 0.99886 0.88118 0.94872 0.91964 0.96214 0.99322 0.71532 0.08068 1.00000 0.92784 1.00000 1.00000 0.96670 0.97183
242.00000 111.00000 0.23808 0.29917 1.00000 0.59794 0.63319 0.69808 0.68101 0.61718 0.61606 0.59461 0.85287 0.66404 0.84615 0.76948 0.59551 0.99325 0.70051 0.16256 1.00000 0.69072 0.85412 1.00000 0.61689 0.62765
242.00000 112.00000 0.00004 0.00226 1.00000 1.00000 0.97944 0.92939 0.90991 1.00000 1.00000 0.96061 0.99876 0.88367 0.94872 0.93344 0.96393 0.99336 0.71602 0.08984 1.00000 0.92784 1.00000 1.00000 0.96973 0.97451
242.00000 113.00000 0.99983 0.99762 1.00000 0.00000 0.12640 0.30538 0.25186 0.00000 0.00314 0.00481 0.62732 0.27607 0.23077 0.47159 0.00606 0.99344 0.58393 0.41569 0.00000 0.29897 0.62791 1.00000 0.00774 0.01247
242.00000 114.00000 0.83324 0.99774 1.00000 0.06027 0.18423 0.33046 0.24150 0.14659 0.14617 0.13478 0.65043 0.30783 0.23077 0.47971 0.13434 0.99347 0.53909 0.40006 0.00000 0.34021 0.65116 1.00000 0.15203 0.15489
242.00000 115.00000 0.99986 0.99929 1.00000 0.00000 0.13319 0.29757 0.24599 0.00000 0.00251 0.00676 0.62726 0.27425 0.23077 0.48295 0.00587 0.99339 0.57857 0.39594 0.00000 0.29897 0.62791 1.00000 0.01278 0.01720
242.00000 116.00000 0.00005 0.00048 1.00000 1.00000 0.98201 0.91035 0.90080 1.00000 1.00000 0.96031 0.99884 0.88722 0.94872 0.91883 0.96192 0.99344 0.71467 0.07099 1.00000 0.92784 1.00000 1.00000 0.96098 0.96415
242.00000 117.00000 0.83320 0.99762 1.00000 0.06027 0.18157 0.33602 0.22875 0.14659 0.14617 0.13545 0.65047 0.30652 0.23077 0.47321 0.13434 0.99339 0.54354 0.38584 0.00000 0.30928 0.65116 1.00000 0.15002 0.16232
242.00000 118.00000 0.83321 0.99762 1.00000 0.06027 0.18175 0.32277 0.25447 0.14659 0.14617 0.13607 0.65072 0.30624 0.23077 0.47159 0.13363 0.99350 0.55212 0.38428 0.00000 0.31959 0.65116 1.00000 0.15304 0.16233
242.00000 119.00000 0.59517 0.73670 0.00000 0.23809 0.01404 0.04809 0.05154 0.29318 0.21079 0.09221 0.00146 0.02056 0.02564 0.04708 0.08989 0.00212 0.07002 0.93558 0.00000 0.04124 0.00000 0.00000 0.13690 0.14618
242.00000 120.00000 0.83319 0.99822 1.00000 0.06027 0.18322 0.31674 0.24751 0.14659 0.14617 0.13526 0.65060 0.30295 0.23077 0.46266 0.13446 0.99363 0.54332 0.38642 0.00000 0.32990 0.65116 1.00000 0.16011 0.15906
242.00000 121.00000 0.59527 0.73670 0.00000 0.23809 0.01193 0.03367 0.04037 0.29318 0.21079 0.09001 0.00150 0.02586 0.02564 0.05276 0.08886 0.00198 0.08416 0.93517 0.00000 0.06186 0.00000 0.00000 0.14665 0.13681
242.00000 122.00000 0.59511 0.73789 0.00000 0.23809 0.01616 0.05133 0.05075 0.29318 0.21016 0.09003 0.00150 0.02462 0.02564 0.04302 0.08867 0.00190 0.08863 0.94454 0.00000 0.04124 0.00000 0.00000 0.14295 0.14239
242.00000 123.00000 0.47608 0.83135 1.00000 0.62699 0.66165 0.66122 0.53546 0.50794 0.50063 0.45670 0.86352 0.60851 0.38462 0.67045 0.45774 0.99350 0.52427 0.37231 0.00000 0.67010 0.86469 1.00000 0.48268 0.48092
242.00000 124.00000 0.99976 0.99762 1.00000 0.00000 0.12695 0.28391 0.25877 0.00000 0.00314 0.00485 0.62730 0.27961 0.23077 0.48377 0.00616 0.99330 0.58833 0.40012 0.00000 0.28866 0.62791 1.00000 0.01816 0.01390
242.00000 125.00000 1.00000 0.99905 1.00000 0.00000 0.13191 0.30184 0.24213 0.00000 0.00251 0.00559 0.62730 0.27950 0.23077 0.47971 0.00618 0.99319 0.57475 0.40777 0.00000 0.28866 0.62791 1.00000 0.01312 0.01517
242.00000 126.00000 0.47619 0.83159 1.00000 0.62699 0.65844 0.63757 0.53128 0.50794 0.50125 0.45776 0.86361 0.61274 0.38462 0.68994 0.45745 0.99341 0.53351 0.35667 0.00000 0.64948 0.86469 1.00000 0.48503 0.48607
242.00000 127.00000 1.00000 0.99905 1.00000 0.00000 0.12713 0.30049 0.22916 0.00000 0.00314 0.00647 0.62730 0.27919 0.23077 0.47240 0.00555 0.99333 0.58201 0.40556 0.00000 0.28866 0.62791 1.00000 0.01581 0.01496
242.00000 128.00000 0.59522 0.73741 0.00000 0.23809 0.01643 0.03332 0.04338 0.29318 0.21079 0.09072 0.00141 0.02214 0.02564 0.05438 0.09001 0.00209 0.06629 0.94392 0.00000 0.05155 0.00000 0.00000 0.14094 0.14135
242.00000 129.00000 0.83329 0.99762 1.00000 0.06027 0.18359 0.31286 0.25896 0.14659 0.14617 0.13692 0.65043 0.30602 0.23077 0.47808 0.13407 0.99347 0.54188 0.38303 0.00000 0.31959 0.65116 1.00000 0.15607 0.16136
242.00000 130.00000 0.99980 0.99905 1.00000 0.00000 0.12943 0.30964 0.24383 0.00000 0.00251 0.00633 0.62724 0.28666 0.23077 0.47484 0.00501 0.99341 0.59235 0.41479 0.00000 0.27835 0.62791 1.00000 0.01211 0.01867
242.00000 131.00000 0.47612 0.83135 1.00000 0.62699 0.66055 0.65107 0.55715 0.50794 0.50125 0.45739 0.86354 0.61401 0.38462 0.67208 0.45567 0.99339 0.52853 0.35709 0.00000 0.65979 0.86469 1.00000 0.48369 0.48382
242.00000 132.00000 0.99986 0.99762 1.00000 0.00000 0.12732 0.28369 0.23310 0.00000 0.00251 0.00561 0.62722 0.28109 0.23077 0.48295 0.00670 0.99330 0.57222 0.39819 0.00000 0.29897 0.62791 1.00000 0.01144 0.01398
242.00000 133.00000 0.23822 0.29691 1.00000 0.59794 0.63402 0.70375 0.68822 0.61718 0.61606 0.59479 0.85289 0.65606 0.84615 0.75893 0.59404 0.99347 0.69212 0.15471 1.00000 0.68041 0.85412 1.00000 0.62227 0.62384
242.00000 134.00000 0.23806 0.29846 1.00000 0.59794 0.63650 0.71450 0.66569 0.61718 0.61606 0.59373 0.85282 0.65975 0.84615 0.74675 0.59605 0.99339 0.70399 0.15734 1.00000 0.69072 0.85412 1.00000 0.62698 0.62531
242.00000 135.00000 0.23812 0.29834 1.00000 0.59794 0.64136 0.69287 0.68147 0.61718 0.61606 0.59486 0.85289 0.66364 0.84615 0.75487 0.59492 0.99325 0.67927 0.17304 1.00000 0.70103 0.85412 1.00000 0.62059 0.62086
242.00000 136.00000 0.59524 0.73634 0.00000 0.23809 0.01221 0.03743 0.05423 0.29318 0.21079 0.08897 0.00143 0.02447 0.02564 0.06899 0.08869 0.00209 0.07974 0.95098 0.00000 0.05155 0.00000 0.00000 0.14026 0.13593
242.00000 137.00000 0.83315 0.99976 1.00000 0.06027 0.18294 0.32136 0.25423 0.14659 0.14617 0.13347 0.65060 0.30558 0.23077 0.46997 0.13478 0.99341 0.52807 0.39660 0.00000 0.32990 0.65116 1.00000 0.15742 0.16181
242.00000 138.00000 0.23823 0.29786 1.00000 0.59794 0.64026 0.69994 0.67890 0.61718 0.61606 0.59475 0.85289 0.64981 0.84615 0.76055 0.59460 0.99350 0.69527 0.14603 1.00000 0.69072 0.85412 1.00000 0.61924 0.61829
242.00000 139.00000 0.23810 0.29917 1.00000 0.59794 0.63677 0.69654 0.69744 0.61718 0.61606 0.59405 0.85287 0.66155 0.84615 0.77922 0.59441 0.99328 0.70132 0.16139 1.00000 0.70103 0.85412 1.00000 0.61857 0.62782
242.00000 140.00000 0.83322 0.99762 1.00000 0.06027 0.18588 0.34845 0.26262 0.14659 0.14617 0.13358 0.65049 0.30543 0.23077 0.48377 0.13434 0.99344 0.53346 0.39981 0.00000 0.32990 0.65116 1.00000 0.16179 0.15918
242.00000 141.00000 0.47627 0.83230 1.00000 0.62699 0.66376 0.63492 0.54356 0.50794 0.50063 0.45721 0.86352 0.61100 0.38462 0.67776 0.45745 0.99355 0.51475 0.35761 0.00000 0.64948 0.86469 1.00000 0.48537 0.49013
242.00000 142.00000 0.59528 0.73634 0.00000 0.23809 0.01267 0.05066 0.06269 0.29318 0.21016 0.08973 0.00133 0.02872 0.02564 0.05925 0.08962 0.00198 0.08238 0.94105 0.00000 0.06186 0.00000 0.00000 0.13589 0.14148
242.00000 143.00000 0.99980 0.99762 1.00000 0.00000 0.13145 0.30505 0.22606 0.00000 0.00251 0.00559 0.62726 0.27979 0.23077 0.49756 0.00552 0.99322 0.58110 0.40860 0.00000 0.29897 0.62791 1.00000 0.01278 0.01785
242.00000 144.00000 0.99995 0.99929 1.00000 0.00000 0.12796 0.28974 0.23041 0.00000 0.00314 0.00670 0.62717 0.27451 0.23077 0.48701 0.00455 0.99319 0.57595 0.41521 0.00000 0.27835 0.62791 1.00000 0.01783 0.01595
242.00000 145.00000 0.00007 0.00000 1.00000 1.00000 0.98641 0.94351 0.90395 1.00000 1.00000 0.96066 0.99882 0.88241 0.94872 0.93101 0.96156 0.99330 0.71008 0.09386 1.00000 0.93814 1.00000 1.00000 0.96233 0.97024
242.00000 146.00000 0.59531 0.73634 0.00000 0.23809 0.00679 0.05068 0.07033 0.29318 0.21016 0.08982 0.00148 0.02241 0.02564 0.05276 0.08840 0.00193 0.07577 0.94634 0.00000 0.07216 0.00000 0.00000 0.13656 0.14113
242.00000 147.00000 0.23818 0.29691 1.00000 0.59794 0.64054 0.68047 0.68294 0.61718 0.61606 0.59470 0.85303 0.65733 0.84615 0.75406 0.59453 0.99355 0.69231 0.16478 1.00000 0.68041 0.85412 1.00000 0.61991 0.62132
242.00000 148.00000 0.83330 0.99762 1.00000 0.06027 0.18322 0.30629 0.26202 0.14659 0.14617 0.13443 0.65066 0.30848 0.23077 0.47727 0.13317 0.99350 0.53195 0.40293 0.00000 0.32990 0.65116 1.00000 0.15742 0.15319
242.00000 149.00000 0.00003 0.00202 1.00000 1.00000 0.98247 0.92542 0.92350 1.00000 1.00000 0.96050 0.99878 0.88208 0.94872 0.93101 0.96227 0.99330 0.70657 0.08808 1.00000 0.95876 1.00000 1.00000 0.97141 0.96421
242.00000 150.00000 0.83317 0.99798 1.00000 0.06027 0.18854 0.31404 0.27388 0.14659 0.14617 0.13416 0.65036 0.30522 0.23077 0.48539 0.13368 0.99328 0.52769 0.39884 0.00000 0.34021 0.65116 1.00000 0.15910 0.16328
242.00000 151.00000 0.00006 0.00000 1.00000 1.00000 0.98430 0.93014 0.92477 1.00000 1.00000 0.95870 0.99890 0.88672 0.94872 0.92289 0.96087 0.99344 0.70546 0.09472 1.00000 0.94845 1.00000 1.00000 0.96905 0.97146
242.00000 152.00000 0.59515 0.73812 0.00000 0.23809 0.00734 0.07042 0.06108 0.29318 0.21079 0.09056 0.00139 0.02056 0.02564 0.06006 0.08954 0.00204 0.08147 0.94911 0.00000 0.04124 0.00000 0.00000 0.14127 0.13699
242.00000 153.00000 0.23810 0.29917 1.00000 0.59794 0.63677 0.70270 0.68183 0.61718 0.61606 0.59638 0.85289 0.65653 0.84615 0.76623 0.59453 0.99358 0.69981 0.16695 1.00000 0.69072 0.85412 1.00000 0.62227 0.62013
242.00000 154.00000 0.47616 0.83183 1.00000 0.62699 0.65825 0.65091 0.54622 0.50794 0.50125 0.45566 0.86350 0.60568 0.38462 0.69237 0.45630 0.99333 0.52425 0.35747 0.00000 0.67010 0.86469 1.00000 0.49008 0.47912
242.00000 155.00000 0.99999 0.99762 1.00000 0.00000 0.13393 0.30249 0.23699 0.00000 0.00251 0.00469 0.62705 0.27255 0.23077 0.48539 0.00525 0.99308 0.58162 0.40611 0.00000 0.29897 0.62791 1.00000 0.01514 0.01213
242.00000 156.00000 0.00006 0.00024 1.00000 1.00000 0.98247 0.94011 0.91406 1.00000 1.00000 0.96089 0.99873 0.88683 0.94872 0.93506 0.96004 0.99347 0.70844 0.09019 1.00000 0.93814 1.00000 1.00000 0.96704 0.96597
242.00000 157.00000 0.23813 0.29751 1.00000 0.59794 0.63815 0.69616 0.69072 0.61718 0.61606 0.59339 0.85295 0.66161 0.84615 0.76299 0.59453 0.99358 0.69899 0.16363 1.00000 0.71134 0.85412 1.00000 0.62429 0.61486
242.00000 158.00000 0.83315 0.99893 1.00000 0.06027 0.18818 0.33219 0.26944 0.14659 0.14617 0.13294 0.65045 0.30091 0.23077 0.48620 0.13505 0.99347 0.54438 0.40521 0.00000 0.31959 0.65116 1.00000 0.15943 0.15330
242.00000 159.00000 0.59529 0.73634 0.00000 0.23809 0.01423 0.07807 0.07203 0.29318 0.21016 0.08955 0.00146 0.02829 0.02564 0.05682 0.08823 0.00185 0.07570 0.96219 0.00000 0.05155 0.00000 0.00000 0.14026 0.13891
242.00000 160.00000 0.99979 0.99762 1.00000 0.00000 0.13062 0.29968 0.24388 0.00000 0.00314 0.00571 0.62715 0.28081 0.23077 0.48133 0.00521 0.99322 0.57602 0.40704 0.00000 0.30928 0.62791 1.00000 0.01379 0.01495
242.00000 161.00000 0.99986 0.99857 1.00000 0.00000 0.12961 0.29209 0.24945 0.00000 0.00314 0.00499 0.62698 0.27927 0.23077 0.49919 0.00574 0.99297 0.59312 0.40514 0.00000 0.29897 0.62791 1.00000 0.01581 0.01075
242.00000 162.00000 0.59524 0.73848 0.00000 0.23809 0.01083 0.03980 0.06113 0.29318 0.21079 0.09109 0.00148 0.02947 0.02564 0.04464 0.08950 0.00193 0.06981 0.95101 0.00000 0.05155 0.00000 0.00000 0.12883 0.14133
242.00000 163.00000 0.00002 0.00036 1.00000 1.00000 0.98834 0.94829 0.91738 1.00000 1.00000 0.95799 0.99886 0.89112 0.94872 0.94562 0.96117 0.99341 0.70219 0.08867 1.00000 0.94845 1.00000 1.00000 0.96737 0.97087
242.00000 164.00000 0.83316 0.99762 1.00000 0.06027 0.18689 0.33789 0.26204 0.14659 0.14617 0.13600 0.65041 0.29869 0.23077 0.49269 0.13395 0.99322 0.52711 0.39905 0.00000 0.34021 0.65116 1.00000 0.15674 0.16137
242.00000 165.00000 0.47619 0.83135 1.00000 0.62699 0.66293 0.64988 0.55516 0.50794 0.50125 0.45488 0.86371 0.61514 0.38462 0.68101 0.45657 0.99352 0.51660 0.36875 0.00000 0.63918 0.86469 1.00000 0.48066 0.48439
242.00000 166.00000 0.00006 0.00000 1.00000 1.00000 0.98807 0.94200 0.90943 1.00000 1.00000 0.96075 0.99888 0.88658 0.94872 0.93831 0.96036 0.99328 0.69541 0.09237 1.00000 0.93814 1.00000 1.00000 0.96367 0.96638
242.00000 167.00000 0.99981 0.99762 1.00000 0.00000 0.12723 0.31345 0.26679 0.00000 0.00251 0.00476 0.62707 0.28194 0.23077 0.49107 0.00631 0.99306 0.58513 0.41652 0.00000 0.30928 0.62791 1.00000 0.01917 0.01547
242.00000 168.00000 0.59516 0.73646 0.00000 0.23809 0.01230 0.06616 0.07066 0.29318 0.21079 0.09021 0.00143 0.02744 0.02564 0.05925 0.08847 0.00193 0.06608 0.96143 0.00000 0.05155 0.00000 0.00000 0.13555 0.13680
242.00000 169.00000 0.47622 0.83207 1.00000 0.62699 0.65853 0.65963 0.56308 0.50794 0.50125 0.45645 0.86369 0.61755 0.38462 0.68994 0.45616 0.99330 0.51348 0.36141 0.00000 0.64948 0.86469 1.00000 0.47629 0.48235
242.00000 170.00000 0.99986 0.99762 1.00000 0.00000 0.13319 0.31637 0.27354 0.00000 0.00251 0.00573 0.62719 0.28608 0.23077 0.47808 0.00560 0.99317 0.58540 0.40296 0.00000 0.29897 0.62791 1.00000 0.01413 0.01534
242.00000 171.00000 0.00005 0.00000 1.00000 1.00000 0.98192 0.94626 0.92593 1.00000 1.00000 0.95893 0.99888 0.88064 0.94872 0.94075 0.96034 0.99344 0.71763 0.09233 1.00000 0.92784 1.00000 1.00000 0.96636 0.96915
242.00000 172.00000 0.00002 0.00000 1.00000 1.00000 0.98173 0.93922 0.93186 1.00000 1.00000 0.96017 0.99897 0.87955 0.94872 0.93182 0.95999 0.99352 0.70195 0.10340 1.00000 0.93814 1.00000 1.00000 0.96266 0.97111
242.00000 173.00000 0.47615 0.83135 1.00000 0.62699 0.66036 0.65882 0.55766 0.50794 0.50125 0.45543 0.86358 0.61307 0.38462 0.70779 0.45599 0.99369 0.51470 0.37010 0.00000 0.65979 0.86469 1.00000 0.47662 0.48395
242.00000 174.00000 0.99989 0.99762 1.00000 0.00000 0.13576 0.33916 0.25851 0.00000 0.00314 0.00488 0.62698 0.28575 0.23077 0.49107 0.00574 0.99317 0.57484 0.41836 0.00000 0.29897 0.62791 1.00000 0.01312 0.00979
242.00000 175.00000 0.83332 0.99857 1.00000 0.06027 0.18781 0.33994 0.25764 0.14659 0.14617 0.13271 0.65055 0.30070 0.23077 0.47890 0.13349 0.99355 0.54185 0.41763 0.00000 0.32990 0.65116 1.00000 0.15708 0.16324
242.00000 176.00000 0.99995 0.99762 1.00000 0.00000 0.12998 0.29830 0.24323 0.00000 0.00314 0.00430 0.62717 0.28083 0.23077 0.48620 0.00574 0.99311 0.58408 0.41358 0.00000 0.30928 0.62791 1.00000 0.01783 0.01199
242.00000 177.00000 0.99989 0.99774 1.00000 0.00000 0.12851 0.31548 0.25983 0.00000 0.00251 0.00405 0.62694 0.28480 0.23077 0.51218 0.00591 0.99297 0.58526 0.41292 0.00000 0.29897 0.62791 1.00000 0.01413 0.01544
242.00000 178.00000 0.99988 0.99762 1.00000 0.00000 0.12998 0.30006 0.25073 0.00000 0.00314 0.00474 0.62690 0.28050 0.23077 0.51055 0.00623 0.99308 0.58807 0.41794 0.00000 0.29897 0.62791 1.00000 0.01985 0.01443
242.00000 179.00000 0.59521 0.73682 0.00000 0.23809 0.00872 0.04866 0.06115 0.29318 0.21079 0.09150 0.00124 0.02637 0.02564 0.07062 0.08837 0.00190 0.06526 0.95568 0.00000 0.06186 0.00000 0.00000 0.13791 0.13982
242.00000 180.00000 0.99985 0.99893 1.00000 0.00000 0.13650 0.29106 0.24736 0.00000 0.00314 0.00527 0.62698 0.28165 0.23077 0.50406 0.00472 0.99297 0.57381 0.41490 0.00000 0.30928 0.62791 1.00000 0.01345 0.01746
242.00000 181.00000 0.59527 0.73670 0.00000 0.23809 0.01065 0.06905 0.06778 0.29318 0.21079 0.09173 0.00133 0.02602 0.02564 0.08360 0.08849 0.00174 0.07007 0.95025 0.00000 0.06186 0.00000 0.00000 0.13387 0.13315
242.00000 182.00000 0.83323 0.99869 1.00000 0.06027 0.19001 0.33065 0.26288 0.14659 0.14617 0.13243 0.65045 0.30340 0.23077 0.50649 0.13214 0.99325 0.53269 0.41337 0.00000 0.34021 0.65116 1.00000 0.15607 0.15263
242.00000 183.00000 0.23823 0.29762 1.00000 0.59794 0.64200 0.72198 0.70746 0.61718 0.61669 0.59350 0.85306 0.65664 0.84615 0.77273 0.59228 0.99383 0.66461 0.16595 1.00000 0.71134 0.85412 1.00000 0.61621 0.61504
242.00000 184.00000 0.00007 0.00000 1.00000 1.00000 0.98687 0.96095 0.94764 1.00000 1.00000 0.95769 0.99901 0.88751 0.94872 0.93831 0.95977 0.99363 0.68324 0.08919 1.00000 0.94845 1.00000 1.00000 0.95795 0.96392
242.00000 185.00000 0.59521 0.73634 0.00000 0.23809 0.01248 0.05303 0.05668 0.29318 0.21079 0.08984 0.00133 0.02431 0.02564 0.08929 0.08889 0.00174 0.06959 0.96433 0.00000 0.07216 0.00000 0.00000 0.13993 0.13727
242.00000 186.00000 0.99984 0.99762 1.00000 0.00000 0.13347 0.33494 0.25654 0.00000 0.00314 0.00460 0.62698 0.27909 0.23077 0.51055 0.00469 0.99292 0.56467 0.42303 0.00000 0.30928 0.62791 1.00000 0.01884 0.01209
242.00000 187.00000 0.99978 0.99762 1.00000 0.00000 0.13255 0.31326 0.26266 0.00000 0.00251 0.00658 0.62679 0.28895 0.23077 0.51461 0.00479 0.99289 0.58150 0.43821 0.00000 0.29897 0.62791 1.00000 0.01379 0.01586
242.00000 188.00000 0.00004 0.00024 1.00000 1.00000 0.98742 0.94022 0.95019 1.00000 1.00000 0.95755 0.99884 0.88519 0.94872 0.96591 0.95840 0.99355 0.69325 0.10510 1.00000 0.94845 1.00000 1.00000 0.96065 0.96098
242.00000 189.00000 0.47628 0.83183 1.00000 0.62699 0.66725 0.66900 0.56873 0.50794 0.50125 0.45491 0.86363 0.61022 0.38462 0.68669 0.45621 0.99361 0.51492 0.36927 0.00000 0.65979 0.86469 1.00000 0.47797 0.47839
242.00000 190.00000 0.99996 0.99786 1.00000 0.00000 0.13136 0.32582 0.26057 0.00000 0.00251 0.00582 0.62694 0.28027 0.23077 0.50731 0.00398 0.99292 0.57201 0.43216 0.00000 0.29897 0.62791 1.00000 0.00605 0.01759
242.00000 191.00000 0.23820 0.29822 1.00000 0.59794 0.63760 0.70861 0.71260 0.61718 0.61669 0.59339 0.85316 0.65984 0.84615 0.78734 0.59343 0.99377 0.68767 0.18674 1.00000 0.70103 0.85412 1.00000 0.61184 0.61449
242.00000 192.00000 0.23816 0.29691 1.00000 0.59794 0.63907 0.72538 0.72148 0.61718 0.61669 0.59120 0.85303 0.66020 0.84615 0.80276 0.59182 0.99383 0.68173 0.18532 1.00000 0.70103 0.85412 1.00000 0.61689 0.61284
242.00000 193.00000 0.00000 0.00000 1.00000 1.00000 0.98908 0.95928 0.92384 1.00000 1.00000 0.95813 0.99897 0.88297 0.94872 0.95049 0.95806 0.99347 0.68570 0.11603 1.00000 0.94845 1.00000 1.00000 0.96098 0.96516
242.00000 194.00000 0.83333 0.99762 1.00000 0.06027 0.18478 0.33411 0.25796 0.14659 0.14617 0.13328 0.65043 0.30322 0.23077 0.49838 0.13358 0.99336 0.53146 0.41521 0.00000 0.32990 0.65116 1.00000 0.15742 0.15804
242.00000 195.00000 0.00001 0.00000 1.00000 1.00000 0.98651 0.96649 0.95276 1.00000 1.00000 0.95826 0.99905 0.88429 0.94872 0.97403 0.96065 0.99361 0.67942 0.11278 1.00000 0.95876 1.00000 1.00000 0.95123 0.96395
242.00000 196.00000 0.99991 0.99917 1.00000 0.00000 0.13200 0.32250 0.25692 0.00000 0.00314 0.00483 0.62679 0.28137 0.23077 0.51867 0.00530 0.99264 0.57496 0.43468 0.00000 0.29897 0.62791 1.00000 0.01379 0.02282
242.00000 197.00000 0.00000 0.00131 1.00000 1.00000 0.98742 0.94443 0.94951 1.00000 1.00000 0.95702 0.99920 0.88599 0.94872 0.95942 0.95801 0.99372 0.69589 0.09756 1.00000 0.95876 1.00000 1.00000 0.95728 0.96473
242.00000 198.00000 0.59513 0.73670 0.00000 0.23809 0.01432 0.05641 0.09336 0.29318 0.21016 0.09007 0.00122 0.02275 0.02564 0.07305 0.08893 0.00174 0.07163 0.96392 0.00000 0.07216 0.00000 0.00000 0.13118 0.13870
242.00000 199.00000 0.23818 0.29774 1.00000 0.59794 0.63953 0.70853 0.72453 0.61718 0.61606 0.59382 0.85318 0.66425 0.84615 0.78734 0.59443 0.99391 0.68166 0.18384 1.00000 0.71134 0.85412 1.00000 0.61150 0.60741
242.00000 200.00000 0.00001 0.00000 1.00000 1.00000 0.98513 0.95755 0.95244 1.00000 1.00000 0.95675 0.99905 0.88570 0.94872 0.96753 0.95777 0.99366 0.69933 0.10064 1.00000 0.96907 1.00000 1.00000 0.95560 0.96124
242.00000 201.00000 0.99980 0.99786 1.00000 0.00000 0.13273 0.34348 0.26836 0.00000 0.00314 0.00534 0.62665 0.27710 0.23077 0.51299 0.00506 0.99251 0.56664 0.42856 0.00000 0.31959 0.62791 1.00000 0.01245 0.01472
242.00000 202.00000 0.23806 0.29691 1.00000 0.59794 0.64375 0.71733 0.71279 0.61718 0.61669 0.59109 0.85325 0.65172 0.84615 0.80114 0.59226 0.99410 0.68444 0.19394 1.00000 0.73196 0.85412 1.00000 0.60679 0.61951
242.00000 203.00000 0.59530 0.73646 0.00000 0.23809 0.01028 0.06988 0.07830 0.29318 0.21079 0.09132 0.00124 0.02295 0.02564 0.09253 0.08766 0.00168 0.06771 0.97360 0.00000 0.08247 0.00000 0.00000 0.12883 0.13326
242.00000 204.00000 0.99997 0.99905 1.00000 0.00000 0.14274 0.31334 0.26900 0.00000 0.00314 0.00364 0.62675 0.27798 0.23077 0.52597 0.00435 0.99251 0.57328 0.42998 0.00000 0.31959 0.62791 1.00000 0.00269 0.01771
242.00000 205.00000 0.99988 0.99762 1.00000 0.00000 0.13769 0.31337 0.27398 0.00000 0.00314 0.00479 0.62662 0.28302 0.23077 0.52597 0.00452 0.99251 0.56111 0.42687 0.00000 0.30928 0.62791 1.00000 0.01446 0.01586
242.00000 206.00000 0.47606 0.83135 1.00000 0.62699 0.66651 0.67445 0.58386 0.50794 0.50125 0.45426 0.86386 0.61156 0.38462 0.71023 0.45440 0.99383 0.51523 0.37781 1.00000 0.67010 0.86469 1.00000 0.47326 0.47811
242.00000 207.00000 0.23822 0.29691 1.00000 0.59794 0.64439 0.69468 0.71579 0.61718 0.61669 0.59060 0.85325 0.65467 0.84615 0.80276 0.59216 0.99419 0.66956 0.19729 1.00000 0.72165 0.85412 1.00000 0.62059 0.60786
242.00000 208.00000 0.59516 0.73658 0.00000 0.23809 0.02019 0.06864 0.09225 0.29318 0.21079 0.08830 0.00124 0.01853 0.02564 0.09903 0.08842 0.00165 0.07125 0.95831 0.00000 0.06186 0.00000 0.00000 0.13017 0.13416
242.00000 209.00000 0.59510 0.73634 0.00000 0.23809 0.01294 0.06886 0.10366 0.29318 0.21079 0.08844 0.00116 0.02231 0.02564 0.09334 0.08791 0.00165 0.06990 0.97035 0.00000 0.08247 0.00000 0.00000 0.13757 0.13438
242.00000 210.00000 0.23823 0.29691 1.00000 0.59794 0.64641 0.73073 0.72831 0.61718 0.61669 0.59169 0.85331 0.64939 0.84615 0.82143 0.59135 0.99413 0.66918 0.18806 1.00000 0.72165 0.85412 1.00000 0.60377 0.61232
242.00000 211.00000 0.47615 0.83373 1.00000 0.62699 0.66853 0.66851 0.58420 0.50794 0.50125 0.45585 0.86375 0.61475 0.38462 0.71510 0.45467 0.99369 0.52338 0.38421 1.00000 0.69072 0.86469 1.00000 0.47595 0.48242
242.00000 212.00000 0.47620 0.83135 1.00000 0.62699 0.67000 0.68396 0.57065 0.50794 0.50125 0.45293 0.86377 0.60824 0.35897 0.70211 0.45381 0.99375 0.50977 0.38860 1.00000 0.68041 0.86469 1.00000 0.47561 0.47544
242.00000 213.00000 0.00000 0.00178 1.00000 1.00000 0.99614 0.94262 0.96532 1.00000 1.00000 0.95431 0.99909 0.88441 0.94872 0.97565 0.95686 0.99388 0.69005 0.11683 1.00000 0.94845 1.00000 1.00000 0.95964 0.95386
242.00000 214.00000 0.47621 0.83135 1.00000 0.62699 0.66899 0.67945 0.59760 0.50794 0.50125 0.45226 0.86380 0.60973 0.35897 0.72240 0.45322 0.99366 0.50855 0.38833 1.00000 0.68041 0.86469 1.00000 0.47057 0.47470
242.00000 215.00000 0.47615 0.83207 1.00000 0.62699 0.67156 0.69668 0.60187 0.50794 0.50125 0.45231 0.86377 0.61218 0.38462 0.71916 0.45276 0.99391 0.50246 0.39628 1.00000 0.69072 0.86469 1.00000 0.47662 0.47651
242.00000 216.00000 0.00005 0.00012 1.00000 1.00000 0.99036 0.98318 0.96561 1.00000 1.00000 0.95760 0.99920 0.88664 0.94872 0.98945 0.95594 0.99397 0.68430 0.10244 1.00000 0.97938 1.00000 1.00000 0.95425 0.95751
242.00000 217.00000 0.47623 0.83373 1.00000 0.62699 0.66174 0.67289 0.58295 0.50794 0.50125 0.45461 0.86394 0.61117 0.35897 0.73133 0.45413 0.99399 0.50646 0.40531 1.00000 0.68041 0.86469 1.00000 0.47360 0.47908
242.00000 218.00000 0.59522 0.73634 0.00000 0.23809 0.01349 0.06672 0.08438 0.29318 0.21079 0.08830 0.00099 0.02438 0.02564 0.09091 0.08805 0.00141 0.05939 0.97883 0.00000 0.08247 0.00000 0.00000 0.14396 0.13576
242.00000 219.00000 0.83332 0.99762 1.00000 0.06027 0.18937 0.33926 0.28044 0.14659 0.14617 0.13314 0.65022 0.30102 0.23077 0.52922 0.13268 0.99273 0.51422 0.43192 0.00000 0.35052 0.65116 1.00000 0.15271 0.15176
242.00000 220.00000 0.47612 0.83135 1.00000 0.62699 0.66587 0.67694 0.60502 0.50794 0.50125 0.45352 0.86394 0.60925 0.38462 0.73377 0.45273 0.99388 0.50338 0.40396 1.00000 0.67010 0.86469 1.00000 0.47427 0.47008
242.00000 221.00000 0.99978 1.00000 1.00000 0.00000 0.13879 0.32989 0.27924 0.00000 0.00314 0.00483 0.62650 0.28026 0.23077 0.54545 0.00249 0.99234 0.54467 0.44160 0.00000 0.32990 0.62791 1.00000 0.00538 0.00724
242.00000 222.00000 0.99984 0.99941 1.00000 0.00000 0.13613 0.33284 0.28197 0.00000 0.00314 0.00541 0.62633 0.27263 0.23077 0.55519 0.00291 0.99206 0.56508 0.45323 0.00000 0.32990 0.62791 1.00000 0.01076 0.01166
