32.00000 1.00000 0.64535 0.84615 1.00000 1.00000 0.41686 0.34840 0.32590 1.00000 1.00000 0.21839 0.67059 0.19305 0.33333 0.32000 0.21701 0.65476 0.17457 0.61420 1.00000 0.36364 1.00000 1.00000 0.47619 0.37601
32.00000 2.00000 0.51163 0.15385 1.00000 1.00000 0.45199 0.34723 0.34290 1.00000 1.00000 0.18391 0.69412 0.14096 0.33333 0.39429 0.21396 0.64881 0.15477 0.69049 1.00000 0.18182 1.00000 1.00000 0.50000 0.60970
32.00000 3.00000 0.35465 0.46154 1.00000 1.00000 0.35129 0.37542 0.41186 1.00000 1.00000 0.17768 0.67647 0.14637 0.33333 0.45714 0.19715 0.69048 0.17457 0.53621 1.00000 0.36364 1.00000 1.00000 0.50000 0.44197
32.00000 4.00000 0.63953 0.23077 1.00000 1.00000 0.48478 0.42729 0.46537 1.00000 1.00000 0.20594 0.70000 0.16906 0.33333 0.49143 0.20275 0.70238 0.16540 0.68928 1.00000 0.45455 1.00000 1.00000 0.44643 0.36710
32.00000 5.00000 0.56977 0.30769 1.00000 1.00000 0.40515 0.42259 0.42746 1.00000 1.00000 0.21552 0.64706 0.10722 0.33333 0.46286 0.20886 0.66667 0.18107 0.74360 1.00000 0.36364 1.00000 1.00000 0.44643 0.44234
32.00000 6.00000 0.63372 0.84615 1.00000 1.00000 0.47073 0.35408 0.48939 1.00000 1.00000 0.18678 0.70000 0.16236 0.33333 0.32000 0.18288 0.67262 0.17279 0.62916 1.00000 0.36364 1.00000 1.00000 0.45238 0.47110
32.00000 7.00000 0.38372 0.61538 1.00000 1.00000 0.19204 0.52182 0.42012 1.00000 1.00000 0.20594 0.68824 0.13509 0.33333 0.38857 0.20683 0.66667 0.18279 0.57364 1.00000 0.36364 1.00000 1.00000 0.48214 0.33296
32.00000 8.00000 0.58140 0.15385 1.00000 1.00000 0.37705 0.41809 0.33136 1.00000 1.00000 0.19923 0.69412 0.10427 0.33333 0.39429 0.20734 0.66071 0.17331 0.64437 1.00000 0.36364 1.00000 1.00000 0.39286 0.55172
32.00000 9.00000 0.84302 0.84615 1.00000 1.00000 0.28806 0.37600 0.33713 1.00000 1.00000 0.17098 0.66471 0.15104 0.33333 0.33143 0.21701 0.65476 0.15277 0.58812 1.00000 0.36364 1.00000 1.00000 0.49405 0.45013
32.00000 10.00000 0.53488 0.23077 1.00000 1.00000 0.33021 0.57350 0.43791 1.00000 1.00000 0.20163 0.66471 0.17747 0.33333 0.27429 0.20326 0.69643 0.20663 0.68638 1.00000 0.36364 1.00000 1.00000 0.41667 0.40588
32.00000 11.00000 0.69767 0.69231 1.00000 1.00000 0.40749 0.54727 0.37363 1.00000 1.00000 0.21695 0.70000 0.15090 0.33333 0.28000 0.23586 0.67857 0.15890 0.61975 1.00000 0.45455 1.00000 1.00000 0.51190 0.43761
32.00000 12.00000 0.58140 0.38462 1.00000 1.00000 0.48009 0.45116 0.42215 1.00000 1.00000 0.20690 0.66471 0.14845 0.33333 0.32571 0.20275 0.67857 0.17499 0.65041 1.00000 0.36364 1.00000 1.00000 0.50595 0.50756
32.00000 13.00000 0.39535 0.84615 1.00000 1.00000 0.39813 0.39558 0.40530 1.00000 1.00000 0.21408 0.64706 0.15104 0.33333 0.34286 0.21039 0.66071 0.19081 0.60985 1.00000 0.45455 1.00000 1.00000 0.54762 0.50682
32.00000 14.00000 0.38953 0.84615 1.00000 1.00000 0.34192 0.30280 0.40546 1.00000 1.00000 0.20738 0.66471 0.15917 0.33333 0.33714 0.20886 0.67262 0.16991 0.64606 1.00000 0.45455 1.00000 1.00000 0.57738 0.52073
32.00000 15.00000 0.37791 0.38462 1.00000 1.00000 0.33255 0.38559 0.48112 1.00000 1.00000 0.19013 0.67059 0.13061 0.33333 0.40571 0.21498 0.65476 0.17143 0.62747 1.00000 0.45455 1.00000 1.00000 0.46429 0.44095
32.00000 16.00000 0.58140 0.38462 1.00000 1.00000 0.34895 0.41437 0.33073 1.00000 1.00000 0.20929 0.70000 0.14822 0.33333 0.20000 0.20886 0.68452 0.18389 0.65983 1.00000 0.36364 1.00000 1.00000 0.42262 0.50580
32.00000 17.00000 0.58140 0.76923 1.00000 1.00000 0.29040 0.43492 0.29782 1.00000 1.00000 0.21839 0.68235 0.16486 0.33333 0.48000 0.20937 0.65476 0.16650 0.62313 1.00000 0.27273 1.00000 1.00000 0.42262 0.42314
32.00000 18.00000 0.51163 0.30769 1.00000 1.00000 0.34426 0.43511 0.42949 1.00000 1.00000 0.20211 0.65882 0.15848 0.33333 0.40571 0.19256 0.65476 0.17410 0.66731 1.00000 0.45455 1.00000 1.00000 0.39286 0.37156
32.00000 19.00000 0.33140 0.84615 1.00000 1.00000 0.42623 0.44040 0.40328 1.00000 1.00000 0.18391 0.68824 0.14304 0.33333 0.48571 0.21854 0.64286 0.19050 0.62120 1.00000 0.54545 1.00000 1.00000 0.38690 0.51136
32.00000 20.00000 0.62791 0.23077 1.00000 1.00000 0.33021 0.52319 0.45741 1.00000 1.00000 0.21025 0.66471 0.15464 0.33333 0.32000 0.24096 0.64286 0.15728 0.62047 1.00000 0.45455 1.00000 1.00000 0.44048 0.45561
32.00000 21.00000 0.33140 0.38462 1.00000 1.00000 0.30913 0.35604 0.43339 1.00000 1.00000 0.18534 0.68235 0.19799 0.33333 0.30857 0.19868 0.68452 0.20878 0.63327 1.00000 0.36364 1.00000 1.00000 0.51190 0.51461
32.00000 22.00000 0.64535 0.23077 1.00000 1.00000 0.32319 0.53592 0.41732 1.00000 1.00000 0.20690 0.68824 0.17650 0.33333 0.44571 0.19715 0.67262 0.19490 0.63544 1.00000 0.45455 1.00000 1.00000 0.53571 0.49763
32.00000 23.00000 0.62791 0.46154 1.00000 1.00000 0.40281 0.41730 0.40250 1.00000 1.00000 0.22605 0.70588 0.13227 0.33333 0.46857 0.19664 0.70833 0.13224 0.52559 1.00000 0.36364 1.00000 1.00000 0.36310 0.56926
32.00000 24.00000 0.62791 0.30769 1.00000 1.00000 0.36300 0.39714 0.36833 1.00000 1.00000 0.22557 0.68824 0.09137 0.33333 0.50857 0.20785 0.66667 0.14759 0.62506 1.00000 0.36364 1.00000 1.00000 0.46429 0.43863
32.00000 25.00000 0.56395 0.15385 1.00000 1.00000 0.38407 0.29751 0.34509 1.00000 1.00000 0.19301 0.69412 0.15529 0.33333 0.38286 0.21141 0.67857 0.14471 0.62216 1.00000 0.45455 1.00000 1.00000 0.36310 0.46127
32.00000 26.00000 0.68023 0.53846 1.00000 1.00000 0.35597 0.33862 0.38393 1.00000 1.00000 0.21648 0.69412 0.11342 0.33333 0.38286 0.22720 0.66071 0.15628 0.68228 1.00000 0.36364 1.00000 1.00000 0.37500 0.48001
32.00000 27.00000 0.62791 0.53846 1.00000 1.00000 0.33255 0.30260 0.44836 1.00000 1.00000 0.21456 0.67059 0.15769 0.33333 0.33143 0.21498 0.66071 0.18961 0.62168 1.00000 0.45455 1.00000 1.00000 0.45833 0.48010
32.00000 28.00000 0.48837 0.53846 1.00000 1.00000 0.31850 0.53670 0.42028 1.00000 1.00000 0.21552 0.69412 0.11795 0.33333 0.46857 0.17728 0.70238 0.17813 0.62120 1.00000 0.45455 1.00000 1.00000 0.35119 0.42110
32.00000 29.00000 0.48837 0.46154 1.00000 1.00000 0.33021 0.54570 0.48237 1.00000 1.00000 0.17337 0.69412 0.14082 0.33333 0.23429 0.21192 0.69643 0.16975 0.52197 1.00000 0.36364 1.00000 1.00000 0.45833 0.42972
32.00000 30.00000 0.43605 0.30769 1.00000 1.00000 0.37002 0.18673 0.35959 1.00000 1.00000 0.20594 0.69412 0.12331 0.33333 0.32571 0.20173 0.70833 0.15969 0.60575 1.00000 0.54545 1.00000 1.00000 0.40476 0.32099
32.00000 31.00000 0.44186 0.53846 1.00000 1.00000 0.29977 0.37307 0.38674 1.00000 1.00000 0.20738 0.70000 0.13690 0.33333 0.38286 0.20886 0.66667 0.18353 0.60164 1.00000 0.36364 1.00000 1.00000 0.37500 0.36339
32.00000 32.00000 0.43023 0.76923 1.00000 1.00000 0.37002 0.38070 0.30920 1.00000 1.00000 0.22318 0.67647 0.16361 0.33333 0.29143 0.19664 0.66071 0.17855 0.67045 1.00000 0.36364 1.00000 1.00000 0.52976 0.36311
32.00000 33.00000 0.48837 0.15385 1.00000 1.00000 0.36534 0.45939 0.36849 1.00000 1.00000 0.22126 0.70588 0.18870 0.33333 0.38857 0.24452 0.67857 0.16902 0.57919 1.00000 0.36364 1.00000 1.00000 0.29167 0.38269
32.00000 34.00000 0.53488 0.30769 1.00000 1.00000 0.28337 0.55255 0.35320 1.00000 1.00000 0.21983 0.67059 0.15681 0.33333 0.38286 0.19256 0.70238 0.16708 0.64727 1.00000 0.36364 1.00000 1.00000 0.54167 0.50032
32.00000 35.00000 0.51744 0.30769 1.00000 1.00000 0.40749 0.53239 0.52949 1.00000 1.00000 0.20546 0.69412 0.14457 0.33333 0.39429 0.20428 0.63690 0.17053 0.64244 1.00000 0.54545 1.00000 1.00000 0.47024 0.36580
32.00000 36.00000 0.47674 0.46154 1.00000 1.00000 0.38642 0.33196 0.43245 1.00000 1.00000 0.22557 0.64706 0.12345 0.33333 0.35429 0.19918 0.68452 0.17394 0.64099 1.00000 0.45455 1.00000 1.00000 0.28571 0.56786
32.00000 37.00000 0.56395 0.53846 1.00000 1.00000 0.30679 0.44549 0.39033 1.00000 1.00000 0.19397 0.68824 0.14424 0.33333 0.38286 0.20886 0.66667 0.16943 0.60309 1.00000 0.45455 1.00000 1.00000 0.36310 0.43650
32.00000 38.00000 0.41279 0.15385 1.00000 1.00000 0.35129 0.45469 0.37847 1.00000 1.00000 0.21264 0.69412 0.14789 0.33333 0.38857 0.21498 0.69048 0.18358 0.62844 1.00000 0.45455 1.00000 1.00000 0.47619 0.51118
32.00000 39.00000 0.48837 0.23077 1.00000 1.00000 0.29274 0.53768 0.32200 1.00000 1.00000 0.17912 0.69412 0.12358 0.33333 0.36000 0.18900 0.67262 0.17410 0.71753 1.00000 0.36364 1.00000 1.00000 0.43452 0.48520
32.00000 40.00000 0.65116 0.69231 1.00000 1.00000 0.34660 0.33764 0.44165 1.00000 1.00000 0.22749 0.67059 0.16250 0.33333 0.39429 0.20632 0.67857 0.16713 0.58329 1.00000 0.36364 1.00000 1.00000 0.46429 0.54912
32.00000 41.00000 0.66860 0.38462 1.00000 1.00000 0.30211 0.31630 0.36880 1.00000 1.00000 0.21169 0.64706 0.15150 0.33333 0.44571 0.20479 0.66667 0.18426 0.65693 1.00000 0.45455 1.00000 1.00000 0.51190 0.48799
32.00000 42.00000 0.48256 0.23077 1.00000 1.00000 0.21311 0.42239 0.39938 1.00000 1.00000 0.17625 0.67647 0.16564 0.33333 0.30857 0.17983 0.66667 0.16110 0.57943 1.00000 0.36364 1.00000 1.00000 0.40476 0.40931
32.00000 43.00000 0.33140 0.30769 1.00000 1.00000 0.18735 0.55060 0.36006 1.00000 1.00000 0.16667 0.71765 0.16319 0.33333 0.42857 0.21141 0.69643 0.17148 0.72332 1.00000 0.36364 1.00000 1.00000 0.36905 0.40430
32.00000 44.00000 0.48256 0.84615 1.00000 1.00000 0.34895 0.30006 0.46256 1.00000 1.00000 0.22845 0.69412 0.17345 0.33333 0.36000 0.22466 0.66667 0.18735 0.63182 1.00000 0.36364 1.00000 1.00000 0.57143 0.36840
32.00000 45.00000 0.36628 0.53846 1.00000 1.00000 0.33958 0.60560 0.49095 1.00000 1.00000 0.17816 0.65882 0.15575 0.33333 0.37143 0.18288 0.66071 0.15770 0.67166 1.00000 0.45455 1.00000 1.00000 0.51786 0.47388
32.00000 46.00000 0.45930 0.23077 1.00000 1.00000 0.16628 0.52828 0.41560 1.00000 1.00000 0.20785 0.71176 0.17835 0.33333 0.35429 0.21600 0.68452 0.17158 0.68880 1.00000 0.45455 1.00000 1.00000 0.55357 0.46266
32.00000 47.00000 0.29651 0.23077 1.00000 1.00000 0.35129 0.51341 0.36630 1.00000 1.00000 0.18966 0.68824 0.16805 0.33333 0.42857 0.23332 0.67262 0.17756 0.59561 1.00000 0.45455 1.00000 1.00000 0.44643 0.36692
32.00000 48.00000 0.66279 0.15385 1.00000 1.00000 0.32084 0.40321 0.33760 1.00000 1.00000 0.20594 0.71765 0.15705 0.33333 0.33143 0.23434 0.65476 0.16991 0.65234 1.00000 0.54545 1.00000 1.00000 0.45833 0.38408
32.00000 49.00000 0.46512 0.30769 1.00000 1.00000 0.34426 0.39049 0.44259 1.00000 1.00000 0.21504 0.70588 0.13583 0.33333 0.35429 0.21192 0.68452 0.16131 0.66755 1.00000 0.45455 1.00000 1.00000 0.42857 0.56471
32.00000 50.00000 0.73256 0.30769 1.00000 1.00000 0.23419 0.39088 0.41326 1.00000 1.00000 0.23132 0.71176 0.17239 0.33333 0.40000 0.19715 0.69048 0.19982 0.71053 1.00000 0.45455 1.00000 1.00000 0.53571 0.34215
32.00000 51.00000 0.45930 0.84615 1.00000 1.00000 0.36300 0.43883 0.44337 1.00000 1.00000 0.22318 0.64706 0.16023 0.33333 0.37714 0.21141 0.67857 0.17237 0.65645 1.00000 0.36364 1.00000 1.00000 0.44643 0.42685
32.00000 52.00000 0.37209 0.38462 1.00000 1.00000 0.45199 0.51047 0.33510 1.00000 1.00000 0.18199 0.68824 0.15672 0.33333 0.40000 0.18543 0.70238 0.17509 0.64341 1.00000 0.27273 1.00000 1.00000 0.38095 0.49355
32.00000 53.00000 0.63372 0.46154 1.00000 1.00000 0.37939 0.39244 0.35928 1.00000 1.00000 0.20402 0.65882 0.16592 0.33333 0.40000 0.20581 0.70833 0.15424 0.61033 1.00000 0.36364 1.00000 1.00000 0.45238 0.45950
32.00000 54.00000 0.48837 0.38462 1.00000 1.00000 0.48244 0.44079 0.55195 1.00000 1.00000 0.24904 0.70588 0.14900 0.33333 0.48571 0.18390 0.67857 0.17808 0.60212 1.00000 0.36364 1.00000 1.00000 0.55952 0.48594
32.00000 55.00000 0.52326 0.61538 1.00000 1.00000 0.44496 0.35878 0.30920 1.00000 1.00000 0.20450 0.69412 0.16513 0.33333 0.34857 0.16913 0.66667 0.20312 0.65572 1.00000 0.27273 1.00000 1.00000 0.41667 0.51229
32.00000 56.00000 0.29651 0.53846 1.00000 1.00000 0.45667 0.48522 0.42371 1.00000 1.00000 0.23946 0.70588 0.17475 0.33333 0.38857 0.18849 0.70238 0.18248 0.68107 1.00000 0.36364 1.00000 1.00000 0.45238 0.34706
32.00000 57.00000 0.60465 0.69231 1.00000 1.00000 0.23653 0.39186 0.33339 1.00000 1.00000 0.24090 0.68824 0.20664 0.33333 0.45714 0.19817 0.68452 0.18211 0.68904 1.00000 0.45455 1.00000 1.00000 0.45833 0.43065
32.00000 58.00000 0.51163 0.69231 1.00000 1.00000 0.44496 0.43414 0.47223 1.00000 1.00000 0.22079 0.68235 0.15672 0.33333 0.42857 0.20428 0.66071 0.16524 0.62216 1.00000 0.27273 1.00000 1.00000 0.41667 0.46767
32.00000 59.00000 0.48837 0.46154 1.00000 1.00000 0.41218 0.46545 0.54197 1.00000 1.00000 0.19444 0.67647 0.14965 0.33333 0.34286 0.20835 0.67262 0.19044 0.63689 1.00000 0.36364 1.00000 1.00000 0.50000 0.45162
32.00000 60.00000 0.36047 0.23077 1.00000 1.00000 0.40281 0.69015 0.39532 1.00000 1.00000 0.15709 0.71765 0.12853 0.33333 0.41714 0.20835 0.68452 0.18735 0.62723 1.00000 0.45455 1.00000 1.00000 0.45833 0.51906
32.00000 61.00000 0.43023 0.69231 1.00000 1.00000 0.30679 0.52535 0.39282 1.00000 1.00000 0.22031 0.63529 0.13990 0.33333 0.43429 0.23892 0.65476 0.20663 0.72042 1.00000 0.18182 1.00000 1.00000 0.36310 0.43566
32.00000 62.00000 0.51744 0.76923 1.00000 1.00000 0.42623 0.45469 0.41934 1.00000 1.00000 0.21983 0.66471 0.15580 0.33333 0.37714 0.22720 0.69048 0.19448 0.69845 1.00000 0.36364 1.00000 1.00000 0.36310 0.44104
32.00000 63.00000 0.58721 0.61538 1.00000 1.00000 0.33724 0.54140 0.37988 1.00000 1.00000 0.21600 0.69412 0.18145 0.33333 0.45714 0.19562 0.69048 0.20166 0.69169 1.00000 0.36364 1.00000 1.00000 0.46429 0.45487
32.00000 64.00000 0.32558 0.46154 1.00000 1.00000 0.33958 0.45508 0.42496 1.00000 1.00000 0.19205 0.68235 0.17669 0.33333 0.37143 0.20428 0.69643 0.17033 0.72067 1.00000 0.36364 1.00000 1.00000 0.47619 0.43928
32.00000 65.00000 0.51163 0.84615 1.00000 1.00000 0.33021 0.57937 0.41217 1.00000 1.00000 0.20881 0.67059 0.16518 0.33333 0.34286 0.20683 0.68452 0.20370 0.61178 1.00000 0.45455 1.00000 1.00000 0.47024 0.39224
32.00000 66.00000 0.63372 0.46154 1.00000 1.00000 0.45433 0.45978 0.36552 1.00000 1.00000 0.19875 0.68235 0.16421 0.33333 0.43429 0.19256 0.67262 0.18300 0.59464 1.00000 0.45455 1.00000 1.00000 0.40476 0.46683
32.00000 67.00000 0.66860 0.23077 1.00000 1.00000 0.47073 0.51302 0.51092 1.00000 1.00000 0.18295 0.67647 0.17484 0.33333 0.48000 0.17422 0.66667 0.19856 0.63882 1.00000 0.36364 1.00000 1.00000 0.51190 0.24269
32.00000 68.00000 0.73837 0.38462 1.00000 1.00000 0.40047 0.46878 0.50187 1.00000 1.00000 0.18870 0.68824 0.16296 0.33333 0.38286 0.19562 0.69048 0.22062 0.67721 1.00000 0.45455 1.00000 1.00000 0.41667 0.49207
32.00000 69.00000 0.48837 0.23077 1.00000 1.00000 0.37237 0.44705 0.40796 1.00000 1.00000 0.19588 0.66471 0.14974 0.33333 0.38857 0.20122 0.67262 0.19773 0.70666 1.00000 0.45455 1.00000 1.00000 0.36905 0.43956
32.00000 70.00000 0.51163 0.69231 1.00000 1.00000 0.36534 0.46134 0.29844 1.00000 1.00000 0.21360 0.65882 0.15566 0.33333 0.45143 0.19409 0.66071 0.15869 0.68300 1.00000 0.63636 1.00000 1.00000 0.48214 0.41275
32.00000 71.00000 0.37209 0.23077 1.00000 1.00000 0.48244 0.32864 0.41404 1.00000 1.00000 0.22126 0.69412 0.16989 0.33333 0.33143 0.24809 0.65476 0.20972 0.65307 1.00000 0.54545 1.00000 1.00000 0.38095 0.44169
32.00000 72.00000 0.37791 0.61538 1.00000 1.00000 0.32084 0.48855 0.46661 1.00000 1.00000 0.19444 0.68824 0.15201 0.33333 0.42286 0.21141 0.67857 0.20899 0.63930 1.00000 0.45455 1.00000 1.00000 0.40476 0.38529
32.00000 73.00000 0.50581 0.53846 1.00000 1.00000 0.34895 0.53572 0.34243 1.00000 1.00000 0.19780 0.68235 0.16241 0.33333 0.40000 0.16556 0.67262 0.20139 0.61154 1.00000 0.45455 1.00000 1.00000 0.48214 0.41154
32.00000 74.00000 0.75581 0.53846 1.00000 1.00000 0.48946 0.42807 0.35554 1.00000 1.00000 0.18295 0.70000 0.18376 0.33333 0.39429 0.19562 0.69048 0.22246 0.60140 1.00000 0.36364 1.00000 1.00000 0.50000 0.51127
32.00000 75.00000 0.48256 0.23077 1.00000 1.00000 0.50820 0.44510 0.41997 1.00000 1.00000 0.20115 0.71176 0.16948 0.33333 0.45714 0.18849 0.67857 0.21255 0.62844 1.00000 0.45455 1.00000 1.00000 0.36905 0.44197
32.00000 76.00000 0.81977 0.46154 1.00000 1.00000 0.28571 0.47524 0.39704 1.00000 1.00000 0.22605 0.67647 0.19249 0.33333 0.42857 0.16811 0.67857 0.20297 0.73153 1.00000 0.45455 1.00000 1.00000 0.36905 0.38158
32.00000 77.00000 0.61628 0.76923 1.00000 1.00000 0.42857 0.45136 0.41888 1.00000 1.00000 0.20785 0.68235 0.18977 0.33333 0.30857 0.18492 0.67857 0.17656 0.65596 1.00000 0.45455 1.00000 1.00000 0.38095 0.36673
32.00000 78.00000 0.41860 0.53846 1.00000 1.00000 0.38642 0.42866 0.45632 1.00000 1.00000 0.18870 0.69412 0.18348 0.33333 0.40000 0.24452 0.67262 0.17373 0.62941 1.00000 0.36364 1.00000 1.00000 0.45833 0.43909
32.00000 79.00000 0.58140 0.76923 1.00000 1.00000 0.44965 0.46624 0.49953 1.00000 1.00000 0.18056 0.69412 0.16818 0.33333 0.42857 0.20020 0.70833 0.20160 0.69628 1.00000 0.27273 1.00000 1.00000 0.33333 0.36590
32.00000 80.00000 0.50000 0.53846 1.00000 1.00000 0.43794 0.51341 0.48034 1.00000 1.00000 0.21408 0.69412 0.14706 0.33333 0.41714 0.21549 0.66071 0.20401 0.65572 1.00000 0.45455 1.00000 1.00000 0.42857 0.47620
32.00000 81.00000 0.48256 0.46154 1.00000 1.00000 0.31616 0.48796 0.50140 1.00000 1.00000 0.19492 0.72353 0.14979 0.33333 0.50286 0.17983 0.68452 0.18159 0.65934 1.00000 0.54545 1.00000 1.00000 0.41667 0.39076
32.00000 82.00000 0.48256 0.76923 1.00000 1.00000 0.38642 0.44353 0.45242 1.00000 1.00000 0.20546 0.64706 0.20275 0.33333 0.36571 0.19460 0.67857 0.19778 0.64486 1.00000 0.36364 1.00000 1.00000 0.54762 0.44151
32.00000 83.00000 0.48837 0.84615 1.00000 1.00000 0.27166 0.56508 0.44181 1.00000 1.00000 0.20259 0.64706 0.14859 0.33333 0.40571 0.18136 0.69643 0.20265 0.68131 1.00000 0.45455 1.00000 1.00000 0.48214 0.51044
32.00000 84.00000 0.33140 0.92308 1.00000 1.00000 0.45433 0.61460 0.60437 1.00000 1.00000 0.18487 0.68235 0.15695 0.33333 0.42857 0.22160 0.67857 0.21680 0.60623 1.00000 0.36364 1.00000 1.00000 0.42857 0.49346
32.00000 85.00000 0.49419 0.53846 1.00000 1.00000 0.41452 0.30260 0.61310 1.00000 1.00000 0.21169 0.69412 0.16084 0.33333 0.32571 0.19766 0.67857 0.22350 0.71898 1.00000 0.27273 1.00000 1.00000 0.41071 0.44800
32.00000 86.00000 0.59302 0.46154 1.00000 1.00000 0.30679 0.60834 0.44633 1.00000 1.00000 0.20019 0.69412 0.18672 0.33333 0.56000 0.20275 0.67262 0.21528 0.62603 1.00000 0.36364 1.00000 1.00000 0.47619 0.55970
32.00000 87.00000 0.41279 0.84615 1.00000 1.00000 0.40047 0.48170 0.40983 1.00000 1.00000 0.17385 0.68235 0.18635 0.33333 0.32571 0.22567 0.66667 0.20501 0.62096 1.00000 0.63636 1.00000 1.00000 0.40476 0.51610
32.00000 88.00000 0.50581 0.23077 1.00000 1.00000 0.36066 0.34880 0.43729 1.00000 1.00000 0.17912 0.66471 0.22961 0.33333 0.36000 0.19052 0.69048 0.22240 0.69725 1.00000 0.45455 1.00000 1.00000 0.32738 0.45969
32.00000 89.00000 0.53488 0.30769 1.00000 1.00000 0.35363 0.37659 0.43853 1.00000 1.00000 0.20785 0.66471 0.20659 0.33333 0.33143 0.20173 0.66667 0.24027 0.64317 1.00000 0.36364 1.00000 1.00000 0.30357 0.44169
32.00000 90.00000 0.50581 0.69231 1.00000 1.00000 0.33724 0.43218 0.44134 1.00000 1.00000 0.18008 0.67647 0.15321 0.33333 0.42857 0.20326 0.66667 0.18945 0.66248 1.00000 0.45455 1.00000 1.00000 0.48214 0.44364
32.00000 91.00000 0.60465 0.61538 1.00000 1.00000 0.37705 0.54003 0.37145 1.00000 1.00000 0.20833 0.72353 0.18852 0.33333 0.35429 0.19103 0.69048 0.22052 0.53959 1.00000 0.36364 1.00000 1.00000 0.47024 0.37833
32.00000 92.00000 0.58721 0.76923 1.00000 1.00000 0.39344 0.47309 0.45382 1.00000 1.00000 0.17050 0.67059 0.20775 0.33333 0.37714 0.20071 0.70833 0.19972 0.58088 1.00000 0.45455 1.00000 1.00000 0.48214 0.47444
32.00000 93.00000 0.32558 0.84615 1.00000 1.00000 0.42857 0.44431 0.46474 1.00000 1.00000 0.20211 0.70588 0.19074 0.33333 0.46857 0.18951 0.69048 0.21334 0.64751 1.00000 0.27273 1.00000 1.00000 0.47619 0.42091
32.00000 94.00000 0.29070 0.76923 1.00000 1.00000 0.28103 0.51458 0.49033 1.00000 1.00000 0.21983 0.67647 0.18741 0.33333 0.49714 0.19052 0.64881 0.23037 0.63906 1.00000 0.54545 1.00000 1.00000 0.42262 0.45524
32.00000 95.00000 0.73837 0.76923 1.00000 1.00000 0.41452 0.50127 0.43058 1.00000 1.00000 0.21839 0.71176 0.19467 0.33333 0.40000 0.22415 0.69048 0.21879 0.72018 1.00000 0.36364 1.00000 1.00000 0.32738 0.36562
32.00000 96.00000 0.41279 0.69231 1.00000 1.00000 0.38642 0.46526 0.51747 1.00000 1.00000 0.19301 0.67059 0.17197 0.33333 0.50857 0.16353 0.66667 0.22146 0.63930 1.00000 0.54545 1.00000 1.00000 0.46429 0.37833
32.00000 97.00000 0.50581 0.92308 1.00000 1.00000 0.29742 0.50225 0.45772 1.00000 1.00000 0.17912 0.69412 0.20229 0.33333 0.43429 0.22618 0.71429 0.22701 0.65596 1.00000 0.36364 1.00000 1.00000 0.37500 0.39132
32.00000 98.00000 0.43605 0.53846 1.00000 1.00000 0.42155 0.38990 0.32871 1.00000 1.00000 0.21456 0.70000 0.19194 0.33333 0.33714 0.20479 0.67857 0.24027 0.69797 1.00000 0.54545 1.00000 1.00000 0.46429 0.54161
32.00000 99.00000 0.47093 0.15385 1.00000 1.00000 0.38876 0.48424 0.50047 1.00000 1.00000 0.20594 0.69412 0.21200 0.33333 0.43429 0.21803 0.67857 0.22759 0.67528 1.00000 0.36364 1.00000 1.00000 0.38095 0.41878
32.00000 100.00000 0.47093 0.23077 1.00000 1.00000 0.48244 0.58935 0.46006 1.00000 1.00000 0.17625 0.71176 0.21135 0.33333 0.49143 0.20683 0.67262 0.22544 0.66972 1.00000 0.45455 1.00000 1.00000 0.30357 0.45394
32.00000 101.00000 0.52907 0.69231 1.00000 1.00000 0.42857 0.29693 0.44883 1.00000 1.00000 0.24186 0.71176 0.24366 0.33333 0.47429 0.22262 0.67262 0.24483 0.67383 1.00000 0.27273 1.00000 1.00000 0.31548 0.47732
32.00000 102.00000 0.51163 0.61538 1.00000 1.00000 0.35363 0.63789 0.43978 1.00000 1.00000 0.20019 0.68235 0.21209 0.33333 0.45714 0.20581 0.65476 0.23419 0.68083 1.00000 0.54545 1.00000 1.00000 0.38095 0.37888
32.00000 103.00000 0.36047 0.53846 1.00000 1.00000 0.34192 0.47093 0.38892 1.00000 1.00000 0.17193 0.65882 0.21006 0.33333 0.48571 0.19562 0.69643 0.22644 0.67600 1.00000 0.45455 1.00000 1.00000 0.35119 0.39744
32.00000 104.00000 0.56977 0.84615 1.00000 1.00000 0.28806 0.49383 0.44072 1.00000 1.00000 0.18774 0.70000 0.20701 0.33333 0.46286 0.18186 0.70833 0.19610 0.66248 1.00000 0.45455 1.00000 1.00000 0.44048 0.46461
32.00000 105.00000 0.50581 0.61538 1.00000 1.00000 0.44262 0.42513 0.51529 1.00000 1.00000 0.19971 0.71176 0.23016 0.33333 0.39429 0.20581 0.67262 0.21470 0.69338 1.00000 0.36364 1.00000 1.00000 0.38095 0.40161
32.00000 106.00000 0.31395 0.15385 1.00000 1.00000 0.51991 0.46956 0.38892 1.00000 1.00000 0.18966 0.68824 0.21879 0.33333 0.41143 0.22924 0.68452 0.23880 0.69049 1.00000 0.36364 1.00000 1.00000 0.38690 0.43770
32.00000 107.00000 0.50000 0.30769 1.00000 1.00000 0.41920 0.49775 0.49828 1.00000 1.00000 0.20977 0.68235 0.19573 0.33333 0.36571 0.19969 0.67262 0.23304 0.59392 1.00000 0.45455 1.00000 1.00000 0.48214 0.36163
32.00000 108.00000 0.34884 0.46154 1.00000 1.00000 0.32319 0.43962 0.40624 1.00000 1.00000 0.20067 0.70000 0.24583 0.33333 0.42286 0.20988 0.68452 0.22298 0.61178 1.00000 0.54545 1.00000 1.00000 0.39286 0.40700
32.00000 109.00000 0.54070 0.15385 1.00000 1.00000 0.39110 0.52124 0.54009 1.00000 1.00000 0.18247 0.72941 0.23021 0.33333 0.50286 0.18339 0.69643 0.23540 0.72260 1.00000 0.45455 1.00000 1.00000 0.40476 0.29251
32.00000 110.00000 0.44767 0.76923 1.00000 1.00000 0.42857 0.46017 0.48955 1.00000 1.00000 0.18439 0.70000 0.24939 0.33333 0.38286 0.19307 0.70238 0.28192 0.61106 1.00000 0.45455 1.00000 1.00000 0.42857 0.37545
32.00000 111.00000 0.42442 0.23077 1.00000 1.00000 0.41686 0.50832 0.47161 1.00000 1.00000 0.22366 0.69412 0.21126 0.33333 0.45714 0.19817 0.66071 0.21968 0.64872 1.00000 0.27273 1.00000 1.00000 0.43452 0.40217
32.00000 112.00000 0.59302 0.61538 1.00000 1.00000 0.40281 0.51008 0.35569 1.00000 1.00000 0.18870 0.69412 0.24167 0.33333 0.44000 0.17015 0.65476 0.24629 0.58305 1.00000 0.45455 1.00000 1.00000 0.34524 0.41080
32.00000 113.00000 0.52326 0.46154 1.00000 1.00000 0.28806 0.60971 0.51279 1.00000 1.00000 0.17337 0.70000 0.23344 0.33333 0.49143 0.18951 0.66667 0.25363 0.66321 1.00000 0.45455 1.00000 1.00000 0.43452 0.41071
32.00000 114.00000 0.56395 0.53846 1.00000 1.00000 0.52927 0.44608 0.57301 1.00000 1.00000 0.20402 0.70588 0.19712 0.33333 0.53143 0.18441 0.67262 0.24593 0.69870 1.00000 0.45455 1.00000 1.00000 0.36310 0.41757
32.00000 115.00000 0.59884 0.46154 1.00000 1.00000 0.48478 0.45567 0.38487 1.00000 1.00000 0.19013 0.70000 0.22799 0.33333 0.42286 0.17983 0.64881 0.28396 0.66224 1.00000 0.45455 1.00000 1.00000 0.42857 0.38454
32.00000 116.00000 0.58721 0.69231 1.00000 1.00000 0.53630 0.60286 0.48534 1.00000 1.00000 0.17625 0.69412 0.24158 0.33333 0.49714 0.20581 0.65476 0.22696 0.61661 1.00000 0.36364 1.00000 1.00000 0.49405 0.33862
32.00000 117.00000 0.22674 0.46154 1.00000 1.00000 0.49180 0.44647 0.41295 1.00000 1.00000 0.14895 0.67059 0.24976 0.33333 0.38286 0.19969 0.66071 0.23739 0.69049 1.00000 0.36364 1.00000 1.00000 0.38690 0.36515
32.00000 118.00000 0.41279 0.46154 1.00000 1.00000 0.45902 0.58700 0.49204 1.00000 1.00000 0.17002 0.69412 0.24033 0.33333 0.40000 0.18237 0.66667 0.24572 0.68228 1.00000 0.45455 1.00000 1.00000 0.43452 0.39354
32.00000 119.00000 0.52907 0.30769 1.00000 1.00000 0.40047 0.45743 0.33245 1.00000 1.00000 0.20259 0.64706 0.24481 0.33333 0.46857 0.18798 0.66667 0.24986 0.65572 1.00000 0.45455 1.00000 1.00000 0.43452 0.38343
32.00000 120.00000 0.58721 0.53846 1.00000 1.00000 0.43326 0.51634 0.46240 1.00000 1.00000 0.18487 0.67647 0.20918 0.33333 0.48571 0.19154 0.67857 0.25840 0.65934 1.00000 0.36364 1.00000 1.00000 0.38690 0.33519
32.00000 121.00000 0.37209 0.23077 1.00000 1.00000 0.37939 0.59620 0.42371 1.00000 1.00000 0.19875 0.70000 0.24874 0.33333 0.48571 0.18085 0.67857 0.24132 0.62120 1.00000 0.36364 1.00000 1.00000 0.47619 0.46164
32.00000 122.00000 0.51744 0.15385 1.00000 1.00000 0.41218 0.55823 0.41232 1.00000 1.00000 0.17912 0.68235 0.22919 0.33333 0.53714 0.19918 0.64286 0.23545 0.55094 1.00000 0.45455 1.00000 1.00000 0.33929 0.40440
32.00000 123.00000 0.54070 0.76923 1.00000 1.00000 0.40515 0.39812 0.51045 1.00000 1.00000 0.19061 0.71176 0.19767 0.33333 0.45714 0.19103 0.66667 0.25489 0.70256 1.00000 0.54545 1.00000 1.00000 0.50000 0.31320
32.00000 124.00000 0.38953 0.53846 1.00000 1.00000 0.37939 0.53572 0.39017 1.00000 1.00000 0.19492 0.69412 0.27837 0.33333 0.36000 0.16862 0.70833 0.28878 0.75085 1.00000 0.27273 1.00000 1.00000 0.47024 0.28546
32.00000 125.00000 0.51163 0.61538 1.00000 1.00000 0.48244 0.51693 0.41576 1.00000 1.00000 0.16810 0.68235 0.26062 0.33333 0.44571 0.19307 0.69643 0.28643 0.66200 1.00000 0.45455 1.00000 1.00000 0.39881 0.44485
32.00000 126.00000 0.56977 0.23077 1.00000 1.00000 0.53864 0.50949 0.49750 1.00000 1.00000 0.18726 0.67059 0.25235 0.33333 0.38857 0.19307 0.69048 0.27060 0.57195 1.00000 0.63636 1.00000 1.00000 0.40476 0.33556
32.00000 127.00000 0.65698 0.38462 1.00000 1.00000 0.37939 0.55843 0.42855 1.00000 1.00000 0.15326 0.66471 0.24527 0.33333 0.46857 0.18034 0.64881 0.26950 0.69773 1.00000 0.45455 1.00000 1.00000 0.42857 0.39373
32.00000 128.00000 0.54651 0.53846 1.00000 1.00000 0.29977 0.63672 0.52200 1.00000 1.00000 0.19540 0.67647 0.24495 0.33333 0.53714 0.18136 0.69048 0.27972 0.70087 1.00000 0.45455 1.00000 1.00000 0.45833 0.34530
32.00000 129.00000 0.65116 0.53846 1.00000 1.00000 0.42389 0.47700 0.55741 1.00000 1.00000 0.19828 0.69412 0.26866 0.33333 0.43429 0.20530 0.67857 0.30382 0.64727 1.00000 0.54545 1.00000 1.00000 0.47024 0.36942
32.00000 130.00000 0.38372 0.61538 1.00000 1.00000 0.43326 0.52045 0.49033 1.00000 1.00000 0.19923 0.68824 0.25660 0.33333 0.41143 0.18645 0.70238 0.29444 0.62265 1.00000 0.45455 1.00000 1.00000 0.31548 0.33472
32.00000 131.00000 0.37209 0.23077 1.00000 1.00000 0.46370 0.40673 0.53931 1.00000 1.00000 0.19013 0.70588 0.25332 0.33333 0.54286 0.22160 0.68452 0.30272 0.56929 1.00000 0.63636 1.00000 1.00000 0.36905 0.47388
32.00000 132.00000 0.54070 0.76923 1.00000 1.00000 0.36066 0.42102 0.41638 1.00000 1.00000 0.19444 0.68235 0.27578 0.33333 0.54286 0.18085 0.67857 0.29444 0.74843 1.00000 0.54545 1.00000 1.00000 0.26190 0.40922
32.00000 133.00000 0.46512 0.46154 1.00000 1.00000 0.50351 0.45860 0.46973 1.00000 1.00000 0.15517 0.66471 0.28807 0.33333 0.48571 0.21141 0.65476 0.29077 0.69242 1.00000 0.72727 1.00000 1.00000 0.27976 0.40032
32.00000 134.00000 0.49419 0.92308 1.00000 1.00000 0.39813 0.58779 0.41529 1.00000 1.00000 0.17146 0.67059 0.28946 0.33333 0.44000 0.20071 0.67857 0.30199 0.72139 1.00000 0.54545 1.00000 1.00000 0.38095 0.40143
32.00000 135.00000 0.44767 0.30769 1.00000 1.00000 0.39578 0.43707 0.66615 1.00000 1.00000 0.16140 0.68235 0.31053 0.33333 0.49714 0.16251 0.67262 0.30497 0.85321 1.00000 0.45455 1.00000 1.00000 0.47619 0.36664
32.00000 136.00000 0.44767 0.53846 1.00000 1.00000 0.36300 0.48463 0.46521 1.00000 1.00000 0.15805 0.67647 0.29616 0.33333 0.54286 0.20581 0.68452 0.30492 0.69556 1.00000 0.36364 1.00000 1.00000 0.29762 0.45023
32.00000 137.00000 0.62209 0.76923 1.00000 1.00000 0.46370 0.66862 0.55523 1.00000 1.00000 0.15182 0.68824 0.27846 0.33333 0.44000 0.18900 0.66667 0.32001 0.68831 1.00000 0.45455 1.00000 1.00000 0.38095 0.35653
32.00000 138.00000 0.50581 0.23077 1.00000 1.00000 0.54333 0.48072 0.45211 1.00000 1.00000 0.22989 0.68824 0.31335 0.33333 0.54286 0.16505 0.67262 0.31477 0.66127 1.00000 0.54545 1.00000 1.00000 0.42857 0.42759
32.00000 139.00000 0.61628 0.38462 1.00000 1.00000 0.53162 0.46252 0.46037 1.00000 1.00000 0.19301 0.67647 0.30360 0.33333 0.47429 0.19715 0.69643 0.29376 0.68711 1.00000 0.36364 1.00000 1.00000 0.17857 0.47092
32.00000 140.00000 0.41860 0.84615 1.00000 1.00000 0.58782 0.64259 0.45101 1.00000 1.00000 0.19301 0.68824 0.31788 0.33333 0.59429 0.16913 0.66071 0.34982 0.78778 1.00000 0.36364 1.00000 1.00000 0.31548 0.31404
32.00000 141.00000 0.79651 0.76923 1.00000 1.00000 0.43326 0.53200 0.57598 1.00000 1.00000 0.17529 0.68824 0.30697 0.33333 0.55429 0.16200 0.66667 0.33248 0.79141 1.00000 0.45455 1.00000 1.00000 0.40476 0.33194
32.00000 142.00000 0.48256 0.61538 1.00000 1.00000 0.49180 0.53572 0.39142 1.00000 1.00000 0.20690 0.68235 0.32028 0.33333 0.51429 0.21039 0.70238 0.31220 0.72984 1.00000 0.54545 1.00000 1.00000 0.42857 0.40375
32.00000 143.00000 0.43023 0.69231 1.00000 1.00000 0.55035 0.44725 0.54290 1.00000 1.00000 0.16092 0.65882 0.33031 0.33333 0.62286 0.18696 0.66071 0.31283 0.74698 1.00000 0.54545 1.00000 1.00000 0.45833 0.38519
32.00000 144.00000 0.45349 0.69231 1.00000 1.00000 0.39110 0.57878 0.48768 1.00000 1.00000 0.17098 0.65294 0.34094 0.33333 0.49714 0.16556 0.67857 0.33735 0.72863 1.00000 0.54545 1.00000 1.00000 0.30357 0.40403
32.00000 145.00000 0.53488 0.84615 1.00000 1.00000 0.48244 0.47994 0.49251 1.00000 1.00000 0.16140 0.67059 0.34436 0.33333 0.50286 0.19409 0.67857 0.34107 0.70063 1.00000 0.63636 1.00000 1.00000 0.41667 0.34576
32.00000 146.00000 0.52907 0.69231 1.00000 1.00000 0.46136 0.51360 0.54134 1.00000 1.00000 0.19013 0.69412 0.35093 0.33333 0.50857 0.17422 0.70833 0.35223 0.66803 1.00000 0.72727 1.00000 1.00000 0.38690 0.40180
32.00000 147.00000 0.47674 0.76923 1.00000 1.00000 0.41686 0.59405 0.51981 1.00000 1.00000 0.20307 0.71176 0.36128 0.33333 0.56000 0.16811 0.67857 0.34474 0.70859 1.00000 0.54545 1.00000 1.00000 0.30952 0.38000
32.00000 148.00000 0.39535 0.38462 1.00000 1.00000 0.41452 0.49423 0.50764 1.00000 1.00000 0.17002 0.68235 0.33891 0.33333 0.56000 0.17219 0.66667 0.36653 0.70328 1.00000 0.27273 1.00000 1.00000 0.34524 0.31951
32.00000 149.00000 0.45349 0.76923 1.00000 1.00000 0.58548 0.40849 0.44602 1.00000 1.00000 0.19253 0.73529 0.38009 0.33333 0.58286 0.17422 0.67262 0.40462 0.73322 1.00000 0.54545 1.00000 1.00000 0.38690 0.35857
32.00000 150.00000 0.45930 0.23077 1.00000 1.00000 0.52693 0.44177 0.47738 1.00000 1.00000 0.17960 0.68235 0.36627 0.33333 0.53714 0.16862 0.66667 0.35511 0.66900 1.00000 0.36364 1.00000 1.00000 0.43452 0.33695
32.00000 151.00000 0.57558 0.69231 1.00000 1.00000 0.61593 0.64905 0.54462 1.00000 1.00000 0.18870 0.67059 0.37131 0.33333 0.50286 0.16047 0.69643 0.38602 0.74336 1.00000 0.54545 1.00000 1.00000 0.30952 0.33537
32.00000 152.00000 0.34884 0.30769 1.00000 1.00000 0.41920 0.69759 0.48393 1.00000 1.00000 0.17625 0.71176 0.38097 0.33333 0.50857 0.16505 0.69048 0.40530 0.68300 1.00000 0.45455 1.00000 1.00000 0.36310 0.33677
32.00000 153.00000 0.48256 0.53846 1.00000 1.00000 0.44731 0.55236 0.46942 1.00000 1.00000 0.15709 0.68235 0.40019 0.33333 0.44571 0.18594 0.67857 0.41279 0.74481 1.00000 0.63636 1.00000 1.00000 0.37500 0.36014
32.00000 154.00000 0.72093 0.61538 1.00000 1.00000 0.53396 0.51419 0.51420 1.00000 1.00000 0.16954 0.70000 0.35911 0.33333 0.49714 0.18288 0.67857 0.38822 0.82183 1.00000 0.63636 1.00000 1.00000 0.43452 0.36794
32.00000 155.00000 0.62791 0.53846 1.00000 1.00000 0.43326 0.60227 0.39657 1.00000 1.00000 0.18870 0.72941 0.38069 0.33333 0.56000 0.18390 0.66071 0.39189 0.80806 1.00000 0.54545 1.00000 1.00000 0.23214 0.35866
32.00000 156.00000 0.48837 0.38462 1.00000 1.00000 0.54567 0.56606 0.53853 1.00000 1.00000 0.16523 0.71176 0.34728 0.33333 0.54286 0.15690 0.68452 0.40813 0.74988 1.00000 0.63636 1.00000 1.00000 0.36905 0.39438
32.00000 157.00000 0.65698 0.46154 1.00000 1.00000 0.48009 0.55608 0.49641 1.00000 1.00000 0.16427 0.70000 0.43000 0.33333 0.56000 0.17066 0.66071 0.42212 0.75833 1.00000 0.54545 1.00000 1.00000 0.40476 0.28500
32.00000 158.00000 0.32558 0.15385 1.00000 1.00000 0.52459 0.61499 0.54462 1.00000 1.00000 0.15996 0.70000 0.40643 0.33333 0.51429 0.15639 0.68452 0.41279 0.78006 1.00000 0.54545 1.00000 1.00000 0.20833 0.41739
32.00000 159.00000 0.61628 0.84615 1.00000 1.00000 0.49649 0.62145 0.60031 1.00000 1.00000 0.13985 0.74118 0.42913 0.33333 0.61714 0.16047 0.70238 0.40970 0.76388 1.00000 0.72727 1.00000 1.00000 0.27976 0.41525
32.00000 160.00000 0.47674 0.84615 1.00000 1.00000 0.44262 0.62224 0.51856 1.00000 1.00000 0.18343 0.67647 0.44050 0.33333 0.57714 0.20020 0.69643 0.44784 0.72863 1.00000 0.63636 1.00000 1.00000 0.35119 0.29196
32.00000 161.00000 0.50000 0.76923 1.00000 1.00000 0.46136 0.63535 0.61014 1.00000 1.00000 0.17481 0.70588 0.43717 0.33333 0.70286 0.15996 0.71429 0.45539 0.82376 1.00000 0.54545 1.00000 1.00000 0.35714 0.27340
32.00000 162.00000 0.33721 0.76923 1.00000 1.00000 0.49180 0.57369 0.63822 1.00000 1.00000 0.15661 0.71765 0.43426 0.33333 0.62857 0.16862 0.67857 0.46791 0.76195 1.00000 0.54545 1.00000 1.00000 0.46429 0.34660
32.00000 163.00000 0.26163 0.30769 1.00000 1.00000 0.48244 0.60736 0.63339 1.00000 1.00000 0.15038 0.69412 0.46236 0.33333 0.62857 0.17371 0.70238 0.46901 0.78175 1.00000 0.45455 1.00000 1.00000 0.21429 0.28370
32.00000 164.00000 0.33140 0.30769 1.00000 1.00000 0.48244 0.70053 0.62012 1.00000 1.00000 0.17960 0.68824 0.47206 0.33333 0.51429 0.15894 0.66667 0.48174 0.70111 1.00000 0.54545 1.00000 1.00000 0.31548 0.38102
32.00000 165.00000 0.71512 0.69231 1.00000 1.00000 0.52693 0.54825 0.56568 1.00000 1.00000 0.13841 0.70000 0.46342 0.33333 0.63429 0.13754 0.68452 0.49804 0.78730 1.00000 0.54545 1.00000 1.00000 0.26190 0.29400
32.00000 166.00000 0.25000 0.23077 1.00000 1.00000 0.55504 0.60697 0.63401 1.00000 1.00000 0.17481 0.70588 0.45542 0.33333 0.53714 0.12837 0.72024 0.48420 0.75809 1.00000 0.54545 1.00000 1.00000 0.36905 0.39419
32.00000 167.00000 0.46512 0.46154 1.00000 1.00000 0.58782 0.78039 0.67863 1.00000 1.00000 0.13123 0.67059 0.52267 0.33333 0.61714 0.17473 0.68452 0.49992 0.86649 1.00000 0.72727 1.00000 1.00000 0.29762 0.20586
32.00000 168.00000 0.33721 0.61538 1.00000 1.00000 0.53162 0.67743 0.71981 1.00000 1.00000 0.16188 0.65294 0.51250 0.33333 0.60571 0.16047 0.68452 0.52680 0.67842 1.00000 0.63636 1.00000 1.00000 0.35119 0.29789
32.00000 169.00000 0.56395 0.53846 1.00000 1.00000 0.59719 0.59601 0.61778 1.00000 1.00000 0.15996 0.66471 0.51121 0.33333 0.62286 0.17983 0.69048 0.54582 0.84790 1.00000 0.63636 1.00000 1.00000 0.24405 0.37619
32.00000 170.00000 0.63372 0.61538 1.00000 1.00000 0.57377 0.59620 0.58939 1.00000 1.00000 0.16715 0.72353 0.52988 0.33333 0.59429 0.17524 0.70833 0.53529 0.78923 1.00000 0.63636 1.00000 1.00000 0.38095 0.30782
32.00000 171.00000 0.61628 0.23077 1.00000 1.00000 0.51288 0.62948 0.65429 1.00000 1.00000 0.15900 0.72353 0.52068 0.33333 0.64000 0.16454 0.69048 0.53838 0.70546 1.00000 0.72727 1.00000 1.00000 0.40476 0.30031
32.00000 172.00000 0.58721 0.30769 1.00000 1.00000 0.54567 0.67939 0.75242 1.00000 1.00000 0.13362 0.72353 0.56810 0.33333 0.65143 0.12175 0.70833 0.56614 0.83655 1.00000 0.63636 1.00000 1.00000 0.30357 0.19965
32.00000 173.00000 0.30814 0.46154 1.00000 1.00000 0.55035 0.54198 0.66739 1.00000 1.00000 0.17816 0.72353 0.56348 0.33333 0.62857 0.15588 0.70238 0.57783 0.75930 1.00000 0.54545 1.00000 1.00000 0.21429 0.27303
32.00000 174.00000 0.62209 0.23077 1.00000 1.00000 0.65340 0.59738 0.73245 1.00000 1.00000 0.10776 0.74118 0.58173 0.33333 0.61143 0.15079 0.70238 0.59512 0.88870 1.00000 0.81818 1.00000 1.00000 0.23810 0.19436
32.00000 175.00000 0.65698 0.76923 1.00000 1.00000 0.42857 0.72891 0.70140 1.00000 1.00000 0.10297 0.72941 0.63336 0.33333 0.72000 0.16200 0.70833 0.62220 0.77668 1.00000 0.63636 1.00000 1.00000 0.25000 0.25151
32.00000 176.00000 0.69186 0.69231 1.00000 1.00000 0.58548 0.65688 0.66942 1.00000 1.00000 0.14080 0.70000 0.60979 0.33333 0.82286 0.16658 0.69048 0.61141 0.78199 1.00000 0.72727 1.00000 1.00000 0.35119 0.25392
32.00000 177.00000 0.69767 0.38462 1.00000 1.00000 0.78689 0.67547 0.70655 1.00000 1.00000 0.17720 0.71765 0.64182 0.33333 0.63429 0.14926 0.70238 0.62723 0.85707 1.00000 0.72727 1.00000 1.00000 0.22024 0.17794
32.00000 178.00000 0.53488 0.69231 1.00000 1.00000 0.55269 0.78978 0.71108 1.00000 1.00000 0.11830 0.71176 0.64307 0.33333 0.72571 0.15079 0.67857 0.64866 0.83317 1.00000 0.72727 1.00000 1.00000 0.24405 0.20187
32.00000 179.00000 0.58140 0.46154 1.00000 1.00000 0.51991 0.78743 0.84087 1.00000 1.00000 0.10824 0.74118 0.65175 0.33333 0.76571 0.12022 0.72619 0.65888 0.79116 1.00000 0.90909 1.00000 1.00000 0.25000 0.19492
32.00000 180.00000 0.50581 0.30769 1.00000 1.00000 0.68384 0.77236 0.71014 1.00000 1.00000 0.11734 0.70588 0.65254 0.33333 0.78286 0.15079 0.72619 0.66281 0.86263 1.00000 0.63636 1.00000 1.00000 0.32738 0.31803
32.00000 181.00000 0.52326 0.30769 1.00000 1.00000 0.58314 0.74007 0.76256 1.00000 1.00000 0.11255 0.71765 0.69885 0.33333 0.66286 0.16302 0.70238 0.67093 0.84790 1.00000 0.81818 1.00000 1.00000 0.19048 0.22266
32.00000 182.00000 0.54070 0.46154 1.00000 1.00000 0.61827 0.77080 0.84743 1.00000 1.00000 0.09004 0.71765 0.71401 0.33333 0.70857 0.14620 0.70833 0.69435 0.80927 1.00000 0.90909 1.00000 1.00000 0.17262 0.19167
32.00000 183.00000 0.69767 0.61538 1.00000 1.00000 0.52927 0.74418 0.73105 1.00000 1.00000 0.13410 0.73529 0.76041 0.33333 0.80000 0.16251 0.70833 0.72190 0.86866 1.00000 0.81818 1.00000 1.00000 0.09524 0.25791
32.00000 184.00000 0.44186 0.69231 1.00000 1.00000 0.75878 0.81816 0.79064 1.00000 1.00000 0.11207 0.71176 0.77021 0.33333 0.74286 0.13551 0.73214 0.74538 0.78899 1.00000 0.81818 1.00000 1.00000 0.16071 0.12181
32.00000 185.00000 0.31977 0.84615 1.00000 1.00000 0.51991 0.74653 0.72075 1.00000 1.00000 0.10441 0.72941 0.74349 0.33333 0.81143 0.12990 0.73214 0.76109 0.89884 1.00000 0.81818 1.00000 1.00000 0.16667 0.21885
32.00000 186.00000 0.48256 0.38462 1.00000 1.00000 0.67447 0.82580 0.83479 1.00000 1.00000 0.10105 0.71765 0.77321 0.33333 0.77714 0.12888 0.73214 0.76476 0.88170 1.00000 0.81818 1.00000 1.00000 0.25000 0.16532
32.00000 187.00000 0.47093 0.84615 1.00000 1.00000 0.55972 0.83304 0.79766 1.00000 1.00000 0.10824 0.72353 0.82146 0.33333 0.86286 0.13449 0.74405 0.81160 0.87904 1.00000 0.90909 1.00000 1.00000 0.17857 0.19037
32.00000 188.00000 0.53488 0.53846 1.00000 1.00000 0.65574 0.73106 0.76349 1.00000 1.00000 0.08046 0.74706 0.79563 0.33333 0.85714 0.13194 0.73810 0.78561 0.92226 1.00000 0.81818 1.00000 1.00000 0.10714 0.08108
32.00000 189.00000 0.36047 0.30769 1.00000 1.00000 0.57845 0.84400 0.77598 1.00000 1.00000 0.10536 0.74706 0.84471 0.33333 0.99429 0.09119 0.73810 0.83334 0.89981 1.00000 0.90909 1.00000 1.00000 0.21429 0.20494
