209.00000 1.00000 0.59530 0.73717 0.00000 0.23809 0.00505 0.03814 0.05050 0.29318 0.20881 0.09272 0.00106 0.01710 0.02703 0.04235 0.08809 0.00157 0.06329 0.94823 0.00000 0.04167 0.00000 0.00000 0.13717 0.14761
209.00000 2.00000 0.59528 0.73765 0.00000 0.23809 0.00890 0.04497 0.06039 0.29318 0.20881 0.09312 0.00120 0.02335 0.02703 0.04886 0.08964 0.00154 0.05910 0.94160 0.00000 0.06250 0.00000 0.00000 0.13717 0.14225
209.00000 3.00000 0.59527 0.73848 0.00000 0.23809 0.01532 0.07398 0.05692 0.29318 0.20881 0.09159 0.00114 0.02085 0.02703 0.04235 0.09017 0.00143 0.05631 0.94032 0.00000 0.04167 0.00000 0.00000 0.13752 0.14582
209.00000 4.00000 0.47614 0.83219 1.00000 0.62699 0.66125 0.66122 0.54910 0.50794 0.49937 0.47258 0.86403 0.59416 0.40541 0.66368 0.47196 0.99347 0.49841 0.33245 0.00000 0.64583 0.86469 1.00000 0.49314 0.49837
209.00000 5.00000 0.47625 0.83314 1.00000 0.62699 0.65768 0.65261 0.55514 0.50794 0.50000 0.47213 0.86403 0.60310 0.40541 0.66531 0.46988 0.99350 0.49629 0.33560 0.00000 0.66667 0.86469 1.00000 0.48868 0.49611
209.00000 6.00000 0.47620 0.83266 1.00000 0.62699 0.65878 0.64990 0.54607 0.50794 0.50000 0.47174 0.86390 0.59606 0.40541 0.67915 0.47229 0.99341 0.50628 0.33260 0.00000 0.64583 0.86469 1.00000 0.49280 0.48978
209.00000 7.00000 0.59517 0.73634 0.00000 0.23809 0.01303 0.04732 0.05168 0.29318 0.20818 0.09143 0.00108 0.02364 0.02703 0.03502 0.09065 0.00157 0.06129 0.93739 0.00000 0.04167 0.00000 0.00000 0.14712 0.14959
209.00000 8.00000 0.00003 0.00000 1.00000 1.00000 0.98440 0.95305 0.93588 1.00000 1.00000 0.99346 0.99932 0.86361 1.00000 0.90879 0.99495 0.99341 0.66575 0.03409 1.00000 0.92708 1.00000 1.00000 0.98457 0.98582
209.00000 9.00000 0.23800 0.29691 1.00000 0.59794 0.63648 0.69982 0.66247 0.61718 0.61509 0.61381 0.85330 0.63874 0.89189 0.74267 0.61679 0.99372 0.65873 0.11175 1.00000 0.67708 0.85412 1.00000 0.63443 0.63307
209.00000 10.00000 0.59510 0.73634 0.00000 0.23809 0.01147 0.04751 0.05165 0.29318 0.20881 0.09329 0.00118 0.01967 0.02703 0.05212 0.08994 0.00143 0.06062 0.94603 0.00000 0.02083 0.00000 0.00000 0.14129 0.14362
209.00000 11.00000 0.83326 0.99762 1.00000 0.06027 0.18442 0.31088 0.24334 0.14659 0.14403 0.13744 0.65056 0.29998 0.24324 0.47394 0.13689 0.99328 0.52416 0.35102 0.00000 0.31250 0.65116 1.00000 0.16701 0.16578
209.00000 12.00000 0.23819 0.29691 1.00000 0.59794 0.63556 0.69598 0.70202 0.61718 0.61509 0.61248 0.85336 0.63914 0.89189 0.75489 0.61583 0.99372 0.66490 0.11522 1.00000 0.69792 0.85412 1.00000 0.63100 0.63274
209.00000 13.00000 0.59531 0.73705 0.00000 0.23809 0.00679 0.05908 0.07389 0.29318 0.20881 0.09188 0.00106 0.02584 0.02703 0.04153 0.08949 0.00171 0.06065 0.93871 0.00000 0.03125 0.00000 0.00000 0.14472 0.14726
209.00000 14.00000 0.99979 0.99762 1.00000 0.00000 0.12662 0.29915 0.27098 0.00000 0.00063 0.00358 0.62725 0.26547 0.24324 0.47394 0.00528 0.99283 0.55674 0.37485 0.00000 0.29167 0.62791 1.00000 0.01612 0.02276
209.00000 15.00000 0.23801 0.29739 1.00000 0.59794 0.63786 0.69934 0.69496 0.61718 0.61509 0.61439 0.85332 0.64215 0.89189 0.75081 0.61420 0.99347 0.66790 0.12493 1.00000 0.68750 0.85412 1.00000 0.63203 0.62894
209.00000 16.00000 0.23804 0.29691 1.00000 0.59794 0.64015 0.68560 0.68380 0.61718 0.61509 0.61579 0.85343 0.65052 0.89189 0.74674 0.61466 0.99344 0.66016 0.12716 1.00000 0.68750 0.85412 1.00000 0.63032 0.63533
209.00000 17.00000 0.59518 0.73670 0.00000 0.23809 0.01184 0.04816 0.05315 0.29318 0.20881 0.09152 0.00106 0.01841 0.02703 0.02443 0.09042 0.00152 0.05567 0.93856 0.00000 0.05208 0.00000 0.00000 0.13717 0.14203
209.00000 18.00000 0.99982 0.99762 1.00000 0.00000 0.12836 0.30026 0.24696 0.00000 0.00000 0.00492 0.62732 0.27225 0.24324 0.48290 0.00492 0.99292 0.55622 0.38558 0.00000 0.28125 0.62791 1.00000 0.01440 0.02379
209.00000 19.00000 0.47621 0.83135 1.00000 0.62699 0.66309 0.66160 0.54506 0.50794 0.50000 0.47308 0.86403 0.59951 0.40541 0.66857 0.47082 0.99352 0.52102 0.32920 1.00000 0.64583 0.86469 1.00000 0.49246 0.48936
209.00000 20.00000 0.00002 0.00107 1.00000 1.00000 0.98018 0.93304 0.92363 1.00000 1.00000 0.99399 0.99937 0.86603 1.00000 0.91287 0.99584 0.99336 0.68127 0.03577 1.00000 0.94792 1.00000 1.00000 0.98422 0.97906
209.00000 21.00000 0.47627 0.83135 1.00000 0.62699 0.66290 0.66642 0.55832 0.50794 0.49937 0.47141 0.86413 0.60010 0.40541 0.64658 0.47262 0.99325 0.50871 0.33048 0.00000 0.64583 0.86469 1.00000 0.49074 0.48875
209.00000 22.00000 0.23822 0.29751 1.00000 0.59794 0.62951 0.68167 0.69629 0.61718 0.61509 0.61601 0.85334 0.64192 0.89189 0.76303 0.61491 0.99352 0.66542 0.11826 1.00000 0.67708 0.85412 1.00000 0.62997 0.63937
209.00000 23.00000 0.59525 0.73634 0.00000 0.23809 0.01028 0.02346 0.05916 0.29318 0.20881 0.09128 0.00120 0.02124 0.02703 0.04316 0.09108 0.00157 0.05812 0.94808 0.00000 0.05208 0.00000 0.00000 0.13923 0.14662
209.00000 24.00000 0.59515 0.73634 0.00000 0.23809 0.01055 0.05085 0.08001 0.29318 0.20881 0.09276 0.00129 0.01819 0.02703 0.03746 0.08966 0.00168 0.04894 0.93497 0.00000 0.04167 0.00000 0.00000 0.13923 0.14536
209.00000 25.00000 0.23808 0.29917 1.00000 0.59794 0.62887 0.70205 0.67544 0.61718 0.61509 0.61269 0.85336 0.64674 0.89189 0.74349 0.61532 0.99339 0.67249 0.10695 1.00000 0.68750 0.85412 1.00000 0.62654 0.64054
209.00000 26.00000 0.47615 0.83135 1.00000 0.62699 0.66336 0.66420 0.56463 0.50794 0.50000 0.47115 0.86403 0.59612 0.40541 0.67182 0.47049 0.99350 0.51045 0.33114 0.00000 0.63542 0.86469 1.00000 0.49143 0.49127
209.00000 27.00000 0.59520 0.73824 0.00000 0.23809 0.01358 0.04849 0.06629 0.29318 0.20818 0.09164 0.00108 0.01921 0.02703 0.04723 0.08977 0.00160 0.04958 0.95207 0.00000 0.04167 0.00000 0.00000 0.13889 0.14024
209.00000 28.00000 0.83319 0.99762 1.00000 0.06027 0.18525 0.33119 0.26120 0.14659 0.14403 0.13775 0.65054 0.29126 0.24324 0.45928 0.13550 0.99322 0.51990 0.36969 0.00000 0.32292 0.65116 1.00000 0.15501 0.16516
209.00000 29.00000 0.59509 0.73860 0.00000 0.23809 0.01119 0.04524 0.05035 0.29318 0.20881 0.09267 0.00112 0.01932 0.02703 0.02362 0.09078 0.00146 0.03908 0.93424 0.00000 0.04167 0.00000 0.00000 0.13786 0.14568
209.00000 30.00000 0.99995 0.99762 1.00000 0.00000 0.12634 0.30294 0.25646 0.00000 0.00000 0.00430 0.62713 0.26609 0.24324 0.47883 0.00408 0.99300 0.56162 0.39089 0.00000 0.28125 0.62791 1.00000 0.01749 0.01772
209.00000 31.00000 0.47623 0.83337 1.00000 0.62699 0.66410 0.65740 0.57120 0.50794 0.50000 0.47332 0.86394 0.60141 0.40541 0.66612 0.47092 0.99358 0.49445 0.32499 0.00000 0.65625 0.86469 1.00000 0.48903 0.49252
209.00000 32.00000 0.47620 0.83135 1.00000 0.62699 0.66346 0.64963 0.54475 0.50794 0.50000 0.47174 0.86394 0.59387 0.40541 0.66450 0.47148 0.99339 0.50683 0.32034 0.00000 0.65625 0.86469 1.00000 0.48697 0.49264
209.00000 33.00000 0.59528 0.73634 0.00000 0.23809 0.01294 0.04342 0.07430 0.29318 0.20881 0.09245 0.00122 0.01726 0.02703 0.06596 0.09030 0.00160 0.04860 0.94636 0.00000 0.06250 0.00000 0.00000 0.14540 0.14046
209.00000 34.00000 0.99982 0.99762 1.00000 0.00000 0.13240 0.28945 0.23973 0.00000 0.00063 0.00375 0.62732 0.26859 0.24324 0.48046 0.00358 0.99300 0.55522 0.38690 0.00000 0.28125 0.62791 1.00000 0.01029 0.01806
209.00000 35.00000 0.00006 0.00107 1.00000 1.00000 0.98064 0.93937 0.91561 1.00000 1.00000 0.99418 0.99951 0.87360 1.00000 0.91612 0.99685 0.99355 0.67661 0.03574 1.00000 0.94792 1.00000 1.00000 0.98182 0.98491
209.00000 36.00000 0.99978 0.99762 1.00000 0.00000 0.12854 0.28222 0.24683 0.00000 0.00063 0.00329 0.62721 0.27476 0.24324 0.46906 0.00462 0.99283 0.55243 0.37372 0.00000 0.29167 0.62791 1.00000 0.01372 0.01813
209.00000 37.00000 0.99985 0.99762 1.00000 0.00000 0.13166 0.28243 0.24585 0.00000 0.00000 0.00594 0.62732 0.27197 0.24324 0.48697 0.00289 0.99289 0.55132 0.38133 0.00000 0.31250 0.62791 1.00000 0.02058 0.02214
209.00000 38.00000 0.83318 0.99762 1.00000 0.06027 0.18837 0.34024 0.25957 0.14659 0.14403 0.13694 0.65063 0.29250 0.24324 0.46417 0.13798 0.99314 0.51004 0.36123 0.00000 0.33333 0.65116 1.00000 0.16324 0.15901
209.00000 39.00000 0.47624 0.83349 1.00000 0.62699 0.66474 0.65396 0.53902 0.50794 0.50000 0.47160 0.86392 0.60367 0.40541 0.66450 0.47204 0.99344 0.49745 0.31440 0.00000 0.64583 0.86469 1.00000 0.48971 0.49584
209.00000 40.00000 0.00001 0.00000 1.00000 1.00000 0.98468 0.94108 0.93118 1.00000 1.00000 0.99558 0.99935 0.86235 1.00000 0.91531 0.99439 0.99344 0.68727 0.02292 1.00000 0.93750 1.00000 1.00000 0.98628 0.98534
209.00000 41.00000 0.59523 0.73634 0.00000 0.23809 0.01202 0.03912 0.07796 0.29318 0.20881 0.09503 0.00103 0.01864 0.02703 0.04072 0.08987 0.00152 0.06288 0.94138 0.00000 0.04167 0.00000 0.00000 0.13717 0.14050
209.00000 42.00000 0.99996 0.99834 1.00000 0.00000 0.13331 0.27894 0.24217 0.00000 0.00000 0.00389 0.62721 0.26851 0.24324 0.49756 0.00259 0.99281 0.55779 0.37760 0.00000 0.28125 0.62791 1.00000 0.00823 0.02034
209.00000 43.00000 0.23820 0.29774 1.00000 0.59794 0.64070 0.70367 0.68269 0.61718 0.61509 0.61365 0.85332 0.64617 0.89189 0.75000 0.61375 0.99352 0.66402 0.12061 1.00000 0.68750 0.85412 1.00000 0.62929 0.63051
209.00000 44.00000 0.59516 0.73634 0.00000 0.23809 0.01523 0.03771 0.05461 0.29318 0.20881 0.09329 0.00114 0.02095 0.02703 0.05537 0.09060 0.00165 0.05486 0.94823 0.00000 0.05208 0.00000 0.00000 0.13957 0.14304
209.00000 45.00000 0.59525 0.73634 0.00000 0.23809 0.00651 0.07062 0.05796 0.29318 0.20818 0.09276 0.00114 0.02239 0.02703 0.04560 0.08908 0.00163 0.04627 0.94380 0.00000 0.03125 0.00000 0.00000 0.13820 0.14438
209.00000 46.00000 0.00002 0.00000 1.00000 1.00000 0.97945 0.93122 0.94437 1.00000 1.00000 0.99477 0.99954 0.87728 1.00000 0.92020 0.99445 0.99344 0.67351 0.04386 1.00000 0.93750 1.00000 1.00000 0.98251 0.98316
209.00000 47.00000 0.83333 0.99762 1.00000 0.06027 0.19020 0.34195 0.24948 0.14659 0.14403 0.13878 0.65061 0.28662 0.24324 0.46173 0.13560 0.99308 0.50857 0.36555 0.00000 0.34375 0.65116 1.00000 0.15466 0.16268
209.00000 48.00000 0.47613 0.83266 1.00000 0.62699 0.65878 0.66317 0.54864 0.50794 0.49937 0.47091 0.86392 0.60381 0.40541 0.67834 0.47153 0.99347 0.49650 0.31448 0.00000 0.63542 0.86469 1.00000 0.48868 0.49419
209.00000 49.00000 0.47612 0.83278 1.00000 0.62699 0.65878 0.65559 0.54573 0.50794 0.50000 0.47208 0.86398 0.59828 0.40541 0.67508 0.47219 0.99350 0.50647 0.32568 0.00000 0.64583 0.86469 1.00000 0.48491 0.48758
209.00000 50.00000 0.00006 0.00238 1.00000 1.00000 0.98073 0.95140 0.92351 1.00000 1.00000 0.99535 0.99937 0.86636 1.00000 0.92182 0.99642 0.99339 0.68118 0.02508 1.00000 0.93750 1.00000 1.00000 0.98148 0.98903
209.00000 51.00000 0.47607 0.83135 1.00000 0.62699 0.66079 0.65331 0.53367 0.50794 0.49937 0.47320 0.86398 0.60080 0.40541 0.67345 0.47102 0.99358 0.50400 0.33381 0.00000 0.63542 0.86469 1.00000 0.48937 0.49163
209.00000 52.00000 0.00005 0.00000 1.00000 1.00000 0.98550 0.94309 0.94264 1.00000 1.00000 0.99351 0.99945 0.86843 1.00000 0.91042 0.99622 0.99336 0.68192 0.02783 1.00000 0.94792 1.00000 1.00000 0.98045 0.98809
209.00000 53.00000 0.59526 0.73634 0.00000 0.23809 0.00890 0.05161 0.07067 0.29318 0.20881 0.09186 0.00101 0.02122 0.02703 0.05130 0.08873 0.00152 0.05512 0.96079 0.00000 0.04167 0.00000 0.00000 0.14060 0.14561
209.00000 54.00000 0.83335 0.99786 1.00000 0.06027 0.18515 0.32897 0.25959 0.14659 0.14403 0.13751 0.65048 0.29363 0.24324 0.46417 0.13702 0.99306 0.51154 0.36669 0.00000 0.32292 0.65116 1.00000 0.15501 0.16506
209.00000 55.00000 0.23815 0.29691 1.00000 0.59794 0.63767 0.72399 0.68007 0.61718 0.61509 0.61448 0.85343 0.64496 0.89189 0.77199 0.61486 0.99366 0.67261 0.11830 1.00000 0.67708 0.85412 1.00000 0.62346 0.63079
209.00000 56.00000 0.83317 0.99905 1.00000 0.06027 0.18543 0.34097 0.26118 0.14659 0.14403 0.13825 0.65058 0.28903 0.24324 0.47557 0.13588 0.99328 0.51642 0.35999 0.00000 0.33333 0.65116 1.00000 0.15981 0.16101
209.00000 57.00000 0.83325 0.99857 1.00000 0.06027 0.18571 0.33832 0.26965 0.14659 0.14403 0.13601 0.65056 0.29484 0.24324 0.45114 0.13603 0.99311 0.50990 0.37969 0.00000 0.31250 0.65116 1.00000 0.16495 0.16708
209.00000 58.00000 0.59520 0.73634 0.00000 0.23809 0.00706 0.04876 0.07394 0.29318 0.20881 0.09396 0.00112 0.02302 0.02703 0.03990 0.09020 0.00160 0.04756 0.92816 0.00000 0.04167 0.00000 0.00000 0.14472 0.14610
209.00000 59.00000 0.99982 0.99762 1.00000 0.00000 0.12900 0.30440 0.25304 0.00000 0.00000 0.00463 0.62730 0.27068 0.24324 0.49023 0.00441 0.99300 0.55201 0.38375 0.00000 0.29167 0.62791 1.00000 0.01475 0.02031
209.00000 60.00000 0.99978 0.99762 1.00000 0.00000 0.13295 0.30056 0.25485 0.00000 0.00000 0.00532 0.62730 0.27224 0.24324 0.47313 0.00244 0.99289 0.54344 0.39294 0.00000 0.27083 0.62791 1.00000 0.01235 0.01267
209.00000 61.00000 0.99990 0.99762 1.00000 0.00000 0.13588 0.31253 0.25978 0.00000 0.00063 0.00387 0.62723 0.27316 0.24324 0.48290 0.00276 0.99306 0.55634 0.37866 0.00000 0.29167 0.62791 1.00000 0.01269 0.01503
209.00000 62.00000 0.99998 0.99786 1.00000 0.00000 0.13249 0.30180 0.25552 0.00000 0.00063 0.00482 0.62730 0.27049 0.24324 0.46906 0.00289 0.99289 0.55365 0.38002 0.00000 0.28125 0.62791 1.00000 0.01200 0.02401
209.00000 63.00000 0.23809 0.29691 1.00000 0.59794 0.63969 0.68888 0.68892 0.61718 0.61509 0.61458 0.85334 0.64620 0.89189 0.73860 0.61456 0.99369 0.67404 0.13020 1.00000 0.70833 0.85412 1.00000 0.62620 0.62929
209.00000 64.00000 0.83318 0.99762 1.00000 0.06027 0.18506 0.34869 0.25788 0.14659 0.14403 0.13873 0.65071 0.29610 0.24324 0.48290 0.13590 0.99314 0.51416 0.37716 0.00000 0.32292 0.65116 1.00000 0.15706 0.16432
209.00000 65.00000 0.47624 0.83266 1.00000 0.62699 0.66153 0.67577 0.53820 0.50794 0.50000 0.47115 0.86394 0.60153 0.40541 0.64984 0.47102 0.99341 0.50674 0.32663 0.00000 0.65625 0.86469 1.00000 0.49177 0.48815
209.00000 66.00000 0.47607 0.83135 1.00000 0.62699 0.66107 0.66136 0.57098 0.50794 0.50000 0.47339 0.86405 0.59459 0.40541 0.68811 0.47094 0.99361 0.50231 0.32059 0.00000 0.65625 0.86469 1.00000 0.49005 0.49410
209.00000 67.00000 0.00004 0.00000 1.00000 1.00000 0.98137 0.95032 0.92076 1.00000 1.00000 0.99351 0.99947 0.87212 1.00000 0.94218 0.99445 0.99352 0.68925 0.03412 1.00000 0.94792 1.00000 1.00000 0.98285 0.98171
209.00000 68.00000 0.23817 0.29691 1.00000 0.59794 0.63731 0.70733 0.68257 0.61718 0.61572 0.61625 0.85353 0.64760 0.89189 0.75163 0.61469 0.99347 0.66897 0.11442 1.00000 0.69792 0.85412 1.00000 0.62997 0.63017
209.00000 69.00000 0.23821 0.29691 1.00000 0.59794 0.63969 0.70140 0.71273 0.61718 0.61509 0.61350 0.85349 0.64571 0.89189 0.75407 0.61370 0.99369 0.64445 0.12094 1.00000 0.70833 0.85412 1.00000 0.63066 0.63209
209.00000 70.00000 0.00002 0.00107 1.00000 1.00000 0.97807 0.95243 0.95562 1.00000 1.00000 0.99241 0.99951 0.87138 1.00000 0.92264 0.99427 0.99336 0.68998 0.05466 1.00000 0.93750 1.00000 1.00000 0.98045 0.98310
209.00000 71.00000 0.99984 0.99822 1.00000 0.00000 0.13111 0.30660 0.26065 0.00000 0.00063 0.00477 0.62730 0.27484 0.24324 0.49186 0.00391 0.99283 0.54758 0.38302 0.00000 0.29167 0.62791 1.00000 0.01715 0.01877
209.00000 72.00000 0.47618 0.83135 1.00000 0.62699 0.66098 0.66008 0.54877 0.50794 0.50000 0.47260 0.86398 0.59797 0.40541 0.67752 0.47127 0.99347 0.51478 0.32938 0.00000 0.65625 0.86469 1.00000 0.48800 0.48635
209.00000 73.00000 0.83319 0.99881 1.00000 0.06027 0.18662 0.33645 0.26886 0.14659 0.14403 0.13696 0.65058 0.29544 0.24324 0.46336 0.13765 0.99325 0.52540 0.35962 0.00000 0.32292 0.65116 1.00000 0.15878 0.16362
209.00000 74.00000 0.23820 0.29691 1.00000 0.59794 0.63263 0.70091 0.68473 0.61718 0.61509 0.61381 0.85343 0.64111 0.89189 0.75244 0.61425 0.99355 0.67511 0.11431 1.00000 0.70833 0.85412 1.00000 0.62346 0.63576
209.00000 75.00000 0.99980 0.99762 1.00000 0.00000 0.12845 0.30104 0.26183 0.00000 0.00063 0.00532 0.62736 0.27055 0.24324 0.48616 0.00449 0.99306 0.56019 0.37614 0.00000 0.29167 0.62791 1.00000 0.00823 0.02050
209.00000 76.00000 0.23817 0.29881 1.00000 0.59794 0.63951 0.69869 0.68919 0.61718 0.61572 0.61384 0.85338 0.64879 0.89189 0.75733 0.61568 0.99363 0.67297 0.11958 1.00000 0.70833 0.85412 1.00000 0.63512 0.63327
209.00000 77.00000 0.99985 0.99762 1.00000 0.00000 0.12854 0.31740 0.24034 0.00000 0.00063 0.00566 0.62723 0.27262 0.24324 0.46254 0.00325 0.99297 0.56841 0.38331 0.00000 0.29167 0.62791 1.00000 0.01097 0.02031
209.00000 78.00000 0.83315 0.99762 1.00000 0.06027 0.18268 0.32429 0.25675 0.14659 0.14403 0.13646 0.65069 0.30049 0.24324 0.47068 0.13692 0.99306 0.51442 0.35497 0.00000 0.33333 0.65116 1.00000 0.16015 0.16847
209.00000 79.00000 0.47628 0.83230 1.00000 0.62699 0.66428 0.67680 0.54234 0.50794 0.50000 0.47003 0.86400 0.60310 0.37838 0.67590 0.47153 0.99350 0.50228 0.34011 0.00000 0.66667 0.86469 1.00000 0.49143 0.49921
209.00000 80.00000 0.59515 0.73634 0.00000 0.23809 0.01422 0.04286 0.08588 0.29318 0.20881 0.09131 0.00120 0.01601 0.02703 0.05049 0.08979 0.00179 0.06419 0.94047 0.00000 0.05208 0.00000 0.00000 0.14540 0.14260
209.00000 81.00000 0.99999 0.99762 1.00000 0.00000 0.12643 0.29955 0.25473 0.00000 0.00000 0.00413 0.62721 0.27105 0.24324 0.49267 0.00282 0.99281 0.55453 0.37273 0.00000 0.30208 0.62791 1.00000 0.01955 0.01965
209.00000 82.00000 0.99994 0.99762 1.00000 0.00000 0.13671 0.28479 0.24438 0.00000 0.00063 0.00320 0.62717 0.27354 0.24324 0.48534 0.00294 0.99272 0.55508 0.37449 0.00000 0.28125 0.62791 1.00000 0.01166 0.01718
209.00000 83.00000 0.47610 0.83290 1.00000 0.62699 0.66391 0.65851 0.56333 0.50794 0.50000 0.47318 0.86400 0.59749 0.40541 0.68160 0.47338 0.99350 0.49124 0.32517 0.00000 0.65625 0.86469 1.00000 0.49074 0.49596
209.00000 84.00000 0.99982 0.99905 1.00000 0.00000 0.12845 0.30270 0.23993 0.00000 0.00000 0.00336 0.62732 0.26888 0.24324 0.47068 0.00360 0.99303 0.56372 0.38188 0.00000 0.30208 0.62791 1.00000 0.01440 0.01596
209.00000 85.00000 0.23803 0.29691 1.00000 0.59794 0.64180 0.71115 0.69261 0.61718 0.61509 0.61434 0.85338 0.63926 0.89189 0.73453 0.61453 0.99377 0.64214 0.12745 1.00000 0.69792 0.85412 1.00000 0.63134 0.63537
209.00000 86.00000 0.47613 0.83135 1.00000 0.62699 0.66401 0.66594 0.56248 0.50794 0.50000 0.47093 0.86411 0.59603 0.40541 0.66938 0.47117 0.99339 0.49636 0.31140 0.00000 0.67708 0.86469 1.00000 0.48114 0.49651
209.00000 87.00000 0.00001 0.00000 1.00000 1.00000 0.98651 0.94024 0.92969 1.00000 1.00000 0.99320 0.99941 0.87135 1.00000 0.92264 0.99280 0.99341 0.68872 0.03215 1.00000 0.93750 1.00000 1.00000 0.97908 0.98291
209.00000 88.00000 0.99985 0.99762 1.00000 0.00000 0.12662 0.28823 0.23244 0.00000 0.00000 0.00301 0.62723 0.26863 0.24324 0.48779 0.00347 0.99306 0.56445 0.38917 0.00000 0.27083 0.62791 1.00000 0.02023 0.02086
209.00000 89.00000 0.83332 0.99762 1.00000 0.06027 0.18387 0.31778 0.25986 0.14659 0.14403 0.13496 0.65065 0.29659 0.24324 0.47231 0.13651 0.99330 0.51854 0.36054 0.00000 0.33333 0.65116 1.00000 0.15809 0.16607
209.00000 90.00000 0.99991 0.99976 1.00000 0.00000 0.12955 0.29378 0.25083 0.00000 0.00000 0.00492 0.62717 0.27457 0.24324 0.48290 0.00271 0.99295 0.56838 0.38284 0.00000 0.29167 0.62791 1.00000 0.01509 0.02148
209.00000 91.00000 0.47616 0.83325 1.00000 0.62699 0.65988 0.65513 0.55615 0.50794 0.50000 0.47127 0.86403 0.60072 0.40541 0.67508 0.47280 0.99352 0.51333 0.31799 0.00000 0.64583 0.86469 1.00000 0.48834 0.48746
209.00000 92.00000 0.99980 0.99952 1.00000 0.00000 0.13010 0.29904 0.26075 0.00000 0.00063 0.00377 0.62730 0.26832 0.24324 0.47313 0.00284 0.99300 0.55731 0.38727 0.00000 0.28125 0.62791 1.00000 0.01475 0.01970
209.00000 93.00000 0.23808 0.29691 1.00000 0.59794 0.63455 0.69809 0.68461 0.61718 0.61572 0.61300 0.85349 0.63931 0.89189 0.76059 0.61481 0.99377 0.67363 0.11504 1.00000 0.70833 0.85412 1.00000 0.63169 0.63249
209.00000 94.00000 0.99987 0.99762 1.00000 0.00000 0.13111 0.30679 0.24667 0.00000 0.00063 0.00432 0.62738 0.27456 0.24324 0.47883 0.00398 0.99319 0.56503 0.38214 0.00000 0.29167 0.62791 1.00000 0.00549 0.01314
209.00000 95.00000 0.23820 0.29786 1.00000 0.59794 0.63877 0.68552 0.68972 0.61718 0.61509 0.61567 0.85353 0.64477 0.89189 0.75733 0.61390 0.99363 0.66635 0.12529 1.00000 0.69792 0.85412 1.00000 0.62586 0.63301
209.00000 96.00000 0.23803 0.29691 1.00000 0.59794 0.63786 0.70432 0.68293 0.61718 0.61572 0.61474 0.85343 0.64659 0.89189 0.77199 0.61464 0.99358 0.67475 0.12888 1.00000 0.68750 0.85412 1.00000 0.63374 0.63069
209.00000 97.00000 0.00005 0.00000 1.00000 1.00000 0.97972 0.95574 0.92789 1.00000 1.00000 0.99296 0.99941 0.87013 1.00000 0.92427 0.99394 0.99358 0.68637 0.04046 1.00000 0.93750 1.00000 1.00000 0.98217 0.98089
209.00000 98.00000 0.59522 0.73634 0.00000 0.23809 0.01569 0.04743 0.07368 0.29318 0.20881 0.09126 0.00112 0.01895 0.02703 0.04967 0.08870 0.00157 0.05658 0.94783 0.00000 0.05208 0.00000 0.00000 0.13992 0.14862
209.00000 99.00000 0.23809 0.29691 1.00000 0.59794 0.63804 0.71982 0.68664 0.61718 0.61572 0.61546 0.85347 0.64681 0.89189 0.75244 0.61489 0.99358 0.66437 0.11361 1.00000 0.69792 0.85412 1.00000 0.63032 0.63305
209.00000 100.00000 0.99994 0.99762 1.00000 0.00000 0.13322 0.30280 0.25463 0.00000 0.00063 0.00520 0.62728 0.27616 0.24324 0.49267 0.00380 0.99295 0.56698 0.38822 0.00000 0.30208 0.62791 1.00000 0.01852 0.01852
209.00000 101.00000 0.23824 0.29846 1.00000 0.59794 0.64217 0.70651 0.70811 0.61718 0.61509 0.61582 0.85366 0.64342 0.89189 0.75570 0.61418 0.99374 0.67004 0.11841 1.00000 0.69792 0.85412 1.00000 0.62997 0.62608
209.00000 102.00000 0.00004 0.00214 1.00000 1.00000 0.98514 0.93117 0.94040 1.00000 1.00000 0.99277 0.99945 0.86520 1.00000 0.93404 0.99607 0.99336 0.68175 0.05027 1.00000 0.93750 1.00000 1.00000 0.97668 0.98003
209.00000 103.00000 0.59508 0.73705 0.00000 0.23809 0.00954 0.06282 0.06114 0.29318 0.20881 0.09188 0.00116 0.02179 0.02703 0.04642 0.08933 0.00160 0.04422 0.94255 0.00000 0.05208 0.00000 0.00000 0.13512 0.15086
209.00000 104.00000 0.23819 0.29691 1.00000 0.59794 0.64143 0.68051 0.67836 0.61718 0.61509 0.61570 0.85347 0.64747 0.89189 0.75244 0.61390 0.99380 0.66018 0.14038 1.00000 0.70833 0.85412 1.00000 0.62654 0.63049
209.00000 105.00000 0.99994 0.99762 1.00000 0.00000 0.12414 0.29275 0.24888 0.00000 0.00063 0.00449 0.62736 0.27140 0.24324 0.49837 0.00479 0.99295 0.55322 0.38617 0.00000 0.29167 0.62791 1.00000 0.01715 0.02348
209.00000 106.00000 0.47625 0.83159 1.00000 0.62699 0.65786 0.65388 0.56268 0.50794 0.50000 0.47036 0.86405 0.60174 0.40541 0.66938 0.47143 0.99344 0.51114 0.33253 0.00000 0.64583 0.86469 1.00000 0.48628 0.49343
209.00000 107.00000 0.83316 0.99905 1.00000 0.06027 0.18424 0.32838 0.25247 0.14659 0.14403 0.13777 0.65073 0.29450 0.24324 0.48127 0.13644 0.99317 0.52114 0.37782 0.00000 0.33333 0.65116 1.00000 0.16084 0.16072
209.00000 108.00000 0.00003 0.00000 1.00000 1.00000 0.98220 0.94100 0.92570 1.00000 1.00000 0.99389 0.99945 0.87271 1.00000 0.92182 0.99434 0.99347 0.69696 0.05064 1.00000 0.94792 1.00000 1.00000 0.98114 0.98195
209.00000 109.00000 0.00004 0.00000 1.00000 1.00000 0.98137 0.95923 0.95682 1.00000 1.00000 0.99365 0.99939 0.86908 1.00000 0.91938 0.99584 0.99350 0.68848 0.05862 1.00000 0.94792 1.00000 1.00000 0.97840 0.98017
209.00000 110.00000 0.00006 0.00000 1.00000 1.00000 0.98449 0.95308 0.93816 1.00000 1.00000 0.99062 0.99945 0.87057 1.00000 0.91042 0.99417 0.99355 0.68220 0.05261 1.00000 0.94792 1.00000 1.00000 0.98114 0.97949
209.00000 111.00000 0.47621 0.83349 1.00000 0.62699 0.66015 0.64123 0.55358 0.50794 0.50000 0.47105 0.86407 0.59837 0.37838 0.67752 0.47094 0.99350 0.50643 0.32513 0.00000 0.63542 0.86469 1.00000 0.48663 0.49447
209.00000 112.00000 0.83325 0.99810 1.00000 0.06027 0.19139 0.33453 0.25680 0.14659 0.14403 0.13839 0.65077 0.29842 0.24324 0.45928 0.13677 0.99325 0.50155 0.36339 0.00000 0.34375 0.65116 1.00000 0.16221 0.15866
209.00000 113.00000 0.00000 0.00154 1.00000 1.00000 0.98367 0.94658 0.92861 1.00000 1.00000 0.99215 0.99932 0.87194 1.00000 0.92671 0.99541 0.99344 0.68301 0.04694 1.00000 0.95833 1.00000 1.00000 0.97908 0.98086
209.00000 114.00000 0.99984 0.99964 1.00000 0.00000 0.13001 0.30757 0.26161 0.00000 0.00000 0.00558 0.62723 0.27335 0.24324 0.47964 0.00322 0.99289 0.56514 0.37247 0.00000 0.30208 0.62791 1.00000 0.01132 0.01651
209.00000 115.00000 0.83314 0.99917 1.00000 0.06027 0.18791 0.34571 0.27418 0.14659 0.14403 0.13782 0.65065 0.29729 0.24324 0.48208 0.13727 0.99350 0.53389 0.37009 0.00000 0.32292 0.65116 1.00000 0.16084 0.16800
209.00000 116.00000 0.00001 0.00000 1.00000 1.00000 0.98312 0.92713 0.92221 1.00000 1.00000 0.99468 0.99943 0.87341 1.00000 0.92752 0.99341 0.99355 0.67537 0.03976 1.00000 0.94792 1.00000 1.00000 0.98697 0.97969
209.00000 117.00000 0.47627 0.83135 1.00000 0.62699 0.66245 0.64730 0.55827 0.50794 0.50000 0.47096 0.86415 0.59858 0.40541 0.67752 0.47153 0.99352 0.50081 0.33359 0.00000 0.65625 0.86469 1.00000 0.48628 0.48846
209.00000 118.00000 0.83322 0.99988 1.00000 0.06027 0.18488 0.33493 0.24532 0.14659 0.14403 0.13613 0.65077 0.29568 0.24324 0.47638 0.13608 0.99325 0.52033 0.38159 0.00000 0.33333 0.65116 1.00000 0.15912 0.16413
209.00000 119.00000 0.59511 0.73634 0.00000 0.23809 0.01679 0.03955 0.08915 0.29318 0.20881 0.09288 0.00120 0.01932 0.02703 0.06678 0.09136 0.00185 0.06879 0.95896 0.00000 0.04167 0.00000 0.00000 0.13957 0.14586
209.00000 120.00000 0.00002 0.00000 1.00000 1.00000 0.98715 0.95416 0.95042 1.00000 1.00000 0.99201 0.99951 0.86704 1.00000 0.93078 0.99429 0.99361 0.69125 0.04284 1.00000 0.97917 1.00000 1.00000 0.97840 0.97949
209.00000 121.00000 0.59513 0.73848 0.00000 0.23809 0.00963 0.08178 0.07678 0.29318 0.20881 0.09281 0.00120 0.02279 0.02703 0.05049 0.08916 0.00176 0.06526 0.95182 0.00000 0.04167 0.00000 0.00000 0.13820 0.14659
209.00000 122.00000 0.83321 0.99762 1.00000 0.06027 0.18653 0.31657 0.26296 0.14659 0.14403 0.13718 0.65069 0.29829 0.24324 0.48534 0.13641 0.99314 0.51519 0.36954 0.00000 0.34375 0.65116 1.00000 0.16118 0.16337
209.00000 123.00000 0.59520 0.73836 0.00000 0.23809 0.01413 0.07571 0.06730 0.29318 0.20881 0.09274 0.00118 0.01953 0.02703 0.05537 0.08949 0.00176 0.06043 0.95398 0.00000 0.04167 0.00000 0.00000 0.13512 0.14282
209.00000 124.00000 0.23810 0.29869 1.00000 0.59794 0.63887 0.70684 0.68057 0.61718 0.61572 0.61326 0.85355 0.64531 0.89189 0.75407 0.61464 0.99374 0.67023 0.11797 1.00000 0.70833 0.85412 1.00000 0.62860 0.62625
209.00000 125.00000 0.99979 0.99786 1.00000 0.00000 0.13029 0.30475 0.24710 0.00000 0.00063 0.00430 0.62734 0.27912 0.24324 0.49349 0.00469 0.99306 0.56272 0.38401 0.00000 0.29167 0.62791 1.00000 0.01029 0.01766
209.00000 126.00000 0.59531 0.73741 0.00000 0.23809 0.01229 0.05114 0.06342 0.29318 0.20881 0.09021 0.00114 0.02555 0.02703 0.05619 0.08954 0.00179 0.05505 0.96145 0.00000 0.06250 0.00000 0.00000 0.13546 0.14826
209.00000 127.00000 0.83328 0.99786 1.00000 0.06027 0.18515 0.33179 0.25230 0.14659 0.14403 0.13687 0.65071 0.30124 0.24324 0.48290 0.13479 0.99317 0.52942 0.37105 0.00000 0.34375 0.65116 1.00000 0.16049 0.16737
209.00000 128.00000 0.00001 0.00000 1.00000 1.00000 0.98257 0.95062 0.92584 1.00000 1.00000 0.99227 0.99947 0.87465 1.00000 0.93567 0.99523 0.99369 0.68137 0.04240 1.00000 0.94792 1.00000 1.00000 0.98148 0.98045
209.00000 129.00000 0.83333 0.99762 1.00000 0.06027 0.18607 0.33932 0.25812 0.14659 0.14403 0.13606 0.65075 0.29738 0.24324 0.46661 0.13636 0.99328 0.51668 0.37145 0.00000 0.33333 0.65116 1.00000 0.15569 0.15956
209.00000 130.00000 0.99997 0.99893 1.00000 0.00000 0.13130 0.32174 0.26640 0.00000 0.00063 0.00379 0.62732 0.27151 0.24324 0.47964 0.00228 0.99300 0.56641 0.39301 0.00000 0.30208 0.62791 1.00000 0.01475 0.01637
209.00000 131.00000 0.99981 0.99988 1.00000 0.00000 0.13286 0.31415 0.25357 0.00000 0.00063 0.00356 0.62717 0.28462 0.24324 0.48697 0.00084 0.99300 0.57469 0.39034 0.00000 0.28125 0.62791 1.00000 0.01955 0.01658
209.00000 132.00000 0.99981 0.99822 1.00000 0.00000 0.12662 0.28387 0.25759 0.00000 0.00063 0.00475 0.62721 0.27755 0.24324 0.50081 0.00419 0.99295 0.55446 0.38723 0.00000 0.29167 0.62791 1.00000 0.01097 0.01697
209.00000 133.00000 0.83323 0.99905 1.00000 0.06027 0.18341 0.33206 0.26373 0.14659 0.14403 0.13572 0.65082 0.29963 0.24324 0.48371 0.13590 0.99336 0.52647 0.38360 0.00000 0.32292 0.65116 1.00000 0.16152 0.16508
209.00000 134.00000 0.47615 0.83314 1.00000 0.62699 0.66602 0.66699 0.53500 0.50794 0.50000 0.47258 0.86413 0.60432 0.37838 0.69544 0.46930 0.99366 0.52033 0.34443 0.00000 0.65625 0.86469 1.00000 0.48525 0.49712
209.00000 135.00000 0.83323 0.99810 1.00000 0.06027 0.18928 0.35297 0.26698 0.14659 0.14403 0.13701 0.65063 0.29877 0.24324 0.48616 0.13725 0.99322 0.51721 0.37463 0.00000 0.34375 0.65116 1.00000 0.15981 0.15686
209.00000 136.00000 0.99991 0.99798 1.00000 0.00000 0.13231 0.31459 0.25485 0.00000 0.00000 0.00413 0.62719 0.27878 0.24324 0.49104 0.00446 0.99303 0.55736 0.38712 0.00000 0.31250 0.62791 1.00000 0.01475 0.01953
209.00000 137.00000 0.47611 0.83242 1.00000 0.62699 0.66566 0.65431 0.55697 0.50794 0.50000 0.47050 0.86432 0.60230 0.37838 0.66775 0.46950 0.99372 0.50743 0.33271 0.00000 0.66667 0.86469 1.00000 0.48663 0.49524
209.00000 138.00000 0.00005 0.00000 1.00000 1.00000 0.98697 0.94273 0.93995 1.00000 1.00000 0.99186 0.99947 0.86580 1.00000 0.94137 0.99477 0.99369 0.68915 0.04943 1.00000 0.93750 1.00000 1.00000 0.97257 0.97601
209.00000 139.00000 0.23816 0.29691 1.00000 0.59794 0.64299 0.70112 0.71581 0.61718 0.61572 0.61350 0.85355 0.65120 0.89189 0.78339 0.61319 0.99369 0.67097 0.12266 1.00000 0.72917 0.85412 1.00000 0.62654 0.62443
209.00000 140.00000 0.47621 0.83135 1.00000 0.62699 0.66327 0.66290 0.57052 0.50794 0.50000 0.46964 0.86417 0.60541 0.40541 0.67508 0.46978 0.99374 0.50719 0.34172 1.00000 0.63542 0.86469 1.00000 0.48937 0.49375
209.00000 141.00000 0.99976 0.99762 1.00000 0.00000 0.13056 0.32055 0.27630 0.00000 0.00063 0.00356 0.62721 0.28548 0.24324 0.48290 0.00307 0.99297 0.55655 0.39528 0.00000 0.30208 0.62791 1.00000 0.01303 0.02577
209.00000 142.00000 0.99988 0.99893 1.00000 0.00000 0.12992 0.33022 0.25673 0.00000 0.00000 0.00487 0.62734 0.27093 0.24324 0.49023 0.00211 0.99314 0.56086 0.39316 0.00000 0.29167 0.62791 1.00000 0.01269 0.01550
209.00000 143.00000 0.47613 0.83135 1.00000 0.62699 0.66593 0.66718 0.56910 0.50794 0.50000 0.47205 0.86419 0.61235 0.37838 0.68485 0.47122 0.99363 0.50852 0.34124 0.00000 0.65625 0.86469 1.00000 0.48697 0.49619
209.00000 144.00000 0.99981 0.99762 1.00000 0.00000 0.13093 0.29289 0.26693 0.00000 0.00000 0.00463 0.62734 0.27451 0.24324 0.49349 0.00317 0.99308 0.56476 0.39078 0.00000 0.30208 0.62791 1.00000 0.01337 0.01801
209.00000 145.00000 0.47616 0.83135 1.00000 0.62699 0.65621 0.66095 0.55226 0.50794 0.50000 0.47129 0.86424 0.60810 0.40541 0.68730 0.47110 0.99374 0.52149 0.33754 0.00000 0.65625 0.86469 1.00000 0.48320 0.49326
209.00000 146.00000 0.59515 0.73729 0.00000 0.23809 0.01440 0.05654 0.08908 0.29318 0.20881 0.09229 0.00116 0.02208 0.02703 0.06270 0.09032 0.00182 0.06367 0.96796 0.00000 0.03125 0.00000 0.00000 0.13512 0.14523
209.00000 147.00000 0.00004 0.00238 1.00000 1.00000 0.98752 0.94894 0.93275 1.00000 1.00000 0.99243 0.99949 0.87290 1.00000 0.93160 0.99373 0.99363 0.68656 0.05620 1.00000 0.95833 1.00000 1.00000 0.97908 0.97640
209.00000 148.00000 0.99985 0.99762 1.00000 0.00000 0.13157 0.30370 0.26802 0.00000 0.00000 0.00341 0.62738 0.27538 0.24324 0.50651 0.00380 0.99308 0.57395 0.39748 0.00000 0.30208 0.62791 1.00000 0.01406 0.02212
209.00000 149.00000 0.83334 0.99762 1.00000 0.06027 0.18598 0.34723 0.28486 0.14659 0.14403 0.13844 0.65094 0.30425 0.24324 0.47964 0.13606 0.99347 0.51730 0.36193 0.00000 0.31250 0.65116 1.00000 0.16049 0.16624
209.00000 150.00000 0.59517 0.73753 0.00000 0.23809 0.01165 0.05716 0.08680 0.29318 0.20881 0.09112 0.00120 0.02570 0.02703 0.05049 0.09030 0.00165 0.06791 0.94903 0.00000 0.06250 0.00000 0.00000 0.13374 0.15029
209.00000 151.00000 0.59509 0.73634 0.00000 0.23809 0.01945 0.07338 0.06836 0.29318 0.20881 0.09157 0.00122 0.02461 0.02703 0.08225 0.08974 0.00187 0.06650 0.96679 0.00000 0.07292 0.00000 0.00000 0.13580 0.14164
209.00000 152.00000 0.99977 0.99905 1.00000 0.00000 0.13111 0.30554 0.27146 0.00000 0.00063 0.00282 0.62742 0.27799 0.24324 0.50651 0.00363 0.99308 0.57338 0.39034 0.00000 0.30208 0.62791 1.00000 0.01166 0.02013
209.00000 153.00000 0.00007 0.00036 1.00000 1.00000 0.98550 0.97020 0.95203 1.00000 1.00000 0.99263 0.99943 0.87064 1.00000 0.93648 0.99412 0.99347 0.69115 0.04602 1.00000 0.96875 1.00000 1.00000 0.97737 0.98381
209.00000 154.00000 0.83336 0.99762 1.00000 0.06027 0.18479 0.32699 0.27362 0.14659 0.14403 0.13684 0.65077 0.30290 0.24324 0.47394 0.13656 0.99330 0.52785 0.38038 0.00000 0.32292 0.65116 1.00000 0.16049 0.16158
209.00000 155.00000 0.00004 0.00166 1.00000 1.00000 0.98156 0.95850 0.93049 1.00000 1.00000 0.99143 0.99949 0.87460 1.00000 0.95847 0.99442 0.99374 0.70122 0.05316 1.00000 0.93750 1.00000 1.00000 0.97428 0.97885
209.00000 156.00000 0.00006 0.00048 1.00000 1.00000 0.98495 0.95931 0.95095 1.00000 1.00000 0.99055 0.99947 0.87290 1.00000 0.94707 0.99308 0.99372 0.68891 0.05734 1.00000 0.94792 1.00000 1.00000 0.97771 0.98122
209.00000 157.00000 0.47616 0.83278 1.00000 0.62699 0.66336 0.65919 0.57729 0.50794 0.50000 0.47098 0.86426 0.60785 0.37838 0.68567 0.47072 0.99383 0.51054 0.33718 1.00000 0.65625 0.86469 1.00000 0.48560 0.49275
209.00000 158.00000 0.59510 0.73634 0.00000 0.23809 0.00615 0.07103 0.08448 0.29318 0.20881 0.09260 0.00122 0.02355 0.02703 0.05537 0.08969 0.00179 0.06776 0.95892 0.00000 0.06250 0.00000 0.00000 0.13717 0.14704
209.00000 159.00000 0.83321 0.99822 1.00000 0.06027 0.18800 0.35330 0.27837 0.14659 0.14403 0.13627 0.65077 0.30318 0.24324 0.49267 0.13611 0.99347 0.52978 0.37928 0.00000 0.33333 0.65116 1.00000 0.15878 0.16404
209.00000 160.00000 0.00002 0.00048 1.00000 1.00000 0.98826 0.94988 0.95424 1.00000 1.00000 0.99315 0.99954 0.87901 1.00000 0.92915 0.99310 0.99372 0.66887 0.05119 1.00000 0.95833 1.00000 1.00000 0.97942 0.98376
209.00000 161.00000 0.83318 0.99905 1.00000 0.06027 0.19084 0.33076 0.28354 0.14659 0.14403 0.13770 0.65086 0.30162 0.24324 0.47313 0.13585 0.99339 0.54294 0.38741 0.00000 0.34375 0.65116 1.00000 0.15261 0.16213
209.00000 162.00000 0.99986 0.99762 1.00000 0.00000 0.13331 0.30985 0.27122 0.00000 0.00063 0.00356 0.62723 0.27829 0.24324 0.48697 0.00178 0.99286 0.56662 0.39397 0.00000 0.28125 0.62791 1.00000 0.01818 0.01311
209.00000 163.00000 0.00002 0.00190 1.00000 1.00000 0.99000 0.94596 0.95191 1.00000 1.00000 0.99217 0.99964 0.88032 1.00000 0.93567 0.99287 0.99366 0.69144 0.04196 1.00000 0.95833 1.00000 1.00000 0.98148 0.97584
209.00000 164.00000 0.59521 0.73634 0.00000 0.23809 0.01532 0.07236 0.08292 0.29318 0.20881 0.09062 0.00133 0.02160 0.02703 0.06026 0.09030 0.00185 0.06386 0.96514 0.00000 0.06250 0.00000 0.00000 0.12826 0.14515
209.00000 165.00000 0.00004 0.00107 1.00000 1.00000 0.98982 0.95736 0.95535 1.00000 1.00000 0.99048 0.99954 0.87785 1.00000 0.95847 0.99219 0.99361 0.70136 0.05441 1.00000 0.94792 1.00000 1.00000 0.97805 0.97780
209.00000 166.00000 0.59509 0.73682 0.00000 0.23809 0.01551 0.05629 0.09881 0.29318 0.20881 0.09179 0.00137 0.02263 0.02703 0.06433 0.08971 0.00196 0.07264 0.94380 0.00000 0.05208 0.00000 0.00000 0.13649 0.14483
209.00000 167.00000 0.23809 0.29893 1.00000 0.59794 0.64272 0.71499 0.72103 0.61718 0.61572 0.61396 0.85372 0.65269 0.89189 0.77687 0.61250 0.99394 0.67723 0.13489 1.00000 0.70833 0.85412 1.00000 0.62380 0.63061
209.00000 168.00000 0.99986 0.99762 1.00000 0.00000 0.13331 0.30400 0.26578 0.00000 0.00063 0.00353 0.62730 0.27986 0.24324 0.50244 0.00424 0.99295 0.55996 0.39748 0.00000 0.30208 0.62791 1.00000 0.00960 0.01180
209.00000 169.00000 0.83317 0.99762 1.00000 0.06027 0.18717 0.34525 0.28212 0.14659 0.14403 0.13718 0.65086 0.30014 0.24324 0.48534 0.13616 0.99355 0.51097 0.39356 0.00000 0.33333 0.65116 1.00000 0.15432 0.15791
209.00000 170.00000 0.23819 0.29810 1.00000 0.59794 0.64740 0.68650 0.72731 0.61718 0.61572 0.61236 0.85366 0.64922 0.89189 0.78257 0.61405 0.99399 0.67451 0.12756 1.00000 0.70833 0.85412 1.00000 0.61488 0.62964
209.00000 171.00000 0.47624 0.83135 1.00000 0.62699 0.66722 0.66493 0.57105 0.50794 0.50000 0.47098 0.86428 0.61011 0.40541 0.68160 0.46927 0.99383 0.51326 0.36325 1.00000 0.64583 0.86469 1.00000 0.48525 0.49320
209.00000 172.00000 0.47623 0.83135 1.00000 0.62699 0.66235 0.66805 0.58121 0.50794 0.50000 0.46995 0.86422 0.60871 0.40541 0.69300 0.46952 0.99388 0.51257 0.34955 1.00000 0.65625 0.86469 1.00000 0.48731 0.48378
209.00000 173.00000 0.99987 0.99762 1.00000 0.00000 0.13671 0.31134 0.28994 0.00000 0.00063 0.00160 0.62738 0.27956 0.24324 0.49186 0.00297 0.99322 0.57000 0.39653 0.00000 0.32292 0.62791 1.00000 0.00617 0.01395
209.00000 174.00000 0.00001 0.00000 1.00000 1.00000 0.98734 0.97074 0.94389 1.00000 1.00000 0.99198 0.99951 0.88271 1.00000 0.95195 0.99267 0.99366 0.68715 0.06353 1.00000 0.96875 1.00000 1.00000 0.97428 0.98318
209.00000 175.00000 0.59521 0.73634 0.00000 0.23809 0.01404 0.06461 0.09303 0.29318 0.20881 0.09458 0.00125 0.02758 0.02703 0.06270 0.08926 0.00182 0.07229 0.95105 0.00000 0.05208 0.00000 0.00000 0.13683 0.14082
209.00000 176.00000 0.00006 0.00143 1.00000 1.00000 0.98853 0.95696 0.96707 1.00000 1.00000 0.99074 0.99956 0.87865 1.00000 0.96417 0.99219 0.99377 0.69715 0.05382 1.00000 0.97917 1.00000 1.00000 0.98148 0.97657
209.00000 177.00000 0.83314 0.99762 1.00000 0.06027 0.19194 0.35519 0.27545 0.14659 0.14403 0.13644 0.65101 0.30462 0.24324 0.51303 0.13575 0.99352 0.53565 0.38939 0.00000 0.34375 0.65116 1.00000 0.15192 0.16338
209.00000 178.00000 0.59529 0.73789 0.00000 0.23809 0.01468 0.07474 0.08759 0.29318 0.20881 0.09167 0.00144 0.02869 0.02703 0.06922 0.08893 0.00196 0.08040 0.96353 0.00000 0.07292 0.00000 0.00000 0.14129 0.13597
209.00000 179.00000 0.00006 0.00000 1.00000 1.00000 0.98844 0.93981 0.94589 1.00000 1.00000 0.99131 0.99954 0.87942 1.00000 0.94300 0.99094 0.99372 0.70410 0.05419 1.00000 0.94792 1.00000 1.00000 0.97565 0.97884
209.00000 180.00000 0.59526 0.73705 0.00000 0.23809 0.01652 0.05152 0.08535 0.29318 0.20881 0.09233 0.00137 0.02601 0.02703 0.07818 0.08977 0.00196 0.07043 0.96939 0.00000 0.06250 0.00000 0.00000 0.14266 0.14225
209.00000 181.00000 0.83317 1.00000 1.00000 0.06027 0.19029 0.36121 0.29464 0.14659 0.14403 0.13699 0.65086 0.30406 0.24324 0.49267 0.13542 0.99369 0.53713 0.38767 0.00000 0.34375 0.65116 1.00000 0.15329 0.16153
209.00000 182.00000 0.99983 0.99774 1.00000 0.00000 0.13267 0.31161 0.26513 0.00000 0.00063 0.00184 0.62728 0.28372 0.24324 0.50814 0.00340 0.99319 0.56717 0.40795 0.00000 0.30208 0.62791 1.00000 0.00960 0.01838
209.00000 183.00000 0.83330 0.99762 1.00000 0.06027 0.19323 0.35817 0.29923 0.14659 0.14403 0.13503 0.65092 0.30585 0.24324 0.49919 0.13636 0.99341 0.52632 0.38672 0.00000 0.35417 0.65116 1.00000 0.15192 0.16104
209.00000 184.00000 0.47623 0.83135 1.00000 0.62699 0.66290 0.69240 0.57738 0.50794 0.50000 0.47086 0.86432 0.61184 0.37838 0.70440 0.47051 0.99380 0.52873 0.35435 0.00000 0.66667 0.86469 1.00000 0.48628 0.48362
209.00000 185.00000 0.59529 0.73753 0.00000 0.23809 0.01679 0.06388 0.08314 0.29318 0.20881 0.08980 0.00150 0.02353 0.02703 0.08388 0.08994 0.00196 0.07626 0.98180 0.00000 0.06250 0.00000 0.00000 0.13203 0.13851
209.00000 186.00000 0.99986 0.99893 1.00000 0.00000 0.13552 0.33081 0.27822 0.00000 0.00063 0.00231 0.62734 0.28477 0.24324 0.51384 0.00269 0.99317 0.55991 0.40620 0.00000 0.31250 0.62791 1.00000 0.00686 0.01626
209.00000 187.00000 0.00005 0.00154 1.00000 1.00000 0.99275 0.95993 0.95405 1.00000 1.00000 0.98998 0.99958 0.87747 1.00000 0.95033 0.99112 0.99391 0.69041 0.05562 1.00000 0.96875 1.00000 1.00000 0.97291 0.97347
209.00000 188.00000 0.59522 0.73812 0.00000 0.23809 0.01303 0.06342 0.09041 0.29318 0.20881 0.09090 0.00148 0.02262 0.02703 0.06678 0.08812 0.00207 0.07138 0.96232 0.00000 0.06250 0.00000 0.00000 0.13477 0.13944
209.00000 189.00000 0.59511 0.73634 0.00000 0.23809 0.01780 0.06472 0.09115 0.29318 0.20881 0.08942 0.00150 0.03024 0.02703 0.09121 0.09002 0.00190 0.06874 0.97463 0.00000 0.03125 0.00000 0.00000 0.13683 0.13821
209.00000 190.00000 0.23803 0.29810 1.00000 0.59794 0.64566 0.72372 0.73129 0.61718 0.61572 0.61233 0.85370 0.65627 0.89189 0.79967 0.61202 0.99421 0.68568 0.14470 1.00000 0.70833 0.85412 1.00000 0.61968 0.61715
209.00000 191.00000 0.83319 0.99762 1.00000 0.06027 0.19167 0.37221 0.27950 0.14659 0.14403 0.13665 0.65105 0.30478 0.24324 0.50489 0.13626 0.99372 0.52416 0.38800 0.00000 0.35417 0.65116 1.00000 0.15706 0.16411
209.00000 192.00000 0.47623 0.83135 1.00000 0.62699 0.67336 0.68330 0.58968 0.50794 0.50000 0.47041 0.86428 0.60958 0.37838 0.71254 0.47001 0.99396 0.50024 0.34816 1.00000 0.66667 0.86469 1.00000 0.47874 0.48714
209.00000 193.00000 0.00002 0.00214 1.00000 1.00000 0.99046 0.97513 0.95225 1.00000 1.00000 0.98952 0.99973 0.88143 1.00000 0.96498 0.99188 0.99402 0.69772 0.06689 1.00000 0.95833 1.00000 1.00000 0.97291 0.96865
209.00000 194.00000 0.99987 0.99762 1.00000 0.00000 0.13552 0.29768 0.28523 0.00000 0.00063 0.00308 0.62747 0.28770 0.24324 0.52687 0.00226 0.99308 0.55793 0.40532 0.00000 0.32292 0.62791 1.00000 0.00514 0.01030
209.00000 195.00000 0.83316 0.99786 1.00000 0.06027 0.19534 0.37131 0.29517 0.14659 0.14403 0.13801 0.65103 0.30776 0.24324 0.51059 0.13565 0.99388 0.53439 0.39166 0.00000 0.35417 0.65116 1.00000 0.15158 0.16024
209.00000 196.00000 0.23801 0.29715 1.00000 0.59794 0.64355 0.71768 0.75726 0.61718 0.61572 0.61171 0.85381 0.65754 0.89189 0.78420 0.61096 0.99427 0.68751 0.15312 1.00000 0.73958 0.85412 1.00000 0.61660 0.62501
209.00000 197.00000 0.99999 0.99846 1.00000 0.00000 0.13487 0.33564 0.27213 0.00000 0.00063 0.00294 0.62723 0.27968 0.24324 0.51547 0.00315 0.99300 0.57098 0.41831 0.00000 0.32292 0.62791 1.00000 0.00960 0.01596
209.00000 198.00000 0.59515 0.73634 0.00000 0.23809 0.01523 0.06965 0.09325 0.29318 0.20881 0.09085 0.00137 0.03239 0.02703 0.07329 0.08928 0.00201 0.05972 0.97400 0.00000 0.08333 0.00000 0.00000 0.13855 0.13701
209.00000 199.00000 0.47607 0.83183 1.00000 0.62699 0.66896 0.69855 0.59640 0.50794 0.50000 0.46995 0.86432 0.60917 0.37838 0.72068 0.46780 0.99399 0.51876 0.34435 1.00000 0.66667 0.86469 1.00000 0.48354 0.48467
209.00000 200.00000 0.99995 0.99798 1.00000 0.00000 0.13552 0.32196 0.29177 0.00000 0.00063 0.00399 0.62751 0.28837 0.24324 0.53094 0.00274 0.99322 0.57757 0.39517 0.00000 0.32292 0.62791 1.00000 0.01097 0.01609
209.00000 201.00000 0.99989 0.99762 1.00000 0.00000 0.13588 0.32488 0.31370 0.00000 0.00063 0.00453 0.62738 0.28583 0.24324 0.52687 0.00246 0.99300 0.59318 0.41956 0.00000 0.32292 0.62791 1.00000 0.01097 0.01651
