126.00000 1.00000 0.59530 0.73634 0.00000 0.23809 0.00918 0.03581 0.04951 0.29318 0.20881 0.09174 0.00150 0.02384 0.02703 0.03420 0.08969 0.00207 0.06488 0.94786 0.00000 0.02083 0.00000 0.00000 0.14952 0.14553
126.00000 2.00000 0.83321 0.99786 1.00000 0.06027 0.18158 0.32258 0.23740 0.14659 0.14403 0.13975 0.65099 0.30409 0.24324 0.45033 0.13717 0.99339 0.53242 0.35384 0.00000 0.32292 0.65116 1.00000 0.16324 0.15838
126.00000 3.00000 0.83327 0.99917 1.00000 0.06027 0.18130 0.31090 0.25170 0.14659 0.14403 0.13978 0.65084 0.30027 0.27027 0.45033 0.13745 0.99341 0.53587 0.33710 0.00000 0.31250 0.65116 1.00000 0.15947 0.16213
126.00000 4.00000 0.47605 0.83135 1.00000 0.62699 0.65740 0.65117 0.51969 0.50794 0.49937 0.47296 0.86400 0.60076 0.40541 0.66368 0.47242 0.99352 0.52299 0.33099 0.00000 0.64583 0.86469 1.00000 0.49108 0.50345
126.00000 5.00000 0.99992 0.99762 1.00000 0.00000 0.12597 0.27520 0.23668 0.00000 0.00063 0.00449 0.62763 0.27132 0.24324 0.45847 0.00223 0.99350 0.56138 0.36713 0.00000 0.27083 0.62791 1.00000 0.01715 0.02499
126.00000 6.00000 0.00006 0.00048 1.00000 1.00000 0.97917 0.93019 0.90288 1.00000 0.99937 0.99594 0.99924 0.87972 1.00000 0.89739 0.99706 0.99325 0.71878 0.03577 1.00000 0.92708 1.00000 1.00000 0.98628 0.98250
126.00000 7.00000 0.00005 0.00095 1.00000 1.00000 0.97780 0.93263 0.89650 1.00000 1.00000 0.99501 0.99926 0.87721 1.00000 0.92182 0.99627 0.99330 0.71448 0.01889 1.00000 0.93750 1.00000 1.00000 0.97668 0.99303
126.00000 8.00000 0.59520 0.73753 0.00000 0.23809 0.00624 0.01395 0.05223 0.29318 0.20881 0.09164 0.00144 0.02210 0.02703 0.02932 0.08928 0.00190 0.07179 0.94266 0.00000 0.04167 0.00000 0.00000 0.14163 0.14916
126.00000 9.00000 0.99995 0.99762 1.00000 0.00000 0.12882 0.31350 0.24253 0.00000 0.00063 0.00620 0.62772 0.27356 0.24324 0.47231 0.00439 0.99333 0.57224 0.37511 0.00000 0.30208 0.62791 1.00000 0.02023 0.02101
126.00000 10.00000 0.00005 0.00202 1.00000 1.00000 0.98358 0.94731 0.91491 1.00000 1.00000 0.99640 0.99922 0.87729 1.00000 0.89821 0.99607 0.99339 0.71095 0.02783 1.00000 0.92708 1.00000 1.00000 0.98251 0.98136
126.00000 11.00000 0.99986 0.99762 1.00000 0.00000 0.12634 0.28799 0.22813 0.00000 0.00063 0.00578 0.62757 0.28034 0.24324 0.45928 0.00312 0.99352 0.57098 0.37617 0.00000 0.29167 0.62791 1.00000 0.01303 0.01853
126.00000 12.00000 0.23801 0.29917 1.00000 0.59794 0.63538 0.66927 0.67633 0.61718 0.61509 0.61551 0.85328 0.64913 0.89189 0.73941 0.61593 0.99336 0.68565 0.11354 1.00000 0.68750 0.85412 1.00000 0.63066 0.63701
126.00000 13.00000 0.47621 0.83183 1.00000 0.62699 0.65712 0.65226 0.51745 0.50794 0.49937 0.47239 0.86384 0.60466 0.40541 0.64414 0.47214 0.99350 0.51895 0.31612 0.00000 0.63542 0.86469 1.00000 0.48971 0.49696
126.00000 14.00000 0.00003 0.00178 1.00000 1.00000 0.97981 0.94268 0.91022 1.00000 1.00000 0.99635 0.99926 0.86983 1.00000 0.91368 0.99658 0.99319 0.70534 0.02900 1.00000 0.91667 1.00000 1.00000 0.98903 0.98516
126.00000 15.00000 0.23814 0.29691 1.00000 0.59794 0.63171 0.69806 0.68250 0.61718 0.61509 0.61594 0.85322 0.64935 0.89189 0.73534 0.61550 0.99339 0.69008 0.11321 1.00000 0.69792 0.85412 1.00000 0.63580 0.63000
126.00000 16.00000 0.23808 0.29691 1.00000 0.59794 0.63575 0.69083 0.67037 0.61718 0.61509 0.61637 0.85317 0.64879 0.89189 0.75407 0.61611 0.99336 0.69303 0.09721 1.00000 0.70833 0.85412 1.00000 0.63820 0.62762
126.00000 17.00000 0.00007 0.00166 1.00000 1.00000 0.97936 0.93206 0.89970 1.00000 1.00000 0.99761 0.99928 0.87302 1.00000 0.91775 0.99660 0.99328 0.69336 0.02768 1.00000 0.93750 1.00000 1.00000 0.98697 0.98975
126.00000 18.00000 0.23816 0.29691 1.00000 0.59794 0.63474 0.68409 0.66639 0.61718 0.61509 0.61675 0.85330 0.65153 0.89189 0.74511 0.61735 0.99339 0.68715 0.10871 1.00000 0.69792 0.85412 1.00000 0.62620 0.62906
126.00000 19.00000 0.59528 0.73694 0.00000 0.23809 0.00826 0.03332 0.05536 0.29318 0.20881 0.09250 0.00146 0.02317 0.02703 0.03420 0.09121 0.00204 0.07007 0.92717 0.00000 0.05208 0.00000 0.00000 0.14335 0.15049
126.00000 20.00000 0.23821 0.29691 1.00000 0.59794 0.63529 0.71272 0.67068 0.61718 0.61509 0.61680 0.85334 0.65100 0.89189 0.72638 0.61540 0.99336 0.67301 0.12397 1.00000 0.68750 0.85412 1.00000 0.63512 0.63351
126.00000 21.00000 0.83334 0.99798 1.00000 0.06027 0.18240 0.34509 0.26031 0.14659 0.14403 0.13856 0.65082 0.29734 0.24324 0.45684 0.13557 0.99352 0.53009 0.35995 0.00000 0.31250 0.65116 1.00000 0.16632 0.16442
126.00000 22.00000 0.47609 0.83135 1.00000 0.62699 0.65722 0.62335 0.54424 0.50794 0.49937 0.47346 0.86400 0.60639 0.37838 0.65065 0.47325 0.99344 0.51866 0.32275 0.00000 0.63542 0.86469 1.00000 0.49348 0.49774
126.00000 23.00000 0.83321 0.99762 1.00000 0.06027 0.18681 0.33350 0.23738 0.14659 0.14403 0.13906 0.65094 0.30329 0.24324 0.45033 0.13689 0.99369 0.53306 0.35080 0.00000 0.33333 0.65116 1.00000 0.16358 0.16140
126.00000 24.00000 0.99988 0.99762 1.00000 0.00000 0.12662 0.29530 0.23694 0.00000 0.00063 0.00465 0.62751 0.27517 0.24324 0.47557 0.00424 0.99355 0.57250 0.36856 0.00000 0.28125 0.62791 1.00000 0.01509 0.01557
126.00000 25.00000 0.83335 0.99976 1.00000 0.06027 0.18066 0.31480 0.23333 0.14659 0.14403 0.13739 0.65103 0.30012 0.24324 0.46010 0.13776 0.99358 0.54170 0.36123 0.00000 0.31250 0.65116 1.00000 0.15947 0.17030
126.00000 26.00000 0.23804 0.29691 1.00000 0.59794 0.63621 0.66333 0.67092 0.61718 0.61509 0.61589 0.85328 0.65216 0.89189 0.74349 0.61616 0.99344 0.69044 0.11321 1.00000 0.67708 0.85412 1.00000 0.63957 0.63406
126.00000 27.00000 0.83335 0.99917 1.00000 0.06027 0.18754 0.31922 0.24320 0.14659 0.14403 0.13665 0.65094 0.30264 0.24324 0.45033 0.13611 0.99374 0.52561 0.36790 0.00000 0.33333 0.65116 1.00000 0.16701 0.16252
126.00000 28.00000 0.99997 0.99893 1.00000 0.00000 0.12799 0.30776 0.23677 0.00000 0.00000 0.00408 0.62761 0.27987 0.24324 0.48697 0.00264 0.99328 0.58809 0.38536 0.00000 0.27083 0.62791 1.00000 0.01578 0.02049
126.00000 29.00000 0.47628 0.83135 1.00000 0.62699 0.66153 0.64808 0.54191 0.50794 0.49937 0.47232 0.86396 0.60029 0.40541 0.63844 0.47049 0.99350 0.50897 0.32436 0.00000 0.62500 0.86469 1.00000 0.48868 0.49231
126.00000 30.00000 0.47611 0.83135 1.00000 0.62699 0.65868 0.64134 0.53394 0.50794 0.50000 0.47315 0.86396 0.59559 0.40541 0.66857 0.47252 0.99344 0.51283 0.32517 0.00000 0.64583 0.86469 1.00000 0.49143 0.49395
126.00000 31.00000 0.00007 0.00048 1.00000 1.00000 0.98073 0.92038 0.90127 1.00000 1.00000 0.99508 0.99935 0.87385 1.00000 0.90798 0.99490 0.99328 0.70405 0.02969 1.00000 0.93750 1.00000 1.00000 0.98422 0.98461
126.00000 32.00000 0.99978 0.99762 1.00000 0.00000 0.12763 0.29462 0.24792 0.00000 0.00063 0.00461 0.62761 0.27901 0.24324 0.47150 0.00358 0.99339 0.57969 0.37028 0.00000 0.30208 0.62791 1.00000 0.02023 0.02603
126.00000 33.00000 0.59514 0.73634 0.00000 0.23809 0.01285 0.03985 0.05334 0.29318 0.20881 0.09169 0.00150 0.02322 0.02703 0.04316 0.09015 0.00209 0.07374 0.92619 0.00000 0.03125 0.00000 0.00000 0.13340 0.14732
126.00000 34.00000 0.00006 0.00166 1.00000 1.00000 0.98101 0.93496 0.91222 1.00000 1.00000 0.99504 0.99932 0.87590 1.00000 0.91775 0.99579 0.99330 0.70146 0.01717 1.00000 0.90625 1.00000 1.00000 0.98697 0.98421
126.00000 35.00000 0.83321 0.99762 1.00000 0.06027 0.18598 0.31925 0.25793 0.14659 0.14403 0.13746 0.65094 0.30494 0.24324 0.44788 0.13644 0.99366 0.53366 0.35732 0.00000 0.34375 0.65116 1.00000 0.15912 0.16643
126.00000 36.00000 0.59516 0.73670 0.00000 0.23809 0.01129 0.04245 0.06882 0.29318 0.20881 0.09102 0.00133 0.02238 0.02703 0.04560 0.09040 0.00212 0.06836 0.93538 0.00000 0.04167 0.00000 0.00000 0.14335 0.14959
126.00000 37.00000 0.59523 0.73836 0.00000 0.23809 0.01376 0.04150 0.05957 0.29318 0.20881 0.09210 0.00135 0.02549 0.02703 0.04316 0.09010 0.00196 0.08414 0.91941 0.00000 0.01042 0.00000 0.00000 0.14232 0.15275
126.00000 38.00000 0.59508 0.73634 0.00000 0.23809 0.01138 0.04001 0.05396 0.29318 0.20818 0.09222 0.00146 0.01849 0.02703 0.04397 0.08933 0.00201 0.07943 0.93113 0.00000 0.03125 0.00000 0.00000 0.14540 0.14785
126.00000 39.00000 0.99981 0.99893 1.00000 0.00000 0.12221 0.29720 0.24541 0.00000 0.00000 0.00408 0.62772 0.27745 0.24324 0.46824 0.00335 0.99350 0.58735 0.38778 0.00000 0.29167 0.62791 1.00000 0.01715 0.01721
126.00000 40.00000 0.23818 0.29691 1.00000 0.59794 0.63639 0.67550 0.66514 0.61718 0.61509 0.61548 0.85332 0.65083 0.89189 0.74511 0.61489 0.99350 0.69029 0.11175 1.00000 0.67708 0.85412 1.00000 0.62929 0.63603
126.00000 41.00000 0.59525 0.73634 0.00000 0.23809 0.01184 0.04202 0.06819 0.29318 0.20818 0.09343 0.00152 0.02963 0.02703 0.02280 0.09192 0.00215 0.07952 0.93204 0.00000 0.04167 0.00000 0.00000 0.14060 0.14580
126.00000 42.00000 0.83336 0.99762 1.00000 0.06027 0.18204 0.33230 0.24751 0.14659 0.14403 0.13665 0.65090 0.29816 0.24324 0.45114 0.13803 0.99361 0.52575 0.36266 0.00000 0.30208 0.65116 1.00000 0.16255 0.16362
126.00000 43.00000 0.59516 0.73634 0.00000 0.23809 0.01028 0.05198 0.06119 0.29318 0.20818 0.09286 0.00146 0.02635 0.02703 0.03502 0.09136 0.00207 0.08121 0.93593 0.00000 0.04167 0.00000 0.00000 0.13992 0.15393
126.00000 44.00000 0.99983 0.99941 1.00000 0.00000 0.12955 0.30400 0.23783 0.00000 0.00063 0.00477 0.62768 0.27943 0.24324 0.45928 0.00429 0.99333 0.56800 0.35959 0.00000 0.30208 0.62791 1.00000 0.01578 0.02514
126.00000 45.00000 0.99986 0.99929 1.00000 0.00000 0.12772 0.29909 0.24893 0.00000 0.00000 0.00422 0.62753 0.27637 0.24324 0.48127 0.00213 0.99350 0.58383 0.37917 0.00000 0.28125 0.62791 1.00000 0.01029 0.01843
126.00000 46.00000 0.23801 0.29691 1.00000 0.59794 0.63107 0.70310 0.69080 0.61718 0.61509 0.61658 0.85332 0.64907 0.89189 0.72964 0.61601 0.99333 0.68791 0.11087 1.00000 0.67708 0.85412 1.00000 0.62414 0.63823
126.00000 47.00000 0.00002 0.00071 1.00000 1.00000 0.98137 0.93046 0.90721 1.00000 1.00000 0.99537 0.99918 0.87834 1.00000 0.91938 0.99607 0.99336 0.70222 0.03376 1.00000 0.93750 1.00000 1.00000 0.98354 0.98490
126.00000 48.00000 0.47607 0.83135 1.00000 0.62699 0.66235 0.64077 0.55108 0.50794 0.49937 0.47196 0.86407 0.60290 0.40541 0.64658 0.47176 0.99350 0.52494 0.31433 0.00000 0.64583 0.86469 1.00000 0.49074 0.49839
126.00000 49.00000 0.00007 0.00083 1.00000 1.00000 0.98055 0.92217 0.91061 1.00000 1.00000 0.99315 0.99924 0.87051 1.00000 0.92671 0.99635 0.99336 0.69263 0.03379 1.00000 0.94792 1.00000 1.00000 0.98354 0.98444
126.00000 50.00000 0.47615 0.83135 1.00000 0.62699 0.65272 0.65987 0.57122 0.50794 0.50000 0.47129 0.86396 0.60887 0.40541 0.65717 0.47135 0.99355 0.51159 0.32634 0.00000 0.63542 0.86469 1.00000 0.48697 0.49190
126.00000 51.00000 0.99999 0.99988 1.00000 0.00000 0.12836 0.28151 0.23295 0.00000 0.00063 0.00506 0.62766 0.27676 0.24324 0.46254 0.00449 0.99330 0.58088 0.34977 0.00000 0.29167 0.62791 1.00000 0.01063 0.02067
126.00000 52.00000 0.47627 0.83135 1.00000 0.62699 0.66107 0.65426 0.54843 0.50794 0.49937 0.47449 0.86400 0.60409 0.40541 0.63844 0.47158 0.99339 0.52559 0.31854 0.00000 0.62500 0.86469 1.00000 0.48800 0.49870
126.00000 53.00000 0.47612 0.83337 1.00000 0.62699 0.65556 0.65272 0.53141 0.50794 0.50000 0.47258 0.86398 0.60414 0.40541 0.64902 0.47290 0.99347 0.51304 0.32272 0.00000 0.63542 0.86469 1.00000 0.49074 0.49507
126.00000 54.00000 0.99979 0.99762 1.00000 0.00000 0.12194 0.28766 0.24864 0.00000 0.00000 0.00532 0.62763 0.28143 0.24324 0.46743 0.00320 0.99341 0.57352 0.37859 0.00000 0.30208 0.62791 1.00000 0.01269 0.02272
126.00000 55.00000 0.83327 0.99762 1.00000 0.06027 0.17910 0.31805 0.24878 0.14659 0.14403 0.13816 0.65090 0.30474 0.24324 0.45277 0.13689 0.99363 0.53404 0.35409 0.00000 0.33333 0.65116 1.00000 0.16015 0.16604
126.00000 56.00000 0.99982 0.99881 1.00000 0.00000 0.13387 0.28433 0.24238 0.00000 0.00063 0.00372 0.62768 0.27594 0.24324 0.47801 0.00241 0.99355 0.57640 0.36980 0.00000 0.29167 0.62791 1.00000 0.01646 0.02257
126.00000 57.00000 0.83325 0.99905 1.00000 0.06027 0.18433 0.33423 0.24968 0.14659 0.14403 0.13715 0.65096 0.30554 0.24324 0.45521 0.13666 0.99366 0.52787 0.35018 0.00000 0.32292 0.65116 1.00000 0.15535 0.16609
126.00000 58.00000 0.23808 0.29846 1.00000 0.59794 0.63382 0.69392 0.68567 0.61718 0.61509 0.61498 0.85338 0.65122 0.89189 0.76547 0.61613 0.99341 0.69146 0.09809 1.00000 0.67708 0.85412 1.00000 0.62791 0.62927
126.00000 59.00000 0.99980 0.99762 1.00000 0.00000 0.12919 0.29208 0.26214 0.00000 0.00063 0.00511 0.62774 0.28002 0.24324 0.46173 0.00276 0.99363 0.57481 0.37419 0.00000 0.29167 0.62791 1.00000 0.01955 0.01953
126.00000 60.00000 0.83335 0.99762 1.00000 0.06027 0.18093 0.33588 0.24647 0.14659 0.14403 0.13918 0.65092 0.29991 0.24324 0.46498 0.13720 0.99352 0.54084 0.35743 0.00000 0.31250 0.65116 1.00000 0.16838 0.16503
126.00000 61.00000 0.00005 0.00000 1.00000 1.00000 0.98367 0.93428 0.91270 1.00000 1.00000 0.99480 0.99928 0.87507 1.00000 0.90228 0.99685 0.99325 0.71024 0.02977 1.00000 0.93750 1.00000 1.00000 0.98217 0.98385
126.00000 62.00000 0.99978 0.99762 1.00000 0.00000 0.12818 0.30207 0.23232 0.00000 0.00063 0.00515 0.62751 0.27960 0.24324 0.46906 0.00464 0.99361 0.58378 0.37632 0.00000 0.29167 0.62791 1.00000 0.01337 0.01569
126.00000 63.00000 0.23803 0.29739 1.00000 0.59794 0.63290 0.68633 0.69422 0.61718 0.61509 0.61429 0.85328 0.65080 0.89189 0.75570 0.61547 0.99341 0.69527 0.12079 1.00000 0.68750 0.85412 1.00000 0.63340 0.62960
126.00000 64.00000 0.47605 0.83171 1.00000 0.62699 0.65768 0.65453 0.53050 0.50794 0.50000 0.47196 0.86411 0.60570 0.37838 0.65554 0.47275 0.99333 0.53125 0.32879 0.00000 0.63542 0.86469 1.00000 0.49623 0.49545
126.00000 65.00000 0.47615 0.83337 1.00000 0.62699 0.65768 0.64383 0.54181 0.50794 0.49937 0.47270 0.86394 0.60335 0.40541 0.65798 0.47224 0.99352 0.52544 0.32337 0.00000 0.63542 0.86469 1.00000 0.48834 0.49497
126.00000 66.00000 0.83335 0.99786 1.00000 0.06027 0.18185 0.32063 0.24395 0.14659 0.14403 0.13722 0.65082 0.30523 0.24324 0.46743 0.13814 0.99366 0.52894 0.34322 0.00000 0.32292 0.65116 1.00000 0.15672 0.16935
126.00000 67.00000 0.83326 0.99834 1.00000 0.06027 0.18378 0.31277 0.23795 0.14659 0.14403 0.13782 0.65101 0.29796 0.24324 0.45440 0.13679 0.99372 0.54084 0.36142 0.00000 0.33333 0.65116 1.00000 0.16255 0.16602
126.00000 68.00000 0.99999 0.99964 1.00000 0.00000 0.12854 0.31063 0.23841 0.00000 0.00000 0.00561 0.62759 0.28090 0.24324 0.46336 0.00264 0.99344 0.59123 0.37368 0.00000 0.29167 0.62791 1.00000 0.01749 0.01794
126.00000 69.00000 0.83329 0.99774 1.00000 0.06027 0.18286 0.32802 0.24799 0.14659 0.14403 0.13851 0.65088 0.30158 0.24324 0.44788 0.13694 0.99363 0.54725 0.34776 0.00000 0.33333 0.65116 1.00000 0.15844 0.16683
126.00000 70.00000 0.99980 0.99762 1.00000 0.00000 0.12708 0.30259 0.24739 0.00000 0.00000 0.00399 0.62759 0.28202 0.24324 0.47394 0.00388 0.99336 0.58171 0.37738 0.00000 0.29167 0.62791 1.00000 0.01200 0.02151
126.00000 71.00000 0.23819 0.29751 1.00000 0.59794 0.63914 0.67192 0.67232 0.61718 0.61509 0.61472 0.85341 0.65389 0.89189 0.74023 0.61479 0.99330 0.69748 0.11266 1.00000 0.68750 0.85412 1.00000 0.62791 0.63067
126.00000 72.00000 0.23817 0.29691 1.00000 0.59794 0.64180 0.71589 0.68924 0.61718 0.61509 0.61594 0.85332 0.64930 0.89189 0.74186 0.61408 0.99339 0.68411 0.10332 1.00000 0.67708 0.85412 1.00000 0.62929 0.63429
126.00000 73.00000 0.00006 0.00214 1.00000 1.00000 0.98404 0.93732 0.91087 1.00000 1.00000 0.99391 0.99926 0.87847 1.00000 0.90961 0.99536 0.99333 0.70377 0.02340 1.00000 0.92708 1.00000 1.00000 0.98251 0.98625
126.00000 74.00000 0.99993 0.99762 1.00000 0.00000 0.13139 0.29308 0.24498 0.00000 0.00063 0.00408 0.62738 0.27942 0.24324 0.48127 0.00401 0.99339 0.57855 0.36669 0.00000 0.29167 0.62791 1.00000 0.01269 0.01741
126.00000 75.00000 0.00006 0.00000 1.00000 1.00000 0.97972 0.92141 0.91814 1.00000 1.00000 0.99578 0.99922 0.88012 1.00000 0.90879 0.99422 0.99333 0.69239 0.03024 1.00000 0.93750 1.00000 1.00000 0.98045 0.98593
126.00000 76.00000 0.99980 0.99762 1.00000 0.00000 0.13020 0.30841 0.23574 0.00000 0.00000 0.00611 0.62757 0.27861 0.24324 0.47476 0.00299 0.99361 0.56976 0.38357 0.00000 0.29167 0.62791 1.00000 0.01406 0.02333
126.00000 77.00000 0.99999 0.99762 1.00000 0.00000 0.12726 0.29015 0.23121 0.00000 0.00063 0.00267 0.62770 0.27742 0.24324 0.46906 0.00429 0.99352 0.58883 0.36764 0.00000 0.29167 0.62791 1.00000 0.01440 0.01833
126.00000 78.00000 0.00000 0.00083 1.00000 1.00000 0.98459 0.95146 0.89847 1.00000 1.00000 0.99425 0.99941 0.87403 1.00000 0.91287 0.99521 0.99325 0.70660 0.03727 1.00000 0.94792 1.00000 1.00000 0.99074 0.98173
126.00000 79.00000 0.83329 0.99762 1.00000 0.06027 0.18690 0.31516 0.25586 0.14659 0.14403 0.13866 0.65092 0.30467 0.24324 0.46254 0.13697 0.99350 0.53251 0.35208 0.00000 0.32292 0.65116 1.00000 0.16564 0.16838
126.00000 80.00000 0.59525 0.73634 0.00000 0.23809 0.01110 0.05266 0.05570 0.29318 0.20881 0.09317 0.00135 0.02946 0.02703 0.05375 0.09055 0.00201 0.07471 0.93673 0.00000 0.05208 0.00000 0.00000 0.14026 0.14758
126.00000 81.00000 0.83318 0.99762 1.00000 0.06027 0.18286 0.33840 0.24900 0.14659 0.14403 0.13749 0.65084 0.30176 0.24324 0.45928 0.13547 0.99369 0.55039 0.35640 0.00000 0.31250 0.65116 1.00000 0.15878 0.16133
126.00000 82.00000 0.99984 0.99905 1.00000 0.00000 0.12561 0.29752 0.25796 0.00000 0.00000 0.00425 0.62766 0.28923 0.24324 0.46824 0.00380 0.99366 0.57621 0.37906 0.00000 0.29167 0.62791 1.00000 0.01818 0.02298
126.00000 83.00000 0.59527 0.73812 0.00000 0.23809 0.01064 0.04261 0.05630 0.29318 0.20881 0.09138 0.00141 0.02576 0.02703 0.03176 0.08971 0.00215 0.07728 0.93054 0.00000 0.04167 0.00000 0.00000 0.14198 0.14716
126.00000 84.00000 0.99990 0.99976 1.00000 0.00000 0.12497 0.29376 0.25105 0.00000 0.00000 0.00551 0.62763 0.27725 0.24324 0.47557 0.00315 0.99358 0.57400 0.38243 0.00000 0.29167 0.62791 1.00000 0.01200 0.02236
126.00000 85.00000 0.99978 0.99762 1.00000 0.00000 0.13341 0.28652 0.24785 0.00000 0.00063 0.00413 0.62770 0.28221 0.24324 0.49023 0.00269 0.99361 0.56564 0.37961 0.00000 0.28125 0.62791 1.00000 0.01749 0.02288
126.00000 86.00000 0.59518 0.73634 0.00000 0.23809 0.01083 0.06594 0.06489 0.29318 0.20881 0.09272 0.00144 0.02566 0.02703 0.04397 0.08999 0.00212 0.08297 0.92780 0.00000 0.05208 0.00000 0.00000 0.13992 0.14454
126.00000 87.00000 0.47623 0.83135 1.00000 0.62699 0.65914 0.67162 0.53074 0.50794 0.50000 0.47401 0.86405 0.59585 0.40541 0.67590 0.47155 0.99339 0.52804 0.33106 0.00000 0.62500 0.86469 1.00000 0.49314 0.49224
126.00000 88.00000 0.23808 0.29739 1.00000 0.59794 0.63676 0.70129 0.68818 0.61718 0.61509 0.61575 0.85319 0.65486 0.89189 0.73534 0.61466 0.99358 0.68270 0.11431 1.00000 0.67708 0.85412 1.00000 0.63203 0.63953
126.00000 89.00000 0.00003 0.00083 1.00000 1.00000 0.98119 0.93444 0.92649 1.00000 1.00000 0.99322 0.99939 0.87694 1.00000 0.90717 0.99828 0.99341 0.70617 0.04518 1.00000 0.93750 1.00000 1.00000 0.99074 0.98667
126.00000 90.00000 0.83318 0.99762 1.00000 0.06027 0.17836 0.32610 0.27153 0.14659 0.14403 0.13866 0.65109 0.30004 0.24324 0.45847 0.13793 0.99372 0.54322 0.35882 0.00000 0.32292 0.65116 1.00000 0.15706 0.16296
126.00000 91.00000 0.83322 0.99786 1.00000 0.06027 0.18956 0.32705 0.26246 0.14659 0.14403 0.13928 0.65086 0.29824 0.24324 0.45358 0.13763 0.99352 0.52897 0.37002 0.00000 0.32292 0.65116 1.00000 0.16118 0.16793
126.00000 92.00000 0.47619 0.83135 1.00000 0.62699 0.65859 0.66721 0.54768 0.50794 0.50000 0.47129 0.86409 0.59945 0.40541 0.66450 0.47110 0.99358 0.52956 0.32187 0.00000 0.65625 0.86469 1.00000 0.49246 0.49419
126.00000 93.00000 0.99990 0.99762 1.00000 0.00000 0.12845 0.30126 0.24111 0.00000 0.00000 0.00274 0.62761 0.27965 0.24324 0.46824 0.00388 0.99344 0.58571 0.37408 0.00000 0.28125 0.62791 1.00000 0.01269 0.01598
126.00000 94.00000 0.47609 0.83302 1.00000 0.62699 0.65703 0.66751 0.53916 0.50794 0.50000 0.47439 0.86398 0.60426 0.37838 0.65554 0.47219 0.99355 0.51483 0.32473 0.00000 0.64583 0.86469 1.00000 0.49280 0.49086
126.00000 95.00000 0.83315 0.99762 1.00000 0.06027 0.18479 0.31854 0.26701 0.14659 0.14403 0.13794 0.65094 0.30353 0.24324 0.45521 0.13692 0.99361 0.53580 0.35197 0.00000 0.32292 0.65116 1.00000 0.15706 0.16657
126.00000 96.00000 0.00007 0.00000 1.00000 1.00000 0.98743 0.93447 0.92606 1.00000 1.00000 0.99525 0.99926 0.88218 1.00000 0.92427 0.99630 0.99333 0.69741 0.04057 1.00000 0.92708 1.00000 1.00000 0.98320 0.98559
126.00000 97.00000 0.47616 0.83135 1.00000 0.62699 0.66043 0.66756 0.53919 0.50794 0.49937 0.47165 0.86409 0.60829 0.40541 0.65879 0.47325 0.99352 0.52209 0.31891 0.00000 0.63542 0.86469 1.00000 0.49040 0.49696
126.00000 98.00000 0.83331 0.99988 1.00000 0.06027 0.18754 0.33087 0.26592 0.14659 0.14403 0.13880 0.65096 0.30414 0.24324 0.46498 0.13705 0.99388 0.54360 0.36424 0.00000 0.31250 0.65116 1.00000 0.16941 0.16866
126.00000 99.00000 0.59524 0.73634 0.00000 0.23809 0.01431 0.04275 0.06617 0.29318 0.20881 0.09171 0.00141 0.02725 0.02703 0.04642 0.09139 0.00196 0.08054 0.93512 0.00000 0.06250 0.00000 0.00000 0.14335 0.14447
126.00000 100.00000 0.99983 0.99988 1.00000 0.00000 0.12827 0.28176 0.24643 0.00000 0.00063 0.00468 0.62776 0.27990 0.24324 0.47313 0.00365 0.99355 0.59052 0.37372 0.00000 0.27083 0.62791 1.00000 0.01269 0.01904
126.00000 101.00000 0.47627 0.83135 1.00000 0.62699 0.66052 0.65003 0.54547 0.50794 0.50000 0.47232 0.86413 0.60691 0.40541 0.66775 0.47178 0.99358 0.51942 0.33432 0.00000 0.64583 0.86469 1.00000 0.48663 0.49407
126.00000 102.00000 0.83313 0.99964 1.00000 0.06027 0.18460 0.31589 0.25909 0.14659 0.14403 0.13818 0.65113 0.30468 0.27027 0.46010 0.13798 0.99374 0.54218 0.35845 0.00000 0.32292 0.65116 1.00000 0.16152 0.16437
126.00000 103.00000 0.59531 0.73634 0.00000 0.23809 0.00725 0.03522 0.07931 0.29318 0.20818 0.09281 0.00148 0.02397 0.02703 0.03502 0.08959 0.00207 0.08271 0.95086 0.00000 0.02083 0.00000 0.00000 0.13649 0.14787
126.00000 104.00000 0.83320 0.99762 1.00000 0.06027 0.18644 0.33453 0.26404 0.14659 0.14403 0.13816 0.65090 0.30524 0.24324 0.46417 0.13788 0.99383 0.55929 0.35695 0.00000 0.33333 0.65116 1.00000 0.15501 0.16196
126.00000 105.00000 0.99993 0.99846 1.00000 0.00000 0.12992 0.29850 0.24818 0.00000 0.00063 0.00353 0.62757 0.28376 0.24324 0.47883 0.00274 0.99339 0.59356 0.37617 0.00000 0.30208 0.62791 1.00000 0.01680 0.01222
126.00000 106.00000 0.23814 0.29751 1.00000 0.59794 0.63593 0.69706 0.67646 0.61718 0.61572 0.61613 0.85330 0.65397 0.89189 0.75570 0.61585 0.99350 0.69037 0.11588 1.00000 0.69792 0.85412 1.00000 0.62894 0.62995
126.00000 107.00000 0.47607 0.83135 1.00000 0.62699 0.66061 0.65667 0.54073 0.50794 0.50000 0.47093 0.86411 0.60701 0.40541 0.66938 0.47006 0.99355 0.51150 0.32674 0.00000 0.63542 0.86469 1.00000 0.48765 0.49415
126.00000 108.00000 0.00002 0.00000 1.00000 1.00000 0.98523 0.93488 0.91231 1.00000 1.00000 0.99387 0.99926 0.87663 1.00000 0.92427 0.99612 0.99344 0.69386 0.03998 1.00000 0.93750 1.00000 1.00000 0.98628 0.98535
126.00000 109.00000 0.99999 0.99762 1.00000 0.00000 0.13231 0.29430 0.24337 0.00000 0.00063 0.00341 0.62768 0.28026 0.24324 0.47557 0.00444 0.99339 0.59245 0.37269 0.00000 0.29167 0.62791 1.00000 0.02092 0.01925
126.00000 110.00000 0.59524 0.73836 0.00000 0.23809 0.01193 0.05789 0.05591 0.29318 0.20881 0.09329 0.00150 0.02501 0.02703 0.03746 0.08989 0.00187 0.07245 0.94566 0.00000 0.04167 0.00000 0.00000 0.14198 0.14235
126.00000 111.00000 0.23801 0.29691 1.00000 0.59794 0.63299 0.71082 0.67879 0.61718 0.61509 0.61396 0.85345 0.65236 0.89189 0.75651 0.61479 0.99347 0.69348 0.10779 1.00000 0.69792 0.85412 1.00000 0.63032 0.62977
126.00000 112.00000 0.59521 0.73634 0.00000 0.23809 0.01138 0.03619 0.07139 0.29318 0.20881 0.09214 0.00135 0.02682 0.02703 0.04397 0.08992 0.00187 0.06119 0.94347 0.00000 0.05208 0.00000 0.00000 0.14232 0.14842
126.00000 113.00000 0.00001 0.00000 1.00000 1.00000 0.98303 0.91372 0.92849 1.00000 1.00000 0.99442 0.99920 0.86840 1.00000 0.91857 0.99516 0.99328 0.70734 0.03423 1.00000 0.93750 1.00000 1.00000 0.97874 0.98814
126.00000 114.00000 0.83328 0.99869 1.00000 0.06027 0.18167 0.33146 0.24527 0.14659 0.14403 0.13713 0.65107 0.30640 0.24324 0.46091 0.13697 0.99377 0.53913 0.35999 0.00000 0.33333 0.65116 1.00000 0.16084 0.16743
126.00000 115.00000 0.99983 0.99846 1.00000 0.00000 0.12341 0.31142 0.25244 0.00000 0.00000 0.00346 0.62774 0.28043 0.24324 0.47801 0.00406 0.99366 0.58830 0.37888 0.00000 0.28125 0.62791 1.00000 0.01578 0.02028
126.00000 116.00000 0.83329 0.99762 1.00000 0.06027 0.18864 0.31210 0.26915 0.14659 0.14403 0.13598 0.65090 0.30341 0.24324 0.46743 0.13712 0.99374 0.54111 0.36852 0.00000 0.31250 0.65116 1.00000 0.16118 0.16044
126.00000 117.00000 0.23817 0.29774 1.00000 0.59794 0.63694 0.68753 0.69381 0.61718 0.61509 0.61589 0.85343 0.65539 0.89189 0.75326 0.61497 0.99372 0.68610 0.13020 1.00000 0.70833 0.85412 1.00000 0.63237 0.63363
126.00000 118.00000 0.99985 0.99762 1.00000 0.00000 0.13561 0.29278 0.23839 0.00000 0.00000 0.00322 0.62780 0.28298 0.24324 0.49674 0.00406 0.99361 0.57721 0.38379 0.00000 0.30208 0.62791 1.00000 0.01337 0.01900
126.00000 119.00000 0.59518 0.73634 0.00000 0.23809 0.01303 0.03497 0.05505 0.29318 0.20881 0.09207 0.00139 0.03291 0.02703 0.04397 0.08994 0.00209 0.06562 0.93992 0.00000 0.06250 0.00000 0.00000 0.13855 0.14287
126.00000 120.00000 0.47625 0.83183 1.00000 0.62699 0.65868 0.64798 0.54975 0.50794 0.50000 0.47337 0.86417 0.60954 0.40541 0.66450 0.47214 0.99369 0.52535 0.32502 0.00000 0.64583 0.86469 1.00000 0.49451 0.49398
126.00000 121.00000 0.99977 0.99762 1.00000 0.00000 0.12955 0.31418 0.22852 0.00000 0.00063 0.00434 0.62774 0.28292 0.24324 0.48779 0.00335 0.99355 0.58307 0.37895 0.00000 0.28125 0.62791 1.00000 0.01475 0.02475
126.00000 122.00000 0.83318 0.99762 1.00000 0.06027 0.18130 0.31445 0.25194 0.14659 0.14403 0.13701 0.65107 0.30277 0.24324 0.48208 0.13606 0.99374 0.53168 0.36823 0.00000 0.31250 0.65116 1.00000 0.15535 0.16223
126.00000 123.00000 0.00005 0.00166 1.00000 1.00000 0.99027 0.95779 0.91722 1.00000 1.00000 0.99229 0.99937 0.88839 1.00000 0.91205 0.99475 0.99333 0.70655 0.03720 1.00000 0.92708 1.00000 1.00000 0.98457 0.98354
126.00000 124.00000 0.83317 0.99762 1.00000 0.06027 0.18194 0.33474 0.26583 0.14659 0.14403 0.13617 0.65101 0.30173 0.24324 0.47801 0.13644 0.99374 0.55091 0.36405 0.00000 0.34375 0.65116 1.00000 0.15878 0.16459
126.00000 125.00000 0.59515 0.73634 0.00000 0.23809 0.00789 0.03830 0.05897 0.29318 0.20881 0.09412 0.00154 0.02674 0.02703 0.03664 0.09050 0.00215 0.09516 0.95910 0.00000 0.06250 0.00000 0.00000 0.14232 0.14016
126.00000 126.00000 0.23809 0.29691 1.00000 0.59794 0.63602 0.68734 0.70252 0.61718 0.61509 0.61436 0.85341 0.64725 0.89189 0.73371 0.61347 0.99350 0.68696 0.12291 1.00000 0.67708 0.85412 1.00000 0.62791 0.62941
126.00000 127.00000 0.23804 0.29691 1.00000 0.59794 0.63731 0.71795 0.68955 0.61718 0.61509 0.61324 0.85343 0.65917 0.89189 0.75407 0.61395 0.99355 0.71695 0.11987 1.00000 0.69792 0.85412 1.00000 0.62723 0.63383
126.00000 128.00000 0.83328 0.99762 1.00000 0.06027 0.18598 0.32705 0.26674 0.14659 0.14403 0.13880 0.65101 0.30459 0.24324 0.46661 0.13601 0.99372 0.55308 0.35402 0.00000 0.32292 0.65116 1.00000 0.15638 0.16363
126.00000 129.00000 0.47623 0.83135 1.00000 0.62699 0.66391 0.66683 0.54576 0.50794 0.50000 0.47165 0.86409 0.61119 0.40541 0.66775 0.47127 0.99372 0.52894 0.33286 0.00000 0.65625 0.86469 1.00000 0.48971 0.49086
126.00000 130.00000 0.47617 0.83135 1.00000 0.62699 0.65777 0.68056 0.54643 0.50794 0.50000 0.47344 0.86415 0.60910 0.40541 0.67020 0.47229 0.99355 0.53085 0.32389 0.00000 0.64583 0.86469 1.00000 0.49314 0.48898
126.00000 131.00000 0.47625 0.83135 1.00000 0.62699 0.65685 0.66659 0.56908 0.50794 0.50000 0.47189 0.86422 0.60864 0.37838 0.66694 0.47168 0.99363 0.52180 0.32718 0.00000 0.63542 0.86469 1.00000 0.49348 0.49187
126.00000 132.00000 0.83315 0.99881 1.00000 0.06027 0.18653 0.34972 0.26956 0.14659 0.14403 0.13608 0.65118 0.30457 0.24324 0.45277 0.13793 0.99380 0.55046 0.37500 0.00000 0.32292 0.65116 1.00000 0.16529 0.16855
126.00000 133.00000 0.83335 0.99976 1.00000 0.06027 0.18341 0.33786 0.25899 0.14659 0.14403 0.13835 0.65105 0.30682 0.24324 0.47476 0.13641 0.99388 0.54751 0.37463 0.00000 0.32292 0.65116 1.00000 0.15604 0.16824
126.00000 134.00000 0.00007 0.00119 1.00000 1.00000 0.99018 0.97272 0.93496 1.00000 1.00000 0.99306 0.99943 0.88403 1.00000 0.93811 0.99323 0.99344 0.71245 0.04302 1.00000 0.92708 1.00000 1.00000 0.98663 0.98160
126.00000 135.00000 0.99986 0.99905 1.00000 0.00000 0.12909 0.29126 0.24691 0.00000 0.00063 0.00356 0.62759 0.28262 0.24324 0.48860 0.00411 0.99361 0.57081 0.38188 0.00000 0.30208 0.62791 1.00000 0.01235 0.01623
126.00000 136.00000 0.99988 0.99762 1.00000 0.00000 0.13056 0.27832 0.24804 0.00000 0.00063 0.00399 0.62761 0.28064 0.24324 0.49756 0.00335 0.99344 0.57540 0.38346 0.00000 0.29167 0.62791 1.00000 0.01543 0.01367
126.00000 137.00000 0.00000 0.00048 1.00000 1.00000 0.98027 0.93547 0.92791 1.00000 1.00000 0.99380 0.99935 0.88583 1.00000 0.92834 0.99457 0.99347 0.70834 0.02380 1.00000 0.94792 1.00000 1.00000 0.98011 0.98032
126.00000 138.00000 0.59508 0.73777 0.00000 0.23809 0.01505 0.03988 0.06937 0.29318 0.20881 0.09219 0.00156 0.02193 0.02703 0.07085 0.09114 0.00212 0.08628 0.94702 0.00000 0.05208 0.00000 0.00000 0.14266 0.15076
126.00000 139.00000 0.00000 0.00202 1.00000 1.00000 0.98073 0.94734 0.91751 1.00000 1.00000 0.99236 0.99943 0.87734 1.00000 0.91612 0.99462 0.99336 0.72714 0.04163 1.00000 0.94792 1.00000 1.00000 0.98388 0.98153
126.00000 140.00000 0.59525 0.73634 0.00000 0.23809 0.01147 0.05851 0.07982 0.29318 0.20881 0.09066 0.00175 0.02751 0.02703 0.05212 0.09004 0.00223 0.08045 0.94552 0.00000 0.04167 0.00000 0.00000 0.14129 0.13929
126.00000 141.00000 0.99977 0.99762 1.00000 0.00000 0.12983 0.31852 0.23596 0.00000 0.00063 0.00387 0.62774 0.28639 0.24324 0.49267 0.00368 0.99372 0.59571 0.37943 0.00000 0.29167 0.62791 1.00000 0.01372 0.02387
126.00000 142.00000 0.83318 0.99917 1.00000 0.06027 0.18534 0.35254 0.28609 0.14659 0.14403 0.13711 0.65096 0.30629 0.24324 0.47313 0.13737 0.99374 0.54877 0.35728 0.00000 0.35417 0.65116 1.00000 0.16015 0.16531
126.00000 143.00000 0.59510 0.73812 0.00000 0.23809 0.01349 0.05139 0.06294 0.29318 0.20881 0.09081 0.00156 0.02763 0.02703 0.04316 0.08913 0.00223 0.08669 0.95815 0.00000 0.05208 0.00000 0.00000 0.13992 0.14671
126.00000 144.00000 0.59518 0.73634 0.00000 0.23809 0.01220 0.04429 0.06087 0.29318 0.20881 0.09140 0.00152 0.02891 0.02703 0.04642 0.08834 0.00229 0.08645 0.94149 0.00000 0.04167 0.00000 0.00000 0.14198 0.14675
126.00000 145.00000 0.47608 0.83147 1.00000 0.62699 0.66336 0.66515 0.54751 0.50794 0.50000 0.47203 0.86411 0.61490 0.37838 0.68322 0.47163 0.99391 0.54758 0.32806 0.00000 0.65625 0.86469 1.00000 0.49211 0.49157
126.00000 146.00000 0.23802 0.29929 1.00000 0.59794 0.63731 0.69703 0.69234 0.61718 0.61572 0.61272 0.85341 0.65596 0.89189 0.77443 0.61608 0.99361 0.71338 0.11669 1.00000 0.69792 0.85412 1.00000 0.62414 0.62783
126.00000 147.00000 0.83314 0.99762 1.00000 0.06027 0.18928 0.31025 0.26063 0.14659 0.14403 0.13744 0.65096 0.30522 0.24324 0.47476 0.13705 0.99383 0.54429 0.37218 0.00000 0.32292 0.65116 1.00000 0.16358 0.15950
126.00000 148.00000 0.00003 0.00095 1.00000 1.00000 0.98174 0.94122 0.94348 1.00000 1.00000 0.99477 0.99935 0.88206 1.00000 0.93404 0.99541 0.99350 0.72069 0.06169 1.00000 0.94792 1.00000 1.00000 0.98457 0.99098
126.00000 149.00000 0.83318 0.99774 1.00000 0.06027 0.18451 0.35249 0.26734 0.14659 0.14403 0.13706 0.65105 0.30723 0.24324 0.47638 0.13628 0.99391 0.55517 0.36295 0.00000 0.33333 0.65116 1.00000 0.15569 0.15420
126.00000 150.00000 0.00000 0.00012 1.00000 1.00000 0.98715 0.95040 0.94153 1.00000 1.00000 0.99358 0.99947 0.88098 1.00000 0.94137 0.99424 0.99336 0.71555 0.03431 1.00000 0.93750 1.00000 1.00000 0.97805 0.98580
126.00000 151.00000 0.99996 0.99786 1.00000 0.00000 0.13442 0.28468 0.26624 0.00000 0.00063 0.00379 0.62787 0.28290 0.24324 0.48860 0.00294 0.99372 0.58419 0.39455 0.00000 0.29167 0.62791 1.00000 0.01200 0.01853
126.00000 152.00000 0.47616 0.83325 1.00000 0.62699 0.66015 0.67837 0.56374 0.50794 0.50000 0.47122 0.86417 0.61399 0.40541 0.66205 0.47122 0.99380 0.52975 0.33388 0.00000 0.66667 0.86469 1.00000 0.48320 0.49874
126.00000 153.00000 1.00000 0.99762 1.00000 0.00000 0.13102 0.30391 0.26518 0.00000 0.00063 0.00506 0.62782 0.28406 0.24324 0.49186 0.00368 0.99377 0.58116 0.37313 0.00000 0.29167 0.62791 1.00000 0.00926 0.02129
126.00000 154.00000 0.99989 0.99762 1.00000 0.00000 0.13377 0.29690 0.25451 0.00000 0.00063 0.00442 0.62772 0.28982 0.24324 0.49104 0.00287 0.99366 0.57671 0.39389 0.00000 0.30208 0.62791 1.00000 0.01235 0.02071
126.00000 155.00000 0.23817 0.29786 1.00000 0.59794 0.63813 0.70706 0.71278 0.61718 0.61509 0.61252 0.85345 0.64946 0.89189 0.75733 0.61329 0.99374 0.70100 0.14301 1.00000 0.71875 0.85412 1.00000 0.62654 0.62895
126.00000 156.00000 0.99986 0.99988 1.00000 0.00000 0.13524 0.30570 0.26539 0.00000 0.00063 0.00425 0.62774 0.29419 0.24324 0.49756 0.00406 0.99369 0.59556 0.39561 0.00000 0.29167 0.62791 1.00000 0.01132 0.01494
126.00000 157.00000 0.99985 0.99917 1.00000 0.00000 0.13075 0.29270 0.25201 0.00000 0.00000 0.00504 0.62761 0.28331 0.24324 0.50081 0.00502 0.99363 0.58849 0.38269 0.00000 0.31250 0.62791 1.00000 0.00857 0.02502
126.00000 158.00000 0.23816 0.29691 1.00000 0.59794 0.63859 0.71014 0.71937 0.61718 0.61572 0.61269 0.85349 0.65859 0.89189 0.77036 0.61380 0.99372 0.68841 0.13664 1.00000 0.70833 0.85412 1.00000 0.62620 0.62996
126.00000 159.00000 0.23817 0.29691 1.00000 0.59794 0.63914 0.70819 0.70399 0.61718 0.61572 0.61372 0.85357 0.65972 0.89189 0.76547 0.61294 0.99385 0.69705 0.12489 1.00000 0.70833 0.85412 1.00000 0.62826 0.63073
126.00000 160.00000 0.47614 0.83349 1.00000 0.62699 0.66492 0.66222 0.57115 0.50794 0.50000 0.47129 0.86426 0.60841 0.40541 0.67671 0.47067 0.99374 0.53780 0.35479 0.00000 0.65625 0.86469 1.00000 0.48731 0.48611
126.00000 161.00000 0.83313 0.99976 1.00000 0.06027 0.18745 0.33986 0.26082 0.14659 0.14403 0.13734 0.65128 0.31068 0.24324 0.48208 0.13616 0.99396 0.55105 0.37595 0.00000 0.35417 0.65116 1.00000 0.15912 0.15989
126.00000 162.00000 0.00000 0.00000 1.00000 1.00000 0.98780 0.92840 0.95340 1.00000 1.00000 0.99274 0.99943 0.88138 1.00000 0.94625 0.99379 0.99361 0.72559 0.04522 1.00000 0.95833 1.00000 1.00000 0.97565 0.97999
126.00000 163.00000 0.99994 0.99762 1.00000 0.00000 0.13625 0.32025 0.25986 0.00000 0.00000 0.00270 0.62778 0.28759 0.24324 0.51140 0.00249 0.99383 0.59509 0.39096 0.00000 0.32292 0.62791 1.00000 0.00617 0.02168
126.00000 164.00000 0.23813 0.29691 1.00000 0.59794 0.64400 0.71098 0.71316 0.61718 0.61572 0.61324 0.85355 0.65717 0.89189 0.77280 0.61342 0.99385 0.70724 0.12214 1.00000 0.70833 0.85412 1.00000 0.62826 0.62844
126.00000 165.00000 0.00005 0.00000 1.00000 1.00000 0.98477 0.94707 0.95771 1.00000 1.00000 0.99370 0.99939 0.88003 1.00000 0.93730 0.99290 0.99355 0.71450 0.05130 1.00000 0.95833 1.00000 1.00000 0.98080 0.98317
126.00000 166.00000 0.23824 0.29691 1.00000 0.59794 0.64327 0.70142 0.69764 0.61718 0.61572 0.61245 0.85364 0.66386 0.89189 0.78339 0.61405 0.99377 0.70017 0.12895 1.00000 0.69792 0.85412 1.00000 0.63169 0.63124
126.00000 167.00000 0.83326 0.99857 1.00000 0.06027 0.18892 0.34720 0.28376 0.14659 0.14403 0.13656 0.65118 0.31595 0.24324 0.49349 0.13481 0.99399 0.55589 0.39023 0.00000 0.34375 0.65116 1.00000 0.15741 0.16589
126.00000 168.00000 0.47608 0.83266 1.00000 0.62699 0.66538 0.65905 0.57081 0.50794 0.50000 0.46981 0.86426 0.61465 0.40541 0.67590 0.47039 0.99399 0.53059 0.33659 0.00000 0.65625 0.86469 1.00000 0.49211 0.48780
126.00000 169.00000 0.00001 0.00000 1.00000 1.00000 0.98697 0.96224 0.93061 1.00000 1.00000 0.99100 0.99954 0.88572 1.00000 0.94951 0.99285 0.99352 0.72471 0.04203 1.00000 0.96875 1.00000 1.00000 0.98045 0.97629
126.00000 170.00000 0.83326 0.99893 1.00000 0.06027 0.19158 0.32561 0.28693 0.14659 0.14403 0.13885 0.65115 0.30599 0.24324 0.48534 0.13613 0.99396 0.55351 0.37456 0.00000 0.32292 0.65116 1.00000 0.15672 0.16728
126.00000 171.00000 0.59528 0.73717 0.00000 0.23809 0.01496 0.07924 0.10444 0.29318 0.20881 0.09064 0.00173 0.02984 0.02703 0.04967 0.09053 0.00251 0.09309 0.96368 0.00000 0.05208 0.00000 0.00000 0.13752 0.14277
126.00000 172.00000 0.00002 0.00131 1.00000 1.00000 0.98862 0.93591 0.94644 1.00000 1.00000 0.99143 0.99951 0.88744 1.00000 0.94707 0.99272 0.99363 0.71191 0.05543 1.00000 0.94792 1.00000 1.00000 0.96571 0.97531
126.00000 173.00000 0.00003 0.00000 1.00000 1.00000 0.99119 0.93845 0.94421 1.00000 1.00000 0.99263 0.99951 0.88651 1.00000 0.94625 0.99333 0.99347 0.71881 0.05858 1.00000 0.96875 1.00000 1.00000 0.97634 0.97558
126.00000 174.00000 0.47629 0.83135 1.00000 0.62699 0.66914 0.65713 0.55750 0.50794 0.50000 0.46979 0.86430 0.61695 0.37838 0.68974 0.47026 0.99394 0.53839 0.34135 1.00000 0.65625 0.86469 1.00000 0.49074 0.48943
126.00000 175.00000 0.99981 0.99762 1.00000 0.00000 0.13029 0.31583 0.26946 0.00000 0.00000 0.00430 0.62772 0.28960 0.24324 0.50407 0.00368 0.99383 0.59892 0.39803 0.00000 0.31250 0.62791 1.00000 0.01920 0.01625
126.00000 176.00000 0.23816 0.29691 1.00000 0.59794 0.63923 0.69283 0.73528 0.61718 0.61572 0.61324 0.85370 0.66352 0.89189 0.79642 0.61354 0.99391 0.70319 0.14096 1.00000 0.69792 0.85412 1.00000 0.62860 0.62667
126.00000 177.00000 0.47615 0.83207 1.00000 0.62699 0.66538 0.66195 0.57635 0.50794 0.50000 0.46845 0.86430 0.61688 0.40541 0.68648 0.46874 0.99388 0.54227 0.34410 1.00000 0.66667 0.86469 1.00000 0.49108 0.48955
126.00000 178.00000 0.47624 0.83242 1.00000 0.62699 0.66997 0.66412 0.57358 0.50794 0.50000 0.47045 0.86434 0.61383 0.37838 0.68078 0.46998 0.99408 0.52847 0.35501 1.00000 0.68750 0.86469 1.00000 0.48251 0.49251
126.00000 179.00000 0.00003 0.00166 1.00000 1.00000 0.99238 0.97833 0.95472 1.00000 1.00000 0.98991 0.99954 0.88601 1.00000 0.94707 0.99214 0.99372 0.72845 0.04873 1.00000 0.95833 1.00000 1.00000 0.97531 0.98131
126.00000 180.00000 0.47621 0.83361 1.00000 0.62699 0.66281 0.65274 0.57767 0.50794 0.50000 0.46883 0.86447 0.61622 0.40541 0.69300 0.46894 0.99405 0.53894 0.34113 1.00000 0.65625 0.86469 1.00000 0.48697 0.48960
126.00000 181.00000 0.47625 0.83254 1.00000 0.62699 0.66254 0.67975 0.55981 0.50794 0.50000 0.46986 0.86434 0.61808 0.37838 0.68893 0.46866 0.99410 0.54068 0.34571 1.00000 0.67708 0.86469 1.00000 0.48114 0.49221
126.00000 182.00000 0.23804 0.29691 1.00000 0.59794 0.64630 0.69638 0.71047 0.61718 0.61572 0.60995 0.85362 0.66255 0.89189 0.79072 0.61248 0.99421 0.71421 0.13950 1.00000 0.71875 0.85412 1.00000 0.62380 0.62484
126.00000 183.00000 0.47628 0.83349 1.00000 0.62699 0.66887 0.66534 0.58071 0.50794 0.50000 0.47067 0.86443 0.61567 0.37838 0.70684 0.46704 0.99410 0.53294 0.35116 1.00000 0.66667 0.86469 1.00000 0.48491 0.49165
126.00000 184.00000 0.23810 0.29691 1.00000 0.59794 0.64777 0.72060 0.72703 0.61718 0.61572 0.61226 0.85366 0.66102 0.89189 0.79723 0.61377 0.99399 0.70296 0.15264 1.00000 0.72917 0.85412 1.00000 0.62414 0.62059
126.00000 185.00000 0.99985 0.99964 1.00000 0.00000 0.13286 0.32978 0.26602 0.00000 0.00063 0.00449 0.62793 0.29583 0.24324 0.50814 0.00274 0.99388 0.60239 0.39946 0.00000 0.30208 0.62791 1.00000 0.01269 0.01667
126.00000 186.00000 0.23818 0.29917 1.00000 0.59794 0.64556 0.70275 0.72332 0.61718 0.61572 0.61238 0.85374 0.66342 0.89189 0.78502 0.61266 0.99402 0.70824 0.13554 1.00000 0.70833 0.85412 1.00000 0.62071 0.62591
126.00000 187.00000 0.23819 0.29739 1.00000 0.59794 0.64373 0.73071 0.72469 0.61718 0.61572 0.61009 0.85374 0.66413 0.89189 0.78583 0.61212 0.99421 0.70953 0.14726 1.00000 0.71875 0.85412 1.00000 0.61900 0.62601
126.00000 188.00000 0.47621 0.83349 1.00000 0.62699 0.66630 0.68828 0.59548 0.50794 0.50000 0.47096 0.86438 0.61887 0.37838 0.69218 0.47016 0.99396 0.54011 0.36929 1.00000 0.64583 0.86469 1.00000 0.48560 0.49051
126.00000 189.00000 0.83331 0.99762 1.00000 0.06027 0.19286 0.34826 0.26015 0.14659 0.14403 0.13691 0.65130 0.30980 0.24324 0.49349 0.13494 0.99408 0.55610 0.39345 0.00000 0.36458 0.65116 1.00000 0.15569 0.16034
126.00000 190.00000 0.59524 0.73860 0.00000 0.23809 0.02037 0.07737 0.10694 0.29318 0.20881 0.08935 0.00173 0.04313 0.02703 0.07248 0.09045 0.00254 0.10287 0.98360 0.00000 0.08333 0.00000 0.00000 0.13786 0.14416
126.00000 191.00000 0.99990 0.99762 1.00000 0.00000 0.13699 0.32185 0.27707 0.00000 0.00063 0.00282 0.62793 0.29583 0.24324 0.51547 0.00256 0.99374 0.60849 0.39635 0.00000 0.30208 0.62791 1.00000 0.01063 0.01536
126.00000 192.00000 0.99985 0.99762 1.00000 0.00000 0.13240 0.35089 0.29370 0.00000 0.00063 0.00334 0.62795 0.29183 0.24324 0.52932 0.00373 0.99405 0.60792 0.40165 0.00000 0.31250 0.62791 1.00000 0.01852 0.01894
126.00000 193.00000 0.23810 0.29774 1.00000 0.59794 0.63932 0.73209 0.71896 0.61718 0.61572 0.61353 0.85374 0.66504 0.89189 0.77850 0.61114 0.99402 0.71655 0.16414 1.00000 0.70833 0.85412 1.00000 0.61831 0.62029
126.00000 194.00000 0.00002 0.00000 1.00000 1.00000 0.98569 0.98231 0.96804 1.00000 1.00000 0.99112 0.99949 0.89314 1.00000 0.95440 0.99051 0.99372 0.72521 0.06345 1.00000 0.95833 1.00000 1.00000 0.97531 0.97706
126.00000 195.00000 0.47621 0.83195 1.00000 0.62699 0.67144 0.68021 0.56662 0.50794 0.50000 0.46972 0.86457 0.62001 0.40541 0.70603 0.46879 0.99424 0.54677 0.35743 1.00000 0.66667 0.86469 1.00000 0.48251 0.48238
126.00000 196.00000 0.47618 0.83135 1.00000 0.62699 0.66749 0.67273 0.58306 0.50794 0.50000 0.47065 0.86460 0.61916 0.37838 0.70765 0.46952 0.99430 0.54034 0.37046 1.00000 0.66667 0.86469 1.00000 0.48011 0.49470
126.00000 197.00000 0.99985 0.99762 1.00000 0.00000 0.13827 0.33458 0.28896 0.00000 0.00063 0.00489 0.62797 0.29380 0.24324 0.51384 0.00309 0.99385 0.60818 0.42143 0.00000 0.33333 0.62791 1.00000 0.01097 0.01372
126.00000 198.00000 0.47623 0.83135 1.00000 0.62699 0.66951 0.64911 0.59077 0.50794 0.50000 0.46924 0.86472 0.62562 0.37838 0.70603 0.46876 0.99421 0.54908 0.35699 1.00000 0.67708 0.86469 1.00000 0.48045 0.48843
126.00000 199.00000 0.99997 0.99846 1.00000 0.00000 0.13607 0.34011 0.29197 0.00000 0.00063 0.00370 0.62785 0.29194 0.24324 0.53502 0.00203 0.99380 0.62096 0.41762 0.00000 0.32292 0.62791 1.00000 0.01029 0.01469
