69.00000 1.00000 0.83315 0.99798 1.00000 0.06027 0.18488 0.33106 0.23709 0.14659 0.14403 0.13706 0.65050 0.29132 0.24324 0.47231 0.13720 0.99319 0.51426 0.36105 0.00000 0.32292 0.65116 1.00000 0.15706 0.16847
69.00000 2.00000 0.99987 0.99846 1.00000 0.00000 0.12827 0.31968 0.25598 0.00000 0.00000 0.00506 0.62717 0.26962 0.24324 0.46906 0.00335 0.99303 0.56648 0.37991 0.00000 0.30208 0.62791 1.00000 0.01543 0.02969
69.00000 3.00000 0.99987 0.99762 1.00000 0.00000 0.12964 0.30253 0.24650 0.00000 0.00000 0.00336 0.62715 0.26303 0.24324 0.47964 0.00406 0.99272 0.54053 0.37072 0.00000 0.27083 0.62791 1.00000 0.01955 0.01648
69.00000 4.00000 0.59515 0.73634 0.00000 0.23809 0.01184 0.04532 0.05389 0.29318 0.20881 0.09214 0.00108 0.01302 0.02703 0.03420 0.08974 0.00160 0.04251 0.92813 0.00000 0.03125 0.00000 0.00000 0.13615 0.15166
69.00000 5.00000 0.23816 0.29727 1.00000 0.59794 0.63685 0.68506 0.69561 0.61718 0.61509 0.61455 0.85332 0.64531 0.89189 0.75896 0.61484 0.99333 0.66514 0.12456 1.00000 0.68750 0.85412 1.00000 0.62860 0.63638
69.00000 6.00000 0.23803 0.29691 1.00000 0.59794 0.63373 0.71120 0.67513 0.61718 0.61509 0.61672 0.85332 0.64013 0.89189 0.74593 0.61497 0.99366 0.66916 0.11486 1.00000 0.70833 0.85412 1.00000 0.63100 0.63527
69.00000 7.00000 0.23821 0.29691 1.00000 0.59794 0.63731 0.68232 0.68731 0.61718 0.61509 0.61548 0.85341 0.63932 0.89189 0.73697 0.61524 0.99347 0.67144 0.10959 1.00000 0.69792 0.85412 1.00000 0.63615 0.63415
69.00000 8.00000 0.99993 0.99881 1.00000 0.00000 0.12900 0.26531 0.24031 0.00000 0.00000 0.00403 0.62711 0.27562 0.24324 0.46091 0.00309 0.99295 0.56115 0.37284 0.00000 0.30208 0.62791 1.00000 0.01955 0.02659
69.00000 9.00000 0.99979 0.99941 1.00000 0.00000 0.13001 0.28866 0.23042 0.00000 0.00000 0.00353 0.62725 0.27200 0.24324 0.47638 0.00325 0.99300 0.54955 0.38371 0.00000 0.30208 0.62791 1.00000 0.01132 0.01300
69.00000 10.00000 0.23824 0.29691 1.00000 0.59794 0.63721 0.70657 0.67133 0.61718 0.61509 0.61627 0.85345 0.64378 0.89189 0.74267 0.61489 0.99363 0.65611 0.11350 1.00000 0.69792 0.85412 1.00000 0.62929 0.62572
69.00000 11.00000 0.23813 0.29691 1.00000 0.59794 0.63208 0.67463 0.68989 0.61718 0.61509 0.61525 0.85336 0.64210 0.89189 0.74919 0.61494 0.99352 0.67147 0.11500 1.00000 0.70833 0.85412 1.00000 0.63546 0.63153
69.00000 12.00000 0.99992 0.99964 1.00000 0.00000 0.13176 0.27986 0.27447 0.00000 0.00000 0.00499 0.62721 0.26982 0.24324 0.47964 0.00211 0.99272 0.54470 0.36610 0.00000 0.29167 0.62791 1.00000 0.01132 0.01573
69.00000 13.00000 0.23821 0.29691 1.00000 0.59794 0.63098 0.69430 0.67359 0.61718 0.61509 0.61553 0.85328 0.64777 0.89189 0.74104 0.61580 0.99355 0.66085 0.12002 1.00000 0.66667 0.85412 1.00000 0.63374 0.63372
69.00000 14.00000 0.83321 0.99988 1.00000 0.06027 0.18304 0.32085 0.22943 0.14659 0.14403 0.13775 0.65046 0.29110 0.24324 0.47801 0.13613 0.99300 0.52092 0.34992 0.00000 0.33333 0.65116 1.00000 0.15912 0.16799
69.00000 15.00000 0.00003 0.00000 1.00000 1.00000 0.98468 0.94149 0.92844 1.00000 1.00000 0.99463 0.99937 0.86809 1.00000 0.90798 0.99683 0.99336 0.67927 0.02482 1.00000 0.93750 1.00000 1.00000 0.98525 0.98160
69.00000 16.00000 0.83336 0.99762 1.00000 0.06027 0.18736 0.33309 0.25165 0.14659 0.14403 0.13763 0.65063 0.29715 0.24324 0.47313 0.13669 0.99289 0.50800 0.35786 0.00000 0.31250 0.65116 1.00000 0.15981 0.16280
69.00000 17.00000 0.59524 0.73634 0.00000 0.23809 0.01193 0.04034 0.07440 0.29318 0.20881 0.09315 0.00108 0.01788 0.02703 0.02932 0.08989 0.00160 0.06338 0.93717 0.00000 0.04167 0.00000 0.00000 0.13923 0.14635
69.00000 18.00000 0.99982 0.99810 1.00000 0.00000 0.13047 0.29476 0.25511 0.00000 0.00000 0.00449 0.62723 0.26994 0.24324 0.46987 0.00256 0.99286 0.54456 0.38005 0.00000 0.28125 0.62791 1.00000 0.01440 0.02218
69.00000 19.00000 0.47620 0.83135 1.00000 0.62699 0.66190 0.66079 0.55834 0.50794 0.50000 0.47287 0.86390 0.59894 0.40541 0.66694 0.47130 0.99328 0.51745 0.31796 0.00000 0.65625 0.86469 1.00000 0.49417 0.49370
69.00000 20.00000 0.83315 0.99762 1.00000 0.06027 0.18387 0.34241 0.24012 0.14659 0.14403 0.13551 0.65050 0.28668 0.24324 0.46417 0.13730 0.99303 0.51761 0.36911 0.00000 0.33333 0.65116 1.00000 0.16735 0.16318
69.00000 21.00000 0.83318 0.99846 1.00000 0.06027 0.18525 0.31239 0.24344 0.14659 0.14403 0.13725 0.65050 0.29053 0.24324 0.45195 0.13748 0.99317 0.50631 0.35878 0.00000 0.33333 0.65116 1.00000 0.16461 0.16480
69.00000 22.00000 0.47613 0.83135 1.00000 0.62699 0.66070 0.64513 0.54489 0.50794 0.50000 0.47291 0.86392 0.59396 0.40541 0.68160 0.47252 0.99330 0.50090 0.31964 0.00000 0.63542 0.86469 1.00000 0.48937 0.48825
69.00000 23.00000 0.47611 0.83207 1.00000 0.62699 0.65933 0.64873 0.55688 0.50794 0.49937 0.47396 0.86394 0.58895 0.40541 0.67834 0.47140 0.99333 0.49091 0.31071 0.00000 0.65625 0.86469 1.00000 0.49417 0.49613
69.00000 24.00000 0.23816 0.29715 1.00000 0.59794 0.63024 0.67631 0.68457 0.61718 0.61509 0.61443 0.85336 0.63582 0.89189 0.75814 0.61583 0.99347 0.66321 0.11632 1.00000 0.68750 0.85412 1.00000 0.63066 0.63140
69.00000 25.00000 0.99995 0.99762 1.00000 0.00000 0.12928 0.28942 0.26159 0.00000 0.00063 0.00274 0.62721 0.26781 0.24324 0.47801 0.00553 0.99278 0.54551 0.38613 0.00000 0.31250 0.62791 1.00000 0.02229 0.02526
69.00000 26.00000 0.99998 0.99905 1.00000 0.00000 0.12753 0.29652 0.24106 0.00000 0.00063 0.00456 0.62715 0.26849 0.24324 0.47801 0.00363 0.99297 0.56162 0.38027 0.00000 0.31250 0.62791 1.00000 0.01955 0.01924
69.00000 27.00000 0.47608 0.83171 1.00000 0.62699 0.65942 0.64944 0.56246 0.50794 0.50000 0.47344 0.86394 0.59538 0.40541 0.67182 0.47226 0.99341 0.50243 0.33015 0.00000 0.65625 0.86469 1.00000 0.48422 0.49824
69.00000 28.00000 0.59510 0.73634 0.00000 0.23809 0.01707 0.05169 0.05714 0.29318 0.20881 0.09269 0.00101 0.01888 0.02703 0.04397 0.09091 0.00138 0.05605 0.94940 0.00000 0.06250 0.00000 0.00000 0.13992 0.14377
69.00000 29.00000 0.59519 0.73634 0.00000 0.23809 0.00853 0.03698 0.05815 0.29318 0.20881 0.09317 0.00101 0.01721 0.02703 0.04316 0.08880 0.00157 0.05819 0.94394 0.00000 0.06250 0.00000 0.00000 0.14369 0.14078
69.00000 30.00000 0.99985 0.99762 1.00000 0.00000 0.12588 0.28785 0.24390 0.00000 0.00063 0.00556 0.62711 0.27144 0.24324 0.48697 0.00444 0.99270 0.56093 0.38694 0.00000 0.28125 0.62791 1.00000 0.01886 0.02270
69.00000 31.00000 0.83332 0.99762 1.00000 0.06027 0.18846 0.34393 0.24768 0.14659 0.14403 0.13878 0.65048 0.29223 0.24324 0.47068 0.13578 0.99306 0.51145 0.35655 0.00000 0.31250 0.65116 1.00000 0.16152 0.16012
69.00000 32.00000 0.23815 0.29751 1.00000 0.59794 0.63978 0.70573 0.69121 0.61718 0.61509 0.61482 0.85338 0.64719 0.89189 0.73860 0.61453 0.99358 0.64243 0.10779 1.00000 0.67708 0.85412 1.00000 0.62826 0.63168
69.00000 33.00000 0.23822 0.29857 1.00000 0.59794 0.63419 0.71369 0.68649 0.61718 0.61509 0.61534 0.85347 0.64232 0.89189 0.74919 0.61535 0.99363 0.65985 0.10603 1.00000 0.69792 0.85412 1.00000 0.63477 0.62972
69.00000 34.00000 0.99989 0.99762 1.00000 0.00000 0.12753 0.28747 0.24142 0.00000 0.00063 0.00458 0.62719 0.27479 0.24324 0.47964 0.00287 0.99289 0.55567 0.36962 0.00000 0.27083 0.62791 1.00000 0.01509 0.02237
69.00000 35.00000 0.83329 0.99762 1.00000 0.06027 0.18717 0.34330 0.25887 0.14659 0.14403 0.13899 0.65048 0.29374 0.24324 0.46091 0.13763 0.99297 0.50395 0.35918 0.00000 0.31250 0.65116 1.00000 0.16289 0.16191
69.00000 36.00000 0.83333 0.99762 1.00000 0.06027 0.18314 0.33696 0.26462 0.14659 0.14403 0.13789 0.65056 0.28752 0.24324 0.45521 0.13712 0.99314 0.51050 0.35739 0.00000 0.33333 0.65116 1.00000 0.15535 0.16264
69.00000 37.00000 0.99990 0.99762 1.00000 0.00000 0.12928 0.28945 0.23925 0.00000 0.00000 0.00382 0.62709 0.26615 0.24324 0.48941 0.00429 0.99264 0.55096 0.39221 0.00000 0.28125 0.62791 1.00000 0.01440 0.01658
69.00000 38.00000 0.59518 0.73658 0.00000 0.23809 0.00734 0.05369 0.04917 0.29318 0.20881 0.09250 0.00093 0.01309 0.02703 0.05863 0.09190 0.00152 0.04489 0.95163 0.00000 0.05208 0.00000 0.00000 0.13649 0.14586
69.00000 39.00000 0.99985 0.99762 1.00000 0.00000 0.13313 0.30944 0.24556 0.00000 0.00000 0.00251 0.62728 0.27030 0.24324 0.47313 0.00287 0.99272 0.54822 0.38536 0.00000 0.29167 0.62791 1.00000 0.01818 0.02464
69.00000 40.00000 0.99978 0.99857 1.00000 0.00000 0.13139 0.28273 0.25112 0.00000 0.00000 0.00305 0.62715 0.26468 0.24324 0.47638 0.00312 0.99281 0.55710 0.37789 0.00000 0.28125 0.62791 1.00000 0.01235 0.01889
69.00000 41.00000 0.00007 0.00000 1.00000 1.00000 0.98101 0.93471 0.93027 1.00000 1.00000 0.99322 0.99932 0.86608 1.00000 0.90065 0.99490 0.99336 0.67394 0.04031 1.00000 0.93750 1.00000 1.00000 0.98388 0.98259
69.00000 42.00000 0.83336 0.99762 1.00000 0.06027 0.18451 0.32597 0.26087 0.14659 0.14403 0.13870 0.65056 0.29578 0.24324 0.46417 0.13753 0.99306 0.51361 0.35329 0.00000 0.31250 0.65116 1.00000 0.15775 0.16589
69.00000 43.00000 0.23815 0.29762 1.00000 0.59794 0.63180 0.69823 0.69764 0.61718 0.61509 0.61639 0.85332 0.64645 0.89189 0.73779 0.61603 0.99352 0.66906 0.12321 1.00000 0.68750 0.85412 1.00000 0.63237 0.62814
69.00000 44.00000 0.59512 0.73634 0.00000 0.23809 0.01129 0.04253 0.06046 0.29318 0.20818 0.09224 0.00103 0.02058 0.02703 0.05456 0.09004 0.00141 0.05203 0.93669 0.00000 0.04167 0.00000 0.00000 0.14300 0.14346
69.00000 45.00000 0.47610 0.83135 1.00000 0.62699 0.66024 0.64090 0.55555 0.50794 0.50000 0.47124 0.86396 0.59528 0.40541 0.67345 0.47082 0.99336 0.50569 0.32169 0.00000 0.63542 0.86469 1.00000 0.48971 0.48819
69.00000 46.00000 0.99990 0.99762 1.00000 0.00000 0.13570 0.28671 0.23807 0.00000 0.00000 0.00456 0.62721 0.27099 0.24324 0.48127 0.00271 0.99297 0.55072 0.39400 0.00000 0.29167 0.62791 1.00000 0.01337 0.01693
69.00000 47.00000 0.00000 0.00000 1.00000 1.00000 0.97991 0.93585 0.92016 1.00000 1.00000 0.99558 0.99939 0.86560 1.00000 0.90717 0.99493 0.99336 0.67116 0.04950 1.00000 0.91667 1.00000 1.00000 0.97771 0.98438
69.00000 48.00000 0.00007 0.00000 1.00000 1.00000 0.98303 0.95866 0.92404 1.00000 1.00000 0.99475 0.99939 0.87035 1.00000 0.92101 0.99477 0.99333 0.66709 0.03962 1.00000 0.93750 1.00000 1.00000 0.98457 0.98271
69.00000 49.00000 0.59509 0.73658 0.00000 0.23809 0.00587 0.05071 0.05702 0.29318 0.20881 0.09214 0.00097 0.01634 0.02703 0.03909 0.09015 0.00152 0.05167 0.92853 0.00000 0.05208 0.00000 0.00000 0.14300 0.14683
69.00000 50.00000 0.99997 0.99834 1.00000 0.00000 0.12552 0.29460 0.25184 0.00000 0.00000 0.00499 0.62719 0.26708 0.24324 0.46987 0.00408 0.99292 0.55063 0.37793 0.00000 0.29167 0.62791 1.00000 0.01715 0.02279
69.00000 51.00000 0.99999 0.99810 1.00000 0.00000 0.12891 0.28920 0.22558 0.00000 0.00000 0.00504 0.62713 0.26615 0.24324 0.48290 0.00350 0.99275 0.54715 0.38141 0.00000 0.29167 0.62791 1.00000 0.00754 0.01753
69.00000 52.00000 0.83318 0.99762 1.00000 0.06027 0.18415 0.34517 0.24748 0.14659 0.14403 0.13813 0.65065 0.29815 0.24324 0.46580 0.13753 0.99300 0.51392 0.37291 0.00000 0.33333 0.65116 1.00000 0.16289 0.16237
69.00000 53.00000 0.47626 0.83135 1.00000 0.62699 0.65905 0.65448 0.52624 0.50794 0.49937 0.47193 0.86388 0.59848 0.40541 0.66531 0.47122 0.99336 0.48412 0.32769 0.00000 0.63542 0.86469 1.00000 0.48697 0.49608
69.00000 54.00000 0.59530 0.73753 0.00000 0.23809 0.01697 0.05421 0.05623 0.29318 0.20881 0.09384 0.00106 0.01480 0.02703 0.04316 0.08954 0.00157 0.05662 0.94482 0.00000 0.05208 0.00000 0.00000 0.13992 0.14961
69.00000 55.00000 0.47626 0.83195 1.00000 0.62699 0.65364 0.65269 0.55233 0.50794 0.50000 0.47244 0.86396 0.59627 0.40541 0.65879 0.47018 0.99341 0.50874 0.32429 0.00000 0.64583 0.86469 1.00000 0.48491 0.49130
69.00000 56.00000 0.59510 0.73634 0.00000 0.23809 0.00991 0.04407 0.05269 0.29318 0.20881 0.09226 0.00087 0.01249 0.02703 0.04479 0.09065 0.00146 0.04765 0.93563 0.00000 0.07292 0.00000 0.00000 0.13820 0.14549
69.00000 57.00000 0.00002 0.00119 1.00000 1.00000 0.98303 0.93940 0.91732 1.00000 1.00000 0.99403 0.99941 0.86445 1.00000 0.91775 0.99465 0.99336 0.67487 0.03090 1.00000 0.93750 1.00000 1.00000 0.98457 0.97977
69.00000 58.00000 0.59514 0.73634 0.00000 0.23809 0.01541 0.04510 0.06910 0.29318 0.20818 0.09329 0.00099 0.01863 0.02703 0.04886 0.08959 0.00154 0.04822 0.93684 0.00000 0.05208 0.00000 0.00000 0.13889 0.14375
69.00000 59.00000 0.47607 0.83361 1.00000 0.62699 0.65667 0.65916 0.54429 0.50794 0.50000 0.47117 0.86384 0.60133 0.40541 0.67508 0.47031 0.99355 0.49257 0.32945 0.00000 0.65625 0.86469 1.00000 0.49177 0.49140
69.00000 60.00000 0.23822 0.29691 1.00000 0.59794 0.63767 0.68379 0.70394 0.61718 0.61509 0.61548 0.85347 0.63853 0.89189 0.73779 0.61542 0.99363 0.65385 0.13873 1.00000 0.68750 0.85412 1.00000 0.62757 0.63178
69.00000 61.00000 0.99994 0.99762 1.00000 0.00000 0.12616 0.28335 0.25129 0.00000 0.00063 0.00442 0.62709 0.26960 0.24324 0.48860 0.00383 0.99281 0.55113 0.38068 0.00000 0.29167 0.62791 1.00000 0.01646 0.02329
69.00000 62.00000 0.99991 0.99762 1.00000 0.00000 0.12653 0.29622 0.25680 0.00000 0.00063 0.00465 0.62715 0.27295 0.24324 0.48208 0.00282 0.99286 0.54786 0.38489 0.00000 0.29167 0.62791 1.00000 0.01509 0.02093
69.00000 63.00000 1.00000 0.99762 1.00000 0.00000 0.12561 0.30156 0.24874 0.00000 0.00063 0.00501 0.62698 0.26871 0.24324 0.47964 0.00327 0.99281 0.56008 0.39345 0.00000 0.29167 0.62791 1.00000 0.01269 0.02580
69.00000 64.00000 0.23817 0.29810 1.00000 0.59794 0.63556 0.70145 0.69082 0.61718 0.61509 0.61412 0.85341 0.64587 0.89189 0.74919 0.61491 0.99361 0.65538 0.10926 1.00000 0.68750 0.85412 1.00000 0.63374 0.62899
69.00000 65.00000 0.47618 0.83135 1.00000 0.62699 0.65777 0.66260 0.52217 0.50794 0.50000 0.47077 0.86403 0.59590 0.40541 0.67101 0.47226 0.99344 0.49669 0.32202 0.00000 0.65625 0.86469 1.00000 0.48971 0.49283
69.00000 66.00000 0.99984 0.99762 1.00000 0.00000 0.13130 0.30532 0.25309 0.00000 0.00000 0.00551 0.62704 0.26507 0.24324 0.47720 0.00464 0.99278 0.55148 0.38159 0.00000 0.29167 0.62791 1.00000 0.00412 0.02111
69.00000 67.00000 0.99978 0.99810 1.00000 0.00000 0.13111 0.29923 0.24055 0.00000 0.00000 0.00496 0.62713 0.26800 0.24324 0.47720 0.00368 0.99278 0.54525 0.37793 0.00000 0.29167 0.62791 1.00000 0.00686 0.02038
69.00000 68.00000 0.47628 0.83135 1.00000 0.62699 0.66446 0.65337 0.54554 0.50794 0.50000 0.47182 0.86409 0.59615 0.40541 0.67752 0.47206 0.99350 0.49091 0.32960 0.00000 0.64583 0.86469 1.00000 0.49246 0.48980
69.00000 69.00000 0.00002 0.00036 1.00000 1.00000 0.98660 0.93699 0.93364 1.00000 1.00000 0.99251 0.99949 0.86595 1.00000 0.92671 0.99485 0.99347 0.68853 0.04167 1.00000 0.94792 1.00000 1.00000 0.97771 0.98694
69.00000 70.00000 0.23816 0.29691 1.00000 0.59794 0.63428 0.69438 0.68659 0.61718 0.61509 0.61477 0.85336 0.64082 0.89189 0.74511 0.61560 0.99355 0.66009 0.12548 1.00000 0.69792 0.85412 1.00000 0.63134 0.62237
69.00000 71.00000 0.47624 0.83147 1.00000 0.62699 0.65979 0.65475 0.54802 0.50794 0.50000 0.47191 0.86405 0.59946 0.40541 0.67101 0.47089 0.99347 0.50614 0.32854 0.00000 0.65625 0.86469 1.00000 0.48834 0.49295
69.00000 72.00000 0.47628 0.83135 1.00000 0.62699 0.65465 0.65960 0.57115 0.50794 0.50000 0.47315 0.86396 0.59255 0.40541 0.68322 0.47160 0.99347 0.49181 0.32689 0.00000 0.65625 0.86469 1.00000 0.48628 0.49560
69.00000 73.00000 0.59530 0.73717 0.00000 0.23809 0.01440 0.03822 0.05656 0.29318 0.20881 0.09305 0.00101 0.01979 0.02703 0.04805 0.08977 0.00146 0.05186 0.95116 0.00000 0.04167 0.00000 0.00000 0.13615 0.14661
69.00000 74.00000 0.23818 0.29691 1.00000 0.59794 0.63951 0.70175 0.69896 0.61718 0.61572 0.61491 0.85353 0.63890 0.89189 0.75814 0.61428 0.99363 0.65297 0.11647 1.00000 0.69792 0.85412 1.00000 0.62380 0.62783
69.00000 75.00000 0.47607 0.83135 1.00000 0.62699 0.66281 0.66312 0.54672 0.50794 0.50000 0.47267 0.86398 0.60193 0.40541 0.68567 0.47105 0.99358 0.49855 0.33842 0.00000 0.63542 0.86469 1.00000 0.49005 0.48919
69.00000 76.00000 0.00005 0.00000 1.00000 1.00000 0.98578 0.93317 0.92589 1.00000 1.00000 0.99399 0.99954 0.86374 1.00000 0.92590 0.99495 0.99350 0.68832 0.04716 1.00000 0.92708 1.00000 1.00000 0.97188 0.97584
69.00000 77.00000 0.23804 0.29846 1.00000 0.59794 0.63079 0.68406 0.70775 0.61718 0.61572 0.61422 0.85332 0.64472 0.89189 0.75814 0.61486 0.99369 0.65395 0.13485 1.00000 0.69792 0.85412 1.00000 0.62963 0.63237
69.00000 78.00000 0.47612 0.83135 1.00000 0.62699 0.65997 0.65291 0.55733 0.50794 0.50000 0.47055 0.86413 0.59446 0.40541 0.67182 0.47084 0.99347 0.49462 0.33531 0.00000 0.65625 0.86469 1.00000 0.49280 0.48956
69.00000 79.00000 0.59531 0.73634 0.00000 0.23809 0.01193 0.06006 0.05132 0.29318 0.20881 0.09307 0.00112 0.01337 0.02703 0.05945 0.08941 0.00141 0.04237 0.95907 0.00000 0.04167 0.00000 0.00000 0.13889 0.14401
69.00000 80.00000 0.83320 0.99929 1.00000 0.06027 0.18910 0.32932 0.24611 0.14659 0.14403 0.13870 0.65054 0.29519 0.24324 0.46987 0.13679 0.99300 0.50940 0.36727 0.00000 0.32292 0.65116 1.00000 0.16084 0.16429
69.00000 81.00000 0.99981 0.99762 1.00000 0.00000 0.13038 0.31331 0.26441 0.00000 0.00000 0.00504 0.62721 0.27459 0.24324 0.49186 0.00276 0.99278 0.54694 0.39572 0.00000 0.29167 0.62791 1.00000 0.01440 0.02075
69.00000 82.00000 0.59527 0.73694 0.00000 0.23809 0.01624 0.07872 0.05264 0.29318 0.20881 0.09317 0.00103 0.01719 0.02703 0.05049 0.09101 0.00146 0.05239 0.96375 0.00000 0.04167 0.00000 0.00000 0.14609 0.14487
69.00000 83.00000 0.59521 0.73634 0.00000 0.23809 0.00587 0.05667 0.06106 0.29318 0.20818 0.09231 0.00108 0.01925 0.02703 0.05293 0.08949 0.00154 0.06541 0.94288 0.00000 0.03125 0.00000 0.00000 0.14060 0.14814
69.00000 84.00000 0.59519 0.73634 0.00000 0.23809 0.01285 0.06501 0.05307 0.29318 0.20881 0.09164 0.00103 0.01882 0.02703 0.03827 0.08918 0.00143 0.05470 0.94662 0.00000 0.05208 0.00000 0.00000 0.14403 0.14765
69.00000 85.00000 0.00003 0.00012 1.00000 1.00000 0.98064 0.94739 0.93561 1.00000 1.00000 0.99411 0.99958 0.86482 1.00000 0.92997 0.99485 0.99350 0.68808 0.04419 1.00000 0.91667 1.00000 1.00000 0.98182 0.98076
69.00000 86.00000 0.00005 0.00000 1.00000 1.00000 0.98560 0.93713 0.93542 1.00000 1.00000 0.99453 0.99956 0.86040 1.00000 0.92101 0.99490 0.99361 0.66861 0.03779 1.00000 0.94792 1.00000 1.00000 0.97634 0.98646
69.00000 87.00000 0.83322 0.99893 1.00000 0.06027 0.18158 0.33377 0.28193 0.14659 0.14403 0.13773 0.65048 0.29457 0.24324 0.46336 0.13598 0.99311 0.50650 0.36457 0.00000 0.32292 0.65116 1.00000 0.15844 0.16140
69.00000 88.00000 0.47625 0.83349 1.00000 0.62699 0.66355 0.64643 0.55182 0.50794 0.50000 0.47150 0.86403 0.59455 0.37838 0.67590 0.47064 0.99366 0.49672 0.32718 0.00000 0.65625 0.86469 1.00000 0.48011 0.49648
69.00000 89.00000 0.59526 0.73634 0.00000 0.23809 0.01514 0.06247 0.06383 0.29318 0.20881 0.09148 0.00103 0.01452 0.02703 0.06759 0.09040 0.00138 0.04377 0.94867 0.00000 0.03125 0.00000 0.00000 0.14163 0.14571
69.00000 90.00000 0.59527 0.73658 0.00000 0.23809 0.00762 0.06881 0.07811 0.29318 0.20818 0.09255 0.00095 0.01281 0.02703 0.05130 0.08817 0.00149 0.04529 0.94632 0.00000 0.04167 0.00000 0.00000 0.13786 0.14560
69.00000 91.00000 0.23819 0.29691 1.00000 0.59794 0.63299 0.68861 0.68587 0.61718 0.61509 0.61250 0.85357 0.64480 0.89189 0.74511 0.61393 0.99383 0.64662 0.10516 1.00000 0.69792 0.85412 1.00000 0.62826 0.63191
69.00000 92.00000 0.23817 0.29751 1.00000 0.59794 0.63492 0.71367 0.70264 0.61718 0.61509 0.61381 0.85357 0.64804 0.89189 0.77443 0.61479 0.99388 0.65114 0.12467 1.00000 0.69792 0.85412 1.00000 0.62791 0.62892
69.00000 93.00000 0.47622 0.83135 1.00000 0.62699 0.66254 0.65984 0.55822 0.50794 0.50000 0.46929 0.86392 0.59446 0.40541 0.68648 0.47092 0.99358 0.48420 0.32993 0.00000 0.66667 0.86469 1.00000 0.48731 0.49058
69.00000 94.00000 0.47615 0.83147 1.00000 0.62699 0.66419 0.65515 0.56097 0.50794 0.49937 0.47382 0.86407 0.59721 0.40541 0.66531 0.47155 0.99344 0.49191 0.31993 0.00000 0.64583 0.86469 1.00000 0.48971 0.48738
69.00000 95.00000 0.99988 0.99762 1.00000 0.00000 0.13120 0.31014 0.27172 0.00000 0.00000 0.00325 0.62700 0.27135 0.24324 0.48290 0.00172 0.99261 0.55477 0.38924 0.00000 0.30208 0.62791 1.00000 0.01543 0.01402
69.00000 96.00000 0.99996 0.99941 1.00000 0.00000 0.12744 0.30437 0.26467 0.00000 0.00000 0.00389 0.62687 0.27548 0.24324 0.49674 0.00406 0.99256 0.55703 0.38492 0.00000 0.30208 0.62791 1.00000 0.01235 0.01795
69.00000 97.00000 0.00005 0.00000 1.00000 1.00000 0.98780 0.94325 0.93347 1.00000 1.00000 0.99277 0.99962 0.86824 1.00000 0.93322 0.99518 0.99363 0.67132 0.04152 1.00000 0.92708 1.00000 1.00000 0.98011 0.97722
69.00000 98.00000 0.00002 0.00143 1.00000 1.00000 0.98468 0.93244 0.92924 1.00000 1.00000 0.99179 0.99964 0.87016 1.00000 0.91612 0.99300 0.99355 0.68399 0.05939 1.00000 0.94792 1.00000 1.00000 0.98422 0.98650
69.00000 99.00000 0.59516 0.73634 0.00000 0.23809 0.01376 0.04050 0.08323 0.29318 0.20881 0.09109 0.00114 0.02075 0.02703 0.04316 0.08982 0.00141 0.04760 0.94728 0.00000 0.05208 0.00000 0.00000 0.13717 0.14811
69.00000 100.00000 0.99982 1.00000 1.00000 0.00000 0.12809 0.30657 0.25374 0.00000 0.00000 0.00463 0.62696 0.26608 0.24324 0.50326 0.00238 0.99267 0.54458 0.39188 0.00000 0.29167 0.62791 1.00000 0.00926 0.01341
69.00000 101.00000 0.83332 0.99762 1.00000 0.06027 0.18644 0.35211 0.27360 0.14659 0.14403 0.13682 0.65052 0.29037 0.24324 0.47557 0.13598 0.99292 0.51066 0.37207 0.00000 0.32292 0.65116 1.00000 0.16221 0.15523
69.00000 102.00000 0.99991 0.99762 1.00000 0.00000 0.13405 0.31367 0.26893 0.00000 0.00063 0.00477 0.62704 0.27282 0.24324 0.50244 0.00185 0.99267 0.54403 0.39649 0.00000 0.29167 0.62791 1.00000 0.01509 0.02157
69.00000 103.00000 0.59509 0.73634 0.00000 0.23809 0.01835 0.06645 0.07048 0.29318 0.20881 0.09202 0.00101 0.02114 0.02703 0.05456 0.09007 0.00154 0.05846 0.94728 0.00000 0.06250 0.00000 0.00000 0.14266 0.14398
69.00000 104.00000 0.59518 0.73753 0.00000 0.23809 0.01450 0.06087 0.08155 0.29318 0.20881 0.09300 0.00101 0.01767 0.02703 0.05293 0.08946 0.00154 0.05658 0.94907 0.00000 0.08333 0.00000 0.00000 0.13855 0.14335
69.00000 105.00000 0.00001 0.00024 1.00000 1.00000 0.98248 0.96170 0.94618 1.00000 1.00000 0.99313 0.99951 0.86912 1.00000 0.94707 0.99277 0.99369 0.67732 0.04925 1.00000 0.94792 1.00000 1.00000 0.98182 0.97592
69.00000 106.00000 0.23802 0.29691 1.00000 0.59794 0.63969 0.70107 0.71112 0.61718 0.61572 0.61250 0.85370 0.63757 0.89189 0.75896 0.61238 0.99405 0.65640 0.13185 1.00000 0.70833 0.85412 1.00000 0.62449 0.62982
69.00000 107.00000 0.99995 0.99988 1.00000 0.00000 0.13561 0.32114 0.26366 0.00000 0.00063 0.00294 0.62702 0.26975 0.24324 0.49511 0.00264 0.99239 0.55465 0.38749 0.00000 0.29167 0.62791 1.00000 0.02023 0.02445
69.00000 108.00000 0.59508 0.73634 0.00000 0.23809 0.01752 0.08823 0.07633 0.29318 0.20881 0.09071 0.00106 0.02579 0.02703 0.07085 0.09116 0.00130 0.06041 0.97071 0.00000 0.06250 0.00000 0.00000 0.13649 0.13855
69.00000 109.00000 0.23801 0.29691 1.00000 0.59794 0.64465 0.71215 0.71795 0.61718 0.61572 0.61343 0.85360 0.64042 0.89189 0.77606 0.61223 0.99396 0.66916 0.13939 1.00000 0.70833 0.85412 1.00000 0.62380 0.62785
69.00000 110.00000 0.59519 0.73860 0.00000 0.23809 0.01505 0.06534 0.08956 0.29318 0.20881 0.09183 0.00095 0.01758 0.02703 0.06352 0.09020 0.00132 0.05089 0.96064 0.00000 0.05208 0.00000 0.00000 0.13512 0.14749
69.00000 111.00000 0.47618 0.83135 1.00000 0.62699 0.66960 0.67038 0.56617 0.50794 0.50000 0.46914 0.86405 0.59688 0.37838 0.67834 0.47049 0.99366 0.49012 0.33637 1.00000 0.65625 0.86469 1.00000 0.48560 0.48889
69.00000 112.00000 0.83334 0.99762 1.00000 0.06027 0.18983 0.34869 0.27745 0.14659 0.14403 0.13782 0.65044 0.29464 0.24324 0.48371 0.13494 0.99297 0.50871 0.38415 0.00000 0.31250 0.65116 1.00000 0.15775 0.16484
69.00000 113.00000 0.99988 0.99762 1.00000 0.00000 0.13387 0.30884 0.26867 0.00000 0.00063 0.00434 0.62698 0.26176 0.24324 0.50081 0.00208 0.99256 0.54884 0.39920 0.00000 0.31250 0.62791 1.00000 0.01783 0.02114
69.00000 114.00000 0.00002 0.00000 1.00000 1.00000 0.98899 0.95211 0.93780 1.00000 1.00000 0.99334 0.99960 0.86785 1.00000 0.95603 0.99275 0.99355 0.67727 0.05390 1.00000 0.93750 1.00000 1.00000 0.97325 0.97381
69.00000 115.00000 0.83330 0.99810 1.00000 0.06027 0.18525 0.34219 0.28212 0.14659 0.14403 0.13694 0.65050 0.29628 0.24324 0.48860 0.13651 0.99306 0.50000 0.37745 0.00000 0.33333 0.65116 1.00000 0.16118 0.16269
69.00000 116.00000 0.83321 0.99762 1.00000 0.06027 0.19103 0.33157 0.28328 0.14659 0.14403 0.13625 0.65046 0.29095 0.24324 0.47964 0.13519 0.99286 0.49460 0.38251 0.00000 0.33333 0.65116 1.00000 0.15912 0.15952
69.00000 117.00000 0.47625 0.83135 1.00000 0.62699 0.66593 0.67515 0.57666 0.50794 0.50000 0.46936 0.86409 0.59763 0.40541 0.69625 0.46886 0.99344 0.49003 0.34853 1.00000 0.66667 0.86469 1.00000 0.48457 0.48880
69.00000 118.00000 0.99981 0.99762 1.00000 0.00000 0.13396 0.31323 0.26007 0.00000 0.00063 0.00387 0.62683 0.26567 0.24324 0.50651 0.00287 0.99237 0.54546 0.39539 0.00000 0.31250 0.62791 1.00000 0.01097 0.01790
69.00000 119.00000 0.83324 0.99976 1.00000 0.06027 0.18782 0.35059 0.28263 0.14659 0.14403 0.13727 0.65042 0.29468 0.24324 0.48371 0.13603 0.99300 0.50850 0.37731 0.00000 0.35417 0.65116 1.00000 0.15432 0.16409
69.00000 120.00000 0.99994 0.99762 1.00000 0.00000 0.13561 0.31193 0.28085 0.00000 0.00000 0.00260 0.62683 0.26900 0.24324 0.50814 0.00307 0.99234 0.55710 0.40242 0.00000 0.29167 0.62791 1.00000 0.00652 0.01839
69.00000 121.00000 0.99989 0.99846 1.00000 0.00000 0.13487 0.31684 0.27293 0.00000 0.00063 0.00243 0.62685 0.26966 0.24324 0.50407 0.00335 0.99245 0.53344 0.39616 0.00000 0.32292 0.62791 1.00000 0.00549 0.01328
69.00000 122.00000 0.00004 0.00178 1.00000 1.00000 0.98615 0.95704 0.95537 1.00000 1.00000 0.99210 0.99975 0.86409 1.00000 0.94625 0.99237 0.99380 0.65369 0.04888 1.00000 0.94792 1.00000 1.00000 0.97016 0.97047
69.00000 123.00000 0.59511 0.73658 0.00000 0.23809 0.01716 0.05020 0.08708 0.29318 0.20818 0.09188 0.00093 0.01912 0.02703 0.08143 0.08928 0.00130 0.05869 0.97792 0.00000 0.06250 0.00000 0.00000 0.13717 0.13953
69.00000 124.00000 0.59521 0.73634 0.00000 0.23809 0.01330 0.06439 0.10035 0.29318 0.20881 0.09114 0.00080 0.01810 0.02703 0.05782 0.09004 0.00127 0.06029 0.97448 0.00000 0.06250 0.00000 0.00000 0.13443 0.14498
69.00000 125.00000 0.00003 0.00000 1.00000 1.00000 0.98715 0.95910 0.96144 1.00000 1.00000 0.98874 0.99975 0.86378 1.00000 0.94707 0.99166 0.99391 0.66530 0.05639 1.00000 0.97917 1.00000 1.00000 0.97531 0.98100
69.00000 126.00000 0.00004 0.00083 1.00000 1.00000 0.98972 0.96381 0.97311 1.00000 1.00000 0.99191 0.99968 0.86360 1.00000 0.93730 0.99272 0.99366 0.65495 0.05939 1.00000 0.94792 1.00000 1.00000 0.96982 0.97169
69.00000 127.00000 0.23824 0.29751 1.00000 0.59794 0.64483 0.72155 0.73155 0.61718 0.61572 0.61288 0.85372 0.64422 0.89189 0.79235 0.61240 0.99416 0.64964 0.13390 1.00000 0.70833 0.85412 1.00000 0.61968 0.62785
69.00000 128.00000 0.23814 0.29691 1.00000 0.59794 0.64419 0.71803 0.73803 0.61718 0.61572 0.61257 0.85381 0.64100 0.89189 0.79479 0.61205 0.99405 0.63572 0.14104 1.00000 0.71875 0.85412 1.00000 0.62140 0.63061
69.00000 129.00000 0.99991 0.99762 1.00000 0.00000 0.13286 0.32320 0.26587 0.00000 0.00063 0.00289 0.62668 0.27416 0.24324 0.51873 0.00231 0.99217 0.53368 0.40323 0.00000 0.31250 0.62791 1.00000 0.00926 0.01840
69.00000 130.00000 0.47605 0.83183 1.00000 0.62699 0.66538 0.67872 0.61067 0.50794 0.50000 0.47014 0.86426 0.59285 0.37838 0.71091 0.47023 0.99374 0.48686 0.36035 1.00000 0.66667 0.86469 1.00000 0.48491 0.48361
69.00000 131.00000 0.83325 0.99846 1.00000 0.06027 0.19020 0.33363 0.30609 0.14659 0.14403 0.13570 0.65039 0.28963 0.24324 0.51547 0.13491 0.99278 0.48731 0.39294 0.00000 0.36458 0.65116 1.00000 0.15261 0.16234
69.00000 132.00000 0.59528 0.73765 0.00000 0.23809 0.01596 0.08173 0.08831 0.29318 0.20881 0.08973 0.00089 0.01515 0.02703 0.09691 0.08819 0.00121 0.04698 0.96913 0.00000 0.06250 0.00000 0.00000 0.13957 0.14236
69.00000 133.00000 0.99988 0.99976 1.00000 0.00000 0.13359 0.32572 0.27661 0.00000 0.00063 0.00227 0.62660 0.27107 0.24324 0.52362 0.00264 0.99217 0.53116 0.40583 0.00000 0.31250 0.62791 1.00000 0.01029 0.01544
69.00000 134.00000 0.47625 0.83135 1.00000 0.62699 0.67089 0.67563 0.59144 0.50794 0.50000 0.46824 0.86413 0.59792 0.37838 0.71580 0.46724 0.99374 0.49238 0.35633 1.00000 0.67708 0.86469 1.00000 0.47977 0.48204
69.00000 135.00000 0.47624 0.83135 1.00000 0.62699 0.66988 0.68677 0.59180 0.50794 0.50000 0.46797 0.86424 0.59342 0.37838 0.71091 0.46810 0.99402 0.47715 0.35834 1.00000 0.67708 0.86469 1.00000 0.48422 0.48617
69.00000 136.00000 0.99994 0.99762 1.00000 0.00000 0.13891 0.34122 0.28508 0.00000 0.00063 0.00045 0.62649 0.26813 0.24324 0.52850 0.00180 0.99182 0.54241 0.42483 0.00000 0.31250 0.62791 1.00000 0.01063 0.01636
