124.00000 1.00000 0.23814 0.29881 1.00000 0.59794 0.63088 0.68438 0.66242 0.61718 0.61509 0.61756 0.85313 0.65752 0.89189 0.73046 0.61433 0.99328 0.70772 0.09875 1.00000 0.68750 0.85412 1.00000 0.63272 0.64362
124.00000 2.00000 0.00003 0.00000 1.00000 1.00000 0.97440 0.91667 0.91089 1.00000 1.00000 0.99527 0.99916 0.88477 1.00000 0.89984 0.99848 0.99319 0.73633 0.02252 1.00000 0.93750 1.00000 1.00000 0.99451 0.98929
124.00000 3.00000 0.59525 0.73634 0.00000 0.23809 0.01229 0.04952 0.04191 0.29318 0.20881 0.09193 0.00177 0.03127 0.02703 0.01221 0.09144 0.00270 0.08633 0.93223 0.00000 0.03125 0.00000 0.00000 0.13889 0.14932
124.00000 4.00000 0.23821 0.29691 1.00000 0.59794 0.62731 0.67869 0.64642 0.61718 0.61509 0.61656 0.85315 0.65685 0.89189 0.72394 0.61699 0.99333 0.70462 0.11303 1.00000 0.67708 0.85412 1.00000 0.63615 0.63032
124.00000 5.00000 0.59521 0.73670 0.00000 0.23809 0.01211 0.04659 0.03579 0.29318 0.20818 0.09186 0.00165 0.03243 0.02703 0.04479 0.09022 0.00229 0.09349 0.92901 0.00000 0.03125 0.00000 0.00000 0.14712 0.14690
124.00000 6.00000 0.99979 0.99952 1.00000 0.00000 0.12891 0.30104 0.23858 0.00000 0.00000 0.00499 0.62812 0.28023 0.24324 0.46906 0.00472 0.99408 0.60875 0.37218 0.00000 0.27083 0.62791 1.00000 0.01132 0.02356
124.00000 7.00000 0.47620 0.83135 1.00000 0.62699 0.65364 0.62362 0.52161 0.50794 0.49937 0.47356 0.86396 0.60719 0.40541 0.65147 0.47341 0.99344 0.53815 0.32531 0.00000 0.64583 0.86469 1.00000 0.49966 0.49765
124.00000 8.00000 0.47627 0.83135 1.00000 0.62699 0.65960 0.65120 0.55216 0.50794 0.50000 0.47353 0.86403 0.61631 0.40541 0.64169 0.47343 0.99352 0.53001 0.31645 0.00000 0.63542 0.86469 1.00000 0.49040 0.50319
124.00000 9.00000 0.47615 0.83219 1.00000 0.62699 0.65979 0.63527 0.53314 0.50794 0.49937 0.47699 0.86400 0.61715 0.40541 0.64414 0.47442 0.99344 0.53575 0.30997 0.00000 0.62500 0.86469 1.00000 0.49451 0.49525
124.00000 10.00000 0.00003 0.00166 1.00000 1.00000 0.97816 0.93471 0.90687 1.00000 1.00000 0.99697 0.99918 0.88061 1.00000 0.88111 0.99881 0.99308 0.70124 0.02453 1.00000 0.92708 1.00000 1.00000 0.98663 0.99268
124.00000 11.00000 0.99988 0.99762 1.00000 0.00000 0.12607 0.29909 0.23620 0.00000 0.00063 0.00549 0.62810 0.28466 0.24324 0.45277 0.00386 0.99410 0.59076 0.36694 0.00000 0.26042 0.62791 1.00000 0.01440 0.01680
124.00000 12.00000 0.99987 0.99786 1.00000 0.00000 0.13020 0.29706 0.23401 0.00000 0.00063 0.00434 0.62814 0.28610 0.24324 0.45684 0.00545 0.99402 0.60035 0.36453 0.00000 0.27083 0.62791 1.00000 0.02126 0.02084
124.00000 13.00000 0.83322 0.99846 1.00000 0.06027 0.18415 0.34379 0.22907 0.14659 0.14403 0.13906 0.65132 0.30806 0.27027 0.45684 0.13821 0.99402 0.55817 0.35699 0.00000 0.30208 0.65116 1.00000 0.15809 0.16920
124.00000 14.00000 0.00005 0.00000 1.00000 1.00000 0.98037 0.91098 0.90651 1.00000 1.00000 0.99573 0.99920 0.87968 1.00000 0.89332 0.99718 0.99311 0.72704 0.01790 1.00000 0.93750 1.00000 1.00000 0.99040 0.98561
124.00000 15.00000 0.99988 0.99762 1.00000 0.00000 0.12139 0.28544 0.21634 0.00000 0.00063 0.00496 0.62820 0.27945 0.24324 0.46661 0.00576 0.99399 0.59368 0.36599 0.00000 0.28125 0.62791 1.00000 0.02023 0.01939
124.00000 16.00000 0.99987 0.99857 1.00000 0.00000 0.12809 0.28568 0.21923 0.00000 0.00063 0.00449 0.62816 0.28164 0.24324 0.46254 0.00482 0.99416 0.59728 0.36105 0.00000 0.28125 0.62791 1.00000 0.01372 0.02253
124.00000 17.00000 0.00004 0.00071 1.00000 1.00000 0.98110 0.92036 0.91070 1.00000 1.00000 0.99759 0.99924 0.88455 1.00000 0.88681 0.99805 0.99295 0.72552 0.02911 1.00000 0.93750 1.00000 1.00000 0.98731 0.98685
124.00000 18.00000 0.99985 0.99762 1.00000 0.00000 0.12258 0.29064 0.24279 0.00000 0.00063 0.00613 0.62801 0.28944 0.24324 0.45684 0.00495 0.99408 0.60444 0.37101 0.00000 0.28125 0.62791 1.00000 0.01337 0.02102
124.00000 19.00000 0.23801 0.29917 1.00000 0.59794 0.63088 0.66328 0.66818 0.61718 0.61509 0.61701 0.85307 0.65544 0.89189 0.72801 0.61580 0.99308 0.70224 0.10190 1.00000 0.68750 0.85412 1.00000 0.63443 0.63974
124.00000 20.00000 0.99994 0.99762 1.00000 0.00000 0.12432 0.29671 0.22691 0.00000 0.00000 0.00525 0.62812 0.28794 0.24324 0.46010 0.00375 0.99413 0.60387 0.35673 0.00000 0.28125 0.62791 1.00000 0.02263 0.01713
124.00000 21.00000 0.99984 0.99869 1.00000 0.00000 0.12882 0.28999 0.22628 0.00000 0.00063 0.00408 0.62818 0.28529 0.24324 0.46661 0.00413 0.99413 0.60185 0.36757 0.00000 0.26042 0.62791 1.00000 0.01818 0.01766
124.00000 22.00000 0.59531 0.73634 0.00000 0.23809 0.01193 0.02606 0.03314 0.29318 0.20818 0.09169 0.00171 0.02834 0.02703 0.04316 0.09078 0.00240 0.07624 0.92300 0.00000 0.01042 0.00000 0.00000 0.14232 0.15020
124.00000 23.00000 0.99982 0.99762 1.00000 0.00000 0.12607 0.27967 0.23653 0.00000 0.00000 0.00458 0.62806 0.28118 0.24324 0.46173 0.00335 0.99419 0.59602 0.36105 0.00000 0.29167 0.62791 1.00000 0.01818 0.01794
124.00000 24.00000 0.99987 0.99976 1.00000 0.00000 0.12653 0.28468 0.24156 0.00000 0.00000 0.00573 0.62789 0.28215 0.24324 0.46336 0.00373 0.99421 0.59516 0.36918 0.00000 0.29167 0.62791 1.00000 0.00789 0.02190
124.00000 25.00000 0.59509 0.73634 0.00000 0.23809 0.00633 0.05716 0.05182 0.29318 0.20881 0.09334 0.00171 0.03049 0.02703 0.01792 0.08933 0.00243 0.08678 0.93585 0.00000 0.03125 0.00000 0.00000 0.14095 0.14624
124.00000 26.00000 0.83320 0.99822 1.00000 0.06027 0.18057 0.33366 0.24053 0.14659 0.14403 0.13775 0.65128 0.31030 0.24324 0.43893 0.13755 0.99408 0.56117 0.34512 0.00000 0.33333 0.65116 1.00000 0.16461 0.16873
124.00000 27.00000 0.47628 0.83135 1.00000 0.62699 0.65804 0.61891 0.51950 0.50794 0.49937 0.47334 0.86411 0.61340 0.40541 0.64821 0.47237 0.99352 0.53494 0.32195 0.00000 0.62500 0.86469 1.00000 0.49348 0.49067
124.00000 28.00000 0.23810 0.29691 1.00000 0.59794 0.63400 0.69416 0.67154 0.61718 0.61509 0.61766 0.85313 0.65394 0.89189 0.72068 0.61636 0.99333 0.71124 0.09168 1.00000 0.67708 0.85412 1.00000 0.63374 0.64001
124.00000 29.00000 0.83319 0.99988 1.00000 0.06027 0.18405 0.31941 0.24838 0.14659 0.14403 0.14004 0.65118 0.30706 0.24324 0.45440 0.13727 0.99396 0.54632 0.33776 0.00000 0.30208 0.65116 1.00000 0.15947 0.16596
124.00000 30.00000 0.83329 0.99893 1.00000 0.06027 0.18314 0.31906 0.22313 0.14659 0.14403 0.13887 0.65118 0.30738 0.24324 0.44218 0.13684 0.99416 0.54037 0.35530 0.00000 0.31250 0.65116 1.00000 0.15912 0.16674
124.00000 31.00000 0.99977 0.99762 1.00000 0.00000 0.12763 0.28679 0.23047 0.00000 0.00063 0.00537 0.62806 0.29085 0.24324 0.45684 0.00555 0.99413 0.59152 0.36325 0.00000 0.26042 0.62791 1.00000 0.01235 0.02455
124.00000 32.00000 0.99998 0.99822 1.00000 0.00000 0.12350 0.29768 0.21477 0.00000 0.00063 0.00570 0.62795 0.29300 0.24324 0.46906 0.00347 0.99416 0.60151 0.36478 0.00000 0.28125 0.62791 1.00000 0.02229 0.02689
124.00000 33.00000 0.83334 0.99786 1.00000 0.06027 0.18213 0.32141 0.23555 0.14659 0.14403 0.13758 0.65126 0.30250 0.24324 0.44463 0.13907 0.99405 0.56781 0.34699 0.00000 0.31250 0.65116 1.00000 0.15604 0.16176
124.00000 34.00000 0.23824 0.29929 1.00000 0.59794 0.63373 0.67645 0.66531 0.61718 0.61509 0.61701 0.85313 0.65826 0.89189 0.74837 0.61499 0.99314 0.70148 0.10131 1.00000 0.67708 0.85412 1.00000 0.63717 0.63625
124.00000 35.00000 0.99995 0.99762 1.00000 0.00000 0.12790 0.29527 0.22344 0.00000 0.00063 0.00382 0.62818 0.28543 0.24324 0.45521 0.00487 0.99408 0.59247 0.37280 0.00000 0.29167 0.62791 1.00000 0.01612 0.02028
124.00000 36.00000 0.00000 0.00154 1.00000 1.00000 0.97936 0.92987 0.89185 1.00000 0.99937 0.99764 0.99903 0.88527 1.00000 0.91042 0.99815 0.99322 0.74121 0.02900 1.00000 0.91667 1.00000 1.00000 0.98765 0.98757
124.00000 37.00000 0.47619 0.83135 1.00000 0.62699 0.65602 0.65152 0.51524 0.50794 0.49937 0.47284 0.86400 0.61214 0.40541 0.64821 0.47140 0.99352 0.53535 0.30485 0.00000 0.63542 0.86469 1.00000 0.49657 0.49805
124.00000 38.00000 0.47624 0.83135 1.00000 0.62699 0.65997 0.66030 0.53196 0.50794 0.49937 0.47318 0.86413 0.60939 0.40541 0.63762 0.47330 0.99372 0.55115 0.30917 0.00000 0.63542 0.86469 1.00000 0.49074 0.50118
124.00000 39.00000 0.83336 0.99762 1.00000 0.06027 0.18121 0.30424 0.22570 0.14659 0.14403 0.13890 0.65126 0.30996 0.24324 0.44381 0.13705 0.99408 0.54898 0.35893 0.00000 0.31250 0.65116 1.00000 0.15672 0.16664
124.00000 40.00000 0.99977 0.99762 1.00000 0.00000 0.12148 0.29265 0.22529 0.00000 0.00000 0.00449 0.62816 0.28186 0.24324 0.46010 0.00545 0.99408 0.60016 0.36709 0.00000 0.27083 0.62791 1.00000 0.01955 0.02094
124.00000 41.00000 0.59528 0.73634 0.00000 0.23809 0.00780 0.04608 0.03151 0.29318 0.20881 0.09212 0.00165 0.02627 0.02703 0.01466 0.08999 0.00240 0.07962 0.91930 0.00000 0.03125 0.00000 0.00000 0.14266 0.14686
124.00000 42.00000 0.83328 0.99952 1.00000 0.06027 0.18378 0.33076 0.25023 0.14659 0.14403 0.13897 0.65120 0.30179 0.27027 0.44870 0.13826 0.99416 0.55362 0.34882 0.00000 0.30208 0.65116 1.00000 0.16084 0.17406
124.00000 43.00000 0.23813 0.29834 1.00000 0.59794 0.63281 0.69774 0.66288 0.61718 0.61509 0.61715 0.85313 0.66066 0.89189 0.71906 0.61545 0.99339 0.70600 0.09344 1.00000 0.69792 0.85412 1.00000 0.62997 0.63654
124.00000 44.00000 0.47615 0.83135 1.00000 0.62699 0.65988 0.62305 0.53509 0.50794 0.49937 0.47282 0.86409 0.60886 0.40541 0.64658 0.47292 0.99350 0.53770 0.30521 0.00000 0.64583 0.86469 1.00000 0.49451 0.50102
124.00000 45.00000 0.23819 0.29751 1.00000 0.59794 0.63015 0.68996 0.66945 0.61718 0.61509 0.61496 0.85313 0.65671 0.89189 0.72394 0.61684 0.99325 0.71117 0.10051 1.00000 0.67708 0.85412 1.00000 0.62414 0.63821
124.00000 46.00000 1.00000 0.99762 1.00000 0.00000 0.12432 0.28696 0.22197 0.00000 0.00063 0.00484 0.62820 0.28500 0.24324 0.44788 0.00365 0.99419 0.59533 0.35882 0.00000 0.26042 0.62791 1.00000 0.00926 0.02722
124.00000 47.00000 0.99982 0.99762 1.00000 0.00000 0.12836 0.27225 0.22561 0.00000 0.00063 0.00527 0.62814 0.28165 0.24324 0.45765 0.00411 0.99385 0.59999 0.36237 0.00000 0.28125 0.62791 1.00000 0.01612 0.02048
124.00000 48.00000 0.23812 0.29810 1.00000 0.59794 0.63437 0.69110 0.66389 0.61718 0.61509 0.61501 0.85311 0.65680 0.89189 0.74186 0.61750 0.99319 0.70341 0.10625 1.00000 0.67708 0.85412 1.00000 0.62483 0.63159
124.00000 49.00000 0.00007 0.00000 1.00000 1.00000 0.98119 0.92263 0.90362 1.00000 1.00000 0.99771 0.99918 0.89069 1.00000 0.89169 0.99617 0.99319 0.73011 0.02094 1.00000 0.91667 1.00000 1.00000 0.99554 0.99118
124.00000 50.00000 0.59519 0.73634 0.00000 0.23809 0.01147 0.03595 0.04463 0.29318 0.20881 0.09288 0.00167 0.02611 0.02703 0.01059 0.08971 0.00243 0.09859 0.91722 0.00000 0.04167 0.00000 0.00000 0.14575 0.14443
124.00000 51.00000 0.83327 0.99941 1.00000 0.06027 0.18038 0.33704 0.25735 0.14659 0.14403 0.13859 0.65134 0.30697 0.24324 0.44544 0.13880 0.99410 0.55912 0.34970 0.00000 0.31250 0.65116 1.00000 0.15295 0.16405
124.00000 52.00000 0.47613 0.83135 1.00000 0.62699 0.65868 0.63570 0.54547 0.50794 0.50000 0.47315 0.86403 0.61228 0.40541 0.64658 0.47234 0.99344 0.54403 0.31041 0.00000 0.64583 0.86469 1.00000 0.49486 0.49845
124.00000 53.00000 0.23811 0.29691 1.00000 0.59794 0.62914 0.69053 0.66839 0.61718 0.61509 0.61513 0.85309 0.65891 0.89189 0.73860 0.61601 0.99311 0.72036 0.10713 1.00000 0.68750 0.85412 1.00000 0.63134 0.63720
124.00000 54.00000 0.59524 0.73634 0.00000 0.23809 0.01285 0.03454 0.03733 0.29318 0.20881 0.09126 0.00186 0.02613 0.02703 0.01547 0.08951 0.00237 0.09966 0.91938 0.00000 0.03125 0.00000 0.00000 0.14369 0.15011
124.00000 55.00000 0.99994 0.99822 1.00000 0.00000 0.12588 0.29373 0.23889 0.00000 0.00063 0.00420 0.62804 0.28411 0.24324 0.46743 0.00507 0.99427 0.61089 0.36749 0.00000 0.28125 0.62791 1.00000 0.00960 0.01927
124.00000 56.00000 0.59509 0.73658 0.00000 0.23809 0.01083 0.03324 0.04499 0.29318 0.20881 0.09374 0.00179 0.02776 0.02703 0.03583 0.09078 0.00243 0.09702 0.92897 0.00000 0.03125 0.00000 0.00000 0.14369 0.14747
124.00000 57.00000 0.47619 0.83135 1.00000 0.62699 0.65400 0.64294 0.53757 0.50794 0.49937 0.47227 0.86405 0.61851 0.40541 0.64821 0.47173 0.99347 0.55777 0.32103 0.00000 0.62500 0.86469 1.00000 0.49657 0.49305
124.00000 58.00000 0.83328 0.99762 1.00000 0.06027 0.17873 0.30364 0.24830 0.14659 0.14403 0.13947 0.65128 0.31097 0.24324 0.43893 0.13715 0.99405 0.56186 0.35116 0.00000 0.31250 0.65116 1.00000 0.16049 0.16603
124.00000 59.00000 0.00005 0.00000 1.00000 1.00000 0.97596 0.90307 0.88706 1.00000 1.00000 0.99709 0.99913 0.88138 1.00000 0.88681 0.99782 0.99308 0.72485 0.01395 1.00000 0.94792 1.00000 1.00000 0.98354 0.98956
124.00000 60.00000 0.99980 0.99834 1.00000 0.00000 0.12570 0.28983 0.23487 0.00000 0.00000 0.00544 0.62814 0.28156 0.24324 0.45440 0.00335 0.99405 0.61284 0.36343 0.00000 0.28125 0.62791 1.00000 0.01235 0.01768
124.00000 61.00000 0.99988 0.99762 1.00000 0.00000 0.12763 0.30351 0.22308 0.00000 0.00000 0.00475 0.62816 0.28734 0.24324 0.46580 0.00350 0.99424 0.61156 0.36969 0.00000 0.29167 0.62791 1.00000 0.01612 0.02434
124.00000 62.00000 0.23819 0.29691 1.00000 0.59794 0.63125 0.68381 0.66067 0.61718 0.61509 0.61556 0.85311 0.66154 0.89189 0.73534 0.61489 0.99319 0.70793 0.10289 1.00000 0.67708 0.85412 1.00000 0.63752 0.63322
124.00000 63.00000 0.99977 0.99762 1.00000 0.00000 0.12753 0.29511 0.21956 0.00000 0.00063 0.00413 0.62801 0.28514 0.24324 0.46580 0.00403 0.99405 0.60984 0.35043 0.00000 0.27083 0.62791 1.00000 0.01612 0.01403
124.00000 64.00000 0.23810 0.29691 1.00000 0.59794 0.63162 0.69747 0.66413 0.61718 0.61509 0.61630 0.85317 0.65463 0.89189 0.73697 0.61773 0.99306 0.70591 0.10764 1.00000 0.66667 0.85412 1.00000 0.62929 0.63592
124.00000 65.00000 0.59516 0.73658 0.00000 0.23809 0.01184 0.03069 0.05642 0.29318 0.20881 0.09358 0.00184 0.02401 0.02703 0.03339 0.09078 0.00248 0.09866 0.91853 0.00000 0.02083 0.00000 0.00000 0.13717 0.15199
124.00000 66.00000 0.00006 0.00190 1.00000 1.00000 0.98376 0.93504 0.89997 1.00000 1.00000 0.99737 0.99907 0.88729 1.00000 0.89495 0.99741 0.99317 0.72152 0.02263 1.00000 0.91667 1.00000 1.00000 0.99760 0.98867
124.00000 67.00000 0.59508 0.73717 0.00000 0.23809 0.01165 0.03690 0.05132 0.29318 0.20881 0.09202 0.00167 0.03106 0.02703 0.02850 0.09012 0.00248 0.09076 0.91747 0.00000 0.04167 0.00000 0.00000 0.14403 0.14418
124.00000 68.00000 0.83325 0.99834 1.00000 0.06027 0.18103 0.32529 0.22611 0.14659 0.14403 0.13878 0.65122 0.30650 0.24324 0.43893 0.13712 0.99413 0.56055 0.34538 0.00000 0.32292 0.65116 1.00000 0.15741 0.16859
124.00000 69.00000 0.47609 0.83135 1.00000 0.62699 0.65841 0.63356 0.52058 0.50794 0.49937 0.47332 0.86400 0.61458 0.40541 0.64739 0.47254 0.99350 0.55522 0.30419 0.00000 0.65625 0.86469 1.00000 0.49417 0.49402
124.00000 70.00000 0.23808 0.29691 1.00000 0.59794 0.62997 0.70291 0.66548 0.61718 0.61509 0.61701 0.85317 0.66427 0.89189 0.73697 0.61720 0.99333 0.71062 0.09835 1.00000 0.67708 0.85412 1.00000 0.62826 0.63135
124.00000 71.00000 0.83319 0.99762 1.00000 0.06027 0.17910 0.32033 0.24606 0.14659 0.14403 0.13758 0.65132 0.30240 0.27027 0.44381 0.13639 0.99430 0.55598 0.36435 0.00000 0.30208 0.65116 1.00000 0.16427 0.16154
124.00000 72.00000 0.99998 0.99810 1.00000 0.00000 0.12166 0.27241 0.22900 0.00000 0.00000 0.00573 0.62816 0.28526 0.24324 0.46417 0.00345 0.99416 0.61280 0.35896 0.00000 0.28125 0.62791 1.00000 0.01680 0.01654
124.00000 73.00000 0.99989 0.99893 1.00000 0.00000 0.12286 0.27566 0.24245 0.00000 0.00063 0.00413 0.62806 0.28706 0.24324 0.45277 0.00439 0.99413 0.61891 0.36068 0.00000 0.28125 0.62791 1.00000 0.02366 0.01886
124.00000 74.00000 0.23818 0.29881 1.00000 0.59794 0.63336 0.68853 0.67037 0.61718 0.61509 0.61565 0.85315 0.66219 0.89189 0.73534 0.61755 0.99325 0.71079 0.10391 1.00000 0.66667 0.85412 1.00000 0.63237 0.63395
124.00000 75.00000 0.99994 0.99929 1.00000 0.00000 0.12423 0.28411 0.22719 0.00000 0.00063 0.00597 0.62810 0.28590 0.24324 0.46417 0.00408 0.99408 0.59978 0.35841 0.00000 0.29167 0.62791 1.00000 0.01372 0.01187
124.00000 76.00000 0.00005 0.00190 1.00000 1.00000 0.97954 0.91117 0.91657 1.00000 0.99937 0.99642 0.99918 0.88550 1.00000 0.88355 0.99789 0.99297 0.72673 0.03229 1.00000 0.92708 1.00000 1.00000 0.98731 0.99046
124.00000 77.00000 0.23809 0.29691 1.00000 0.59794 0.63281 0.69243 0.67600 0.61718 0.61509 0.61551 0.85315 0.65613 0.89189 0.71824 0.61661 0.99317 0.71436 0.10175 1.00000 0.67708 0.85412 1.00000 0.62791 0.63475
124.00000 78.00000 0.00006 0.00000 1.00000 1.00000 0.98257 0.90484 0.89017 1.00000 1.00000 0.99766 0.99913 0.87803 1.00000 0.88518 0.99792 0.99303 0.71955 0.01761 1.00000 0.90625 1.00000 1.00000 0.98834 0.99057
124.00000 79.00000 0.00004 0.00000 1.00000 1.00000 0.97789 0.93222 0.92295 1.00000 1.00000 0.99754 0.99916 0.88667 1.00000 0.90472 0.99805 0.99330 0.72616 0.01761 1.00000 0.92708 1.00000 1.00000 0.99177 0.98969
124.00000 80.00000 0.00001 0.00095 1.00000 1.00000 0.97559 0.91212 0.90541 1.00000 1.00000 0.99704 0.99907 0.88376 1.00000 0.90228 0.99647 0.99314 0.71812 0.02226 1.00000 0.92708 1.00000 1.00000 0.98320 0.99073
124.00000 81.00000 0.00005 0.00024 1.00000 1.00000 0.97633 0.92320 0.90983 1.00000 1.00000 0.99492 0.99922 0.88927 1.00000 0.88518 0.99731 0.99317 0.72916 0.02373 1.00000 0.92708 1.00000 1.00000 0.99108 0.98729
124.00000 82.00000 0.99990 0.99762 1.00000 0.00000 0.12662 0.28143 0.22236 0.00000 0.00063 0.00527 0.62812 0.28897 0.24324 0.46010 0.00365 0.99421 0.61120 0.36607 0.00000 0.26042 0.62791 1.00000 0.01406 0.01854
124.00000 83.00000 0.59517 0.73741 0.00000 0.23809 0.01000 0.03023 0.05902 0.29318 0.20881 0.09307 0.00186 0.03305 0.02703 0.02117 0.08984 0.00251 0.08190 0.93043 0.00000 0.04167 0.00000 0.00000 0.13889 0.14341
124.00000 84.00000 0.83322 0.99941 1.00000 0.06027 0.18515 0.32876 0.23701 0.14659 0.14403 0.13746 0.65134 0.30781 0.24324 0.44707 0.13740 0.99416 0.56888 0.35871 0.00000 0.30208 0.65116 1.00000 0.16221 0.16668
124.00000 85.00000 0.00001 0.00107 1.00000 1.00000 0.98128 0.91461 0.91349 1.00000 0.99937 0.99702 0.99916 0.88315 1.00000 0.89251 0.99698 0.99303 0.72835 0.02127 1.00000 0.93750 1.00000 1.00000 0.98903 0.99282
124.00000 86.00000 0.47613 0.83135 1.00000 0.62699 0.66300 0.65014 0.53204 0.50794 0.49937 0.47253 0.86413 0.60989 0.40541 0.64495 0.47234 0.99333 0.55993 0.31012 0.00000 0.62500 0.86469 1.00000 0.49417 0.49588
124.00000 87.00000 0.59520 0.73634 0.00000 0.23809 0.01367 0.02915 0.04188 0.29318 0.20881 0.09233 0.00186 0.02844 0.02703 0.02524 0.08842 0.00240 0.08761 0.92897 0.00000 0.04167 0.00000 0.00000 0.14026 0.14555
124.00000 88.00000 0.99979 0.99762 1.00000 0.00000 0.12717 0.29340 0.25495 0.00000 0.00063 0.00482 0.62814 0.28823 0.24324 0.45358 0.00479 0.99438 0.59654 0.35351 0.00000 0.27083 0.62791 1.00000 0.01783 0.01957
124.00000 89.00000 0.23801 0.29691 1.00000 0.59794 0.63538 0.67980 0.66907 0.61718 0.61509 0.61634 0.85315 0.65919 0.89189 0.73697 0.61560 0.99328 0.70515 0.10292 1.00000 0.69792 0.85412 1.00000 0.63134 0.64176
124.00000 90.00000 0.47624 0.83135 1.00000 0.62699 0.65694 0.66095 0.52802 0.50794 0.49937 0.47494 0.86403 0.61128 0.40541 0.64332 0.47074 0.99358 0.53396 0.32283 0.00000 0.62500 0.86469 1.00000 0.48834 0.49543
124.00000 91.00000 0.83315 0.99762 1.00000 0.06027 0.18277 0.32220 0.23169 0.14659 0.14403 0.13806 0.65132 0.30740 0.24324 0.43893 0.13803 0.99413 0.55722 0.34238 0.00000 0.32292 0.65116 1.00000 0.15432 0.16584
124.00000 92.00000 0.59531 0.73824 0.00000 0.23809 0.00468 0.05889 0.03728 0.29318 0.20881 0.09405 0.00190 0.02957 0.02703 0.04072 0.09065 0.00254 0.10087 0.93783 0.00000 0.02083 0.00000 0.00000 0.14643 0.14529
124.00000 93.00000 0.47619 0.83135 1.00000 0.62699 0.65832 0.64757 0.53331 0.50794 0.49937 0.47313 0.86411 0.61115 0.40541 0.64902 0.47295 0.99350 0.54982 0.30463 0.00000 0.63542 0.86469 1.00000 0.49040 0.49434
124.00000 94.00000 0.59515 0.73729 0.00000 0.23809 0.01257 0.04730 0.04617 0.29318 0.20881 0.09377 0.00184 0.02640 0.02703 0.02280 0.09121 0.00259 0.09523 0.91557 0.00000 0.04167 0.00000 0.00000 0.14095 0.14966
124.00000 95.00000 0.83332 0.99905 1.00000 0.06027 0.18176 0.31323 0.24303 0.14659 0.14403 0.13770 0.65130 0.30887 0.24324 0.46010 0.13730 0.99424 0.55829 0.36705 0.00000 0.32292 0.65116 1.00000 0.15912 0.16662
124.00000 96.00000 0.83328 0.99762 1.00000 0.06027 0.18304 0.31421 0.23410 0.14659 0.14403 0.14049 0.65139 0.30521 0.24324 0.45195 0.13745 0.99421 0.56198 0.36328 0.00000 0.31250 0.65116 1.00000 0.16770 0.16149
124.00000 97.00000 0.47613 0.83159 1.00000 0.62699 0.65428 0.61975 0.52749 0.50794 0.50000 0.47232 0.86398 0.61389 0.40541 0.63925 0.47348 0.99350 0.55339 0.30920 0.00000 0.62500 0.86469 1.00000 0.48903 0.49654
124.00000 98.00000 0.23807 0.29810 1.00000 0.59794 0.62859 0.69037 0.67426 0.61718 0.61509 0.61651 0.85305 0.66266 0.89189 0.72720 0.61606 0.99328 0.71745 0.11281 1.00000 0.67708 0.85412 1.00000 0.63237 0.63870
124.00000 99.00000 0.59509 0.73717 0.00000 0.23809 0.00890 0.03324 0.03199 0.29318 0.20818 0.09355 0.00177 0.03349 0.02703 0.03502 0.09040 0.00240 0.08009 0.92944 0.00000 0.04167 0.00000 0.00000 0.13717 0.13914
124.00000 100.00000 0.83331 0.99869 1.00000 0.06027 0.18616 0.29606 0.24830 0.14659 0.14403 0.13973 0.65137 0.31162 0.24324 0.45358 0.13598 0.99435 0.56341 0.34988 0.00000 0.30208 0.65116 1.00000 0.17078 0.16793
124.00000 101.00000 0.59526 0.73705 0.00000 0.23809 0.00982 0.05312 0.04448 0.29318 0.20881 0.09059 0.00177 0.02577 0.02703 0.01954 0.09060 0.00248 0.08859 0.92952 0.00000 0.04167 0.00000 0.00000 0.14506 0.14888
124.00000 102.00000 0.00006 0.00000 1.00000 1.00000 0.97761 0.91678 0.91559 1.00000 0.99937 0.99573 0.99911 0.88125 1.00000 0.90065 0.99756 0.99308 0.73449 0.03420 1.00000 0.92708 1.00000 1.00000 0.99314 0.98910
124.00000 103.00000 0.99989 0.99762 1.00000 0.00000 0.12992 0.29294 0.23102 0.00000 0.00000 0.00358 0.62814 0.29537 0.24324 0.45277 0.00482 0.99421 0.62015 0.35830 0.00000 0.29167 0.62791 1.00000 0.01440 0.01631
124.00000 104.00000 0.23819 0.29751 1.00000 0.59794 0.63024 0.68056 0.67311 0.61718 0.61509 0.61582 0.85324 0.66128 0.89189 0.73127 0.61666 0.99317 0.71410 0.10259 1.00000 0.68750 0.85412 1.00000 0.63306 0.62929
124.00000 105.00000 0.23804 0.29691 1.00000 0.59794 0.63162 0.69516 0.67544 0.61718 0.61509 0.61544 0.85319 0.65781 0.89189 0.73697 0.61601 0.99333 0.72926 0.09758 1.00000 0.67708 0.85412 1.00000 0.63409 0.63368
124.00000 106.00000 0.00003 0.00036 1.00000 1.00000 0.98211 0.90264 0.91142 1.00000 1.00000 0.99446 0.99920 0.88770 1.00000 0.90309 0.99645 0.99322 0.73566 0.04057 1.00000 0.92708 1.00000 1.00000 0.98697 0.99759
124.00000 107.00000 0.99980 0.99762 1.00000 0.00000 0.13038 0.28744 0.23547 0.00000 0.00063 0.00399 0.62818 0.28629 0.24324 0.46010 0.00223 0.99416 0.62144 0.36577 0.00000 0.27083 0.62791 1.00000 0.01269 0.02883
124.00000 108.00000 0.99989 0.99762 1.00000 0.00000 0.12671 0.30026 0.21627 0.00000 0.00063 0.00508 0.62814 0.29325 0.24324 0.46498 0.00345 0.99419 0.61432 0.35841 0.00000 0.28125 0.62791 1.00000 0.01406 0.01577
124.00000 109.00000 0.99983 0.99786 1.00000 0.00000 0.12946 0.29132 0.24484 0.00000 0.00063 0.00403 0.62810 0.28525 0.24324 0.46580 0.00396 0.99438 0.60975 0.37116 0.00000 0.29167 0.62791 1.00000 0.01475 0.02301
124.00000 110.00000 0.47612 0.83135 1.00000 0.62699 0.66015 0.64987 0.52946 0.50794 0.50000 0.47370 0.86422 0.61692 0.40541 0.64414 0.47112 0.99372 0.53868 0.30650 0.00000 0.64583 0.86469 1.00000 0.49211 0.49813
124.00000 111.00000 0.59519 0.73717 0.00000 0.23809 0.01229 0.03481 0.05469 0.29318 0.20881 0.09317 0.00188 0.03111 0.02703 0.02280 0.09060 0.00234 0.09790 0.93373 0.00000 0.04167 0.00000 0.00000 0.14369 0.14791
124.00000 112.00000 0.23807 0.29691 1.00000 0.59794 0.63492 0.68457 0.68040 0.61718 0.61509 0.61484 0.85324 0.65901 0.89189 0.74186 0.61565 0.99330 0.71521 0.11156 1.00000 0.67708 0.85412 1.00000 0.62929 0.64172
124.00000 113.00000 0.47621 0.83266 1.00000 0.62699 0.65988 0.63381 0.53208 0.50794 0.50000 0.47256 0.86403 0.61455 0.40541 0.64577 0.47209 0.99372 0.53956 0.31309 0.00000 0.64583 0.86469 1.00000 0.49966 0.50250
124.00000 114.00000 0.47617 0.83135 1.00000 0.62699 0.65529 0.63592 0.52111 0.50794 0.50000 0.47270 0.86400 0.62217 0.40541 0.65798 0.47234 0.99361 0.53649 0.31748 0.00000 0.63542 0.86469 1.00000 0.49486 0.49593
124.00000 115.00000 0.83313 0.99834 1.00000 0.06027 0.18626 0.34019 0.24233 0.14659 0.14403 0.13849 0.65126 0.30675 0.24324 0.45277 0.13854 0.99427 0.57126 0.33890 0.00000 0.32292 0.65116 1.00000 0.15878 0.16890
124.00000 116.00000 0.00001 0.00000 1.00000 1.00000 0.97936 0.90497 0.91547 1.00000 0.99937 0.99730 0.99928 0.88810 1.00000 0.90472 0.99802 0.99311 0.72583 0.03698 1.00000 0.90625 1.00000 1.00000 0.99177 0.98950
124.00000 117.00000 0.99993 0.99976 1.00000 0.00000 0.12442 0.29901 0.22419 0.00000 0.00063 0.00609 0.62820 0.28711 0.24324 0.46417 0.00469 0.99413 0.60358 0.36321 0.00000 0.29167 0.62791 1.00000 0.01200 0.02180
124.00000 118.00000 0.59523 0.73682 0.00000 0.23809 0.00688 0.06599 0.04118 0.29318 0.20881 0.09293 0.00188 0.03535 0.02703 0.02443 0.08964 0.00273 0.10556 0.92553 0.00000 0.02083 0.00000 0.00000 0.14472 0.14392
124.00000 119.00000 0.47621 0.83266 1.00000 0.62699 0.65355 0.64009 0.51769 0.50794 0.50000 0.47358 0.86411 0.61957 0.40541 0.65879 0.47219 0.99358 0.55936 0.30942 0.00000 0.62500 0.86469 1.00000 0.49005 0.49469
124.00000 120.00000 0.59530 0.73634 0.00000 0.23809 0.01174 0.04697 0.03659 0.29318 0.20881 0.09358 0.00179 0.03036 0.02703 0.02443 0.09037 0.00259 0.10087 0.92879 0.00000 0.03125 0.00000 0.00000 0.14403 0.13951
124.00000 121.00000 0.99987 0.99988 1.00000 0.00000 0.12524 0.29373 0.21959 0.00000 0.00063 0.00317 0.62820 0.28708 0.24324 0.46661 0.00380 0.99419 0.60820 0.37061 0.00000 0.29167 0.62791 1.00000 0.01475 0.01928
124.00000 122.00000 0.99986 0.99846 1.00000 0.00000 0.12469 0.28847 0.22878 0.00000 0.00063 0.00444 0.62829 0.29408 0.24324 0.46580 0.00330 0.99446 0.60999 0.36317 0.00000 0.30208 0.62791 1.00000 0.00926 0.02011
124.00000 123.00000 0.83318 0.99846 1.00000 0.06027 0.18231 0.32889 0.24566 0.14659 0.14403 0.13811 0.65149 0.31345 0.27027 0.45603 0.13834 0.99421 0.56279 0.34443 0.00000 0.32292 0.65116 1.00000 0.16427 0.16338
124.00000 124.00000 0.00005 0.00000 1.00000 1.00000 0.98523 0.92851 0.92883 1.00000 1.00000 0.99695 0.99920 0.88649 1.00000 0.89251 0.99599 0.99328 0.74199 0.02570 1.00000 0.92708 1.00000 1.00000 0.98251 0.99254
124.00000 125.00000 0.00001 0.00000 1.00000 1.00000 0.98202 0.93122 0.91210 1.00000 1.00000 0.99594 0.99918 0.88675 1.00000 0.90798 0.99706 0.99322 0.72845 0.03123 1.00000 0.92708 1.00000 1.00000 0.99005 0.98882
124.00000 126.00000 0.00006 0.00143 1.00000 1.00000 0.97899 0.92708 0.89636 1.00000 1.00000 0.99463 0.99935 0.88644 1.00000 0.91042 0.99713 0.99314 0.71619 0.01754 1.00000 0.92708 1.00000 1.00000 0.98354 0.99196
124.00000 127.00000 0.99983 0.99774 1.00000 0.00000 0.12909 0.29273 0.23143 0.00000 0.00063 0.00344 0.62808 0.29079 0.27027 0.47394 0.00292 0.99427 0.60175 0.35768 0.00000 0.29167 0.62791 1.00000 0.01612 0.01934
124.00000 128.00000 0.23807 0.29703 1.00000 0.59794 0.63336 0.69213 0.67812 0.61718 0.61509 0.61572 0.85328 0.66500 0.89189 0.73371 0.61524 0.99328 0.72016 0.10808 1.00000 0.68750 0.85412 1.00000 0.63169 0.63525
124.00000 129.00000 0.23810 0.29691 1.00000 0.59794 0.63281 0.68568 0.69728 0.61718 0.61509 0.61470 0.85313 0.65752 0.89189 0.72883 0.61479 0.99330 0.71771 0.11164 1.00000 0.68750 0.85412 1.00000 0.63683 0.63628
124.00000 130.00000 0.00003 0.00000 1.00000 1.00000 0.97908 0.92569 0.91732 1.00000 1.00000 0.99754 0.99918 0.88803 1.00000 0.89902 0.99980 0.99322 0.72428 0.02325 1.00000 0.92708 1.00000 1.00000 0.98903 0.99233
124.00000 131.00000 0.99980 0.99762 1.00000 0.00000 0.12515 0.29554 0.23059 0.00000 0.00063 0.00322 0.62833 0.28793 0.24324 0.46987 0.00284 0.99419 0.61784 0.36607 0.00000 0.28125 0.62791 1.00000 0.01475 0.02461
124.00000 132.00000 0.83313 0.99762 1.00000 0.06027 0.18213 0.32047 0.23179 0.14659 0.14403 0.13694 0.65149 0.31767 0.24324 0.44870 0.13849 0.99424 0.56253 0.34754 0.00000 0.31250 0.65116 1.00000 0.16187 0.17174
124.00000 133.00000 0.99999 0.99798 1.00000 0.00000 0.12891 0.31215 0.23531 0.00000 0.00063 0.00470 0.62804 0.28294 0.24324 0.48208 0.00490 0.99410 0.59345 0.37727 0.00000 0.29167 0.62791 1.00000 0.01646 0.01816
124.00000 134.00000 0.23802 0.29703 1.00000 0.59794 0.63474 0.69511 0.67939 0.61718 0.61509 0.61544 0.85322 0.66587 0.89189 0.72964 0.61595 0.99333 0.72195 0.10193 1.00000 0.67708 0.85412 1.00000 0.62997 0.63771
124.00000 135.00000 0.99989 0.99762 1.00000 0.00000 0.12524 0.30960 0.24888 0.00000 0.00063 0.00520 0.62825 0.29096 0.24324 0.47801 0.00416 0.99427 0.61739 0.37207 0.00000 0.30208 0.62791 1.00000 0.02229 0.01742
124.00000 136.00000 0.00007 0.00000 1.00000 1.00000 0.97954 0.92139 0.89578 1.00000 1.00000 0.99520 0.99916 0.88959 1.00000 0.89984 0.99637 0.99330 0.73552 0.03464 1.00000 0.93750 1.00000 1.00000 0.98525 0.98939
124.00000 137.00000 0.99984 0.99762 1.00000 0.00000 0.12295 0.28433 0.23933 0.00000 0.00000 0.00430 0.62820 0.28777 0.24324 0.46498 0.00342 0.99446 0.62398 0.37116 0.00000 0.27083 0.62791 1.00000 0.01337 0.01707
124.00000 138.00000 0.59523 0.73729 0.00000 0.23809 0.01138 0.04426 0.03627 0.29318 0.20818 0.09210 0.00182 0.03180 0.02703 0.02524 0.09060 0.00267 0.10437 0.93479 0.00000 0.03125 0.00000 0.00000 0.14232 0.14168
124.00000 139.00000 0.47611 0.83373 1.00000 0.62699 0.65446 0.63652 0.53009 0.50794 0.49937 0.47320 0.86405 0.61002 0.40541 0.64821 0.47209 0.99363 0.54232 0.31374 0.00000 0.62500 0.86469 1.00000 0.49108 0.49290
124.00000 140.00000 0.47616 0.83135 1.00000 0.62699 0.65722 0.64118 0.54364 0.50794 0.49937 0.47356 0.86411 0.61910 0.40541 0.66287 0.47193 0.99358 0.53980 0.32235 0.00000 0.64583 0.86469 1.00000 0.49074 0.49868
124.00000 141.00000 0.23810 0.29691 1.00000 0.59794 0.62776 0.66992 0.68358 0.61718 0.61509 0.61567 0.85324 0.66271 0.89189 0.73208 0.61476 0.99325 0.72562 0.11588 1.00000 0.67708 0.85412 1.00000 0.63512 0.63114
124.00000 142.00000 0.47610 0.83159 1.00000 0.62699 0.66171 0.61988 0.54361 0.50794 0.49937 0.47341 0.86424 0.61709 0.40541 0.65635 0.47196 0.99374 0.56424 0.33092 0.00000 0.63542 0.86469 1.00000 0.48971 0.49593
124.00000 143.00000 0.23805 0.29762 1.00000 0.59794 0.63171 0.68319 0.67609 0.61718 0.61509 0.61606 0.85324 0.66063 0.89189 0.74023 0.61631 0.99352 0.73361 0.11259 1.00000 0.67708 0.85412 1.00000 0.63100 0.63845
124.00000 144.00000 0.59521 0.73634 0.00000 0.23809 0.01055 0.03050 0.04963 0.29318 0.20881 0.09245 0.00192 0.03493 0.02703 0.02280 0.09152 0.00273 0.09909 0.93849 0.00000 0.04167 0.00000 0.00000 0.14540 0.15162
124.00000 145.00000 0.59527 0.73836 0.00000 0.23809 0.01220 0.06493 0.05960 0.29318 0.20881 0.09250 0.00201 0.03734 0.02703 0.04235 0.08954 0.00284 0.08990 0.93600 0.00000 0.03125 0.00000 0.00000 0.14266 0.14432
124.00000 146.00000 0.47621 0.83302 1.00000 0.62699 0.65529 0.64120 0.53295 0.50794 0.49937 0.47308 0.86424 0.61860 0.40541 0.66938 0.47059 0.99372 0.56743 0.31437 0.00000 0.64583 0.86469 1.00000 0.49451 0.49356
124.00000 147.00000 0.83320 0.99762 1.00000 0.06027 0.18139 0.32396 0.24113 0.14659 0.14403 0.13799 0.65149 0.31828 0.24324 0.46254 0.13677 0.99435 0.58371 0.35867 0.00000 0.31250 0.65116 1.00000 0.15947 0.16540
124.00000 148.00000 0.83329 0.99762 1.00000 0.06027 0.18029 0.33631 0.23598 0.14659 0.14403 0.13816 0.65160 0.31836 0.24324 0.44137 0.13750 0.99460 0.58469 0.36010 0.00000 0.31250 0.65116 1.00000 0.15261 0.16780
124.00000 149.00000 0.99988 0.99964 1.00000 0.00000 0.12799 0.28533 0.24917 0.00000 0.00000 0.00425 0.62825 0.28920 0.24324 0.47801 0.00492 0.99432 0.60920 0.36709 0.00000 0.27083 0.62791 1.00000 0.01646 0.02083
124.00000 150.00000 0.83336 0.99762 1.00000 0.06027 0.18598 0.32675 0.24164 0.14659 0.14403 0.13894 0.65158 0.31415 0.24324 0.45765 0.13717 0.99465 0.58093 0.35863 0.00000 0.30208 0.65116 1.00000 0.16461 0.16487
124.00000 151.00000 0.00003 0.00000 1.00000 1.00000 0.97605 0.92339 0.90473 1.00000 1.00000 0.99623 0.99922 0.89180 1.00000 0.89332 0.99620 0.99336 0.74223 0.01838 1.00000 0.92708 1.00000 1.00000 0.98251 0.98906
124.00000 152.00000 0.99990 0.99762 1.00000 0.00000 0.12946 0.28883 0.24705 0.00000 0.00063 0.00504 0.62837 0.29443 0.24324 0.46417 0.00411 0.99430 0.61151 0.35578 0.00000 0.30208 0.62791 1.00000 0.01509 0.02242
124.00000 153.00000 0.00004 0.00190 1.00000 1.00000 0.97991 0.93079 0.91455 1.00000 1.00000 0.99425 0.99928 0.89300 1.00000 0.90065 0.99663 0.99317 0.74109 0.03354 1.00000 0.93750 1.00000 1.00000 0.98937 0.98391
124.00000 154.00000 0.99999 0.99893 1.00000 0.00000 0.12799 0.29237 0.25213 0.00000 0.00063 0.00463 0.62839 0.29267 0.24324 0.46987 0.00396 0.99443 0.64110 0.36786 0.00000 0.28125 0.62791 1.00000 0.01303 0.01800
124.00000 155.00000 0.83321 0.99810 1.00000 0.06027 0.17965 0.32873 0.26000 0.14659 0.14403 0.13777 0.65160 0.31567 0.24324 0.44544 0.13659 0.99454 0.58043 0.34695 0.00000 0.33333 0.65116 1.00000 0.16564 0.16520
124.00000 156.00000 0.59513 0.73634 0.00000 0.23809 0.00899 0.02983 0.05404 0.29318 0.20881 0.09350 0.00201 0.03600 0.02703 0.02117 0.09144 0.00287 0.09801 0.92798 0.00000 0.05208 0.00000 0.00000 0.14060 0.14636
124.00000 157.00000 0.00005 0.00000 1.00000 1.00000 0.97972 0.91583 0.90168 1.00000 1.00000 0.99642 0.99935 0.89402 1.00000 0.91124 0.99698 0.99319 0.73499 0.03951 1.00000 0.93750 1.00000 1.00000 0.98868 0.98633
124.00000 158.00000 0.47627 0.83254 1.00000 0.62699 0.65923 0.63549 0.55649 0.50794 0.50000 0.47251 0.86419 0.61849 0.40541 0.65391 0.47160 0.99361 0.56293 0.31169 0.00000 0.64583 0.86469 1.00000 0.49040 0.49692
124.00000 159.00000 0.99997 0.99762 1.00000 0.00000 0.12983 0.28953 0.25049 0.00000 0.00063 0.00504 0.62842 0.30131 0.24324 0.48208 0.00375 0.99454 0.62551 0.37116 0.00000 0.28125 0.62791 1.00000 0.01783 0.02358
124.00000 160.00000 0.00006 0.00202 1.00000 1.00000 0.98128 0.95804 0.92223 1.00000 1.00000 0.99556 0.99916 0.88799 1.00000 0.92264 0.99632 0.99355 0.74796 0.03570 1.00000 0.93750 1.00000 1.00000 0.98697 0.98686
124.00000 161.00000 0.59508 0.73789 0.00000 0.23809 0.00596 0.06136 0.05916 0.29318 0.20881 0.09279 0.00207 0.03513 0.02703 0.03176 0.09015 0.00284 0.10392 0.92798 0.00000 0.04167 0.00000 0.00000 0.14506 0.15040
124.00000 162.00000 0.59515 0.73634 0.00000 0.23809 0.01257 0.06377 0.05428 0.29318 0.20881 0.09284 0.00209 0.03214 0.02703 0.03664 0.09114 0.00300 0.11470 0.94160 0.00000 0.03125 0.00000 0.00000 0.14335 0.14394
124.00000 163.00000 0.47623 0.83373 1.00000 0.62699 0.65914 0.65513 0.54929 0.50794 0.49937 0.47494 0.86411 0.61784 0.40541 0.66531 0.47117 0.99380 0.55198 0.30964 0.00000 0.63542 0.86469 1.00000 0.48971 0.49477
124.00000 164.00000 0.23816 0.29691 1.00000 0.59794 0.63309 0.68614 0.68026 0.61718 0.61509 0.61479 0.85338 0.66633 0.89189 0.74756 0.61562 0.99347 0.73307 0.10611 1.00000 0.68750 0.85412 1.00000 0.62757 0.63520
124.00000 165.00000 0.00004 0.00000 1.00000 1.00000 0.98183 0.93989 0.91997 1.00000 1.00000 0.99511 0.99907 0.89446 1.00000 0.91531 0.99579 0.99319 0.75401 0.02885 1.00000 0.94792 1.00000 1.00000 0.98114 0.98725
124.00000 166.00000 0.59529 0.73634 0.00000 0.23809 0.01184 0.05816 0.06335 0.29318 0.20881 0.09212 0.00209 0.03642 0.02703 0.02850 0.09096 0.00314 0.10932 0.94101 0.00000 0.03125 0.00000 0.00000 0.14609 0.14361
124.00000 167.00000 0.99983 0.99857 1.00000 0.00000 0.12579 0.28398 0.23735 0.00000 0.00063 0.00723 0.62844 0.28726 0.27027 0.45928 0.00254 0.99474 0.63381 0.36387 0.00000 0.28125 0.62791 1.00000 0.00857 0.02183
124.00000 168.00000 0.00004 0.00119 1.00000 1.00000 0.98174 0.93588 0.89551 1.00000 1.00000 0.99759 0.99909 0.89381 1.00000 0.90961 0.99658 0.99325 0.75239 0.03625 1.00000 0.93750 1.00000 1.00000 0.98320 0.97941
124.00000 169.00000 0.23813 0.29691 1.00000 0.59794 0.63382 0.66994 0.68447 0.61718 0.61509 0.61536 0.85324 0.67021 0.89189 0.74104 0.61651 0.99347 0.72562 0.09919 1.00000 0.69792 0.85412 1.00000 0.63203 0.63550
124.00000 170.00000 0.23817 0.29715 1.00000 0.59794 0.63354 0.66650 0.68096 0.61718 0.61509 0.61520 0.85330 0.66353 0.89189 0.72801 0.61494 0.99355 0.72888 0.10578 1.00000 0.68750 0.85412 1.00000 0.63306 0.63009
124.00000 171.00000 0.47607 0.83135 1.00000 0.62699 0.66180 0.64567 0.55399 0.50794 0.50000 0.47236 0.86438 0.62245 0.40541 0.65472 0.47267 0.99383 0.55893 0.32696 0.00000 0.64583 0.86469 1.00000 0.49314 0.49494
124.00000 172.00000 0.00006 0.00000 1.00000 1.00000 0.98257 0.93192 0.91217 1.00000 1.00000 0.99456 0.99924 0.89617 1.00000 0.88192 0.99516 0.99325 0.75303 0.03453 1.00000 0.93750 1.00000 1.00000 0.97908 0.98284
124.00000 173.00000 0.47615 0.83135 1.00000 0.62699 0.66180 0.66881 0.53947 0.50794 0.49937 0.47222 0.86424 0.61588 0.40541 0.65798 0.47275 0.99372 0.56955 0.32876 0.00000 0.63542 0.86469 1.00000 0.49760 0.49326
124.00000 174.00000 0.00004 0.00000 1.00000 1.00000 0.98339 0.92469 0.91219 1.00000 1.00000 0.99449 0.99920 0.89563 1.00000 0.90798 0.99726 0.99319 0.75189 0.03130 1.00000 0.93750 1.00000 1.00000 0.98663 0.98726
124.00000 175.00000 0.99986 0.99762 1.00000 0.00000 0.13130 0.28899 0.24720 0.00000 0.00063 0.00580 0.62850 0.29363 0.24324 0.47313 0.00614 0.99457 0.62139 0.36607 0.00000 0.29167 0.62791 1.00000 0.01543 0.01642
124.00000 176.00000 0.47614 0.83135 1.00000 0.62699 0.65501 0.63202 0.52638 0.50794 0.50000 0.47463 0.86432 0.62375 0.40541 0.65065 0.47158 0.99396 0.57643 0.31865 0.00000 0.63542 0.86469 1.00000 0.49314 0.48938
124.00000 177.00000 0.47625 0.83135 1.00000 0.62699 0.65823 0.65114 0.54284 0.50794 0.50000 0.47019 0.86430 0.61942 0.40541 0.66450 0.47196 0.99396 0.56598 0.31653 0.00000 0.65625 0.86469 1.00000 0.48697 0.50106
124.00000 178.00000 0.83329 0.99881 1.00000 0.06027 0.18534 0.31922 0.26650 0.14659 0.14403 0.13828 0.65181 0.31991 0.27027 0.46173 0.13613 0.99463 0.59066 0.35955 0.00000 0.32292 0.65116 1.00000 0.15604 0.16831
124.00000 179.00000 0.23821 0.29691 1.00000 0.59794 0.63400 0.66848 0.68144 0.61718 0.61509 0.61634 0.85334 0.67186 0.89189 0.75977 0.61603 0.99341 0.74197 0.11673 1.00000 0.69792 0.85412 1.00000 0.62826 0.63331
124.00000 180.00000 0.83316 0.99762 1.00000 0.06027 0.18332 0.32296 0.26161 0.14659 0.14403 0.14038 0.65183 0.31486 0.24324 0.46661 0.13694 0.99487 0.57783 0.36431 0.00000 0.32292 0.65116 1.00000 0.16324 0.16004
124.00000 181.00000 0.83314 0.99774 1.00000 0.06027 0.18460 0.34073 0.25687 0.14659 0.14403 0.13849 0.65181 0.32101 0.24324 0.46743 0.13743 0.99465 0.58395 0.35981 0.00000 0.31250 0.65116 1.00000 0.16049 0.16303
124.00000 182.00000 0.83324 0.99810 1.00000 0.06027 0.18598 0.33650 0.25254 0.14659 0.14403 0.13987 0.65168 0.31723 0.24324 0.45521 0.13694 0.99471 0.58592 0.35325 0.00000 0.31250 0.65116 1.00000 0.15672 0.16251
124.00000 183.00000 0.99993 0.99762 1.00000 0.00000 0.13102 0.30129 0.23624 0.00000 0.00063 0.00508 0.62839 0.29620 0.24324 0.48208 0.00561 0.99457 0.63726 0.36727 0.00000 0.27083 0.62791 1.00000 0.01097 0.02116
124.00000 184.00000 0.83332 0.99762 1.00000 0.06027 0.18488 0.31784 0.25940 0.14659 0.14403 0.13937 0.65173 0.32086 0.24324 0.46417 0.13844 0.99465 0.59797 0.36101 0.00000 0.32292 0.65116 1.00000 0.16427 0.15945
124.00000 185.00000 0.23824 0.29727 1.00000 0.59794 0.64428 0.71367 0.67621 0.61718 0.61509 0.61446 0.85336 0.66753 0.89189 0.73534 0.61453 0.99355 0.74454 0.11533 1.00000 0.67708 0.85412 1.00000 0.62757 0.63244
124.00000 186.00000 0.59524 0.73860 0.00000 0.23809 0.00771 0.05090 0.06273 0.29318 0.20881 0.09315 0.00215 0.04291 0.02703 0.04479 0.09070 0.00314 0.10189 0.93065 0.00000 0.04167 0.00000 0.00000 0.14060 0.14237
124.00000 187.00000 0.99977 0.99762 1.00000 0.00000 0.12331 0.29414 0.24943 0.00000 0.00063 0.00745 0.62858 0.29806 0.24324 0.46254 0.00368 0.99490 0.64098 0.38108 0.00000 0.29167 0.62791 1.00000 0.01612 0.02195
124.00000 188.00000 0.99979 0.99929 1.00000 0.00000 0.13157 0.31047 0.24597 0.00000 0.00063 0.00348 0.62867 0.29802 0.24324 0.47638 0.00233 0.99487 0.62741 0.37614 0.00000 0.30208 0.62791 1.00000 0.01475 0.01899
124.00000 189.00000 0.83331 0.99762 1.00000 0.06027 0.18515 0.32699 0.26202 0.14659 0.14403 0.13892 0.65192 0.31872 0.24324 0.45033 0.13677 0.99496 0.58242 0.36804 0.00000 0.33333 0.65116 1.00000 0.16084 0.17000
124.00000 190.00000 0.00002 0.00214 1.00000 1.00000 0.98128 0.93899 0.92911 1.00000 1.00000 0.99542 0.99926 0.89981 1.00000 0.91205 0.99683 0.99328 0.75320 0.04031 1.00000 0.91667 1.00000 1.00000 0.98045 0.98328
124.00000 191.00000 0.23812 0.29846 1.00000 0.59794 0.63501 0.70939 0.68425 0.61718 0.61509 0.61615 0.85334 0.67426 0.89189 0.75896 0.61507 0.99358 0.74187 0.12540 1.00000 0.69792 0.85412 1.00000 0.63169 0.63355
124.00000 192.00000 0.23806 0.29893 1.00000 0.59794 0.63281 0.69405 0.69672 0.61718 0.61509 0.61632 0.85328 0.66891 0.89189 0.73779 0.61502 0.99374 0.74042 0.12218 1.00000 0.69792 0.85412 1.00000 0.62929 0.62885
124.00000 193.00000 0.59524 0.73634 0.00000 0.23809 0.01294 0.05502 0.06258 0.29318 0.20881 0.09284 0.00230 0.04405 0.02703 0.04967 0.08964 0.00333 0.11308 0.94464 0.00000 0.05208 0.00000 0.00000 0.14300 0.14892
124.00000 194.00000 0.99991 0.99822 1.00000 0.00000 0.13111 0.31120 0.24847 0.00000 0.00063 0.00568 0.62869 0.30647 0.24324 0.48290 0.00515 0.99518 0.64747 0.36991 0.00000 0.29167 0.62791 1.00000 0.01543 0.02170
124.00000 195.00000 0.47607 0.83135 1.00000 0.62699 0.66125 0.64573 0.55784 0.50794 0.50000 0.47069 0.86443 0.62251 0.40541 0.64984 0.47163 0.99396 0.57509 0.32381 0.00000 0.63542 0.86469 1.00000 0.48800 0.49844
124.00000 196.00000 0.23803 0.29691 1.00000 0.59794 0.63841 0.67260 0.68447 0.61718 0.61509 0.61396 0.85341 0.67604 0.89189 0.74267 0.61585 0.99350 0.76053 0.11819 1.00000 0.69792 0.85412 1.00000 0.62826 0.63045
124.00000 197.00000 0.59523 0.73634 0.00000 0.23809 0.01110 0.05691 0.05827 0.29318 0.20881 0.09088 0.00239 0.04174 0.02703 0.04967 0.09022 0.00322 0.11979 0.95529 0.00000 0.05208 0.00000 0.00000 0.13992 0.14714
124.00000 198.00000 0.00000 0.00048 1.00000 1.00000 0.98394 0.95086 0.93292 1.00000 1.00000 0.99485 0.99949 0.89858 1.00000 0.92101 0.99457 0.99333 0.77546 0.03683 1.00000 0.93750 1.00000 1.00000 0.98800 0.97892
124.00000 199.00000 0.99992 0.99774 1.00000 0.00000 0.13056 0.29590 0.23432 0.00000 0.00063 0.00601 0.62867 0.30370 0.24324 0.46906 0.00457 0.99498 0.65228 0.37149 0.00000 0.30208 0.62791 1.00000 0.00892 0.02839
124.00000 200.00000 0.99999 0.99834 1.00000 0.00000 0.12322 0.30977 0.23882 0.00000 0.00063 0.00294 0.62873 0.30302 0.24324 0.47801 0.00358 0.99512 0.64555 0.37584 0.00000 0.30208 0.62791 1.00000 0.01612 0.01688
124.00000 201.00000 0.59516 0.73694 0.00000 0.23809 0.00789 0.03492 0.07423 0.29318 0.20881 0.09432 0.00234 0.04146 0.02703 0.04560 0.08812 0.00339 0.11929 0.94321 0.00000 0.05208 0.00000 0.00000 0.14232 0.14083
124.00000 202.00000 0.00003 0.00000 1.00000 1.00000 0.98431 0.95514 0.90074 1.00000 1.00000 0.99413 0.99920 0.90771 1.00000 0.91612 0.99472 0.99330 0.78207 0.05232 1.00000 0.93750 1.00000 1.00000 0.98457 0.98366
124.00000 203.00000 0.00006 0.00202 1.00000 1.00000 0.98064 0.93287 0.93636 1.00000 1.00000 0.99337 0.99943 0.90398 1.00000 0.91368 0.99607 0.99322 0.76529 0.03456 1.00000 0.95833 1.00000 1.00000 0.97840 0.98334
124.00000 204.00000 0.59525 0.73705 0.00000 0.23809 0.01009 0.04982 0.05264 0.29318 0.20881 0.09381 0.00260 0.04523 0.02703 0.05049 0.08974 0.00336 0.12722 0.94534 0.00000 0.05208 0.00000 0.00000 0.14129 0.14677
124.00000 205.00000 0.59514 0.73634 0.00000 0.23809 0.01092 0.05854 0.07878 0.29318 0.20881 0.09226 0.00245 0.04845 0.02703 0.04153 0.09048 0.00353 0.13500 0.95204 0.00000 0.04167 0.00000 0.00000 0.13992 0.14411
124.00000 206.00000 0.99993 0.99929 1.00000 0.00000 0.13010 0.30264 0.24777 0.00000 0.00063 0.00298 0.62880 0.30323 0.24324 0.47883 0.00411 0.99529 0.65176 0.36841 0.00000 0.29167 0.62791 1.00000 0.01132 0.01920
124.00000 207.00000 0.83332 0.99846 1.00000 0.06027 0.18433 0.34875 0.26539 0.14659 0.14403 0.13878 0.65202 0.32775 0.24324 0.46417 0.13633 0.99534 0.61406 0.36526 0.00000 0.32292 0.65116 1.00000 0.16084 0.16131
124.00000 208.00000 0.23813 0.29691 1.00000 0.59794 0.63877 0.69083 0.69561 0.61718 0.61509 0.61379 0.85341 0.68143 0.89189 0.75814 0.61507 0.99374 0.76729 0.12225 1.00000 0.70833 0.85412 1.00000 0.62689 0.62871
124.00000 209.00000 0.99999 0.99774 1.00000 0.00000 0.13093 0.29985 0.24527 0.00000 0.00063 0.00329 0.62886 0.30763 0.24324 0.48208 0.00479 0.99526 0.64150 0.37819 0.00000 0.29167 0.62791 1.00000 0.00412 0.02195
124.00000 210.00000 0.47608 0.83135 1.00000 0.62699 0.65740 0.66407 0.55163 0.50794 0.50000 0.47117 0.86449 0.63842 0.40541 0.67590 0.47023 0.99424 0.58871 0.32854 0.00000 0.64583 0.86469 1.00000 0.49108 0.49402
124.00000 211.00000 0.99998 0.99988 1.00000 0.00000 0.12735 0.29896 0.26831 0.00000 0.00063 0.00487 0.62892 0.30980 0.24324 0.48697 0.00502 0.99540 0.66349 0.38071 0.00000 0.30208 0.62791 1.00000 0.01440 0.02325
124.00000 212.00000 0.59510 0.73836 0.00000 0.23809 0.01835 0.06095 0.06561 0.29318 0.20881 0.09179 0.00253 0.04672 0.02703 0.05537 0.08979 0.00380 0.13626 0.95833 0.00000 0.04167 0.00000 0.00000 0.14095 0.14624
124.00000 213.00000 0.47610 0.83314 1.00000 0.62699 0.66254 0.64313 0.55570 0.50794 0.50000 0.47275 0.86451 0.63458 0.40541 0.66612 0.47135 0.99432 0.60570 0.33059 0.00000 0.67708 0.86469 1.00000 0.48800 0.49660
124.00000 214.00000 0.00007 0.00095 1.00000 1.00000 0.97835 0.93062 0.92406 1.00000 1.00000 0.99504 0.99926 0.91163 1.00000 0.92020 0.99409 0.99333 0.76962 0.04551 1.00000 0.94792 1.00000 1.00000 0.97840 0.98240
124.00000 215.00000 0.23824 0.29917 1.00000 0.59794 0.63556 0.68918 0.70897 0.61718 0.61509 0.61501 0.85341 0.68814 0.89189 0.75244 0.61524 0.99366 0.77417 0.12551 1.00000 0.69792 0.85412 1.00000 0.62689 0.63022
124.00000 216.00000 0.83316 0.99929 1.00000 0.06027 0.18075 0.32705 0.25054 0.14659 0.14403 0.13851 0.65232 0.32975 0.24324 0.46987 0.13677 0.99551 0.61658 0.36317 0.00000 0.33333 0.65116 1.00000 0.15947 0.16886
124.00000 217.00000 0.47609 0.83135 1.00000 0.62699 0.66098 0.65662 0.56602 0.50794 0.50000 0.47117 0.86474 0.64278 0.40541 0.67590 0.47059 0.99435 0.59454 0.32209 0.00000 0.65625 0.86469 1.00000 0.48937 0.48742
124.00000 218.00000 0.23808 0.29691 1.00000 0.59794 0.64024 0.69202 0.69533 0.61718 0.61509 0.61505 0.85347 0.68581 0.89189 0.76140 0.61509 0.99372 0.76146 0.12167 1.00000 0.70833 0.85412 1.00000 0.62449 0.63297
124.00000 219.00000 0.99989 0.99976 1.00000 0.00000 0.13038 0.28918 0.27312 0.00000 0.00063 0.00470 0.62911 0.31412 0.24324 0.49023 0.00386 0.99554 0.67254 0.37485 0.00000 0.28125 0.62791 1.00000 0.01406 0.02301
124.00000 220.00000 0.59521 0.73634 0.00000 0.23809 0.01431 0.04982 0.06220 0.29318 0.20881 0.09210 0.00281 0.05520 0.02703 0.04560 0.08994 0.00391 0.13474 0.94167 0.00000 0.05208 0.00000 0.00000 0.14266 0.14860
124.00000 221.00000 0.99978 0.99857 1.00000 0.00000 0.12753 0.31949 0.25367 0.00000 0.00063 0.00377 0.62915 0.31858 0.24324 0.47801 0.00292 0.99565 0.68139 0.37873 0.00000 0.31250 0.62791 1.00000 0.00892 0.01980
124.00000 222.00000 0.00001 0.00000 1.00000 1.00000 0.97807 0.94179 0.93665 1.00000 1.00000 0.99341 0.99932 0.91438 1.00000 0.92345 0.99432 0.99344 0.80083 0.02775 1.00000 0.93750 1.00000 1.00000 0.97942 0.98576
124.00000 223.00000 0.99989 0.99762 1.00000 0.00000 0.13249 0.30559 0.25894 0.00000 0.00063 0.00353 0.62913 0.31634 0.24324 0.47883 0.00322 0.99567 0.66544 0.36588 0.00000 0.32292 0.62791 1.00000 0.01132 0.01616
124.00000 224.00000 0.23814 0.29739 1.00000 0.59794 0.64125 0.69541 0.68512 0.61718 0.61572 0.61536 0.85353 0.68646 0.89189 0.76384 0.61458 0.99372 0.78341 0.12141 1.00000 0.71875 0.85412 1.00000 0.62929 0.62161
124.00000 225.00000 0.99997 1.00000 1.00000 0.00000 0.13460 0.30903 0.25194 0.00000 0.00063 0.00489 0.62920 0.31683 0.27027 0.49756 0.00360 0.99565 0.68608 0.38609 0.00000 0.30208 0.62791 1.00000 0.01440 0.01837
124.00000 226.00000 1.00000 0.99941 1.00000 0.00000 0.12735 0.29944 0.24527 0.00000 0.00063 0.00434 0.62928 0.31617 0.24324 0.49023 0.00393 0.99589 0.68361 0.37255 0.00000 0.29167 0.62791 1.00000 0.01509 0.02126
124.00000 227.00000 0.99987 0.99762 1.00000 0.00000 0.13295 0.30576 0.27295 0.00000 0.00063 0.00566 0.62920 0.31749 0.24324 0.50000 0.00304 0.99576 0.68027 0.38565 0.00000 0.30208 0.62791 1.00000 0.01372 0.01734
124.00000 228.00000 0.83315 0.99846 1.00000 0.06027 0.19149 0.33886 0.27995 0.14659 0.14403 0.13501 0.65253 0.34264 0.27027 0.47964 0.13776 0.99587 0.63712 0.37504 0.00000 0.33333 0.65116 1.00000 0.16084 0.16157
124.00000 229.00000 0.83316 0.99929 1.00000 0.06027 0.18837 0.32485 0.27110 0.14659 0.14403 0.13765 0.65270 0.34565 0.24324 0.46743 0.13666 0.99592 0.64983 0.37324 0.00000 0.34375 0.65116 1.00000 0.16084 0.16336
124.00000 230.00000 0.23816 0.29691 1.00000 0.59794 0.64033 0.70126 0.70033 0.61718 0.61572 0.61322 0.85349 0.69799 0.89189 0.76384 0.61266 0.99394 0.79212 0.14312 1.00000 0.68750 0.85412 1.00000 0.63066 0.63284
124.00000 231.00000 0.23810 0.29739 1.00000 0.59794 0.64125 0.70887 0.68774 0.61718 0.61509 0.61436 0.85364 0.68845 0.89189 0.76303 0.61357 0.99391 0.79190 0.13349 1.00000 0.71875 0.85412 1.00000 0.62174 0.62070
124.00000 232.00000 0.99985 0.99952 1.00000 0.00000 0.13616 0.31172 0.25478 0.00000 0.00063 0.00566 0.62941 0.32276 0.24324 0.48371 0.00454 0.99595 0.69924 0.36845 0.00000 0.31250 0.62791 1.00000 0.01235 0.02009
124.00000 233.00000 0.00003 0.00226 1.00000 1.00000 0.98367 0.96435 0.94539 1.00000 1.00000 0.99158 0.99926 0.92653 1.00000 0.93974 0.99368 0.99344 0.81030 0.05452 1.00000 0.92708 1.00000 1.00000 0.98388 0.97801
124.00000 234.00000 0.59521 0.73634 0.00000 0.23809 0.01578 0.04741 0.05642 0.29318 0.20881 0.09272 0.00323 0.05648 0.02703 0.06433 0.09027 0.00438 0.18037 0.94556 0.00000 0.06250 0.00000 0.00000 0.13717 0.14252
124.00000 235.00000 0.00003 0.00083 1.00000 1.00000 0.98615 0.95389 0.94989 1.00000 1.00000 0.99217 0.99932 0.92193 1.00000 0.93322 0.99460 0.99336 0.80899 0.06422 1.00000 0.92708 1.00000 1.00000 0.97805 0.97592
124.00000 236.00000 0.99994 0.99964 1.00000 0.00000 0.13148 0.32182 0.26823 0.00000 0.00063 0.00432 0.62956 0.32468 0.27027 0.47720 0.00434 0.99600 0.68544 0.37866 0.00000 0.32292 0.62791 1.00000 0.01063 0.01674
124.00000 237.00000 0.23807 0.29691 1.00000 0.59794 0.64244 0.72437 0.70491 0.61718 0.61572 0.61350 0.85357 0.69579 0.89189 0.76954 0.61286 0.99388 0.80947 0.12895 1.00000 0.68750 0.85412 1.00000 0.62311 0.62434
124.00000 238.00000 0.59524 0.73812 0.00000 0.23809 0.01835 0.06407 0.07312 0.29318 0.20881 0.09217 0.00327 0.05501 0.02703 0.05537 0.09078 0.00446 0.18422 0.96405 0.00000 0.06250 0.00000 0.00000 0.13957 0.13908
124.00000 239.00000 0.23816 0.29822 1.00000 0.59794 0.63804 0.72277 0.69405 0.61718 0.61572 0.61343 0.85364 0.69790 0.89189 0.77687 0.61367 0.99385 0.80414 0.14177 1.00000 0.70833 0.85412 1.00000 0.62551 0.62826
124.00000 240.00000 0.00007 0.00166 1.00000 1.00000 0.98871 0.94913 0.94428 1.00000 1.00000 0.99274 0.99943 0.92608 1.00000 0.93567 0.99351 0.99347 0.82158 0.05606 1.00000 0.95833 1.00000 1.00000 0.97565 0.97825
124.00000 241.00000 0.99991 0.99762 1.00000 0.00000 0.13176 0.33295 0.27904 0.00000 0.00063 0.00580 0.62958 0.32561 0.24324 0.50733 0.00436 0.99617 0.72326 0.37859 0.00000 0.31250 0.62791 1.00000 0.00686 0.02232
124.00000 242.00000 0.99987 0.99810 1.00000 0.00000 0.13221 0.31388 0.26472 0.00000 0.00063 0.00389 0.62956 0.32625 0.27027 0.49593 0.00363 0.99628 0.70043 0.37950 0.00000 0.31250 0.62791 1.00000 0.01132 0.01645
124.00000 243.00000 0.83333 0.99762 1.00000 0.06027 0.19084 0.34184 0.26891 0.14659 0.14403 0.13510 0.65312 0.34774 0.24324 0.47394 0.13727 0.99656 0.66963 0.37760 0.00000 0.33333 0.65116 1.00000 0.15741 0.16011
124.00000 244.00000 0.83322 0.99822 1.00000 0.06027 0.19387 0.36543 0.28082 0.14659 0.14403 0.13715 0.65308 0.34639 0.24324 0.47720 0.13720 0.99675 0.67361 0.38005 0.00000 0.34375 0.65116 1.00000 0.15775 0.16733
124.00000 245.00000 0.23815 0.29893 1.00000 0.59794 0.64061 0.70825 0.71359 0.61718 0.61572 0.61288 0.85362 0.70395 0.89189 0.78502 0.61367 0.99385 0.82051 0.12507 1.00000 0.72917 0.85412 1.00000 0.62826 0.62860
124.00000 246.00000 0.47606 0.83290 1.00000 0.62699 0.66162 0.69373 0.55733 0.50794 0.50000 0.47019 0.86489 0.65407 0.40541 0.68893 0.46808 0.99476 0.65621 0.32795 1.00000 0.66667 0.86469 1.00000 0.49417 0.48828
124.00000 247.00000 0.00005 0.00000 1.00000 1.00000 0.98752 0.94864 0.94192 1.00000 1.00000 0.99306 0.99935 0.93026 1.00000 0.95358 0.99422 0.99347 0.85405 0.05221 1.00000 0.94792 1.00000 1.00000 0.97325 0.97741
124.00000 248.00000 0.47624 0.83135 1.00000 0.62699 0.66382 0.66534 0.56766 0.50794 0.50000 0.47053 0.86508 0.65662 0.37838 0.69381 0.47097 0.99507 0.66518 0.35292 0.00000 0.67708 0.86469 1.00000 0.47977 0.49092
124.00000 249.00000 0.47610 0.83135 1.00000 0.62699 0.66630 0.66458 0.58239 0.50794 0.50000 0.47236 0.86512 0.65536 0.37838 0.69625 0.46907 0.99504 0.67018 0.35874 1.00000 0.66667 0.86469 1.00000 0.48765 0.48910
124.00000 250.00000 0.23806 0.29691 1.00000 0.59794 0.64437 0.71608 0.72096 0.61718 0.61572 0.61408 0.85364 0.71038 0.89189 0.79316 0.61529 0.99394 0.84070 0.13093 1.00000 0.72917 0.85412 1.00000 0.61454 0.62988
124.00000 251.00000 0.59515 0.73634 0.00000 0.23809 0.02230 0.07244 0.08716 0.29318 0.20881 0.09019 0.00374 0.06714 0.02703 0.06433 0.08847 0.00515 0.21774 0.96632 0.00000 0.06250 0.00000 0.00000 0.13340 0.14581
124.00000 252.00000 0.99983 0.99822 1.00000 0.00000 0.13139 0.33826 0.26732 0.00000 0.00063 0.00487 0.62989 0.33500 0.27027 0.50896 0.00347 0.99667 0.73954 0.38756 0.00000 0.31250 0.62791 1.00000 0.01818 0.01536
124.00000 253.00000 0.00004 0.00000 1.00000 1.00000 0.98945 0.96703 0.96787 1.00000 1.00000 0.99177 0.99949 0.93820 1.00000 0.94625 0.99285 0.99361 0.84136 0.06309 1.00000 0.97917 1.00000 1.00000 0.97291 0.97238
124.00000 254.00000 0.47609 0.83135 1.00000 0.62699 0.67162 0.66352 0.56819 0.50794 0.50000 0.47069 0.86527 0.66525 0.37838 0.68648 0.46947 0.99509 0.66235 0.35215 1.00000 0.65625 0.86469 1.00000 0.48457 0.48804
124.00000 255.00000 0.99987 0.99810 1.00000 0.00000 0.13524 0.32610 0.28159 0.00000 0.00063 0.00363 0.62998 0.33664 0.27027 0.52199 0.00271 0.99697 0.74420 0.37379 0.00000 0.32292 0.62791 1.00000 0.01543 0.01933
124.00000 256.00000 1.00000 0.99762 1.00000 0.00000 0.13331 0.33737 0.30453 0.00000 0.00063 0.00463 0.63008 0.33890 0.27027 0.52524 0.00071 0.99680 0.74573 0.40279 0.00000 0.32292 0.62791 1.00000 0.01406 0.01930
124.00000 257.00000 0.00004 0.00000 1.00000 1.00000 0.99294 0.96950 0.98043 1.00000 1.00000 0.99239 0.99932 0.94216 1.00000 0.95358 0.99320 0.99347 0.87390 0.06038 1.00000 0.96875 1.00000 1.00000 0.96879 0.97602
124.00000 258.00000 0.99977 0.99762 1.00000 0.00000 0.14102 0.31889 0.30342 0.00000 0.00063 0.00382 0.63010 0.34197 0.27027 0.49104 0.00482 0.99700 0.74092 0.39697 0.00000 0.32292 0.62791 1.00000 0.01269 0.02057
124.00000 259.00000 0.83324 0.99976 1.00000 0.06027 0.19360 0.37175 0.30804 0.14659 0.14465 0.13691 0.65352 0.36495 0.24324 0.49104 0.13613 0.99741 0.70465 0.37720 0.00000 0.34375 0.65116 1.00000 0.15226 0.15884
124.00000 260.00000 0.99977 0.99929 1.00000 0.00000 0.13763 0.32404 0.28631 0.00000 0.00063 0.00489 0.63021 0.34394 0.27027 0.53013 0.00327 0.99711 0.75253 0.39503 0.00000 0.33333 0.62791 1.00000 0.01509 0.01671
124.00000 261.00000 0.99995 0.99798 1.00000 0.00000 0.13873 0.32258 0.28465 0.00000 0.00063 0.00224 0.63017 0.34849 0.27027 0.52850 0.00312 0.99705 0.76229 0.37925 0.00000 0.34375 0.62791 1.00000 0.00960 0.01395
124.00000 262.00000 0.00001 0.00000 1.00000 1.00000 0.98532 0.97356 0.95374 1.00000 1.00000 0.99181 0.99954 0.94673 1.00000 0.96336 0.99188 0.99344 0.86762 0.07228 1.00000 0.96875 1.00000 1.00000 0.97154 0.97424
124.00000 263.00000 0.99977 0.99762 1.00000 0.00000 0.13662 0.32003 0.29911 0.00000 0.00063 0.00640 0.63025 0.34567 0.27027 0.52687 0.00497 0.99716 0.75408 0.38708 0.00000 0.32292 0.62791 1.00000 0.01509 0.00398
124.00000 264.00000 0.83328 0.99893 1.00000 0.06027 0.19057 0.37307 0.28255 0.14659 0.14465 0.13701 0.65382 0.37030 0.24324 0.51873 0.13585 0.99760 0.71976 0.38291 0.00000 0.35417 0.65116 1.00000 0.15706 0.16168
124.00000 265.00000 0.47606 0.83135 1.00000 0.62699 0.67098 0.68073 0.58256 0.50794 0.50000 0.46929 0.86538 0.66964 0.37838 0.70114 0.46876 0.99565 0.69558 0.34457 1.00000 0.67708 0.86469 1.00000 0.47634 0.48524
124.00000 266.00000 0.59514 0.73729 0.00000 0.23809 0.02083 0.07693 0.08952 0.29318 0.20881 0.09157 0.00435 0.08321 0.02703 0.08143 0.08977 0.00604 0.23866 0.97400 0.00000 0.07292 0.00000 0.00000 0.13889 0.13793
124.00000 267.00000 0.99976 0.99893 1.00000 0.00000 0.13946 0.31876 0.29144 0.00000 0.00063 0.00215 0.63055 0.35796 0.27027 0.53094 0.00320 0.99769 0.78493 0.39008 0.00000 0.32292 0.62791 1.00000 0.00446 0.02158
