20.00000 1.00000 0.63218 0.66667 1.00000 1.00000 0.53916 0.41051 0.37221 1.00000 1.00000 0.57810 0.30303 0.18832 1.00000 0.42262 0.69083 0.20588 0.18924 0.48057 1.00000 0.25000 1.00000 1.00000 0.57364 0.52817
20.00000 2.00000 0.51149 0.50000 1.00000 1.00000 0.45482 0.38609 0.41104 1.00000 1.00000 0.63124 0.34848 0.15108 1.00000 0.48810 0.42004 0.26471 0.18851 0.37245 1.00000 0.41667 1.00000 1.00000 0.50388 0.50870
20.00000 3.00000 0.44253 0.41667 1.00000 1.00000 0.50904 0.35470 0.37221 1.00000 1.00000 0.49275 0.22727 0.15301 1.00000 0.38095 0.52239 0.27941 0.19068 0.45518 1.00000 0.25000 1.00000 1.00000 0.50388 0.52720
20.00000 4.00000 0.57471 0.50000 1.00000 1.00000 0.36446 0.26074 0.58761 1.00000 1.00000 0.61836 0.21212 0.16216 1.00000 0.45238 0.62687 0.30882 0.17267 0.43902 1.00000 0.41667 1.00000 1.00000 0.56589 0.53052
20.00000 5.00000 0.44828 0.25000 1.00000 1.00000 0.40361 0.31982 0.41610 1.00000 1.00000 0.51691 0.24242 0.14538 1.00000 0.41667 0.59488 0.30882 0.18407 0.35475 1.00000 0.33333 1.00000 1.00000 0.57364 0.52555
20.00000 6.00000 0.55747 0.25000 1.00000 1.00000 0.58735 0.33028 0.36158 1.00000 1.00000 0.41385 0.25758 0.14520 1.00000 0.37500 0.62473 0.25000 0.15992 0.46326 1.00000 0.41667 1.00000 1.00000 0.52713 0.57871
20.00000 7.00000 0.58046 0.83333 1.00000 1.00000 0.37048 0.27731 0.36935 1.00000 1.00000 0.73269 0.25758 0.16477 1.00000 0.42262 0.50746 0.29412 0.21777 0.49211 1.00000 0.33333 1.00000 1.00000 0.62016 0.51422
20.00000 8.00000 0.40230 0.08333 1.00000 1.00000 0.43675 0.39416 0.43619 1.00000 1.00000 0.57649 0.31818 0.13237 1.00000 0.36310 0.51173 0.26471 0.16849 0.42901 1.00000 0.33333 1.00000 1.00000 0.50388 0.52927
20.00000 9.00000 0.72414 0.83333 1.00000 1.00000 0.35542 0.29017 0.36496 1.00000 1.00000 0.58132 0.30303 0.15777 1.00000 0.45238 0.58422 0.30882 0.18232 0.50404 1.00000 0.33333 1.00000 1.00000 0.57364 0.67385
20.00000 10.00000 0.64368 0.08333 1.00000 1.00000 0.45783 0.30521 0.26182 1.00000 1.00000 0.61031 0.28788 0.14920 1.00000 0.37500 0.68443 0.35294 0.16127 0.44825 1.00000 0.33333 1.00000 1.00000 0.58140 0.70464
20.00000 11.00000 0.60920 0.66667 1.00000 1.00000 0.40663 0.32701 0.47772 1.00000 1.00000 0.56200 0.27273 0.15041 1.00000 0.33929 0.60128 0.33824 0.20110 0.36476 1.00000 0.50000 1.00000 1.00000 0.54264 0.50994
20.00000 12.00000 0.71264 0.75000 1.00000 1.00000 0.35542 0.31458 0.42893 1.00000 1.00000 0.71820 0.24242 0.16284 1.00000 0.41071 0.63966 0.32353 0.18088 0.49865 1.00000 0.41667 1.00000 1.00000 0.40310 0.56366
20.00000 13.00000 0.35057 0.75000 1.00000 1.00000 0.46687 0.40528 0.39196 1.00000 1.00000 0.65539 0.31818 0.12797 1.00000 0.30952 0.58849 0.27941 0.17267 0.57791 1.00000 0.50000 1.00000 1.00000 0.43411 0.49171
20.00000 14.00000 0.60920 0.66667 1.00000 1.00000 0.33133 0.43645 0.49747 1.00000 1.00000 0.50081 0.24242 0.16939 1.00000 0.44643 0.63539 0.35294 0.18681 0.30973 1.00000 0.33333 1.00000 1.00000 0.61240 0.67122
20.00000 15.00000 0.23563 0.08333 1.00000 1.00000 0.18675 0.46763 0.41155 1.00000 1.00000 0.57488 0.19697 0.15853 1.00000 0.45238 0.55224 0.36765 0.19274 0.43401 1.00000 0.41667 1.00000 1.00000 0.62016 0.69387
20.00000 16.00000 0.63218 0.75000 1.00000 1.00000 0.37349 0.40506 0.29794 1.00000 1.00000 0.56522 0.28788 0.16477 1.00000 0.33929 0.71215 0.38235 0.18392 0.33167 1.00000 0.50000 1.00000 1.00000 0.53488 0.56186
20.00000 17.00000 0.44828 0.83333 1.00000 1.00000 0.39458 0.38108 0.38572 1.00000 1.00000 0.47182 0.39394 0.17069 1.00000 0.41071 0.60341 0.32353 0.20668 0.46595 1.00000 0.25000 1.00000 1.00000 0.49612 0.46506
20.00000 18.00000 0.34483 0.58333 1.00000 1.00000 0.42771 0.39874 0.37610 1.00000 1.00000 0.67955 0.28788 0.12954 1.00000 0.39881 0.31983 0.29412 0.19197 0.32166 1.00000 0.41667 1.00000 1.00000 0.58915 0.62952
20.00000 19.00000 0.71839 0.91667 1.00000 1.00000 0.56928 0.48703 0.35787 1.00000 1.00000 0.61353 0.24242 0.17038 1.00000 0.30952 0.49041 0.25000 0.22097 0.52251 1.00000 0.41667 1.00000 1.00000 0.58140 0.43206
20.00000 20.00000 0.42529 0.41667 1.00000 1.00000 0.47289 0.47373 0.40479 1.00000 1.00000 0.51530 0.31818 0.17222 1.00000 0.29762 0.55864 0.30882 0.18041 0.44286 1.00000 0.33333 1.00000 1.00000 0.49612 0.59252
20.00000 21.00000 0.36782 0.83333 1.00000 1.00000 0.41566 0.27207 0.49561 1.00000 1.00000 0.67150 0.25758 0.13735 1.00000 0.42857 0.59488 0.33824 0.16441 0.42132 1.00000 0.50000 1.00000 1.00000 0.49612 0.73474
20.00000 22.00000 0.34483 0.41667 1.00000 1.00000 0.41566 0.30565 0.38977 1.00000 1.00000 0.54428 0.31818 0.18631 1.00000 0.40476 0.63753 0.30882 0.17174 0.45133 1.00000 0.33333 1.00000 1.00000 0.62016 0.56131
20.00000 23.00000 0.49425 0.25000 1.00000 1.00000 0.62952 0.65489 0.41526 1.00000 1.00000 0.61675 0.30303 0.15741 1.00000 0.50000 0.55650 0.35294 0.21540 0.47326 1.00000 0.50000 1.00000 1.00000 0.62016 0.66501
20.00000 24.00000 0.45977 0.08333 1.00000 1.00000 0.42169 0.37650 0.33828 1.00000 1.00000 0.52979 0.25758 0.16948 1.00000 0.30952 0.53945 0.22059 0.20967 0.54444 1.00000 0.41667 1.00000 1.00000 0.55814 0.48661
20.00000 25.00000 0.58046 0.25000 1.00000 1.00000 0.30422 0.24003 0.42218 1.00000 1.00000 0.64412 0.31818 0.13556 1.00000 0.41071 0.60341 0.30882 0.21813 0.48480 1.00000 0.41667 1.00000 1.00000 0.64341 0.55579
20.00000 26.00000 0.70690 0.25000 1.00000 1.00000 0.38253 0.55788 0.48211 1.00000 1.00000 0.59903 0.27273 0.14767 1.00000 0.34524 0.56503 0.29412 0.19868 0.48442 1.00000 0.50000 1.00000 1.00000 0.44186 0.58685
20.00000 27.00000 0.40805 0.75000 1.00000 1.00000 0.57229 0.28036 0.36935 1.00000 1.00000 0.54750 0.30303 0.12519 1.00000 0.42262 0.63539 0.39706 0.19981 0.47557 1.00000 0.41667 1.00000 1.00000 0.55039 0.61986
20.00000 28.00000 0.33333 0.33333 1.00000 1.00000 0.39458 0.33835 0.36732 1.00000 1.00000 0.55556 0.27273 0.17778 1.00000 0.32738 0.52878 0.25000 0.20601 0.38746 1.00000 0.25000 1.00000 1.00000 0.49612 0.67537
20.00000 29.00000 0.67816 0.50000 1.00000 1.00000 0.47289 0.35622 0.51063 1.00000 1.00000 0.58937 0.24242 0.15584 1.00000 0.48810 0.62047 0.36765 0.22784 0.35821 1.00000 0.41667 1.00000 1.00000 0.55039 0.61350
20.00000 30.00000 0.55172 0.08333 1.00000 1.00000 0.51506 0.56464 0.39720 1.00000 1.00000 0.56683 0.28788 0.13143 1.00000 0.40476 0.47974 0.33824 0.19207 0.57022 1.00000 0.41667 1.00000 1.00000 0.43411 0.37434
20.00000 31.00000 0.40230 0.66667 1.00000 1.00000 0.51205 0.44931 0.37745 1.00000 1.00000 0.69887 0.31818 0.12905 1.00000 0.42857 0.65885 0.41176 0.15048 0.41747 1.00000 0.58333 1.00000 1.00000 0.48062 0.62138
20.00000 32.00000 0.46552 0.33333 1.00000 1.00000 0.35542 0.41356 0.36631 1.00000 1.00000 0.60548 0.22727 0.16190 1.00000 0.26786 0.60554 0.23529 0.20663 0.48326 1.00000 0.50000 1.00000 1.00000 0.48062 0.50511
20.00000 33.00000 0.41954 0.41667 1.00000 1.00000 0.50000 0.43405 0.38471 1.00000 1.00000 0.49275 0.28788 0.15283 1.00000 0.35714 0.56716 0.32353 0.18965 0.56791 1.00000 0.41667 1.00000 1.00000 0.57364 0.55109
20.00000 34.00000 0.47701 0.41667 1.00000 1.00000 0.44277 0.51755 0.30081 1.00000 1.00000 0.55072 0.25758 0.18958 1.00000 0.42857 0.56716 0.25000 0.18113 0.47326 1.00000 0.41667 1.00000 1.00000 0.49612 0.46368
20.00000 35.00000 0.54598 0.50000 1.00000 1.00000 0.44277 0.47874 0.43535 1.00000 1.00000 0.60709 0.22727 0.17531 1.00000 0.40476 0.47548 0.29412 0.21055 0.44440 1.00000 0.41667 1.00000 1.00000 0.53488 0.48233
20.00000 36.00000 0.62069 0.16667 1.00000 1.00000 0.35542 0.41683 0.40446 1.00000 1.00000 0.77456 0.33333 0.19151 1.00000 0.30952 0.60768 0.27941 0.18438 0.54906 1.00000 0.41667 1.00000 1.00000 0.48062 0.72066
20.00000 37.00000 0.50000 0.41667 1.00000 1.00000 0.49699 0.30499 0.43518 1.00000 1.00000 0.55072 0.28788 0.15992 1.00000 0.28571 0.50320 0.32353 0.20353 0.39554 1.00000 0.58333 1.00000 1.00000 0.44961 0.68462
20.00000 38.00000 0.30460 0.58333 1.00000 1.00000 0.50904 0.49139 0.37357 1.00000 1.00000 0.52979 0.27273 0.17913 1.00000 0.40476 0.58209 0.33824 0.20152 0.41708 1.00000 0.33333 1.00000 1.00000 0.56589 0.50345
20.00000 39.00000 0.64368 0.25000 1.00000 1.00000 0.46687 0.41901 0.37745 1.00000 1.00000 0.68599 0.25758 0.16957 1.00000 0.31548 0.62473 0.32353 0.19171 0.40593 1.00000 0.33333 1.00000 1.00000 0.69767 0.67454
20.00000 40.00000 0.48276 0.25000 1.00000 1.00000 0.49398 0.25790 0.45814 1.00000 1.00000 0.55395 0.33333 0.17065 1.00000 0.46429 0.67591 0.29412 0.20337 0.46172 1.00000 0.33333 1.00000 1.00000 0.47287 0.56269
20.00000 41.00000 0.37931 0.83333 1.00000 1.00000 0.44578 0.38631 0.35432 1.00000 1.00000 0.70692 0.36364 0.14408 1.00000 0.45238 0.57356 0.32353 0.17721 0.25702 1.00000 0.50000 1.00000 1.00000 0.58915 0.64968
20.00000 42.00000 0.64943 0.16667 1.00000 1.00000 0.44277 0.37541 0.47974 1.00000 1.00000 0.55717 0.24242 0.14709 1.00000 0.42857 0.63753 0.29412 0.18413 0.42362 1.00000 0.41667 1.00000 1.00000 0.47287 0.39105
20.00000 43.00000 0.29310 0.75000 1.00000 1.00000 0.31325 0.37977 0.33710 1.00000 1.00000 0.57327 0.36364 0.16243 1.00000 0.36310 0.50107 0.42647 0.18237 0.55906 1.00000 0.33333 1.00000 1.00000 0.73643 0.56600
20.00000 44.00000 0.54598 0.16667 1.00000 1.00000 0.40361 0.18291 0.40395 1.00000 1.00000 0.68921 0.27273 0.16414 1.00000 0.25595 0.57996 0.29412 0.22438 0.55791 1.00000 0.50000 1.00000 1.00000 0.42636 0.57084
20.00000 45.00000 0.29885 0.83333 1.00000 1.00000 0.51205 0.41160 0.51874 1.00000 1.00000 0.57005 0.33333 0.16526 1.00000 0.32738 0.56930 0.36765 0.16627 0.45056 1.00000 0.41667 1.00000 1.00000 0.53488 0.50773
20.00000 46.00000 0.46552 0.66667 1.00000 1.00000 0.21988 0.35448 0.41307 1.00000 1.00000 0.45572 0.36364 0.17320 1.00000 0.41071 0.63113 0.27941 0.19300 0.37284 1.00000 0.58333 1.00000 1.00000 0.61240 0.45526
20.00000 47.00000 0.47701 0.83333 1.00000 1.00000 0.41566 0.33508 0.35365 1.00000 1.00000 0.59420 0.28788 0.11774 1.00000 0.45238 0.60128 0.36765 0.18495 0.41978 1.00000 0.58333 1.00000 1.00000 0.61240 0.64002
20.00000 48.00000 0.52299 0.16667 1.00000 1.00000 0.44880 0.35317 0.55503 1.00000 1.00000 0.60225 0.25758 0.14834 1.00000 0.43452 0.55864 0.35294 0.21390 0.41939 1.00000 0.50000 1.00000 1.00000 0.49612 0.59970
20.00000 49.00000 0.51149 0.58333 1.00000 1.00000 0.39458 0.53935 0.47451 1.00000 1.00000 0.54911 0.34848 0.15328 1.00000 0.41071 0.57996 0.27941 0.19852 0.51674 1.00000 0.41667 1.00000 1.00000 0.51163 0.58230
20.00000 50.00000 0.45977 0.25000 1.00000 1.00000 0.40663 0.39481 0.37120 1.00000 1.00000 0.60225 0.30303 0.15866 1.00000 0.40476 0.50533 0.27941 0.16875 0.45633 1.00000 0.41667 1.00000 1.00000 0.51938 0.50815
20.00000 51.00000 0.64943 0.50000 1.00000 1.00000 0.59036 0.37584 0.40277 1.00000 1.00000 0.52496 0.30303 0.18123 1.00000 0.36310 0.52026 0.33824 0.21241 0.52328 1.00000 0.41667 1.00000 1.00000 0.58915 0.46783
20.00000 52.00000 0.20115 0.91667 1.00000 1.00000 0.67771 0.41138 0.42910 1.00000 1.00000 0.61675 0.31818 0.14426 1.00000 0.33929 0.65458 0.26471 0.20941 0.45748 1.00000 0.41667 1.00000 1.00000 0.53488 0.52430
20.00000 53.00000 0.67816 0.66667 1.00000 1.00000 0.44277 0.30848 0.41796 1.00000 1.00000 0.57971 0.31818 0.15440 1.00000 0.47024 0.70362 0.30882 0.21901 0.54213 1.00000 0.58333 1.00000 1.00000 0.70543 0.54350
20.00000 54.00000 0.75862 0.50000 1.00000 1.00000 0.46687 0.28864 0.44497 1.00000 1.00000 0.62641 0.27273 0.15072 1.00000 0.45238 0.59701 0.36765 0.20952 0.47672 1.00000 0.41667 1.00000 1.00000 0.65116 0.72618
20.00000 55.00000 0.45977 0.50000 1.00000 1.00000 0.43976 0.52300 0.46455 1.00000 1.00000 0.55556 0.36364 0.16243 1.00000 0.39286 0.63326 0.32353 0.18980 0.47480 1.00000 0.41667 1.00000 1.00000 0.63566 0.50387
20.00000 56.00000 0.61494 0.58333 1.00000 1.00000 0.53916 0.41094 0.55638 1.00000 1.00000 0.57166 0.30303 0.20277 1.00000 0.43452 0.63539 0.32353 0.21406 0.35206 1.00000 0.41667 1.00000 1.00000 0.62016 0.54750
20.00000 57.00000 0.47126 0.58333 1.00000 1.00000 0.44578 0.29649 0.38150 1.00000 1.00000 0.66667 0.31818 0.12447 1.00000 0.39286 0.61834 0.23529 0.18815 0.42093 1.00000 0.16667 1.00000 1.00000 0.55814 0.55206
20.00000 58.00000 0.53448 0.91667 1.00000 1.00000 0.40663 0.47373 0.46962 1.00000 1.00000 0.44767 0.36364 0.16881 1.00000 0.38095 0.62260 0.26471 0.24084 0.43786 1.00000 0.33333 1.00000 1.00000 0.57364 0.46437
20.00000 59.00000 0.49425 0.75000 1.00000 1.00000 0.50602 0.33006 0.43400 1.00000 1.00000 0.51691 0.36364 0.18222 1.00000 0.47024 0.62687 0.29412 0.22113 0.47480 1.00000 0.41667 1.00000 1.00000 0.43411 0.53673
20.00000 60.00000 0.54023 0.75000 1.00000 1.00000 0.58434 0.32374 0.44598 1.00000 1.00000 0.45089 0.21212 0.16082 1.00000 0.36905 0.51173 0.29412 0.16849 0.51250 1.00000 0.50000 1.00000 1.00000 0.47287 0.52582
20.00000 61.00000 0.78161 0.08333 1.00000 1.00000 0.32530 0.38369 0.46067 1.00000 1.00000 0.57166 0.25758 0.14130 1.00000 0.27976 0.66525 0.32353 0.19176 0.50058 1.00000 0.33333 1.00000 1.00000 0.53488 0.56062
20.00000 62.00000 0.49425 0.16667 1.00000 1.00000 0.26506 0.37802 0.33508 1.00000 1.00000 0.45733 0.34848 0.14004 1.00000 0.33333 0.45629 0.35294 0.18139 0.32436 1.00000 0.25000 1.00000 1.00000 0.59690 0.43110
20.00000 63.00000 0.35057 0.83333 1.00000 1.00000 0.44880 0.37933 0.49679 1.00000 1.00000 0.61997 0.27273 0.15902 1.00000 0.34524 0.61834 0.32353 0.21039 0.35821 1.00000 0.50000 1.00000 1.00000 0.49612 0.54778
20.00000 64.00000 0.50575 0.91667 1.00000 1.00000 0.40663 0.40353 0.48903 1.00000 1.00000 0.48309 0.28788 0.16059 1.00000 0.40476 0.57356 0.32353 0.19300 0.44286 1.00000 0.41667 1.00000 1.00000 0.54264 0.59459
20.00000 65.00000 0.47701 0.83333 1.00000 1.00000 0.48193 0.21147 0.41796 1.00000 1.00000 0.66023 0.36364 0.14413 1.00000 0.39286 0.63113 0.33824 0.18490 0.38553 1.00000 0.50000 1.00000 1.00000 0.53488 0.72922
20.00000 66.00000 0.68391 0.08333 1.00000 1.00000 0.33434 0.28406 0.38369 1.00000 1.00000 0.31723 0.31818 0.13354 1.00000 0.39286 0.53518 0.25000 0.23852 0.51712 1.00000 0.33333 1.00000 1.00000 0.48062 0.50690
20.00000 67.00000 0.60345 0.50000 1.00000 1.00000 0.38855 0.49531 0.42910 1.00000 1.00000 0.53462 0.24242 0.18325 1.00000 0.31548 0.60768 0.30882 0.24368 0.51097 1.00000 0.41667 1.00000 1.00000 0.51163 0.56959
20.00000 68.00000 0.59195 0.83333 1.00000 1.00000 0.29217 0.32941 0.40749 1.00000 1.00000 0.51047 0.34848 0.16382 1.00000 0.41071 0.53092 0.39706 0.19656 0.40131 1.00000 0.41667 1.00000 1.00000 0.40310 0.66294
20.00000 69.00000 0.47701 0.50000 1.00000 1.00000 0.32229 0.45978 0.37036 1.00000 1.00000 0.55233 0.31818 0.13286 1.00000 0.31548 0.55437 0.32353 0.19842 0.50943 1.00000 0.41667 1.00000 1.00000 0.45736 0.56310
20.00000 70.00000 0.53448 0.33333 1.00000 1.00000 0.38855 0.43427 0.44986 1.00000 1.00000 0.53623 0.30303 0.15440 1.00000 0.35714 0.48401 0.32353 0.21235 0.29704 1.00000 0.41667 1.00000 1.00000 0.51938 0.60025
20.00000 71.00000 0.63218 0.66667 1.00000 1.00000 0.34036 0.39023 0.41661 1.00000 1.00000 0.58776 0.33333 0.13367 1.00000 0.38690 0.60128 0.35294 0.18640 0.59561 1.00000 0.50000 1.00000 1.00000 0.61240 0.49572
20.00000 72.00000 0.46552 0.75000 1.00000 1.00000 0.45783 0.42860 0.28005 1.00000 1.00000 0.62641 0.27273 0.16064 1.00000 0.45833 0.66525 0.26471 0.19543 0.55868 1.00000 0.25000 1.00000 1.00000 0.53488 0.43717
20.00000 73.00000 0.39080 0.58333 1.00000 1.00000 0.34337 0.50927 0.33693 1.00000 1.00000 0.66345 0.25758 0.14650 1.00000 0.48214 0.51812 0.25000 0.19754 0.54329 1.00000 0.33333 1.00000 1.00000 0.50388 0.38139
20.00000 74.00000 0.33908 0.41667 1.00000 1.00000 0.39759 0.58666 0.53612 1.00000 1.00000 0.57810 0.30303 0.14188 1.00000 0.38690 0.58209 0.32353 0.19873 0.50866 1.00000 0.41667 1.00000 1.00000 0.62791 0.69649
20.00000 75.00000 0.59195 0.75000 1.00000 1.00000 0.53313 0.36778 0.41307 1.00000 1.00000 0.56683 0.28788 0.17361 1.00000 0.45833 0.67804 0.39706 0.17339 0.52482 1.00000 0.50000 1.00000 1.00000 0.56589 0.63325
20.00000 76.00000 0.50575 0.08333 1.00000 1.00000 0.27410 0.46741 0.28950 1.00000 1.00000 0.60709 0.28788 0.17231 1.00000 0.40476 0.58209 0.22059 0.20136 0.42285 1.00000 0.50000 1.00000 1.00000 0.48062 0.56435
20.00000 77.00000 0.41954 0.58333 1.00000 1.00000 0.38855 0.41138 0.47519 1.00000 1.00000 0.43478 0.22727 0.16786 1.00000 0.39881 0.69296 0.23529 0.19305 0.42901 1.00000 0.41667 1.00000 1.00000 0.51938 0.58754
20.00000 78.00000 0.27011 0.41667 1.00000 1.00000 0.29217 0.33246 0.41155 1.00000 1.00000 0.42029 0.25758 0.17262 1.00000 0.38095 0.65245 0.33824 0.20508 0.34475 1.00000 0.41667 1.00000 1.00000 0.48837 0.58685
20.00000 79.00000 0.47126 0.16667 1.00000 1.00000 0.41265 0.34380 0.54051 1.00000 1.00000 0.56361 0.33333 0.19313 1.00000 0.39286 0.58209 0.35294 0.17468 0.40439 1.00000 0.41667 1.00000 1.00000 0.53488 0.50276
20.00000 80.00000 0.39655 0.25000 1.00000 1.00000 0.35843 0.39699 0.52633 1.00000 1.00000 0.56361 0.31818 0.17702 1.00000 0.36310 0.69083 0.29412 0.22753 0.41016 1.00000 0.41667 1.00000 1.00000 0.51163 0.55247
20.00000 81.00000 0.56322 0.25000 1.00000 1.00000 0.56627 0.39939 0.49088 1.00000 1.00000 0.61031 0.31818 0.17163 1.00000 0.46429 0.56503 0.26471 0.20327 0.47364 1.00000 0.41667 1.00000 1.00000 0.48062 0.73088
20.00000 82.00000 0.82759 0.50000 1.00000 1.00000 0.40060 0.49902 0.49983 1.00000 1.00000 0.58454 0.30303 0.17459 1.00000 0.41667 0.62473 0.39706 0.19068 0.44055 1.00000 0.25000 1.00000 1.00000 0.63566 0.52265
20.00000 83.00000 0.52299 0.91667 1.00000 1.00000 0.59940 0.55548 0.34605 1.00000 1.00000 0.42512 0.40909 0.16212 1.00000 0.46429 0.50533 0.32353 0.19605 0.61447 1.00000 0.25000 1.00000 1.00000 0.42636 0.57871
20.00000 84.00000 0.46552 0.16667 1.00000 1.00000 0.34940 0.38304 0.44851 1.00000 1.00000 0.59259 0.34848 0.17491 1.00000 0.35119 0.56930 0.32353 0.22133 0.46326 1.00000 0.33333 1.00000 1.00000 0.47287 0.53121
20.00000 85.00000 0.32184 0.58333 1.00000 1.00000 0.30422 0.36102 0.51182 1.00000 1.00000 0.43800 0.27273 0.17657 1.00000 0.36905 0.60128 0.38235 0.19058 0.46364 1.00000 0.41667 1.00000 1.00000 0.49612 0.47321
20.00000 86.00000 0.48851 0.41667 1.00000 1.00000 0.53012 0.41661 0.40344 1.00000 1.00000 0.53623 0.31818 0.17486 1.00000 0.33929 0.62260 0.30882 0.20384 0.43671 1.00000 0.50000 1.00000 1.00000 0.42636 0.70464
20.00000 87.00000 0.61494 0.25000 1.00000 1.00000 0.28614 0.46915 0.48008 1.00000 1.00000 0.57810 0.27273 0.19281 1.00000 0.40476 0.62260 0.30882 0.19383 0.34552 1.00000 0.41667 1.00000 1.00000 0.54264 0.53217
20.00000 88.00000 0.67241 0.16667 1.00000 1.00000 0.38554 0.52453 0.49426 1.00000 1.00000 0.59581 0.42424 0.18559 1.00000 0.39881 0.52665 0.48529 0.19083 0.44633 1.00000 0.33333 1.00000 1.00000 0.65116 0.60481
20.00000 89.00000 0.49425 0.50000 1.00000 1.00000 0.44578 0.49597 0.50608 1.00000 1.00000 0.41385 0.25758 0.15920 1.00000 0.36310 0.61194 0.35294 0.20771 0.57407 1.00000 0.41667 1.00000 1.00000 0.54264 0.57553
20.00000 90.00000 0.36207 0.16667 1.00000 1.00000 0.56024 0.50600 0.43535 1.00000 1.00000 0.46216 0.30303 0.16602 1.00000 0.35119 0.62900 0.32353 0.20786 0.34167 1.00000 0.50000 1.00000 1.00000 0.50388 0.57360
20.00000 91.00000 0.48851 0.50000 1.00000 1.00000 0.37952 0.40397 0.42184 1.00000 1.00000 0.44605 0.31818 0.14745 1.00000 0.39286 0.57996 0.33824 0.20895 0.33628 1.00000 0.58333 1.00000 1.00000 0.48062 0.49185
20.00000 92.00000 0.46552 0.25000 1.00000 1.00000 0.59940 0.33333 0.54203 1.00000 1.00000 0.67633 0.22727 0.16243 1.00000 0.52381 0.54584 0.26471 0.18454 0.43671 1.00000 0.41667 1.00000 1.00000 0.48062 0.37517
20.00000 93.00000 0.74138 0.25000 1.00000 1.00000 0.43675 0.66427 0.46472 1.00000 1.00000 0.57327 0.27273 0.16616 1.00000 0.45833 0.55011 0.32353 0.21628 0.54290 1.00000 0.41667 1.00000 1.00000 0.55814 0.50400
20.00000 94.00000 0.46552 0.33333 1.00000 1.00000 0.55422 0.39983 0.41729 1.00000 1.00000 0.63285 0.30303 0.20398 1.00000 0.42262 0.68017 0.32353 0.21132 0.31666 1.00000 0.50000 1.00000 1.00000 0.50388 0.65935
20.00000 95.00000 0.67816 0.25000 1.00000 1.00000 0.50602 0.56617 0.35702 1.00000 1.00000 0.46055 0.25758 0.16351 1.00000 0.33929 0.67591 0.38235 0.19852 0.43748 1.00000 0.50000 1.00000 1.00000 0.56589 0.56573
20.00000 96.00000 0.59195 0.58333 1.00000 1.00000 0.49699 0.48594 0.44142 1.00000 1.00000 0.49114 0.21212 0.18473 1.00000 0.44048 0.52665 0.39706 0.22484 0.46826 1.00000 0.41667 1.00000 1.00000 0.49612 0.58534
20.00000 97.00000 0.72989 0.33333 1.00000 1.00000 0.65361 0.42664 0.44176 1.00000 1.00000 0.49597 0.33333 0.17482 1.00000 0.47619 0.49254 0.26471 0.18604 0.43017 1.00000 0.33333 1.00000 1.00000 0.62016 0.43455
20.00000 98.00000 0.53448 0.75000 1.00000 1.00000 0.56627 0.55570 0.35263 1.00000 1.00000 0.59420 0.37879 0.18316 1.00000 0.46429 0.64392 0.29412 0.21163 0.47557 1.00000 0.41667 1.00000 1.00000 0.57364 0.60867
20.00000 99.00000 0.63218 0.41667 1.00000 1.00000 0.32530 0.44103 0.56246 1.00000 1.00000 0.57649 0.34848 0.17446 1.00000 0.33929 0.54371 0.33824 0.19409 0.47865 1.00000 0.41667 1.00000 1.00000 0.61240 0.45457
20.00000 100.00000 0.45402 0.83333 1.00000 1.00000 0.50000 0.46915 0.39669 1.00000 1.00000 0.51852 0.22727 0.16239 1.00000 0.41071 0.49893 0.36765 0.20358 0.42093 1.00000 0.50000 1.00000 1.00000 0.39535 0.50000
20.00000 101.00000 0.42529 0.16667 1.00000 1.00000 0.32229 0.37127 0.46742 1.00000 1.00000 0.52174 0.28788 0.16683 1.00000 0.45833 0.46695 0.33824 0.17442 0.52559 1.00000 0.41667 1.00000 1.00000 0.64341 0.60605
20.00000 102.00000 0.52874 0.41667 1.00000 1.00000 0.52108 0.43841 0.37340 1.00000 1.00000 0.53462 0.31818 0.16679 1.00000 0.48214 0.50959 0.29412 0.21571 0.50827 1.00000 0.41667 1.00000 1.00000 0.48062 0.50718
20.00000 103.00000 0.45977 0.75000 1.00000 1.00000 0.58735 0.51537 0.42066 1.00000 1.00000 0.54750 0.27273 0.16293 1.00000 0.36310 0.65245 0.35294 0.18289 0.46595 1.00000 0.41667 1.00000 1.00000 0.51163 0.53466
20.00000 104.00000 0.16667 0.66667 1.00000 1.00000 0.57831 0.34859 0.41594 1.00000 1.00000 0.52657 0.34848 0.17464 1.00000 0.29167 0.64392 0.23529 0.20167 0.37130 1.00000 0.25000 1.00000 1.00000 0.52713 0.45498
20.00000 105.00000 0.69540 0.25000 1.00000 1.00000 0.46687 0.21365 0.53258 1.00000 1.00000 0.41868 0.27273 0.15898 1.00000 0.48214 0.53731 0.26471 0.23558 0.43748 1.00000 0.41667 1.00000 1.00000 0.50388 0.58727
20.00000 106.00000 0.43678 0.33333 1.00000 1.00000 0.30422 0.39721 0.53309 1.00000 1.00000 0.55717 0.34848 0.20053 1.00000 0.35714 0.58849 0.35294 0.20079 0.44017 1.00000 0.58333 1.00000 1.00000 0.44961 0.52071
20.00000 107.00000 0.59770 0.75000 1.00000 1.00000 0.40663 0.38980 0.48346 1.00000 1.00000 0.48631 0.36364 0.18101 1.00000 0.48214 0.51599 0.38235 0.18939 0.43209 1.00000 0.41667 1.00000 1.00000 0.41085 0.45498
20.00000 108.00000 0.45977 0.33333 1.00000 1.00000 0.33434 0.32527 0.44227 1.00000 1.00000 0.54589 0.33333 0.17616 1.00000 0.42857 0.63753 0.32353 0.22536 0.49211 1.00000 0.41667 1.00000 1.00000 0.52713 0.57760
20.00000 109.00000 0.66092 0.66667 1.00000 1.00000 0.39759 0.38086 0.45155 1.00000 1.00000 0.42995 0.37879 0.15674 1.00000 0.35714 0.57356 0.32353 0.21540 0.42324 1.00000 0.33333 1.00000 1.00000 0.50388 0.44380
20.00000 110.00000 0.46552 0.83333 1.00000 1.00000 0.42470 0.29235 0.47873 1.00000 1.00000 0.51208 0.27273 0.17459 1.00000 0.55357 0.47335 0.30882 0.18273 0.42978 1.00000 0.33333 1.00000 1.00000 0.46512 0.50608
20.00000 111.00000 0.29885 0.16667 1.00000 1.00000 0.49699 0.41443 0.38504 1.00000 1.00000 0.56522 0.30303 0.14440 1.00000 0.43452 0.58849 0.33824 0.19832 0.41978 1.00000 0.41667 1.00000 1.00000 0.62016 0.51008
20.00000 112.00000 0.43678 0.08333 1.00000 1.00000 0.41265 0.46436 0.62846 1.00000 1.00000 0.61031 0.39394 0.17904 1.00000 0.52381 0.45416 0.27941 0.20755 0.42285 1.00000 0.50000 1.00000 1.00000 0.42636 0.59169
20.00000 113.00000 0.46552 0.75000 1.00000 1.00000 0.52711 0.47765 0.42404 1.00000 1.00000 0.57488 0.25758 0.18895 1.00000 0.41071 0.37527 0.32353 0.17819 0.54752 1.00000 0.41667 1.00000 1.00000 0.53488 0.57305
20.00000 114.00000 0.70690 0.25000 1.00000 1.00000 0.53313 0.49793 0.35297 1.00000 1.00000 0.56361 0.25758 0.17441 1.00000 0.44048 0.60128 0.26471 0.19011 0.55829 1.00000 0.41667 1.00000 1.00000 0.48837 0.47956
20.00000 115.00000 0.50000 0.41667 1.00000 1.00000 0.45783 0.46043 0.50979 1.00000 1.00000 0.55556 0.27273 0.17235 1.00000 0.38690 0.65458 0.32353 0.21091 0.47865 1.00000 0.50000 1.00000 1.00000 0.45736 0.48771
20.00000 116.00000 0.58046 0.33333 1.00000 1.00000 0.37952 0.52823 0.44109 1.00000 1.00000 0.50725 0.40909 0.19681 1.00000 0.57738 0.58849 0.35294 0.20848 0.45633 1.00000 0.50000 1.00000 1.00000 0.44961 0.55537
20.00000 117.00000 0.60920 0.83333 1.00000 1.00000 0.55723 0.43100 0.58491 1.00000 1.00000 0.60709 0.34848 0.16557 1.00000 0.50000 0.63753 0.29412 0.20152 0.55175 1.00000 0.33333 1.00000 1.00000 0.48837 0.55869
20.00000 118.00000 0.50000 0.83333 1.00000 1.00000 0.40361 0.35535 0.56499 1.00000 1.00000 0.60386 0.40909 0.14947 1.00000 0.52381 0.46908 0.39706 0.18846 0.46056 1.00000 0.41667 1.00000 1.00000 0.51938 0.60080
20.00000 119.00000 0.42529 0.33333 1.00000 1.00000 0.40361 0.46000 0.42809 1.00000 1.00000 0.59420 0.33333 0.15934 1.00000 0.50000 0.60341 0.25000 0.17974 0.50558 1.00000 0.50000 1.00000 1.00000 0.48062 0.60384
20.00000 120.00000 0.62069 0.83333 1.00000 1.00000 0.41265 0.34075 0.48515 1.00000 1.00000 0.50725 0.31818 0.20950 1.00000 0.38690 0.44350 0.27941 0.21168 0.41939 1.00000 0.50000 1.00000 1.00000 0.58140 0.47252
20.00000 121.00000 0.57471 0.41667 1.00000 1.00000 0.52711 0.43601 0.45189 1.00000 1.00000 0.52496 0.28788 0.18119 1.00000 0.45833 0.60554 0.23529 0.24001 0.49288 1.00000 0.58333 1.00000 1.00000 0.41860 0.63049
20.00000 122.00000 0.48276 0.50000 1.00000 1.00000 0.45181 0.41901 0.66458 1.00000 1.00000 0.47504 0.36364 0.18945 1.00000 0.45833 0.60768 0.32353 0.21659 0.42209 1.00000 0.50000 1.00000 1.00000 0.34884 0.49213
20.00000 123.00000 0.47126 0.66667 1.00000 1.00000 0.44277 0.35274 0.55233 1.00000 1.00000 0.47021 0.33333 0.18043 1.00000 0.45833 0.48827 0.38235 0.19672 0.48750 1.00000 0.50000 1.00000 1.00000 0.45736 0.59680
20.00000 124.00000 0.57471 0.08333 1.00000 1.00000 0.40663 0.54436 0.55571 1.00000 1.00000 0.53945 0.30303 0.16221 1.00000 0.46429 0.56930 0.33824 0.22624 0.45710 1.00000 0.50000 1.00000 1.00000 0.52713 0.52196
20.00000 125.00000 0.79310 0.91667 1.00000 1.00000 0.40663 0.49509 0.45172 1.00000 1.00000 0.57971 0.39394 0.15741 1.00000 0.51190 0.63113 0.35294 0.21184 0.51481 1.00000 0.50000 1.00000 1.00000 0.42636 0.51160
20.00000 126.00000 0.67241 0.41667 1.00000 1.00000 0.51205 0.55330 0.52110 1.00000 1.00000 0.46055 0.34848 0.13843 1.00000 0.45238 0.56930 0.32353 0.19362 0.55714 1.00000 0.50000 1.00000 1.00000 0.50388 0.42820
20.00000 127.00000 0.47126 0.50000 1.00000 1.00000 0.51506 0.50076 0.52583 1.00000 1.00000 0.57488 0.31818 0.16907 1.00000 0.39881 0.50746 0.35294 0.21256 0.41708 1.00000 0.41667 1.00000 1.00000 0.41860 0.46548
20.00000 128.00000 0.24713 0.75000 1.00000 1.00000 0.46084 0.53782 0.49207 1.00000 1.00000 0.56683 0.30303 0.17531 1.00000 0.39881 0.63539 0.35294 0.19053 0.42593 1.00000 0.41667 1.00000 1.00000 0.48062 0.50331
20.00000 129.00000 0.58621 0.08333 1.00000 1.00000 0.31325 0.50142 0.65429 1.00000 1.00000 0.57810 0.31818 0.15350 1.00000 0.55952 0.62047 0.36765 0.19290 0.35552 1.00000 0.41667 1.00000 1.00000 0.52713 0.48025
20.00000 130.00000 0.61494 0.25000 1.00000 1.00000 0.37349 0.47569 0.43704 1.00000 1.00000 0.43317 0.30303 0.21139 1.00000 0.48810 0.55224 0.38235 0.20508 0.51058 1.00000 0.50000 1.00000 1.00000 0.46512 0.58879
20.00000 131.00000 0.50000 0.75000 1.00000 1.00000 0.44578 0.34075 0.52954 1.00000 1.00000 0.40419 0.34848 0.20259 1.00000 0.42857 0.57569 0.36765 0.21426 0.46056 1.00000 0.50000 1.00000 1.00000 0.51938 0.60688
20.00000 132.00000 0.47126 0.75000 1.00000 1.00000 0.29819 0.41530 0.42353 1.00000 1.00000 0.53462 0.34848 0.20152 1.00000 0.50595 0.39446 0.38235 0.20188 0.33551 1.00000 0.50000 1.00000 1.00000 0.36434 0.55385
20.00000 133.00000 0.51149 0.50000 1.00000 1.00000 0.41265 0.51188 0.46995 1.00000 1.00000 0.53784 0.31818 0.16499 1.00000 0.44048 0.56716 0.36765 0.19424 0.52097 1.00000 0.50000 1.00000 1.00000 0.44186 0.52044
20.00000 134.00000 0.50575 0.75000 1.00000 1.00000 0.53614 0.36734 0.55993 1.00000 1.00000 0.52013 0.36364 0.17226 1.00000 0.48214 0.55864 0.30882 0.21359 0.54329 1.00000 0.41667 1.00000 1.00000 0.48062 0.61709
20.00000 135.00000 0.58046 0.08333 1.00000 1.00000 0.43072 0.35056 0.50827 1.00000 1.00000 0.51047 0.34848 0.19164 1.00000 0.39881 0.55650 0.35294 0.18444 0.48519 1.00000 0.50000 1.00000 1.00000 0.37209 0.38539
20.00000 136.00000 0.41379 0.08333 1.00000 1.00000 0.43373 0.56660 0.48481 1.00000 1.00000 0.48953 0.31818 0.19667 1.00000 0.44048 0.55864 0.38235 0.19238 0.53559 1.00000 0.58333 1.00000 1.00000 0.61240 0.67523
20.00000 137.00000 0.34483 0.25000 1.00000 1.00000 0.54518 0.59167 0.52498 1.00000 1.00000 0.59581 0.37879 0.18245 1.00000 0.42857 0.61407 0.39706 0.25018 0.46287 1.00000 0.50000 1.00000 1.00000 0.47287 0.56490
20.00000 138.00000 0.48851 0.16667 1.00000 1.00000 0.47590 0.46915 0.50675 1.00000 1.00000 0.59581 0.36364 0.15153 1.00000 0.45238 0.52665 0.42647 0.20668 0.39631 1.00000 0.41667 1.00000 1.00000 0.41085 0.42695
20.00000 139.00000 0.43678 0.33333 1.00000 1.00000 0.46386 0.41356 0.48481 1.00000 1.00000 0.45894 0.43939 0.18554 1.00000 0.50000 0.58635 0.33824 0.19182 0.44209 1.00000 0.50000 1.00000 1.00000 0.58915 0.39671
20.00000 140.00000 0.44253 0.33333 1.00000 1.00000 0.42470 0.63724 0.42235 1.00000 1.00000 0.59581 0.31818 0.20578 1.00000 0.45238 0.53945 0.33824 0.21401 0.53059 1.00000 0.50000 1.00000 1.00000 0.41860 0.47031
20.00000 141.00000 0.79310 0.83333 1.00000 1.00000 0.50904 0.62546 0.64416 1.00000 1.00000 0.49436 0.36364 0.18240 1.00000 0.45833 0.64819 0.36765 0.18862 0.48980 1.00000 0.58333 1.00000 1.00000 0.54264 0.29716
20.00000 142.00000 0.69540 0.66667 1.00000 1.00000 0.36145 0.43972 0.57444 1.00000 1.00000 0.50242 0.40909 0.16293 1.00000 0.43452 0.44989 0.32353 0.21782 0.35821 1.00000 0.41667 1.00000 1.00000 0.34884 0.48150
20.00000 143.00000 0.47126 0.75000 1.00000 1.00000 0.65663 0.47722 0.57039 1.00000 1.00000 0.44283 0.31818 0.19838 1.00000 0.39286 0.55224 0.29412 0.21499 0.54444 1.00000 0.50000 1.00000 1.00000 0.42636 0.53038
20.00000 144.00000 0.35632 0.83333 1.00000 1.00000 0.45482 0.52082 0.57883 1.00000 1.00000 0.45572 0.31818 0.21830 1.00000 0.47619 0.53945 0.35294 0.19238 0.61408 1.00000 0.50000 1.00000 1.00000 0.52713 0.58851
20.00000 145.00000 0.77011 0.08333 1.00000 1.00000 0.53313 0.55723 0.53849 1.00000 1.00000 0.58132 0.28788 0.20888 1.00000 0.48810 0.58635 0.38235 0.22345 0.44863 1.00000 0.41667 1.00000 1.00000 0.31008 0.42088
20.00000 146.00000 0.56897 0.16667 1.00000 1.00000 0.55422 0.46414 0.37795 1.00000 1.00000 0.54589 0.28788 0.15247 1.00000 0.57738 0.52026 0.32353 0.18846 0.52328 1.00000 0.50000 1.00000 1.00000 0.41085 0.41094
20.00000 147.00000 0.33908 0.33333 1.00000 1.00000 0.59639 0.41073 0.46708 1.00000 1.00000 0.66667 0.28788 0.18994 1.00000 0.51190 0.46055 0.33824 0.20126 0.49057 1.00000 0.41667 1.00000 1.00000 0.49612 0.55675
20.00000 148.00000 0.51149 0.41667 1.00000 1.00000 0.51807 0.43405 0.51519 1.00000 1.00000 0.53623 0.34848 0.16679 1.00000 0.49405 0.59488 0.35294 0.18686 0.47980 1.00000 0.50000 1.00000 1.00000 0.47287 0.52555
20.00000 149.00000 0.59195 0.58333 1.00000 1.00000 0.55723 0.60366 0.51165 1.00000 1.00000 0.62319 0.33333 0.19147 1.00000 0.50000 0.63966 0.41176 0.21075 0.35129 1.00000 0.41667 1.00000 1.00000 0.43411 0.30130
20.00000 150.00000 0.47126 0.58333 1.00000 1.00000 0.44880 0.63593 0.59892 1.00000 1.00000 0.56361 0.37879 0.18155 1.00000 0.47024 0.47548 0.42647 0.22035 0.60215 1.00000 0.58333 1.00000 1.00000 0.47287 0.57346
20.00000 151.00000 0.69540 0.50000 1.00000 1.00000 0.56928 0.50556 0.45510 1.00000 1.00000 0.51530 0.34848 0.20780 1.00000 0.56548 0.62900 0.29412 0.22433 0.56483 1.00000 0.58333 1.00000 1.00000 0.42636 0.49475
20.00000 152.00000 0.37356 0.08333 1.00000 1.00000 0.36145 0.51384 0.32630 1.00000 1.00000 0.51369 0.36364 0.17136 1.00000 0.44048 0.46908 0.41176 0.17948 0.65179 1.00000 0.41667 1.00000 1.00000 0.46512 0.51298
20.00000 153.00000 0.40230 0.66667 1.00000 1.00000 0.49699 0.37824 0.51317 1.00000 1.00000 0.52496 0.30303 0.17765 1.00000 0.38095 0.48827 0.44118 0.20188 0.48134 1.00000 0.50000 1.00000 1.00000 0.37209 0.55551
20.00000 154.00000 0.31609 0.41667 1.00000 1.00000 0.35241 0.41487 0.41982 1.00000 1.00000 0.49758 0.31818 0.18509 1.00000 0.55952 0.49893 0.33824 0.23408 0.48288 1.00000 0.41667 1.00000 1.00000 0.48062 0.42419
20.00000 155.00000 0.49425 0.83333 1.00000 1.00000 0.56627 0.48158 0.49291 1.00000 1.00000 0.40580 0.30303 0.16921 1.00000 0.54762 0.42644 0.42647 0.19584 0.36052 1.00000 0.41667 1.00000 1.00000 0.41085 0.55523
20.00000 156.00000 0.60920 0.58333 1.00000 1.00000 0.45783 0.45215 0.51452 1.00000 1.00000 0.52174 0.28788 0.21848 1.00000 0.64286 0.50746 0.42647 0.19734 0.48865 1.00000 0.41667 1.00000 1.00000 0.39535 0.42060
20.00000 157.00000 0.22989 0.41667 1.00000 1.00000 0.33133 0.43776 0.60466 1.00000 1.00000 0.49114 0.36364 0.18806 1.00000 0.48810 0.56290 0.36765 0.19109 0.59715 1.00000 0.50000 1.00000 1.00000 0.56589 0.53217
20.00000 158.00000 0.73563 0.58333 1.00000 1.00000 0.37048 0.51581 0.60246 1.00000 1.00000 0.48148 0.40909 0.18613 1.00000 0.55952 0.54158 0.32353 0.21648 0.55175 1.00000 0.50000 1.00000 1.00000 0.62791 0.43883
20.00000 159.00000 0.34483 0.66667 1.00000 1.00000 0.45181 0.29453 0.60263 1.00000 1.00000 0.56200 0.40909 0.18106 1.00000 0.47619 0.38593 0.35294 0.21132 0.47672 1.00000 0.58333 1.00000 1.00000 0.37984 0.51533
20.00000 160.00000 0.47701 0.91667 1.00000 1.00000 0.63253 0.52932 0.56280 1.00000 1.00000 0.49114 0.28788 0.21772 1.00000 0.57143 0.55011 0.38235 0.21788 0.50289 1.00000 0.75000 1.00000 1.00000 0.45736 0.40445
20.00000 161.00000 0.44828 0.58333 1.00000 1.00000 0.52108 0.54044 0.58001 1.00000 1.00000 0.42512 0.31818 0.23234 1.00000 0.61905 0.50320 0.27941 0.24038 0.46787 1.00000 0.41667 1.00000 1.00000 0.34109 0.38746
20.00000 162.00000 0.29885 0.25000 1.00000 1.00000 0.58133 0.48201 0.56955 1.00000 1.00000 0.39452 0.34848 0.15938 1.00000 0.45238 0.46482 0.33824 0.22438 0.53290 1.00000 0.50000 1.00000 1.00000 0.52713 0.38373
20.00000 163.00000 0.30460 0.50000 1.00000 1.00000 0.60843 0.53979 0.51097 1.00000 1.00000 0.48792 0.42424 0.19236 1.00000 0.48214 0.41151 0.39706 0.23583 0.51289 1.00000 0.58333 1.00000 1.00000 0.54264 0.50898
20.00000 164.00000 0.60345 0.83333 1.00000 1.00000 0.59036 0.50033 0.65631 1.00000 1.00000 0.58615 0.30303 0.16580 1.00000 0.42857 0.39019 0.42647 0.20843 0.53097 1.00000 0.50000 1.00000 1.00000 0.50388 0.46230
20.00000 165.00000 0.49425 0.33333 1.00000 1.00000 0.43072 0.65315 0.47130 1.00000 1.00000 0.46377 0.40909 0.19546 1.00000 0.54167 0.47335 0.41176 0.19945 0.55598 1.00000 0.33333 1.00000 1.00000 0.56589 0.31635
20.00000 166.00000 0.40230 0.25000 1.00000 1.00000 0.44578 0.42228 0.57461 1.00000 1.00000 0.45089 0.40909 0.17787 1.00000 0.58333 0.49893 0.36765 0.22025 0.41901 1.00000 0.66667 1.00000 1.00000 0.48062 0.59970
20.00000 167.00000 0.44253 0.75000 1.00000 1.00000 0.43373 0.40855 0.48093 1.00000 1.00000 0.43478 0.39394 0.22202 1.00000 0.51190 0.45629 0.33824 0.18000 0.48865 1.00000 0.50000 1.00000 1.00000 0.37984 0.38912
20.00000 168.00000 0.78161 0.66667 1.00000 1.00000 0.57831 0.62394 0.54575 1.00000 1.00000 0.43317 0.33333 0.19636 1.00000 0.57143 0.49680 0.33824 0.20152 0.54021 1.00000 0.58333 1.00000 1.00000 0.40310 0.41508
20.00000 169.00000 0.22989 0.25000 1.00000 1.00000 0.34940 0.46261 0.53511 1.00000 1.00000 0.40258 0.43939 0.16607 1.00000 0.52976 0.45416 0.39706 0.22608 0.64486 1.00000 0.58333 1.00000 1.00000 0.51938 0.49268
20.00000 170.00000 0.56897 0.83333 1.00000 1.00000 0.29217 0.48158 0.59217 1.00000 1.00000 0.42673 0.37879 0.18429 1.00000 0.47024 0.44563 0.35294 0.21478 0.58061 1.00000 0.41667 1.00000 1.00000 0.35659 0.49641
20.00000 171.00000 0.35632 0.58333 1.00000 1.00000 0.55723 0.60868 0.65952 1.00000 1.00000 0.42351 0.40909 0.18137 1.00000 0.46429 0.24094 0.39706 0.22933 0.55714 1.00000 0.41667 1.00000 1.00000 0.40310 0.56490
20.00000 172.00000 0.63218 0.50000 1.00000 1.00000 0.33434 0.54938 0.53697 1.00000 1.00000 0.45733 0.30303 0.19568 1.00000 0.58333 0.50959 0.39706 0.19925 0.50712 1.00000 0.50000 1.00000 1.00000 0.49612 0.42171
20.00000 173.00000 0.56322 0.08333 1.00000 1.00000 0.50904 0.47264 0.52785 1.00000 1.00000 0.52335 0.37879 0.22768 1.00000 0.56548 0.44776 0.42647 0.20399 0.62486 1.00000 0.58333 1.00000 1.00000 0.31008 0.45940
20.00000 174.00000 0.44828 0.75000 1.00000 1.00000 0.50000 0.56856 0.52566 1.00000 1.00000 0.49919 0.36364 0.19187 1.00000 0.55952 0.36674 0.36765 0.22438 0.41516 1.00000 0.58333 1.00000 1.00000 0.39535 0.36785
20.00000 175.00000 0.79310 0.66667 1.00000 1.00000 0.46988 0.55265 0.67505 1.00000 1.00000 0.44605 0.37879 0.18447 1.00000 0.57143 0.50107 0.44118 0.19739 0.44055 1.00000 0.58333 1.00000 1.00000 0.37984 0.48371
20.00000 176.00000 0.61494 0.33333 1.00000 1.00000 0.67771 0.63920 0.52583 1.00000 1.00000 0.51530 0.37879 0.19066 1.00000 0.53571 0.49467 0.39706 0.24275 0.52058 1.00000 0.58333 1.00000 1.00000 0.49612 0.46410
20.00000 177.00000 0.41379 0.58333 1.00000 1.00000 0.51506 0.46850 0.54828 1.00000 1.00000 0.55556 0.48485 0.18622 1.00000 0.52976 0.39872 0.42647 0.23248 0.57291 1.00000 0.58333 1.00000 1.00000 0.42636 0.30558
20.00000 178.00000 0.49425 0.16667 1.00000 1.00000 0.44880 0.52104 0.49865 1.00000 1.00000 0.47504 0.42424 0.16374 1.00000 0.62500 0.53305 0.41176 0.21628 0.44902 1.00000 0.58333 1.00000 1.00000 0.30233 0.58437
20.00000 179.00000 0.45402 0.58333 1.00000 1.00000 0.73193 0.62612 0.56499 1.00000 1.00000 0.47665 0.45455 0.22113 1.00000 0.57738 0.45416 0.35294 0.21581 0.51712 1.00000 0.66667 1.00000 1.00000 0.34884 0.50911
20.00000 180.00000 0.62069 0.91667 1.00000 1.00000 0.52410 0.57314 0.54186 1.00000 1.00000 0.33977 0.42424 0.21175 1.00000 0.52976 0.46482 0.42647 0.24275 0.52866 1.00000 0.50000 1.00000 1.00000 0.40310 0.41246
20.00000 181.00000 0.53448 0.25000 1.00000 1.00000 0.56325 0.52344 0.64669 1.00000 1.00000 0.51047 0.36364 0.17782 1.00000 0.50595 0.51386 0.41176 0.24992 0.43440 1.00000 0.58333 1.00000 1.00000 0.35659 0.28873
20.00000 182.00000 0.71264 0.83333 1.00000 1.00000 0.46687 0.69741 0.67370 1.00000 1.00000 0.48309 0.39394 0.21255 1.00000 0.57738 0.39446 0.32353 0.23738 0.51635 1.00000 0.50000 1.00000 1.00000 0.48062 0.31386
20.00000 183.00000 0.38506 0.41667 1.00000 1.00000 0.52410 0.53717 0.51013 1.00000 1.00000 0.51369 0.34848 0.17504 1.00000 0.51190 0.46482 0.32353 0.22288 0.71874 1.00000 0.58333 1.00000 1.00000 0.41085 0.44007
20.00000 184.00000 0.52874 0.58333 1.00000 1.00000 0.65663 0.55483 0.60466 1.00000 1.00000 0.47021 0.45455 0.20511 1.00000 0.44643 0.46908 0.38235 0.21488 0.53328 1.00000 0.50000 1.00000 1.00000 0.27132 0.48812
20.00000 185.00000 0.68966 0.58333 1.00000 1.00000 0.58434 0.57946 0.65091 1.00000 1.00000 0.49919 0.31818 0.17818 1.00000 0.55357 0.44563 0.42647 0.21442 0.68719 1.00000 0.66667 1.00000 1.00000 0.34884 0.47197
20.00000 186.00000 0.54598 0.50000 1.00000 1.00000 0.57229 0.64051 0.68062 1.00000 1.00000 0.33494 0.42424 0.20407 1.00000 0.57738 0.47974 0.30882 0.21561 0.48596 1.00000 0.50000 1.00000 1.00000 0.37984 0.32367
20.00000 187.00000 0.59770 0.58333 1.00000 1.00000 0.56928 0.60388 0.66155 1.00000 1.00000 0.47665 0.31818 0.21843 1.00000 0.56548 0.57356 0.41176 0.26102 0.44286 1.00000 0.58333 1.00000 1.00000 0.40310 0.58409
20.00000 188.00000 0.75287 0.75000 1.00000 1.00000 0.68976 0.56595 0.66172 1.00000 1.00000 0.36554 0.45455 0.20564 1.00000 0.66667 0.47548 0.38235 0.22350 0.61100 1.00000 0.58333 1.00000 1.00000 0.44961 0.45209
20.00000 189.00000 0.62644 0.16667 1.00000 1.00000 0.55422 0.51036 0.60432 1.00000 1.00000 0.46538 0.31818 0.19241 1.00000 0.61905 0.54797 0.45588 0.22897 0.58292 1.00000 0.58333 1.00000 1.00000 0.36434 0.51947
20.00000 190.00000 0.60345 0.33333 1.00000 1.00000 0.72892 0.45346 0.57394 1.00000 1.00000 0.43639 0.50000 0.18343 1.00000 0.47024 0.34115 0.38235 0.23140 0.69180 1.00000 0.50000 1.00000 1.00000 0.29457 0.54184
20.00000 191.00000 0.66092 0.83333 1.00000 1.00000 0.55422 0.57990 0.64011 1.00000 1.00000 0.35427 0.42424 0.22718 1.00000 0.56548 0.42004 0.44118 0.23671 0.52636 1.00000 0.58333 1.00000 1.00000 0.41085 0.41853
20.00000 192.00000 0.47701 0.58333 1.00000 1.00000 0.64759 0.57685 0.59639 1.00000 1.00000 0.46216 0.43939 0.18895 1.00000 0.60714 0.29211 0.45588 0.22443 0.64602 1.00000 0.66667 1.00000 1.00000 0.37984 0.50649
20.00000 193.00000 0.60345 0.25000 1.00000 1.00000 0.60542 0.46261 0.61394 1.00000 1.00000 0.42995 0.36364 0.22983 1.00000 0.74405 0.32409 0.41176 0.20848 0.49558 1.00000 0.58333 1.00000 1.00000 0.41860 0.38291
20.00000 194.00000 0.43678 0.25000 1.00000 1.00000 0.72892 0.48027 0.64500 1.00000 1.00000 0.33816 0.48485 0.20551 1.00000 0.64286 0.37313 0.32353 0.22551 0.56983 1.00000 0.58333 1.00000 1.00000 0.37984 0.35681
20.00000 195.00000 0.54023 0.58333 1.00000 1.00000 0.59036 0.55635 0.53022 1.00000 1.00000 0.48953 0.43939 0.18841 1.00000 0.51786 0.47335 0.42647 0.22360 0.67603 1.00000 0.58333 1.00000 1.00000 0.39535 0.34507
20.00000 196.00000 0.48851 0.16667 1.00000 1.00000 0.50602 0.65991 0.68585 1.00000 1.00000 0.30435 0.46970 0.18743 1.00000 0.61310 0.42857 0.52941 0.22706 0.50750 1.00000 0.50000 1.00000 1.00000 0.46512 0.24455
20.00000 197.00000 0.35632 0.83333 1.00000 1.00000 0.48193 0.50948 0.48565 1.00000 1.00000 0.48792 0.37879 0.20062 1.00000 0.67857 0.33902 0.48529 0.20864 0.59177 1.00000 0.58333 1.00000 1.00000 0.41860 0.32132
20.00000 198.00000 0.39080 0.16667 1.00000 1.00000 0.44578 0.61282 0.66779 1.00000 1.00000 0.35105 0.43939 0.18128 1.00000 0.62500 0.53518 0.44118 0.20374 0.61216 1.00000 0.50000 1.00000 1.00000 0.31783 0.28680
20.00000 199.00000 0.70115 0.83333 1.00000 1.00000 0.71084 0.43841 0.61327 1.00000 1.00000 0.40902 0.37879 0.20156 1.00000 0.72024 0.45203 0.44118 0.21932 0.75760 1.00000 0.50000 1.00000 1.00000 0.37984 0.44408
20.00000 200.00000 0.53448 0.58333 1.00000 1.00000 0.52410 0.54175 0.68197 1.00000 1.00000 0.38969 0.37879 0.20372 1.00000 0.60119 0.49041 0.39706 0.22283 0.63871 1.00000 0.58333 1.00000 1.00000 0.29457 0.47542
20.00000 201.00000 0.30460 0.66667 1.00000 1.00000 0.61145 0.49139 0.59132 1.00000 1.00000 0.26409 0.46970 0.19420 1.00000 0.63690 0.34115 0.44118 0.22474 0.60292 1.00000 0.58333 1.00000 1.00000 0.29457 0.24275
20.00000 202.00000 0.62069 0.75000 1.00000 1.00000 0.54819 0.37737 0.56347 1.00000 1.00000 0.39291 0.46970 0.22418 1.00000 0.58929 0.34115 0.51471 0.22747 0.62062 1.00000 0.58333 1.00000 1.00000 0.41085 0.45126
20.00000 203.00000 0.52299 0.08333 1.00000 1.00000 0.68976 0.64857 0.65614 1.00000 1.00000 0.39291 0.39394 0.22288 1.00000 0.54167 0.37740 0.51471 0.21483 0.51597 1.00000 0.66667 1.00000 1.00000 0.34109 0.23074
20.00000 204.00000 0.38506 0.75000 1.00000 1.00000 0.40060 0.66340 0.86023 1.00000 1.00000 0.35266 0.39394 0.20331 1.00000 0.77381 0.21962 0.42647 0.20926 0.54136 1.00000 0.66667 1.00000 1.00000 0.25581 0.29025
20.00000 205.00000 0.54598 0.25000 1.00000 1.00000 0.41867 0.50709 0.72603 1.00000 1.00000 0.41868 0.51515 0.24244 1.00000 0.51786 0.32836 0.51471 0.21906 0.60947 1.00000 0.58333 1.00000 1.00000 0.35659 0.29716
20.00000 206.00000 0.56322 0.16667 1.00000 1.00000 0.55422 0.58164 0.48599 1.00000 1.00000 0.25121 0.43939 0.18263 1.00000 0.63690 0.34968 0.42647 0.21143 0.55945 1.00000 0.66667 1.00000 1.00000 0.56589 0.47321
20.00000 207.00000 0.51724 0.50000 1.00000 1.00000 0.65060 0.56573 0.71911 1.00000 1.00000 0.28663 0.43939 0.22445 1.00000 0.67857 0.39232 0.44118 0.20719 0.63640 1.00000 0.58333 1.00000 1.00000 0.30233 0.23861
20.00000 208.00000 0.74713 0.91667 1.00000 1.00000 0.47289 0.61478 0.74713 1.00000 1.00000 0.36071 0.45455 0.20708 1.00000 0.73810 0.43070 0.39706 0.24161 0.63486 1.00000 0.50000 1.00000 1.00000 0.29457 0.34024
20.00000 209.00000 0.44253 0.25000 1.00000 1.00000 0.53012 0.66492 0.64247 1.00000 1.00000 0.24316 0.42424 0.19313 1.00000 0.61905 0.37100 0.44118 0.24048 0.59100 1.00000 0.58333 1.00000 1.00000 0.34109 0.21803
20.00000 210.00000 0.43678 0.33333 1.00000 1.00000 0.73795 0.58164 0.64213 1.00000 1.00000 0.39936 0.45455 0.22283 1.00000 0.66071 0.22388 0.50000 0.21571 0.63640 1.00000 0.58333 1.00000 1.00000 0.34109 0.46948
20.00000 211.00000 0.47126 0.25000 1.00000 1.00000 0.76205 0.52932 0.64973 1.00000 1.00000 0.31079 0.53030 0.21027 1.00000 0.76190 0.33049 0.51471 0.23140 0.69027 1.00000 0.66667 1.00000 1.00000 0.27132 0.42778
20.00000 212.00000 0.29885 0.83333 1.00000 1.00000 0.71988 0.65664 0.64585 1.00000 1.00000 0.35910 0.46970 0.22180 1.00000 0.69643 0.28145 0.47059 0.21204 0.56406 1.00000 0.58333 1.00000 1.00000 0.41085 0.34148
20.00000 213.00000 0.72414 0.08333 1.00000 1.00000 0.72289 0.65228 0.74240 1.00000 1.00000 0.33977 0.43939 0.20663 1.00000 0.70833 0.37527 0.50000 0.24972 0.70104 1.00000 0.50000 1.00000 1.00000 0.42636 0.37517
20.00000 214.00000 0.59195 0.08333 1.00000 1.00000 0.71988 0.59821 0.70172 1.00000 1.00000 0.33011 0.48485 0.22256 1.00000 0.66071 0.26013 0.55882 0.22438 0.70643 1.00000 0.66667 1.00000 1.00000 0.31783 0.13546
20.00000 215.00000 0.28736 0.66667 1.00000 1.00000 0.75301 0.63702 0.76941 1.00000 1.00000 0.24477 0.45455 0.21386 1.00000 0.65476 0.38166 0.47059 0.22598 0.68411 1.00000 0.75000 1.00000 1.00000 0.21705 0.28418
20.00000 216.00000 0.45402 0.41667 1.00000 1.00000 0.75602 0.68607 0.75523 1.00000 1.00000 0.28986 0.46970 0.20340 1.00000 0.69048 0.30704 0.48529 0.23181 0.67603 1.00000 0.58333 1.00000 1.00000 0.38760 0.17854
20.00000 217.00000 0.50575 0.75000 1.00000 1.00000 0.87651 0.64247 0.63133 1.00000 1.00000 0.42190 0.53030 0.17917 1.00000 0.68452 0.35181 0.50000 0.25374 0.82840 1.00000 0.58333 1.00000 1.00000 0.28682 0.28763
20.00000 218.00000 0.37931 0.58333 1.00000 1.00000 0.69277 0.57009 0.75118 1.00000 1.00000 0.27375 0.45455 0.18563 1.00000 0.65476 0.15352 0.52941 0.23176 0.70065 1.00000 0.58333 1.00000 1.00000 0.27132 0.22894
20.00000 219.00000 0.52874 0.25000 1.00000 1.00000 0.64759 0.64094 0.72029 1.00000 1.00000 0.34138 0.48485 0.20627 1.00000 0.64881 0.28785 0.47059 0.23640 0.62755 1.00000 0.66667 1.00000 1.00000 0.12403 0.35722
20.00000 220.00000 0.39655 0.75000 1.00000 1.00000 0.66265 0.51973 0.75135 1.00000 1.00000 0.46216 0.54545 0.24841 1.00000 0.67857 0.21962 0.51471 0.22980 0.79877 1.00000 0.66667 1.00000 1.00000 0.38760 0.35985
20.00000 221.00000 0.51149 0.83333 1.00000 1.00000 0.59036 0.67473 0.59453 1.00000 1.00000 0.39291 0.40909 0.23046 1.00000 0.71429 0.12793 0.47059 0.22515 0.73990 1.00000 0.58333 1.00000 1.00000 0.44186 0.27948
20.00000 222.00000 0.68966 0.83333 1.00000 1.00000 0.69578 0.56856 0.73025 1.00000 1.00000 0.33333 0.46970 0.21780 1.00000 0.76190 0.29424 0.58824 0.25663 0.61254 1.00000 0.50000 1.00000 1.00000 0.16279 0.33527
20.00000 223.00000 0.36782 0.16667 1.00000 1.00000 0.68072 0.64443 0.86512 1.00000 1.00000 0.29147 0.42424 0.23530 1.00000 0.68452 0.29851 0.48529 0.21561 0.69450 1.00000 0.58333 1.00000 1.00000 0.28682 0.23391
20.00000 224.00000 0.44828 0.75000 1.00000 1.00000 0.57831 0.61587 0.58677 1.00000 1.00000 0.39452 0.50000 0.22606 1.00000 0.64881 0.15991 0.47059 0.23826 0.72759 1.00000 0.75000 1.00000 1.00000 0.32558 0.38194
20.00000 225.00000 0.47701 0.75000 1.00000 1.00000 0.80723 0.52562 0.65226 1.00000 1.00000 0.09340 0.48485 0.24706 1.00000 0.73810 0.26226 0.57353 0.24430 0.64910 1.00000 0.58333 1.00000 1.00000 0.25581 0.27423
20.00000 226.00000 0.38506 0.50000 1.00000 1.00000 0.68675 0.56747 0.73042 1.00000 1.00000 0.26731 0.50000 0.23530 1.00000 0.70833 0.30064 0.52941 0.20910 0.71220 1.00000 0.58333 1.00000 1.00000 0.36434 0.31027
20.00000 227.00000 0.37931 0.33333 1.00000 1.00000 0.62952 0.63963 0.75371 1.00000 1.00000 0.32367 0.42424 0.20977 1.00000 0.79762 0.37100 0.54412 0.20668 0.84725 1.00000 0.66667 1.00000 1.00000 0.22481 0.21845
20.00000 228.00000 0.55172 0.91667 1.00000 1.00000 0.84940 0.46479 0.69278 1.00000 1.00000 0.14976 0.43939 0.23275 1.00000 0.67857 0.28998 0.50000 0.23449 0.70142 1.00000 0.58333 1.00000 1.00000 0.34109 0.37172
20.00000 229.00000 0.43103 0.91667 1.00000 1.00000 0.64157 0.58143 0.79338 1.00000 1.00000 0.20934 0.50000 0.25348 1.00000 0.80952 0.28145 0.50000 0.25348 0.66102 1.00000 0.58333 1.00000 1.00000 0.18605 0.23391
20.00000 230.00000 0.44253 0.50000 1.00000 1.00000 0.71084 0.75496 0.83052 1.00000 1.00000 0.37842 0.51515 0.22777 1.00000 0.77976 0.30490 0.52941 0.22778 0.63024 1.00000 0.66667 1.00000 1.00000 0.35659 0.31607
20.00000 231.00000 0.62644 0.25000 1.00000 1.00000 0.80723 0.70438 0.80132 1.00000 1.00000 0.15942 0.48485 0.24118 1.00000 0.92857 0.22388 0.50000 0.24017 0.59677 1.00000 0.75000 1.00000 1.00000 0.46512 0.13021
20.00000 232.00000 0.48276 0.50000 1.00000 1.00000 0.79518 0.80619 0.84115 1.00000 1.00000 0.23994 0.56061 0.24213 1.00000 0.78571 0.12580 0.60294 0.20420 0.76222 1.00000 0.75000 1.00000 1.00000 0.14729 0.34769
20.00000 233.00000 0.43103 0.41667 1.00000 1.00000 0.81928 0.67277 0.92809 1.00000 1.00000 0.29308 0.54545 0.24872 1.00000 0.82143 0.27292 0.51471 0.22706 0.69604 1.00000 0.66667 1.00000 1.00000 0.24806 0.11613
20.00000 234.00000 0.56322 0.16667 1.00000 1.00000 0.79819 0.59712 0.82174 1.00000 1.00000 0.30435 0.60606 0.21955 1.00000 0.77381 0.22175 0.54412 0.22376 0.84032 1.00000 0.75000 1.00000 1.00000 0.33333 0.14112
