166.00000 1.00000 0.99991 0.99798 1.00000 0.00000 0.12772 0.29481 0.25579 0.00000 0.00000 0.00439 0.62696 0.27088 0.24324 0.48534 0.00396 0.99261 0.53523 0.37965 0.00000 0.29167 0.62791 1.00000 0.01337 0.01903
166.00000 2.00000 0.00007 0.00000 1.00000 1.00000 0.98348 0.94032 0.90950 1.00000 1.00000 0.99425 0.99945 0.86329 1.00000 0.92915 0.99467 0.99352 0.65338 0.04482 1.00000 0.93750 1.00000 1.00000 0.97977 0.97995
166.00000 3.00000 0.00004 0.00000 1.00000 1.00000 0.98908 0.92699 0.91968 1.00000 1.00000 0.99141 0.99951 0.86836 1.00000 0.93241 0.99467 0.99339 0.66564 0.04639 1.00000 0.93750 1.00000 1.00000 0.98182 0.98226
166.00000 4.00000 0.00002 0.00000 1.00000 1.00000 0.98303 0.93171 0.91193 1.00000 1.00000 0.99475 0.99945 0.86775 1.00000 0.94055 0.99485 0.99352 0.66947 0.03295 1.00000 0.93750 1.00000 1.00000 0.97977 0.98047
166.00000 5.00000 0.23801 0.29917 1.00000 0.59794 0.64024 0.70313 0.70004 0.61718 0.61509 0.61508 0.85351 0.63709 0.89189 0.76059 0.61494 0.99374 0.64581 0.11848 1.00000 0.70833 0.85412 1.00000 0.63066 0.62850
166.00000 6.00000 0.99988 0.99762 1.00000 0.00000 0.13203 0.29359 0.26154 0.00000 0.00000 0.00508 0.62706 0.27043 0.24324 0.48616 0.00307 0.99259 0.53982 0.38020 0.00000 0.28125 0.62791 1.00000 0.01063 0.01435
166.00000 7.00000 0.00007 0.00048 1.00000 1.00000 0.98468 0.94005 0.92717 1.00000 1.00000 0.99360 0.99943 0.86658 1.00000 0.91612 0.99495 0.99344 0.67111 0.03555 1.00000 0.93750 1.00000 1.00000 0.98217 0.98181
166.00000 8.00000 0.83335 0.99762 1.00000 0.06027 0.18800 0.33054 0.25877 0.14659 0.14403 0.13606 0.65050 0.29511 0.24324 0.47313 0.13684 0.99300 0.51450 0.37332 0.00000 0.33333 0.65116 1.00000 0.15741 0.16572
166.00000 9.00000 0.23819 0.29691 1.00000 0.59794 0.63666 0.71302 0.70825 0.61718 0.61509 0.61539 0.85349 0.64177 0.89189 0.77117 0.61484 0.99358 0.66166 0.12269 1.00000 0.70833 0.85412 1.00000 0.63134 0.62857
166.00000 10.00000 0.00007 0.00107 1.00000 1.00000 0.98459 0.94888 0.94117 1.00000 1.00000 0.99310 0.99949 0.87055 1.00000 0.92590 0.99442 0.99344 0.66504 0.03954 1.00000 0.92708 1.00000 1.00000 0.98422 0.98685
166.00000 11.00000 0.23810 0.29917 1.00000 0.59794 0.63666 0.69649 0.67763 0.61718 0.61509 0.61245 0.85353 0.64281 0.89189 0.76873 0.61537 0.99388 0.67116 0.12452 1.00000 0.69792 0.85412 1.00000 0.62791 0.63024
166.00000 12.00000 0.59524 0.73634 0.00000 0.23809 0.00624 0.06591 0.05399 0.29318 0.20881 0.09136 0.00108 0.02286 0.02703 0.04560 0.08906 0.00149 0.05070 0.94482 0.00000 0.04167 0.00000 0.00000 0.14266 0.14561
166.00000 13.00000 0.47608 0.83135 1.00000 0.62699 0.66226 0.65808 0.55603 0.50794 0.50000 0.47162 0.86394 0.60546 0.37838 0.68160 0.47039 0.99352 0.47960 0.33978 1.00000 0.64583 0.86469 1.00000 0.49211 0.49232
166.00000 14.00000 0.83331 0.99952 1.00000 0.06027 0.18827 0.35709 0.25485 0.14659 0.14403 0.13768 0.65052 0.29142 0.24324 0.47964 0.13606 0.99289 0.50595 0.37841 0.00000 0.31250 0.65116 1.00000 0.15672 0.16087
166.00000 15.00000 0.47618 0.83135 1.00000 0.62699 0.66547 0.65859 0.55276 0.50794 0.49937 0.47215 0.86405 0.59067 0.40541 0.67590 0.47087 0.99350 0.50564 0.32077 0.00000 0.64583 0.86469 1.00000 0.48560 0.50004
166.00000 16.00000 0.00000 0.00119 1.00000 1.00000 0.98174 0.91643 0.92144 1.00000 1.00000 0.99387 0.99945 0.86308 1.00000 0.90554 0.99429 0.99347 0.66799 0.03347 1.00000 0.92708 1.00000 1.00000 0.98457 0.98482
166.00000 17.00000 0.47620 0.83361 1.00000 0.62699 0.66171 0.66301 0.56520 0.50794 0.50000 0.47048 0.86403 0.59807 0.37838 0.67834 0.47219 0.99341 0.48286 0.33242 1.00000 0.64583 0.86469 1.00000 0.48800 0.49218
166.00000 18.00000 0.23810 0.29762 1.00000 0.59794 0.63345 0.68956 0.68476 0.61718 0.61509 0.61281 0.85330 0.63466 0.89189 0.76303 0.61261 0.99363 0.65500 0.11753 1.00000 0.68750 0.85412 1.00000 0.62654 0.63831
166.00000 19.00000 0.59528 0.73634 0.00000 0.23809 0.01129 0.04624 0.05163 0.29318 0.20881 0.09081 0.00093 0.00986 0.02703 0.04479 0.09030 0.00157 0.06048 0.94698 0.00000 0.05208 0.00000 0.00000 0.13923 0.14623
166.00000 20.00000 0.99991 0.99929 1.00000 0.00000 0.13212 0.30893 0.25261 0.00000 0.00063 0.00527 0.62706 0.27229 0.24324 0.47638 0.00373 0.99286 0.54789 0.38079 0.00000 0.29167 0.62791 1.00000 0.00960 0.01677
166.00000 21.00000 0.99996 0.99762 1.00000 0.00000 0.12946 0.31126 0.25663 0.00000 0.00063 0.00308 0.62700 0.27280 0.24324 0.48941 0.00304 0.99270 0.55053 0.39298 0.00000 0.28125 0.62791 1.00000 0.02195 0.01425
166.00000 22.00000 0.59512 0.73777 0.00000 0.23809 0.01110 0.04516 0.07738 0.29318 0.20881 0.09243 0.00089 0.01277 0.02703 0.06270 0.08918 0.00157 0.06065 0.94841 0.00000 0.04167 0.00000 0.00000 0.13786 0.14355
166.00000 23.00000 0.99998 0.99762 1.00000 0.00000 0.13249 0.27775 0.25235 0.00000 0.00000 0.00554 0.62711 0.27017 0.24324 0.48208 0.00221 0.99261 0.54544 0.37767 0.00000 0.30208 0.62791 1.00000 0.01509 0.01658
166.00000 24.00000 0.00000 0.00166 1.00000 1.00000 0.98550 0.94877 0.93665 1.00000 1.00000 0.99387 0.99947 0.86843 1.00000 0.92020 0.99404 0.99341 0.68446 0.04580 1.00000 0.94792 1.00000 1.00000 0.97737 0.98010
166.00000 25.00000 0.83331 0.99941 1.00000 0.06027 0.18607 0.34200 0.24347 0.14659 0.14403 0.13615 0.65042 0.28693 0.24324 0.47313 0.13732 0.99292 0.50405 0.36936 0.00000 0.33333 0.65116 1.00000 0.15741 0.15999
166.00000 26.00000 0.99995 0.99762 1.00000 0.00000 0.12570 0.28606 0.25403 0.00000 0.00000 0.00434 0.62706 0.27246 0.24324 0.49430 0.00441 0.99278 0.53739 0.38075 0.00000 0.28125 0.62791 1.00000 0.01132 0.02212
166.00000 27.00000 0.83330 0.99846 1.00000 0.06027 0.19029 0.32954 0.25678 0.14659 0.14403 0.13763 0.65046 0.29502 0.24324 0.46336 0.13732 0.99306 0.50169 0.36537 0.00000 0.34375 0.65116 1.00000 0.15535 0.16405
166.00000 28.00000 0.47610 0.83373 1.00000 0.62699 0.65281 0.66412 0.56460 0.50794 0.50000 0.47105 0.86400 0.59520 0.40541 0.67671 0.47016 0.99352 0.49422 0.33308 1.00000 0.64583 0.86469 1.00000 0.48971 0.49635
166.00000 29.00000 0.99995 0.99810 1.00000 0.00000 0.12864 0.30283 0.23533 0.00000 0.00063 0.00208 0.62692 0.27074 0.24324 0.49593 0.00299 0.99272 0.55179 0.38983 0.00000 0.28125 0.62791 1.00000 0.01749 0.02174
166.00000 30.00000 0.99990 0.99786 1.00000 0.00000 0.12836 0.29137 0.24647 0.00000 0.00000 0.00241 0.62709 0.26974 0.24324 0.48208 0.00454 0.99264 0.54746 0.38598 0.00000 0.30208 0.62791 1.00000 0.01612 0.02252
166.00000 31.00000 0.99984 0.99917 1.00000 0.00000 0.13506 0.31800 0.25254 0.00000 0.00000 0.00389 0.62723 0.26452 0.24324 0.49430 0.00350 0.99259 0.54801 0.38814 0.00000 0.28125 0.62791 1.00000 0.01029 0.01732
166.00000 32.00000 0.83321 0.99762 1.00000 0.06027 0.18626 0.33545 0.25268 0.14659 0.14403 0.13842 0.65050 0.29361 0.24324 0.45928 0.13573 0.99303 0.49712 0.36457 0.00000 0.33333 0.65116 1.00000 0.16392 0.15724
166.00000 33.00000 0.00005 0.00131 1.00000 1.00000 0.98367 0.93117 0.92825 1.00000 1.00000 0.99453 0.99945 0.86163 1.00000 0.93160 0.99513 0.99344 0.67773 0.04925 1.00000 0.94792 1.00000 1.00000 0.98457 0.99219
166.00000 34.00000 0.23811 0.29691 1.00000 0.59794 0.63786 0.68969 0.67992 0.61718 0.61509 0.61489 0.85334 0.64244 0.89189 0.75489 0.61484 0.99377 0.66804 0.12617 1.00000 0.68750 0.85412 1.00000 0.62003 0.62910
166.00000 35.00000 0.47623 0.83302 1.00000 0.62699 0.66547 0.65301 0.55842 0.50794 0.50000 0.47081 0.86398 0.58735 0.37838 0.68160 0.47034 0.99355 0.49398 0.31814 0.00000 0.64583 0.86469 1.00000 0.49211 0.49720
166.00000 36.00000 0.83334 0.99964 1.00000 0.06027 0.18754 0.34257 0.24411 0.14659 0.14403 0.13536 0.65037 0.28864 0.24324 0.48290 0.13753 0.99306 0.49057 0.37317 0.00000 0.33333 0.65116 1.00000 0.15261 0.16877
166.00000 37.00000 0.99991 0.99762 1.00000 0.00000 0.12726 0.29010 0.26318 0.00000 0.00000 0.00272 0.62694 0.27412 0.24324 0.48208 0.00340 0.99272 0.54239 0.39755 0.00000 0.30208 0.62791 1.00000 0.01235 0.02451
166.00000 38.00000 0.23810 0.29727 1.00000 0.59794 0.64098 0.70142 0.69186 0.61718 0.61509 0.61415 0.85338 0.64145 0.89189 0.75570 0.61423 0.99355 0.66542 0.10970 1.00000 0.71875 0.85412 1.00000 0.62654 0.63406
166.00000 39.00000 0.99977 0.99988 1.00000 0.00000 0.13258 0.31039 0.23851 0.00000 0.00063 0.00418 0.62721 0.26682 0.24324 0.47720 0.00266 0.99242 0.54508 0.39968 0.00000 0.29167 0.62791 1.00000 0.01509 0.02284
166.00000 40.00000 0.99980 0.99917 1.00000 0.00000 0.12827 0.30232 0.26036 0.00000 0.00063 0.00425 0.62698 0.26498 0.24324 0.49593 0.00345 0.99264 0.54898 0.39008 0.00000 0.29167 0.62791 1.00000 0.01097 0.01943
166.00000 41.00000 0.59518 0.73777 0.00000 0.23809 0.01147 0.07255 0.05408 0.29318 0.20881 0.09243 0.00103 0.01088 0.02703 0.05537 0.08918 0.00132 0.05374 0.94698 0.00000 0.04167 0.00000 0.00000 0.14266 0.14453
166.00000 42.00000 0.47621 0.83290 1.00000 0.62699 0.65942 0.67328 0.56523 0.50794 0.50000 0.47189 0.86405 0.59319 0.40541 0.67752 0.46945 0.99344 0.49731 0.34637 0.00000 0.65625 0.86469 1.00000 0.49040 0.49559
166.00000 43.00000 0.59529 0.73670 0.00000 0.23809 0.00624 0.05204 0.07206 0.29318 0.20881 0.09095 0.00084 0.01708 0.02703 0.05293 0.09086 0.00146 0.05641 0.93893 0.00000 0.05208 0.00000 0.00000 0.13615 0.14339
166.00000 44.00000 0.59519 0.73634 0.00000 0.23809 0.01321 0.04735 0.05770 0.29318 0.20881 0.09212 0.00097 0.01655 0.02703 0.05049 0.08994 0.00143 0.05443 0.95123 0.00000 0.05208 0.00000 0.00000 0.13752 0.13530
166.00000 45.00000 0.83334 0.99762 1.00000 0.06027 0.18919 0.31946 0.27216 0.14659 0.14403 0.13720 0.65042 0.30109 0.24324 0.48046 0.13555 0.99306 0.50735 0.36548 0.00000 0.32292 0.65116 1.00000 0.16461 0.16897
166.00000 46.00000 0.99979 0.99976 1.00000 0.00000 0.13331 0.29262 0.25167 0.00000 0.00000 0.00310 0.62706 0.26748 0.24324 0.48127 0.00211 0.99270 0.55346 0.39924 0.00000 0.29167 0.62791 1.00000 0.01235 0.02148
166.00000 47.00000 0.47616 0.83135 1.00000 0.62699 0.65345 0.64321 0.54961 0.50794 0.50000 0.47100 0.86403 0.59064 0.40541 0.68404 0.47171 0.99352 0.49472 0.33604 0.00000 0.65625 0.86469 1.00000 0.48663 0.49185
166.00000 48.00000 0.00002 0.00000 1.00000 1.00000 0.98312 0.94577 0.92584 1.00000 1.00000 0.99368 0.99939 0.86415 1.00000 0.92590 0.99404 0.99358 0.67670 0.03541 1.00000 0.94792 1.00000 1.00000 0.98114 0.97234
166.00000 49.00000 0.99984 0.99762 1.00000 0.00000 0.13322 0.29741 0.26210 0.00000 0.00063 0.00480 0.62721 0.27246 0.24324 0.49023 0.00403 0.99278 0.55824 0.39301 0.00000 0.29167 0.62791 1.00000 0.00720 0.01978
166.00000 50.00000 0.99995 0.99846 1.00000 0.00000 0.13423 0.27980 0.23641 0.00000 0.00063 0.00308 0.62702 0.27278 0.24324 0.48616 0.00345 0.99259 0.54608 0.38371 0.00000 0.30208 0.62791 1.00000 0.01097 0.01753
166.00000 51.00000 0.83336 0.99762 1.00000 0.06027 0.18525 0.33537 0.26342 0.14659 0.14403 0.13653 0.65046 0.28720 0.24324 0.48046 0.13717 0.99306 0.51795 0.37134 0.00000 0.33333 0.65116 1.00000 0.15809 0.16255
166.00000 52.00000 0.47617 0.83361 1.00000 0.62699 0.66199 0.67360 0.56342 0.50794 0.50000 0.47258 0.86396 0.60069 0.37838 0.66694 0.46963 0.99350 0.49029 0.32824 0.00000 0.63542 0.86469 1.00000 0.49108 0.48751
166.00000 53.00000 0.99979 0.99762 1.00000 0.00000 0.13478 0.30053 0.22885 0.00000 0.00000 0.00427 0.62715 0.27068 0.24324 0.49104 0.00353 0.99289 0.55841 0.39338 0.00000 0.30208 0.62791 1.00000 0.01303 0.01459
166.00000 54.00000 0.99981 0.99846 1.00000 0.00000 0.12937 0.30074 0.26335 0.00000 0.00063 0.00334 0.62702 0.27147 0.24324 0.48453 0.00368 0.99261 0.54744 0.38108 0.00000 0.29167 0.62791 1.00000 0.01920 0.01609
166.00000 55.00000 0.23814 0.29893 1.00000 0.59794 0.63492 0.70619 0.68322 0.61718 0.61572 0.61379 0.85345 0.64090 0.89189 0.76873 0.61349 0.99355 0.67449 0.11614 1.00000 0.69792 0.85412 1.00000 0.62860 0.63307
166.00000 56.00000 0.59513 0.73634 0.00000 0.23809 0.01523 0.04323 0.05666 0.29318 0.20881 0.09224 0.00095 0.01558 0.02703 0.05212 0.09040 0.00152 0.06046 0.94515 0.00000 0.05208 0.00000 0.00000 0.13752 0.14187
166.00000 57.00000 0.47626 0.83135 1.00000 0.62699 0.65969 0.64578 0.54166 0.50794 0.50000 0.47162 0.86415 0.59377 0.37838 0.67264 0.47072 0.99355 0.50314 0.31045 0.00000 0.65625 0.86469 1.00000 0.49314 0.49743
166.00000 58.00000 0.23814 0.29691 1.00000 0.59794 0.63978 0.69503 0.68714 0.61718 0.61509 0.61412 0.85349 0.64033 0.89189 0.75081 0.61514 0.99372 0.65176 0.11233 1.00000 0.68750 0.85412 1.00000 0.62106 0.63230
166.00000 59.00000 0.99994 0.99822 1.00000 0.00000 0.13506 0.29029 0.24327 0.00000 0.00063 0.00351 0.62692 0.26226 0.24324 0.48290 0.00327 0.99278 0.54941 0.38961 0.00000 0.29167 0.62791 1.00000 0.01509 0.01484
166.00000 60.00000 0.99998 0.99762 1.00000 0.00000 0.12900 0.30990 0.26409 0.00000 0.00000 0.00344 0.62700 0.27158 0.24324 0.49104 0.00340 0.99256 0.54794 0.39184 0.00000 0.31250 0.62791 1.00000 0.01063 0.02351
166.00000 61.00000 0.83323 0.99857 1.00000 0.06027 0.18433 0.32789 0.25247 0.14659 0.14403 0.13546 0.65044 0.29659 0.24324 0.47150 0.13745 0.99306 0.50816 0.35988 0.00000 0.31250 0.65116 1.00000 0.16049 0.16425
166.00000 62.00000 0.59520 0.73705 0.00000 0.23809 0.01239 0.05664 0.07555 0.29318 0.20881 0.09159 0.00097 0.02264 0.02703 0.06515 0.08997 0.00146 0.04091 0.95390 0.00000 0.05208 0.00000 0.00000 0.13786 0.14419
166.00000 63.00000 0.59520 0.73634 0.00000 0.23809 0.01468 0.04497 0.07115 0.29318 0.20881 0.09222 0.00097 0.01569 0.02703 0.04560 0.08971 0.00146 0.05115 0.94475 0.00000 0.05208 0.00000 0.00000 0.13889 0.14813
166.00000 64.00000 0.83313 0.99762 1.00000 0.06027 0.18635 0.32708 0.25509 0.14659 0.14403 0.13565 0.65052 0.28956 0.24324 0.46661 0.13722 0.99297 0.50957 0.36504 0.00000 0.33333 0.65116 1.00000 0.15638 0.16281
166.00000 65.00000 0.23804 0.29691 1.00000 0.59794 0.63290 0.69367 0.70040 0.61718 0.61509 0.61591 0.85345 0.64365 0.89189 0.74756 0.61611 0.99369 0.66045 0.12643 1.00000 0.69792 0.85412 1.00000 0.62551 0.63294
166.00000 66.00000 0.47622 0.83135 1.00000 0.62699 0.66162 0.64069 0.54056 0.50794 0.50000 0.47241 0.86400 0.59695 0.40541 0.66694 0.47219 0.99341 0.48122 0.33747 0.00000 0.64583 0.86469 1.00000 0.49486 0.48924
166.00000 67.00000 0.23824 0.29691 1.00000 0.59794 0.63988 0.67108 0.70129 0.61718 0.61509 0.61548 0.85345 0.64110 0.89189 0.76384 0.61428 0.99377 0.66311 0.12357 1.00000 0.69792 0.85412 1.00000 0.62654 0.63635
166.00000 68.00000 0.23809 0.29691 1.00000 0.59794 0.63822 0.70475 0.71189 0.61718 0.61572 0.61286 0.85345 0.63572 0.89189 0.76792 0.61438 0.99374 0.65952 0.11083 1.00000 0.69792 0.85412 1.00000 0.63615 0.62427
166.00000 69.00000 0.23824 0.29691 1.00000 0.59794 0.63721 0.70126 0.68363 0.61718 0.61572 0.61460 0.85332 0.63940 0.89189 0.76629 0.61344 0.99377 0.65278 0.12299 1.00000 0.68750 0.85412 1.00000 0.62483 0.62899
166.00000 70.00000 0.23811 0.29917 1.00000 0.59794 0.64024 0.70115 0.71870 0.61718 0.61509 0.61405 0.85338 0.63804 0.89189 0.74837 0.61344 0.99380 0.65259 0.13038 1.00000 0.68750 0.85412 1.00000 0.63100 0.62896
166.00000 71.00000 0.83314 0.99834 1.00000 0.06027 0.19167 0.33564 0.25398 0.14659 0.14403 0.13617 0.65048 0.29129 0.24324 0.46336 0.13497 0.99295 0.50885 0.36965 0.00000 0.32292 0.65116 1.00000 0.16495 0.17143
166.00000 72.00000 0.00007 0.00226 1.00000 1.00000 0.97963 0.93908 0.93080 1.00000 1.00000 0.99282 0.99964 0.86331 1.00000 0.92834 0.99419 0.99352 0.66221 0.04873 1.00000 0.94792 1.00000 1.00000 0.97874 0.98098
166.00000 73.00000 0.99997 0.99905 1.00000 0.00000 0.13331 0.31711 0.25572 0.00000 0.00063 0.00370 0.62706 0.27450 0.24324 0.49023 0.00421 0.99267 0.54579 0.38650 0.00000 0.30208 0.62791 1.00000 0.01200 0.02097
166.00000 74.00000 0.83324 0.99762 1.00000 0.06027 0.18561 0.33816 0.26727 0.14659 0.14403 0.13777 0.65054 0.29450 0.24324 0.47883 0.13621 0.99314 0.51645 0.35545 0.00000 0.32292 0.65116 1.00000 0.15741 0.16824
166.00000 75.00000 0.47610 0.83135 1.00000 0.62699 0.66566 0.67986 0.56959 0.50794 0.50000 0.47172 0.86407 0.59630 0.40541 0.68404 0.47069 0.99339 0.48965 0.33352 0.00000 0.66667 0.86469 1.00000 0.48285 0.49344
166.00000 76.00000 0.00001 0.00214 1.00000 1.00000 0.98541 0.95582 0.94336 1.00000 1.00000 0.99427 0.99943 0.86817 1.00000 0.93893 0.99531 0.99347 0.66666 0.03738 1.00000 0.94792 1.00000 1.00000 0.97942 0.97990
166.00000 77.00000 0.99984 0.99762 1.00000 0.00000 0.13414 0.28920 0.25779 0.00000 0.00063 0.00408 0.62702 0.26600 0.24324 0.47638 0.00292 0.99250 0.54651 0.38763 0.00000 0.29167 0.62791 1.00000 0.01406 0.02193
166.00000 78.00000 0.99992 0.99762 1.00000 0.00000 0.13341 0.30922 0.25507 0.00000 0.00000 0.00437 0.62709 0.27211 0.24324 0.49919 0.00162 0.99261 0.53842 0.38309 0.00000 0.29167 0.62791 1.00000 0.01063 0.01992
166.00000 79.00000 0.00004 0.00166 1.00000 1.00000 0.98780 0.93918 0.91927 1.00000 1.00000 0.99332 0.99945 0.86145 1.00000 0.92590 0.99493 0.99352 0.67018 0.03976 1.00000 0.93750 1.00000 1.00000 0.98217 0.98088
166.00000 80.00000 0.59509 0.73789 0.00000 0.23809 0.00973 0.04841 0.06641 0.29318 0.20881 0.09174 0.00082 0.02171 0.02703 0.04805 0.09081 0.00141 0.05053 0.94497 0.00000 0.06250 0.00000 0.00000 0.14438 0.13774
166.00000 81.00000 0.47616 0.83135 1.00000 0.62699 0.66492 0.65697 0.55644 0.50794 0.50000 0.47179 0.86409 0.59733 0.40541 0.66612 0.47077 0.99350 0.48317 0.33147 0.00000 0.64583 0.86469 1.00000 0.49211 0.49356
166.00000 82.00000 0.23821 0.29881 1.00000 0.59794 0.63859 0.71299 0.68221 0.61718 0.61509 0.61307 0.85345 0.63951 0.89189 0.76466 0.61273 0.99374 0.64805 0.13727 1.00000 0.70833 0.85412 1.00000 0.62860 0.63376
166.00000 83.00000 0.83322 0.99762 1.00000 0.06027 0.18332 0.32932 0.26253 0.14659 0.14403 0.13849 0.65046 0.29224 0.24324 0.47394 0.13666 0.99295 0.51621 0.37094 0.00000 0.32292 0.65116 1.00000 0.16152 0.16182
166.00000 84.00000 0.99991 0.99762 1.00000 0.00000 0.13515 0.30641 0.24739 0.00000 0.00063 0.00592 0.62702 0.26770 0.24324 0.48779 0.00238 0.99278 0.55903 0.37778 0.00000 0.29167 0.62791 1.00000 0.01818 0.02262
166.00000 85.00000 0.47615 0.83314 1.00000 0.62699 0.66254 0.65840 0.55146 0.50794 0.50000 0.47167 0.86403 0.59794 0.40541 0.66205 0.47112 0.99361 0.49845 0.32616 1.00000 0.64583 0.86469 1.00000 0.48457 0.49106
166.00000 86.00000 0.99995 0.99762 1.00000 0.00000 0.13442 0.29663 0.25928 0.00000 0.00063 0.00410 0.62709 0.26991 0.24324 0.48616 0.00276 0.99270 0.54113 0.38807 0.00000 0.30208 0.62791 1.00000 0.00823 0.01663
166.00000 87.00000 0.00004 0.00000 1.00000 1.00000 0.97899 0.93726 0.93848 1.00000 1.00000 0.99313 0.99947 0.86512 1.00000 0.92997 0.99272 0.99358 0.67351 0.05064 1.00000 0.92708 1.00000 1.00000 0.97942 0.98286
166.00000 88.00000 0.47610 0.83290 1.00000 0.62699 0.66593 0.65821 0.56003 0.50794 0.50000 0.47038 0.86394 0.59871 0.40541 0.66694 0.47133 0.99369 0.49041 0.32931 1.00000 0.65625 0.86469 1.00000 0.48868 0.49515
166.00000 89.00000 0.59514 0.73670 0.00000 0.23809 0.01083 0.05756 0.07989 0.29318 0.20818 0.09207 0.00106 0.02053 0.02703 0.05293 0.09086 0.00143 0.05122 0.94695 0.00000 0.06250 0.00000 0.00000 0.14232 0.14082
166.00000 90.00000 0.47610 0.83135 1.00000 0.62699 0.66327 0.66780 0.55690 0.50794 0.50000 0.47010 0.86392 0.59404 0.37838 0.68078 0.47059 0.99347 0.49364 0.33604 0.00000 0.64583 0.86469 1.00000 0.48971 0.49516
166.00000 91.00000 0.83325 0.99881 1.00000 0.06027 0.18259 0.33244 0.27565 0.14659 0.14403 0.13739 0.65039 0.29219 0.24324 0.47394 0.13583 0.99292 0.50845 0.36925 0.00000 0.33333 0.65116 1.00000 0.15981 0.16283
166.00000 92.00000 0.47629 0.83135 1.00000 0.62699 0.66382 0.65280 0.56542 0.50794 0.50000 0.47096 0.86400 0.59593 0.40541 0.68078 0.46988 0.99355 0.49595 0.32733 0.00000 0.66667 0.86469 1.00000 0.48765 0.49424
166.00000 93.00000 0.99985 0.99762 1.00000 0.00000 0.12542 0.29476 0.29035 0.00000 0.00063 0.00422 0.62700 0.27268 0.24324 0.48046 0.00388 0.99278 0.53789 0.39796 0.00000 0.30208 0.62791 1.00000 0.01269 0.01944
166.00000 94.00000 0.99999 0.99762 1.00000 0.00000 0.13056 0.29798 0.26734 0.00000 0.00000 0.00222 0.62696 0.27904 0.24324 0.48616 0.00317 0.99259 0.55636 0.40246 0.00000 0.29167 0.62791 1.00000 0.01029 0.02397
166.00000 95.00000 0.99982 0.99762 1.00000 0.00000 0.13286 0.29939 0.27350 0.00000 0.00000 0.00408 0.62698 0.26529 0.24324 0.49674 0.00254 0.99261 0.53373 0.38225 0.00000 0.30208 0.62791 1.00000 0.01372 0.01811
166.00000 96.00000 0.00004 0.00000 1.00000 1.00000 0.98633 0.94474 0.92315 1.00000 1.00000 0.99246 0.99947 0.86251 1.00000 0.92997 0.99493 0.99358 0.66961 0.03482 1.00000 0.93750 1.00000 1.00000 0.97908 0.98029
166.00000 97.00000 0.00003 0.00226 1.00000 1.00000 0.98578 0.95717 0.92709 1.00000 1.00000 0.99253 0.99954 0.86551 1.00000 0.93322 0.99556 0.99358 0.67487 0.04921 1.00000 0.94792 1.00000 1.00000 0.97291 0.98137
166.00000 98.00000 0.23810 0.29691 1.00000 0.59794 0.63804 0.71239 0.69605 0.61718 0.61509 0.61451 0.85345 0.64281 0.89189 0.75733 0.61263 0.99355 0.65462 0.12837 1.00000 0.68750 0.85412 1.00000 0.62860 0.63005
166.00000 99.00000 0.99977 0.99762 1.00000 0.00000 0.13139 0.29828 0.26380 0.00000 0.00000 0.00375 0.62704 0.27176 0.24324 0.50733 0.00274 0.99261 0.54206 0.39441 0.00000 0.30208 0.62791 1.00000 0.01132 0.02283
166.00000 100.00000 0.00005 0.00131 1.00000 1.00000 0.98816 0.93775 0.95417 1.00000 1.00000 0.99220 0.99951 0.86222 1.00000 0.91938 0.99247 0.99361 0.66980 0.04214 1.00000 0.93750 1.00000 1.00000 0.97291 0.97667
166.00000 101.00000 0.99993 0.99762 1.00000 0.00000 0.12542 0.28154 0.26082 0.00000 0.00000 0.00451 0.62694 0.26686 0.24324 0.47720 0.00218 0.99239 0.56219 0.39049 0.00000 0.30208 0.62791 1.00000 0.01440 0.02511
166.00000 102.00000 0.59508 0.73634 0.00000 0.23809 0.01037 0.04291 0.08983 0.29318 0.20881 0.09159 0.00114 0.02414 0.02703 0.06922 0.09106 0.00163 0.05855 0.94336 0.00000 0.06250 0.00000 0.00000 0.13477 0.14363
166.00000 103.00000 0.47608 0.83373 1.00000 0.62699 0.66538 0.67057 0.56248 0.50794 0.50000 0.47148 0.86386 0.60172 0.40541 0.68974 0.47016 0.99344 0.50019 0.33363 0.00000 0.65625 0.86469 1.00000 0.48457 0.49565
166.00000 104.00000 0.00005 0.00000 1.00000 1.00000 0.98651 0.95893 0.93949 1.00000 1.00000 0.99274 0.99947 0.86165 1.00000 0.93322 0.99305 0.99355 0.67256 0.04346 1.00000 0.95833 1.00000 1.00000 0.98045 0.97994
166.00000 105.00000 0.00005 0.00000 1.00000 1.00000 0.98807 0.92095 0.93869 1.00000 1.00000 0.99241 0.99949 0.86869 1.00000 0.94137 0.99551 0.99363 0.67658 0.03753 1.00000 0.93750 1.00000 1.00000 0.98251 0.97921
166.00000 106.00000 0.23817 0.29691 1.00000 0.59794 0.63758 0.71602 0.70989 0.61718 0.61509 0.61441 0.85353 0.64231 0.89189 0.77036 0.61474 0.99377 0.65595 0.12445 1.00000 0.69792 0.85412 1.00000 0.62414 0.62619
166.00000 107.00000 0.83326 0.99762 1.00000 0.06027 0.19194 0.33902 0.26417 0.14659 0.14403 0.13780 0.65039 0.29321 0.24324 0.48616 0.13502 0.99311 0.49964 0.37778 0.00000 0.32292 0.65116 1.00000 0.15981 0.16626
166.00000 108.00000 0.00004 0.00143 1.00000 1.00000 0.98844 0.94913 0.92399 1.00000 1.00000 0.99191 0.99949 0.86808 1.00000 0.92345 0.99373 0.99358 0.67430 0.04837 1.00000 0.94792 1.00000 1.00000 0.97840 0.97776
166.00000 109.00000 0.83330 0.99810 1.00000 0.06027 0.19093 0.33043 0.27196 0.14659 0.14403 0.13727 0.65048 0.29223 0.24324 0.47150 0.13565 0.99286 0.49981 0.36457 0.00000 0.32292 0.65116 1.00000 0.15809 0.16051
166.00000 110.00000 0.23824 0.29929 1.00000 0.59794 0.63639 0.69297 0.69756 0.61718 0.61572 0.61286 0.85345 0.64609 0.89189 0.75081 0.61428 0.99388 0.66023 0.12815 1.00000 0.68750 0.85412 1.00000 0.62723 0.62811
166.00000 111.00000 0.99992 0.99762 1.00000 0.00000 0.13460 0.30050 0.26017 0.00000 0.00000 0.00391 0.62709 0.26916 0.24324 0.49837 0.00236 0.99250 0.54313 0.37522 0.00000 0.30208 0.62791 1.00000 0.01166 0.01577
166.00000 112.00000 0.00003 0.00000 1.00000 1.00000 0.98477 0.94821 0.96568 1.00000 1.00000 0.99396 0.99949 0.86219 1.00000 0.94707 0.99485 0.99366 0.67658 0.04595 1.00000 0.94792 1.00000 1.00000 0.97497 0.97842
166.00000 113.00000 0.83317 0.99846 1.00000 0.06027 0.18928 0.37651 0.27136 0.14659 0.14403 0.13687 0.65052 0.28967 0.24324 0.46091 0.13529 0.99295 0.51554 0.37174 0.00000 0.34375 0.65116 1.00000 0.15535 0.16400
166.00000 114.00000 0.00001 0.00000 1.00000 1.00000 0.98312 0.94932 0.93001 1.00000 1.00000 0.99372 0.99958 0.86746 1.00000 0.92101 0.99470 0.99358 0.66342 0.04148 1.00000 0.93750 1.00000 1.00000 0.97702 0.98219
166.00000 115.00000 0.99979 0.99762 1.00000 0.00000 0.13460 0.30979 0.26419 0.00000 0.00000 0.00391 0.62681 0.27311 0.24324 0.48616 0.00264 0.99245 0.54401 0.39404 0.00000 0.29167 0.62791 1.00000 0.01269 0.02027
166.00000 116.00000 0.59529 0.73789 0.00000 0.23809 0.01569 0.04107 0.07926 0.29318 0.20881 0.09236 0.00093 0.02158 0.02703 0.05130 0.09035 0.00121 0.04170 0.95010 0.00000 0.05208 0.00000 0.00000 0.13786 0.14412
166.00000 117.00000 0.23811 0.29822 1.00000 0.59794 0.64437 0.71862 0.70000 0.61718 0.61572 0.61164 0.85351 0.63679 0.89189 0.78013 0.61481 0.99374 0.64024 0.13972 1.00000 0.69792 0.85412 1.00000 0.62483 0.62497
166.00000 118.00000 0.83316 0.99964 1.00000 0.06027 0.18800 0.34460 0.28051 0.14659 0.14403 0.13804 0.65039 0.29441 0.24324 0.48371 0.13514 0.99295 0.49441 0.36954 0.00000 0.33333 0.65116 1.00000 0.16187 0.16564
166.00000 119.00000 0.83314 0.99762 1.00000 0.06027 0.18938 0.33729 0.27432 0.14659 0.14403 0.13694 0.65039 0.28933 0.24324 0.46824 0.13580 0.99300 0.50105 0.37211 0.00000 0.35417 0.65116 1.00000 0.15878 0.16127
166.00000 120.00000 0.99977 0.99762 1.00000 0.00000 0.13331 0.31854 0.27736 0.00000 0.00000 0.00368 0.62700 0.26440 0.24324 0.49511 0.00205 0.99253 0.55060 0.39605 0.00000 0.30208 0.62791 1.00000 0.00754 0.01550
166.00000 121.00000 0.23800 0.29846 1.00000 0.59794 0.64189 0.69441 0.70127 0.61718 0.61572 0.61560 0.85343 0.64613 0.89189 0.75570 0.61420 0.99372 0.66604 0.11654 1.00000 0.69792 0.85412 1.00000 0.63134 0.62373
166.00000 122.00000 0.59525 0.73634 0.00000 0.23809 0.01046 0.04491 0.06516 0.29318 0.20818 0.09319 0.00103 0.02385 0.02703 0.05700 0.08974 0.00143 0.04675 0.95548 0.00000 0.06250 0.00000 0.00000 0.14198 0.14436
166.00000 123.00000 0.47605 0.83219 1.00000 0.62699 0.66135 0.65461 0.56605 0.50794 0.50000 0.47048 0.86400 0.59663 0.40541 0.68160 0.46897 0.99361 0.49279 0.34534 1.00000 0.64583 0.86469 1.00000 0.48937 0.49433
166.00000 124.00000 0.47618 0.83135 1.00000 0.62699 0.66327 0.65645 0.57312 0.50794 0.50000 0.47191 0.86407 0.59658 0.40541 0.67997 0.47178 0.99355 0.49638 0.32619 1.00000 0.64583 0.86469 1.00000 0.49143 0.49259
166.00000 125.00000 0.99981 0.99857 1.00000 0.00000 0.12974 0.31161 0.25357 0.00000 0.00063 0.00277 0.62696 0.26978 0.24324 0.50326 0.00322 0.99270 0.54958 0.38628 0.00000 0.30208 0.62791 1.00000 0.01029 0.01821
166.00000 126.00000 0.00004 0.00000 1.00000 1.00000 0.98596 0.95051 0.91272 1.00000 1.00000 0.99232 0.99951 0.86458 1.00000 0.93648 0.99396 0.99366 0.67489 0.04632 1.00000 0.93750 1.00000 1.00000 0.97977 0.98007
166.00000 127.00000 0.99990 0.99762 1.00000 0.00000 0.13919 0.31443 0.26051 0.00000 0.00000 0.00530 0.62700 0.26892 0.24324 0.49267 0.00259 0.99242 0.54608 0.39316 0.00000 0.28125 0.62791 1.00000 0.00892 0.01717
166.00000 128.00000 0.00004 0.00166 1.00000 1.00000 0.98679 0.93092 0.95670 1.00000 1.00000 0.99439 0.99956 0.87460 1.00000 0.92345 0.99412 0.99369 0.66571 0.04456 1.00000 0.93750 1.00000 1.00000 0.97737 0.97874
166.00000 129.00000 0.59513 0.73812 0.00000 0.23809 0.01129 0.05261 0.08124 0.29318 0.20881 0.09174 0.00093 0.01958 0.02703 0.04560 0.08997 0.00141 0.04134 0.95262 0.00000 0.05208 0.00000 0.00000 0.13923 0.14718
166.00000 130.00000 0.23809 0.29834 1.00000 0.59794 0.63648 0.70727 0.70844 0.61718 0.61572 0.61314 0.85345 0.63929 0.89189 0.78176 0.61309 0.99361 0.65933 0.13155 1.00000 0.69792 0.85412 1.00000 0.62689 0.62875
166.00000 131.00000 0.99996 0.99762 1.00000 0.00000 0.13166 0.31646 0.26108 0.00000 0.00000 0.00399 0.62692 0.27288 0.24324 0.49349 0.00200 0.99242 0.54591 0.38445 0.00000 0.29167 0.62791 1.00000 0.01612 0.01808
166.00000 132.00000 0.99991 0.99834 1.00000 0.00000 0.13120 0.34206 0.27312 0.00000 0.00063 0.00425 0.62681 0.26647 0.24324 0.49430 0.00393 0.99239 0.55417 0.39565 0.00000 0.30208 0.62791 1.00000 0.01303 0.02432
166.00000 133.00000 0.59517 0.73634 0.00000 0.23809 0.01202 0.04494 0.06920 0.29318 0.20881 0.09136 0.00103 0.01826 0.02703 0.06515 0.09004 0.00141 0.06567 0.96108 0.00000 0.06250 0.00000 0.00000 0.13717 0.14454
166.00000 134.00000 0.23805 0.29691 1.00000 0.59794 0.64033 0.70484 0.70096 0.61718 0.61572 0.61398 0.85362 0.64024 0.89189 0.76792 0.61286 0.99377 0.65057 0.12379 1.00000 0.70833 0.85412 1.00000 0.62209 0.62481
166.00000 135.00000 0.23808 0.29857 1.00000 0.59794 0.63758 0.70592 0.70698 0.61718 0.61572 0.61188 0.85347 0.63868 0.89189 0.77524 0.61375 0.99369 0.62386 0.12112 1.00000 0.67708 0.85412 1.00000 0.62654 0.62585
166.00000 136.00000 0.23813 0.29905 1.00000 0.59794 0.63942 0.69576 0.72281 0.61718 0.61572 0.61281 0.85357 0.64231 0.89189 0.77199 0.61294 0.99402 0.66402 0.14228 1.00000 0.70833 0.85412 1.00000 0.62723 0.63648
166.00000 137.00000 0.99983 0.99762 1.00000 0.00000 0.13130 0.31185 0.26701 0.00000 0.00000 0.00236 0.62694 0.27208 0.24324 0.50407 0.00375 0.99256 0.54865 0.38943 0.00000 0.29167 0.62791 1.00000 0.01097 0.01915
166.00000 138.00000 0.47605 0.83278 1.00000 0.62699 0.66557 0.66905 0.58485 0.50794 0.50000 0.46921 0.86413 0.59111 0.40541 0.68485 0.46980 0.99366 0.48865 0.35252 1.00000 0.63542 0.86469 1.00000 0.48354 0.49039
166.00000 139.00000 0.47624 0.83147 1.00000 0.62699 0.66024 0.65954 0.56383 0.50794 0.50000 0.47010 0.86413 0.59628 0.37838 0.67182 0.46919 0.99355 0.49912 0.34864 1.00000 0.66667 0.86469 1.00000 0.48731 0.48926
166.00000 140.00000 0.83314 0.99762 1.00000 0.06027 0.18818 0.32369 0.28051 0.14659 0.14403 0.13756 0.65039 0.28655 0.24324 0.47801 0.13631 0.99303 0.50400 0.37947 0.00000 0.34375 0.65116 1.00000 0.15981 0.16185
166.00000 141.00000 0.59521 0.73824 0.00000 0.23809 0.01321 0.04313 0.07052 0.29318 0.20881 0.09264 0.00095 0.01582 0.02703 0.08306 0.08946 0.00130 0.05420 0.95196 0.00000 0.05208 0.00000 0.00000 0.14129 0.15025
166.00000 142.00000 0.59522 0.73634 0.00000 0.23809 0.01184 0.04716 0.07440 0.29318 0.20881 0.08942 0.00093 0.01453 0.02703 0.05537 0.09083 0.00116 0.05408 0.95606 0.00000 0.05208 0.00000 0.00000 0.14163 0.14645
166.00000 143.00000 0.99988 0.99976 1.00000 0.00000 0.12882 0.30297 0.26479 0.00000 0.00000 0.00391 0.62692 0.26810 0.24324 0.49919 0.00246 0.99253 0.54125 0.39862 0.00000 0.31250 0.62791 1.00000 0.01920 0.01498
166.00000 144.00000 0.47625 0.83171 1.00000 0.62699 0.66144 0.66214 0.57938 0.50794 0.50000 0.47100 0.86415 0.59185 0.37838 0.68974 0.46983 0.99355 0.49203 0.34659 0.00000 0.65625 0.86469 1.00000 0.48868 0.49048
166.00000 145.00000 0.23816 0.29834 1.00000 0.59794 0.63850 0.70226 0.71285 0.61718 0.61572 0.61431 0.85364 0.64274 0.89189 0.76466 0.61418 0.99402 0.64688 0.12313 1.00000 0.68750 0.85412 1.00000 0.62483 0.62025
166.00000 146.00000 0.83322 0.99786 1.00000 0.06027 0.18745 0.34027 0.27892 0.14659 0.14403 0.13558 0.65046 0.29665 0.24324 0.50489 0.13532 0.99295 0.51421 0.37434 0.00000 0.34375 0.65116 1.00000 0.15604 0.16284
166.00000 147.00000 0.23821 0.29691 1.00000 0.59794 0.63951 0.70345 0.71232 0.61718 0.61572 0.61329 0.85357 0.64622 0.89189 0.76873 0.61276 0.99377 0.64129 0.14159 1.00000 0.68750 0.85412 1.00000 0.62791 0.63244
166.00000 148.00000 0.23823 0.29727 1.00000 0.59794 0.64033 0.69270 0.71314 0.61718 0.61572 0.61293 0.85362 0.64736 0.89189 0.77362 0.61357 0.99388 0.65804 0.12478 1.00000 0.71875 0.85412 1.00000 0.62689 0.63219
166.00000 149.00000 0.83329 0.99762 1.00000 0.06027 0.19048 0.33734 0.28039 0.14659 0.14403 0.13520 0.65042 0.29394 0.24324 0.46987 0.13547 0.99300 0.51609 0.37826 0.00000 0.33333 0.65116 1.00000 0.15775 0.16304
166.00000 150.00000 1.00000 0.99762 1.00000 0.00000 0.13185 0.29059 0.27861 0.00000 0.00000 0.00263 0.62706 0.26755 0.24324 0.48779 0.00233 0.99256 0.54665 0.39199 0.00000 0.29167 0.62791 1.00000 0.01749 0.01861
166.00000 151.00000 0.47628 0.83325 1.00000 0.62699 0.66089 0.67590 0.58239 0.50794 0.50000 0.46955 0.86407 0.60040 0.40541 0.70684 0.46983 0.99369 0.48779 0.34908 1.00000 0.67708 0.86469 1.00000 0.48422 0.48780
166.00000 152.00000 0.23822 0.29691 1.00000 0.59794 0.64088 0.72141 0.71603 0.61718 0.61572 0.61243 0.85353 0.64501 0.89189 0.78420 0.61405 0.99394 0.64717 0.14521 1.00000 0.70833 0.85412 1.00000 0.62620 0.63254
166.00000 153.00000 0.99990 0.99857 1.00000 0.00000 0.13056 0.30614 0.26515 0.00000 0.00000 0.00279 0.62689 0.26540 0.24324 0.50163 0.00198 0.99242 0.53082 0.40433 0.00000 0.29167 0.62791 1.00000 0.01749 0.01856
166.00000 154.00000 0.23802 0.29691 1.00000 0.59794 0.64052 0.70215 0.71051 0.61718 0.61572 0.61255 0.85366 0.63819 0.89189 0.79153 0.61321 0.99408 0.65388 0.13221 1.00000 0.70833 0.85412 1.00000 0.62380 0.63199
166.00000 155.00000 0.23814 0.29881 1.00000 0.59794 0.63969 0.69191 0.71080 0.61718 0.61572 0.61209 0.85360 0.64457 0.89189 0.77117 0.61233 0.99402 0.64110 0.13368 1.00000 0.70833 0.85412 1.00000 0.62997 0.62570
166.00000 156.00000 0.59513 0.73634 0.00000 0.23809 0.01376 0.06667 0.08725 0.29318 0.20881 0.09102 0.00082 0.01747 0.02703 0.05945 0.09007 0.00094 0.05522 0.95555 0.00000 0.05208 0.00000 0.00000 0.13615 0.14440
166.00000 157.00000 0.47610 0.83171 1.00000 0.62699 0.66878 0.64936 0.55649 0.50794 0.50000 0.47022 0.86407 0.59490 0.40541 0.69788 0.47049 0.99350 0.49284 0.33842 0.00000 0.66667 0.86469 1.00000 0.48491 0.48828
166.00000 158.00000 0.00006 0.00000 1.00000 1.00000 0.98303 0.95303 0.95569 1.00000 1.00000 0.98926 0.99966 0.86985 1.00000 0.94625 0.99442 0.99372 0.67894 0.05737 1.00000 0.95833 1.00000 1.00000 0.97531 0.97742
166.00000 159.00000 0.99997 0.99822 1.00000 0.00000 0.13405 0.30760 0.26739 0.00000 0.00000 0.00215 0.62689 0.26671 0.24324 0.51303 0.00355 0.99248 0.53323 0.40847 0.00000 0.30208 0.62791 1.00000 0.01303 0.02211
166.00000 160.00000 0.99980 0.99762 1.00000 0.00000 0.13212 0.32510 0.26407 0.00000 0.00063 0.00396 0.62709 0.26605 0.24324 0.51466 0.00386 0.99248 0.54587 0.39320 0.00000 0.30208 0.62791 1.00000 0.01097 0.02044
166.00000 161.00000 0.83321 0.99762 1.00000 0.06027 0.18938 0.33379 0.29839 0.14659 0.14403 0.13613 0.65039 0.29555 0.24324 0.50896 0.13479 0.99278 0.50350 0.38873 0.00000 0.35417 0.65116 1.00000 0.15501 0.16442
166.00000 162.00000 0.00005 0.00214 1.00000 1.00000 0.98605 0.93967 0.96190 1.00000 1.00000 0.99274 0.99954 0.86149 1.00000 0.94625 0.99318 0.99372 0.66904 0.04218 1.00000 0.94792 1.00000 1.00000 0.97942 0.97234
166.00000 163.00000 0.59531 0.73634 0.00000 0.23809 0.01138 0.05862 0.08911 0.29318 0.20818 0.09214 0.00084 0.01908 0.02703 0.06840 0.08903 0.00146 0.05505 0.96156 0.00000 0.05208 0.00000 0.00000 0.13546 0.14311
166.00000 164.00000 0.59526 0.73634 0.00000 0.23809 0.01808 0.05025 0.08203 0.29318 0.20881 0.09200 0.00091 0.01405 0.02703 0.07410 0.08971 0.00121 0.02999 0.96112 0.00000 0.07292 0.00000 0.00000 0.13683 0.14211
166.00000 165.00000 0.59510 0.73634 0.00000 0.23809 0.01587 0.06258 0.09621 0.29318 0.20881 0.09128 0.00091 0.02804 0.02703 0.07736 0.08941 0.00135 0.04346 0.95357 0.00000 0.06250 0.00000 0.00000 0.13957 0.14114
166.00000 166.00000 0.23809 0.29822 1.00000 0.59794 0.64474 0.73537 0.70599 0.61718 0.61572 0.61255 0.85364 0.63789 0.89189 0.78420 0.61314 0.99408 0.64114 0.15026 1.00000 0.71875 0.85412 1.00000 0.62311 0.62576
166.00000 167.00000 0.47613 0.83171 1.00000 0.62699 0.66547 0.68866 0.57438 0.50794 0.50000 0.47055 0.86400 0.59637 0.37838 0.69055 0.46851 0.99369 0.48912 0.33974 1.00000 0.66667 0.86469 1.00000 0.48422 0.48821
166.00000 168.00000 0.83335 0.99941 1.00000 0.06027 0.19103 0.35652 0.29688 0.14659 0.14403 0.13634 0.65037 0.29624 0.24324 0.49186 0.13474 0.99303 0.50914 0.39499 0.00000 0.35417 0.65116 1.00000 0.15775 0.16299
166.00000 169.00000 0.00006 0.00095 1.00000 1.00000 0.98468 0.97082 0.95980 1.00000 1.00000 0.99348 0.99962 0.86622 1.00000 0.94218 0.99107 0.99383 0.67201 0.04668 1.00000 0.95833 1.00000 1.00000 0.97771 0.97759
166.00000 170.00000 0.99978 0.99762 1.00000 0.00000 0.13726 0.32672 0.26864 0.00000 0.00063 0.00437 0.62685 0.27116 0.24324 0.51710 0.00304 0.99242 0.55136 0.40162 0.00000 0.31250 0.62791 1.00000 0.01680 0.01915
166.00000 171.00000 0.59527 0.73634 0.00000 0.23809 0.01422 0.07371 0.07811 0.29318 0.20881 0.09040 0.00101 0.01920 0.02703 0.06922 0.08961 0.00127 0.05453 0.96859 0.00000 0.04167 0.00000 0.00000 0.13923 0.13996
166.00000 172.00000 0.99998 0.99810 1.00000 0.00000 0.13387 0.33171 0.25576 0.00000 0.00000 0.00487 0.62685 0.26743 0.24324 0.51303 0.00335 0.99215 0.52963 0.41835 0.00000 0.29167 0.62791 1.00000 0.00960 0.01231
166.00000 173.00000 0.83322 0.99762 1.00000 0.06027 0.19112 0.37256 0.29098 0.14659 0.14403 0.13644 0.65033 0.29576 0.24324 0.50244 0.13552 0.99270 0.50100 0.38371 0.00000 0.34375 0.65116 1.00000 0.15466 0.16264
166.00000 174.00000 0.99993 0.99762 1.00000 0.00000 0.13625 0.31675 0.26939 0.00000 0.00063 0.00258 0.62683 0.26872 0.24324 0.50244 0.00391 0.99231 0.53934 0.39986 0.00000 0.30208 0.62791 1.00000 0.01200 0.01729
166.00000 175.00000 0.47609 0.83278 1.00000 0.62699 0.66529 0.70153 0.58148 0.50794 0.50000 0.47122 0.86413 0.60061 0.40541 0.69788 0.46927 0.99377 0.47667 0.33930 1.00000 0.66667 0.86469 1.00000 0.48731 0.48716
166.00000 176.00000 0.00006 0.00178 1.00000 1.00000 0.98871 0.97814 0.96134 1.00000 1.00000 0.98976 0.99962 0.86485 1.00000 0.95277 0.99183 0.99374 0.65247 0.06250 1.00000 0.93750 1.00000 1.00000 0.98388 0.97403
166.00000 177.00000 0.00007 0.00024 1.00000 1.00000 0.98890 0.95798 0.95217 1.00000 1.00000 0.99014 0.99966 0.86752 1.00000 0.95195 0.99328 0.99374 0.65124 0.05642 1.00000 0.96875 1.00000 1.00000 0.97977 0.97555
166.00000 178.00000 0.23803 0.29691 1.00000 0.59794 0.64345 0.71348 0.72799 0.61718 0.61572 0.61183 0.85374 0.64491 0.89189 0.78176 0.61215 0.99405 0.64645 0.12870 1.00000 0.71875 0.85412 1.00000 0.62517 0.62470
166.00000 179.00000 0.99978 0.99762 1.00000 0.00000 0.13249 0.28896 0.27933 0.00000 0.00063 0.00248 0.62658 0.26869 0.24324 0.51303 0.00223 0.99237 0.53206 0.39898 0.00000 0.31250 0.62791 1.00000 0.01063 0.01898
166.00000 180.00000 0.59524 0.73634 0.00000 0.23809 0.01615 0.05981 0.08930 0.29318 0.20881 0.09295 0.00101 0.01302 0.02703 0.07818 0.09025 0.00124 0.04289 0.95826 0.00000 0.05208 0.00000 0.00000 0.13409 0.14103
166.00000 181.00000 0.23820 0.29929 1.00000 0.59794 0.63988 0.71150 0.72154 0.61718 0.61572 0.61434 0.85368 0.64053 0.89189 0.79723 0.61245 0.99385 0.63453 0.13814 1.00000 0.70833 0.85412 1.00000 0.62620 0.62562
166.00000 182.00000 0.47620 0.83361 1.00000 0.62699 0.66566 0.68284 0.57779 0.50794 0.50000 0.47172 0.86413 0.59934 0.37838 0.70765 0.46919 0.99385 0.48631 0.33835 1.00000 0.67708 0.86469 1.00000 0.48697 0.49020
166.00000 183.00000 0.23803 0.29691 1.00000 0.59794 0.64153 0.73442 0.72101 0.61718 0.61572 0.61023 0.85376 0.64216 0.89189 0.77606 0.61157 0.99394 0.64405 0.14129 1.00000 0.72917 0.85412 1.00000 0.62037 0.63228
166.00000 184.00000 0.83332 0.99786 1.00000 0.06027 0.19341 0.34902 0.29688 0.14659 0.14403 0.13477 0.65037 0.29144 0.24324 0.50326 0.13509 0.99286 0.49814 0.39576 0.00000 0.35417 0.65116 1.00000 0.15398 0.16405
166.00000 185.00000 0.47615 0.83135 1.00000 0.62699 0.66832 0.66864 0.58819 0.50794 0.50000 0.46948 0.86417 0.59904 0.37838 0.71580 0.46922 0.99361 0.48912 0.35391 1.00000 0.66667 0.86469 1.00000 0.48217 0.48841
166.00000 186.00000 0.99991 0.99762 1.00000 0.00000 0.13983 0.33818 0.28212 0.00000 0.00063 0.00339 0.62658 0.26394 0.24324 0.50977 0.00211 0.99206 0.52975 0.40561 0.00000 0.32292 0.62791 1.00000 0.01029 0.01257
166.00000 187.00000 0.99991 0.99869 1.00000 0.00000 0.13010 0.32783 0.27391 0.00000 0.00063 0.00418 0.62675 0.27289 0.24324 0.51873 0.00241 0.99220 0.54320 0.41802 0.00000 0.30208 0.62791 1.00000 0.00960 0.01593
166.00000 188.00000 0.99993 0.99976 1.00000 0.00000 0.13460 0.32567 0.29389 0.00000 0.00063 0.00356 0.62673 0.27251 0.24324 0.52850 0.00279 0.99217 0.52847 0.39971 0.00000 0.31250 0.62791 1.00000 0.01269 0.01521
166.00000 189.00000 0.59518 0.73705 0.00000 0.23809 0.01661 0.08390 0.08415 0.29318 0.20881 0.09248 0.00087 0.01649 0.02703 0.08958 0.08862 0.00118 0.05308 0.98341 0.00000 0.07292 0.00000 0.00000 0.13032 0.14223
166.00000 190.00000 0.47608 0.83135 1.00000 0.62699 0.66832 0.67601 0.57645 0.50794 0.50000 0.46926 0.86417 0.59243 0.37838 0.70521 0.47003 0.99391 0.48293 0.35307 1.00000 0.67708 0.86469 1.00000 0.48663 0.48717
166.00000 191.00000 0.83321 0.99988 1.00000 0.06027 0.18424 0.36766 0.29772 0.14659 0.14403 0.13687 0.65039 0.28926 0.24324 0.50407 0.13565 0.99267 0.49664 0.39184 0.00000 0.34375 0.65116 1.00000 0.15466 0.16128
166.00000 192.00000 0.99997 0.99786 1.00000 0.00000 0.13928 0.32347 0.27283 0.00000 0.00000 0.00303 0.62660 0.26634 0.24324 0.52606 0.00266 0.99206 0.52454 0.41945 0.00000 0.33333 0.62791 1.00000 0.00720 0.01440
166.00000 193.00000 0.23824 0.29786 1.00000 0.59794 0.64492 0.72106 0.74893 0.61718 0.61572 0.61226 0.85376 0.63966 0.89189 0.80293 0.61215 0.99427 0.64483 0.15026 1.00000 0.72917 0.85412 1.00000 0.62037 0.62405
166.00000 194.00000 0.99990 0.99762 1.00000 0.00000 0.13543 0.30492 0.29526 0.00000 0.00063 0.00208 0.62683 0.26931 0.24324 0.53094 0.00216 0.99209 0.52994 0.41535 0.00000 0.33333 0.62791 1.00000 0.01852 0.01161
166.00000 195.00000 0.23809 0.29810 1.00000 0.59794 0.64465 0.73382 0.72703 0.61718 0.61572 0.61157 0.85385 0.63922 0.89189 0.78013 0.61149 0.99419 0.63641 0.13635 1.00000 0.71875 0.85412 1.00000 0.62414 0.62475
166.00000 196.00000 0.99990 0.99988 1.00000 0.00000 0.13900 0.31353 0.27938 0.00000 0.00063 0.00329 0.62656 0.26787 0.24324 0.51466 0.00244 0.99206 0.52318 0.41593 0.00000 0.31250 0.62791 1.00000 0.01612 0.02072
166.00000 197.00000 0.00007 0.00000 1.00000 1.00000 0.99119 0.95761 0.96568 1.00000 1.00000 0.98893 0.99979 0.86658 1.00000 0.97476 0.99046 0.99383 0.66959 0.06378 1.00000 0.97917 1.00000 1.00000 0.97016 0.97131
166.00000 198.00000 0.99984 0.99988 1.00000 0.00000 0.13689 0.30207 0.28975 0.00000 0.00063 0.00327 0.62666 0.27016 0.24324 0.52850 0.00347 0.99237 0.52235 0.41740 0.00000 0.31250 0.62791 1.00000 0.00617 0.01544
166.00000 199.00000 0.99981 0.99762 1.00000 0.00000 0.13341 0.31120 0.27938 0.00000 0.00063 0.00391 0.62664 0.26276 0.24324 0.51303 0.00165 0.99195 0.52904 0.41246 0.00000 0.32292 0.62791 1.00000 0.00892 0.01849
166.00000 200.00000 0.99988 0.99964 1.00000 0.00000 0.13469 0.32567 0.28248 0.00000 0.00000 0.00384 0.62654 0.26509 0.24324 0.51873 0.00147 0.99198 0.52599 0.41993 0.00000 0.32292 0.62791 1.00000 0.01509 0.01524
166.00000 201.00000 0.00001 0.00107 1.00000 1.00000 0.99422 0.96378 0.98231 1.00000 1.00000 0.99091 0.99968 0.86750 1.00000 0.97964 0.98955 0.99391 0.65464 0.08286 1.00000 0.97917 1.00000 1.00000 0.96776 0.97103
166.00000 202.00000 0.99991 0.99941 1.00000 0.00000 0.13341 0.32976 0.29818 0.00000 0.00000 0.00344 0.62647 0.26246 0.24324 0.52850 0.00294 0.99195 0.53218 0.42022 0.00000 0.31250 0.62791 1.00000 0.01200 0.01571
166.00000 203.00000 0.59514 0.73812 0.00000 0.23809 0.01560 0.07748 0.11476 0.29318 0.20881 0.09176 0.00057 0.02436 0.02703 0.08062 0.08961 0.00107 0.04715 0.97382 0.00000 0.07292 0.00000 0.00000 0.13306 0.14219
166.00000 204.00000 0.99979 0.99762 1.00000 0.00000 0.13955 0.31925 0.29221 0.00000 0.00063 0.00229 0.62658 0.26753 0.24324 0.52932 0.00380 0.99206 0.52544 0.40971 0.00000 0.31250 0.62791 1.00000 0.01509 0.01671
