133.00000 1.00000 0.83326 0.99929 1.00000 0.06027 0.18350 0.32252 0.24775 0.14659 0.14403 0.13796 0.65080 0.29070 0.24324 0.45928 0.13730 0.99339 0.53580 0.35186 0.00000 0.30208 0.65116 1.00000 0.16529 0.17313
133.00000 2.00000 0.83321 0.99810 1.00000 0.06027 0.19075 0.32718 0.22953 0.14659 0.14403 0.13796 0.65073 0.29950 0.24324 0.45114 0.13826 0.99330 0.52137 0.34996 0.00000 0.31250 0.65116 1.00000 0.15878 0.16329
133.00000 3.00000 0.00007 0.00131 1.00000 1.00000 0.98027 0.92640 0.89472 1.00000 1.00000 0.99473 0.99937 0.87047 1.00000 0.91531 0.99523 0.99339 0.69141 0.02193 1.00000 0.93750 1.00000 1.00000 0.98114 0.98848
133.00000 4.00000 0.83319 0.99941 1.00000 0.06027 0.18130 0.31356 0.22789 0.14659 0.14403 0.13744 0.65075 0.30018 0.24324 0.45440 0.13715 0.99330 0.51619 0.34443 0.00000 0.29167 0.65116 1.00000 0.16392 0.16223
133.00000 5.00000 0.59527 0.73634 0.00000 0.23809 0.01046 0.04470 0.06008 0.29318 0.20881 0.09324 0.00120 0.01928 0.02703 0.01221 0.09037 0.00168 0.06669 0.93966 0.00000 0.03125 0.00000 0.00000 0.13957 0.14753
133.00000 6.00000 0.00006 0.00000 1.00000 1.00000 0.98101 0.91386 0.90863 1.00000 1.00000 0.99351 0.99928 0.86734 1.00000 0.89169 0.99523 0.99341 0.68015 0.02647 1.00000 0.93750 1.00000 1.00000 0.98114 0.98392
133.00000 7.00000 0.59512 0.73705 0.00000 0.23809 0.00459 0.05797 0.05822 0.29318 0.20881 0.09243 0.00122 0.01965 0.02703 0.03420 0.09063 0.00163 0.05798 0.93259 0.00000 0.02083 0.00000 0.00000 0.13237 0.14606
133.00000 8.00000 0.47610 0.83135 1.00000 0.62699 0.65575 0.64399 0.52713 0.50794 0.49937 0.47165 0.86392 0.59872 0.40541 0.64577 0.47275 0.99336 0.50981 0.31246 0.00000 0.63542 0.86469 1.00000 0.49143 0.49002
133.00000 9.00000 0.99995 0.99762 1.00000 0.00000 0.13221 0.29432 0.24043 0.00000 0.00063 0.00461 0.62749 0.27303 0.24324 0.45684 0.00467 0.99314 0.55367 0.36497 0.00000 0.30208 0.62791 1.00000 0.01029 0.01403
133.00000 10.00000 0.00000 0.00143 1.00000 1.00000 0.98000 0.92553 0.90574 1.00000 1.00000 0.99652 0.99939 0.86990 1.00000 0.89739 0.99650 0.99347 0.67611 0.03599 1.00000 0.92708 1.00000 1.00000 0.99040 0.99138
133.00000 11.00000 0.47624 0.83159 1.00000 0.62699 0.65804 0.65101 0.55228 0.50794 0.49937 0.47127 0.86392 0.60532 0.40541 0.65717 0.47135 0.99339 0.50574 0.31796 0.00000 0.64583 0.86469 1.00000 0.49246 0.49932
133.00000 12.00000 0.99985 0.99762 1.00000 0.00000 0.12946 0.29064 0.22375 0.00000 0.00000 0.00463 0.62738 0.27279 0.24324 0.46743 0.00479 0.99328 0.55486 0.36735 0.00000 0.29167 0.62791 1.00000 0.01509 0.01937
133.00000 13.00000 0.00004 0.00000 1.00000 1.00000 0.98394 0.93515 0.90317 1.00000 1.00000 0.99635 0.99922 0.87023 1.00000 0.89169 0.99645 0.99333 0.68015 0.02827 1.00000 0.93750 1.00000 1.00000 0.98971 0.99256
133.00000 14.00000 0.99979 0.99762 1.00000 0.00000 0.12579 0.29172 0.23249 0.00000 0.00000 0.00320 0.62740 0.27741 0.24324 0.47068 0.00555 0.99311 0.55860 0.37324 0.00000 0.26042 0.62791 1.00000 0.01543 0.02140
133.00000 15.00000 0.99980 0.99917 1.00000 0.00000 0.13001 0.28972 0.22055 0.00000 0.00063 0.00578 0.62736 0.27568 0.24324 0.47231 0.00276 0.99325 0.56293 0.37441 0.00000 0.27083 0.62791 1.00000 0.01783 0.01733
133.00000 16.00000 0.99985 0.99905 1.00000 0.00000 0.12506 0.28046 0.22532 0.00000 0.00000 0.00520 0.62747 0.27540 0.24324 0.47964 0.00261 0.99317 0.55546 0.37668 0.00000 0.29167 0.62791 1.00000 0.01029 0.02268
133.00000 17.00000 0.59514 0.73634 0.00000 0.23809 0.00835 0.03993 0.06687 0.29318 0.20881 0.09138 0.00129 0.02550 0.02703 0.03502 0.08966 0.00185 0.06038 0.93215 0.00000 0.04167 0.00000 0.00000 0.13683 0.14363
133.00000 18.00000 0.00001 0.00012 1.00000 1.00000 0.98257 0.92686 0.91614 1.00000 1.00000 0.99506 0.99943 0.87104 1.00000 0.91042 0.99655 0.99325 0.67830 0.01842 1.00000 0.91667 1.00000 1.00000 0.98594 0.98231
133.00000 19.00000 0.00001 0.00000 1.00000 1.00000 0.97825 0.93322 0.90796 1.00000 1.00000 0.99718 0.99924 0.86999 1.00000 0.90391 0.99551 0.99333 0.68077 0.02428 1.00000 0.92708 1.00000 1.00000 0.98560 0.98904
133.00000 20.00000 0.23817 0.29917 1.00000 0.59794 0.63345 0.69435 0.68635 0.61718 0.61509 0.61737 0.85313 0.64432 0.89189 0.74837 0.61481 0.99358 0.67537 0.10494 1.00000 0.67708 0.85412 1.00000 0.63443 0.63905
133.00000 21.00000 0.00007 0.00000 1.00000 1.00000 0.97890 0.92439 0.92587 1.00000 1.00000 0.99690 0.99926 0.86525 1.00000 0.91205 0.99597 0.99330 0.69632 0.02874 1.00000 0.93750 1.00000 1.00000 0.98354 0.98461
133.00000 22.00000 0.59530 0.73717 0.00000 0.23809 0.00817 0.05965 0.04672 0.29318 0.20881 0.09405 0.00131 0.02549 0.02703 0.02524 0.09081 0.00179 0.05320 0.93065 0.00000 0.05208 0.00000 0.00000 0.14643 0.14285
133.00000 23.00000 0.47605 0.83373 1.00000 0.62699 0.66015 0.65393 0.55454 0.50794 0.49937 0.47196 0.86398 0.59797 0.40541 0.66205 0.47226 0.99330 0.51857 0.31957 0.00000 0.63542 0.86469 1.00000 0.49863 0.49931
133.00000 24.00000 0.00002 0.00000 1.00000 1.00000 0.98183 0.93409 0.92305 1.00000 1.00000 0.99597 0.99932 0.87251 1.00000 0.89414 0.99734 0.99325 0.68815 0.01710 1.00000 0.93750 1.00000 1.00000 0.98080 0.97832
133.00000 25.00000 0.99990 0.99762 1.00000 0.00000 0.12249 0.30383 0.23285 0.00000 0.00063 0.00484 0.62732 0.26985 0.24324 0.45847 0.00434 0.99308 0.56762 0.37284 0.00000 0.29167 0.62791 1.00000 0.01475 0.01930
133.00000 26.00000 0.00001 0.00000 1.00000 1.00000 0.97853 0.91876 0.90683 1.00000 1.00000 0.99439 0.99935 0.86879 1.00000 0.91124 0.99564 0.99330 0.68220 0.03149 1.00000 0.93750 1.00000 1.00000 0.98457 0.99116
133.00000 27.00000 0.83327 0.99964 1.00000 0.06027 0.17892 0.33108 0.25822 0.14659 0.14403 0.13868 0.65073 0.29615 0.24324 0.45603 0.13672 0.99336 0.53739 0.34293 0.00000 0.30208 0.65116 1.00000 0.15981 0.16831
133.00000 28.00000 0.23803 0.29691 1.00000 0.59794 0.63299 0.69714 0.67044 0.61718 0.61509 0.61606 0.85315 0.64617 0.89189 0.73208 0.61494 0.99328 0.68727 0.10285 1.00000 0.69792 0.85412 1.00000 0.63546 0.63716
133.00000 29.00000 0.00001 0.00000 1.00000 1.00000 0.98275 0.94262 0.92502 1.00000 1.00000 0.99504 0.99932 0.87134 1.00000 0.91694 0.99528 0.99328 0.68927 0.02135 1.00000 0.93750 1.00000 1.00000 0.98594 0.98442
133.00000 30.00000 0.00000 0.00059 1.00000 1.00000 0.98560 0.93702 0.90452 1.00000 1.00000 0.99446 0.99928 0.86963 1.00000 0.90961 0.99637 0.99347 0.68127 0.02841 1.00000 0.93750 1.00000 1.00000 0.97874 0.98374
133.00000 31.00000 0.23808 0.29691 1.00000 0.59794 0.63565 0.69595 0.66468 0.61718 0.61509 0.61548 0.85326 0.64553 0.89189 0.74186 0.61514 0.99333 0.65564 0.11819 1.00000 0.69792 0.85412 1.00000 0.62963 0.63343
133.00000 32.00000 0.47611 0.83135 1.00000 0.62699 0.66300 0.65039 0.54460 0.50794 0.50000 0.47256 0.86388 0.59538 0.37838 0.66450 0.47310 0.99341 0.50743 0.32019 0.00000 0.64583 0.86469 1.00000 0.49074 0.49321
133.00000 33.00000 0.00005 0.00000 1.00000 1.00000 0.97908 0.92829 0.89729 1.00000 1.00000 0.99606 0.99939 0.87726 1.00000 0.90309 0.99658 0.99333 0.68746 0.02684 1.00000 0.93750 1.00000 1.00000 0.98354 0.98787
133.00000 34.00000 0.99985 0.99786 1.00000 0.00000 0.12698 0.27225 0.24503 0.00000 0.00000 0.00377 0.62736 0.27608 0.24324 0.46906 0.00424 0.99317 0.55917 0.37313 0.00000 0.30208 0.62791 1.00000 0.01132 0.02242
133.00000 35.00000 0.00001 0.00000 1.00000 1.00000 0.98266 0.91898 0.90115 1.00000 1.00000 0.99511 0.99928 0.86855 1.00000 0.92264 0.99658 0.99336 0.69858 0.02296 1.00000 0.93750 1.00000 1.00000 0.98594 0.98637
133.00000 36.00000 0.83320 0.99762 1.00000 0.06027 0.18332 0.33133 0.24606 0.14659 0.14403 0.13744 0.65071 0.29779 0.24324 0.45521 0.13776 0.99328 0.51826 0.35966 0.00000 0.32292 0.65116 1.00000 0.16015 0.16658
133.00000 37.00000 0.59532 0.73634 0.00000 0.23809 0.01055 0.04841 0.06119 0.29318 0.20881 0.09353 0.00112 0.02290 0.02703 0.02280 0.08944 0.00174 0.06588 0.93834 0.00000 0.04167 0.00000 0.00000 0.14095 0.14189
133.00000 38.00000 0.83319 0.99762 1.00000 0.06027 0.18405 0.32244 0.23911 0.14659 0.14403 0.13859 0.65077 0.29255 0.24324 0.46336 0.13710 0.99333 0.51968 0.35054 0.00000 0.33333 0.65116 1.00000 0.16118 0.16708
133.00000 39.00000 0.00001 0.00000 1.00000 1.00000 0.97981 0.94490 0.91345 1.00000 1.00000 0.99389 0.99932 0.87334 1.00000 0.90391 0.99696 0.99319 0.68277 0.03848 1.00000 0.93750 1.00000 1.00000 0.99246 0.98254
133.00000 40.00000 0.00000 0.00000 1.00000 1.00000 0.98394 0.94249 0.90242 1.00000 1.00000 0.99578 0.99928 0.87890 1.00000 0.90635 0.99483 0.99339 0.68618 0.02490 1.00000 0.93750 1.00000 1.00000 0.98731 0.99036
133.00000 41.00000 0.47614 0.83219 1.00000 0.62699 0.65437 0.65104 0.52949 0.50794 0.49937 0.47392 0.86394 0.59680 0.40541 0.65228 0.47117 0.99333 0.49776 0.32960 0.00000 0.63542 0.86469 1.00000 0.48525 0.49674
133.00000 42.00000 0.23820 0.29881 1.00000 0.59794 0.62951 0.69744 0.66594 0.61718 0.61509 0.61470 0.85334 0.64780 0.89189 0.72720 0.61565 0.99341 0.67197 0.12013 1.00000 0.67708 0.85412 1.00000 0.62997 0.63168
133.00000 43.00000 0.99994 0.99822 1.00000 0.00000 0.13065 0.29530 0.24279 0.00000 0.00063 0.00351 0.62742 0.27130 0.24324 0.47720 0.00416 0.99319 0.56267 0.36270 0.00000 0.28125 0.62791 1.00000 0.01509 0.02467
133.00000 44.00000 0.59525 0.73634 0.00000 0.23809 0.00973 0.06187 0.05916 0.29318 0.20818 0.09038 0.00125 0.02410 0.02703 0.02850 0.09172 0.00187 0.06952 0.92256 0.00000 0.03125 0.00000 0.00000 0.14678 0.14618
133.00000 45.00000 0.83313 0.99762 1.00000 0.06027 0.18231 0.33266 0.24260 0.14659 0.14403 0.13782 0.65077 0.29620 0.24324 0.45440 0.13707 0.99339 0.51992 0.35636 0.00000 0.31250 0.65116 1.00000 0.16392 0.17138
133.00000 46.00000 0.23800 0.29691 1.00000 0.59794 0.63382 0.65226 0.67395 0.61718 0.61509 0.61558 0.85328 0.63944 0.89189 0.74837 0.61601 0.99358 0.67523 0.10743 1.00000 0.69792 0.85412 1.00000 0.63203 0.63245
133.00000 47.00000 0.99986 0.99762 1.00000 0.00000 0.12616 0.29069 0.22842 0.00000 0.00000 0.00260 0.62751 0.27390 0.24324 0.46987 0.00477 0.99319 0.56886 0.37192 0.00000 0.28125 0.62791 1.00000 0.01475 0.02869
133.00000 48.00000 0.23820 0.29727 1.00000 0.59794 0.63318 0.69619 0.67744 0.61718 0.61509 0.61680 0.85317 0.64304 0.89189 0.74186 0.61524 0.99352 0.67580 0.10398 1.00000 0.68750 0.85412 1.00000 0.62929 0.63340
133.00000 49.00000 0.00000 0.00000 1.00000 1.00000 0.98055 0.93691 0.89862 1.00000 1.00000 0.99465 0.99930 0.87375 1.00000 0.90798 0.99543 0.99347 0.69998 0.02779 1.00000 0.92708 1.00000 1.00000 0.98251 0.98576
133.00000 50.00000 0.59525 0.73860 0.00000 0.23809 0.00817 0.04795 0.05069 0.29318 0.20818 0.09054 0.00120 0.02310 0.02703 0.02524 0.09022 0.00174 0.05336 0.92952 0.00000 0.04167 0.00000 0.00000 0.14163 0.14574
133.00000 51.00000 0.47624 0.83254 1.00000 0.62699 0.66015 0.65247 0.53923 0.50794 0.49937 0.47267 0.86392 0.60137 0.40541 0.65147 0.47262 0.99344 0.50976 0.31620 0.00000 0.64583 0.86469 1.00000 0.48868 0.48995
133.00000 52.00000 0.47607 0.83135 1.00000 0.62699 0.66190 0.65773 0.54848 0.50794 0.49937 0.47165 0.86390 0.60721 0.40541 0.66124 0.47198 0.99322 0.50688 0.32638 0.00000 0.64583 0.86469 1.00000 0.49588 0.49436
133.00000 53.00000 0.83316 0.99762 1.00000 0.06027 0.18488 0.31532 0.24939 0.14659 0.14403 0.13620 0.65077 0.29802 0.24324 0.45847 0.13725 0.99330 0.52275 0.35768 0.00000 0.32292 0.65116 1.00000 0.15947 0.16440
133.00000 54.00000 0.59531 0.73741 0.00000 0.23809 0.01018 0.05090 0.04715 0.29318 0.20881 0.09298 0.00114 0.02466 0.02703 0.03583 0.08908 0.00171 0.04929 0.93043 0.00000 0.04167 0.00000 0.00000 0.14746 0.14942
133.00000 55.00000 0.83326 0.99846 1.00000 0.06027 0.18387 0.33049 0.23302 0.14659 0.14403 0.14073 0.65075 0.29594 0.24324 0.45847 0.13717 0.99325 0.52099 0.34692 0.00000 0.33333 0.65116 1.00000 0.16118 0.16226
133.00000 56.00000 0.23817 0.29810 1.00000 0.59794 0.63364 0.71740 0.68847 0.61718 0.61509 0.61446 0.85334 0.64969 0.89189 0.74756 0.61474 0.99333 0.67192 0.10516 1.00000 0.68750 0.85412 1.00000 0.63272 0.63217
133.00000 57.00000 0.99985 0.99762 1.00000 0.00000 0.12919 0.29544 0.24761 0.00000 0.00000 0.00422 0.62740 0.27882 0.24324 0.47068 0.00284 0.99311 0.56524 0.36684 0.00000 0.28125 0.62791 1.00000 0.01372 0.02669
133.00000 58.00000 0.23819 0.29691 1.00000 0.59794 0.63272 0.68273 0.69010 0.61718 0.61509 0.61486 0.85330 0.64880 0.89189 0.74104 0.61583 0.99336 0.67746 0.13089 1.00000 0.69792 0.85412 1.00000 0.63100 0.63645
133.00000 59.00000 0.99977 0.99917 1.00000 0.00000 0.12873 0.29991 0.25584 0.00000 0.00063 0.00582 0.62719 0.27079 0.24324 0.46824 0.00411 0.99314 0.56698 0.36101 0.00000 0.28125 0.62791 1.00000 0.01646 0.01976
133.00000 60.00000 0.59513 0.73634 0.00000 0.23809 0.01184 0.06447 0.06795 0.29318 0.20818 0.09133 0.00125 0.02058 0.02703 0.02932 0.08989 0.00187 0.06688 0.93274 0.00000 0.05208 0.00000 0.00000 0.14575 0.14090
133.00000 61.00000 0.23812 0.29715 1.00000 0.59794 0.63455 0.70167 0.68611 0.61718 0.61509 0.61644 0.85326 0.64906 0.89189 0.74919 0.61367 0.99341 0.66209 0.12346 1.00000 0.69792 0.85412 1.00000 0.63443 0.63284
133.00000 62.00000 0.99984 0.99762 1.00000 0.00000 0.12809 0.28904 0.23800 0.00000 0.00000 0.00640 0.62738 0.26977 0.24324 0.47476 0.00330 0.99325 0.55358 0.37192 0.00000 0.27083 0.62791 1.00000 0.01440 0.02477
133.00000 63.00000 0.23812 0.29691 1.00000 0.59794 0.63290 0.69037 0.67568 0.61718 0.61509 0.61589 0.85330 0.64284 0.89189 0.74593 0.61562 0.99347 0.67587 0.10746 1.00000 0.69792 0.85412 1.00000 0.63546 0.63367
133.00000 64.00000 0.23807 0.29691 1.00000 0.59794 0.63235 0.68690 0.68218 0.61718 0.61509 0.61601 0.85330 0.64451 0.89189 0.74023 0.61476 0.99358 0.67166 0.10351 1.00000 0.69792 0.85412 1.00000 0.63306 0.63170
133.00000 65.00000 0.99982 0.99846 1.00000 0.00000 0.12607 0.30183 0.23971 0.00000 0.00000 0.00327 0.62742 0.27144 0.24324 0.48290 0.00586 0.99311 0.55629 0.37540 0.00000 0.30208 0.62791 1.00000 0.01406 0.01786
133.00000 66.00000 0.47618 0.83135 1.00000 0.62699 0.65621 0.65735 0.55067 0.50794 0.50000 0.47227 0.86394 0.59707 0.40541 0.66368 0.47308 0.99333 0.50105 0.31880 0.00000 0.63542 0.86469 1.00000 0.49657 0.49120
133.00000 67.00000 0.99989 0.99929 1.00000 0.00000 0.12854 0.30007 0.23475 0.00000 0.00000 0.00597 0.62751 0.27005 0.24324 0.46498 0.00421 0.99314 0.57259 0.38002 0.00000 0.29167 0.62791 1.00000 0.01337 0.02311
133.00000 68.00000 0.47615 0.83135 1.00000 0.62699 0.66024 0.66171 0.54691 0.50794 0.50000 0.47122 0.86398 0.60318 0.40541 0.65961 0.47120 0.99344 0.50597 0.32499 0.00000 0.63542 0.86469 1.00000 0.48594 0.48888
133.00000 69.00000 0.23807 0.29691 1.00000 0.59794 0.63859 0.68509 0.67809 0.61718 0.61509 0.61591 0.85332 0.65126 0.89189 0.73860 0.61400 0.99358 0.67397 0.11607 1.00000 0.67708 0.85412 1.00000 0.63203 0.63528
133.00000 70.00000 0.23819 0.29917 1.00000 0.59794 0.63712 0.70998 0.70647 0.61718 0.61509 0.61503 0.85326 0.64333 0.89189 0.74186 0.61415 0.99358 0.67025 0.12822 1.00000 0.68750 0.85412 1.00000 0.62860 0.62718
133.00000 71.00000 0.47615 0.83147 1.00000 0.62699 0.65841 0.64061 0.55064 0.50794 0.49937 0.47124 0.86392 0.60407 0.40541 0.65554 0.47330 0.99347 0.49895 0.32608 0.00000 0.65625 0.86469 1.00000 0.49246 0.49698
133.00000 72.00000 0.59509 0.73634 0.00000 0.23809 0.01211 0.04846 0.06687 0.29318 0.20818 0.09231 0.00114 0.02034 0.02703 0.02362 0.09075 0.00165 0.05869 0.93878 0.00000 0.04167 0.00000 0.00000 0.14781 0.14720
133.00000 73.00000 0.23817 0.29691 1.00000 0.59794 0.63492 0.69432 0.68608 0.61718 0.61509 0.61563 0.85341 0.64674 0.89189 0.74674 0.61418 0.99344 0.66904 0.12958 1.00000 0.68750 0.85412 1.00000 0.62723 0.62801
133.00000 74.00000 0.00000 0.00071 1.00000 1.00000 0.98027 0.93257 0.91354 1.00000 1.00000 0.99461 0.99918 0.87337 1.00000 0.91124 0.99564 0.99328 0.68610 0.03621 1.00000 0.95833 1.00000 1.00000 0.99177 0.98726
133.00000 75.00000 0.23808 0.29691 1.00000 0.59794 0.63978 0.69600 0.67205 0.61718 0.61509 0.61534 0.85338 0.64526 0.89189 0.73697 0.61474 0.99352 0.66437 0.12313 1.00000 0.67708 0.85412 1.00000 0.63237 0.63118
133.00000 76.00000 0.47613 0.83135 1.00000 0.62699 0.65813 0.64283 0.54467 0.50794 0.49937 0.47112 0.86394 0.60130 0.40541 0.66124 0.47155 0.99339 0.50436 0.31173 0.00000 0.65625 0.86469 1.00000 0.49623 0.49489
133.00000 77.00000 0.99984 0.99929 1.00000 0.00000 0.13047 0.29522 0.22623 0.00000 0.00000 0.00270 0.62717 0.26582 0.24324 0.47638 0.00279 0.99300 0.56103 0.37738 0.00000 0.29167 0.62791 1.00000 0.01235 0.01687
133.00000 78.00000 0.99990 0.99846 1.00000 0.00000 0.13075 0.30925 0.25085 0.00000 0.00063 0.00387 0.62744 0.27700 0.24324 0.46824 0.00477 0.99308 0.57671 0.38525 0.00000 0.28125 0.62791 1.00000 0.00995 0.01814
133.00000 79.00000 0.83325 0.99762 1.00000 0.06027 0.18515 0.33417 0.25860 0.14659 0.14403 0.13703 0.65084 0.29946 0.24324 0.47557 0.13595 0.99330 0.52492 0.35746 0.00000 0.33333 0.65116 1.00000 0.15775 0.16784
133.00000 80.00000 0.99993 0.99893 1.00000 0.00000 0.13240 0.28986 0.24830 0.00000 0.00000 0.00463 0.62721 0.27515 0.24324 0.46580 0.00421 0.99292 0.55772 0.38089 0.00000 0.28125 0.62791 1.00000 0.01680 0.02149
133.00000 81.00000 0.83321 0.99822 1.00000 0.06027 0.18543 0.31353 0.24387 0.14659 0.14403 0.13734 0.65080 0.29673 0.24324 0.44788 0.13770 0.99339 0.52706 0.35622 0.00000 0.33333 0.65116 1.00000 0.15741 0.16400
133.00000 82.00000 0.47629 0.83242 1.00000 0.62699 0.66520 0.64524 0.55346 0.50794 0.50000 0.47265 0.86403 0.59929 0.40541 0.67182 0.47100 0.99361 0.51402 0.33059 0.00000 0.64583 0.86469 1.00000 0.48731 0.49497
133.00000 83.00000 0.00006 0.00000 1.00000 1.00000 0.98523 0.93539 0.92815 1.00000 1.00000 0.99456 0.99939 0.87292 1.00000 0.92508 0.99541 0.99333 0.68651 0.03134 1.00000 0.93750 1.00000 1.00000 0.98045 0.98186
133.00000 84.00000 0.59517 0.73634 0.00000 0.23809 0.00927 0.05385 0.06465 0.29318 0.20881 0.09336 0.00120 0.02423 0.02703 0.04316 0.08994 0.00176 0.06129 0.94728 0.00000 0.04167 0.00000 0.00000 0.14438 0.14420
133.00000 85.00000 0.99977 0.99762 1.00000 0.00000 0.12717 0.29820 0.25321 0.00000 0.00063 0.00520 0.62736 0.27408 0.24324 0.47394 0.00355 0.99311 0.56400 0.38511 0.00000 0.29167 0.62791 1.00000 0.01372 0.02745
133.00000 86.00000 0.83328 0.99952 1.00000 0.06027 0.18635 0.32927 0.24669 0.14659 0.14403 0.13777 0.65073 0.29345 0.24324 0.46580 0.13674 0.99330 0.52149 0.36651 0.00000 0.33333 0.65116 1.00000 0.16427 0.16636
133.00000 87.00000 0.59522 0.73800 0.00000 0.23809 0.01340 0.06071 0.06699 0.29318 0.20881 0.09331 0.00114 0.02036 0.02703 0.04560 0.08982 0.00163 0.05265 0.93724 0.00000 0.04167 0.00000 0.00000 0.14403 0.14698
133.00000 88.00000 0.00004 0.00000 1.00000 1.00000 0.98229 0.93935 0.90955 1.00000 1.00000 0.99442 0.99945 0.87123 1.00000 0.90635 0.99607 0.99341 0.67494 0.04844 1.00000 0.93750 1.00000 1.00000 0.98148 0.98151
133.00000 89.00000 0.00002 0.00131 1.00000 1.00000 0.98284 0.93382 0.93470 1.00000 1.00000 0.99396 0.99935 0.87312 1.00000 0.92671 0.99810 0.99339 0.69115 0.03277 1.00000 0.93750 1.00000 1.00000 0.98491 0.98173
133.00000 90.00000 0.47616 0.83135 1.00000 0.62699 0.65933 0.64426 0.54258 0.50794 0.49937 0.47193 0.86400 0.59711 0.40541 0.67427 0.47216 0.99341 0.51147 0.32400 0.00000 0.64583 0.86469 1.00000 0.49417 0.48763
133.00000 91.00000 0.83313 0.99762 1.00000 0.06027 0.18626 0.33637 0.26022 0.14659 0.14403 0.13801 0.65063 0.29764 0.24324 0.46824 0.13722 0.99322 0.50983 0.36105 0.00000 0.30208 0.65116 1.00000 0.15981 0.16050
133.00000 92.00000 0.47622 0.83314 1.00000 0.62699 0.65960 0.65965 0.54135 0.50794 0.50000 0.47308 0.86396 0.60072 0.40541 0.67345 0.47133 0.99355 0.50407 0.31642 0.00000 0.64583 0.86469 1.00000 0.48800 0.49119
133.00000 93.00000 0.23820 0.29691 1.00000 0.59794 0.63795 0.70551 0.69357 0.61718 0.61509 0.61503 0.85338 0.64603 0.89189 0.75407 0.61385 0.99352 0.66842 0.12097 1.00000 0.67708 0.85412 1.00000 0.62277 0.62686
133.00000 94.00000 0.83318 0.99881 1.00000 0.06027 0.18616 0.32729 0.26522 0.14659 0.14403 0.13825 0.65077 0.29637 0.24324 0.47394 0.13664 0.99306 0.52378 0.36951 0.00000 0.33333 0.65116 1.00000 0.15261 0.16414
133.00000 95.00000 0.47615 0.83135 1.00000 0.62699 0.65749 0.65938 0.55950 0.50794 0.50000 0.47189 0.86396 0.59254 0.40541 0.66450 0.47003 0.99358 0.49441 0.31506 0.00000 0.65625 0.86469 1.00000 0.49074 0.49800
133.00000 96.00000 0.47620 0.83278 1.00000 0.62699 0.66098 0.64058 0.52768 0.50794 0.49937 0.47067 0.86403 0.59890 0.37838 0.67020 0.47074 0.99341 0.48750 0.33725 0.00000 0.64583 0.86469 1.00000 0.49348 0.49043
133.00000 97.00000 0.23805 0.29691 1.00000 0.59794 0.62997 0.70172 0.67453 0.61718 0.61509 0.61384 0.85332 0.64455 0.89189 0.74104 0.61606 0.99355 0.66882 0.11727 1.00000 0.69792 0.85412 1.00000 0.63546 0.63256
133.00000 98.00000 0.47606 0.83135 1.00000 0.62699 0.65667 0.65001 0.55360 0.50794 0.50000 0.47401 0.86403 0.60425 0.40541 0.64984 0.47135 0.99339 0.49783 0.33062 0.00000 0.65625 0.86469 1.00000 0.48491 0.49463
133.00000 99.00000 0.83319 0.99762 1.00000 0.06027 0.18323 0.32044 0.25675 0.14659 0.14403 0.13811 0.65065 0.29907 0.24324 0.47557 0.13580 0.99306 0.51366 0.36208 0.00000 0.31250 0.65116 1.00000 0.15432 0.16661
133.00000 100.00000 0.23819 0.29691 1.00000 0.59794 0.63731 0.68920 0.68346 0.61718 0.61509 0.61338 0.85347 0.64463 0.89189 0.76140 0.61418 0.99355 0.67844 0.12313 1.00000 0.69792 0.85412 1.00000 0.62757 0.63515
133.00000 101.00000 0.83319 0.99976 1.00000 0.06027 0.18057 0.32927 0.26404 0.14659 0.14403 0.13711 0.65086 0.29230 0.24324 0.47638 0.13672 0.99333 0.52718 0.36010 0.00000 0.31250 0.65116 1.00000 0.16255 0.16880
133.00000 102.00000 0.99986 0.99857 1.00000 0.00000 0.12992 0.28213 0.22055 0.00000 0.00000 0.00344 0.62721 0.27289 0.24324 0.47231 0.00363 0.99289 0.54453 0.38071 0.00000 0.28125 0.62791 1.00000 0.01097 0.01604
133.00000 103.00000 0.23816 0.29691 1.00000 0.59794 0.63584 0.71158 0.70009 0.61718 0.61509 0.61649 0.85336 0.64800 0.89189 0.75000 0.61365 0.99366 0.67766 0.11369 1.00000 0.68750 0.85412 1.00000 0.62689 0.63196
133.00000 104.00000 0.00002 0.00000 1.00000 1.00000 0.97991 0.93661 0.93131 1.00000 1.00000 0.99496 0.99949 0.86886 1.00000 0.91694 0.99508 0.99355 0.66885 0.02713 1.00000 0.94792 1.00000 1.00000 0.98628 0.98858
133.00000 105.00000 0.99984 0.99786 1.00000 0.00000 0.12909 0.29950 0.24799 0.00000 0.00063 0.00434 0.62717 0.27096 0.24324 0.48860 0.00233 0.99286 0.54908 0.37994 0.00000 0.29167 0.62791 1.00000 0.00652 0.02156
133.00000 106.00000 0.00001 0.00000 1.00000 1.00000 0.98174 0.94173 0.93162 1.00000 1.00000 0.99406 0.99941 0.87173 1.00000 0.93974 0.99538 0.99339 0.66802 0.02431 1.00000 0.93750 1.00000 1.00000 0.98560 0.97519
133.00000 107.00000 0.00006 0.00000 1.00000 1.00000 0.98431 0.94458 0.93058 1.00000 1.00000 0.99215 0.99932 0.86060 1.00000 0.91775 0.99376 0.99347 0.68218 0.04039 1.00000 0.92708 1.00000 1.00000 0.97942 0.98585
133.00000 108.00000 0.99985 0.99762 1.00000 0.00000 0.12726 0.30118 0.25853 0.00000 0.00063 0.00401 0.62721 0.27277 0.24324 0.47394 0.00393 0.99289 0.55598 0.38979 0.00000 0.29167 0.62791 1.00000 0.01612 0.01600
133.00000 109.00000 0.47618 0.83135 1.00000 0.62699 0.66235 0.64123 0.56205 0.50794 0.49937 0.47045 0.86398 0.60044 0.40541 0.67101 0.47039 0.99363 0.50278 0.33260 1.00000 0.66667 0.86469 1.00000 0.48663 0.48926
133.00000 110.00000 0.99989 0.99762 1.00000 0.00000 0.13185 0.32301 0.26676 0.00000 0.00063 0.00446 0.62719 0.27375 0.24324 0.49104 0.00401 0.99283 0.54884 0.38031 0.00000 0.28125 0.62791 1.00000 0.01337 0.02217
133.00000 111.00000 0.47628 0.83135 1.00000 0.62699 0.66089 0.64158 0.53907 0.50794 0.50000 0.47203 0.86403 0.59831 0.40541 0.67997 0.47077 0.99350 0.50138 0.32996 0.00000 0.63542 0.86469 1.00000 0.49040 0.49298
133.00000 112.00000 0.23808 0.29869 1.00000 0.59794 0.63584 0.71247 0.69239 0.61718 0.61509 0.61503 0.85341 0.64014 0.89189 0.77687 0.61311 0.99377 0.66149 0.12588 1.00000 0.69792 0.85412 1.00000 0.63683 0.62642
133.00000 113.00000 0.83318 0.99762 1.00000 0.06027 0.19038 0.33656 0.25863 0.14659 0.14403 0.13808 0.65063 0.29123 0.24324 0.47801 0.13644 0.99319 0.50843 0.35805 0.00000 0.32292 0.65116 1.00000 0.16358 0.16104
133.00000 114.00000 0.99983 0.99988 1.00000 0.00000 0.13543 0.30622 0.24886 0.00000 0.00000 0.00413 0.62711 0.26947 0.24324 0.48697 0.00309 0.99281 0.54237 0.39671 0.00000 0.29167 0.62791 1.00000 0.01715 0.02032
133.00000 115.00000 0.83321 0.99762 1.00000 0.06027 0.18488 0.34913 0.27066 0.14659 0.14403 0.13777 0.65048 0.29747 0.24324 0.47638 0.13770 0.99314 0.51304 0.36808 0.00000 0.32292 0.65116 1.00000 0.16049 0.16301
133.00000 116.00000 0.47613 0.83171 1.00000 0.62699 0.66180 0.67566 0.56884 0.50794 0.50000 0.47191 0.86400 0.59857 0.40541 0.67345 0.47036 0.99366 0.49046 0.32495 1.00000 0.65625 0.86469 1.00000 0.48560 0.49243
133.00000 117.00000 0.59520 0.73634 0.00000 0.23809 0.01037 0.04413 0.06239 0.29318 0.20881 0.09198 0.00114 0.01724 0.02703 0.05700 0.08936 0.00152 0.06288 0.94394 0.00000 0.04167 0.00000 0.00000 0.13889 0.14562
133.00000 118.00000 0.23813 0.29691 1.00000 0.59794 0.64116 0.71651 0.70233 0.61718 0.61509 0.61598 0.85353 0.64387 0.89189 0.76466 0.61474 0.99363 0.67078 0.11709 1.00000 0.69792 0.85412 1.00000 0.63477 0.63222
133.00000 119.00000 0.00005 0.00107 1.00000 1.00000 0.98000 0.94669 0.92618 1.00000 1.00000 0.99360 0.99951 0.86773 1.00000 0.92915 0.99483 0.99361 0.66830 0.03336 1.00000 0.96875 1.00000 1.00000 0.98560 0.98774
133.00000 120.00000 0.59524 0.73634 0.00000 0.23809 0.01853 0.03765 0.07194 0.29318 0.20881 0.09202 0.00089 0.01601 0.02703 0.05782 0.08979 0.00141 0.05881 0.94636 0.00000 0.04167 0.00000 0.00000 0.13272 0.13855
133.00000 121.00000 0.23819 0.29691 1.00000 0.59794 0.63951 0.71491 0.68736 0.61718 0.61509 0.61362 0.85357 0.64131 0.89189 0.75326 0.61491 0.99380 0.65495 0.12152 1.00000 0.69792 0.85412 1.00000 0.62551 0.62881
133.00000 122.00000 0.00004 0.00071 1.00000 1.00000 0.98541 0.94346 0.91833 1.00000 1.00000 0.99382 0.99945 0.86814 1.00000 0.93404 0.99371 0.99361 0.68558 0.04613 1.00000 0.95833 1.00000 1.00000 0.97977 0.98548
133.00000 123.00000 0.99979 0.99762 1.00000 0.00000 0.13744 0.30752 0.24489 0.00000 0.00063 0.00425 0.62709 0.26517 0.24324 0.48779 0.00421 0.99264 0.55700 0.39569 0.00000 0.28125 0.62791 1.00000 0.01269 0.01647
133.00000 124.00000 0.99997 0.99762 1.00000 0.00000 0.13487 0.29860 0.26992 0.00000 0.00000 0.00329 0.62704 0.27583 0.24324 0.48616 0.00347 0.99264 0.55170 0.39170 0.00000 0.31250 0.62791 1.00000 0.01303 0.02114
133.00000 125.00000 0.47606 0.83135 1.00000 0.62699 0.66502 0.65797 0.56020 0.50794 0.50000 0.47201 0.86400 0.60141 0.37838 0.67752 0.47041 0.99352 0.49517 0.33143 1.00000 0.65625 0.86469 1.00000 0.48251 0.48879
133.00000 126.00000 0.23819 0.29691 1.00000 0.59794 0.64235 0.70803 0.69366 0.61718 0.61509 0.61255 0.85364 0.64514 0.89189 0.77524 0.61395 0.99374 0.65478 0.12859 1.00000 0.72917 0.85412 1.00000 0.62551 0.63263
133.00000 127.00000 0.00002 0.00166 1.00000 1.00000 0.98697 0.93664 0.92478 1.00000 1.00000 0.99368 0.99958 0.86921 1.00000 0.94463 0.99452 0.99377 0.66599 0.05990 1.00000 0.94792 1.00000 1.00000 0.97977 0.97759
133.00000 128.00000 0.99990 0.99762 1.00000 0.00000 0.13377 0.29928 0.26895 0.00000 0.00000 0.00313 0.62694 0.27019 0.24324 0.49267 0.00304 0.99259 0.54339 0.39572 0.00000 0.30208 0.62791 1.00000 0.00995 0.01422
133.00000 129.00000 0.47608 0.83254 1.00000 0.62699 0.66713 0.66482 0.56713 0.50794 0.50000 0.47239 0.86405 0.60025 0.40541 0.67752 0.46892 0.99355 0.50090 0.32048 0.00000 0.65625 0.86469 1.00000 0.48937 0.49363
133.00000 130.00000 0.59511 0.73634 0.00000 0.23809 0.01266 0.04803 0.08576 0.29318 0.20881 0.09264 0.00097 0.01973 0.02703 0.06596 0.08837 0.00135 0.06100 0.96093 0.00000 0.05208 0.00000 0.00000 0.13443 0.14264
133.00000 131.00000 0.99988 0.99762 1.00000 0.00000 0.13157 0.28184 0.24621 0.00000 0.00000 0.00446 0.62694 0.27365 0.24324 0.51140 0.00180 0.99264 0.55210 0.39096 0.00000 0.30208 0.62791 1.00000 0.01715 0.01728
133.00000 132.00000 0.47623 0.83135 1.00000 0.62699 0.66079 0.65859 0.55575 0.50794 0.50000 0.46881 0.86409 0.59760 0.40541 0.68241 0.47006 0.99358 0.49174 0.34549 0.00000 0.66667 0.86469 1.00000 0.48937 0.48972
133.00000 133.00000 0.47622 0.83207 1.00000 0.62699 0.66419 0.67070 0.55613 0.50794 0.50000 0.47098 0.86411 0.59352 0.37838 0.68974 0.47077 0.99355 0.49307 0.33223 1.00000 0.66667 0.86469 1.00000 0.48937 0.48652
133.00000 134.00000 0.23804 0.29691 1.00000 0.59794 0.64272 0.70066 0.71268 0.61718 0.61572 0.61470 0.85362 0.64041 0.89189 0.77362 0.61476 0.99391 0.63474 0.13126 1.00000 0.68750 0.85412 1.00000 0.63477 0.62309
133.00000 135.00000 0.00000 0.00000 1.00000 1.00000 0.98899 0.95170 0.93364 1.00000 1.00000 0.99153 0.99964 0.86418 1.00000 0.94788 0.99384 0.99369 0.67794 0.05441 1.00000 0.95833 1.00000 1.00000 0.97702 0.97447
133.00000 136.00000 0.00002 0.00000 1.00000 1.00000 0.98284 0.94907 0.93133 1.00000 1.00000 0.98991 0.99962 0.86745 1.00000 0.95358 0.99384 0.99366 0.65097 0.05811 1.00000 0.94792 1.00000 1.00000 0.97737 0.98175
133.00000 137.00000 0.00005 0.00000 1.00000 1.00000 0.98816 0.95712 0.94178 1.00000 1.00000 0.99189 0.99977 0.86372 1.00000 0.94463 0.99330 0.99369 0.66992 0.06008 1.00000 0.93750 1.00000 1.00000 0.97222 0.97755
133.00000 138.00000 0.99977 0.99762 1.00000 0.00000 0.13708 0.30251 0.26491 0.00000 0.00000 0.00382 0.62698 0.26835 0.24324 0.50407 0.00203 0.99234 0.54901 0.38481 0.00000 0.30208 0.62791 1.00000 0.01749 0.01791
133.00000 139.00000 0.00005 0.00024 1.00000 1.00000 0.98615 0.96308 0.95497 1.00000 1.00000 0.99091 0.99951 0.86379 1.00000 0.94381 0.99320 0.99369 0.66752 0.05415 1.00000 0.94792 1.00000 1.00000 0.97359 0.97505
133.00000 140.00000 0.59517 0.73634 0.00000 0.23809 0.01211 0.07189 0.08865 0.29318 0.20881 0.09102 0.00089 0.01778 0.02703 0.07736 0.08827 0.00132 0.04637 0.95540 0.00000 0.07292 0.00000 0.00000 0.13409 0.14102
133.00000 141.00000 0.99978 0.99952 1.00000 0.00000 0.12891 0.32905 0.27100 0.00000 0.00063 0.00191 0.62685 0.27255 0.24324 0.49674 0.00180 0.99220 0.54208 0.39572 0.00000 0.30208 0.62791 1.00000 0.00514 0.02022
133.00000 142.00000 0.83321 0.99810 1.00000 0.06027 0.18956 0.32656 0.27461 0.14659 0.14403 0.13737 0.65037 0.29863 0.24324 0.49186 0.13646 0.99270 0.49548 0.38273 0.00000 0.34375 0.65116 1.00000 0.15947 0.16489
133.00000 143.00000 0.99997 0.99846 1.00000 0.00000 0.12882 0.30001 0.27947 0.00000 0.00063 0.00358 0.62681 0.26883 0.24324 0.51059 0.00205 0.99220 0.55781 0.40374 0.00000 0.30208 0.62791 1.00000 0.00583 0.02174
133.00000 144.00000 0.23810 0.29929 1.00000 0.59794 0.64263 0.70717 0.72592 0.61718 0.61572 0.61241 0.85368 0.63365 0.89189 0.78257 0.61314 0.99410 0.64476 0.13046 1.00000 0.69792 0.85412 1.00000 0.62517 0.62412
133.00000 145.00000 0.59531 0.73717 0.00000 0.23809 0.01257 0.04383 0.07837 0.29318 0.20881 0.09255 0.00089 0.01732 0.02703 0.08062 0.08946 0.00113 0.03625 0.96617 0.00000 0.05208 0.00000 0.00000 0.13717 0.14178
133.00000 146.00000 0.99990 0.99762 1.00000 0.00000 0.13322 0.32821 0.27796 0.00000 0.00000 0.00511 0.62664 0.26500 0.24324 0.52199 0.00223 0.99223 0.54513 0.41187 0.00000 0.31250 0.62791 1.00000 0.01269 0.01708
133.00000 147.00000 0.99996 0.99917 1.00000 0.00000 0.13524 0.29898 0.27673 0.00000 0.00000 0.00231 0.62673 0.26538 0.24324 0.51059 0.00315 0.99220 0.54134 0.40576 0.00000 0.30208 0.62791 1.00000 0.01200 0.01977
133.00000 148.00000 0.59515 0.73741 0.00000 0.23809 0.00908 0.04118 0.09570 0.29318 0.20881 0.09023 0.00076 0.01904 0.02703 0.06433 0.08794 0.00116 0.03737 0.95734 0.00000 0.06250 0.00000 0.00000 0.13683 0.14858
133.00000 149.00000 0.23809 0.29691 1.00000 0.59794 0.64520 0.73035 0.73502 0.61718 0.61572 0.61143 0.85368 0.63769 0.89189 0.79316 0.61228 0.99410 0.63650 0.13463 1.00000 0.71875 0.85412 1.00000 0.62723 0.62805
133.00000 150.00000 0.83334 0.99762 1.00000 0.06027 0.19075 0.36766 0.29820 0.14659 0.14403 0.13649 0.65025 0.28359 0.24324 0.51059 0.13562 0.99275 0.49079 0.40707 0.00000 0.35417 0.65116 1.00000 0.15398 0.15870
133.00000 151.00000 0.83318 0.99822 1.00000 0.06027 0.19176 0.34685 0.27923 0.14659 0.14403 0.13606 0.65031 0.29172 0.24324 0.50977 0.13514 0.99253 0.49933 0.39085 0.00000 0.33333 0.65116 1.00000 0.15501 0.16418
133.00000 152.00000 0.99999 0.99762 1.00000 0.00000 0.13322 0.32829 0.28467 0.00000 0.00063 0.00181 0.62649 0.26756 0.24324 0.51710 0.00378 0.99209 0.52644 0.40876 0.00000 0.33333 0.62791 1.00000 0.01372 0.01780
133.00000 153.00000 0.47608 0.83135 1.00000 0.62699 0.66740 0.66905 0.59965 0.50794 0.50000 0.46931 0.86417 0.59584 0.37838 0.70358 0.46914 0.99372 0.47946 0.35332 1.00000 0.66667 0.86469 1.00000 0.48148 0.48615
133.00000 154.00000 0.59524 0.73789 0.00000 0.23809 0.01798 0.06973 0.10957 0.29318 0.20881 0.09069 0.00065 0.01601 0.02703 0.07166 0.08895 0.00107 0.03704 0.99063 0.00000 0.07292 0.00000 0.00000 0.13786 0.13776
133.00000 155.00000 0.47627 0.83254 1.00000 0.62699 0.66694 0.66957 0.59625 0.50794 0.50000 0.46902 0.86411 0.59152 0.40541 0.70765 0.47016 0.99369 0.47253 0.34498 1.00000 0.65625 0.86469 1.00000 0.48080 0.49098
133.00000 156.00000 0.47610 0.83302 1.00000 0.62699 0.66290 0.68140 0.58723 0.50794 0.50000 0.46912 0.86428 0.59426 0.37838 0.72231 0.47008 0.99372 0.47194 0.35391 1.00000 0.67708 0.86469 1.00000 0.48011 0.48230
133.00000 157.00000 0.47626 0.83135 1.00000 0.62699 0.66933 0.68343 0.59638 0.50794 0.50000 0.46730 0.86413 0.58670 0.37838 0.71336 0.46770 0.99363 0.46718 0.34893 1.00000 0.67708 0.86469 1.00000 0.48114 0.48611
133.00000 158.00000 0.99988 0.99762 1.00000 0.00000 0.13882 0.34081 0.29796 0.00000 0.00063 0.00372 0.62651 0.26747 0.24324 0.53664 0.00429 0.99173 0.52121 0.41535 0.00000 0.31250 0.62791 1.00000 0.01269 0.00879
133.00000 159.00000 0.99998 0.99762 1.00000 0.00000 0.13451 0.32030 0.27562 0.00000 0.00063 0.00303 0.62632 0.26586 0.24324 0.52443 0.00261 0.99179 0.52299 0.41341 0.00000 0.30208 0.62791 1.00000 0.00309 0.01629
