161.00000 1.00000 0.00001 0.00000 1.00000 1.00000 0.98615 0.96709 0.93975 1.00000 1.00000 0.99294 0.99956 0.86605 1.00000 0.91857 0.99363 0.99358 0.66071 0.04947 1.00000 0.94792 1.00000 1.00000 0.97908 0.98668
161.00000 2.00000 0.47620 0.83135 1.00000 0.62699 0.66336 0.64887 0.55252 0.50794 0.50000 0.47077 0.86390 0.58319 0.40541 0.66612 0.47084 0.99336 0.47451 0.32707 1.00000 0.64583 0.86469 1.00000 0.49280 0.49084
161.00000 3.00000 0.23818 0.29691 1.00000 0.59794 0.63639 0.69828 0.69220 0.61718 0.61509 0.61233 0.85341 0.63153 0.89189 0.75407 0.61436 0.99363 0.63688 0.12855 1.00000 0.69792 0.85412 1.00000 0.62826 0.63451
161.00000 4.00000 0.00003 0.00024 1.00000 1.00000 0.98569 0.94764 0.91759 1.00000 1.00000 0.99344 0.99947 0.85582 1.00000 0.91857 0.99305 0.99369 0.64488 0.05236 1.00000 0.94792 1.00000 1.00000 0.98114 0.98464
161.00000 5.00000 0.23804 0.29691 1.00000 0.59794 0.63712 0.70727 0.69364 0.61718 0.61572 0.61241 0.85351 0.63533 0.89189 0.75814 0.61458 0.99361 0.63524 0.12690 1.00000 0.69792 0.85412 1.00000 0.62826 0.62928
161.00000 6.00000 0.23822 0.29751 1.00000 0.59794 0.63437 0.69473 0.68830 0.61718 0.61572 0.61410 0.85332 0.63140 0.89189 0.74756 0.61418 0.99369 0.63933 0.11083 1.00000 0.69792 0.85412 1.00000 0.62449 0.63590
161.00000 7.00000 0.00004 0.00000 1.00000 1.00000 0.97881 0.95016 0.93188 1.00000 1.00000 0.99463 0.99958 0.86404 1.00000 0.92752 0.99635 0.99347 0.65195 0.04141 1.00000 0.93750 1.00000 1.00000 0.98251 0.98187
161.00000 8.00000 0.59520 0.73634 0.00000 0.23809 0.01211 0.04437 0.05685 0.29318 0.20881 0.09231 0.00074 0.01107 0.02703 0.05212 0.09053 0.00113 0.03306 0.94076 0.00000 0.04167 0.00000 0.00000 0.13923 0.14918
161.00000 9.00000 0.47626 0.83147 1.00000 0.62699 0.66125 0.65659 0.55199 0.50794 0.50000 0.47289 0.86388 0.59307 0.37838 0.67020 0.47097 0.99328 0.47827 0.31861 0.00000 0.65625 0.86469 1.00000 0.48765 0.48757
161.00000 10.00000 0.00004 0.00119 1.00000 1.00000 0.98073 0.93455 0.92389 1.00000 1.00000 0.99363 0.99956 0.86013 1.00000 0.92671 0.99589 0.99361 0.65464 0.04269 1.00000 0.91667 1.00000 1.00000 0.98251 0.98238
161.00000 11.00000 0.47621 0.83290 1.00000 0.62699 0.66465 0.65337 0.53582 0.50794 0.50000 0.47067 0.86390 0.59489 0.40541 0.67345 0.47150 0.99336 0.48189 0.32304 0.00000 0.65625 0.86469 1.00000 0.49417 0.49668
161.00000 12.00000 0.47621 0.83135 1.00000 0.62699 0.66336 0.64017 0.56494 0.50794 0.50000 0.47048 0.86384 0.58761 0.40541 0.66124 0.47252 0.99333 0.48558 0.32583 0.00000 0.65625 0.86469 1.00000 0.48937 0.49452
161.00000 13.00000 0.99983 0.99762 1.00000 0.00000 0.13203 0.29148 0.25227 0.00000 0.00063 0.00375 0.62679 0.26304 0.24324 0.47964 0.00304 0.99206 0.53658 0.36588 0.00000 0.29167 0.62791 1.00000 0.01612 0.01502
161.00000 14.00000 0.23809 0.29691 1.00000 0.59794 0.63373 0.69489 0.69985 0.61718 0.61509 0.61427 0.85338 0.63588 0.89189 0.77036 0.61370 0.99372 0.64795 0.12603 1.00000 0.67708 0.85412 1.00000 0.62757 0.62864
161.00000 15.00000 0.99977 0.99762 1.00000 0.00000 0.13166 0.29021 0.24958 0.00000 0.00000 0.00305 0.62675 0.26144 0.24324 0.47964 0.00474 0.99217 0.52694 0.38609 0.00000 0.29167 0.62791 1.00000 0.01029 0.01612
161.00000 16.00000 0.59517 0.73777 0.00000 0.23809 0.01734 0.04459 0.05406 0.29318 0.20818 0.09174 0.00078 0.01503 0.02703 0.05537 0.08999 0.00121 0.03968 0.94548 0.00000 0.05208 0.00000 0.00000 0.14849 0.14457
161.00000 17.00000 0.00005 0.00000 1.00000 1.00000 0.98706 0.92372 0.92006 1.00000 1.00000 0.99508 0.99951 0.85455 1.00000 0.91694 0.99594 0.99339 0.65254 0.04287 1.00000 0.94792 1.00000 1.00000 0.98765 0.97480
161.00000 18.00000 0.83331 0.99762 1.00000 0.06027 0.18488 0.34119 0.24467 0.14659 0.14403 0.13665 0.65025 0.28449 0.24324 0.47476 0.13778 0.99261 0.49336 0.36581 0.00000 0.33333 0.65116 1.00000 0.15912 0.16847
161.00000 19.00000 0.83336 0.99857 1.00000 0.06027 0.18671 0.30779 0.26041 0.14659 0.14403 0.13646 0.65014 0.28239 0.24324 0.47150 0.13687 0.99253 0.49700 0.36790 0.00000 0.31250 0.65116 1.00000 0.15947 0.16296
161.00000 20.00000 0.23809 0.29715 1.00000 0.59794 0.63336 0.69229 0.68866 0.61718 0.61572 0.61493 0.85341 0.63292 0.89189 0.77443 0.61418 0.99361 0.64326 0.12592 1.00000 0.69792 0.85412 1.00000 0.62963 0.62872
161.00000 21.00000 0.99998 0.99952 1.00000 0.00000 0.13194 0.30148 0.24255 0.00000 0.00000 0.00473 0.62681 0.26128 0.24324 0.49104 0.00454 0.99212 0.52152 0.37756 0.00000 0.28125 0.62791 1.00000 0.01372 0.01688
161.00000 22.00000 0.83317 0.99929 1.00000 0.06027 0.18864 0.34853 0.25081 0.14659 0.14403 0.13816 0.65020 0.28771 0.24324 0.46498 0.13697 0.99259 0.48550 0.37064 0.00000 0.33333 0.65116 1.00000 0.16187 0.16569
161.00000 23.00000 0.99980 0.99976 1.00000 0.00000 0.12864 0.30359 0.25317 0.00000 0.00063 0.00396 0.62679 0.26185 0.24324 0.49430 0.00309 0.99217 0.53532 0.38093 0.00000 0.31250 0.62791 1.00000 0.01749 0.01574
161.00000 24.00000 0.23812 0.29857 1.00000 0.59794 0.63832 0.68717 0.68594 0.61718 0.61509 0.61544 0.85343 0.63822 0.89189 0.74837 0.61514 0.99372 0.63196 0.12057 1.00000 0.68750 0.85412 1.00000 0.62963 0.63780
161.00000 25.00000 0.99986 0.99762 1.00000 0.00000 0.12836 0.29346 0.24173 0.00000 0.00000 0.00449 0.62666 0.26830 0.24324 0.48779 0.00190 0.99226 0.52599 0.39393 0.00000 0.29167 0.62791 1.00000 0.01543 0.02045
161.00000 26.00000 0.00006 0.00131 1.00000 1.00000 0.98174 0.94864 0.93504 1.00000 1.00000 0.99585 0.99958 0.86347 1.00000 0.92182 0.99419 0.99361 0.64962 0.04892 1.00000 0.95833 1.00000 1.00000 0.98080 0.98333
161.00000 27.00000 0.83332 0.99762 1.00000 0.06027 0.18635 0.33816 0.29237 0.14659 0.14403 0.13503 0.65014 0.28007 0.24324 0.47476 0.13783 0.99250 0.48467 0.36669 0.00000 0.32292 0.65116 1.00000 0.15878 0.16544
161.00000 28.00000 0.47624 0.83230 1.00000 0.62699 0.65933 0.64475 0.55936 0.50794 0.50000 0.47251 0.86403 0.58940 0.40541 0.67915 0.47069 0.99333 0.47825 0.32323 0.00000 0.65625 0.86469 1.00000 0.48594 0.49100
161.00000 29.00000 0.83333 0.99762 1.00000 0.06027 0.18515 0.34005 0.25675 0.14659 0.14403 0.13832 0.65018 0.28630 0.24324 0.47068 0.13672 0.99261 0.49553 0.38218 0.00000 0.32292 0.65116 1.00000 0.15706 0.16845
161.00000 30.00000 0.99996 0.99893 1.00000 0.00000 0.13276 0.29744 0.24862 0.00000 0.00000 0.00482 0.62668 0.25963 0.24324 0.46743 0.00284 0.99215 0.53946 0.39133 0.00000 0.29167 0.62791 1.00000 0.00754 0.02651
161.00000 31.00000 0.99986 0.99762 1.00000 0.00000 0.13084 0.31039 0.23860 0.00000 0.00063 0.00265 0.62677 0.26332 0.24324 0.48371 0.00368 0.99220 0.53085 0.39389 0.00000 0.29167 0.62791 1.00000 0.01509 0.02208
161.00000 32.00000 0.99994 0.99762 1.00000 0.00000 0.12790 0.28539 0.25326 0.00000 0.00000 0.00329 0.62673 0.25851 0.24324 0.48616 0.00426 0.99220 0.53092 0.38174 0.00000 0.28125 0.62791 1.00000 0.01029 0.01502
161.00000 33.00000 0.99995 0.99762 1.00000 0.00000 0.12726 0.27758 0.24647 0.00000 0.00000 0.00616 0.62683 0.26479 0.24324 0.48290 0.00241 0.99215 0.52085 0.37932 0.00000 0.29167 0.62791 1.00000 0.01406 0.01206
161.00000 34.00000 0.99985 0.99786 1.00000 0.00000 0.13130 0.30064 0.23405 0.00000 0.00000 0.00308 0.62679 0.26386 0.24324 0.47638 0.00350 0.99228 0.52897 0.38229 0.00000 0.28125 0.62791 1.00000 0.00857 0.01485
161.00000 35.00000 0.23812 0.29881 1.00000 0.59794 0.63529 0.69711 0.70040 0.61718 0.61509 0.61398 0.85345 0.63933 0.89189 0.76384 0.61415 0.99363 0.63893 0.11013 1.00000 0.69792 0.85412 1.00000 0.62997 0.63187
161.00000 36.00000 0.99979 0.99988 1.00000 0.00000 0.12873 0.30624 0.24968 0.00000 0.00000 0.00329 0.62673 0.26625 0.24324 0.47313 0.00251 0.99228 0.53770 0.37441 0.00000 0.30208 0.62791 1.00000 0.01509 0.02145
161.00000 37.00000 0.47625 0.83314 1.00000 0.62699 0.66199 0.67501 0.55745 0.50794 0.50000 0.47103 0.86373 0.59373 0.40541 0.68322 0.47054 0.99328 0.47315 0.33128 0.00000 0.66667 0.86469 1.00000 0.48148 0.49321
161.00000 38.00000 0.99987 0.99881 1.00000 0.00000 0.13065 0.30746 0.24397 0.00000 0.00000 0.00427 0.62677 0.26317 0.24324 0.48371 0.00487 0.99237 0.52906 0.38690 0.00000 0.29167 0.62791 1.00000 0.01097 0.02335
161.00000 39.00000 0.83315 0.99893 1.00000 0.06027 0.18818 0.32862 0.27341 0.14659 0.14403 0.13687 0.65027 0.28778 0.24324 0.47068 0.13773 0.99245 0.50409 0.36372 0.00000 0.33333 0.65116 1.00000 0.16289 0.16532
161.00000 40.00000 0.83336 0.99762 1.00000 0.06027 0.18479 0.33875 0.26067 0.14659 0.14403 0.13768 0.65023 0.28495 0.24324 0.46824 0.13606 0.99253 0.47796 0.36515 0.00000 0.31250 0.65116 1.00000 0.16804 0.16708
161.00000 41.00000 0.83335 0.99762 1.00000 0.06027 0.18800 0.34019 0.27115 0.14659 0.14403 0.13536 0.65025 0.28708 0.24324 0.45928 0.13618 0.99267 0.47363 0.36603 0.00000 0.33333 0.65116 1.00000 0.16152 0.16297
161.00000 42.00000 0.83328 0.99762 1.00000 0.06027 0.18690 0.32938 0.25507 0.14659 0.14403 0.13770 0.65006 0.28464 0.24324 0.47883 0.13613 0.99256 0.48819 0.35523 0.00000 0.31250 0.65116 1.00000 0.16187 0.17024
161.00000 43.00000 0.83329 0.99762 1.00000 0.06027 0.18782 0.33176 0.26734 0.14659 0.14403 0.13849 0.65037 0.29458 0.24324 0.47557 0.13687 0.99270 0.50267 0.35856 0.00000 0.34375 0.65116 1.00000 0.15912 0.16465
161.00000 44.00000 0.47627 0.83314 1.00000 0.62699 0.66024 0.64909 0.55425 0.50794 0.50000 0.47086 0.86388 0.58949 0.40541 0.67915 0.46952 0.99344 0.47970 0.32491 0.00000 0.65625 0.86469 1.00000 0.48663 0.49321
161.00000 45.00000 0.99990 0.99762 1.00000 0.00000 0.13148 0.29311 0.22731 0.00000 0.00063 0.00358 0.62662 0.26288 0.24324 0.48860 0.00416 0.99226 0.53480 0.38057 0.00000 0.29167 0.62791 1.00000 0.00995 0.02164
161.00000 46.00000 0.59514 0.73753 0.00000 0.23809 0.01018 0.04776 0.07450 0.29318 0.20881 0.09281 0.00080 0.01303 0.02703 0.03827 0.08842 0.00102 0.04853 0.95266 0.00000 0.03125 0.00000 0.00000 0.13923 0.14697
161.00000 47.00000 0.47611 0.83135 1.00000 0.62699 0.66079 0.67867 0.55919 0.50794 0.50000 0.47098 0.86392 0.58812 0.40541 0.67915 0.46940 0.99325 0.46723 0.32619 0.00000 0.63542 0.86469 1.00000 0.48663 0.49238
161.00000 48.00000 0.23820 0.29703 1.00000 0.59794 0.63703 0.70026 0.68228 0.61718 0.61509 0.61415 0.85341 0.63676 0.89189 0.75326 0.61405 0.99369 0.64752 0.11954 1.00000 0.68750 0.85412 1.00000 0.63066 0.62965
161.00000 49.00000 0.00001 0.00190 1.00000 1.00000 0.98009 0.94444 0.93328 1.00000 1.00000 0.99401 0.99949 0.86071 1.00000 0.91368 0.99513 0.99350 0.64052 0.03486 1.00000 0.93750 1.00000 1.00000 0.98045 0.98284
161.00000 50.00000 0.99992 0.99762 1.00000 0.00000 0.12836 0.31169 0.25434 0.00000 0.00063 0.00580 0.62673 0.26544 0.24324 0.47557 0.00406 0.99215 0.52885 0.38825 0.00000 0.30208 0.62791 1.00000 0.01783 0.01712
161.00000 51.00000 0.00001 0.00000 1.00000 1.00000 0.98734 0.92621 0.91207 1.00000 1.00000 0.99399 0.99954 0.86094 1.00000 0.92834 0.99406 0.99358 0.65809 0.03921 1.00000 0.93750 1.00000 1.00000 0.97874 0.98299
161.00000 52.00000 0.23800 0.29798 1.00000 0.59794 0.63455 0.70367 0.69424 0.61718 0.61509 0.61467 0.85351 0.63392 0.89189 0.76221 0.61489 0.99361 0.64626 0.11446 1.00000 0.68750 0.85412 1.00000 0.63203 0.62953
161.00000 53.00000 0.99988 0.99762 1.00000 0.00000 0.12717 0.29091 0.24857 0.00000 0.00000 0.00317 0.62683 0.26391 0.24324 0.49104 0.00350 0.99231 0.53408 0.39624 0.00000 0.29167 0.62791 1.00000 0.01200 0.01846
161.00000 54.00000 0.47627 0.83325 1.00000 0.62699 0.66135 0.66333 0.54299 0.50794 0.49937 0.47060 0.86384 0.59179 0.40541 0.67834 0.46973 0.99330 0.47244 0.33685 0.00000 0.65625 0.86469 1.00000 0.48937 0.48540
161.00000 55.00000 0.99992 0.99762 1.00000 0.00000 0.12827 0.32328 0.25338 0.00000 0.00063 0.00315 0.62677 0.26250 0.24324 0.47150 0.00226 0.99248 0.54679 0.38229 0.00000 0.27083 0.62791 1.00000 0.01475 0.01556
161.00000 56.00000 0.99995 0.99762 1.00000 0.00000 0.13120 0.30521 0.24132 0.00000 0.00063 0.00356 0.62675 0.26717 0.24324 0.47476 0.00312 0.99215 0.53620 0.38364 0.00000 0.28125 0.62791 1.00000 0.01063 0.02071
161.00000 57.00000 0.99992 0.99762 1.00000 0.00000 0.13442 0.29831 0.22871 0.00000 0.00000 0.00442 0.62679 0.26756 0.24324 0.48534 0.00528 0.99231 0.53368 0.38829 0.00000 0.29167 0.62791 1.00000 0.01166 0.01583
161.00000 58.00000 0.23823 0.29881 1.00000 0.59794 0.63969 0.71082 0.67913 0.61718 0.61509 0.61496 0.85336 0.63570 0.89189 0.77117 0.61342 0.99366 0.64124 0.11808 1.00000 0.70833 0.85412 1.00000 0.62311 0.63310
161.00000 59.00000 0.99979 0.99762 1.00000 0.00000 0.12744 0.29977 0.26684 0.00000 0.00000 0.00449 0.62679 0.26282 0.24324 0.48046 0.00342 0.99223 0.52961 0.37734 0.00000 0.28125 0.62791 1.00000 0.02332 0.01845
161.00000 60.00000 0.00006 0.00000 1.00000 1.00000 0.98550 0.93569 0.93595 1.00000 1.00000 0.99499 0.99954 0.86465 1.00000 0.92752 0.99419 0.99358 0.66149 0.04544 1.00000 0.92708 1.00000 1.00000 0.97737 0.97954
161.00000 61.00000 0.00005 0.00071 1.00000 1.00000 0.98459 0.93108 0.94327 1.00000 1.00000 0.99427 0.99956 0.85611 1.00000 0.92671 0.99450 0.99355 0.63648 0.05210 1.00000 0.93750 1.00000 1.00000 0.98594 0.98905
161.00000 62.00000 0.99986 0.99929 1.00000 0.00000 0.12744 0.28609 0.24758 0.00000 0.00063 0.00461 0.62681 0.26516 0.24324 0.48616 0.00337 0.99223 0.53573 0.38792 0.00000 0.29167 0.62791 1.00000 0.00720 0.01713
161.00000 63.00000 0.59514 0.73634 0.00000 0.23809 0.01202 0.03814 0.06063 0.29318 0.20881 0.09102 0.00080 0.00819 0.02703 0.04886 0.09022 0.00121 0.04682 0.94574 0.00000 0.05208 0.00000 0.00000 0.13683 0.14269
161.00000 64.00000 0.59520 0.73705 0.00000 0.23809 0.00826 0.04602 0.07091 0.29318 0.20881 0.09312 0.00059 0.01011 0.02703 0.04397 0.09167 0.00107 0.03382 0.95540 0.00000 0.04167 0.00000 0.00000 0.14678 0.14327
161.00000 65.00000 0.59521 0.73634 0.00000 0.23809 0.00670 0.04424 0.07310 0.29318 0.20818 0.09181 0.00093 0.01740 0.02703 0.05130 0.08977 0.00116 0.02680 0.94383 0.00000 0.05208 0.00000 0.00000 0.14060 0.14132
161.00000 66.00000 0.83333 0.99762 1.00000 0.06027 0.18772 0.34070 0.25858 0.14659 0.14403 0.13725 0.65027 0.28920 0.24324 0.47557 0.13623 0.99261 0.48869 0.36343 0.00000 0.32292 0.65116 1.00000 0.14952 0.16234
161.00000 67.00000 0.83326 0.99762 1.00000 0.06027 0.18470 0.33065 0.26207 0.14659 0.14403 0.13672 0.65008 0.28946 0.24324 0.47557 0.13512 0.99267 0.47358 0.38401 0.00000 0.32292 0.65116 1.00000 0.15809 0.16407
161.00000 68.00000 0.23824 0.29846 1.00000 0.59794 0.63859 0.69140 0.69795 0.61718 0.61572 0.61508 0.85336 0.63274 0.89189 0.76710 0.61418 0.99380 0.64419 0.12408 1.00000 0.70833 0.85412 1.00000 0.63169 0.63256
161.00000 69.00000 0.59510 0.73670 0.00000 0.23809 0.00982 0.05578 0.05606 0.29318 0.20818 0.09331 0.00074 0.01831 0.02703 0.04397 0.08974 0.00110 0.04360 0.93300 0.00000 0.03125 0.00000 0.00000 0.13889 0.15141
161.00000 70.00000 0.99979 0.99857 1.00000 0.00000 0.12597 0.29744 0.25988 0.00000 0.00063 0.00322 0.62679 0.26832 0.24324 0.48534 0.00292 0.99256 0.53970 0.38199 0.00000 0.29167 0.62791 1.00000 0.01337 0.01381
161.00000 71.00000 0.99980 0.99786 1.00000 0.00000 0.13047 0.29427 0.25557 0.00000 0.00000 0.00506 0.62679 0.26556 0.24324 0.49674 0.00358 0.99220 0.53592 0.39243 0.00000 0.29167 0.62791 1.00000 0.01543 0.01969
161.00000 72.00000 0.99982 0.99762 1.00000 0.00000 0.12790 0.31061 0.24823 0.00000 0.00000 0.00494 0.62685 0.26896 0.24324 0.48616 0.00170 0.99217 0.53646 0.38368 0.00000 0.29167 0.62791 1.00000 0.00789 0.01564
161.00000 73.00000 0.59512 0.73824 0.00000 0.23809 0.01385 0.04716 0.06756 0.29318 0.20818 0.09269 0.00089 0.01653 0.02703 0.04479 0.08883 0.00113 0.04482 0.94933 0.00000 0.05208 0.00000 0.00000 0.13786 0.14387
161.00000 74.00000 0.47617 0.83171 1.00000 0.62699 0.66300 0.65946 0.55081 0.50794 0.50000 0.47205 0.86400 0.58926 0.37838 0.67590 0.47069 0.99339 0.48312 0.32777 0.00000 0.63542 0.86469 1.00000 0.48971 0.48815
161.00000 75.00000 0.59517 0.73634 0.00000 0.23809 0.01037 0.06957 0.07014 0.29318 0.20881 0.09312 0.00080 0.01266 0.02703 0.04316 0.09002 0.00127 0.03837 0.94054 0.00000 0.03125 0.00000 0.00000 0.14438 0.14731
161.00000 76.00000 0.47625 0.83302 1.00000 0.62699 0.65914 0.68029 0.53582 0.50794 0.49937 0.47022 0.86392 0.59633 0.40541 0.67508 0.47107 0.99350 0.47448 0.32726 0.00000 0.64583 0.86469 1.00000 0.48320 0.49301
161.00000 77.00000 0.83322 0.99762 1.00000 0.06027 0.18653 0.33271 0.26003 0.14659 0.14403 0.13887 0.65023 0.28929 0.24324 0.47720 0.13712 0.99281 0.49426 0.36771 0.00000 0.31250 0.65116 1.00000 0.16015 0.16730
161.00000 78.00000 0.23805 0.29691 1.00000 0.59794 0.63015 0.69172 0.70091 0.61718 0.61509 0.61462 0.85351 0.63575 0.89189 0.76059 0.61250 0.99355 0.63296 0.12108 1.00000 0.69792 0.85412 1.00000 0.63409 0.62910
161.00000 79.00000 0.83322 0.99762 1.00000 0.06027 0.18690 0.34290 0.24693 0.14659 0.14403 0.13749 0.65008 0.28938 0.24324 0.47068 0.13641 0.99267 0.50595 0.36625 0.00000 0.31250 0.65116 1.00000 0.15466 0.16740
161.00000 80.00000 0.83331 0.99762 1.00000 0.06027 0.18378 0.33870 0.25569 0.14659 0.14403 0.13749 0.65029 0.29207 0.24324 0.46743 0.13557 0.99270 0.49231 0.37577 0.00000 0.32292 0.65116 1.00000 0.15535 0.16750
161.00000 81.00000 0.23801 0.29715 1.00000 0.59794 0.63630 0.71074 0.68644 0.61718 0.61509 0.61431 0.85347 0.63136 0.89189 0.77524 0.61372 0.99372 0.63945 0.12053 1.00000 0.70833 0.85412 1.00000 0.63443 0.62927
161.00000 82.00000 0.23818 0.29739 1.00000 0.59794 0.64098 0.71556 0.69583 0.61718 0.61509 0.61314 0.85347 0.63802 0.89189 0.76221 0.61431 0.99363 0.63488 0.12075 1.00000 0.68750 0.85412 1.00000 0.62003 0.62954
161.00000 83.00000 0.23802 0.29691 1.00000 0.59794 0.63850 0.70256 0.70048 0.61718 0.61509 0.61548 0.85355 0.63404 0.89189 0.76547 0.61306 0.99374 0.64767 0.13423 1.00000 0.68750 0.85412 1.00000 0.61934 0.62820
161.00000 84.00000 0.99987 0.99952 1.00000 0.00000 0.12882 0.30727 0.24650 0.00000 0.00000 0.00475 0.62675 0.26411 0.24324 0.49023 0.00358 0.99226 0.52330 0.39148 0.00000 0.29167 0.62791 1.00000 0.01132 0.02100
161.00000 85.00000 0.23804 0.29703 1.00000 0.59794 0.63621 0.69695 0.68844 0.61718 0.61509 0.61453 0.85345 0.63464 0.89189 0.74837 0.61357 0.99372 0.64045 0.12873 1.00000 0.67708 0.85412 1.00000 0.62277 0.62888
161.00000 86.00000 0.59520 0.73658 0.00000 0.23809 0.01165 0.05258 0.06041 0.29318 0.20818 0.09176 0.00078 0.01052 0.02703 0.04723 0.09121 0.00105 0.04230 0.93977 0.00000 0.06250 0.00000 0.00000 0.13992 0.13693
161.00000 87.00000 0.59531 0.73812 0.00000 0.23809 0.01340 0.05578 0.05469 0.29318 0.20881 0.09176 0.00076 0.01411 0.02703 0.06107 0.09020 0.00110 0.04737 0.94394 0.00000 0.02083 0.00000 0.00000 0.13752 0.13814
161.00000 88.00000 0.59529 0.73646 0.00000 0.23809 0.01055 0.05719 0.06330 0.29318 0.20881 0.09291 0.00076 0.00907 0.02703 0.04153 0.08979 0.00105 0.05446 0.94380 0.00000 0.04167 0.00000 0.00000 0.14060 0.14404
161.00000 89.00000 0.99995 0.99798 1.00000 0.00000 0.13111 0.30619 0.26655 0.00000 0.00063 0.00494 0.62675 0.25960 0.24324 0.49267 0.00317 0.99220 0.53580 0.38705 0.00000 0.29167 0.62791 1.00000 0.01509 0.01915
161.00000 90.00000 0.99989 0.99762 1.00000 0.00000 0.13176 0.30727 0.24147 0.00000 0.00000 0.00399 0.62675 0.26383 0.24324 0.48371 0.00244 0.99220 0.53389 0.38324 0.00000 0.31250 0.62791 1.00000 0.01715 0.01844
161.00000 91.00000 0.83331 0.99762 1.00000 0.06027 0.18690 0.34411 0.25639 0.14659 0.14403 0.13789 0.65016 0.29159 0.24324 0.46254 0.13595 0.99272 0.50459 0.36621 0.00000 0.33333 0.65116 1.00000 0.15604 0.16273
161.00000 92.00000 0.00006 0.00000 1.00000 1.00000 0.98192 0.96435 0.94830 1.00000 1.00000 0.99437 0.99949 0.86602 1.00000 0.93567 0.99477 0.99374 0.65442 0.04657 1.00000 0.94792 1.00000 1.00000 0.98251 0.98398
161.00000 93.00000 0.47616 0.83254 1.00000 0.62699 0.66667 0.67661 0.57310 0.50794 0.49937 0.47012 0.86388 0.59091 0.40541 0.67427 0.47021 0.99344 0.47287 0.33304 0.00000 0.64583 0.86469 1.00000 0.48045 0.49655
161.00000 94.00000 0.00003 0.00190 1.00000 1.00000 0.98238 0.94815 0.93987 1.00000 1.00000 0.99325 0.99943 0.85977 1.00000 0.91531 0.99373 0.99358 0.66173 0.04507 1.00000 0.92708 1.00000 1.00000 0.98285 0.98283
161.00000 95.00000 0.23812 0.29798 1.00000 0.59794 0.64061 0.70042 0.70238 0.61718 0.61509 0.61365 0.85345 0.64239 0.89189 0.77036 0.61413 0.99372 0.64312 0.13814 1.00000 0.68750 0.85412 1.00000 0.62483 0.63628
161.00000 96.00000 0.23813 0.29691 1.00000 0.59794 0.63309 0.69630 0.69116 0.61718 0.61572 0.61458 0.85353 0.63068 0.89189 0.75163 0.61415 0.99385 0.63500 0.13463 1.00000 0.68750 0.85412 1.00000 0.62654 0.63100
161.00000 97.00000 0.99985 0.99762 1.00000 0.00000 0.13276 0.30302 0.26072 0.00000 0.00063 0.00518 0.62683 0.26262 0.24324 0.48534 0.00317 0.99223 0.53784 0.38690 0.00000 0.29167 0.62791 1.00000 0.02160 0.01381
161.00000 98.00000 0.23814 0.29691 1.00000 0.59794 0.64309 0.68896 0.69730 0.61718 0.61572 0.61391 0.85357 0.63381 0.89189 0.76873 0.61319 0.99366 0.65849 0.13159 1.00000 0.70833 0.85412 1.00000 0.62963 0.62929
161.00000 99.00000 0.99998 0.99846 1.00000 0.00000 0.12919 0.30337 0.25420 0.00000 0.00063 0.00217 0.62677 0.26869 0.24324 0.48941 0.00246 0.99223 0.53718 0.38375 0.00000 0.31250 0.62791 1.00000 0.01680 0.02500
161.00000 100.00000 0.47607 0.83207 1.00000 0.62699 0.66162 0.65835 0.55654 0.50794 0.50000 0.47124 0.86398 0.59236 0.40541 0.67915 0.47166 0.99341 0.48110 0.33440 0.00000 0.64583 0.86469 1.00000 0.49005 0.48820
161.00000 101.00000 0.99983 0.99762 1.00000 0.00000 0.12854 0.28487 0.25817 0.00000 0.00063 0.00427 0.62673 0.26273 0.24324 0.49756 0.00380 0.99226 0.53499 0.38507 0.00000 0.29167 0.62791 1.00000 0.01029 0.02057
161.00000 102.00000 0.99988 0.99762 1.00000 0.00000 0.13322 0.31093 0.26903 0.00000 0.00000 0.00289 0.62668 0.26222 0.24324 0.47394 0.00408 0.99234 0.52435 0.39470 0.00000 0.30208 0.62791 1.00000 0.01269 0.01497
161.00000 103.00000 0.47613 0.83219 1.00000 0.62699 0.66529 0.66737 0.56121 0.50794 0.50000 0.47091 0.86394 0.59441 0.40541 0.68160 0.47094 0.99341 0.48848 0.32594 0.00000 0.65625 0.86469 1.00000 0.48663 0.49268
161.00000 104.00000 0.99997 0.99762 1.00000 0.00000 0.13387 0.31155 0.26250 0.00000 0.00000 0.00461 0.62677 0.26205 0.24324 0.49837 0.00495 0.99239 0.53563 0.38093 0.00000 0.28125 0.62791 1.00000 0.00926 0.01373
161.00000 105.00000 0.59514 0.73765 0.00000 0.23809 0.01505 0.05575 0.07830 0.29318 0.20881 0.09274 0.00084 0.01968 0.02703 0.06352 0.09042 0.00113 0.04420 0.94479 0.00000 0.04167 0.00000 0.00000 0.13923 0.14909
161.00000 106.00000 0.59512 0.73860 0.00000 0.23809 0.01321 0.04581 0.08694 0.29318 0.20881 0.09341 0.00082 0.01125 0.02703 0.05130 0.09040 0.00113 0.02713 0.95954 0.00000 0.05208 0.00000 0.00000 0.13889 0.14167
161.00000 107.00000 0.00006 0.00154 1.00000 1.00000 0.98477 0.94712 0.93347 1.00000 1.00000 0.99255 0.99951 0.86622 1.00000 0.93078 0.99320 0.99374 0.65383 0.04024 1.00000 0.95833 1.00000 1.00000 0.98148 0.98140
161.00000 108.00000 0.00006 0.00000 1.00000 1.00000 0.98991 0.92393 0.93975 1.00000 1.00000 0.99286 0.99949 0.86191 1.00000 0.91938 0.99333 0.99355 0.66454 0.05613 1.00000 0.94792 1.00000 1.00000 0.98251 0.97433
161.00000 109.00000 0.00002 0.00095 1.00000 1.00000 0.98339 0.96124 0.93814 1.00000 1.00000 0.99220 0.99947 0.85810 1.00000 0.93648 0.99389 0.99358 0.65531 0.05602 1.00000 0.93750 1.00000 1.00000 0.98491 0.98147
161.00000 110.00000 0.83332 0.99964 1.00000 0.06027 0.18662 0.34192 0.25355 0.14659 0.14403 0.13594 0.65023 0.28990 0.24324 0.46743 0.13687 0.99275 0.49567 0.36585 0.00000 0.31250 0.65116 1.00000 0.15741 0.16257
161.00000 111.00000 0.83317 0.99857 1.00000 0.06027 0.19038 0.33891 0.25449 0.14659 0.14403 0.13670 0.65014 0.28485 0.24324 0.48697 0.13633 0.99272 0.50238 0.36321 0.00000 0.33333 0.65116 1.00000 0.16324 0.16056
161.00000 112.00000 0.83322 0.99762 1.00000 0.06027 0.18910 0.35219 0.27459 0.14659 0.14403 0.13625 0.65037 0.29351 0.24324 0.48697 0.13593 0.99248 0.50336 0.36973 0.00000 0.31250 0.65116 1.00000 0.15535 0.16357
161.00000 113.00000 0.83331 0.99822 1.00000 0.06027 0.18589 0.32632 0.26039 0.14659 0.14403 0.13813 0.65018 0.28765 0.24324 0.45684 0.13672 0.99248 0.49003 0.35669 0.00000 0.32292 0.65116 1.00000 0.15432 0.16781
161.00000 114.00000 0.00003 0.00000 1.00000 1.00000 0.97881 0.94189 0.93723 1.00000 1.00000 0.99193 0.99954 0.86086 1.00000 0.93160 0.99376 0.99358 0.65547 0.03171 1.00000 0.93750 1.00000 1.00000 0.98388 0.98135
161.00000 115.00000 0.00000 0.00000 1.00000 1.00000 0.98220 0.95140 0.94392 1.00000 1.00000 0.99232 0.99958 0.86277 1.00000 0.92101 0.99470 0.99361 0.66254 0.04917 1.00000 0.95833 1.00000 1.00000 0.97394 0.98411
161.00000 116.00000 0.59530 0.73634 0.00000 0.23809 0.01587 0.06948 0.07517 0.29318 0.20881 0.09262 0.00089 0.00885 0.02703 0.05537 0.08936 0.00127 0.04798 0.94006 0.00000 0.04167 0.00000 0.00000 0.13409 0.14516
161.00000 117.00000 0.47618 0.83135 1.00000 0.62699 0.65731 0.65030 0.56588 0.50794 0.50000 0.47074 0.86398 0.59741 0.40541 0.68730 0.47206 0.99336 0.48160 0.34736 0.00000 0.64583 0.86469 1.00000 0.48594 0.48953
161.00000 118.00000 0.99989 0.99762 1.00000 0.00000 0.13726 0.30294 0.26226 0.00000 0.00063 0.00253 0.62685 0.25964 0.24324 0.47720 0.00416 0.99234 0.52506 0.38031 0.00000 0.29167 0.62791 1.00000 0.01406 0.01307
161.00000 119.00000 0.83324 0.99762 1.00000 0.06027 0.18635 0.33539 0.26445 0.14659 0.14403 0.13720 0.65029 0.29778 0.24324 0.47476 0.13621 0.99270 0.50362 0.36358 0.00000 0.30208 0.65116 1.00000 0.16118 0.16704
161.00000 120.00000 0.83320 0.99881 1.00000 0.06027 0.18864 0.36283 0.26279 0.14659 0.14403 0.13668 0.65035 0.29042 0.24324 0.49104 0.13760 0.99272 0.49943 0.36079 0.00000 0.35417 0.65116 1.00000 0.16118 0.16160
161.00000 121.00000 0.47614 0.83135 1.00000 0.62699 0.66694 0.65044 0.56588 0.50794 0.50000 0.47158 0.86394 0.59462 0.40541 0.67508 0.46963 0.99339 0.49869 0.32986 1.00000 0.64583 0.86469 1.00000 0.48422 0.48560
161.00000 122.00000 0.59516 0.73634 0.00000 0.23809 0.00973 0.07198 0.07028 0.29318 0.20881 0.09097 0.00082 0.01455 0.02703 0.05863 0.08908 0.00113 0.05036 0.96086 0.00000 0.04167 0.00000 0.00000 0.13889 0.14276
161.00000 123.00000 0.83326 0.99762 1.00000 0.06027 0.18543 0.35219 0.26602 0.14659 0.14403 0.13854 0.65031 0.28452 0.24324 0.46498 0.13697 0.99267 0.48174 0.35999 0.00000 0.32292 0.65116 1.00000 0.15569 0.16513
161.00000 124.00000 0.23811 0.29810 1.00000 0.59794 0.63318 0.69920 0.69001 0.61718 0.61572 0.61453 0.85347 0.63857 0.89189 0.76710 0.61461 0.99377 0.64379 0.13236 1.00000 0.70833 0.85412 1.00000 0.62826 0.63038
161.00000 125.00000 0.59529 0.73741 0.00000 0.23809 0.01578 0.05253 0.05522 0.29318 0.20881 0.09202 0.00076 0.01314 0.02703 0.05212 0.08977 0.00113 0.03558 0.94815 0.00000 0.05208 0.00000 0.00000 0.14335 0.14169
161.00000 126.00000 0.59530 0.73800 0.00000 0.23809 0.01064 0.08089 0.06951 0.29318 0.20881 0.09164 0.00089 0.01488 0.02703 0.04397 0.08982 0.00121 0.03130 0.94076 0.00000 0.05208 0.00000 0.00000 0.14198 0.14406
161.00000 127.00000 0.83329 0.99762 1.00000 0.06027 0.18892 0.34791 0.25851 0.14659 0.14403 0.13634 0.65023 0.28798 0.27027 0.48127 0.13573 0.99270 0.50459 0.37851 0.00000 0.33333 0.65116 1.00000 0.15466 0.16784
161.00000 128.00000 0.59509 0.73634 0.00000 0.23809 0.00973 0.05136 0.08521 0.29318 0.20881 0.09169 0.00084 0.00585 0.02703 0.06840 0.08916 0.00127 0.05584 0.96533 0.00000 0.04167 0.00000 0.00000 0.14026 0.14532
161.00000 129.00000 0.99980 0.99762 1.00000 0.00000 0.13442 0.28861 0.25242 0.00000 0.00000 0.00418 0.62679 0.27294 0.24324 0.50163 0.00337 0.99248 0.53242 0.39312 0.00000 0.30208 0.62791 1.00000 0.01612 0.01930
161.00000 130.00000 0.00003 0.00202 1.00000 1.00000 0.98468 0.93260 0.94409 1.00000 1.00000 0.99253 0.99951 0.85718 1.00000 0.92590 0.99472 0.99369 0.65459 0.04720 1.00000 0.95833 1.00000 1.00000 0.97188 0.98022
161.00000 131.00000 0.99990 0.99762 1.00000 0.00000 0.13130 0.30045 0.25844 0.00000 0.00000 0.00375 0.62689 0.26691 0.24324 0.49267 0.00276 0.99228 0.53623 0.38093 0.00000 0.29167 0.62791 1.00000 0.01749 0.01589
161.00000 132.00000 0.83316 0.99929 1.00000 0.06027 0.18681 0.33225 0.26489 0.14659 0.14403 0.13703 0.65012 0.29395 0.24324 0.47557 0.13606 0.99281 0.49191 0.36010 0.00000 0.33333 0.65116 1.00000 0.15569 0.15965
161.00000 133.00000 0.00005 0.00000 1.00000 1.00000 0.98587 0.93745 0.95624 1.00000 1.00000 0.99399 0.99947 0.85960 1.00000 0.92508 0.99335 0.99363 0.66142 0.04763 1.00000 0.94792 1.00000 1.00000 0.97599 0.97582
161.00000 134.00000 0.23819 0.29691 1.00000 0.59794 0.63639 0.71044 0.71403 0.61718 0.61572 0.61350 0.85360 0.64186 0.89189 0.75814 0.61377 0.99369 0.64819 0.11219 1.00000 0.68750 0.85412 1.00000 0.62757 0.62745
161.00000 135.00000 0.99998 0.99762 1.00000 0.00000 0.13276 0.31537 0.25894 0.00000 0.00063 0.00551 0.62687 0.26904 0.24324 0.49674 0.00233 0.99237 0.53273 0.39140 0.00000 0.30208 0.62791 1.00000 0.01235 0.01954
161.00000 136.00000 0.99980 0.99762 1.00000 0.00000 0.12680 0.29885 0.25341 0.00000 0.00063 0.00301 0.62687 0.26535 0.24324 0.48860 0.00213 0.99237 0.53389 0.38741 0.00000 0.31250 0.62791 1.00000 0.01543 0.01933
161.00000 137.00000 0.00006 0.00000 1.00000 1.00000 0.98541 0.94693 0.94341 1.00000 1.00000 0.99334 0.99945 0.86028 1.00000 0.94300 0.99439 0.99369 0.66078 0.04353 1.00000 0.94792 1.00000 1.00000 0.98148 0.98090
161.00000 138.00000 0.23809 0.29691 1.00000 0.59794 0.63611 0.69587 0.71085 0.61718 0.61572 0.61479 0.85345 0.64077 0.89189 0.78094 0.61357 0.99377 0.63400 0.12555 1.00000 0.69792 0.85412 1.00000 0.63169 0.62687
161.00000 139.00000 0.83334 0.99762 1.00000 0.06027 0.18910 0.32708 0.25550 0.14659 0.14403 0.13632 0.65029 0.28715 0.24324 0.48046 0.13517 0.99286 0.49586 0.36976 0.00000 0.33333 0.65116 1.00000 0.15878 0.16361
161.00000 140.00000 0.23821 0.29691 1.00000 0.59794 0.63877 0.69804 0.71586 0.61718 0.61572 0.61465 0.85355 0.63531 0.89189 0.76140 0.61344 0.99385 0.62836 0.13668 1.00000 0.69792 0.85412 1.00000 0.62654 0.62694
161.00000 141.00000 0.00004 0.00000 1.00000 1.00000 0.98459 0.95219 0.93508 1.00000 1.00000 0.99291 0.99951 0.87060 1.00000 0.93893 0.99429 0.99358 0.66649 0.03046 1.00000 0.93750 1.00000 1.00000 0.97531 0.98557
161.00000 142.00000 0.59520 0.73872 0.00000 0.23809 0.01028 0.07688 0.09031 0.29318 0.20881 0.09202 0.00093 0.01588 0.02703 0.06026 0.08926 0.00116 0.02878 0.95196 0.00000 0.06250 0.00000 0.00000 0.12963 0.14575
161.00000 143.00000 0.83326 0.99762 1.00000 0.06027 0.18772 0.35341 0.27680 0.14659 0.14403 0.13727 0.65037 0.28785 0.24324 0.47231 0.13720 0.99281 0.48760 0.38141 0.00000 0.32292 0.65116 1.00000 0.15947 0.16127
161.00000 144.00000 0.59529 0.73634 0.00000 0.23809 0.01174 0.05366 0.08054 0.29318 0.20881 0.09210 0.00097 0.01110 0.02703 0.05293 0.09025 0.00132 0.05158 0.93966 0.00000 0.04167 0.00000 0.00000 0.13512 0.14830
161.00000 145.00000 0.23808 0.29739 1.00000 0.59794 0.63428 0.71754 0.69422 0.61718 0.61509 0.61300 0.85366 0.63646 0.89189 0.76710 0.61357 0.99399 0.63922 0.13306 1.00000 0.70833 0.85412 1.00000 0.62620 0.63552
161.00000 146.00000 0.99989 0.99857 1.00000 0.00000 0.13185 0.29972 0.26580 0.00000 0.00000 0.00420 0.62689 0.26881 0.24324 0.50407 0.00439 0.99223 0.53713 0.40550 0.00000 0.28125 0.62791 1.00000 0.01235 0.01286
161.00000 147.00000 0.23819 0.29691 1.00000 0.59794 0.63896 0.68333 0.71540 0.61718 0.61572 0.61226 0.85360 0.64704 0.89189 0.76629 0.61431 0.99383 0.64262 0.13668 1.00000 0.71875 0.85412 1.00000 0.62689 0.62981
161.00000 148.00000 0.59523 0.73765 0.00000 0.23809 0.01596 0.06775 0.07438 0.29318 0.20881 0.09164 0.00089 0.01246 0.02703 0.05782 0.09050 0.00124 0.03937 0.95526 0.00000 0.06250 0.00000 0.00000 0.14129 0.14591
161.00000 149.00000 0.47626 0.83135 1.00000 0.62699 0.66098 0.66279 0.56518 0.50794 0.50000 0.47162 0.86415 0.59616 0.40541 0.68404 0.47105 0.99352 0.47917 0.33454 0.00000 0.65625 0.86469 1.00000 0.49005 0.49377
161.00000 150.00000 0.23811 0.29691 1.00000 0.59794 0.64208 0.70573 0.70811 0.61718 0.61572 0.61257 0.85355 0.64331 0.89189 0.76792 0.61327 0.99374 0.64131 0.14594 1.00000 0.70833 0.85412 1.00000 0.62414 0.62504
161.00000 151.00000 0.59524 0.73670 0.00000 0.23809 0.01275 0.06526 0.09994 0.29318 0.20881 0.09164 0.00084 0.01644 0.02703 0.05212 0.09045 0.00127 0.04946 0.96910 0.00000 0.05208 0.00000 0.00000 0.13820 0.14420
161.00000 152.00000 0.23818 0.29691 1.00000 0.59794 0.64162 0.68403 0.70938 0.61718 0.61572 0.61312 0.85349 0.64392 0.89189 0.77524 0.61382 0.99396 0.63738 0.12482 1.00000 0.69792 0.85412 1.00000 0.62963 0.62733
161.00000 153.00000 0.47615 0.83135 1.00000 0.62699 0.66300 0.66889 0.57346 0.50794 0.50000 0.46917 0.86405 0.60199 0.40541 0.68404 0.47077 0.99352 0.48105 0.33223 0.00000 0.65625 0.86469 1.00000 0.48354 0.49362
161.00000 154.00000 0.99995 0.99846 1.00000 0.00000 0.12946 0.32651 0.26352 0.00000 0.00063 0.00336 0.62685 0.26521 0.24324 0.50081 0.00183 0.99223 0.53261 0.38965 0.00000 0.29167 0.62791 1.00000 0.01680 0.02011
161.00000 155.00000 0.00006 0.00119 1.00000 1.00000 0.98587 0.93997 0.95458 1.00000 1.00000 0.99241 0.99960 0.86512 1.00000 0.94381 0.99460 0.99363 0.66207 0.05624 1.00000 0.92708 1.00000 1.00000 0.98182 0.97758
161.00000 156.00000 0.00002 0.00000 1.00000 1.00000 0.99009 0.95170 0.93999 1.00000 1.00000 0.99286 0.99947 0.86093 1.00000 0.93567 0.99335 0.99358 0.66730 0.05247 1.00000 0.91667 1.00000 1.00000 0.97771 0.97572
161.00000 157.00000 0.23807 0.29857 1.00000 0.59794 0.64088 0.70297 0.71393 0.61718 0.61509 0.61233 0.85360 0.64018 0.89189 0.74837 0.61334 0.99385 0.64295 0.12775 1.00000 0.71875 0.85412 1.00000 0.62723 0.63062
161.00000 158.00000 0.00006 0.00000 1.00000 1.00000 0.99082 0.96321 0.94681 1.00000 1.00000 0.99260 0.99954 0.85978 1.00000 0.93893 0.99209 0.99358 0.66763 0.05320 1.00000 0.94792 1.00000 1.00000 0.97737 0.97508
161.00000 159.00000 0.00005 0.00000 1.00000 1.00000 0.98881 0.95549 0.94486 1.00000 1.00000 0.99255 0.99960 0.86339 1.00000 0.94463 0.99280 0.99374 0.65876 0.04547 1.00000 0.94792 1.00000 1.00000 0.97428 0.97716
161.00000 160.00000 0.47627 0.83147 1.00000 0.62699 0.66162 0.67601 0.55880 0.50794 0.50000 0.46972 0.86405 0.59766 0.40541 0.69625 0.47041 0.99352 0.49664 0.34531 1.00000 0.64583 0.86469 1.00000 0.48594 0.48860
161.00000 161.00000 0.23812 0.29691 1.00000 0.59794 0.63758 0.68991 0.70370 0.61718 0.61572 0.61274 0.85360 0.63953 0.89189 0.77443 0.61390 0.99383 0.65131 0.12090 1.00000 0.70833 0.85412 1.00000 0.62586 0.62926
161.00000 162.00000 0.99990 0.99762 1.00000 0.00000 0.13625 0.31166 0.26128 0.00000 0.00063 0.00231 0.62689 0.27260 0.24324 0.49756 0.00152 0.99248 0.54084 0.38448 0.00000 0.30208 0.62791 1.00000 0.01063 0.02076
161.00000 163.00000 0.47621 0.83325 1.00000 0.62699 0.66694 0.67032 0.55327 0.50794 0.50000 0.47081 0.86398 0.59572 0.40541 0.69300 0.47029 0.99366 0.49731 0.34520 1.00000 0.65625 0.86469 1.00000 0.48594 0.49023
161.00000 164.00000 0.99992 0.99810 1.00000 0.00000 0.13460 0.30863 0.26058 0.00000 0.00063 0.00372 0.62706 0.27038 0.24324 0.49674 0.00276 0.99239 0.53266 0.40275 0.00000 0.30208 0.62791 1.00000 0.01235 0.01882
161.00000 165.00000 0.83331 0.99952 1.00000 0.06027 0.19002 0.33328 0.26881 0.14659 0.14403 0.13670 0.65056 0.29485 0.24324 0.49593 0.13722 0.99286 0.50295 0.37581 0.00000 0.31250 0.65116 1.00000 0.15364 0.16393
161.00000 166.00000 0.59514 0.73765 0.00000 0.23809 0.01312 0.06488 0.08037 0.29318 0.20881 0.09074 0.00095 0.01989 0.02703 0.07410 0.08938 0.00132 0.06098 0.95665 0.00000 0.03125 0.00000 0.00000 0.13889 0.14586
161.00000 167.00000 0.23819 0.29691 1.00000 0.59794 0.63758 0.69045 0.70069 0.61718 0.61572 0.61338 0.85370 0.64299 0.89189 0.79397 0.61400 0.99396 0.64631 0.12851 1.00000 0.70833 0.85412 1.00000 0.62346 0.62925
161.00000 168.00000 0.00005 0.00226 1.00000 1.00000 0.98596 0.92740 0.94187 1.00000 1.00000 0.99189 0.99958 0.86507 1.00000 0.93974 0.99280 0.99363 0.66506 0.05386 1.00000 0.94792 1.00000 1.00000 0.97359 0.97739
161.00000 169.00000 0.23807 0.29691 1.00000 0.59794 0.64419 0.70947 0.70779 0.61718 0.61572 0.61190 0.85362 0.64537 0.89189 0.77606 0.61304 0.99391 0.65307 0.13342 1.00000 0.70833 0.85412 1.00000 0.62963 0.62805
161.00000 170.00000 0.23801 0.29691 1.00000 0.59794 0.63997 0.71009 0.70204 0.61718 0.61509 0.61343 0.85370 0.64613 0.89189 0.75977 0.61266 0.99396 0.66306 0.13353 1.00000 0.69792 0.85412 1.00000 0.62380 0.62783
161.00000 171.00000 0.47607 0.83135 1.00000 0.62699 0.66446 0.67910 0.56513 0.50794 0.50000 0.47088 0.86405 0.59874 0.37838 0.70114 0.47041 0.99361 0.49331 0.33549 1.00000 0.66667 0.86469 1.00000 0.48491 0.48519
161.00000 172.00000 0.99980 0.99917 1.00000 0.00000 0.12955 0.31272 0.24813 0.00000 0.00063 0.00356 0.62694 0.27737 0.24324 0.50570 0.00315 0.99250 0.54299 0.38829 0.00000 0.31250 0.62791 1.00000 0.00720 0.01875
161.00000 173.00000 0.83327 0.99762 1.00000 0.06027 0.18359 0.34932 0.28424 0.14659 0.14403 0.13641 0.65042 0.29598 0.24324 0.48697 0.13654 0.99314 0.52651 0.38946 0.00000 0.34375 0.65116 1.00000 0.16049 0.15835
161.00000 174.00000 0.83316 0.99952 1.00000 0.06027 0.19213 0.35197 0.27167 0.14659 0.14403 0.13744 0.65039 0.29312 0.24324 0.50081 0.13573 0.99292 0.51433 0.37533 0.00000 0.34375 0.65116 1.00000 0.15672 0.16453
161.00000 175.00000 0.83331 0.99905 1.00000 0.06027 0.18983 0.33994 0.27731 0.14659 0.14403 0.13501 0.65048 0.29155 0.24324 0.50326 0.13717 0.99295 0.50209 0.38668 0.00000 0.34375 0.65116 1.00000 0.16084 0.15884
161.00000 176.00000 0.47615 0.83314 1.00000 0.62699 0.66355 0.67452 0.58752 0.50794 0.50000 0.47005 0.86415 0.59785 0.40541 0.68078 0.46958 0.99372 0.49960 0.33743 1.00000 0.66667 0.86469 1.00000 0.48148 0.48835
161.00000 177.00000 0.99992 0.99881 1.00000 0.00000 0.13460 0.32285 0.27839 0.00000 0.00063 0.00158 0.62681 0.27160 0.24324 0.50326 0.00386 0.99248 0.53930 0.40312 0.00000 0.31250 0.62791 1.00000 0.02023 0.01819
161.00000 178.00000 0.83326 0.99762 1.00000 0.06027 0.18791 0.35547 0.25841 0.14659 0.14403 0.13739 0.65050 0.29415 0.24324 0.49511 0.13461 0.99297 0.51352 0.38481 0.00000 0.34375 0.65116 1.00000 0.15878 0.16120
161.00000 179.00000 0.99999 0.99762 1.00000 0.00000 0.13387 0.32204 0.24842 0.00000 0.00063 0.00420 0.62698 0.27595 0.24324 0.52687 0.00317 0.99248 0.55298 0.39236 0.00000 0.32292 0.62791 1.00000 0.00583 0.01511
161.00000 180.00000 0.59519 0.73634 0.00000 0.23809 0.01312 0.05226 0.09597 0.29318 0.20881 0.09233 0.00106 0.02702 0.02703 0.07410 0.08890 0.00127 0.06650 0.96104 0.00000 0.06250 0.00000 0.00000 0.14575 0.14335
161.00000 181.00000 0.00006 0.00226 1.00000 1.00000 0.98560 0.95961 0.95643 1.00000 1.00000 0.99167 0.99956 0.86834 1.00000 0.95195 0.99183 0.99363 0.66866 0.04851 1.00000 0.95833 1.00000 1.00000 0.97291 0.97380
161.00000 182.00000 0.23802 0.29691 1.00000 0.59794 0.63272 0.73417 0.71932 0.61718 0.61572 0.61257 0.85366 0.64487 0.89189 0.79479 0.61268 0.99402 0.64912 0.14748 1.00000 0.70833 0.85412 1.00000 0.62620 0.62935
161.00000 183.00000 0.59528 0.73658 0.00000 0.23809 0.01514 0.10026 0.05801 0.29318 0.20881 0.09131 0.00112 0.02059 0.02703 0.06433 0.08926 0.00160 0.05643 0.95921 0.00000 0.05208 0.00000 0.00000 0.14060 0.14268
161.00000 184.00000 1.00000 0.99786 1.00000 0.00000 0.13469 0.32366 0.27507 0.00000 0.00063 0.00351 0.62689 0.26817 0.24324 0.51629 0.00155 0.99253 0.54875 0.41004 0.00000 0.30208 0.62791 1.00000 0.02058 0.01122
161.00000 185.00000 0.99979 0.99762 1.00000 0.00000 0.13194 0.30844 0.28195 0.00000 0.00063 0.00181 0.62698 0.27242 0.24324 0.50814 0.00302 0.99261 0.54246 0.40089 0.00000 0.31250 0.62791 1.00000 0.00892 0.01268
161.00000 186.00000 0.99983 0.99762 1.00000 0.00000 0.13671 0.33257 0.27495 0.00000 0.00063 0.00294 0.62689 0.27151 0.24324 0.50814 0.00188 0.99248 0.53861 0.38214 0.00000 0.29167 0.62791 1.00000 0.00960 0.01617
161.00000 187.00000 0.47620 0.83135 1.00000 0.62699 0.66777 0.67450 0.56087 0.50794 0.50000 0.47096 0.86422 0.59641 0.40541 0.69544 0.46874 0.99372 0.50588 0.34410 1.00000 0.68750 0.86469 1.00000 0.48594 0.49080
161.00000 188.00000 0.47606 0.83135 1.00000 0.62699 0.66474 0.67295 0.58085 0.50794 0.50000 0.46874 0.86419 0.60013 0.37838 0.69544 0.46831 0.99372 0.49098 0.35274 1.00000 0.66667 0.86469 1.00000 0.47977 0.48362
161.00000 189.00000 0.99995 0.99798 1.00000 0.00000 0.13276 0.29210 0.26835 0.00000 0.00063 0.00506 0.62717 0.28033 0.24324 0.51384 0.00226 0.99259 0.55251 0.40378 0.00000 0.31250 0.62791 1.00000 0.00480 0.01546
161.00000 190.00000 0.00005 0.00119 1.00000 1.00000 0.99055 0.95538 0.95660 1.00000 1.00000 0.99017 0.99962 0.87143 1.00000 0.94707 0.99272 0.99363 0.68753 0.05261 1.00000 0.96875 1.00000 1.00000 0.97119 0.97227
161.00000 191.00000 0.00006 0.00000 1.00000 1.00000 0.98890 0.94907 0.96445 1.00000 1.00000 0.99050 0.99964 0.87249 1.00000 0.93974 0.99221 0.99366 0.69046 0.05119 1.00000 0.96875 1.00000 1.00000 0.97359 0.97834
161.00000 192.00000 0.47619 0.83230 1.00000 0.62699 0.66557 0.69885 0.55979 0.50794 0.50000 0.47227 0.86432 0.59873 0.37838 0.69218 0.46930 0.99369 0.50690 0.34223 1.00000 0.67708 0.86469 1.00000 0.48594 0.49147
161.00000 193.00000 0.47606 0.83135 1.00000 0.62699 0.66749 0.69321 0.57553 0.50794 0.50000 0.47208 0.86413 0.60341 0.40541 0.70114 0.47036 0.99361 0.49662 0.35307 1.00000 0.66667 0.86469 1.00000 0.48594 0.48711
161.00000 194.00000 0.00007 0.00000 1.00000 1.00000 0.98761 0.93726 0.95131 1.00000 1.00000 0.99053 0.99968 0.87340 1.00000 0.94788 0.99115 0.99385 0.68544 0.05089 1.00000 0.97917 1.00000 1.00000 0.96879 0.97407
161.00000 195.00000 0.59514 0.73646 0.00000 0.23809 0.01018 0.07135 0.08800 0.29318 0.20881 0.09183 0.00099 0.02441 0.02703 0.07085 0.08822 0.00154 0.07002 0.97485 0.00000 0.04167 0.00000 0.00000 0.13580 0.14320
161.00000 196.00000 0.47622 0.83135 1.00000 0.62699 0.66951 0.68509 0.57361 0.50794 0.50000 0.46962 0.86415 0.59800 0.40541 0.69707 0.47041 0.99372 0.50200 0.34820 1.00000 0.67708 0.86469 1.00000 0.48971 0.48383
161.00000 197.00000 0.59520 0.73634 0.00000 0.23809 0.01275 0.08953 0.09570 0.29318 0.20881 0.09035 0.00116 0.02302 0.02703 0.07655 0.08951 0.00157 0.04246 0.97170 0.00000 0.06250 0.00000 0.00000 0.14129 0.13265
161.00000 198.00000 0.83314 0.99762 1.00000 0.06027 0.19176 0.35406 0.27863 0.14659 0.14403 0.13610 0.65069 0.29770 0.24324 0.49674 0.13550 0.99325 0.51459 0.38236 0.00000 0.34375 0.65116 1.00000 0.15775 0.16614
161.00000 199.00000 0.00003 0.00000 1.00000 1.00000 0.99404 0.95777 0.96606 1.00000 1.00000 0.99181 0.99970 0.86917 1.00000 0.97638 0.99084 0.99383 0.67273 0.05975 1.00000 0.95833 1.00000 1.00000 0.97394 0.97333
161.00000 200.00000 0.23805 0.29691 1.00000 0.59794 0.64171 0.71686 0.70519 0.61718 0.61572 0.61529 0.85376 0.64769 0.89189 0.79805 0.61215 0.99399 0.68184 0.13891 1.00000 0.71875 0.85412 1.00000 0.62106 0.62739
161.00000 201.00000 0.99985 0.99846 1.00000 0.00000 0.13625 0.31816 0.27136 0.00000 0.00063 0.00401 0.62702 0.27430 0.24324 0.51547 0.00345 0.99272 0.54829 0.40887 0.00000 0.32292 0.62791 1.00000 0.01132 0.01550
161.00000 202.00000 0.99977 0.99786 1.00000 0.00000 0.13552 0.31372 0.27938 0.00000 0.00063 0.00370 0.62709 0.27771 0.24324 0.50977 0.00284 0.99267 0.55822 0.40868 0.00000 0.31250 0.62791 1.00000 0.01269 0.02188
161.00000 203.00000 0.99995 0.99857 1.00000 0.00000 0.13377 0.32597 0.27177 0.00000 0.00063 0.00394 0.62696 0.26784 0.24324 0.52117 0.00274 0.99270 0.54403 0.40363 0.00000 0.30208 0.62791 1.00000 0.00823 0.01332
161.00000 204.00000 0.83334 0.99774 1.00000 0.06027 0.18910 0.36094 0.27658 0.14659 0.14403 0.13742 0.65069 0.30158 0.24324 0.51140 0.13517 0.99347 0.52102 0.39316 0.00000 0.34375 0.65116 1.00000 0.16084 0.15645
161.00000 205.00000 1.00000 0.99762 1.00000 0.00000 0.13249 0.30754 0.28785 0.00000 0.00000 0.00229 0.62704 0.27571 0.24324 0.51303 0.00401 0.99270 0.56096 0.39082 0.00000 0.32292 0.62791 1.00000 0.00857 0.01730
161.00000 206.00000 0.59510 0.73717 0.00000 0.23809 0.01743 0.05645 0.09224 0.29318 0.20881 0.09136 0.00106 0.02569 0.02703 0.08306 0.08974 0.00163 0.06719 0.97997 0.00000 0.06250 0.00000 0.00000 0.13306 0.14269
161.00000 207.00000 0.99997 0.99762 1.00000 0.00000 0.13359 0.33810 0.29911 0.00000 0.00063 0.00449 0.62711 0.28294 0.24324 0.52117 0.00332 0.99256 0.57019 0.40700 0.00000 0.30208 0.62791 1.00000 0.00789 0.01112
161.00000 208.00000 0.47616 0.83230 1.00000 0.62699 0.66768 0.67135 0.56740 0.50794 0.50000 0.46943 0.86432 0.60402 0.37838 0.70277 0.46975 0.99380 0.50502 0.34952 1.00000 0.67708 0.86469 1.00000 0.48525 0.49119
161.00000 209.00000 0.59530 0.73634 0.00000 0.23809 0.02009 0.07179 0.09252 0.29318 0.20881 0.09078 0.00127 0.02958 0.02703 0.08795 0.08903 0.00179 0.07214 0.96913 0.00000 0.07292 0.00000 0.00000 0.13546 0.13842
161.00000 210.00000 1.00000 0.99762 1.00000 0.00000 0.13478 0.32139 0.27695 0.00000 0.00063 0.00265 0.62719 0.28155 0.24324 0.53583 0.00340 0.99286 0.56346 0.41213 0.00000 0.31250 0.62791 1.00000 0.00720 0.01985
161.00000 211.00000 0.00006 0.00000 1.00000 1.00000 0.98890 0.98036 0.97694 1.00000 1.00000 0.99048 0.99968 0.87731 1.00000 0.95277 0.99153 0.99385 0.69139 0.05646 1.00000 0.95833 1.00000 1.00000 0.97497 0.97530
161.00000 212.00000 1.00000 0.99762 1.00000 0.00000 0.13864 0.32894 0.27849 0.00000 0.00063 0.00208 0.62717 0.28036 0.24324 0.52769 0.00259 0.99270 0.55984 0.41670 0.00000 0.31250 0.62791 1.00000 0.00823 0.01691
161.00000 213.00000 1.00000 0.99762 1.00000 0.00000 0.13781 0.31112 0.29122 0.00000 0.00063 0.00442 0.62715 0.27675 0.24324 0.52850 0.00299 0.99275 0.57707 0.40275 0.00000 0.31250 0.62791 1.00000 0.01132 0.01246
161.00000 214.00000 0.99995 0.99881 1.00000 0.00000 0.13790 0.31816 0.30135 0.00000 0.00063 0.00265 0.62709 0.28064 0.24324 0.52199 0.00297 0.99267 0.56286 0.42963 0.00000 0.32292 0.62791 1.00000 0.00995 0.01841
161.00000 215.00000 0.83321 0.99941 1.00000 0.06027 0.19066 0.36581 0.29336 0.14659 0.14403 0.13298 0.65082 0.30377 0.24324 0.50244 0.13522 0.99358 0.54377 0.40400 0.00000 0.33333 0.65116 1.00000 0.15501 0.15803
161.00000 216.00000 0.83324 0.99762 1.00000 0.06027 0.19607 0.35777 0.31153 0.14659 0.14403 0.13706 0.65082 0.30291 0.24324 0.50651 0.13573 0.99355 0.51397 0.40224 0.00000 0.35417 0.65116 1.00000 0.15089 0.15761
161.00000 217.00000 0.99979 0.99869 1.00000 0.00000 0.14139 0.33390 0.28171 0.00000 0.00000 0.00344 0.62725 0.28385 0.24324 0.52117 0.00132 0.99278 0.56507 0.40854 0.00000 0.31250 0.62791 1.00000 0.01097 0.02209
161.00000 218.00000 0.00004 0.00190 1.00000 1.00000 0.99431 0.99854 0.98628 1.00000 1.00000 0.99005 0.99956 0.87360 1.00000 0.97557 0.99087 0.99380 0.69353 0.06642 1.00000 0.95833 1.00000 1.00000 0.97154 0.97150
161.00000 219.00000 0.23814 0.29810 1.00000 0.59794 0.64088 0.71334 0.73733 0.61718 0.61572 0.61131 0.85395 0.65304 0.89189 0.79723 0.61025 0.99405 0.67554 0.14144 1.00000 0.71875 0.85412 1.00000 0.61968 0.61894
161.00000 220.00000 1.00000 0.99988 1.00000 0.00000 0.13790 0.34260 0.29240 0.00000 0.00063 0.00267 0.62728 0.27773 0.24324 0.53094 0.00223 0.99283 0.55772 0.40030 0.00000 0.32292 0.62791 1.00000 0.01029 0.01926
161.00000 221.00000 0.47612 0.83230 1.00000 0.62699 0.66841 0.68024 0.59033 0.50794 0.50000 0.46795 0.86441 0.60976 0.37838 0.71091 0.46782 0.99408 0.52359 0.35948 1.00000 0.67708 0.86469 1.00000 0.48388 0.48646
161.00000 222.00000 0.59523 0.73634 0.00000 0.23809 0.01551 0.07929 0.10290 0.29318 0.20881 0.09138 0.00144 0.02892 0.02703 0.08713 0.08743 0.00185 0.06679 0.97521 0.00000 0.06250 0.00000 0.00000 0.13272 0.13616
161.00000 223.00000 0.00004 0.00024 1.00000 1.00000 0.99183 0.96581 0.98734 1.00000 1.00000 0.98914 0.99973 0.87626 1.00000 0.96091 0.99036 0.99383 0.69003 0.05855 1.00000 0.97917 1.00000 1.00000 0.96433 0.96909
161.00000 224.00000 0.99985 0.99762 1.00000 0.00000 0.13533 0.32634 0.27591 0.00000 0.00063 0.00336 0.62732 0.28314 0.24324 0.52036 0.00175 0.99300 0.57448 0.40733 0.00000 0.31250 0.62791 1.00000 0.00995 0.01269
