43.00000 1.00000 0.45977 0.16667 1.00000 1.00000 0.40663 0.18749 0.17319 1.00000 1.00000 0.71659 0.12121 0.15521 1.00000 0.13690 0.71002 0.23529 0.20245 0.20508 1.00000 0.41667 1.00000 1.00000 0.54264 0.65714
43.00000 2.00000 0.60920 0.08333 1.00000 1.00000 0.30422 0.23937 0.26452 1.00000 1.00000 0.76167 0.22727 0.13852 1.00000 0.22024 0.76119 0.23529 0.19233 0.14852 1.00000 0.16667 1.00000 1.00000 0.75194 0.67744
43.00000 3.00000 0.45402 0.16667 1.00000 1.00000 0.22289 0.41705 0.34335 1.00000 0.00000 0.67955 0.18182 0.16746 1.00000 0.27381 0.69296 0.16176 0.21282 0.30012 1.00000 0.25000 1.00000 1.00000 0.75194 0.81732
43.00000 4.00000 0.55747 0.25000 1.00000 1.00000 0.15060 0.18509 0.35213 1.00000 1.00000 0.70531 0.15152 0.17365 1.00000 0.23214 0.77399 0.25000 0.20095 0.31435 1.00000 0.33333 1.00000 1.00000 0.62791 0.70133
43.00000 5.00000 0.26437 0.66667 1.00000 1.00000 0.31627 0.23131 0.23379 1.00000 1.00000 0.73430 0.12121 0.13322 1.00000 0.14881 0.81663 0.23529 0.17804 0.38284 1.00000 0.33333 1.00000 1.00000 0.75194 0.77561
43.00000 6.00000 0.47126 0.08333 1.00000 1.00000 0.24096 0.17680 0.32546 1.00000 1.00000 0.78100 0.19697 0.14830 1.00000 0.23214 0.78891 0.22059 0.18918 0.30050 1.00000 0.33333 1.00000 1.00000 0.62791 0.57526
43.00000 7.00000 0.46552 0.83333 1.00000 1.00000 0.30120 0.30913 0.28866 1.00000 1.00000 0.83253 0.16667 0.15490 1.00000 0.22024 0.75480 0.23529 0.17829 0.33975 1.00000 0.41667 1.00000 1.00000 0.73643 0.71997
43.00000 8.00000 0.49425 0.08333 1.00000 1.00000 0.28614 0.35099 0.43906 1.00000 1.00000 0.76167 0.18182 0.15207 1.00000 0.23214 0.76972 0.25000 0.20224 0.16699 1.00000 0.25000 1.00000 1.00000 0.75194 0.60605
43.00000 9.00000 0.75862 0.41667 1.00000 1.00000 0.47590 0.32745 0.33558 1.00000 1.00000 0.81804 0.19697 0.15243 1.00000 0.23214 0.79318 0.26471 0.21323 0.23394 1.00000 0.33333 1.00000 1.00000 0.67442 0.62621
43.00000 10.00000 0.52874 0.50000 1.00000 1.00000 0.35843 0.25768 0.17421 1.00000 1.00000 0.67794 0.15152 0.15481 1.00000 0.22619 0.63326 0.16176 0.18779 0.43978 1.00000 0.25000 1.00000 1.00000 0.62791 0.67233
43.00000 11.00000 0.58621 0.66667 1.00000 1.00000 0.38554 0.35797 0.17978 1.00000 1.00000 0.56683 0.15152 0.14875 1.00000 0.08929 0.88060 0.17647 0.18423 0.36052 1.00000 0.25000 1.00000 1.00000 0.76744 0.73143
43.00000 12.00000 0.52874 0.50000 1.00000 1.00000 0.36145 0.21343 0.16762 1.00000 1.00000 0.73430 0.24242 0.14754 1.00000 0.28571 0.79318 0.16176 0.18748 0.28319 1.00000 0.25000 1.00000 1.00000 0.76744 0.69967
43.00000 13.00000 0.30460 0.75000 1.00000 1.00000 0.23795 0.31110 0.24679 1.00000 1.00000 0.73108 0.18182 0.15391 1.00000 0.30952 0.74627 0.19118 0.21679 0.28049 1.00000 0.33333 1.00000 1.00000 0.74419 0.70022
43.00000 14.00000 0.41379 0.75000 1.00000 1.00000 0.09036 0.33181 0.12795 1.00000 1.00000 0.82609 0.18182 0.15261 1.00000 0.19048 0.75480 0.14706 0.18825 0.36091 1.00000 0.25000 1.00000 1.00000 0.62791 0.81828
43.00000 15.00000 0.45977 0.66667 1.00000 1.00000 0.25602 0.32897 0.32275 1.00000 1.00000 0.77778 0.22727 0.12483 1.00000 0.25000 0.75053 0.22059 0.21638 0.37014 1.00000 0.16667 1.00000 1.00000 0.68217 0.63960
43.00000 16.00000 0.44253 0.66667 1.00000 1.00000 0.07229 0.30368 0.35939 1.00000 0.00000 0.67311 0.21212 0.10751 1.00000 0.17262 0.73987 0.23529 0.19718 0.35668 1.00000 0.25000 1.00000 1.00000 0.68992 0.73543
43.00000 17.00000 0.36207 0.16667 1.00000 1.00000 0.21084 0.32243 0.15648 1.00000 1.00000 0.65862 0.15152 0.13394 1.00000 0.14286 0.82729 0.23529 0.16385 0.31397 1.00000 0.25000 1.00000 1.00000 0.59690 0.76429
43.00000 18.00000 0.37356 0.41667 1.00000 1.00000 0.33133 0.26117 0.15530 1.00000 1.00000 0.79227 0.15152 0.14664 1.00000 0.20833 0.79744 0.13235 0.17510 0.36899 1.00000 0.33333 1.00000 1.00000 0.65116 0.61930
43.00000 19.00000 0.70115 0.66667 1.00000 1.00000 0.25602 0.24548 0.26165 1.00000 1.00000 0.61675 0.13636 0.15198 1.00000 0.16071 0.85075 0.19118 0.17365 0.38245 1.00000 0.25000 1.00000 1.00000 0.86822 0.65037
43.00000 20.00000 0.50000 0.25000 1.00000 1.00000 0.41867 0.25245 0.24426 1.00000 1.00000 0.77295 0.15152 0.16881 1.00000 0.23214 0.77612 0.17647 0.18764 0.32666 1.00000 0.33333 1.00000 1.00000 0.72093 0.63698
43.00000 21.00000 0.61494 0.25000 1.00000 1.00000 0.50000 0.30804 0.40885 1.00000 1.00000 0.68277 0.18182 0.15131 1.00000 0.26786 0.79104 0.22059 0.19723 0.37822 1.00000 0.33333 1.00000 1.00000 0.76744 0.76139
43.00000 22.00000 0.49425 0.66667 1.00000 1.00000 0.20783 0.31110 0.31955 1.00000 1.00000 0.72142 0.21212 0.15467 1.00000 0.25000 0.73774 0.13235 0.19047 0.35013 1.00000 0.16667 1.00000 1.00000 0.72093 0.62331
43.00000 23.00000 0.64368 0.58333 1.00000 1.00000 0.11145 0.27207 0.25523 1.00000 1.00000 0.67794 0.16667 0.18079 1.00000 0.07738 0.81237 0.26471 0.21354 0.17968 1.00000 0.41667 1.00000 1.00000 0.72093 0.84093
43.00000 24.00000 0.24138 0.08333 1.00000 1.00000 0.31024 0.21430 0.29153 1.00000 1.00000 0.66989 0.16667 0.16710 1.00000 0.30357 0.86141 0.22059 0.20761 0.34590 1.00000 0.25000 1.00000 1.00000 0.67442 0.54695
43.00000 25.00000 0.35632 0.75000 1.00000 1.00000 0.11145 0.23000 0.24055 1.00000 1.00000 0.71337 0.16667 0.13771 1.00000 0.26190 0.73987 0.23529 0.18020 0.22778 1.00000 0.33333 1.00000 1.00000 0.65116 0.70657
43.00000 26.00000 0.45402 0.83333 1.00000 1.00000 0.40964 0.35186 0.24747 1.00000 0.00000 0.73913 0.15152 0.16791 1.00000 0.29762 0.75053 0.23529 0.19130 0.20239 1.00000 0.33333 1.00000 1.00000 0.72093 0.71955
43.00000 27.00000 0.68966 0.33333 1.00000 1.00000 0.34036 0.22193 0.34841 1.00000 1.00000 0.71659 0.19697 0.16638 1.00000 0.33333 0.80171 0.20588 0.17922 0.30512 1.00000 0.33333 1.00000 1.00000 0.68217 0.69456
43.00000 28.00000 0.54023 0.58333 1.00000 1.00000 0.30723 0.42991 0.26182 1.00000 1.00000 0.73430 0.21212 0.12770 1.00000 0.17857 0.82303 0.19118 0.18552 0.22586 1.00000 0.25000 1.00000 1.00000 0.76744 0.75490
43.00000 29.00000 0.59195 0.58333 1.00000 1.00000 0.23494 0.32788 0.29034 1.00000 1.00000 0.75040 0.19697 0.12649 1.00000 0.28571 0.75480 0.19118 0.20126 0.23240 1.00000 0.33333 1.00000 1.00000 0.68217 0.77879
43.00000 30.00000 0.59770 0.75000 1.00000 1.00000 0.19880 0.32614 0.32461 1.00000 1.00000 0.82931 0.22727 0.15597 1.00000 0.14286 0.82942 0.14706 0.19042 0.17738 1.00000 0.33333 1.00000 1.00000 0.73643 0.72659
43.00000 31.00000 0.58046 0.50000 1.00000 1.00000 0.28614 0.15500 0.23025 1.00000 0.00000 0.74396 0.18182 0.12734 1.00000 0.22619 0.73134 0.19118 0.20797 0.35706 1.00000 0.25000 1.00000 1.00000 0.74419 0.68158
43.00000 32.00000 0.22989 0.75000 1.00000 1.00000 0.25904 0.35165 0.27228 1.00000 1.00000 0.74074 0.22727 0.15997 1.00000 0.27381 0.71855 0.20588 0.22257 0.38130 1.00000 0.16667 1.00000 1.00000 0.72868 0.78749
43.00000 33.00000 0.45977 0.83333 1.00000 1.00000 0.36446 0.17986 0.30250 1.00000 1.00000 0.66828 0.22727 0.11249 1.00000 0.23214 0.79744 0.26471 0.20601 0.41131 1.00000 0.33333 1.00000 1.00000 0.69767 0.56048
43.00000 34.00000 0.32184 0.83333 1.00000 1.00000 0.48795 0.20187 0.25338 1.00000 1.00000 0.76651 0.19697 0.15849 1.00000 0.17262 0.72281 0.22059 0.16864 0.24702 1.00000 0.25000 1.00000 1.00000 0.74419 0.70036
43.00000 35.00000 0.25862 0.16667 1.00000 1.00000 0.20482 0.32658 0.19885 1.00000 1.00000 0.72464 0.15152 0.14740 1.00000 0.17262 0.77186 0.16176 0.17654 0.29819 1.00000 0.50000 1.00000 1.00000 0.66667 0.69194
43.00000 36.00000 0.52874 0.41667 1.00000 1.00000 0.25904 0.33050 0.32259 1.00000 1.00000 0.69082 0.18182 0.17486 1.00000 0.16071 0.74414 0.19118 0.20983 0.25702 1.00000 0.25000 1.00000 1.00000 0.60465 0.84576
43.00000 37.00000 0.76437 0.25000 1.00000 1.00000 0.25904 0.28733 0.31803 1.00000 1.00000 0.73752 0.18182 0.11159 1.00000 0.23214 0.82303 0.20588 0.19765 0.31820 1.00000 0.41667 1.00000 1.00000 0.79845 0.61861
43.00000 38.00000 0.63218 0.16667 1.00000 1.00000 0.14759 0.36298 0.33997 1.00000 1.00000 0.67633 0.27273 0.15880 1.00000 0.30952 0.72708 0.26471 0.19419 0.20008 1.00000 0.25000 1.00000 1.00000 0.55039 0.77520
43.00000 39.00000 0.33333 0.41667 1.00000 1.00000 0.34639 0.28232 0.34993 1.00000 1.00000 0.78261 0.18182 0.13569 1.00000 0.34524 0.78252 0.17647 0.21679 0.29011 1.00000 0.25000 1.00000 1.00000 0.79845 0.86551
43.00000 40.00000 0.47701 0.75000 1.00000 1.00000 0.08735 0.25441 0.29271 1.00000 1.00000 0.62963 0.18182 0.11976 1.00000 0.36310 0.72495 0.17647 0.15879 0.35668 1.00000 0.41667 1.00000 1.00000 0.73643 0.57760
43.00000 41.00000 0.51724 0.83333 1.00000 1.00000 0.03614 0.15413 0.22113 1.00000 1.00000 0.78744 0.18182 0.15615 1.00000 0.25595 0.79531 0.23529 0.20755 0.38669 1.00000 0.33333 1.00000 1.00000 0.65891 0.59873
43.00000 42.00000 0.58621 0.16667 1.00000 1.00000 0.28012 0.42555 0.19092 1.00000 0.00000 0.67794 0.25758 0.16234 1.00000 0.23810 0.72495 0.25000 0.20265 0.47095 1.00000 0.33333 1.00000 1.00000 0.72093 0.56904
43.00000 43.00000 0.44253 0.66667 1.00000 1.00000 0.30422 0.43841 0.32090 1.00000 1.00000 0.62963 0.21212 0.13838 1.00000 0.23810 0.81663 0.17647 0.18681 0.23432 1.00000 0.25000 1.00000 1.00000 0.63566 0.62441
43.00000 44.00000 0.55747 0.75000 1.00000 1.00000 0.12048 0.35644 0.28950 1.00000 1.00000 0.66506 0.09091 0.12892 1.00000 0.27381 0.77612 0.10294 0.18712 0.34244 1.00000 0.50000 1.00000 1.00000 0.55039 0.81952
43.00000 45.00000 0.77011 0.66667 1.00000 1.00000 0.27410 0.07456 0.26063 1.00000 1.00000 0.77617 0.12121 0.12703 1.00000 0.30357 0.87207 0.16176 0.19367 0.42324 1.00000 0.25000 1.00000 1.00000 0.70543 0.66970
43.00000 46.00000 0.46552 0.33333 1.00000 1.00000 0.50904 0.46697 0.35365 1.00000 1.00000 0.76490 0.27273 0.16082 1.00000 0.20238 0.83156 0.23529 0.20043 0.24894 1.00000 0.25000 1.00000 1.00000 0.75194 0.65162
43.00000 47.00000 0.47701 0.50000 1.00000 1.00000 0.43373 0.28603 0.25777 1.00000 1.00000 0.75684 0.15152 0.19308 1.00000 0.32738 0.82729 0.23529 0.17876 0.24663 1.00000 0.41667 1.00000 1.00000 0.82171 0.60522
43.00000 48.00000 0.22989 0.16667 1.00000 1.00000 0.27410 0.38653 0.21962 1.00000 1.00000 0.73269 0.13636 0.17392 1.00000 0.24405 0.72281 0.22059 0.19501 0.36283 1.00000 0.41667 1.00000 1.00000 0.71318 0.54308
43.00000 49.00000 0.60920 0.58333 1.00000 1.00000 0.34940 0.32330 0.29727 1.00000 1.00000 0.72786 0.16667 0.13596 1.00000 0.19643 0.72281 0.29412 0.18707 0.27780 1.00000 0.33333 1.00000 1.00000 0.73643 0.55261
43.00000 50.00000 0.70115 0.66667 1.00000 1.00000 0.31325 0.23240 0.33812 1.00000 1.00000 0.72947 0.21212 0.15319 1.00000 0.23214 0.77612 0.25000 0.20539 0.30896 1.00000 0.33333 1.00000 1.00000 0.68992 0.73875
43.00000 51.00000 0.45977 0.75000 1.00000 1.00000 0.28916 0.23545 0.37458 1.00000 1.00000 0.72142 0.16667 0.18083 1.00000 0.21429 0.74627 0.25000 0.16441 0.36668 1.00000 0.50000 1.00000 1.00000 0.62016 0.72480
43.00000 52.00000 0.61494 0.83333 1.00000 1.00000 0.50301 0.18596 0.25186 1.00000 1.00000 0.71981 0.15152 0.16351 1.00000 0.16667 0.76119 0.22059 0.16988 0.25741 1.00000 0.16667 1.00000 1.00000 0.69767 0.72770
43.00000 53.00000 0.61494 0.41667 1.00000 1.00000 0.39157 0.41138 0.19598 1.00000 1.00000 0.72303 0.28788 0.16270 1.00000 0.26786 0.79318 0.14706 0.18500 0.15852 1.00000 0.41667 1.00000 1.00000 0.68217 0.51505
43.00000 54.00000 0.39655 0.83333 1.00000 1.00000 0.25602 0.40724 0.37677 1.00000 1.00000 0.81159 0.15152 0.13219 1.00000 0.25000 0.75480 0.23529 0.21499 0.25164 1.00000 0.33333 1.00000 1.00000 0.55814 0.71375
43.00000 55.00000 0.44828 0.41667 1.00000 1.00000 0.35241 0.25529 0.21489 1.00000 1.00000 0.66667 0.21212 0.12120 1.00000 0.26786 0.69083 0.23529 0.22933 0.46056 1.00000 0.33333 1.00000 1.00000 0.66667 0.61268
43.00000 56.00000 0.55747 0.16667 1.00000 1.00000 0.24398 0.37454 0.29220 1.00000 1.00000 0.65217 0.21212 0.11949 1.00000 0.30357 0.68230 0.29412 0.18170 0.21124 1.00000 0.33333 1.00000 1.00000 0.55814 0.60177
43.00000 57.00000 0.43103 0.83333 1.00000 1.00000 0.24096 0.10813 0.16880 1.00000 1.00000 0.72303 0.18182 0.15216 1.00000 0.30952 0.84648 0.14706 0.18258 0.27126 1.00000 0.16667 1.00000 1.00000 0.55814 0.73419
43.00000 58.00000 0.33908 0.25000 1.00000 1.00000 0.33434 0.13495 0.25692 1.00000 1.00000 0.65700 0.24242 0.17491 1.00000 0.15476 0.75480 0.17647 0.21241 0.48095 1.00000 0.25000 1.00000 1.00000 0.65891 0.49089
43.00000 59.00000 0.45402 0.08333 1.00000 1.00000 0.39458 0.18836 0.37863 1.00000 1.00000 0.78905 0.19697 0.15857 1.00000 0.20238 0.68017 0.17647 0.20972 0.39400 1.00000 0.33333 1.00000 1.00000 0.67442 0.48661
43.00000 60.00000 0.53448 0.41667 1.00000 1.00000 0.28614 0.17157 0.34521 1.00000 1.00000 0.67955 0.22727 0.15660 1.00000 0.26786 0.77399 0.25000 0.18650 0.24625 1.00000 0.33333 1.00000 1.00000 0.70543 0.71527
43.00000 61.00000 0.47126 0.58333 1.00000 1.00000 0.25301 0.27992 0.19092 1.00000 1.00000 0.73430 0.16667 0.13035 1.00000 0.20238 0.79318 0.23529 0.19883 0.32051 1.00000 0.33333 1.00000 1.00000 0.65891 0.64651
43.00000 62.00000 0.33333 0.50000 1.00000 1.00000 0.15663 0.31873 0.41340 1.00000 1.00000 0.66345 0.16667 0.18074 1.00000 0.26786 0.66738 0.17647 0.18903 0.41747 1.00000 0.33333 1.00000 1.00000 0.63566 0.52858
43.00000 63.00000 0.61494 0.66667 1.00000 1.00000 0.27410 0.29169 0.44936 1.00000 1.00000 0.80193 0.19697 0.16818 1.00000 0.16667 0.63326 0.23529 0.18387 0.19238 1.00000 0.33333 1.00000 1.00000 0.66667 0.76871
43.00000 64.00000 0.46552 0.50000 1.00000 1.00000 0.38554 0.43056 0.24088 1.00000 1.00000 0.73430 0.12121 0.16647 1.00000 0.23810 0.68230 0.25000 0.20503 0.37245 1.00000 0.25000 1.00000 1.00000 0.58915 0.85529
43.00000 65.00000 0.64368 0.83333 1.00000 1.00000 0.35542 0.43471 0.22721 1.00000 1.00000 0.59098 0.13636 0.16360 1.00000 0.32143 0.85288 0.20588 0.20652 0.25356 1.00000 0.25000 1.00000 1.00000 0.64341 0.65976
43.00000 66.00000 0.54598 0.66667 1.00000 1.00000 0.21988 0.38304 0.26334 1.00000 1.00000 0.64251 0.18182 0.13286 1.00000 0.27976 0.61834 0.25000 0.20018 0.29858 1.00000 0.16667 1.00000 1.00000 0.66667 0.53107
43.00000 67.00000 0.43678 0.41667 1.00000 1.00000 0.24398 0.24221 0.23430 1.00000 1.00000 0.79871 0.22727 0.09531 1.00000 0.29167 0.52026 0.25000 0.19961 0.25548 1.00000 0.33333 1.00000 1.00000 0.69767 0.66349
43.00000 68.00000 0.47701 0.08333 1.00000 1.00000 0.32229 0.36865 0.37812 1.00000 1.00000 0.76167 0.15152 0.17132 1.00000 0.26190 0.66738 0.13235 0.19863 0.30781 1.00000 0.33333 1.00000 1.00000 0.72093 0.58092
43.00000 69.00000 0.54023 0.50000 1.00000 1.00000 0.41265 0.41792 0.22316 1.00000 1.00000 0.77295 0.24242 0.13286 1.00000 0.25595 0.74627 0.25000 0.17293 0.35706 1.00000 0.33333 1.00000 1.00000 0.62016 0.68545
43.00000 70.00000 0.47126 0.50000 1.00000 1.00000 0.43675 0.35513 0.26789 1.00000 1.00000 0.72142 0.28788 0.13134 1.00000 0.23810 0.63113 0.22059 0.19419 0.41593 1.00000 0.25000 1.00000 1.00000 0.60465 0.61723
43.00000 71.00000 0.50000 0.66667 1.00000 1.00000 0.33434 0.34271 0.27144 1.00000 1.00000 0.76812 0.21212 0.14265 1.00000 0.23214 0.71429 0.22059 0.17360 0.38284 1.00000 0.25000 1.00000 1.00000 0.68992 0.59832
43.00000 72.00000 0.45402 0.41667 1.00000 1.00000 0.33133 0.35993 0.28815 1.00000 1.00000 0.71659 0.16667 0.15059 1.00000 0.28571 0.73348 0.20588 0.18552 0.22509 1.00000 0.33333 1.00000 1.00000 0.59690 0.61392
43.00000 73.00000 0.41379 0.58333 1.00000 1.00000 0.33434 0.29802 0.26739 1.00000 1.00000 0.69404 0.25758 0.13627 1.00000 0.26786 0.76333 0.22059 0.18645 0.28665 1.00000 0.25000 1.00000 1.00000 0.70543 0.63753
43.00000 74.00000 0.56897 0.83333 1.00000 1.00000 0.30723 0.34140 0.29119 1.00000 1.00000 0.76006 0.31818 0.15943 1.00000 0.29167 0.68230 0.26471 0.17654 0.27241 1.00000 0.41667 1.00000 1.00000 0.64341 0.53549
43.00000 75.00000 0.37931 0.58333 1.00000 1.00000 0.45783 0.41857 0.38926 1.00000 1.00000 0.84380 0.34848 0.15234 1.00000 0.16667 0.68657 0.23529 0.19760 0.20123 1.00000 0.25000 1.00000 1.00000 0.66667 0.78141
43.00000 76.00000 0.43103 0.41667 1.00000 1.00000 0.29217 0.41160 0.28916 1.00000 1.00000 0.77778 0.24242 0.13699 1.00000 0.23810 0.68443 0.16176 0.17226 0.43632 1.00000 0.41667 1.00000 1.00000 0.66667 0.56310
43.00000 77.00000 0.28736 0.33333 1.00000 1.00000 0.17169 0.36669 0.33660 1.00000 1.00000 0.57810 0.21212 0.12362 1.00000 0.30952 0.74840 0.19118 0.19027 0.34667 1.00000 0.33333 1.00000 1.00000 0.68217 0.60605
43.00000 78.00000 0.68966 0.83333 1.00000 1.00000 0.33735 0.37018 0.37373 1.00000 1.00000 0.68277 0.18182 0.14220 1.00000 0.32143 0.71002 0.27941 0.20977 0.29858 1.00000 0.33333 1.00000 1.00000 0.84496 0.61102
43.00000 79.00000 0.70115 0.50000 1.00000 1.00000 0.30723 0.31219 0.37407 1.00000 1.00000 0.57810 0.30303 0.13973 1.00000 0.32143 0.72281 0.23529 0.17267 0.30012 1.00000 0.41667 1.00000 1.00000 0.55814 0.71859
43.00000 80.00000 0.55172 0.16667 1.00000 1.00000 0.31024 0.37584 0.29625 1.00000 1.00000 0.63285 0.16667 0.15952 1.00000 0.19048 0.73987 0.23529 0.21008 0.32320 1.00000 0.41667 1.00000 1.00000 0.77519 0.59445
43.00000 81.00000 0.31609 0.75000 1.00000 1.00000 0.28916 0.37999 0.24764 1.00000 1.00000 0.85185 0.24242 0.14682 1.00000 0.23214 0.69723 0.27941 0.17783 0.28934 1.00000 0.25000 1.00000 1.00000 0.66667 0.74855
43.00000 82.00000 0.56322 0.58333 1.00000 1.00000 0.31325 0.34467 0.41712 1.00000 1.00000 0.66667 0.21212 0.11608 1.00000 0.25595 0.72495 0.25000 0.17654 0.22509 1.00000 0.25000 1.00000 1.00000 0.60465 0.78197
43.00000 83.00000 0.64368 0.66667 1.00000 1.00000 0.15663 0.31110 0.30925 1.00000 1.00000 0.68438 0.15152 0.14305 1.00000 0.35119 0.85075 0.23529 0.20245 0.46364 1.00000 0.33333 1.00000 1.00000 0.51938 0.61792
43.00000 84.00000 0.62644 0.33333 1.00000 1.00000 0.37651 0.32156 0.30655 1.00000 1.00000 0.67955 0.27273 0.12734 1.00000 0.35714 0.75906 0.20588 0.18738 0.35398 1.00000 0.33333 1.00000 1.00000 0.70543 0.69843
43.00000 85.00000 0.48276 0.41667 1.00000 1.00000 0.27108 0.34750 0.34048 1.00000 1.00000 0.67150 0.25758 0.15862 1.00000 0.23214 0.73134 0.26471 0.18635 0.47326 1.00000 0.33333 1.00000 1.00000 0.61240 0.64651
43.00000 86.00000 0.49425 0.58333 1.00000 1.00000 0.25602 0.40113 0.40631 1.00000 1.00000 0.57649 0.21212 0.14449 1.00000 0.35714 0.63753 0.20588 0.20750 0.38900 1.00000 0.25000 1.00000 1.00000 0.64341 0.72218
43.00000 87.00000 0.46552 0.58333 1.00000 1.00000 0.29819 0.20187 0.29338 1.00000 1.00000 0.69565 0.24242 0.15324 1.00000 0.23810 0.68443 0.10294 0.20074 0.37207 1.00000 0.25000 1.00000 1.00000 0.65116 0.61461
43.00000 88.00000 0.25287 0.41667 1.00000 1.00000 0.39458 0.42272 0.38639 1.00000 1.00000 0.58293 0.24242 0.13605 1.00000 0.22619 0.58422 0.22059 0.18072 0.32705 1.00000 0.41667 1.00000 1.00000 0.60465 0.80503
43.00000 89.00000 0.50000 0.08333 1.00000 1.00000 0.29819 0.28014 0.34115 1.00000 1.00000 0.55717 0.18182 0.14902 1.00000 0.25000 0.72495 0.20588 0.20461 0.21124 1.00000 0.33333 1.00000 1.00000 0.56589 0.67371
43.00000 90.00000 0.49425 0.41667 1.00000 1.00000 0.36747 0.30565 0.26553 1.00000 1.00000 0.77939 0.16667 0.12497 1.00000 0.36310 0.67164 0.29412 0.17515 0.30896 1.00000 0.41667 1.00000 1.00000 0.80620 0.83761
43.00000 91.00000 0.48851 0.83333 1.00000 1.00000 0.34940 0.33312 0.46084 1.00000 1.00000 0.73108 0.25758 0.12524 1.00000 0.19048 0.73987 0.26471 0.18681 0.18161 1.00000 0.16667 1.00000 1.00000 0.58915 0.67399
43.00000 92.00000 0.45402 0.08333 1.00000 1.00000 0.40361 0.37759 0.30250 1.00000 1.00000 0.64734 0.25758 0.18779 1.00000 0.36310 0.72921 0.29412 0.18155 0.32359 1.00000 0.33333 1.00000 1.00000 0.63566 0.65755
43.00000 93.00000 0.29310 0.83333 1.00000 1.00000 0.42771 0.28755 0.31853 1.00000 1.00000 0.62480 0.22727 0.17500 1.00000 0.23810 0.73987 0.27941 0.21514 0.44556 1.00000 0.25000 1.00000 1.00000 0.68992 0.72673
43.00000 94.00000 0.66667 0.25000 1.00000 1.00000 0.26506 0.38151 0.36428 1.00000 1.00000 0.78100 0.24242 0.11918 1.00000 0.24405 0.64392 0.29412 0.18082 0.33090 1.00000 0.33333 1.00000 1.00000 0.66667 0.55247
43.00000 95.00000 0.68966 0.33333 1.00000 1.00000 0.19578 0.34532 0.31482 1.00000 1.00000 0.67472 0.25758 0.16423 1.00000 0.23214 0.69510 0.22059 0.18485 0.40862 1.00000 0.33333 1.00000 1.00000 0.69767 0.68407
43.00000 96.00000 0.43678 0.66667 1.00000 1.00000 0.32831 0.25485 0.37441 1.00000 1.00000 0.73752 0.19697 0.13349 1.00000 0.23214 0.60341 0.20588 0.16890 0.48980 1.00000 0.41667 1.00000 1.00000 0.68992 0.71154
43.00000 97.00000 0.24138 0.16667 1.00000 1.00000 0.25602 0.24875 0.32461 1.00000 1.00000 0.74879 0.25758 0.15898 1.00000 0.35714 0.75906 0.16176 0.20513 0.33705 1.00000 0.33333 1.00000 1.00000 0.56589 0.69718
43.00000 98.00000 0.44253 0.08333 1.00000 1.00000 0.30120 0.16852 0.43805 1.00000 1.00000 0.65378 0.30303 0.13766 1.00000 0.20238 0.76119 0.20588 0.18841 0.32089 1.00000 0.33333 1.00000 1.00000 0.62791 0.51160
43.00000 99.00000 0.33333 0.16667 1.00000 1.00000 0.50000 0.40746 0.32951 1.00000 1.00000 0.68116 0.25758 0.15202 1.00000 0.31548 0.70149 0.22059 0.16818 0.23971 1.00000 0.33333 1.00000 1.00000 0.72093 0.61406
43.00000 100.00000 0.77011 0.50000 1.00000 1.00000 0.31928 0.23719 0.35567 1.00000 1.00000 0.67955 0.22727 0.13995 1.00000 0.33929 0.75267 0.23529 0.18578 0.43825 1.00000 0.16667 1.00000 1.00000 0.54264 0.60812
43.00000 101.00000 0.45977 0.25000 1.00000 1.00000 0.23193 0.24024 0.28545 1.00000 1.00000 0.68116 0.18182 0.13991 1.00000 0.29762 0.73348 0.25000 0.19094 0.24394 1.00000 0.41667 1.00000 1.00000 0.70543 0.67150
43.00000 102.00000 0.64368 0.66667 1.00000 1.00000 0.25000 0.29366 0.40294 1.00000 1.00000 0.74557 0.25758 0.13753 1.00000 0.29167 0.61194 0.35294 0.17370 0.34475 1.00000 0.41667 1.00000 1.00000 0.59690 0.66059
43.00000 103.00000 0.37931 0.75000 1.00000 1.00000 0.29819 0.21278 0.33879 1.00000 1.00000 0.66989 0.19697 0.13291 1.00000 0.30952 0.73134 0.19118 0.16663 0.41978 1.00000 0.16667 1.00000 1.00000 0.55814 0.61268
43.00000 104.00000 0.63793 0.83333 1.00000 1.00000 0.32229 0.31175 0.26772 1.00000 1.00000 0.67633 0.12121 0.15149 1.00000 0.34524 0.70149 0.23529 0.18764 0.44902 1.00000 0.33333 1.00000 1.00000 0.58915 0.78556
43.00000 105.00000 0.70690 0.25000 1.00000 1.00000 0.39458 0.32309 0.45510 1.00000 1.00000 0.71337 0.37879 0.14206 1.00000 0.26190 0.65885 0.23529 0.21112 0.34667 1.00000 0.33333 1.00000 1.00000 0.53488 0.66860
43.00000 106.00000 0.32759 0.58333 1.00000 1.00000 0.43373 0.31480 0.35601 1.00000 1.00000 0.53140 0.25758 0.14081 1.00000 0.30952 0.69723 0.32353 0.20198 0.33782 1.00000 0.50000 1.00000 1.00000 0.58915 0.68020
43.00000 107.00000 0.52299 0.16667 1.00000 1.00000 0.25000 0.31676 0.29929 1.00000 1.00000 0.62802 0.22727 0.14646 1.00000 0.32738 0.76759 0.19118 0.19403 0.34552 1.00000 0.33333 1.00000 1.00000 0.62791 0.66114
43.00000 108.00000 0.52874 0.83333 1.00000 1.00000 0.26205 0.28188 0.48937 1.00000 1.00000 0.66989 0.25758 0.17850 1.00000 0.27381 0.69083 0.33824 0.15105 0.30088 1.00000 0.41667 1.00000 1.00000 0.64341 0.64223
43.00000 109.00000 0.55172 0.75000 1.00000 1.00000 0.41265 0.41857 0.35145 1.00000 1.00000 0.56844 0.25758 0.14426 1.00000 0.27381 0.61407 0.32353 0.18413 0.34244 1.00000 0.25000 1.00000 1.00000 0.68992 0.71044
43.00000 110.00000 0.55172 0.16667 1.00000 1.00000 0.46386 0.37606 0.39011 1.00000 1.00000 0.62802 0.18182 0.14027 1.00000 0.33333 0.72281 0.26471 0.21390 0.26587 1.00000 0.33333 1.00000 1.00000 0.59690 0.72176
43.00000 111.00000 0.71264 0.66667 1.00000 1.00000 0.21386 0.36015 0.44548 1.00000 1.00000 0.61836 0.22727 0.14251 1.00000 0.30357 0.60981 0.30882 0.21432 0.29858 1.00000 0.50000 1.00000 1.00000 0.51163 0.62151
43.00000 112.00000 0.47701 0.66667 1.00000 1.00000 0.28614 0.36647 0.35787 1.00000 1.00000 0.75523 0.22727 0.15265 1.00000 0.36905 0.62687 0.38235 0.18366 0.34898 1.00000 0.41667 1.00000 1.00000 0.66667 0.62759
43.00000 113.00000 0.55172 0.66667 1.00000 1.00000 0.33434 0.34729 0.41813 1.00000 1.00000 0.49758 0.33333 0.14224 1.00000 0.26786 0.63966 0.35294 0.16715 0.37130 1.00000 0.50000 1.00000 1.00000 0.49612 0.52251
43.00000 114.00000 0.44253 0.33333 1.00000 1.00000 0.38855 0.45346 0.30807 1.00000 1.00000 0.62319 0.25758 0.13551 1.00000 0.33929 0.69510 0.32353 0.16968 0.36553 1.00000 0.33333 1.00000 1.00000 0.61240 0.72052
43.00000 115.00000 0.61494 0.66667 1.00000 1.00000 0.43976 0.38653 0.36833 1.00000 1.00000 0.63768 0.21212 0.15620 1.00000 0.36310 0.53731 0.29412 0.20657 0.44055 1.00000 0.33333 1.00000 1.00000 0.75194 0.59072
43.00000 116.00000 0.56322 0.50000 1.00000 1.00000 0.37952 0.30804 0.35415 1.00000 1.00000 0.63285 0.40909 0.13497 1.00000 0.30357 0.79744 0.26471 0.18433 0.32243 1.00000 0.41667 1.00000 1.00000 0.65116 0.70381
43.00000 117.00000 0.43678 0.66667 1.00000 1.00000 0.59036 0.24155 0.34757 1.00000 1.00000 0.57810 0.25758 0.19016 1.00000 0.28571 0.68443 0.33824 0.18996 0.46249 1.00000 0.50000 1.00000 1.00000 0.54264 0.44670
43.00000 118.00000 0.41954 0.66667 1.00000 1.00000 0.27711 0.29213 0.29018 1.00000 1.00000 0.65217 0.21212 0.14242 1.00000 0.28571 0.77399 0.23529 0.20379 0.39669 1.00000 0.33333 1.00000 1.00000 0.64341 0.60729
43.00000 119.00000 0.56897 0.08333 1.00000 1.00000 0.45181 0.28014 0.19311 1.00000 0.00000 0.60064 0.22727 0.15247 1.00000 0.36310 0.70362 0.25000 0.18413 0.32897 1.00000 0.41667 1.00000 1.00000 0.56589 0.67702
43.00000 120.00000 0.32759 0.83333 1.00000 1.00000 0.38855 0.14214 0.32816 1.00000 1.00000 0.58937 0.31818 0.15377 1.00000 0.33929 0.77186 0.22059 0.15765 0.33975 1.00000 0.33333 1.00000 1.00000 0.52713 0.56973
43.00000 121.00000 0.52299 0.66667 1.00000 1.00000 0.35542 0.30761 0.39365 1.00000 1.00000 0.67794 0.33333 0.13138 1.00000 0.37500 0.66738 0.39706 0.19099 0.34282 1.00000 0.33333 1.00000 1.00000 0.51938 0.64112
43.00000 122.00000 0.50575 0.83333 1.00000 1.00000 0.44578 0.28145 0.40429 1.00000 1.00000 0.62641 0.21212 0.13295 1.00000 0.29762 0.63753 0.27941 0.18315 0.44363 1.00000 0.33333 1.00000 1.00000 0.60465 0.78804
43.00000 123.00000 0.56322 0.83333 1.00000 1.00000 0.26807 0.44037 0.39500 1.00000 1.00000 0.52174 0.27273 0.14220 1.00000 0.32738 0.62047 0.29412 0.16730 0.38900 1.00000 0.25000 1.00000 1.00000 0.45736 0.68006
43.00000 124.00000 0.77586 0.41667 1.00000 1.00000 0.46687 0.46893 0.37407 1.00000 1.00000 0.67311 0.34848 0.13031 1.00000 0.33333 0.61620 0.36765 0.17840 0.43632 1.00000 0.25000 1.00000 1.00000 0.64341 0.66570
43.00000 125.00000 0.42529 0.50000 1.00000 1.00000 0.30422 0.21190 0.38268 1.00000 1.00000 0.76006 0.28788 0.14417 1.00000 0.37500 0.67591 0.32353 0.16710 0.32859 1.00000 0.33333 1.00000 1.00000 0.63566 0.66252
43.00000 126.00000 0.45977 0.83333 1.00000 1.00000 0.30120 0.41727 0.27600 1.00000 1.00000 0.56361 0.28788 0.15122 1.00000 0.25000 0.59275 0.22059 0.18681 0.25933 1.00000 0.25000 1.00000 1.00000 0.65891 0.57539
43.00000 127.00000 0.55172 0.83333 1.00000 1.00000 0.47892 0.36778 0.39095 1.00000 1.00000 0.54106 0.33333 0.16670 1.00000 0.25595 0.57783 0.38235 0.17928 0.42478 1.00000 0.50000 1.00000 1.00000 0.57364 0.46410
43.00000 128.00000 0.23563 0.58333 1.00000 1.00000 0.11446 0.29235 0.36276 1.00000 1.00000 0.59903 0.24242 0.13277 1.00000 0.41071 0.60768 0.35294 0.17953 0.33590 1.00000 0.41667 1.00000 1.00000 0.60465 0.59100
43.00000 129.00000 0.38506 0.33333 1.00000 1.00000 0.37651 0.45367 0.33542 1.00000 1.00000 0.52979 0.25758 0.14323 1.00000 0.23214 0.64819 0.27941 0.16488 0.43863 1.00000 0.41667 1.00000 1.00000 0.54264 0.63836
43.00000 130.00000 0.60345 0.66667 1.00000 1.00000 0.35241 0.28581 0.26334 1.00000 1.00000 0.61514 0.31818 0.12757 1.00000 0.43452 0.57783 0.30882 0.19749 0.34975 1.00000 0.33333 1.00000 1.00000 0.56589 0.47611
43.00000 131.00000 0.76437 0.25000 1.00000 1.00000 0.38253 0.30521 0.48751 1.00000 1.00000 0.61997 0.28788 0.13493 1.00000 0.39286 0.71429 0.33824 0.18506 0.42709 1.00000 0.41667 1.00000 1.00000 0.62016 0.44725
43.00000 132.00000 0.58621 0.83333 1.00000 1.00000 0.42470 0.33486 0.35010 1.00000 1.00000 0.70853 0.30303 0.13959 1.00000 0.32738 0.69723 0.32353 0.19078 0.41785 1.00000 0.41667 1.00000 1.00000 0.44186 0.62027
43.00000 133.00000 0.49425 0.08333 1.00000 1.00000 0.37048 0.26771 0.31989 1.00000 1.00000 0.63929 0.22727 0.18711 1.00000 0.46429 0.63539 0.38235 0.19579 0.33936 1.00000 0.33333 1.00000 1.00000 0.55039 0.53880
43.00000 134.00000 0.48276 0.66667 1.00000 1.00000 0.41867 0.24962 0.31161 1.00000 1.00000 0.66023 0.30303 0.14094 1.00000 0.32143 0.63753 0.35294 0.17257 0.30473 1.00000 0.33333 1.00000 1.00000 0.58140 0.61917
43.00000 135.00000 0.40230 0.83333 1.00000 1.00000 0.50904 0.41094 0.42674 1.00000 1.00000 0.64734 0.28788 0.13941 1.00000 0.41667 0.56077 0.26471 0.15435 0.32974 1.00000 0.50000 1.00000 1.00000 0.52713 0.57871
43.00000 136.00000 0.38506 0.33333 1.00000 1.00000 0.37651 0.21670 0.34200 1.00000 1.00000 0.44767 0.22727 0.12618 1.00000 0.42857 0.64392 0.39706 0.19197 0.48711 1.00000 0.41667 1.00000 1.00000 0.57364 0.59210
43.00000 137.00000 0.32184 0.16667 1.00000 1.00000 0.48795 0.33464 0.32275 1.00000 1.00000 0.57005 0.37879 0.16338 1.00000 0.46429 0.57143 0.33824 0.15905 0.58792 1.00000 0.33333 1.00000 1.00000 0.48062 0.76609
43.00000 138.00000 0.52299 0.16667 1.00000 1.00000 0.52410 0.45084 0.51367 1.00000 1.00000 0.55717 0.33333 0.16068 1.00000 0.41667 0.52452 0.33824 0.18191 0.44017 1.00000 0.33333 1.00000 1.00000 0.61240 0.58741
43.00000 139.00000 0.36782 0.16667 1.00000 1.00000 0.43976 0.30848 0.49730 1.00000 1.00000 0.63607 0.25758 0.12295 1.00000 0.37500 0.68230 0.32353 0.16209 0.41401 1.00000 0.50000 1.00000 1.00000 0.61240 0.57995
43.00000 140.00000 0.58621 0.83333 1.00000 1.00000 0.53313 0.29235 0.47806 1.00000 1.00000 0.58132 0.31818 0.12281 1.00000 0.38095 0.51599 0.33824 0.16766 0.40785 1.00000 0.41667 1.00000 1.00000 0.56589 0.51118
43.00000 141.00000 0.31609 0.08333 1.00000 1.00000 0.59337 0.35993 0.40344 1.00000 1.00000 0.62319 0.27273 0.16194 1.00000 0.25595 0.51812 0.23529 0.19058 0.37514 1.00000 0.41667 1.00000 1.00000 0.59690 0.45015
43.00000 142.00000 0.70115 0.33333 1.00000 1.00000 0.46386 0.30804 0.36546 1.00000 1.00000 0.59098 0.27273 0.14179 1.00000 0.27381 0.58209 0.36765 0.17319 0.34244 1.00000 0.41667 1.00000 1.00000 0.42636 0.44546
43.00000 143.00000 0.48276 0.50000 1.00000 1.00000 0.44277 0.43100 0.42995 1.00000 1.00000 0.59742 0.24242 0.15449 1.00000 0.44643 0.57143 0.36765 0.16421 0.42863 1.00000 0.50000 1.00000 1.00000 0.65891 0.55385
43.00000 144.00000 0.44828 0.25000 1.00000 1.00000 0.34639 0.35731 0.39720 1.00000 1.00000 0.60870 0.30303 0.11016 1.00000 0.39286 0.64819 0.32353 0.15843 0.49365 1.00000 0.33333 1.00000 1.00000 0.53488 0.51988
43.00000 145.00000 0.71264 0.58333 1.00000 1.00000 0.35241 0.30608 0.35922 1.00000 1.00000 0.60709 0.31818 0.17186 1.00000 0.39286 0.60981 0.35294 0.15874 0.40669 1.00000 0.33333 1.00000 1.00000 0.59690 0.59183
43.00000 146.00000 0.48851 0.08333 1.00000 1.00000 0.41265 0.36276 0.40176 1.00000 1.00000 0.53784 0.27273 0.10343 1.00000 0.45833 0.56716 0.35294 0.14811 0.34629 1.00000 0.41667 1.00000 1.00000 0.49612 0.63532
43.00000 147.00000 0.58621 0.41667 1.00000 1.00000 0.53916 0.43841 0.53005 1.00000 1.00000 0.56522 0.31818 0.11061 1.00000 0.31548 0.53092 0.30882 0.14516 0.38207 1.00000 0.41667 1.00000 1.00000 0.48837 0.56131
43.00000 148.00000 0.65517 0.66667 1.00000 1.00000 0.27410 0.44888 0.34183 1.00000 1.00000 0.55717 0.31818 0.12411 1.00000 0.49405 0.58635 0.33824 0.17484 0.46402 1.00000 0.33333 1.00000 1.00000 0.51163 0.61889
43.00000 149.00000 0.49425 0.25000 1.00000 1.00000 0.34639 0.34859 0.48937 1.00000 1.00000 0.61031 0.30303 0.13547 1.00000 0.38095 0.60768 0.33824 0.16441 0.33859 1.00000 0.50000 1.00000 1.00000 0.34109 0.75338
43.00000 150.00000 0.52874 0.33333 1.00000 1.00000 0.47590 0.32156 0.51654 1.00000 1.00000 0.78422 0.34848 0.10652 1.00000 0.47024 0.58209 0.42647 0.15745 0.32666 1.00000 0.50000 1.00000 1.00000 0.55039 0.63960
43.00000 151.00000 0.73563 0.75000 1.00000 1.00000 0.44578 0.52692 0.49932 1.00000 1.00000 0.57166 0.33333 0.11159 1.00000 0.41667 0.48188 0.26471 0.15977 0.49327 1.00000 0.50000 1.00000 1.00000 0.49612 0.66432
43.00000 152.00000 0.41379 0.25000 1.00000 1.00000 0.53313 0.24569 0.36918 1.00000 1.00000 0.50403 0.37879 0.13075 1.00000 0.45833 0.55864 0.33824 0.16586 0.36976 1.00000 0.41667 1.00000 1.00000 0.64341 0.44352
43.00000 153.00000 0.30460 0.33333 1.00000 1.00000 0.46988 0.37650 0.44953 1.00000 1.00000 0.54589 0.30303 0.12743 1.00000 0.32738 0.54371 0.32353 0.15781 0.62486 1.00000 0.33333 1.00000 1.00000 0.53488 0.64664
43.00000 154.00000 0.62069 0.25000 1.00000 1.00000 0.48795 0.46545 0.51941 1.00000 1.00000 0.43961 0.27273 0.14579 1.00000 0.47024 0.68017 0.30882 0.15497 0.39284 1.00000 0.33333 1.00000 1.00000 0.53488 0.47473
43.00000 155.00000 0.46552 0.91667 1.00000 1.00000 0.44578 0.45978 0.42235 1.00000 1.00000 0.45250 0.48485 0.11541 1.00000 0.41071 0.54584 0.36765 0.15146 0.59446 1.00000 0.41667 1.00000 1.00000 0.51163 0.52568
43.00000 156.00000 0.69540 0.83333 1.00000 1.00000 0.42470 0.38805 0.34723 1.00000 1.00000 0.54267 0.37879 0.09831 1.00000 0.32738 0.46908 0.35294 0.17907 0.56560 1.00000 0.50000 1.00000 1.00000 0.51163 0.52389
43.00000 157.00000 0.35632 0.08333 1.00000 1.00000 0.34337 0.53216 0.40327 1.00000 1.00000 0.53140 0.34848 0.13654 1.00000 0.36905 0.56290 0.39706 0.18681 0.62216 1.00000 0.41667 1.00000 1.00000 0.58915 0.59417
43.00000 158.00000 0.69540 0.41667 1.00000 1.00000 0.26506 0.29758 0.51283 1.00000 1.00000 0.62319 0.33333 0.12344 1.00000 0.42857 0.54158 0.38235 0.17262 0.45556 1.00000 0.41667 1.00000 1.00000 0.49612 0.60108
43.00000 159.00000 0.38506 0.33333 1.00000 1.00000 0.37048 0.58077 0.44750 1.00000 1.00000 0.46860 0.34848 0.11842 1.00000 0.39286 0.49041 0.36765 0.13670 0.47903 1.00000 0.50000 1.00000 1.00000 0.55814 0.55606
43.00000 160.00000 0.57471 0.25000 1.00000 1.00000 0.55120 0.37170 0.50675 1.00000 1.00000 0.51691 0.34848 0.14610 1.00000 0.47619 0.56290 0.39706 0.14713 0.56637 1.00000 0.33333 1.00000 1.00000 0.51163 0.61917
43.00000 161.00000 0.44253 0.58333 1.00000 1.00000 0.49699 0.36800 0.40834 1.00000 1.00000 0.53945 0.37879 0.14736 1.00000 0.41071 0.47548 0.36765 0.14769 0.46633 1.00000 0.41667 1.00000 1.00000 0.51938 0.66708
43.00000 162.00000 0.39080 0.16667 1.00000 1.00000 0.35542 0.39765 0.36158 1.00000 1.00000 0.63929 0.40909 0.14758 1.00000 0.45238 0.56716 0.45588 0.13954 0.55752 1.00000 0.41667 1.00000 1.00000 0.38760 0.57028
43.00000 163.00000 0.24713 0.25000 1.00000 1.00000 0.46687 0.53128 0.54980 1.00000 1.00000 0.38647 0.34848 0.14911 1.00000 0.51190 0.37313 0.35294 0.14651 0.42170 1.00000 0.41667 1.00000 1.00000 0.47287 0.40003
43.00000 164.00000 0.40805 0.33333 1.00000 1.00000 0.43373 0.30499 0.33390 1.00000 1.00000 0.51852 0.37879 0.14072 1.00000 0.49405 0.51599 0.45588 0.15683 0.49096 1.00000 0.58333 1.00000 1.00000 0.50388 0.49558
43.00000 165.00000 0.35632 0.75000 1.00000 1.00000 0.51807 0.42032 0.49527 1.00000 1.00000 0.57649 0.31818 0.13681 1.00000 0.36905 0.59062 0.41176 0.17437 0.53367 1.00000 0.50000 1.00000 1.00000 0.45736 0.48909
43.00000 166.00000 0.63218 0.83333 1.00000 1.00000 0.25904 0.53368 0.52076 1.00000 1.00000 0.49758 0.37879 0.10648 1.00000 0.51786 0.56930 0.39706 0.15074 0.71489 1.00000 0.50000 1.00000 1.00000 0.48837 0.56890
43.00000 167.00000 0.47701 0.16667 1.00000 1.00000 0.39157 0.50447 0.52178 1.00000 1.00000 0.56039 0.37879 0.11581 1.00000 0.57738 0.53945 0.35294 0.15012 0.51327 1.00000 0.41667 1.00000 1.00000 0.51163 0.44035
43.00000 168.00000 0.64368 0.83333 1.00000 1.00000 0.64759 0.52867 0.59791 1.00000 1.00000 0.47987 0.33333 0.11922 1.00000 0.41667 0.38380 0.41176 0.15992 0.54713 1.00000 0.58333 1.00000 1.00000 0.46512 0.42751
43.00000 169.00000 0.58621 0.33333 1.00000 1.00000 0.63855 0.60911 0.55942 1.00000 1.00000 0.43800 0.39394 0.14920 1.00000 0.52381 0.45842 0.47059 0.14439 0.58369 1.00000 0.50000 1.00000 1.00000 0.41860 0.57498
43.00000 170.00000 0.42529 0.66667 1.00000 1.00000 0.57229 0.47199 0.63234 1.00000 1.00000 0.50081 0.36364 0.10850 1.00000 0.38690 0.55011 0.50000 0.14898 0.71797 1.00000 0.50000 1.00000 1.00000 0.46512 0.34811
43.00000 171.00000 0.50575 0.83333 1.00000 1.00000 0.56627 0.71201 0.52600 1.00000 1.00000 0.43800 0.37879 0.09176 1.00000 0.55357 0.48827 0.39706 0.14403 0.60331 1.00000 0.41667 1.00000 1.00000 0.42636 0.49392
43.00000 172.00000 0.60345 0.50000 1.00000 1.00000 0.50602 0.56442 0.54929 1.00000 1.00000 0.47343 0.42424 0.11617 1.00000 0.61310 0.42004 0.41176 0.10548 0.45171 1.00000 0.41667 1.00000 1.00000 0.44961 0.54350
43.00000 173.00000 0.44828 0.41667 1.00000 1.00000 0.58434 0.46610 0.65885 1.00000 1.00000 0.40419 0.40909 0.11200 1.00000 0.51190 0.53518 0.41176 0.14377 0.53905 1.00000 0.50000 1.00000 1.00000 0.43411 0.46617
43.00000 174.00000 0.56322 0.08333 1.00000 1.00000 0.49699 0.59581 0.44278 1.00000 1.00000 0.41063 0.42424 0.12102 1.00000 0.50595 0.40938 0.39706 0.12488 0.57253 1.00000 0.66667 1.00000 1.00000 0.41860 0.45485
43.00000 175.00000 0.35057 0.75000 1.00000 1.00000 0.49398 0.47133 0.51469 1.00000 1.00000 0.47665 0.46970 0.10931 1.00000 0.64286 0.38380 0.39706 0.14238 0.47826 1.00000 0.41667 1.00000 1.00000 0.35659 0.62234
43.00000 176.00000 0.41954 0.33333 1.00000 1.00000 0.43675 0.55287 0.72721 1.00000 1.00000 0.50886 0.39394 0.12003 1.00000 0.48214 0.42431 0.48529 0.14037 0.50789 1.00000 0.50000 1.00000 1.00000 0.36434 0.41370
43.00000 177.00000 0.60920 0.41667 1.00000 1.00000 0.49398 0.49967 0.56330 1.00000 1.00000 0.50242 0.42424 0.11783 1.00000 0.70833 0.43710 0.48529 0.13216 0.65833 1.00000 0.50000 1.00000 1.00000 0.37984 0.48122
43.00000 178.00000 0.62069 0.08333 1.00000 1.00000 0.47289 0.44256 0.57714 1.00000 1.00000 0.42029 0.45455 0.09679 1.00000 0.51786 0.38166 0.39706 0.12979 0.54636 1.00000 0.50000 1.00000 1.00000 0.47287 0.43538
43.00000 179.00000 0.58621 0.58333 1.00000 1.00000 0.65964 0.35513 0.68062 1.00000 1.00000 0.42673 0.37879 0.09077 1.00000 0.45238 0.52665 0.38235 0.13185 0.51828 1.00000 0.66667 1.00000 1.00000 0.57364 0.49945
43.00000 180.00000 0.48276 0.75000 1.00000 1.00000 0.70482 0.49117 0.63488 1.00000 1.00000 0.49919 0.42424 0.08723 1.00000 0.51190 0.47122 0.47059 0.11978 0.47826 1.00000 0.50000 1.00000 1.00000 0.31783 0.50331
43.00000 181.00000 0.72989 0.91667 1.00000 1.00000 0.73795 0.46675 0.64365 1.00000 1.00000 0.38647 0.39394 0.11285 1.00000 0.60119 0.48401 0.47059 0.12731 0.67334 1.00000 0.50000 1.00000 1.00000 0.37984 0.53632
43.00000 182.00000 0.52874 0.50000 1.00000 1.00000 0.71084 0.62982 0.45982 1.00000 1.00000 0.38808 0.37879 0.11904 1.00000 0.58333 0.42217 0.47059 0.13773 0.45594 1.00000 0.58333 1.00000 1.00000 0.35659 0.35225
43.00000 183.00000 0.58046 0.83333 1.00000 1.00000 0.52108 0.55090 0.71489 1.00000 1.00000 0.45572 0.46970 0.10634 1.00000 0.54762 0.44136 0.48529 0.16111 0.71643 1.00000 0.41667 1.00000 1.00000 0.27907 0.48495
43.00000 184.00000 0.51149 0.16667 1.00000 1.00000 0.57229 0.59385 0.59706 1.00000 1.00000 0.35588 0.48485 0.09127 1.00000 0.63095 0.28785 0.48529 0.12550 0.51943 1.00000 0.58333 1.00000 1.00000 0.37209 0.43621
43.00000 185.00000 0.25862 0.16667 1.00000 1.00000 0.57229 0.61478 0.66999 1.00000 1.00000 0.31884 0.51515 0.11675 1.00000 0.58333 0.30917 0.45588 0.14418 0.71489 1.00000 0.50000 1.00000 1.00000 0.38760 0.40527
43.00000 186.00000 0.50575 0.16667 1.00000 1.00000 0.65361 0.50905 0.68805 1.00000 1.00000 0.38969 0.54545 0.08490 1.00000 0.62500 0.25373 0.50000 0.13252 0.53405 1.00000 0.58333 1.00000 1.00000 0.37209 0.32118
43.00000 187.00000 0.29885 0.41667 1.00000 1.00000 0.55723 0.40876 0.69581 1.00000 1.00000 0.33333 0.50000 0.10854 1.00000 0.60119 0.21962 0.39706 0.12008 0.47942 1.00000 0.50000 1.00000 1.00000 0.43411 0.49144
43.00000 188.00000 0.51149 0.41667 1.00000 1.00000 0.57229 0.52344 0.59554 1.00000 1.00000 0.26892 0.46970 0.09652 1.00000 0.60119 0.24094 0.54412 0.10285 0.72682 1.00000 0.58333 1.00000 1.00000 0.27132 0.36523
43.00000 189.00000 0.44828 0.25000 1.00000 1.00000 0.61747 0.44583 0.63065 1.00000 1.00000 0.26248 0.48485 0.13197 1.00000 0.73810 0.30490 0.66176 0.12602 0.63063 1.00000 0.66667 1.00000 1.00000 0.48062 0.43151
43.00000 190.00000 0.44253 0.66667 1.00000 1.00000 0.51205 0.58470 0.66577 1.00000 1.00000 0.31723 0.45455 0.11936 1.00000 0.69048 0.26652 0.48529 0.12973 0.62909 1.00000 0.58333 1.00000 1.00000 0.44186 0.33195
43.00000 191.00000 0.47126 0.66667 1.00000 1.00000 0.64759 0.83017 0.81955 1.00000 1.00000 0.23833 0.54545 0.10661 1.00000 0.66071 0.34328 0.51471 0.08644 0.60023 1.00000 0.58333 1.00000 1.00000 0.25581 0.40099
43.00000 192.00000 0.25862 0.83333 1.00000 1.00000 0.61145 0.48049 0.73464 1.00000 1.00000 0.42029 0.51515 0.06170 1.00000 0.64286 0.31557 0.50000 0.10951 0.62601 1.00000 0.66667 1.00000 1.00000 0.37984 0.29647
43.00000 193.00000 0.71839 0.08333 1.00000 1.00000 0.69277 0.56399 0.74105 1.00000 1.00000 0.24477 0.45455 0.09387 1.00000 0.70238 0.36034 0.54412 0.12659 0.74567 1.00000 0.66667 1.00000 1.00000 0.35659 0.32601
43.00000 194.00000 0.68391 0.66667 1.00000 1.00000 0.46687 0.62939 0.71556 1.00000 1.00000 0.28824 0.57576 0.08247 1.00000 0.70833 0.28998 0.57353 0.11983 0.80685 1.00000 0.50000 1.00000 1.00000 0.29457 0.34466
43.00000 195.00000 0.31034 0.50000 1.00000 1.00000 0.73795 0.47635 0.59166 1.00000 1.00000 0.38808 0.56061 0.08270 1.00000 0.66667 0.23454 0.51471 0.10383 0.59600 1.00000 0.66667 1.00000 1.00000 0.45736 0.27548
43.00000 196.00000 0.51724 0.41667 1.00000 1.00000 0.72590 0.45476 0.78174 1.00000 1.00000 0.37037 0.56061 0.10989 1.00000 0.66071 0.32196 0.45588 0.07901 0.70219 1.00000 0.58333 1.00000 1.00000 0.41085 0.32325
43.00000 197.00000 0.00575 0.41667 1.00000 1.00000 0.52410 0.70438 0.69649 1.00000 1.00000 0.16908 0.62121 0.09809 1.00000 0.57738 0.46055 0.52941 0.09810 0.71027 1.00000 0.58333 1.00000 1.00000 0.27132 0.43013
43.00000 198.00000 0.48276 0.33333 1.00000 1.00000 0.68976 0.71637 0.77701 1.00000 1.00000 0.32367 0.50000 0.09190 1.00000 0.59524 0.24307 0.58824 0.10739 0.78530 1.00000 0.58333 1.00000 1.00000 0.33333 0.20630
43.00000 199.00000 0.43678 0.66667 1.00000 1.00000 0.88253 0.53085 0.79575 1.00000 1.00000 0.28019 0.48485 0.11815 1.00000 0.76786 0.24733 0.58824 0.09340 0.74298 1.00000 0.50000 1.00000 1.00000 0.27132 0.46672
43.00000 200.00000 0.51724 0.16667 1.00000 1.00000 0.68072 0.55570 0.75658 1.00000 1.00000 0.25121 0.54545 0.08593 1.00000 0.67262 0.28358 0.52941 0.08964 0.69758 1.00000 0.66667 1.00000 1.00000 0.37984 0.22452
43.00000 201.00000 0.50000 0.58333 1.00000 1.00000 0.66265 0.64901 0.84115 1.00000 1.00000 0.18680 0.56061 0.09670 1.00000 0.75595 0.23881 0.63235 0.09408 0.74913 1.00000 0.66667 1.00000 1.00000 0.19380 0.33237
43.00000 202.00000 0.56897 0.75000 1.00000 1.00000 0.69277 0.58077 0.64450 1.00000 1.00000 0.29308 0.65152 0.11541 1.00000 0.82143 0.26013 0.57353 0.09470 0.68873 1.00000 0.50000 1.00000 1.00000 0.21705 0.17730
43.00000 203.00000 0.34483 0.58333 1.00000 1.00000 0.87952 0.67975 0.85685 1.00000 1.00000 0.23671 0.56061 0.08934 1.00000 0.73810 0.20896 0.63235 0.07880 0.62755 1.00000 0.58333 1.00000 1.00000 0.14729 0.29950
43.00000 204.00000 0.43103 0.58333 1.00000 1.00000 0.71386 0.69283 0.76232 1.00000 1.00000 0.32528 0.66667 0.06663 1.00000 0.76786 0.18550 0.58824 0.06832 0.72297 1.00000 0.66667 1.00000 1.00000 0.33333 0.40334
43.00000 205.00000 0.60345 0.08333 1.00000 1.00000 0.75904 0.62895 0.83491 1.00000 1.00000 0.22866 0.57576 0.08822 1.00000 0.81548 0.17058 0.63235 0.09918 0.79761 1.00000 0.75000 1.00000 1.00000 0.24806 0.21610
43.00000 206.00000 0.34483 0.75000 1.00000 1.00000 0.70482 0.49553 0.74882 1.00000 1.00000 0.28824 0.59091 0.11245 1.00000 0.76190 0.34968 0.64706 0.05816 0.79184 1.00000 0.75000 1.00000 1.00000 0.10078 0.08257
43.00000 207.00000 0.51724 0.50000 1.00000 1.00000 0.83735 0.62198 0.76435 1.00000 1.00000 0.14171 0.71212 0.05954 1.00000 0.70238 0.14499 0.61765 0.06863 0.64140 1.00000 0.75000 1.00000 1.00000 0.23256 0.13725
