38.00000 1.00000 0.59512 0.73705 0.00000 0.23809 0.01349 0.04028 0.05266 0.29318 0.20881 0.09310 0.00120 0.01875 0.02703 0.02850 0.08961 0.00185 0.07793 0.92798 0.00000 0.03125 0.00000 0.00000 0.14129 0.14479
38.00000 2.00000 0.00005 0.00166 1.00000 1.00000 0.98092 0.93377 0.90425 1.00000 1.00000 0.99678 0.99922 0.87560 1.00000 0.89169 0.99731 0.99325 0.66852 0.02717 1.00000 0.92708 1.00000 1.00000 0.99005 0.99464
38.00000 3.00000 0.83327 0.99774 1.00000 0.06027 0.18240 0.31508 0.23569 0.14659 0.14403 0.13868 0.65073 0.30161 0.24324 0.43730 0.13811 0.99339 0.52832 0.35450 0.00000 0.32292 0.65116 1.00000 0.16735 0.16069
38.00000 4.00000 0.59519 0.73812 0.00000 0.23809 0.00853 0.02793 0.04677 0.29318 0.20818 0.09300 0.00150 0.02060 0.02703 0.03339 0.09103 0.00193 0.06650 0.91520 0.00000 0.04167 0.00000 0.00000 0.13992 0.15029
38.00000 5.00000 0.00005 0.00214 1.00000 1.00000 0.97871 0.94325 0.91205 1.00000 1.00000 0.99527 0.99935 0.87227 1.00000 0.89658 0.99749 0.99325 0.69565 0.03325 1.00000 0.92708 1.00000 1.00000 0.99348 0.98505
38.00000 6.00000 0.23802 0.29822 1.00000 0.59794 0.63116 0.69676 0.66594 0.61718 0.61509 0.61737 0.85309 0.64235 0.89189 0.72068 0.61646 0.99325 0.66421 0.10450 1.00000 0.65625 0.85412 1.00000 0.62757 0.63784
38.00000 7.00000 0.99987 0.99762 1.00000 0.00000 0.12928 0.29795 0.22833 0.00000 0.00063 0.00620 0.62753 0.27435 0.24324 0.46661 0.00398 0.99325 0.56231 0.37771 0.00000 0.28125 0.62791 1.00000 0.02023 0.01568
38.00000 8.00000 0.00001 0.00000 1.00000 1.00000 0.98018 0.93209 0.87532 1.00000 1.00000 0.99740 0.99907 0.86402 1.00000 0.90228 0.99663 0.99322 0.67563 0.02614 1.00000 0.91667 1.00000 1.00000 0.98628 0.99052
38.00000 9.00000 0.00003 0.00000 1.00000 1.00000 0.97670 0.93471 0.89929 1.00000 1.00000 0.99632 0.99939 0.87255 1.00000 0.89495 0.99802 0.99325 0.68677 0.02164 1.00000 0.92708 1.00000 1.00000 0.98697 0.98990
38.00000 10.00000 0.47619 0.83219 1.00000 0.62699 0.66098 0.62855 0.52847 0.50794 0.49937 0.47275 0.86388 0.59864 0.40541 0.65391 0.47107 0.99344 0.49443 0.30789 0.00000 0.63542 0.86469 1.00000 0.49794 0.49106
38.00000 11.00000 0.23811 0.29691 1.00000 0.59794 0.63593 0.68514 0.66649 0.61718 0.61509 0.61560 0.85319 0.64266 0.89189 0.72964 0.61555 0.99333 0.68532 0.10494 1.00000 0.68750 0.85412 1.00000 0.63512 0.63521
38.00000 12.00000 0.23805 0.29703 1.00000 0.59794 0.63446 0.69332 0.66666 0.61718 0.61509 0.61577 0.85326 0.64890 0.89189 0.72883 0.61616 0.99314 0.67663 0.10860 1.00000 0.67708 0.85412 1.00000 0.62894 0.63967
38.00000 13.00000 0.99997 0.99762 1.00000 0.00000 0.12506 0.28633 0.25004 0.00000 0.00000 0.00628 0.62759 0.27579 0.24324 0.45521 0.00355 0.99341 0.57121 0.37156 0.00000 0.28125 0.62791 1.00000 0.01818 0.02126
38.00000 14.00000 0.47612 0.83302 1.00000 0.62699 0.65657 0.63950 0.54410 0.50794 0.49937 0.47256 0.86388 0.60459 0.40541 0.65228 0.47325 0.99322 0.52090 0.31902 0.00000 0.63542 0.86469 1.00000 0.49246 0.49768
38.00000 15.00000 0.99983 0.99941 1.00000 0.00000 0.12386 0.28487 0.23798 0.00000 0.00000 0.00501 0.62749 0.27385 0.24324 0.46906 0.00330 0.99333 0.56638 0.35669 0.00000 0.28125 0.62791 1.00000 0.01920 0.02371
38.00000 16.00000 0.23816 0.29691 1.00000 0.59794 0.63024 0.68073 0.68702 0.61718 0.61509 0.61503 0.85322 0.64713 0.89189 0.71906 0.61590 0.99319 0.68242 0.09476 1.00000 0.68750 0.85412 1.00000 0.63409 0.63872
38.00000 17.00000 0.23820 0.29857 1.00000 0.59794 0.62758 0.68796 0.67590 0.61718 0.61509 0.61558 0.85322 0.64677 0.89189 0.73860 0.61682 0.99336 0.65521 0.10600 1.00000 0.68750 0.85412 1.00000 0.62997 0.63984
38.00000 18.00000 0.99978 0.99988 1.00000 0.00000 0.12772 0.28243 0.23644 0.00000 0.00000 0.00492 0.62742 0.27468 0.24324 0.46336 0.00353 0.99311 0.56157 0.36760 0.00000 0.27083 0.62791 1.00000 0.01886 0.02378
38.00000 19.00000 0.47613 0.83230 1.00000 0.62699 0.65933 0.64172 0.52178 0.50794 0.49937 0.47167 0.86392 0.60240 0.40541 0.65391 0.47333 0.99336 0.51202 0.32513 0.00000 0.64583 0.86469 1.00000 0.49486 0.49696
38.00000 20.00000 0.23811 0.29691 1.00000 0.59794 0.63281 0.69408 0.67581 0.61718 0.61509 0.61696 0.85322 0.64496 0.89189 0.74023 0.61743 0.99328 0.68194 0.10248 1.00000 0.68750 0.85412 1.00000 0.63443 0.63500
38.00000 21.00000 0.47623 0.83135 1.00000 0.62699 0.65410 0.63026 0.53177 0.50794 0.49937 0.47289 0.86398 0.60133 0.40541 0.65309 0.47285 0.99322 0.51116 0.30946 0.00000 0.63542 0.86469 1.00000 0.48937 0.49717
38.00000 22.00000 0.99981 0.99762 1.00000 0.00000 0.12964 0.28544 0.22190 0.00000 0.00063 0.00511 0.62736 0.27181 0.24324 0.46173 0.00172 0.99336 0.56679 0.35754 0.00000 0.28125 0.62791 1.00000 0.00892 0.01758
38.00000 23.00000 0.59528 0.73789 0.00000 0.23809 0.01670 0.02181 0.05120 0.29318 0.20881 0.09274 0.00133 0.01272 0.02703 0.02769 0.09030 0.00179 0.05712 0.92004 0.00000 0.04167 0.00000 0.00000 0.14300 0.15113
38.00000 24.00000 0.59530 0.73682 0.00000 0.23809 0.00853 0.03955 0.03625 0.29318 0.20881 0.09286 0.00127 0.01691 0.02703 0.03094 0.09093 0.00168 0.06976 0.93951 0.00000 0.04167 0.00000 0.00000 0.13477 0.14123
38.00000 25.00000 0.59523 0.73812 0.00000 0.23809 0.00734 0.02706 0.07014 0.29318 0.20818 0.09210 0.00125 0.02238 0.02703 0.02850 0.09172 0.00174 0.06027 0.92348 0.00000 0.03125 0.00000 0.00000 0.14438 0.14333
38.00000 26.00000 0.00003 0.00000 1.00000 1.00000 0.98312 0.90115 0.89561 1.00000 1.00000 0.99568 0.99926 0.87154 1.00000 0.90309 0.99584 0.99314 0.68465 0.03288 1.00000 0.90625 1.00000 1.00000 0.99554 0.99404
38.00000 27.00000 0.99996 0.99762 1.00000 0.00000 0.12625 0.28362 0.25016 0.00000 0.00063 0.00556 0.62744 0.27539 0.24324 0.46417 0.00490 0.99336 0.56362 0.37372 0.00000 0.27083 0.62791 1.00000 0.02092 0.01798
38.00000 28.00000 0.83330 0.99762 1.00000 0.06027 0.18057 0.33201 0.24173 0.14659 0.14403 0.13832 0.65073 0.29946 0.24324 0.44463 0.13646 0.99341 0.52494 0.35589 0.00000 0.30208 0.65116 1.00000 0.15604 0.16983
38.00000 29.00000 0.00003 0.00190 1.00000 1.00000 0.98092 0.92670 0.89123 1.00000 1.00000 0.99535 0.99930 0.87058 1.00000 0.91205 0.99637 0.99322 0.68073 0.02790 1.00000 0.91667 1.00000 1.00000 0.98765 0.99175
38.00000 30.00000 0.99997 0.99976 1.00000 0.00000 0.12561 0.28230 0.24445 0.00000 0.00000 0.00470 0.62734 0.27360 0.24324 0.46743 0.00416 0.99328 0.56160 0.36976 0.00000 0.27083 0.62791 1.00000 0.01783 0.01840
38.00000 31.00000 0.00005 0.00071 1.00000 1.00000 0.97569 0.90007 0.89640 1.00000 1.00000 0.99523 0.99932 0.87187 1.00000 0.87866 0.99685 0.99347 0.69258 0.03189 1.00000 0.94792 1.00000 1.00000 0.99143 0.99011
38.00000 32.00000 0.59527 0.73634 0.00000 0.23809 0.00817 0.02842 0.04653 0.29318 0.20881 0.09241 0.00139 0.02461 0.02703 0.02606 0.09086 0.00185 0.07076 0.93314 0.00000 0.03125 0.00000 0.00000 0.14198 0.15011
38.00000 33.00000 0.99984 0.99976 1.00000 0.00000 0.12854 0.29376 0.23133 0.00000 0.00000 0.00444 0.62742 0.27427 0.24324 0.45603 0.00332 0.99319 0.56357 0.36409 0.00000 0.28125 0.62791 1.00000 0.01406 0.01389
38.00000 34.00000 0.99984 0.99762 1.00000 0.00000 0.12634 0.29795 0.22840 0.00000 0.00063 0.00480 0.62734 0.27520 0.24324 0.46906 0.00419 0.99317 0.56417 0.36442 0.00000 0.25000 0.62791 1.00000 0.01475 0.01913
38.00000 35.00000 0.47609 0.83135 1.00000 0.62699 0.65823 0.64649 0.53707 0.50794 0.49937 0.47234 0.86392 0.60001 0.40541 0.64169 0.47178 0.99330 0.51319 0.31627 0.00000 0.63542 0.86469 1.00000 0.49314 0.49814
38.00000 36.00000 0.00005 0.00000 1.00000 1.00000 0.97798 0.92740 0.89291 1.00000 1.00000 0.99644 0.99916 0.86698 1.00000 0.89821 0.99810 0.99308 0.70269 0.03779 1.00000 0.91667 1.00000 1.00000 0.98765 0.99202
38.00000 37.00000 0.99997 0.99762 1.00000 0.00000 0.12634 0.26921 0.25372 0.00000 0.00063 0.00499 0.62755 0.27460 0.24324 0.47231 0.00307 0.99344 0.56027 0.37207 0.00000 0.28125 0.62791 1.00000 0.01955 0.01687
38.00000 38.00000 0.99994 0.99762 1.00000 0.00000 0.12643 0.28625 0.23552 0.00000 0.00063 0.00511 0.62738 0.27164 0.24324 0.46336 0.00254 0.99306 0.56900 0.37566 0.00000 0.27083 0.62791 1.00000 0.01989 0.01934
38.00000 39.00000 0.23806 0.29691 1.00000 0.59794 0.63318 0.68078 0.66991 0.61718 0.61509 0.61560 0.85322 0.64401 0.89189 0.72801 0.61710 0.99328 0.66882 0.11273 1.00000 0.66667 0.85412 1.00000 0.63752 0.62986
38.00000 40.00000 0.47607 0.83135 1.00000 0.62699 0.65923 0.64554 0.54381 0.50794 0.49937 0.47325 0.86388 0.59583 0.40541 0.64577 0.47226 0.99339 0.51742 0.32356 0.00000 0.63542 0.86469 1.00000 0.49348 0.49907
38.00000 41.00000 0.59511 0.73765 0.00000 0.23809 0.00385 0.03224 0.03839 0.29318 0.20818 0.09343 0.00141 0.02295 0.02703 0.02117 0.09101 0.00193 0.04596 0.92234 0.00000 0.04167 0.00000 0.00000 0.14540 0.14654
38.00000 42.00000 0.59514 0.73634 0.00000 0.23809 0.01248 0.03960 0.05416 0.29318 0.20818 0.09329 0.00127 0.02088 0.02703 0.01547 0.08974 0.00187 0.05586 0.93926 0.00000 0.02083 0.00000 0.00000 0.14163 0.15070
38.00000 43.00000 0.83328 0.99762 1.00000 0.06027 0.17846 0.31042 0.24359 0.14659 0.14403 0.13782 0.65071 0.29023 0.24324 0.45440 0.13735 0.99314 0.52111 0.36054 0.00000 0.31250 0.65116 1.00000 0.16324 0.16314
38.00000 44.00000 0.00006 0.00000 1.00000 1.00000 0.97725 0.90893 0.90165 1.00000 1.00000 0.99673 0.99930 0.87476 1.00000 0.90309 0.99533 0.99325 0.68758 0.02962 1.00000 0.92708 1.00000 1.00000 0.99074 0.99028
38.00000 45.00000 0.23811 0.29869 1.00000 0.59794 0.63455 0.69944 0.65980 0.61718 0.61509 0.61491 0.85319 0.64110 0.89189 0.72883 0.61555 0.99350 0.67289 0.10713 1.00000 0.68750 0.85412 1.00000 0.63032 0.63443
38.00000 46.00000 0.23816 0.29739 1.00000 0.59794 0.63006 0.69197 0.68584 0.61718 0.61509 0.61355 0.85311 0.64405 0.89189 0.72720 0.61537 0.99336 0.67021 0.10739 1.00000 0.67708 0.85412 1.00000 0.62723 0.62922
38.00000 47.00000 0.99997 0.99893 1.00000 0.00000 0.12597 0.28127 0.24383 0.00000 0.00000 0.00346 0.62755 0.27131 0.24324 0.47150 0.00353 0.99333 0.56786 0.36830 0.00000 0.29167 0.62791 1.00000 0.01475 0.02338
38.00000 48.00000 0.47617 0.83337 1.00000 0.62699 0.65639 0.66033 0.53834 0.50794 0.49937 0.47172 0.86381 0.60571 0.40541 0.64414 0.47310 0.99336 0.52925 0.31246 0.00000 0.63542 0.86469 1.00000 0.48971 0.49956
38.00000 49.00000 0.00002 0.00000 1.00000 1.00000 0.97725 0.90064 0.90803 1.00000 1.00000 0.99661 0.99930 0.86437 1.00000 0.89902 0.99729 0.99317 0.70960 0.02794 1.00000 0.92708 1.00000 1.00000 0.99040 0.98663
38.00000 50.00000 0.83321 0.99857 1.00000 0.06027 0.18304 0.32675 0.25045 0.14659 0.14403 0.13828 0.65080 0.29537 0.24324 0.46498 0.13687 0.99341 0.51511 0.35347 0.00000 0.30208 0.65116 1.00000 0.15706 0.17492
38.00000 51.00000 0.83333 0.99762 1.00000 0.06027 0.18158 0.32036 0.25045 0.14659 0.14403 0.13751 0.65088 0.29924 0.24324 0.46661 0.13811 0.99333 0.50750 0.35871 0.00000 0.32292 0.65116 1.00000 0.15981 0.16521
38.00000 52.00000 0.00006 0.00000 1.00000 1.00000 0.97936 0.92941 0.90988 1.00000 1.00000 0.99544 0.99920 0.86568 1.00000 0.90391 0.99660 0.99325 0.68101 0.02431 1.00000 0.90625 1.00000 1.00000 0.98903 0.99303
38.00000 53.00000 0.47612 0.83290 1.00000 0.62699 0.65428 0.64239 0.53673 0.50794 0.49937 0.47279 0.86403 0.60126 0.40541 0.65717 0.47138 0.99347 0.51388 0.32293 0.00000 0.64583 0.86469 1.00000 0.49108 0.49662
38.00000 54.00000 0.47626 0.83135 1.00000 0.62699 0.65648 0.62755 0.54925 0.50794 0.50000 0.47334 0.86386 0.60039 0.40541 0.65309 0.47122 0.99358 0.50962 0.31107 0.00000 0.63542 0.86469 1.00000 0.49280 0.49855
38.00000 55.00000 0.23821 0.29774 1.00000 0.59794 0.63483 0.67791 0.66972 0.61718 0.61509 0.61493 0.85324 0.64635 0.89189 0.74837 0.61649 0.99328 0.68025 0.10559 1.00000 0.67708 0.85412 1.00000 0.64026 0.64179
38.00000 56.00000 0.23816 0.29739 1.00000 0.59794 0.63419 0.68260 0.67821 0.61718 0.61509 0.61508 0.85324 0.64164 0.89189 0.74104 0.61519 0.99333 0.67823 0.10940 1.00000 0.66667 0.85412 1.00000 0.63066 0.63800
38.00000 57.00000 0.83326 0.99762 1.00000 0.06027 0.18598 0.31348 0.25071 0.14659 0.14403 0.13677 0.65046 0.29791 0.24324 0.45847 0.13765 0.99328 0.52523 0.35644 0.00000 0.31250 0.65116 1.00000 0.16598 0.16631
38.00000 58.00000 0.59526 0.73634 0.00000 0.23809 0.01055 0.02541 0.04790 0.29318 0.20881 0.09303 0.00122 0.02640 0.02703 0.03827 0.08923 0.00163 0.04560 0.92882 0.00000 0.03125 0.00000 0.00000 0.14266 0.14487
38.00000 59.00000 0.59522 0.73634 0.00000 0.23809 0.00752 0.01872 0.05165 0.29318 0.20818 0.09295 0.00125 0.01858 0.02703 0.03827 0.08966 0.00185 0.05441 0.93139 0.00000 0.03125 0.00000 0.00000 0.14163 0.13972
38.00000 60.00000 0.83320 0.99762 1.00000 0.06027 0.18084 0.33694 0.23819 0.14659 0.14403 0.13954 0.65054 0.29430 0.24324 0.46417 0.13674 0.99341 0.53163 0.33740 0.00000 0.33333 0.65116 1.00000 0.16289 0.16747
38.00000 61.00000 0.99999 0.99786 1.00000 0.00000 0.12634 0.27496 0.24532 0.00000 0.00063 0.00539 0.62753 0.27636 0.24324 0.46091 0.00530 0.99344 0.56065 0.37489 0.00000 0.27083 0.62791 1.00000 0.01612 0.02448
38.00000 62.00000 0.83317 0.99762 1.00000 0.06027 0.18222 0.32591 0.24118 0.14659 0.14403 0.13703 0.65071 0.30293 0.24324 0.44463 0.13674 0.99336 0.51849 0.34787 0.00000 0.32292 0.65116 1.00000 0.15672 0.16276
38.00000 63.00000 0.47622 0.83325 1.00000 0.62699 0.65850 0.62362 0.52116 0.50794 0.49937 0.47241 0.86405 0.60020 0.40541 0.64169 0.47346 0.99336 0.52323 0.32403 0.00000 0.64583 0.86469 1.00000 0.49451 0.49642
38.00000 64.00000 0.23820 0.29691 1.00000 0.59794 0.63254 0.70998 0.66471 0.61718 0.61509 0.61448 0.85315 0.64818 0.89189 0.73697 0.61504 0.99347 0.67075 0.11566 1.00000 0.68750 0.85412 1.00000 0.63957 0.62811
38.00000 65.00000 0.23823 0.29691 1.00000 0.59794 0.63015 0.67604 0.67318 0.61718 0.61509 0.61589 0.85336 0.64792 0.89189 0.72720 0.61573 0.99336 0.68020 0.11266 1.00000 0.68750 0.85412 1.00000 0.63580 0.63146
38.00000 66.00000 0.83327 0.99762 1.00000 0.06027 0.17836 0.32461 0.22618 0.14659 0.14403 0.13816 0.65075 0.29822 0.24324 0.44951 0.13773 0.99308 0.52242 0.35922 0.00000 0.31250 0.65116 1.00000 0.16701 0.15958
38.00000 67.00000 0.00000 0.00131 1.00000 1.00000 0.97688 0.91578 0.90182 1.00000 1.00000 0.99351 0.99932 0.86854 1.00000 0.91205 0.99655 0.99317 0.68437 0.02047 1.00000 0.94792 1.00000 1.00000 0.99280 0.99014
38.00000 68.00000 0.00004 0.00000 1.00000 1.00000 0.98532 0.95197 0.91174 1.00000 1.00000 0.99604 0.99943 0.87119 1.00000 0.91531 0.99587 0.99341 0.68732 0.02211 1.00000 0.94792 1.00000 1.00000 0.98251 0.98523
38.00000 69.00000 0.99984 0.99762 1.00000 0.00000 0.12386 0.30508 0.24838 0.00000 0.00000 0.00542 0.62732 0.27535 0.24324 0.46580 0.00487 0.99308 0.56517 0.37130 0.00000 0.28125 0.62791 1.00000 0.01303 0.02470
38.00000 70.00000 0.99996 0.99762 1.00000 0.00000 0.12515 0.28414 0.25059 0.00000 0.00000 0.00265 0.62738 0.27102 0.24324 0.45195 0.00446 0.99311 0.56238 0.37441 0.00000 0.29167 0.62791 1.00000 0.02126 0.02090
38.00000 71.00000 0.47619 0.83135 1.00000 0.62699 0.65657 0.64727 0.53608 0.50794 0.49937 0.47246 0.86381 0.60350 0.37838 0.63844 0.47196 0.99325 0.52744 0.32246 0.00000 0.64583 0.86469 1.00000 0.49588 0.49910
38.00000 72.00000 0.23808 0.29691 1.00000 0.59794 0.63602 0.70283 0.67975 0.61718 0.61509 0.61563 0.85332 0.64464 0.89189 0.72883 0.61494 0.99347 0.67085 0.11028 1.00000 0.67708 0.85412 1.00000 0.63134 0.63602
38.00000 73.00000 0.83330 0.99881 1.00000 0.06027 0.18910 0.32821 0.24060 0.14659 0.14403 0.13859 0.65073 0.29455 0.24324 0.46498 0.13603 0.99325 0.51352 0.34494 0.00000 0.31250 0.65116 1.00000 0.16049 0.16759
38.00000 74.00000 0.83318 0.99762 1.00000 0.06027 0.18112 0.31172 0.24833 0.14659 0.14403 0.13773 0.65073 0.29751 0.27027 0.44951 0.13705 0.99330 0.51488 0.35680 0.00000 0.32292 0.65116 1.00000 0.16289 0.17049
38.00000 75.00000 0.00004 0.00000 1.00000 1.00000 0.97330 0.93285 0.91689 1.00000 1.00000 0.99535 0.99922 0.87258 1.00000 0.90961 0.99609 0.99339 0.69056 0.04368 1.00000 0.92708 1.00000 1.00000 0.98560 0.98186
38.00000 76.00000 0.99987 0.99893 1.00000 0.00000 0.13130 0.29181 0.23417 0.00000 0.00000 0.00520 0.62744 0.27196 0.24324 0.47557 0.00426 0.99325 0.55831 0.37599 0.00000 0.28125 0.62791 1.00000 0.01612 0.02310
38.00000 77.00000 0.23822 0.29869 1.00000 0.59794 0.63437 0.70446 0.68144 0.61718 0.61509 0.61701 0.85322 0.64487 0.89189 0.75489 0.61628 0.99339 0.65976 0.10347 1.00000 0.68750 0.85412 1.00000 0.63512 0.64069
38.00000 78.00000 0.99991 0.99762 1.00000 0.00000 0.12992 0.29516 0.23167 0.00000 0.00000 0.00408 0.62734 0.27748 0.24324 0.47068 0.00325 0.99308 0.56019 0.36980 0.00000 0.28125 0.62791 1.00000 0.00960 0.02484
38.00000 79.00000 0.23807 0.29786 1.00000 0.59794 0.63859 0.69067 0.68789 0.61718 0.61509 0.61534 0.85328 0.64433 0.89189 0.74430 0.61633 0.99341 0.68139 0.11387 1.00000 0.67708 0.85412 1.00000 0.63272 0.63430
38.00000 80.00000 0.83320 0.99846 1.00000 0.06027 0.18442 0.31670 0.25487 0.14659 0.14403 0.13792 0.65073 0.29841 0.24324 0.45195 0.13732 0.99325 0.51385 0.35999 0.00000 0.32292 0.65116 1.00000 0.16358 0.16257
38.00000 81.00000 0.00003 0.00000 1.00000 1.00000 0.98275 0.92196 0.91633 1.00000 1.00000 0.99642 0.99928 0.86348 1.00000 0.89739 0.99584 0.99328 0.69724 0.02270 1.00000 0.92708 1.00000 1.00000 0.98457 0.98399
38.00000 82.00000 0.23803 0.29691 1.00000 0.59794 0.63006 0.68354 0.67275 0.61718 0.61509 0.61470 0.85328 0.63950 0.89189 0.73453 0.61568 0.99352 0.66949 0.11500 1.00000 0.67708 0.85412 1.00000 0.62757 0.63000
38.00000 83.00000 0.99980 0.99762 1.00000 0.00000 0.12836 0.30034 0.21988 0.00000 0.00000 0.00613 0.62753 0.27640 0.24324 0.46336 0.00490 0.99314 0.57321 0.37657 0.00000 0.28125 0.62791 1.00000 0.01715 0.01793
38.00000 84.00000 0.23805 0.29893 1.00000 0.59794 0.63327 0.70064 0.68122 0.61718 0.61509 0.61653 0.85326 0.64010 0.89189 0.75000 0.61570 0.99336 0.66978 0.10981 1.00000 0.67708 0.85412 1.00000 0.63100 0.63215
38.00000 85.00000 0.99978 0.99762 1.00000 0.00000 0.12983 0.28262 0.23218 0.00000 0.00000 0.00532 0.62725 0.27466 0.24324 0.48046 0.00337 0.99303 0.56703 0.36486 0.00000 0.30208 0.62791 1.00000 0.01955 0.01633
38.00000 86.00000 0.83322 0.99786 1.00000 0.06027 0.18460 0.30819 0.26650 0.14659 0.14403 0.13906 0.65061 0.29751 0.24324 0.45114 0.13732 0.99322 0.53849 0.34388 0.00000 0.32292 0.65116 1.00000 0.15981 0.16440
38.00000 87.00000 0.00003 0.00000 1.00000 1.00000 0.98339 0.92244 0.90714 1.00000 1.00000 0.99640 0.99937 0.87233 1.00000 0.91938 0.99561 0.99344 0.69762 0.03079 1.00000 0.93750 1.00000 1.00000 0.98868 0.98241
38.00000 88.00000 0.47625 0.83314 1.00000 0.62699 0.65777 0.65385 0.55924 0.50794 0.49937 0.47332 0.86398 0.60036 0.40541 0.65961 0.47107 0.99350 0.50619 0.32056 0.00000 0.63542 0.86469 1.00000 0.49211 0.49392
38.00000 89.00000 0.47618 0.83314 1.00000 0.62699 0.65630 0.65337 0.54710 0.50794 0.49937 0.47413 0.86403 0.60547 0.40541 0.65635 0.47188 0.99322 0.50186 0.32608 0.00000 0.63542 0.86469 1.00000 0.49417 0.49163
38.00000 90.00000 0.00007 0.00024 1.00000 1.00000 0.98330 0.93810 0.91181 1.00000 1.00000 0.99461 0.99937 0.87017 1.00000 0.91124 0.99477 0.99344 0.68103 0.02834 1.00000 0.92708 1.00000 1.00000 0.99040 0.98571
38.00000 91.00000 0.99982 0.99976 1.00000 0.00000 0.13038 0.28311 0.23389 0.00000 0.00000 0.00360 0.62744 0.27586 0.24324 0.47964 0.00517 0.99300 0.55960 0.38672 0.00000 0.29167 0.62791 1.00000 0.00857 0.01650
38.00000 92.00000 0.99995 0.99762 1.00000 0.00000 0.13350 0.29132 0.24091 0.00000 0.00000 0.00484 0.62742 0.26620 0.24324 0.47068 0.00386 0.99289 0.55436 0.38554 0.00000 0.29167 0.62791 1.00000 0.01749 0.02387
38.00000 93.00000 0.59520 0.73634 0.00000 0.23809 0.01468 0.04294 0.05445 0.29318 0.20881 0.09171 0.00120 0.01342 0.02703 0.03909 0.08969 0.00174 0.06062 0.94182 0.00000 0.05208 0.00000 0.00000 0.13752 0.14255
38.00000 94.00000 0.47625 0.83135 1.00000 0.62699 0.65410 0.65128 0.53045 0.50794 0.50000 0.47234 0.86403 0.60172 0.40541 0.65391 0.47178 0.99333 0.50531 0.30770 0.00000 0.65625 0.86469 1.00000 0.49074 0.49418
38.00000 95.00000 0.59531 0.73705 0.00000 0.23809 0.00908 0.05204 0.04994 0.29318 0.20818 0.09171 0.00118 0.01688 0.02703 0.04479 0.08971 0.00168 0.05950 0.93384 0.00000 0.03125 0.00000 0.00000 0.14540 0.14618
38.00000 96.00000 0.59517 0.73634 0.00000 0.23809 0.00826 0.05190 0.06340 0.29318 0.20881 0.09231 0.00114 0.01944 0.02703 0.03257 0.08999 0.00163 0.06424 0.94479 0.00000 0.05208 0.00000 0.00000 0.14609 0.14796
38.00000 97.00000 0.00005 0.00000 1.00000 1.00000 0.98027 0.93753 0.92704 1.00000 1.00000 0.99816 0.99928 0.86963 1.00000 0.91124 0.99488 0.99339 0.68280 0.03694 1.00000 0.94792 1.00000 1.00000 0.98594 0.97861
38.00000 98.00000 0.83313 0.99857 1.00000 0.06027 0.18607 0.30015 0.26472 0.14659 0.14403 0.13796 0.65069 0.29750 0.24324 0.45603 0.13849 0.99344 0.51154 0.37544 0.00000 0.31250 0.65116 1.00000 0.15809 0.16984
38.00000 99.00000 0.59509 0.73634 0.00000 0.23809 0.00743 0.05212 0.05596 0.29318 0.20881 0.09229 0.00118 0.02107 0.02703 0.03257 0.08999 0.00176 0.06655 0.92776 0.00000 0.03125 0.00000 0.00000 0.13923 0.14885
38.00000 100.00000 0.99980 0.99762 1.00000 0.00000 0.12955 0.30264 0.24330 0.00000 0.00000 0.00336 0.62732 0.27048 0.24324 0.47557 0.00451 0.99281 0.55553 0.36347 0.00000 0.29167 0.62791 1.00000 0.01440 0.01831
38.00000 101.00000 0.59512 0.73800 0.00000 0.23809 0.01119 0.03974 0.04624 0.29318 0.20881 0.09248 0.00114 0.02053 0.02703 0.03909 0.08994 0.00176 0.05482 0.94277 0.00000 0.04167 0.00000 0.00000 0.14163 0.14239
38.00000 102.00000 0.99985 0.99964 1.00000 0.00000 0.12809 0.29703 0.24298 0.00000 0.00000 0.00353 0.62738 0.27493 0.24324 0.48290 0.00342 0.99319 0.55210 0.37427 0.00000 0.29167 0.62791 1.00000 0.01509 0.02118
38.00000 103.00000 0.83321 0.99798 1.00000 0.06027 0.18589 0.31703 0.25177 0.14659 0.14403 0.13770 0.65058 0.29704 0.24324 0.46824 0.13568 0.99319 0.52173 0.35124 0.00000 0.31250 0.65116 1.00000 0.16324 0.16822
38.00000 104.00000 0.83320 0.99762 1.00000 0.06027 0.18332 0.33060 0.25259 0.14659 0.14403 0.13765 0.65065 0.29443 0.24324 0.47476 0.13666 0.99314 0.51799 0.35732 0.00000 0.31250 0.65116 1.00000 0.16289 0.15377
38.00000 105.00000 0.23815 0.29834 1.00000 0.59794 0.63299 0.68338 0.67564 0.61718 0.61509 0.61367 0.85328 0.64044 0.89189 0.75163 0.61606 0.99336 0.66666 0.11867 1.00000 0.69792 0.85412 1.00000 0.63272 0.63326
38.00000 106.00000 0.00004 0.00107 1.00000 1.00000 0.98018 0.94019 0.94228 1.00000 1.00000 0.99683 0.99943 0.87017 1.00000 0.92671 0.99566 0.99352 0.67925 0.02797 1.00000 0.94792 1.00000 1.00000 0.98388 0.98498
38.00000 107.00000 0.47615 0.83278 1.00000 0.62699 0.65859 0.64318 0.51993 0.50794 0.49937 0.47282 0.86394 0.59950 0.40541 0.66287 0.47051 0.99333 0.52016 0.34406 0.00000 0.64583 0.86469 1.00000 0.48765 0.49904
38.00000 108.00000 0.99986 0.99762 1.00000 0.00000 0.12634 0.28555 0.23815 0.00000 0.00063 0.00594 0.62728 0.27728 0.24324 0.46906 0.00454 0.99308 0.56617 0.37229 0.00000 0.30208 0.62791 1.00000 0.00823 0.01845
38.00000 109.00000 0.59526 0.73634 0.00000 0.23809 0.00927 0.05152 0.05500 0.29318 0.20818 0.09207 0.00122 0.01723 0.02703 0.03990 0.08893 0.00171 0.06695 0.94625 0.00000 0.04167 0.00000 0.00000 0.13889 0.14885
38.00000 110.00000 0.47616 0.83314 1.00000 0.62699 0.65621 0.66309 0.55151 0.50794 0.50000 0.47275 0.86403 0.59668 0.40541 0.67671 0.47155 0.99333 0.50057 0.34282 0.00000 0.64583 0.86469 1.00000 0.49554 0.49408
38.00000 111.00000 0.47625 0.83135 1.00000 0.62699 0.66171 0.65028 0.55620 0.50794 0.50000 0.47038 0.86400 0.59878 0.40541 0.66042 0.47166 0.99339 0.50112 0.31693 0.00000 0.64583 0.86469 1.00000 0.49108 0.50073
38.00000 112.00000 0.83331 0.99941 1.00000 0.06027 0.18754 0.34875 0.22705 0.14659 0.14403 0.13665 0.65054 0.29703 0.24324 0.46173 0.13707 0.99330 0.51266 0.37848 0.00000 0.34375 0.65116 1.00000 0.15364 0.16306
38.00000 113.00000 0.99986 0.99774 1.00000 0.00000 0.12836 0.27674 0.25889 0.00000 0.00063 0.00344 0.62730 0.26935 0.24324 0.48371 0.00429 0.99300 0.55403 0.37654 0.00000 0.30208 0.62791 1.00000 0.01235 0.01782
38.00000 114.00000 0.59522 0.73646 0.00000 0.23809 0.01248 0.04928 0.06831 0.29318 0.20881 0.09188 0.00101 0.02595 0.02703 0.04235 0.09096 0.00154 0.05739 0.95387 0.00000 0.04167 0.00000 0.00000 0.14746 0.14419
38.00000 115.00000 0.23806 0.29881 1.00000 0.59794 0.63584 0.70912 0.68755 0.61718 0.61509 0.61424 0.85334 0.64747 0.89189 0.75244 0.61519 0.99350 0.66802 0.11416 1.00000 0.70833 0.85412 1.00000 0.62997 0.63619
38.00000 116.00000 0.83331 0.99988 1.00000 0.06027 0.18782 0.33518 0.27461 0.14659 0.14403 0.13799 0.65063 0.28577 0.24324 0.47476 0.13639 0.99308 0.51566 0.35948 0.00000 0.32292 0.65116 1.00000 0.15741 0.16516
38.00000 117.00000 0.59508 0.73741 0.00000 0.23809 0.00881 0.04711 0.05473 0.29318 0.20881 0.09198 0.00125 0.02033 0.02703 0.04723 0.09116 0.00171 0.07050 0.93300 0.00000 0.05208 0.00000 0.00000 0.14060 0.14088
38.00000 118.00000 0.99977 0.99976 1.00000 0.00000 0.12845 0.30651 0.24481 0.00000 0.00000 0.00537 0.62721 0.26882 0.24324 0.46987 0.00358 0.99289 0.56448 0.37950 0.00000 0.30208 0.62791 1.00000 0.01303 0.01853
38.00000 119.00000 0.59524 0.73634 0.00000 0.23809 0.01312 0.06041 0.06323 0.29318 0.20881 0.09186 0.00106 0.01534 0.02703 0.05130 0.08913 0.00141 0.05867 0.92941 0.00000 0.04167 0.00000 0.00000 0.13855 0.14214
38.00000 120.00000 0.99996 0.99762 1.00000 0.00000 0.12891 0.28902 0.24686 0.00000 0.00000 0.00499 0.62717 0.27605 0.24324 0.47638 0.00403 0.99289 0.55541 0.38133 0.00000 0.28125 0.62791 1.00000 0.01235 0.01834
38.00000 121.00000 0.47606 0.83135 1.00000 0.62699 0.65923 0.65120 0.54944 0.50794 0.50000 0.47170 0.86390 0.60394 0.37838 0.66938 0.47072 0.99344 0.50267 0.32784 0.00000 0.63542 0.86469 1.00000 0.48422 0.49098
38.00000 122.00000 0.83327 0.99893 1.00000 0.06027 0.18378 0.33867 0.26212 0.14659 0.14403 0.13694 0.65058 0.29002 0.24324 0.46336 0.13666 0.99289 0.50390 0.36057 0.00000 0.33333 0.65116 1.00000 0.15878 0.16438
38.00000 123.00000 0.00000 0.00000 1.00000 1.00000 0.98367 0.94531 0.92892 1.00000 1.00000 0.99499 0.99939 0.86815 1.00000 0.92182 0.99526 0.99347 0.67285 0.02988 1.00000 0.94792 1.00000 1.00000 0.97942 0.98793
38.00000 124.00000 0.00007 0.00190 1.00000 1.00000 0.98046 0.93767 0.93082 1.00000 1.00000 0.99363 0.99945 0.87275 1.00000 0.92590 0.99526 0.99341 0.68030 0.04705 1.00000 0.94792 1.00000 1.00000 0.97737 0.98296
38.00000 125.00000 0.00004 0.00000 1.00000 1.00000 0.98137 0.93217 0.93427 1.00000 1.00000 0.99430 0.99941 0.86794 1.00000 0.92101 0.99488 0.99361 0.66575 0.04244 1.00000 0.95833 1.00000 1.00000 0.98217 0.98565
38.00000 126.00000 0.23819 0.29691 1.00000 0.59794 0.64043 0.68812 0.69275 0.61718 0.61572 0.61443 0.85336 0.64990 0.89189 0.75081 0.61527 0.99358 0.66997 0.12031 1.00000 0.68750 0.85412 1.00000 0.62654 0.62980
38.00000 127.00000 0.23822 0.29691 1.00000 0.59794 0.63657 0.70898 0.68707 0.61718 0.61572 0.61529 0.85353 0.64530 0.89189 0.76140 0.61342 0.99355 0.65124 0.12419 1.00000 0.68750 0.85412 1.00000 0.62620 0.63193
38.00000 128.00000 0.99995 0.99762 1.00000 0.00000 0.13148 0.29563 0.27649 0.00000 0.00000 0.00465 0.62717 0.26686 0.24324 0.48371 0.00302 0.99272 0.55182 0.37621 0.00000 0.28125 0.62791 1.00000 0.01920 0.01583
38.00000 129.00000 0.59527 0.73634 0.00000 0.23809 0.01367 0.02197 0.06785 0.29318 0.20881 0.09286 0.00112 0.02272 0.02703 0.04805 0.08954 0.00154 0.05129 0.92824 0.00000 0.03125 0.00000 0.00000 0.13889 0.14693
38.00000 130.00000 0.23815 0.29691 1.00000 0.59794 0.63850 0.68227 0.69906 0.61718 0.61509 0.61346 0.85345 0.63601 0.89189 0.76466 0.61365 0.99361 0.65404 0.13708 1.00000 0.68750 0.85412 1.00000 0.62689 0.63499
38.00000 131.00000 0.47611 0.83135 1.00000 0.62699 0.66281 0.66268 0.54862 0.50794 0.49937 0.47172 0.86398 0.59734 0.40541 0.66612 0.47158 0.99333 0.49603 0.33721 1.00000 0.64583 0.86469 1.00000 0.49348 0.49366
38.00000 132.00000 0.23824 0.29691 1.00000 0.59794 0.63868 0.70177 0.68197 0.61718 0.61509 0.61398 0.85336 0.64205 0.89189 0.76547 0.61390 0.99374 0.67073 0.12826 1.00000 0.70833 0.85412 1.00000 0.63100 0.63196
38.00000 133.00000 0.99978 0.99762 1.00000 0.00000 0.13157 0.29172 0.25499 0.00000 0.00000 0.00437 0.62698 0.26933 0.24324 0.48616 0.00226 0.99264 0.55479 0.39792 0.00000 0.29167 0.62791 1.00000 0.01475 0.02020
38.00000 134.00000 0.47609 0.83349 1.00000 0.62699 0.66575 0.66992 0.55654 0.50794 0.50000 0.47055 0.86403 0.59793 0.40541 0.66205 0.47122 0.99344 0.49769 0.34402 0.00000 0.65625 0.86469 1.00000 0.48388 0.48775
38.00000 135.00000 0.47627 0.83135 1.00000 0.62699 0.66639 0.65624 0.54142 0.50794 0.50000 0.47196 0.86407 0.59676 0.40541 0.68241 0.46988 0.99347 0.49564 0.32737 0.00000 0.65625 0.86469 1.00000 0.48560 0.49359
38.00000 136.00000 0.59530 0.73658 0.00000 0.23809 0.01596 0.05710 0.06641 0.29318 0.20881 0.09241 0.00097 0.02049 0.02703 0.05700 0.08994 0.00157 0.04260 0.95255 0.00000 0.05208 0.00000 0.00000 0.13820 0.13807
38.00000 137.00000 0.00001 0.00083 1.00000 1.00000 0.98477 0.95419 0.93797 1.00000 1.00000 0.99248 0.99930 0.86902 1.00000 0.92264 0.99533 0.99347 0.67306 0.03694 1.00000 0.94792 1.00000 1.00000 0.97565 0.97778
38.00000 138.00000 0.47618 0.83278 1.00000 0.62699 0.66144 0.65992 0.55548 0.50794 0.50000 0.47193 0.86411 0.59765 0.37838 0.66450 0.47016 0.99350 0.49917 0.32231 0.00000 0.64583 0.86469 1.00000 0.48525 0.48917
38.00000 139.00000 0.00004 0.00000 1.00000 1.00000 0.98220 0.95509 0.93703 1.00000 1.00000 0.99236 0.99943 0.86483 1.00000 0.92264 0.99419 0.99358 0.67547 0.04397 1.00000 0.93750 1.00000 1.00000 0.98525 0.97970
38.00000 140.00000 0.00004 0.00000 1.00000 1.00000 0.98330 0.94406 0.93015 1.00000 1.00000 0.99146 0.99956 0.86442 1.00000 0.94055 0.99414 0.99347 0.67551 0.05554 1.00000 0.94792 1.00000 1.00000 0.97565 0.98157
38.00000 141.00000 0.99986 0.99810 1.00000 0.00000 0.13414 0.29939 0.25314 0.00000 0.00000 0.00482 0.62715 0.27428 0.24324 0.50163 0.00345 0.99272 0.55391 0.38620 0.00000 0.28125 0.62791 1.00000 0.01475 0.01850
38.00000 142.00000 0.00003 0.00000 1.00000 1.00000 0.99119 0.94959 0.95879 1.00000 1.00000 0.99313 0.99958 0.86745 1.00000 0.92752 0.99323 0.99358 0.66702 0.04837 1.00000 0.93750 1.00000 1.00000 0.98080 0.97719
38.00000 143.00000 0.59521 0.73634 0.00000 0.23809 0.00844 0.05957 0.06460 0.29318 0.20881 0.09295 0.00099 0.01232 0.02703 0.06515 0.08999 0.00124 0.04644 0.94281 0.00000 0.04167 0.00000 0.00000 0.13923 0.14706
38.00000 144.00000 0.47609 0.83135 1.00000 0.62699 0.66135 0.65312 0.54732 0.50794 0.50000 0.47153 0.86403 0.59593 0.40541 0.68322 0.47234 0.99361 0.50374 0.33593 0.00000 0.65625 0.86469 1.00000 0.48800 0.48861
38.00000 145.00000 0.47614 0.83135 1.00000 0.62699 0.66639 0.66363 0.57154 0.50794 0.50000 0.47024 0.86409 0.59625 0.40541 0.69055 0.47011 0.99355 0.49115 0.33868 0.00000 0.68750 0.86469 1.00000 0.48800 0.48842
38.00000 146.00000 0.99985 0.99762 1.00000 0.00000 0.13387 0.29037 0.25134 0.00000 0.00063 0.00382 0.62694 0.26947 0.24324 0.48941 0.00365 0.99259 0.54451 0.38236 0.00000 0.29167 0.62791 1.00000 0.01132 0.02186
38.00000 147.00000 0.99977 0.99988 1.00000 0.00000 0.13359 0.32374 0.26578 0.00000 0.00063 0.00348 0.62683 0.26845 0.24324 0.50570 0.00315 0.99231 0.53892 0.40433 0.00000 0.29167 0.62791 1.00000 0.01989 0.02067
38.00000 148.00000 0.59517 0.73634 0.00000 0.23809 0.01477 0.05943 0.06236 0.29318 0.20881 0.09136 0.00103 0.01668 0.02703 0.07329 0.09025 0.00152 0.05691 0.96606 0.00000 0.05208 0.00000 0.00000 0.14026 0.14299
38.00000 149.00000 0.23820 0.29739 1.00000 0.59794 0.63905 0.73041 0.71547 0.61718 0.61572 0.61252 0.85368 0.63809 0.89189 0.78013 0.61354 0.99372 0.64793 0.13954 1.00000 0.69792 0.85412 1.00000 0.62723 0.62944
38.00000 150.00000 0.23801 0.29691 1.00000 0.59794 0.64309 0.72187 0.68952 0.61718 0.61572 0.61260 0.85362 0.64423 0.89189 0.76629 0.61425 0.99394 0.65919 0.12225 1.00000 0.70833 0.85412 1.00000 0.62243 0.62739
38.00000 151.00000 0.23817 0.29881 1.00000 0.59794 0.64006 0.71218 0.71559 0.61718 0.61572 0.61248 0.85353 0.64018 0.89189 0.77117 0.61309 0.99408 0.65757 0.13170 1.00000 0.70833 0.85412 1.00000 0.62277 0.62807
38.00000 152.00000 0.59527 0.73682 0.00000 0.23809 0.01340 0.09061 0.08294 0.29318 0.20818 0.09219 0.00099 0.01503 0.02703 0.07003 0.08893 0.00121 0.05962 0.94358 0.00000 0.04167 0.00000 0.00000 0.13855 0.14215
38.00000 153.00000 0.00005 0.00000 1.00000 1.00000 0.98761 0.94127 0.94979 1.00000 1.00000 0.99246 0.99956 0.86418 1.00000 0.93241 0.99302 0.99372 0.65164 0.06067 1.00000 0.93750 1.00000 1.00000 0.97325 0.97859
38.00000 154.00000 0.59526 0.73634 0.00000 0.23809 0.01147 0.07119 0.07880 0.29318 0.20818 0.09229 0.00072 0.01578 0.02703 0.07818 0.09088 0.00130 0.05546 0.95852 0.00000 0.06250 0.00000 0.00000 0.14060 0.14156
38.00000 155.00000 0.59513 0.73848 0.00000 0.23809 0.01046 0.04982 0.04956 0.29318 0.20881 0.09150 0.00080 0.01721 0.02703 0.07003 0.08862 0.00138 0.04301 0.94944 0.00000 0.03125 0.00000 0.00000 0.13649 0.14078
38.00000 156.00000 0.99990 0.99762 1.00000 0.00000 0.13020 0.30364 0.27290 0.00000 0.00000 0.00325 0.62683 0.26604 0.24324 0.49674 0.00464 0.99223 0.53632 0.39312 0.00000 0.29167 0.62791 1.00000 0.01578 0.02039
38.00000 157.00000 0.47617 0.83302 1.00000 0.62699 0.65997 0.66065 0.57339 0.50794 0.50000 0.46912 0.86403 0.59207 0.40541 0.71743 0.46922 0.99350 0.48386 0.34201 0.00000 0.68750 0.86469 1.00000 0.48285 0.49077
38.00000 158.00000 0.23822 0.29881 1.00000 0.59794 0.64419 0.72496 0.71781 0.61718 0.61572 0.61236 0.85368 0.64037 0.89189 0.75977 0.61375 0.99391 0.64060 0.12972 1.00000 0.71875 0.85412 1.00000 0.61900 0.62412
38.00000 159.00000 0.59513 0.73634 0.00000 0.23809 0.01532 0.04779 0.08504 0.29318 0.20881 0.09183 0.00063 0.01269 0.02703 0.06515 0.08928 0.00121 0.05351 0.95200 0.00000 0.06250 0.00000 0.00000 0.13683 0.14765
38.00000 160.00000 0.83317 0.99762 1.00000 0.06027 0.18690 0.36259 0.29002 0.14659 0.14403 0.13682 0.65033 0.28274 0.24324 0.49919 0.13484 0.99261 0.50188 0.37782 0.00000 0.32292 0.65116 1.00000 0.15706 0.16018
38.00000 161.00000 0.00007 0.00178 1.00000 1.00000 0.98780 0.95633 0.96086 1.00000 1.00000 0.99148 0.99962 0.85930 1.00000 0.96091 0.99176 0.99385 0.65273 0.05181 1.00000 0.96875 1.00000 1.00000 0.96776 0.97527
38.00000 162.00000 0.23804 0.29917 1.00000 0.59794 0.64520 0.70497 0.72907 0.61718 0.61572 0.61109 0.85381 0.63084 0.89189 0.77280 0.61200 0.99402 0.63886 0.12742 1.00000 0.70833 0.85412 1.00000 0.62071 0.62984
38.00000 163.00000 0.23821 0.29691 1.00000 0.59794 0.64455 0.72407 0.73143 0.61718 0.61572 0.61272 0.85376 0.64207 0.89189 0.77687 0.61301 0.99413 0.64043 0.13727 1.00000 0.71875 0.85412 1.00000 0.62037 0.62817
38.00000 164.00000 0.83327 0.99762 1.00000 0.06027 0.19084 0.35582 0.29088 0.14659 0.14403 0.13565 0.65029 0.28565 0.24324 0.49267 0.13611 0.99264 0.49088 0.37665 0.00000 0.32292 0.65116 1.00000 0.15912 0.16736
38.00000 165.00000 0.59526 0.73765 0.00000 0.23809 0.01009 0.06082 0.10283 0.29318 0.20881 0.09076 0.00080 0.02032 0.02703 0.07573 0.08982 0.00127 0.04786 0.96837 0.00000 0.06250 0.00000 0.00000 0.14095 0.13764
38.00000 166.00000 0.47624 0.83361 1.00000 0.62699 0.66869 0.68414 0.56718 0.50794 0.50000 0.47041 0.86409 0.59528 0.37838 0.70033 0.46894 0.99361 0.48562 0.34523 1.00000 0.66667 0.86469 1.00000 0.48868 0.49324
38.00000 167.00000 0.99996 0.99834 1.00000 0.00000 0.13020 0.31694 0.28352 0.00000 0.00063 0.00315 0.62654 0.26506 0.24324 0.51140 0.00391 0.99195 0.52099 0.39569 0.00000 0.31250 0.62791 1.00000 0.00926 0.01783
38.00000 168.00000 0.83331 0.99762 1.00000 0.06027 0.19204 0.35381 0.28128 0.14659 0.14403 0.13386 0.65012 0.28681 0.24324 0.48697 0.13461 0.99261 0.48546 0.38291 0.00000 0.33333 0.65116 1.00000 0.15878 0.15963
38.00000 169.00000 0.99993 0.99762 1.00000 0.00000 0.13276 0.32328 0.29454 0.00000 0.00000 0.00329 0.62658 0.26951 0.24324 0.51384 0.00282 0.99201 0.52233 0.41707 0.00000 0.31250 0.62791 1.00000 0.00892 0.02040
38.00000 170.00000 0.83317 0.99905 1.00000 0.06027 0.19350 0.35482 0.28556 0.14659 0.14403 0.13596 0.65014 0.28716 0.24324 0.50977 0.13448 0.99250 0.48758 0.38057 0.00000 0.34375 0.65116 1.00000 0.15672 0.15998
38.00000 171.00000 0.47621 0.83135 1.00000 0.62699 0.66446 0.68203 0.59257 0.50794 0.50000 0.46967 0.86415 0.59103 0.37838 0.70358 0.46917 0.99374 0.47627 0.36032 1.00000 0.68750 0.86469 1.00000 0.48422 0.48057
38.00000 172.00000 0.23805 0.29691 1.00000 0.59794 0.64391 0.71968 0.73557 0.61718 0.61572 0.61260 0.85385 0.63928 0.89189 0.78664 0.61256 0.99419 0.62941 0.14547 1.00000 0.70833 0.85412 1.00000 0.62414 0.62441
38.00000 173.00000 0.99996 0.99762 1.00000 0.00000 0.13075 0.34590 0.29182 0.00000 0.00063 0.00224 0.62643 0.27427 0.24324 0.53502 0.00271 0.99187 0.52385 0.41491 0.00000 0.31250 0.62791 1.00000 0.01235 0.01473
38.00000 174.00000 0.99984 0.99762 1.00000 0.00000 0.13442 0.33943 0.29038 0.00000 0.00063 0.00310 0.62647 0.26751 0.24324 0.53827 0.00175 0.99157 0.52230 0.40920 0.00000 0.32292 0.62791 1.00000 0.00377 0.01566
38.00000 175.00000 0.59527 0.73634 0.00000 0.23809 0.01037 0.08474 0.08576 0.29318 0.20881 0.09050 0.00061 0.01268 0.02703 0.09202 0.08974 0.00085 0.03211 0.97353 0.00000 0.06250 0.00000 0.00000 0.13546 0.14451
38.00000 176.00000 0.83321 0.99762 1.00000 0.06027 0.19231 0.37307 0.29514 0.14659 0.14403 0.13596 0.64999 0.28732 0.24324 0.53176 0.13509 0.99226 0.47829 0.40792 0.00000 0.35417 0.65116 1.00000 0.15398 0.15532
38.00000 177.00000 0.99981 0.99762 1.00000 0.00000 0.13854 0.31610 0.29875 0.00000 0.00000 0.00272 0.62618 0.25565 0.24324 0.52850 0.00279 0.99143 0.52214 0.42260 0.00000 0.31250 0.62791 1.00000 0.00960 0.01282
