45.00000 1.00000 0.60920 0.25000 1.00000 1.00000 0.35843 0.28842 0.36242 1.00000 1.00000 0.79871 0.13636 0.22261 1.00000 0.16667 0.81023 0.10294 0.26179 0.25741 1.00000 0.25000 1.00000 1.00000 0.78295 0.71803
45.00000 2.00000 0.45402 0.58333 1.00000 1.00000 0.40964 0.20711 0.28190 1.00000 1.00000 0.71820 0.04545 0.21116 1.00000 0.20833 0.81876 0.16176 0.28723 0.24009 1.00000 0.16667 1.00000 1.00000 0.67442 0.76208
45.00000 3.00000 0.64943 0.50000 1.00000 1.00000 0.18675 0.32636 0.23481 1.00000 1.00000 0.80676 0.06061 0.22974 1.00000 0.10714 0.79104 0.20588 0.29105 0.34975 1.00000 0.16667 1.00000 1.00000 0.64341 0.67274
45.00000 4.00000 0.46552 0.58333 1.00000 1.00000 0.39157 0.38195 0.29051 1.00000 1.00000 0.79871 0.10606 0.23454 1.00000 0.21429 0.79744 0.11765 0.30989 0.23586 1.00000 0.33333 1.00000 1.00000 0.58140 0.85985
45.00000 5.00000 0.45977 0.50000 1.00000 1.00000 0.36747 0.13822 0.33964 1.00000 1.00000 0.75523 0.06061 0.21139 1.00000 0.35714 0.73987 0.20588 0.27387 0.29511 1.00000 0.25000 1.00000 1.00000 0.67442 0.62345
45.00000 6.00000 0.43678 0.58333 1.00000 1.00000 0.31325 0.34554 0.20442 1.00000 1.00000 0.81481 0.18182 0.20973 1.00000 0.17262 0.81663 0.10294 0.25725 0.26664 1.00000 0.25000 1.00000 1.00000 0.65116 0.81842
45.00000 7.00000 0.56322 0.08333 1.00000 1.00000 0.41566 0.34249 0.20898 1.00000 1.00000 0.71659 0.16667 0.24567 1.00000 0.23214 0.82303 0.20588 0.27144 0.43978 1.00000 0.25000 1.00000 1.00000 0.48837 0.72756
45.00000 8.00000 0.40230 0.58333 1.00000 1.00000 0.16265 0.27360 0.24966 1.00000 1.00000 0.80193 0.12121 0.22220 1.00000 0.22024 0.83369 0.13235 0.22593 0.34359 1.00000 0.33333 1.00000 1.00000 0.72868 0.75283
45.00000 9.00000 0.28161 0.25000 1.00000 1.00000 0.38253 0.09810 0.19413 1.00000 0.00000 0.81804 0.06061 0.25186 1.00000 0.28571 0.82729 0.19118 0.26205 0.24856 1.00000 0.33333 1.00000 1.00000 0.55814 0.61199
45.00000 10.00000 0.64368 0.50000 1.00000 1.00000 0.29518 0.34685 0.22130 1.00000 1.00000 0.78905 0.07576 0.25236 1.00000 0.24405 0.76759 0.07353 0.28228 0.34552 1.00000 0.33333 1.00000 1.00000 0.73643 0.68061
45.00000 11.00000 0.62069 0.50000 1.00000 1.00000 0.25000 0.23676 0.23160 1.00000 1.00000 0.81804 0.15152 0.19007 1.00000 0.21429 0.64392 0.17647 0.26489 0.16737 1.00000 0.33333 1.00000 1.00000 0.66667 0.71375
45.00000 12.00000 0.44253 0.33333 1.00000 1.00000 0.30723 0.40375 0.32495 1.00000 1.00000 0.75684 0.07576 0.23858 1.00000 0.22024 0.81663 0.10294 0.25529 0.29665 1.00000 0.41667 1.00000 1.00000 0.66667 0.79605
45.00000 13.00000 0.53448 0.83333 1.00000 1.00000 0.18675 0.19599 0.23396 1.00000 1.00000 0.77134 0.21212 0.23791 1.00000 0.19643 0.93390 0.20588 0.29606 0.36745 1.00000 0.25000 1.00000 1.00000 0.62791 0.74979
45.00000 14.00000 0.41379 0.08333 1.00000 1.00000 0.29819 0.16830 0.21978 1.00000 1.00000 0.75845 0.13636 0.24791 1.00000 0.08929 0.85075 0.17647 0.28197 0.23855 1.00000 0.33333 1.00000 1.00000 0.65116 0.78542
45.00000 15.00000 0.41954 0.75000 1.00000 1.00000 0.28313 0.31720 0.28325 1.00000 1.00000 0.84863 0.12121 0.20829 1.00000 0.29167 0.65032 0.23529 0.27284 0.23855 1.00000 0.33333 1.00000 1.00000 0.65891 0.67647
45.00000 16.00000 0.27586 0.41667 1.00000 1.00000 0.32229 0.34532 0.24696 1.00000 1.00000 0.80837 0.04545 0.20897 1.00000 0.22024 0.75480 0.11765 0.26267 0.24740 1.00000 0.33333 1.00000 1.00000 0.65116 0.84010
45.00000 17.00000 0.45402 0.75000 1.00000 1.00000 0.25602 0.27469 0.40817 1.00000 0.00000 0.69404 0.15152 0.21879 1.00000 0.12500 0.83795 0.25000 0.27196 0.17199 1.00000 0.25000 1.00000 1.00000 0.55039 0.75753
45.00000 18.00000 0.70690 0.08333 1.00000 1.00000 0.37952 0.43362 0.30739 1.00000 1.00000 0.71981 0.15152 0.20623 1.00000 0.20833 0.76119 0.17647 0.30039 0.29357 1.00000 0.33333 1.00000 1.00000 0.66667 0.61709
45.00000 19.00000 0.34483 0.58333 1.00000 1.00000 0.21084 0.29845 0.13217 1.00000 1.00000 0.80354 0.16667 0.22023 1.00000 0.17857 0.77399 0.11765 0.26386 0.27318 1.00000 0.33333 1.00000 1.00000 0.73643 0.67122
45.00000 20.00000 0.63793 0.75000 1.00000 1.00000 0.27108 0.40157 0.19902 1.00000 1.00000 0.66828 0.16667 0.22162 1.00000 0.28571 0.62473 0.11765 0.25813 0.26279 1.00000 0.25000 1.00000 1.00000 0.64341 0.80019
45.00000 21.00000 0.52874 0.25000 1.00000 1.00000 0.30723 0.25223 0.23751 1.00000 0.00000 0.68760 0.21212 0.25770 1.00000 0.17857 0.71002 0.14706 0.25684 0.21624 1.00000 0.25000 1.00000 1.00000 0.78295 0.67840
45.00000 22.00000 0.56897 0.33333 1.00000 1.00000 0.43072 0.26880 0.37559 1.00000 1.00000 0.62158 0.04545 0.22938 1.00000 0.17262 0.77612 0.16176 0.28181 0.23894 1.00000 0.25000 1.00000 1.00000 0.75969 0.79191
45.00000 23.00000 0.27586 0.16667 1.00000 1.00000 0.33133 0.42490 0.16053 1.00000 1.00000 0.76490 0.10606 0.22032 1.00000 0.19048 0.79318 0.20588 0.30266 0.44979 1.00000 0.25000 1.00000 1.00000 0.60465 0.66846
45.00000 24.00000 0.45402 0.41667 1.00000 1.00000 0.28313 0.26313 0.40159 1.00000 1.00000 0.74396 0.15152 0.22261 1.00000 0.26786 0.77186 0.19118 0.27273 0.32397 1.00000 0.41667 1.00000 1.00000 0.63566 0.61861
45.00000 25.00000 0.50000 0.41667 1.00000 1.00000 0.46084 0.23785 0.25506 1.00000 1.00000 0.63124 0.10606 0.23593 1.00000 0.19643 0.82729 0.16176 0.28398 0.21316 1.00000 0.33333 1.00000 1.00000 0.73643 0.75407
45.00000 26.00000 0.52299 0.66667 1.00000 1.00000 0.10843 0.33660 0.38420 1.00000 1.00000 0.77295 0.13636 0.24370 1.00000 0.23214 0.76759 0.17647 0.26690 0.28780 1.00000 0.33333 1.00000 1.00000 0.79070 0.72425
45.00000 27.00000 0.27586 0.33333 1.00000 1.00000 0.12952 0.35012 0.35095 1.00000 0.00000 0.69404 0.13636 0.22095 1.00000 0.19643 0.79318 0.13235 0.25937 0.19738 1.00000 0.25000 1.00000 1.00000 0.67442 0.88152
45.00000 28.00000 0.50575 0.16667 1.00000 1.00000 0.23795 0.37672 0.24781 1.00000 1.00000 0.69243 0.13636 0.21471 1.00000 0.08929 0.83369 0.20588 0.24517 0.36783 1.00000 0.33333 1.00000 1.00000 0.75969 0.67564
45.00000 29.00000 0.44828 0.25000 1.00000 1.00000 0.13554 0.33551 0.20358 1.00000 1.00000 0.68760 0.15152 0.23275 1.00000 0.16071 0.78038 0.11765 0.25823 0.16968 1.00000 0.33333 1.00000 1.00000 0.54264 0.83250
45.00000 30.00000 0.64943 0.16667 1.00000 1.00000 0.19880 0.15849 0.27583 1.00000 1.00000 0.75523 0.09091 0.23154 1.00000 0.23810 0.81450 0.17647 0.25395 0.23278 1.00000 0.41667 1.00000 1.00000 0.62016 0.64913
45.00000 31.00000 0.44828 0.08333 1.00000 1.00000 0.23494 0.46937 0.31989 1.00000 1.00000 0.72464 0.18182 0.24204 1.00000 0.14286 0.72708 0.17647 0.27474 0.39592 1.00000 0.16667 1.00000 1.00000 0.60465 0.55413
45.00000 32.00000 0.51149 0.08333 1.00000 1.00000 0.48795 0.33748 0.21759 1.00000 1.00000 0.83092 0.13636 0.26277 1.00000 0.24405 0.72495 0.10294 0.24507 0.39092 1.00000 0.41667 1.00000 1.00000 0.65116 0.74606
45.00000 33.00000 0.48276 0.66667 1.00000 1.00000 0.28313 0.36930 0.22974 1.00000 1.00000 0.91787 0.16667 0.20829 1.00000 0.23810 0.82942 0.17647 0.28192 0.23163 1.00000 0.25000 1.00000 1.00000 0.64341 0.69939
45.00000 34.00000 0.49425 0.08333 1.00000 1.00000 0.26807 0.47417 0.21084 1.00000 1.00000 0.80998 0.21212 0.25536 1.00000 0.23810 0.80597 0.10294 0.25003 0.16160 1.00000 0.25000 1.00000 1.00000 0.58915 0.79398
45.00000 35.00000 0.70690 0.58333 1.00000 1.00000 0.30120 0.31524 0.30621 1.00000 1.00000 0.59581 0.12121 0.23813 1.00000 0.22619 0.75267 0.20588 0.27443 0.36399 1.00000 0.25000 1.00000 1.00000 0.69767 0.87283
45.00000 36.00000 0.35057 0.41667 1.00000 1.00000 0.25000 0.30783 0.25219 1.00000 1.00000 0.76651 0.15152 0.26025 1.00000 0.21429 0.79318 0.22059 0.26835 0.36706 1.00000 0.08333 1.00000 1.00000 0.75969 0.67537
45.00000 37.00000 0.66092 0.83333 1.00000 1.00000 0.15060 0.20733 0.35972 1.00000 1.00000 0.67794 0.16667 0.20053 1.00000 0.16071 0.76119 0.14706 0.28656 0.28203 1.00000 0.50000 1.00000 1.00000 0.61240 0.60674
45.00000 38.00000 0.29885 0.75000 1.00000 1.00000 0.30120 0.26226 0.33187 1.00000 1.00000 0.78100 0.04545 0.23513 1.00000 0.21429 0.81876 0.22059 0.27108 0.37053 1.00000 0.25000 1.00000 1.00000 0.63566 0.79039
45.00000 39.00000 0.43103 0.83333 1.00000 1.00000 0.23193 0.40528 0.17623 1.00000 1.00000 0.70531 0.15152 0.23652 1.00000 0.19643 0.78891 0.19118 0.27278 0.38015 1.00000 0.25000 1.00000 1.00000 0.65891 0.76360
45.00000 40.00000 0.39655 0.25000 1.00000 1.00000 0.26205 0.23697 0.30267 1.00000 1.00000 0.75362 0.19697 0.21300 1.00000 0.17857 0.75906 0.05882 0.28336 0.37976 1.00000 0.25000 1.00000 1.00000 0.70543 0.66694
45.00000 41.00000 0.53448 0.25000 1.00000 1.00000 0.31024 0.33966 0.30807 1.00000 1.00000 0.70048 0.10606 0.21318 1.00000 0.33929 0.84222 0.13235 0.27505 0.19854 1.00000 0.25000 1.00000 1.00000 0.52713 0.69594
45.00000 42.00000 0.37356 0.33333 1.00000 1.00000 0.33434 0.31502 0.24831 1.00000 1.00000 0.65056 0.12121 0.21592 1.00000 0.16667 0.84435 0.11765 0.27015 0.28203 1.00000 0.33333 1.00000 1.00000 0.58915 0.77064
45.00000 43.00000 0.66092 0.75000 1.00000 1.00000 0.28916 0.35404 0.32343 1.00000 1.00000 0.82448 0.03030 0.22485 1.00000 0.17262 0.83369 0.11765 0.27072 0.23817 1.00000 0.33333 1.00000 1.00000 0.72868 0.85184
45.00000 44.00000 0.49425 0.41667 1.00000 1.00000 0.25904 0.33639 0.21016 1.00000 1.00000 0.66506 0.10606 0.23490 1.00000 0.14286 0.76333 0.14706 0.23439 0.42632 1.00000 0.41667 1.00000 1.00000 0.55039 0.62358
45.00000 45.00000 0.48851 0.08333 1.00000 1.00000 0.28313 0.52235 0.26671 1.00000 1.00000 0.69404 0.19697 0.25971 1.00000 0.22619 0.82729 0.11765 0.31020 0.26279 1.00000 0.33333 1.00000 1.00000 0.65891 0.56310
45.00000 46.00000 0.57471 0.08333 1.00000 1.00000 0.59036 0.38129 0.32613 1.00000 1.00000 0.77456 0.18182 0.18447 1.00000 0.27381 0.63753 0.22059 0.26891 0.29473 1.00000 0.41667 1.00000 1.00000 0.60465 0.73723
45.00000 47.00000 0.91379 0.83333 1.00000 1.00000 0.21084 0.22498 0.35449 1.00000 1.00000 0.83092 0.13636 0.23845 1.00000 0.17262 0.81450 0.17647 0.29193 0.32705 1.00000 0.25000 1.00000 1.00000 0.71318 0.66460
45.00000 48.00000 0.53448 0.75000 1.00000 1.00000 0.24398 0.41334 0.17151 1.00000 1.00000 0.74074 0.16667 0.21439 1.00000 0.24405 0.68870 0.20588 0.26520 0.26202 1.00000 0.25000 1.00000 1.00000 0.72093 0.73612
45.00000 49.00000 0.44253 0.50000 1.00000 1.00000 0.29217 0.19533 0.35432 1.00000 1.00000 0.62963 0.18182 0.18473 1.00000 0.23214 0.76546 0.26471 0.25503 0.42093 1.00000 0.25000 1.00000 1.00000 0.59690 0.69898
45.00000 50.00000 0.29310 0.58333 1.00000 1.00000 0.12349 0.38435 0.38049 1.00000 1.00000 0.70531 0.13636 0.22808 1.00000 0.36905 0.78465 0.20588 0.28687 0.25087 1.00000 0.25000 1.00000 1.00000 0.62016 0.74593
45.00000 51.00000 0.52299 0.58333 1.00000 1.00000 0.44578 0.23894 0.35128 1.00000 1.00000 0.75040 0.21212 0.22992 1.00000 0.22619 0.79744 0.14706 0.24084 0.23509 1.00000 0.41667 1.00000 1.00000 0.58915 0.65659
45.00000 52.00000 0.24138 0.83333 1.00000 1.00000 0.44277 0.18531 0.20442 1.00000 1.00000 0.82448 0.19697 0.23517 1.00000 0.30952 0.81450 0.20588 0.28016 0.32628 1.00000 0.33333 1.00000 1.00000 0.72093 0.65742
45.00000 53.00000 0.68391 0.66667 1.00000 1.00000 0.34036 0.34249 0.40057 1.00000 1.00000 0.74074 0.16667 0.22970 1.00000 0.32738 0.62687 0.11765 0.27929 0.30858 1.00000 0.25000 1.00000 1.00000 0.45736 0.79108
45.00000 54.00000 0.38506 0.83333 1.00000 1.00000 0.42470 0.32352 0.22654 1.00000 1.00000 0.82609 0.19697 0.25783 1.00000 0.26786 0.82729 0.20588 0.27665 0.24971 1.00000 0.33333 1.00000 1.00000 0.66667 0.75076
45.00000 55.00000 0.54023 0.83333 1.00000 1.00000 0.18976 0.30259 0.38910 1.00000 1.00000 0.70853 0.10606 0.24805 1.00000 0.21429 0.84648 0.27941 0.27103 0.37207 1.00000 0.33333 1.00000 1.00000 0.63566 0.55841
45.00000 56.00000 0.52299 0.08333 1.00000 1.00000 0.27410 0.33399 0.36850 1.00000 1.00000 0.67633 0.16667 0.21812 1.00000 0.16071 0.68017 0.16176 0.28171 0.32397 1.00000 0.33333 1.00000 1.00000 0.68992 0.72466
45.00000 57.00000 0.47701 0.41667 1.00000 1.00000 0.30723 0.42359 0.41847 1.00000 1.00000 0.71498 0.15152 0.23544 1.00000 0.26786 0.69936 0.14706 0.27345 0.33397 1.00000 0.25000 1.00000 1.00000 0.71318 0.60853
45.00000 58.00000 0.48851 0.33333 1.00000 1.00000 0.37651 0.11990 0.41729 1.00000 1.00000 0.65862 0.15152 0.19698 1.00000 0.27381 0.67804 0.10294 0.25333 0.38592 1.00000 0.33333 1.00000 1.00000 0.74419 0.73957
45.00000 59.00000 0.51149 0.75000 1.00000 1.00000 0.27108 0.28559 0.34673 1.00000 1.00000 0.70531 0.21212 0.21314 1.00000 0.33333 0.71855 0.17647 0.23754 0.31089 1.00000 0.33333 1.00000 1.00000 0.65116 0.73778
45.00000 60.00000 0.69540 0.91667 1.00000 1.00000 0.36747 0.27883 0.32833 1.00000 1.00000 0.75845 0.09091 0.22445 1.00000 0.25595 0.64606 0.23529 0.27155 0.36860 1.00000 0.33333 1.00000 1.00000 0.61240 0.77410
45.00000 61.00000 0.50000 0.08333 1.00000 1.00000 0.21687 0.28036 0.25591 1.00000 1.00000 0.71337 0.18182 0.22651 1.00000 0.33929 0.72921 0.14706 0.26747 0.19046 1.00000 0.08333 1.00000 1.00000 0.63566 0.69000
45.00000 62.00000 0.58046 0.83333 1.00000 1.00000 0.43675 0.45651 0.28477 1.00000 1.00000 0.68277 0.21212 0.21220 1.00000 0.27381 0.70576 0.17647 0.28605 0.31281 1.00000 0.25000 1.00000 1.00000 0.52713 0.61337
45.00000 63.00000 0.48276 0.58333 1.00000 1.00000 0.25904 0.28428 0.22333 1.00000 1.00000 0.74235 0.10606 0.16436 1.00000 0.27976 0.77612 0.19118 0.26406 0.30358 1.00000 0.16667 1.00000 1.00000 0.72868 0.78114
45.00000 64.00000 0.63793 0.16667 1.00000 1.00000 0.38554 0.40942 0.30284 1.00000 1.00000 0.72625 0.15152 0.24693 1.00000 0.23810 0.85501 0.20588 0.26948 0.30704 1.00000 0.41667 1.00000 1.00000 0.65891 0.73944
45.00000 65.00000 0.75287 0.66667 1.00000 1.00000 0.35542 0.48267 0.42843 1.00000 1.00000 0.53462 0.19697 0.23854 1.00000 0.15476 0.68657 0.16176 0.27769 0.34205 1.00000 0.33333 1.00000 1.00000 0.72093 0.71016
45.00000 66.00000 0.58621 0.25000 1.00000 1.00000 0.22590 0.32091 0.23329 1.00000 1.00000 0.68760 0.19697 0.25321 1.00000 0.26190 0.60128 0.26471 0.30431 0.22970 1.00000 0.33333 1.00000 1.00000 0.62016 0.78003
45.00000 67.00000 0.71839 0.50000 1.00000 1.00000 0.19880 0.32396 0.24139 1.00000 1.00000 0.81159 0.15152 0.23575 1.00000 0.25000 0.76333 0.17647 0.25106 0.36245 1.00000 0.25000 1.00000 1.00000 0.43411 0.74386
45.00000 68.00000 0.22414 0.50000 1.00000 1.00000 0.41265 0.26357 0.28224 1.00000 1.00000 0.75845 0.21212 0.22799 1.00000 0.21429 0.83795 0.20588 0.28367 0.39938 1.00000 0.50000 1.00000 1.00000 0.68217 0.71941
45.00000 69.00000 0.39080 0.25000 1.00000 1.00000 0.42470 0.35949 0.22434 1.00000 1.00000 0.73752 0.19697 0.20941 1.00000 0.27381 0.70576 0.19118 0.29317 0.28011 1.00000 0.33333 1.00000 1.00000 0.67442 0.72245
45.00000 70.00000 0.62069 0.58333 1.00000 1.00000 0.31325 0.06758 0.23008 1.00000 1.00000 0.70692 0.18182 0.24347 1.00000 0.28571 0.77825 0.25000 0.27908 0.32936 1.00000 0.41667 1.00000 1.00000 0.56589 0.51919
45.00000 71.00000 0.43103 0.66667 1.00000 1.00000 0.45482 0.28930 0.27735 1.00000 1.00000 0.71981 0.19697 0.20762 1.00000 0.27976 0.70789 0.20588 0.26257 0.27549 1.00000 0.25000 1.00000 1.00000 0.65891 0.57981
45.00000 72.00000 0.48276 0.58333 1.00000 1.00000 0.39157 0.37846 0.38116 1.00000 1.00000 0.66345 0.16667 0.22104 1.00000 0.28571 0.73774 0.16176 0.31267 0.42132 1.00000 0.50000 1.00000 1.00000 0.68992 0.62690
45.00000 73.00000 0.36782 0.75000 1.00000 1.00000 0.33434 0.18814 0.29034 1.00000 1.00000 0.74235 0.18182 0.23723 1.00000 0.12500 0.83156 0.19118 0.26494 0.42786 1.00000 0.16667 1.00000 1.00000 0.57364 0.54308
45.00000 74.00000 0.50575 0.16667 1.00000 1.00000 0.35542 0.35622 0.25692 1.00000 1.00000 0.64412 0.15152 0.21305 1.00000 0.26190 0.84861 0.19118 0.25493 0.30088 1.00000 0.33333 1.00000 1.00000 0.68992 0.68420
45.00000 75.00000 0.31034 0.50000 1.00000 1.00000 0.26506 0.25965 0.35652 1.00000 1.00000 0.72947 0.18182 0.25096 1.00000 0.25595 0.65458 0.23529 0.27681 0.36668 1.00000 0.41667 1.00000 1.00000 0.71318 0.70505
45.00000 76.00000 0.35057 0.66667 1.00000 1.00000 0.36145 0.31175 0.22468 1.00000 1.00000 0.61997 0.15152 0.21045 1.00000 0.27381 0.70789 0.20588 0.27087 0.40785 1.00000 0.33333 1.00000 1.00000 0.69767 0.73957
45.00000 77.00000 0.28736 0.41667 1.00000 1.00000 0.53313 0.23894 0.41965 1.00000 1.00000 0.66667 0.22727 0.24643 1.00000 0.25000 0.72708 0.13235 0.28692 0.29588 1.00000 0.41667 1.00000 1.00000 0.58915 0.51643
45.00000 78.00000 0.63218 0.08333 1.00000 1.00000 0.25301 0.18116 0.22721 1.00000 1.00000 0.75040 0.25758 0.23593 1.00000 0.28571 0.71215 0.25000 0.27603 0.24817 1.00000 0.16667 1.00000 1.00000 0.56589 0.80779
45.00000 79.00000 0.43678 0.75000 1.00000 1.00000 0.32831 0.23785 0.29541 1.00000 1.00000 0.72142 0.21212 0.23387 1.00000 0.29762 0.69510 0.16176 0.28759 0.43440 1.00000 0.25000 1.00000 1.00000 0.58915 0.61433
45.00000 80.00000 0.39655 0.66667 1.00000 1.00000 0.41867 0.33290 0.28494 1.00000 1.00000 0.66023 0.16667 0.24886 1.00000 0.22024 0.77825 0.22059 0.26220 0.32089 1.00000 0.41667 1.00000 1.00000 0.61240 0.59445
45.00000 81.00000 0.39655 0.25000 1.00000 1.00000 0.28614 0.25507 0.35854 1.00000 1.00000 0.76006 0.25758 0.20870 1.00000 0.26190 0.69723 0.26471 0.25642 0.51558 1.00000 0.33333 1.00000 1.00000 0.75194 0.71555
45.00000 82.00000 0.33908 0.83333 1.00000 1.00000 0.47289 0.45891 0.36310 1.00000 1.00000 0.72464 0.16667 0.23338 1.00000 0.26786 0.62260 0.25000 0.29245 0.29858 1.00000 0.33333 1.00000 1.00000 0.66667 0.56946
45.00000 83.00000 0.59770 0.08333 1.00000 1.00000 0.44277 0.18443 0.47535 1.00000 1.00000 0.78261 0.18182 0.24271 1.00000 0.25595 0.60341 0.23529 0.27526 0.40131 1.00000 0.33333 1.00000 1.00000 0.56589 0.72162
45.00000 84.00000 0.37356 0.25000 1.00000 1.00000 0.24398 0.31480 0.25810 1.00000 0.00000 0.61192 0.13636 0.22682 1.00000 0.38095 0.73348 0.22059 0.29007 0.31858 1.00000 0.50000 1.00000 1.00000 0.61240 0.72204
45.00000 85.00000 0.39080 0.41667 1.00000 1.00000 0.16867 0.29845 0.31837 1.00000 1.00000 0.69887 0.15152 0.24850 1.00000 0.28571 0.76546 0.29412 0.29146 0.29588 1.00000 0.33333 1.00000 1.00000 0.69767 0.60398
45.00000 86.00000 0.63218 0.33333 1.00000 1.00000 0.41867 0.35143 0.45594 1.00000 1.00000 0.67472 0.09091 0.23782 1.00000 0.29167 0.61407 0.22059 0.26344 0.40400 1.00000 0.41667 1.00000 1.00000 0.52713 0.73626
45.00000 87.00000 0.69540 0.66667 1.00000 1.00000 0.27711 0.40310 0.34875 1.00000 1.00000 0.59420 0.27273 0.24998 1.00000 0.19643 0.73987 0.25000 0.29384 0.51635 1.00000 0.25000 1.00000 1.00000 0.62016 0.68186
45.00000 88.00000 0.29885 0.33333 1.00000 1.00000 0.33434 0.34423 0.35145 1.00000 1.00000 0.67955 0.18182 0.25904 1.00000 0.26190 0.51812 0.20588 0.30622 0.33513 1.00000 0.33333 1.00000 1.00000 0.64341 0.58644
45.00000 89.00000 0.49425 0.25000 1.00000 1.00000 0.36145 0.22934 0.30621 1.00000 1.00000 0.62641 0.24242 0.22184 1.00000 0.27381 0.68657 0.16176 0.28775 0.48365 1.00000 0.33333 1.00000 1.00000 0.65891 0.79964
45.00000 90.00000 0.57471 0.75000 1.00000 1.00000 0.28012 0.35949 0.32900 1.00000 1.00000 0.63768 0.18182 0.25639 1.00000 0.40476 0.69296 0.23529 0.24229 0.38515 1.00000 0.41667 1.00000 1.00000 0.55814 0.62676
45.00000 91.00000 0.48276 0.58333 1.00000 1.00000 0.34940 0.43776 0.42522 1.00000 1.00000 0.66667 0.28788 0.26712 1.00000 0.44643 0.75053 0.13235 0.29126 0.42209 1.00000 0.41667 1.00000 1.00000 0.52713 0.59265
45.00000 92.00000 0.51724 0.83333 1.00000 1.00000 0.56627 0.31916 0.31989 1.00000 1.00000 0.66023 0.22727 0.23163 1.00000 0.36905 0.75267 0.22059 0.26546 0.25702 1.00000 0.25000 1.00000 1.00000 0.63566 0.69994
45.00000 93.00000 0.41379 0.41667 1.00000 1.00000 0.24699 0.41378 0.36901 1.00000 1.00000 0.73269 0.16667 0.25402 1.00000 0.27976 0.60554 0.29412 0.28806 0.33474 1.00000 0.25000 1.00000 1.00000 0.56589 0.60467
45.00000 94.00000 0.58621 0.16667 1.00000 1.00000 0.17169 0.28406 0.38403 1.00000 1.00000 0.61353 0.19697 0.24585 1.00000 0.26190 0.69296 0.26471 0.29234 0.31435 1.00000 0.25000 1.00000 1.00000 0.58140 0.71817
45.00000 95.00000 0.59195 0.16667 1.00000 1.00000 0.28012 0.41487 0.43653 1.00000 1.00000 0.64412 0.16667 0.25415 1.00000 0.32738 0.71215 0.23529 0.27185 0.35206 1.00000 0.33333 1.00000 1.00000 0.57364 0.65880
45.00000 96.00000 0.55172 0.83333 1.00000 1.00000 0.37651 0.31284 0.33457 1.00000 1.00000 0.71014 0.19697 0.20547 1.00000 0.27381 0.74840 0.20588 0.27691 0.38053 1.00000 0.50000 1.00000 1.00000 0.58140 0.65382
45.00000 97.00000 0.60345 0.66667 1.00000 1.00000 0.49096 0.16939 0.57073 1.00000 1.00000 0.69243 0.21212 0.21327 1.00000 0.36310 0.66311 0.33824 0.29177 0.41978 1.00000 0.58333 1.00000 1.00000 0.56589 0.60577
45.00000 98.00000 0.45977 0.58333 1.00000 1.00000 0.49096 0.45280 0.34436 1.00000 1.00000 0.56844 0.13636 0.25859 1.00000 0.35119 0.68870 0.22059 0.28981 0.44132 1.00000 0.33333 1.00000 1.00000 0.41860 0.51477
45.00000 99.00000 0.64368 0.50000 1.00000 1.00000 0.39759 0.44408 0.38488 1.00000 1.00000 0.79710 0.25758 0.26120 1.00000 0.31548 0.58422 0.23529 0.26927 0.51789 1.00000 0.50000 1.00000 1.00000 0.56589 0.62648
45.00000 100.00000 0.41379 0.66667 1.00000 1.00000 0.50602 0.45040 0.35466 1.00000 1.00000 0.67955 0.24242 0.26528 1.00000 0.39286 0.59062 0.13235 0.29389 0.41170 1.00000 0.58333 1.00000 1.00000 0.44186 0.55896
45.00000 101.00000 0.54598 0.33333 1.00000 1.00000 0.41265 0.43819 0.45020 1.00000 1.00000 0.65217 0.21212 0.22548 1.00000 0.38690 0.57143 0.23529 0.31567 0.42401 1.00000 0.50000 1.00000 1.00000 0.54264 0.52996
45.00000 102.00000 0.47701 0.16667 1.00000 1.00000 0.45783 0.45629 0.42995 1.00000 1.00000 0.60870 0.27273 0.26532 1.00000 0.35119 0.69083 0.20588 0.28677 0.36245 1.00000 0.41667 1.00000 1.00000 0.66667 0.68558
45.00000 103.00000 0.32759 0.33333 1.00000 1.00000 0.24096 0.45171 0.28123 1.00000 1.00000 0.56522 0.24242 0.24401 1.00000 0.35714 0.76972 0.30882 0.24523 0.23355 1.00000 0.41667 1.00000 1.00000 0.57364 0.42599
45.00000 104.00000 0.55172 0.75000 1.00000 1.00000 0.46988 0.41465 0.24156 1.00000 1.00000 0.74074 0.18182 0.24724 1.00000 0.45238 0.72921 0.32353 0.27609 0.27203 1.00000 0.41667 1.00000 1.00000 0.43411 0.46175
45.00000 105.00000 0.20115 0.83333 1.00000 1.00000 0.47892 0.46065 0.41003 1.00000 1.00000 0.59420 0.28788 0.23180 1.00000 0.30952 0.59062 0.26471 0.28150 0.37591 1.00000 0.41667 1.00000 1.00000 0.68217 0.59362
45.00000 106.00000 0.47701 0.41667 1.00000 1.00000 0.38253 0.31742 0.45240 1.00000 1.00000 0.59259 0.22727 0.26613 1.00000 0.37500 0.53945 0.30882 0.30591 0.53444 1.00000 0.33333 1.00000 1.00000 0.45736 0.41591
45.00000 107.00000 0.46552 0.66667 1.00000 1.00000 0.41867 0.35644 0.25287 1.00000 1.00000 0.60064 0.10606 0.24154 1.00000 0.31548 0.63539 0.25000 0.29136 0.48442 1.00000 0.41667 1.00000 1.00000 0.58140 0.49876
45.00000 108.00000 0.50000 0.66667 1.00000 1.00000 0.48795 0.56333 0.47991 1.00000 1.00000 0.71014 0.22727 0.27066 1.00000 0.32143 0.56077 0.23529 0.29848 0.46787 1.00000 0.33333 1.00000 1.00000 0.62791 0.53480
45.00000 109.00000 0.47701 0.25000 1.00000 1.00000 0.42771 0.38129 0.38977 1.00000 1.00000 0.65539 0.27273 0.27165 1.00000 0.29762 0.63326 0.29412 0.29719 0.37207 1.00000 0.33333 1.00000 1.00000 0.53488 0.46120
45.00000 110.00000 0.47126 0.33333 1.00000 1.00000 0.36747 0.47351 0.26553 1.00000 1.00000 0.61675 0.30303 0.25792 1.00000 0.38690 0.66951 0.23529 0.30240 0.48942 1.00000 0.50000 1.00000 1.00000 0.56589 0.63270
45.00000 111.00000 0.31609 0.16667 1.00000 1.00000 0.45783 0.47046 0.38403 1.00000 1.00000 0.64090 0.22727 0.26654 1.00000 0.33929 0.54158 0.32353 0.27314 0.17430 1.00000 0.33333 1.00000 1.00000 0.52713 0.55289
45.00000 112.00000 0.61494 0.25000 1.00000 1.00000 0.46386 0.39765 0.51266 1.00000 1.00000 0.72303 0.25758 0.24199 1.00000 0.23214 0.53518 0.22059 0.29069 0.46903 1.00000 0.41667 1.00000 1.00000 0.61240 0.61185
45.00000 113.00000 0.37931 0.83333 1.00000 1.00000 0.42169 0.55897 0.43974 1.00000 1.00000 0.76490 0.31818 0.24966 1.00000 0.37500 0.58422 0.29412 0.28863 0.28242 1.00000 0.41667 1.00000 1.00000 0.55039 0.44767
45.00000 114.00000 0.32759 0.50000 1.00000 1.00000 0.46988 0.38653 0.55706 1.00000 1.00000 0.66506 0.22727 0.26873 1.00000 0.41071 0.57143 0.30882 0.32748 0.42478 1.00000 0.41667 1.00000 1.00000 0.37209 0.51726
45.00000 115.00000 0.48851 0.50000 1.00000 1.00000 0.34940 0.45128 0.44632 1.00000 1.00000 0.60064 0.25758 0.22543 1.00000 0.37500 0.41791 0.23529 0.26391 0.30550 1.00000 0.33333 1.00000 1.00000 0.54264 0.44587
45.00000 116.00000 0.40805 0.58333 1.00000 1.00000 0.68976 0.41378 0.47012 1.00000 1.00000 0.54911 0.27273 0.26833 1.00000 0.38690 0.54371 0.29412 0.29389 0.44440 1.00000 0.58333 1.00000 1.00000 0.75194 0.63491
45.00000 117.00000 0.29310 0.16667 1.00000 1.00000 0.46988 0.49749 0.39872 1.00000 1.00000 0.58293 0.30303 0.24688 1.00000 0.34524 0.64179 0.26471 0.32305 0.48095 1.00000 0.50000 1.00000 1.00000 0.57364 0.56959
45.00000 118.00000 0.58046 0.58333 1.00000 1.00000 0.34036 0.51493 0.50068 1.00000 1.00000 0.45411 0.25758 0.24850 1.00000 0.44643 0.48614 0.27941 0.30514 0.49904 1.00000 0.41667 1.00000 1.00000 0.34884 0.47432
45.00000 119.00000 0.37356 0.66667 1.00000 1.00000 0.44880 0.48114 0.45628 1.00000 1.00000 0.55395 0.28788 0.23966 1.00000 0.44643 0.56503 0.25000 0.27918 0.26549 1.00000 0.41667 1.00000 1.00000 0.38760 0.62717
45.00000 120.00000 0.66667 0.33333 1.00000 1.00000 0.42169 0.42337 0.49460 1.00000 1.00000 0.42190 0.21212 0.24809 1.00000 0.35714 0.59488 0.29412 0.30266 0.42401 1.00000 0.41667 1.00000 1.00000 0.51163 0.51919
45.00000 121.00000 0.56897 0.50000 1.00000 1.00000 0.41265 0.31894 0.47552 1.00000 1.00000 0.39452 0.25758 0.26555 1.00000 0.37500 0.60981 0.27941 0.31783 0.55252 1.00000 0.41667 1.00000 1.00000 0.62016 0.54419
45.00000 122.00000 0.68391 0.16667 1.00000 1.00000 0.60843 0.51406 0.51418 1.00000 1.00000 0.64895 0.28788 0.26550 1.00000 0.41071 0.39446 0.27941 0.29017 0.44594 1.00000 0.50000 1.00000 1.00000 0.62016 0.62193
45.00000 123.00000 0.28161 0.25000 1.00000 1.00000 0.44880 0.44103 0.54608 1.00000 1.00000 0.44122 0.28788 0.27165 1.00000 0.42857 0.56290 0.29412 0.29642 0.59100 1.00000 0.50000 1.00000 1.00000 0.46512 0.42019
45.00000 124.00000 0.33333 0.33333 1.00000 1.00000 0.40663 0.44844 0.48582 1.00000 1.00000 0.44122 0.19697 0.27932 1.00000 0.38095 0.70576 0.35294 0.29208 0.53482 1.00000 0.58333 1.00000 1.00000 0.61240 0.50193
45.00000 125.00000 0.37931 0.33333 1.00000 1.00000 0.35843 0.55919 0.43113 1.00000 1.00000 0.52013 0.25758 0.24598 1.00000 0.48214 0.57356 0.30882 0.27578 0.50058 1.00000 0.50000 1.00000 1.00000 0.49612 0.52361
45.00000 126.00000 0.43678 0.25000 1.00000 1.00000 0.53916 0.46959 0.47974 1.00000 1.00000 0.58615 0.36364 0.27371 1.00000 0.44643 0.57783 0.30882 0.29570 0.52597 1.00000 0.41667 1.00000 1.00000 0.49612 0.40168
45.00000 127.00000 0.45402 0.41667 1.00000 1.00000 0.41265 0.44517 0.43822 1.00000 1.00000 0.47665 0.28788 0.26833 1.00000 0.51190 0.67164 0.33824 0.28832 0.57907 1.00000 0.50000 1.00000 1.00000 0.40310 0.68089
45.00000 128.00000 0.54598 0.66667 1.00000 1.00000 0.41566 0.68236 0.51452 1.00000 1.00000 0.58454 0.28788 0.27596 1.00000 0.51190 0.53518 0.26471 0.31396 0.58099 1.00000 0.50000 1.00000 1.00000 0.51163 0.49807
45.00000 129.00000 0.58046 0.41667 1.00000 1.00000 0.66265 0.46392 0.41847 1.00000 1.00000 0.40258 0.22727 0.23961 1.00000 0.42857 0.47335 0.25000 0.29606 0.55521 1.00000 0.58333 1.00000 1.00000 0.33333 0.36675
45.00000 130.00000 0.58621 0.66667 1.00000 1.00000 0.38253 0.39961 0.43400 1.00000 1.00000 0.52979 0.33333 0.27201 1.00000 0.51190 0.46269 0.32353 0.30013 0.45902 1.00000 0.50000 1.00000 1.00000 0.35659 0.39036
45.00000 131.00000 0.37356 0.66667 1.00000 1.00000 0.45482 0.41225 0.64045 1.00000 1.00000 0.43478 0.30303 0.26429 1.00000 0.54762 0.46482 0.33824 0.27934 0.47095 1.00000 0.50000 1.00000 1.00000 0.48837 0.46866
45.00000 132.00000 0.45402 0.25000 1.00000 1.00000 0.50301 0.52147 0.71945 1.00000 1.00000 0.51208 0.25758 0.27300 1.00000 0.44048 0.42004 0.26471 0.31015 0.57907 1.00000 0.58333 1.00000 1.00000 0.54264 0.60978
45.00000 133.00000 0.70115 0.75000 1.00000 1.00000 0.44277 0.42882 0.49409 1.00000 1.00000 0.47182 0.37879 0.27241 1.00000 0.50595 0.46269 0.38235 0.30875 0.63447 1.00000 0.50000 1.00000 1.00000 0.41085 0.46368
45.00000 134.00000 0.38506 0.58333 1.00000 1.00000 0.61446 0.51929 0.49932 1.00000 1.00000 0.45572 0.25758 0.29808 1.00000 0.55952 0.50959 0.36765 0.28130 0.43825 1.00000 0.58333 1.00000 1.00000 0.41085 0.35888
45.00000 135.00000 0.60920 0.58333 1.00000 1.00000 0.46687 0.41116 0.51283 1.00000 1.00000 0.37359 0.34848 0.28507 1.00000 0.51786 0.38806 0.32353 0.30581 0.47749 1.00000 0.66667 1.00000 1.00000 0.48837 0.41950
45.00000 136.00000 0.59195 0.25000 1.00000 1.00000 0.46687 0.51232 0.62559 1.00000 1.00000 0.51369 0.31818 0.27663 1.00000 0.60714 0.39446 0.33824 0.30880 0.53982 1.00000 0.50000 1.00000 1.00000 0.35659 0.50870
45.00000 137.00000 0.59770 0.83333 1.00000 1.00000 0.59940 0.49771 0.67910 1.00000 1.00000 0.61836 0.27273 0.27977 1.00000 0.56548 0.45842 0.35294 0.32733 0.59600 1.00000 0.50000 1.00000 1.00000 0.24806 0.37973
45.00000 138.00000 0.52874 0.33333 1.00000 1.00000 0.66566 0.58622 0.66205 1.00000 1.00000 0.42995 0.30303 0.27609 1.00000 0.54762 0.40085 0.35294 0.29110 0.47249 1.00000 0.50000 1.00000 1.00000 0.43411 0.41273
45.00000 139.00000 0.51149 0.91667 1.00000 1.00000 0.52108 0.54218 0.64483 1.00000 1.00000 0.44444 0.42424 0.26730 1.00000 0.69643 0.32623 0.39706 0.30473 0.64217 1.00000 0.58333 1.00000 1.00000 0.30233 0.40514
45.00000 140.00000 0.36207 0.66667 1.00000 1.00000 0.52108 0.48986 0.58120 1.00000 1.00000 0.35266 0.34848 0.29974 1.00000 0.63095 0.41151 0.41176 0.31660 0.67641 1.00000 0.66667 1.00000 1.00000 0.37984 0.28652
45.00000 141.00000 0.35632 0.75000 1.00000 1.00000 0.82229 0.61958 0.51182 1.00000 1.00000 0.36876 0.42424 0.27739 1.00000 0.66071 0.40085 0.39706 0.33414 0.48442 1.00000 0.58333 1.00000 1.00000 0.47287 0.37075
45.00000 142.00000 0.45402 0.83333 1.00000 1.00000 0.55422 0.70525 0.66880 1.00000 1.00000 0.33494 0.45455 0.28902 1.00000 0.59524 0.33262 0.33824 0.30793 0.66064 1.00000 0.41667 1.00000 1.00000 0.23256 0.30226
45.00000 143.00000 0.55172 0.08333 1.00000 1.00000 0.59940 0.57074 0.65834 1.00000 1.00000 0.50725 0.39394 0.30257 1.00000 0.56548 0.49467 0.38235 0.31654 0.52751 1.00000 0.50000 1.00000 1.00000 0.44961 0.41038
45.00000 144.00000 0.50000 0.25000 1.00000 1.00000 0.51506 0.53913 0.55452 1.00000 1.00000 0.41707 0.39394 0.29476 1.00000 0.63690 0.38380 0.36765 0.35050 0.62947 1.00000 0.58333 1.00000 1.00000 0.36434 0.41535
45.00000 145.00000 0.70115 0.25000 1.00000 1.00000 0.54819 0.70940 0.68349 1.00000 1.00000 0.28663 0.37879 0.29005 1.00000 0.69048 0.29211 0.39706 0.33110 0.70912 1.00000 0.58333 1.00000 1.00000 0.28682 0.32394
45.00000 146.00000 0.54598 0.75000 1.00000 1.00000 0.48494 0.58143 0.74257 1.00000 1.00000 0.34783 0.45455 0.31603 1.00000 0.66667 0.29851 0.50000 0.32031 0.63794 1.00000 0.58333 1.00000 1.00000 0.34109 0.43869
45.00000 147.00000 0.40230 0.25000 1.00000 1.00000 0.59337 0.55963 0.73886 1.00000 1.00000 0.40258 0.37879 0.28278 1.00000 0.67262 0.26652 0.47059 0.31051 0.59331 1.00000 0.58333 1.00000 1.00000 0.36434 0.31262
45.00000 148.00000 0.73563 0.41667 1.00000 1.00000 0.51205 0.62372 0.64889 1.00000 1.00000 0.23833 0.45455 0.28520 1.00000 0.67857 0.31130 0.45588 0.27810 0.65448 1.00000 0.66667 1.00000 1.00000 0.24806 0.34217
45.00000 149.00000 0.58046 0.58333 1.00000 1.00000 0.84639 0.63070 0.69784 1.00000 1.00000 0.43156 0.34848 0.30737 1.00000 0.75595 0.28358 0.48529 0.30024 0.60716 1.00000 0.58333 1.00000 1.00000 0.36434 0.19470
45.00000 150.00000 0.53448 0.75000 1.00000 1.00000 0.68675 0.72378 0.73295 1.00000 1.00000 0.28824 0.37879 0.28951 1.00000 0.65476 0.29638 0.44118 0.31242 0.69142 1.00000 0.66667 1.00000 1.00000 0.30233 0.14485
45.00000 151.00000 0.40230 0.50000 1.00000 1.00000 0.65663 0.64203 0.69986 1.00000 1.00000 0.30274 0.42424 0.28390 1.00000 0.52976 0.24947 0.42647 0.31102 0.62139 1.00000 0.58333 1.00000 1.00000 0.39535 0.20685
45.00000 152.00000 0.84483 0.25000 1.00000 1.00000 0.66566 0.67779 0.71151 1.00000 1.00000 0.36071 0.39394 0.31567 1.00000 0.74405 0.31130 0.36765 0.29177 0.75375 1.00000 0.41667 1.00000 1.00000 0.38760 0.11309
45.00000 153.00000 0.51149 0.50000 1.00000 1.00000 0.64157 0.54763 0.82562 1.00000 1.00000 0.27375 0.40909 0.34174 1.00000 0.75595 0.31983 0.54412 0.31267 0.60292 1.00000 0.58333 1.00000 1.00000 0.29457 0.24772
45.00000 154.00000 0.36782 0.75000 1.00000 1.00000 0.67771 0.66688 0.69159 1.00000 1.00000 0.23349 0.43939 0.29669 1.00000 0.72024 0.17697 0.47059 0.32645 0.71643 1.00000 0.58333 1.00000 1.00000 0.34109 0.22894
45.00000 155.00000 0.24713 0.66667 1.00000 1.00000 0.56024 0.72313 0.80621 1.00000 1.00000 0.23510 0.43939 0.34394 1.00000 0.66667 0.23454 0.51471 0.32377 0.87418 1.00000 0.58333 1.00000 1.00000 0.16279 0.16763
45.00000 156.00000 0.20690 0.16667 1.00000 1.00000 0.71988 0.71812 0.83305 1.00000 1.00000 0.33011 0.40909 0.31069 1.00000 0.89286 0.29851 0.48529 0.30545 0.77799 1.00000 0.58333 1.00000 1.00000 0.27132 0.35349
45.00000 157.00000 0.54023 0.58333 1.00000 1.00000 0.86145 0.57380 0.85601 1.00000 1.00000 0.20290 0.51515 0.34439 1.00000 0.79167 0.14499 0.45588 0.35045 0.81147 1.00000 0.75000 1.00000 1.00000 0.20155 0.34162
45.00000 158.00000 0.56897 0.41667 1.00000 1.00000 0.75000 0.59974 0.93906 1.00000 1.00000 0.28019 0.50000 0.32944 1.00000 0.85714 0.24307 0.51471 0.31040 0.86495 1.00000 0.66667 1.00000 1.00000 0.06202 0.19332
