89.00000 1.00000 0.99986 0.99905 1.00000 0.00000 0.13139 0.29275 0.26999 0.00000 0.00000 0.00620 0.62683 0.26265 0.24324 0.48127 0.00266 0.99239 0.53704 0.38573 0.00000 0.29167 0.62791 1.00000 0.01132 0.01792
89.00000 2.00000 0.00005 0.00154 1.00000 1.00000 0.98082 0.94341 0.93277 1.00000 1.00000 0.99348 0.99958 0.85846 1.00000 0.92590 0.99409 0.99355 0.64883 0.02805 1.00000 0.94792 1.00000 1.00000 0.98971 0.98796
89.00000 3.00000 0.59514 0.73634 0.00000 0.23809 0.00551 0.03048 0.06629 0.29318 0.20881 0.09121 0.00084 0.01207 0.02703 0.03990 0.09131 0.00130 0.03739 0.95171 0.00000 0.04167 0.00000 0.00000 0.13923 0.14451
89.00000 4.00000 0.23820 0.29691 1.00000 0.59794 0.63841 0.70335 0.70247 0.61718 0.61509 0.61520 0.85336 0.63616 0.89189 0.75244 0.61524 0.99366 0.63265 0.11654 1.00000 0.66667 0.85412 1.00000 0.62963 0.63625
89.00000 5.00000 0.59525 0.73634 0.00000 0.23809 0.00807 0.05361 0.07628 0.29318 0.20818 0.09095 0.00080 0.01614 0.02703 0.04235 0.08928 0.00121 0.05129 0.94314 0.00000 0.06250 0.00000 0.00000 0.13992 0.14199
89.00000 6.00000 0.23805 0.29893 1.00000 0.59794 0.63575 0.68818 0.69482 0.61718 0.61509 0.61484 0.85341 0.62653 0.89189 0.75570 0.61552 0.99355 0.64821 0.12236 1.00000 0.69792 0.85412 1.00000 0.63409 0.62891
89.00000 7.00000 0.47605 0.83230 1.00000 0.62699 0.65979 0.64838 0.54369 0.50794 0.49937 0.47196 0.86384 0.59121 0.37838 0.66368 0.47122 0.99336 0.47908 0.32242 0.00000 0.64583 0.86469 1.00000 0.48765 0.48729
89.00000 8.00000 0.00006 0.00000 1.00000 1.00000 0.97853 0.94008 0.93374 1.00000 1.00000 0.99265 0.99939 0.85796 1.00000 0.92345 0.99399 0.99328 0.64724 0.04606 1.00000 0.93750 1.00000 1.00000 0.98182 0.97846
89.00000 9.00000 0.00006 0.00107 1.00000 1.00000 0.97972 0.96021 0.92293 1.00000 1.00000 0.99518 0.99941 0.85888 1.00000 0.91938 0.99483 0.99352 0.66099 0.04262 1.00000 0.93750 1.00000 1.00000 0.98011 0.98567
89.00000 10.00000 0.99989 0.99762 1.00000 0.00000 0.13166 0.29752 0.23588 0.00000 0.00000 0.00425 0.62698 0.26120 0.24324 0.46906 0.00353 0.99223 0.54537 0.36885 0.00000 0.27083 0.62791 1.00000 0.01578 0.01998
89.00000 11.00000 0.59517 0.73753 0.00000 0.23809 0.00918 0.04272 0.06335 0.29318 0.20818 0.09506 0.00084 0.01228 0.02703 0.04967 0.08992 0.00118 0.04120 0.93234 0.00000 0.05208 0.00000 0.00000 0.14060 0.14847
89.00000 12.00000 0.99996 0.99774 1.00000 0.00000 0.13084 0.30879 0.25122 0.00000 0.00000 0.00394 0.62681 0.26354 0.24324 0.47964 0.00302 0.99237 0.52478 0.38716 0.00000 0.28125 0.62791 1.00000 0.01269 0.01544
89.00000 13.00000 0.00004 0.00000 1.00000 1.00000 0.98422 0.92743 0.93193 1.00000 1.00000 0.99372 0.99947 0.86419 1.00000 0.92915 0.99389 0.99355 0.66047 0.04840 1.00000 0.91667 1.00000 1.00000 0.98422 0.97994
89.00000 14.00000 0.99995 0.99810 1.00000 0.00000 0.13120 0.30484 0.24327 0.00000 0.00000 0.00537 0.62683 0.26865 0.24324 0.47476 0.00223 0.99250 0.53420 0.37266 0.00000 0.30208 0.62791 1.00000 0.01337 0.01982
89.00000 15.00000 0.00000 0.00166 1.00000 1.00000 0.98605 0.93593 0.93005 1.00000 1.00000 0.99446 0.99956 0.86593 1.00000 0.91287 0.99653 0.99355 0.65316 0.04460 1.00000 0.94792 1.00000 1.00000 0.98182 0.98412
89.00000 16.00000 0.83325 0.99762 1.00000 0.06027 0.18249 0.33501 0.27606 0.14659 0.14403 0.13775 0.65027 0.28638 0.24324 0.46824 0.13649 0.99253 0.48762 0.37859 0.00000 0.33333 0.65116 1.00000 0.16084 0.16090
89.00000 17.00000 0.00006 0.00000 1.00000 1.00000 0.98376 0.95950 0.91920 1.00000 1.00000 0.99313 0.99956 0.85878 1.00000 0.90879 0.99604 0.99347 0.63710 0.04910 1.00000 0.91667 1.00000 1.00000 0.98457 0.98954
89.00000 18.00000 0.83323 0.99941 1.00000 0.06027 0.18580 0.33257 0.26725 0.14659 0.14403 0.13727 0.65033 0.28335 0.24324 0.46906 0.13588 0.99261 0.49467 0.36537 0.00000 0.33333 0.65116 1.00000 0.15981 0.16612
89.00000 19.00000 0.99981 0.99810 1.00000 0.00000 0.13148 0.30790 0.25138 0.00000 0.00000 0.00442 0.62687 0.26103 0.24324 0.47557 0.00246 0.99223 0.53304 0.38024 0.00000 0.30208 0.62791 1.00000 0.01200 0.02397
89.00000 20.00000 0.00006 0.00178 1.00000 1.00000 0.97899 0.93182 0.93292 1.00000 1.00000 0.99442 0.99932 0.86210 1.00000 0.91775 0.99488 0.99336 0.65871 0.02673 1.00000 0.93750 1.00000 1.00000 0.98628 0.98353
89.00000 21.00000 0.99995 0.99762 1.00000 0.00000 0.12974 0.30513 0.23506 0.00000 0.00063 0.00461 0.62683 0.26837 0.24324 0.48534 0.00340 0.99237 0.53675 0.37416 0.00000 0.26042 0.62791 1.00000 0.01920 0.01538
89.00000 22.00000 0.47619 0.83242 1.00000 0.62699 0.66061 0.64646 0.55493 0.50794 0.49937 0.47129 0.86384 0.58694 0.40541 0.65065 0.47343 0.99350 0.47237 0.33443 0.00000 0.63542 0.86469 1.00000 0.48765 0.49245
89.00000 23.00000 0.99985 0.99762 1.00000 0.00000 0.12827 0.31865 0.24091 0.00000 0.00000 0.00561 0.62689 0.26089 0.24324 0.46743 0.00365 0.99245 0.53116 0.37782 0.00000 0.29167 0.62791 1.00000 0.01440 0.02554
89.00000 24.00000 0.99985 0.99917 1.00000 0.00000 0.12469 0.28788 0.24946 0.00000 0.00063 0.00480 0.62679 0.26758 0.24324 0.47557 0.00335 0.99234 0.52809 0.38584 0.00000 0.28125 0.62791 1.00000 0.01749 0.01630
89.00000 25.00000 0.23804 0.29798 1.00000 0.59794 0.63483 0.69072 0.69099 0.61718 0.61509 0.61477 0.85345 0.63962 0.89189 0.75244 0.61517 0.99366 0.64514 0.12830 1.00000 0.68750 0.85412 1.00000 0.63134 0.63802
89.00000 26.00000 0.23824 0.29774 1.00000 0.59794 0.63428 0.70887 0.68074 0.61718 0.61509 0.61422 0.85341 0.63735 0.89189 0.75651 0.61431 0.99344 0.64381 0.11321 1.00000 0.69792 0.85412 1.00000 0.62654 0.63173
89.00000 27.00000 0.00000 0.00000 1.00000 1.00000 0.98266 0.91819 0.91831 1.00000 1.00000 0.99449 0.99939 0.85964 1.00000 0.91368 0.99493 0.99358 0.64369 0.04280 1.00000 0.93750 1.00000 1.00000 0.97977 0.99074
89.00000 28.00000 0.83318 1.00000 1.00000 0.06027 0.18864 0.32331 0.25057 0.14659 0.14403 0.13632 0.65004 0.28769 0.24324 0.47150 0.13765 0.99270 0.50048 0.35786 0.00000 0.34375 0.65116 1.00000 0.16255 0.16480
89.00000 29.00000 0.23821 0.29691 1.00000 0.59794 0.63630 0.69392 0.69369 0.61718 0.61572 0.61367 0.85341 0.63214 0.89189 0.74104 0.61486 0.99363 0.64236 0.11559 1.00000 0.70833 0.85412 1.00000 0.62209 0.62499
89.00000 30.00000 0.00004 0.00000 1.00000 1.00000 0.98220 0.92862 0.92387 1.00000 1.00000 0.99327 0.99951 0.85772 1.00000 0.92590 0.99503 0.99352 0.65350 0.03870 1.00000 0.94792 1.00000 1.00000 0.98628 0.98335
89.00000 31.00000 0.99983 0.99976 1.00000 0.00000 0.12946 0.30670 0.23119 0.00000 0.00063 0.00499 0.62687 0.26152 0.24324 0.48046 0.00408 0.99220 0.52095 0.38518 0.00000 0.29167 0.62791 1.00000 0.01715 0.02379
89.00000 32.00000 0.47627 0.83135 1.00000 0.62699 0.66125 0.65759 0.55984 0.50794 0.49937 0.47060 0.86381 0.58908 0.40541 0.67752 0.47221 0.99333 0.48793 0.32996 0.00000 0.64583 0.86469 1.00000 0.48800 0.49878
89.00000 33.00000 0.00002 0.00095 1.00000 1.00000 0.98082 0.92553 0.91174 1.00000 1.00000 0.99253 0.99947 0.85725 1.00000 0.92834 0.99488 0.99341 0.65726 0.02735 1.00000 0.93750 1.00000 1.00000 0.97497 0.97890
89.00000 34.00000 0.23813 0.29691 1.00000 0.59794 0.63795 0.69324 0.70346 0.61718 0.61509 0.61379 0.85341 0.63814 0.89189 0.73860 0.61522 0.99372 0.64590 0.11709 1.00000 0.70833 0.85412 1.00000 0.63134 0.63542
89.00000 35.00000 0.99994 0.99762 1.00000 0.00000 0.13047 0.29411 0.24645 0.00000 0.00063 0.00458 0.62687 0.26378 0.24324 0.46661 0.00386 0.99237 0.53527 0.38884 0.00000 0.29167 0.62791 1.00000 0.01509 0.01472
89.00000 36.00000 0.99998 0.99762 1.00000 0.00000 0.13286 0.28883 0.24597 0.00000 0.00000 0.00348 0.62681 0.26521 0.24324 0.48616 0.00325 0.99250 0.53546 0.37767 0.00000 0.29167 0.62791 1.00000 0.01200 0.01266
89.00000 37.00000 0.99977 0.99976 1.00000 0.00000 0.12497 0.29078 0.24308 0.00000 0.00000 0.00305 0.62687 0.26763 0.24324 0.48208 0.00358 0.99253 0.54613 0.38020 0.00000 0.28125 0.62791 1.00000 0.01269 0.01948
89.00000 38.00000 0.23812 0.29691 1.00000 0.59794 0.63997 0.68880 0.68642 0.61718 0.61509 0.61498 0.85345 0.63746 0.89189 0.74593 0.61418 0.99361 0.64762 0.12958 1.00000 0.68750 0.85412 1.00000 0.63237 0.62854
89.00000 39.00000 0.59522 0.73634 0.00000 0.23809 0.01147 0.03806 0.06896 0.29318 0.20881 0.09190 0.00095 0.01428 0.02703 0.05212 0.08944 0.00130 0.04615 0.94819 0.00000 0.06250 0.00000 0.00000 0.14369 0.14548
89.00000 40.00000 0.00003 0.00000 1.00000 1.00000 0.98202 0.91871 0.89958 1.00000 1.00000 0.99456 0.99947 0.86551 1.00000 0.90554 0.99457 0.99355 0.64488 0.03863 1.00000 0.94792 1.00000 1.00000 0.98148 0.98517
89.00000 41.00000 0.99981 0.99762 1.00000 0.00000 0.12891 0.30754 0.25348 0.00000 0.00000 0.00442 0.62679 0.25738 0.24324 0.48290 0.00363 0.99231 0.51949 0.38247 0.00000 0.29167 0.62791 1.00000 0.01440 0.01081
89.00000 42.00000 0.83333 0.99846 1.00000 0.06027 0.18800 0.31009 0.25473 0.14659 0.14403 0.13868 0.65029 0.29124 0.24324 0.46336 0.13735 0.99283 0.48051 0.37390 0.00000 0.32292 0.65116 1.00000 0.16632 0.16179
89.00000 43.00000 0.00003 0.00095 1.00000 1.00000 0.98156 0.94856 0.92558 1.00000 1.00000 0.99506 0.99930 0.85847 1.00000 0.92590 0.99526 0.99361 0.65035 0.04580 1.00000 0.94792 1.00000 1.00000 0.98045 0.98234
89.00000 44.00000 0.59522 0.73658 0.00000 0.23809 0.01340 0.04139 0.08562 0.29318 0.20818 0.09028 0.00076 0.01530 0.02703 0.03420 0.08961 0.00132 0.04239 0.93267 0.00000 0.04167 0.00000 0.00000 0.14403 0.14844
89.00000 45.00000 0.47616 0.83135 1.00000 0.62699 0.65529 0.65981 0.55235 0.50794 0.49937 0.47318 0.86392 0.58923 0.40541 0.66775 0.47178 0.99322 0.47827 0.32938 0.00000 0.64583 0.86469 1.00000 0.49143 0.49193
89.00000 46.00000 0.23821 0.29881 1.00000 0.59794 0.63318 0.69828 0.68293 0.61718 0.61509 0.61470 0.85336 0.63304 0.89189 0.74593 0.61347 0.99377 0.64359 0.11881 1.00000 0.68750 0.85412 1.00000 0.63203 0.63202
89.00000 47.00000 0.00003 0.00000 1.00000 1.00000 0.98266 0.93978 0.92868 1.00000 1.00000 0.99516 0.99939 0.86304 1.00000 0.91775 0.99518 0.99350 0.65440 0.03962 1.00000 0.92708 1.00000 1.00000 0.98354 0.98595
89.00000 48.00000 0.83329 0.99929 1.00000 0.06027 0.19176 0.33718 0.25978 0.14659 0.14403 0.13646 0.65029 0.28856 0.24324 0.45928 0.13697 0.99278 0.50262 0.35285 0.00000 0.32292 0.65116 1.00000 0.16392 0.15661
89.00000 49.00000 0.59524 0.73634 0.00000 0.23809 0.01275 0.05914 0.08624 0.29318 0.20818 0.09233 0.00082 0.01045 0.02703 0.03746 0.08916 0.00099 0.03846 0.94281 0.00000 0.04167 0.00000 0.00000 0.14438 0.14300
89.00000 50.00000 0.00003 0.00000 1.00000 1.00000 0.98339 0.95322 0.93547 1.00000 1.00000 0.99434 0.99945 0.86204 1.00000 0.91938 0.99556 0.99355 0.66316 0.03057 1.00000 0.94792 1.00000 1.00000 0.97942 0.98090
89.00000 51.00000 0.59521 0.73848 0.00000 0.23809 0.00918 0.04594 0.06261 0.29318 0.20881 0.09405 0.00078 0.01602 0.02703 0.04235 0.08827 0.00107 0.03808 0.93373 0.00000 0.03125 0.00000 0.00000 0.13717 0.13898
89.00000 52.00000 0.23805 0.29691 1.00000 0.59794 0.63088 0.69051 0.68885 0.61718 0.61572 0.61563 0.85332 0.63674 0.89189 0.76710 0.61529 0.99363 0.63434 0.12379 1.00000 0.69792 0.85412 1.00000 0.62826 0.62985
89.00000 53.00000 0.99982 0.99762 1.00000 0.00000 0.12909 0.28945 0.23877 0.00000 0.00000 0.00406 0.62689 0.26718 0.24324 0.47231 0.00495 0.99253 0.53273 0.38170 0.00000 0.29167 0.62791 1.00000 0.01406 0.01526
89.00000 54.00000 0.00002 0.00000 1.00000 1.00000 0.98037 0.94869 0.92259 1.00000 1.00000 0.99310 0.99941 0.85712 1.00000 0.93485 0.99569 0.99350 0.66878 0.04720 1.00000 0.94792 1.00000 1.00000 0.97771 0.98601
89.00000 55.00000 0.59513 0.73646 0.00000 0.23809 0.00945 0.05602 0.05765 0.29318 0.20818 0.09107 0.00082 0.01648 0.02703 0.04153 0.09088 0.00127 0.03932 0.95035 0.00000 0.03125 0.00000 0.00000 0.14403 0.14100
89.00000 56.00000 0.00004 0.00178 1.00000 1.00000 0.98101 0.93469 0.93174 1.00000 1.00000 0.99506 0.99945 0.86140 1.00000 0.91775 0.99531 0.99344 0.65642 0.03650 1.00000 0.92708 1.00000 1.00000 0.98080 0.98437
89.00000 57.00000 0.83336 0.99834 1.00000 0.06027 0.18121 0.33228 0.25728 0.14659 0.14403 0.13739 0.65020 0.28861 0.24324 0.47231 0.13687 0.99259 0.49998 0.35827 0.00000 0.33333 0.65116 1.00000 0.15432 0.16651
89.00000 58.00000 0.99982 0.99952 1.00000 0.00000 0.13093 0.29281 0.25519 0.00000 0.00000 0.00439 0.62692 0.26088 0.24324 0.48371 0.00368 0.99228 0.53965 0.38620 0.00000 0.27083 0.62791 1.00000 0.01440 0.02019
89.00000 59.00000 0.47622 0.83135 1.00000 0.62699 0.65749 0.64158 0.54020 0.50794 0.49937 0.46993 0.86405 0.58764 0.40541 0.67752 0.47209 0.99319 0.49098 0.33158 0.00000 0.65625 0.86469 1.00000 0.48868 0.49549
89.00000 60.00000 0.00006 0.00000 1.00000 1.00000 0.98330 0.93409 0.93619 1.00000 1.00000 0.99580 0.99947 0.86275 1.00000 0.92101 0.99536 0.99350 0.64790 0.02903 1.00000 0.93750 1.00000 1.00000 0.97942 0.98495
89.00000 61.00000 0.23812 0.29691 1.00000 0.59794 0.63428 0.70104 0.69347 0.61718 0.61509 0.61677 0.85328 0.63451 0.89189 0.76140 0.61593 0.99358 0.63341 0.12284 1.00000 0.70833 0.85412 1.00000 0.62311 0.62939
89.00000 62.00000 0.47620 0.83302 1.00000 0.62699 0.65914 0.65868 0.56925 0.50794 0.50000 0.47150 0.86396 0.59281 0.37838 0.66368 0.47097 0.99319 0.46673 0.31854 0.00000 0.63542 0.86469 1.00000 0.48903 0.49655
89.00000 63.00000 0.99992 0.99762 1.00000 0.00000 0.12616 0.29544 0.24363 0.00000 0.00000 0.00420 0.62679 0.26304 0.24324 0.47964 0.00315 0.99248 0.53789 0.38562 0.00000 0.29167 0.62791 1.00000 0.01715 0.02113
89.00000 64.00000 0.23819 0.29691 1.00000 0.59794 0.63767 0.70586 0.69682 0.61718 0.61509 0.61529 0.85345 0.63750 0.89189 0.74349 0.61499 0.99374 0.64985 0.12266 1.00000 0.68750 0.85412 1.00000 0.62689 0.63496
89.00000 65.00000 0.00007 0.00000 1.00000 1.00000 0.98550 0.92182 0.93540 1.00000 1.00000 0.99193 0.99935 0.86203 1.00000 0.91612 0.99445 0.99347 0.66337 0.04738 1.00000 0.93750 1.00000 1.00000 0.97942 0.98167
89.00000 66.00000 0.99980 0.99762 1.00000 0.00000 0.12561 0.30996 0.25167 0.00000 0.00000 0.00511 0.62679 0.26657 0.24324 0.48290 0.00408 0.99228 0.53339 0.38390 0.00000 0.31250 0.62791 1.00000 0.01063 0.01773
89.00000 67.00000 0.99984 0.99762 1.00000 0.00000 0.13010 0.30362 0.23494 0.00000 0.00063 0.00363 0.62681 0.26705 0.24324 0.49756 0.00401 0.99228 0.53461 0.38738 0.00000 0.30208 0.62791 1.00000 0.01337 0.01976
89.00000 68.00000 0.83328 0.99988 1.00000 0.06027 0.18644 0.32724 0.25629 0.14659 0.14403 0.13768 0.65035 0.29007 0.24324 0.47801 0.13852 0.99283 0.49424 0.36402 0.00000 0.30208 0.65116 1.00000 0.16324 0.16781
89.00000 69.00000 0.23816 0.29691 1.00000 0.59794 0.63731 0.69560 0.68671 0.61718 0.61509 0.61391 0.85345 0.63339 0.89189 0.75896 0.61491 0.99374 0.62908 0.11405 1.00000 0.69792 0.85412 1.00000 0.63134 0.63457
89.00000 70.00000 0.59520 0.73848 0.00000 0.23809 0.01578 0.04134 0.06744 0.29318 0.20881 0.09174 0.00089 0.01919 0.02703 0.03990 0.08898 0.00116 0.04796 0.93201 0.00000 0.05208 0.00000 0.00000 0.13615 0.13786
89.00000 71.00000 0.59518 0.73717 0.00000 0.23809 0.00780 0.06924 0.04787 0.29318 0.20881 0.09190 0.00078 0.01721 0.02703 0.04072 0.09037 0.00096 0.03594 0.93472 0.00000 0.06250 0.00000 0.00000 0.13820 0.14212
89.00000 72.00000 0.99987 0.99917 1.00000 0.00000 0.13139 0.30251 0.25752 0.00000 0.00000 0.00475 0.62666 0.26770 0.24324 0.48453 0.00307 0.99231 0.53758 0.39298 0.00000 0.30208 0.62791 1.00000 0.01097 0.01256
89.00000 73.00000 0.83317 0.99762 1.00000 0.06027 0.18873 0.33867 0.26766 0.14659 0.14403 0.13706 0.65044 0.28779 0.24324 0.46580 0.13598 0.99286 0.49407 0.35699 0.00000 0.33333 0.65116 1.00000 0.15878 0.16270
89.00000 74.00000 0.59521 0.73634 0.00000 0.23809 0.01468 0.04364 0.07127 0.29318 0.20818 0.09097 0.00076 0.01111 0.02703 0.04723 0.09065 0.00113 0.03332 0.95068 0.00000 0.03125 0.00000 0.00000 0.14986 0.14493
89.00000 75.00000 0.23810 0.29869 1.00000 0.59794 0.63391 0.67073 0.67576 0.61718 0.61509 0.61584 0.85336 0.63832 0.89189 0.74430 0.61443 0.99383 0.63684 0.12020 1.00000 0.68750 0.85412 1.00000 0.62586 0.63433
89.00000 76.00000 0.83315 0.99762 1.00000 0.06027 0.18460 0.33071 0.26472 0.14659 0.14403 0.13794 0.65025 0.28858 0.27027 0.46906 0.13682 0.99267 0.50874 0.36647 0.00000 0.33333 0.65116 1.00000 0.16084 0.16413
89.00000 77.00000 0.00001 0.00000 1.00000 1.00000 0.98064 0.94433 0.92408 1.00000 1.00000 0.99375 0.99954 0.86306 1.00000 0.91938 0.99417 0.99344 0.65476 0.04148 1.00000 0.94792 1.00000 1.00000 0.98080 0.98535
89.00000 78.00000 0.00000 0.00226 1.00000 1.00000 0.98358 0.95712 0.92866 1.00000 1.00000 0.99313 0.99943 0.86235 1.00000 0.92345 0.99521 0.99374 0.66759 0.04302 1.00000 0.93750 1.00000 1.00000 0.98251 0.98169
89.00000 79.00000 0.23820 0.29703 1.00000 0.59794 0.63666 0.70207 0.69528 0.61718 0.61509 0.61269 0.85345 0.63251 0.89189 0.76792 0.61372 0.99372 0.64398 0.13174 1.00000 0.70833 0.85412 1.00000 0.62723 0.63453
89.00000 80.00000 0.47622 0.83290 1.00000 0.62699 0.66391 0.63898 0.56978 0.50794 0.50000 0.47208 0.86396 0.59333 0.40541 0.67752 0.47183 0.99333 0.47896 0.32799 0.00000 0.64583 0.86469 1.00000 0.48800 0.49480
89.00000 81.00000 0.83326 0.99846 1.00000 0.06027 0.18681 0.34477 0.26811 0.14659 0.14403 0.13839 0.65025 0.28399 0.24324 0.47557 0.13601 0.99261 0.49055 0.36347 0.00000 0.31250 0.65116 1.00000 0.15912 0.16763
89.00000 82.00000 0.59522 0.73634 0.00000 0.23809 0.01303 0.05033 0.06504 0.29318 0.20818 0.09124 0.00080 0.01890 0.00000 0.04397 0.08847 0.00118 0.04784 0.94186 0.00000 0.04167 0.00000 0.00000 0.13683 0.14491
89.00000 83.00000 0.83326 0.99857 1.00000 0.06027 0.18552 0.32724 0.25319 0.14659 0.14403 0.13684 0.65016 0.28648 0.24324 0.46987 0.13694 0.99259 0.48622 0.37690 0.00000 0.31250 0.65116 1.00000 0.15809 0.15711
89.00000 84.00000 0.47615 0.83135 1.00000 0.62699 0.65703 0.66268 0.57673 0.50794 0.49937 0.47084 0.86403 0.59332 0.40541 0.67508 0.47026 0.99344 0.48179 0.34337 0.00000 0.65625 0.86469 1.00000 0.48457 0.49455
89.00000 85.00000 0.59526 0.73670 0.00000 0.23809 0.01165 0.04806 0.05986 0.29318 0.20818 0.09226 0.00084 0.01362 0.02703 0.04642 0.08992 0.00127 0.03347 0.92080 0.00000 0.05208 0.00000 0.00000 0.13649 0.14632
89.00000 86.00000 0.23819 0.29691 1.00000 0.59794 0.63969 0.69522 0.68810 0.61718 0.61572 0.61467 0.85353 0.63896 0.89189 0.75977 0.61425 0.99361 0.64100 0.11731 1.00000 0.70833 0.85412 1.00000 0.63340 0.63305
89.00000 87.00000 0.47618 0.83135 1.00000 0.62699 0.66483 0.64020 0.55346 0.50794 0.49937 0.47022 0.86405 0.59514 0.40541 0.66450 0.47186 0.99339 0.47013 0.31700 0.00000 0.65625 0.86469 1.00000 0.48800 0.49346
89.00000 88.00000 0.59527 0.73634 0.00000 0.23809 0.01110 0.05502 0.06323 0.29318 0.20881 0.09398 0.00078 0.00862 0.02703 0.03990 0.09083 0.00124 0.04356 0.94739 0.00000 0.06250 0.00000 0.00000 0.14335 0.14430
89.00000 89.00000 0.83313 0.99881 1.00000 0.06027 0.18359 0.32816 0.24821 0.14659 0.14403 0.13804 0.65033 0.28259 0.24324 0.46336 0.13646 0.99261 0.50990 0.36215 0.00000 0.32292 0.65116 1.00000 0.15912 0.16651
89.00000 90.00000 0.00004 0.00000 1.00000 1.00000 0.98706 0.94986 0.93467 1.00000 1.00000 0.99501 0.99935 0.86356 1.00000 0.91124 0.99470 0.99361 0.66373 0.04712 1.00000 0.94792 1.00000 1.00000 0.98182 0.98423
89.00000 91.00000 0.99989 0.99881 1.00000 0.00000 0.13231 0.28254 0.25524 0.00000 0.00000 0.00482 0.62673 0.26818 0.24324 0.48616 0.00317 0.99220 0.52966 0.40114 0.00000 0.28125 0.62791 1.00000 0.01578 0.01973
89.00000 92.00000 0.99978 0.99762 1.00000 0.00000 0.12946 0.27915 0.26152 0.00000 0.00063 0.00585 0.62687 0.26781 0.24324 0.47557 0.00274 0.99237 0.53842 0.38346 0.00000 0.29167 0.62791 1.00000 0.01406 0.01701
89.00000 93.00000 0.23818 0.29822 1.00000 0.59794 0.64373 0.69600 0.68861 0.61718 0.61509 0.61544 0.85349 0.63810 0.89189 0.75570 0.61382 0.99380 0.64081 0.12624 1.00000 0.69792 0.85412 1.00000 0.62860 0.63496
89.00000 94.00000 0.99984 0.99869 1.00000 0.00000 0.13157 0.30332 0.24650 0.00000 0.00063 0.00418 0.62677 0.26430 0.24324 0.48127 0.00294 0.99237 0.52690 0.39096 0.00000 0.30208 0.62791 1.00000 0.00960 0.01622
89.00000 95.00000 0.59510 0.73824 0.00000 0.23809 0.00899 0.05542 0.07931 0.29318 0.20881 0.09229 0.00084 0.01773 0.02703 0.05130 0.09027 0.00127 0.04349 0.94742 0.00000 0.03125 0.00000 0.00000 0.14712 0.14403
89.00000 96.00000 0.99986 0.99964 1.00000 0.00000 0.12772 0.30234 0.24513 0.00000 0.00000 0.00260 0.62692 0.26539 0.24324 0.49349 0.00421 0.99242 0.54563 0.37643 0.00000 0.29167 0.62791 1.00000 0.01303 0.01381
89.00000 97.00000 0.23819 0.29822 1.00000 0.59794 0.63621 0.68482 0.67325 0.61718 0.61509 0.61587 0.85349 0.63557 0.89189 0.76221 0.61514 0.99347 0.64683 0.12775 1.00000 0.69792 0.85412 1.00000 0.63512 0.62907
89.00000 98.00000 0.59512 0.73824 0.00000 0.23809 0.00881 0.05583 0.06217 0.29318 0.20881 0.09222 0.00084 0.01445 0.02703 0.05293 0.08885 0.00110 0.04646 0.94424 0.00000 0.05208 0.00000 0.00000 0.14095 0.14132
89.00000 99.00000 0.59511 0.73658 0.00000 0.23809 0.01220 0.06442 0.08270 0.29318 0.20881 0.09286 0.00068 0.01657 0.02703 0.05700 0.09004 0.00107 0.04734 0.94640 0.00000 0.05208 0.00000 0.00000 0.14026 0.14128
89.00000 100.00000 0.59531 0.73634 0.00000 0.23809 0.01413 0.07211 0.06520 0.29318 0.20881 0.09083 0.00074 0.01084 0.02703 0.04886 0.08949 0.00130 0.03830 0.92710 0.00000 0.04167 0.00000 0.00000 0.13786 0.13950
89.00000 101.00000 0.47621 0.83171 1.00000 0.62699 0.66098 0.65445 0.54754 0.50794 0.50000 0.47112 0.86398 0.59003 0.37838 0.67590 0.46859 0.99350 0.48886 0.32978 0.00000 0.65625 0.86469 1.00000 0.48594 0.49173
89.00000 102.00000 0.59525 0.73729 0.00000 0.23809 0.01129 0.06737 0.05683 0.29318 0.20881 0.09159 0.00080 0.01629 0.02703 0.05537 0.08913 0.00102 0.03730 0.94241 0.00000 0.04167 0.00000 0.00000 0.13786 0.14476
89.00000 103.00000 0.23820 0.29691 1.00000 0.59794 0.63721 0.71294 0.69602 0.61718 0.61572 0.61412 0.85349 0.63376 0.89189 0.75977 0.61294 0.99372 0.64747 0.12072 1.00000 0.69792 0.85412 1.00000 0.62551 0.63720
89.00000 104.00000 0.23817 0.29691 1.00000 0.59794 0.64208 0.70188 0.70464 0.61718 0.61509 0.61367 0.85351 0.63220 0.89189 0.74674 0.61370 0.99372 0.63917 0.12383 1.00000 0.69792 0.85412 1.00000 0.62929 0.63427
89.00000 105.00000 0.59515 0.73705 0.00000 0.23809 0.01496 0.04581 0.08047 0.29318 0.20881 0.09188 0.00076 0.01332 0.02703 0.04560 0.09060 0.00116 0.03042 0.94321 0.00000 0.06250 0.00000 0.00000 0.13752 0.14300
89.00000 106.00000 0.99994 0.99762 1.00000 0.00000 0.12937 0.28427 0.25851 0.00000 0.00063 0.00547 0.62681 0.26631 0.24324 0.48127 0.00358 0.99226 0.52935 0.40795 0.00000 0.28125 0.62791 1.00000 0.00617 0.01569
89.00000 107.00000 0.47619 0.83135 1.00000 0.62699 0.66235 0.66296 0.55680 0.50794 0.50000 0.47241 0.86407 0.59584 0.37838 0.67915 0.46950 0.99344 0.47789 0.33634 0.00000 0.66667 0.86469 1.00000 0.49177 0.49297
89.00000 108.00000 0.00003 0.00166 1.00000 1.00000 0.98183 0.94230 0.93330 1.00000 1.00000 0.99155 0.99947 0.85756 1.00000 0.93322 0.99495 0.99352 0.65488 0.04463 1.00000 0.92708 1.00000 1.00000 0.98354 0.97885
89.00000 109.00000 0.00006 0.00000 1.00000 1.00000 0.98128 0.95622 0.93566 1.00000 1.00000 0.99274 0.99945 0.86160 1.00000 0.92264 0.99475 0.99374 0.66666 0.04573 1.00000 0.92708 1.00000 1.00000 0.97497 0.97976
89.00000 110.00000 0.83313 0.99893 1.00000 0.06027 0.18378 0.34149 0.25995 0.14659 0.14403 0.13804 0.65018 0.29579 0.24324 0.48046 0.13730 0.99264 0.49307 0.38976 0.00000 0.33333 0.65116 1.00000 0.16118 0.16591
89.00000 111.00000 0.47607 0.83135 1.00000 0.62699 0.66456 0.65754 0.57324 0.50794 0.50000 0.47105 0.86405 0.58982 0.40541 0.68078 0.47001 0.99361 0.48158 0.31719 1.00000 0.63542 0.86469 1.00000 0.49314 0.48799
89.00000 112.00000 0.59519 0.73872 0.00000 0.23809 0.01340 0.06569 0.06932 0.29318 0.20881 0.09224 0.00076 0.01571 0.02703 0.06596 0.08822 0.00110 0.05384 0.93801 0.00000 0.06250 0.00000 0.00000 0.13340 0.14204
89.00000 113.00000 0.99978 0.99762 1.00000 0.00000 0.13056 0.30229 0.24883 0.00000 0.00000 0.00279 0.62666 0.26670 0.24324 0.47801 0.00457 0.99212 0.52866 0.39810 0.00000 0.29167 0.62791 1.00000 0.01749 0.01693
89.00000 114.00000 0.99996 0.99762 1.00000 0.00000 0.12809 0.30616 0.23875 0.00000 0.00000 0.00465 0.62687 0.26537 0.24324 0.50000 0.00431 0.99231 0.52806 0.39884 0.00000 0.29167 0.62791 1.00000 0.01578 0.01742
89.00000 115.00000 0.83324 0.99762 1.00000 0.06027 0.18626 0.32759 0.27035 0.14659 0.14403 0.13508 0.65025 0.28263 0.24324 0.47231 0.13639 0.99275 0.48836 0.36193 0.00000 0.32292 0.65116 1.00000 0.16152 0.15921
89.00000 116.00000 0.83326 0.99762 1.00000 0.06027 0.18222 0.33981 0.27618 0.14659 0.14403 0.13727 0.65023 0.29107 0.24324 0.47883 0.13654 0.99283 0.50105 0.35757 0.00000 0.33333 0.65116 1.00000 0.16084 0.16826
89.00000 117.00000 0.23820 0.29691 1.00000 0.59794 0.63942 0.69015 0.69460 0.61718 0.61509 0.61386 0.85351 0.64027 0.89189 0.75081 0.61377 0.99377 0.65052 0.12657 1.00000 0.69792 0.85412 1.00000 0.62929 0.63111
89.00000 118.00000 0.99976 0.99857 1.00000 0.00000 0.13286 0.29281 0.25829 0.00000 0.00000 0.00336 0.62673 0.25996 0.24324 0.48371 0.00373 0.99220 0.53692 0.39488 0.00000 0.28125 0.62791 1.00000 0.01509 0.02146
89.00000 119.00000 0.59519 0.73777 0.00000 0.23809 0.01468 0.05957 0.07673 0.29318 0.20881 0.09214 0.00080 0.00859 0.02703 0.05782 0.09075 0.00110 0.03544 0.95500 0.00000 0.05208 0.00000 0.00000 0.13649 0.14768
89.00000 120.00000 0.00004 0.00048 1.00000 1.00000 0.98266 0.95319 0.94912 1.00000 1.00000 0.99267 0.99947 0.86322 1.00000 0.93567 0.99376 0.99369 0.65381 0.04460 1.00000 0.95833 1.00000 1.00000 0.97257 0.97746
89.00000 121.00000 0.47612 0.83147 1.00000 0.62699 0.66153 0.65694 0.57016 0.50794 0.50000 0.47222 0.86407 0.59203 0.37838 0.67264 0.47039 0.99366 0.48160 0.31869 0.00000 0.63542 0.86469 1.00000 0.48697 0.48651
89.00000 122.00000 0.83328 0.99976 1.00000 0.06027 0.18369 0.36552 0.27336 0.14659 0.14403 0.13720 0.65016 0.28715 0.24324 0.48534 0.13545 0.99253 0.48022 0.36892 0.00000 0.32292 0.65116 1.00000 0.15912 0.16125
89.00000 123.00000 0.59527 0.73872 0.00000 0.23809 0.01239 0.05645 0.06730 0.29318 0.20818 0.09212 0.00076 0.01879 0.02703 0.06270 0.08959 0.00107 0.05124 0.95540 0.00000 0.05208 0.00000 0.00000 0.13957 0.14695
89.00000 124.00000 0.47617 0.83290 1.00000 0.62699 0.66199 0.67149 0.55315 0.50794 0.50000 0.47098 0.86400 0.59346 0.40541 0.68322 0.46970 0.99347 0.46496 0.32883 0.00000 0.66667 0.86469 1.00000 0.48903 0.49007
89.00000 125.00000 0.00004 0.00000 1.00000 1.00000 0.98624 0.95679 0.94936 1.00000 1.00000 0.99289 0.99949 0.85902 1.00000 0.93974 0.99424 0.99366 0.65216 0.05016 1.00000 0.96875 1.00000 1.00000 0.97634 0.98336
89.00000 126.00000 0.83317 0.99762 1.00000 0.06027 0.18910 0.33520 0.28470 0.14659 0.14403 0.13706 0.65037 0.28796 0.24324 0.46743 0.13682 0.99250 0.49293 0.37031 0.00000 0.32292 0.65116 1.00000 0.15466 0.15992
89.00000 127.00000 0.99992 0.99762 1.00000 0.00000 0.13295 0.31061 0.24099 0.00000 0.00000 0.00329 0.62681 0.26841 0.24324 0.47638 0.00175 0.99223 0.53699 0.38983 0.00000 0.28125 0.62791 1.00000 0.01269 0.01796
89.00000 128.00000 0.00002 0.00190 1.00000 1.00000 0.98312 0.92033 0.94782 1.00000 1.00000 0.99158 0.99943 0.86387 1.00000 0.92671 0.99406 0.99361 0.65583 0.04438 1.00000 0.93750 1.00000 1.00000 0.98148 0.97830
89.00000 129.00000 0.59522 0.73634 0.00000 0.23809 0.01707 0.08495 0.06882 0.29318 0.20818 0.09076 0.00070 0.01258 0.02703 0.07492 0.08959 0.00096 0.02613 0.96584 0.00000 0.04167 0.00000 0.00000 0.13203 0.14910
89.00000 130.00000 0.00004 0.00000 1.00000 1.00000 0.99183 0.96267 0.93874 1.00000 1.00000 0.99091 0.99956 0.86091 1.00000 0.95195 0.99427 0.99380 0.66495 0.06027 1.00000 0.94792 1.00000 1.00000 0.97634 0.97652
89.00000 131.00000 0.00006 0.00119 1.00000 1.00000 0.98881 0.94929 0.94093 1.00000 1.00000 0.99458 0.99956 0.86477 1.00000 0.93322 0.99406 0.99366 0.64700 0.03533 1.00000 0.94792 1.00000 1.00000 0.97805 0.97365
89.00000 132.00000 0.47617 0.83219 1.00000 0.62699 0.66703 0.66293 0.57154 0.50794 0.50000 0.47074 0.86400 0.59305 0.40541 0.68811 0.47079 0.99344 0.48662 0.34058 0.00000 0.65625 0.86469 1.00000 0.47908 0.48696
89.00000 133.00000 0.00003 0.00154 1.00000 1.00000 0.98715 0.93859 0.93116 1.00000 1.00000 0.99177 0.99954 0.85959 1.00000 0.92834 0.99437 0.99361 0.65083 0.04939 1.00000 0.94792 1.00000 1.00000 0.97840 0.98400
89.00000 134.00000 0.00003 0.00000 1.00000 1.00000 0.98862 0.92672 0.95874 1.00000 1.00000 0.99277 0.99958 0.86060 1.00000 0.94381 0.99368 0.99374 0.65376 0.03515 1.00000 0.94792 1.00000 1.00000 0.97874 0.97610
89.00000 135.00000 0.23812 0.29691 1.00000 0.59794 0.64235 0.71074 0.70917 0.61718 0.61572 0.61353 0.85357 0.63130 0.89189 0.77117 0.61382 0.99377 0.63193 0.12859 1.00000 0.70833 0.85412 1.00000 0.63066 0.63617
89.00000 136.00000 0.83331 0.99798 1.00000 0.06027 0.18681 0.34834 0.28450 0.14659 0.14403 0.13806 0.65025 0.28711 0.24324 0.47720 0.13623 0.99281 0.49522 0.36958 0.00000 0.32292 0.65116 1.00000 0.15844 0.16871
89.00000 137.00000 0.99982 0.99762 1.00000 0.00000 0.13111 0.29294 0.26778 0.00000 0.00000 0.00296 0.62670 0.26794 0.24324 0.48779 0.00195 0.99220 0.53047 0.39646 0.00000 0.29167 0.62791 1.00000 0.01406 0.02479
89.00000 138.00000 0.99994 0.99941 1.00000 0.00000 0.12928 0.29470 0.25309 0.00000 0.00063 0.00348 0.62673 0.26415 0.24324 0.49837 0.00198 0.99220 0.53923 0.38822 0.00000 0.29167 0.62791 1.00000 0.01235 0.01766
89.00000 139.00000 0.47618 0.83135 1.00000 0.62699 0.66217 0.66404 0.59635 0.50794 0.50000 0.47143 0.86413 0.59473 0.37838 0.68160 0.46970 0.99352 0.46827 0.35607 1.00000 0.65625 0.86469 1.00000 0.48903 0.49286
89.00000 140.00000 0.83318 0.99762 1.00000 0.06027 0.19360 0.33054 0.27211 0.14659 0.14403 0.13606 0.65035 0.29464 0.24324 0.50000 0.13502 0.99272 0.49705 0.38884 0.00000 0.33333 0.65116 1.00000 0.15364 0.16299
89.00000 141.00000 0.00007 0.00000 1.00000 1.00000 0.98853 0.95186 0.94611 1.00000 1.00000 0.98995 0.99951 0.86193 1.00000 0.94300 0.99323 0.99361 0.66018 0.06089 1.00000 0.96875 1.00000 1.00000 0.97599 0.97920
89.00000 142.00000 0.99986 0.99941 1.00000 0.00000 0.13396 0.30676 0.25360 0.00000 0.00000 0.00372 0.62666 0.26113 0.24324 0.50814 0.00309 0.99226 0.52173 0.40155 0.00000 0.30208 0.62791 1.00000 0.00412 0.01896
89.00000 143.00000 0.99979 0.99762 1.00000 0.00000 0.13634 0.30928 0.27557 0.00000 0.00063 0.00356 0.62670 0.26621 0.24324 0.50733 0.00203 0.99226 0.53846 0.39005 0.00000 0.31250 0.62791 1.00000 0.01543 0.02307
89.00000 144.00000 0.47628 0.83254 1.00000 0.62699 0.66419 0.66615 0.57141 0.50794 0.50000 0.47189 0.86419 0.59507 0.40541 0.68893 0.46978 0.99347 0.47801 0.33828 1.00000 0.65625 0.86469 1.00000 0.48354 0.49081
89.00000 145.00000 0.59521 0.73634 0.00000 0.23809 0.01193 0.05101 0.09960 0.29318 0.20881 0.09257 0.00065 0.01697 0.02703 0.05700 0.09032 0.00116 0.03132 0.95643 0.00000 0.05208 0.00000 0.00000 0.14266 0.14513
89.00000 146.00000 0.00003 0.00190 1.00000 1.00000 0.98917 0.93994 0.95670 1.00000 1.00000 0.99239 0.99956 0.85935 1.00000 0.95684 0.99201 0.99372 0.65752 0.05628 1.00000 0.94792 1.00000 1.00000 0.98114 0.97862
89.00000 147.00000 0.47613 0.83135 1.00000 0.62699 0.66602 0.66252 0.56918 0.50794 0.50000 0.47041 0.86411 0.59338 0.40541 0.69463 0.46881 0.99358 0.48005 0.33407 0.00000 0.65625 0.86469 1.00000 0.49417 0.48743
89.00000 148.00000 0.00000 0.00012 1.00000 1.00000 0.99110 0.94802 0.94765 1.00000 1.00000 0.99107 0.99962 0.85970 1.00000 0.94218 0.99204 0.99358 0.67016 0.04877 1.00000 0.94792 1.00000 1.00000 0.97291 0.97380
89.00000 149.00000 0.00004 0.00000 1.00000 1.00000 0.98440 0.95343 0.94161 1.00000 1.00000 0.99160 0.99962 0.86181 1.00000 0.93893 0.99318 0.99374 0.66397 0.05646 1.00000 0.94792 1.00000 1.00000 0.97702 0.97758
89.00000 150.00000 0.83328 0.99857 1.00000 0.06027 0.18763 0.36394 0.26469 0.14659 0.14403 0.13732 0.65016 0.29629 0.24324 0.49186 0.13776 0.99253 0.47948 0.37478 0.00000 0.35417 0.65116 1.00000 0.15329 0.16376
89.00000 151.00000 0.47620 0.83373 1.00000 0.62699 0.66511 0.66220 0.55890 0.50794 0.50000 0.46991 0.86409 0.59262 0.37838 0.67752 0.46940 0.99355 0.47201 0.33824 1.00000 0.65625 0.86469 1.00000 0.48320 0.49114
89.00000 152.00000 0.99993 0.99964 1.00000 0.00000 0.13598 0.30272 0.24830 0.00000 0.00063 0.00150 0.62658 0.26370 0.24324 0.49837 0.00340 0.99198 0.51604 0.40934 0.00000 0.29167 0.62791 1.00000 0.01749 0.01392
89.00000 153.00000 0.47627 0.83135 1.00000 0.62699 0.66309 0.66255 0.59320 0.50794 0.50000 0.46826 0.86398 0.58903 0.37838 0.70195 0.46990 0.99355 0.47346 0.36266 1.00000 0.66667 0.86469 1.00000 0.48217 0.47710
89.00000 154.00000 0.23818 0.29691 1.00000 0.59794 0.64290 0.70833 0.72770 0.61718 0.61572 0.61236 0.85366 0.63858 0.89189 0.77443 0.61367 0.99399 0.63757 0.13207 1.00000 0.70833 0.85412 1.00000 0.62654 0.63216
89.00000 155.00000 0.83335 0.99905 1.00000 0.06027 0.18809 0.34336 0.28701 0.14659 0.14403 0.13670 0.65023 0.29503 0.24324 0.49756 0.13522 0.99275 0.49472 0.37969 0.00000 0.33333 0.65116 1.00000 0.16324 0.15963
89.00000 156.00000 0.83327 0.99762 1.00000 0.06027 0.19396 0.36738 0.28462 0.14659 0.14403 0.13708 0.65035 0.29535 0.24324 0.50000 0.13750 0.99278 0.49650 0.37778 0.00000 0.33333 0.65116 1.00000 0.15021 0.15815
89.00000 157.00000 0.83328 0.99893 1.00000 0.06027 0.19222 0.34566 0.28118 0.14659 0.14403 0.13660 0.65033 0.28888 0.24324 0.49267 0.13636 0.99264 0.49652 0.37917 0.00000 0.33333 0.65116 1.00000 0.15741 0.16288
89.00000 158.00000 0.00002 0.00000 1.00000 1.00000 0.98431 0.94628 0.95222 1.00000 1.00000 0.99057 0.99960 0.85785 1.00000 0.93811 0.99244 0.99383 0.65069 0.05866 1.00000 0.95833 1.00000 1.00000 0.98217 0.97551
89.00000 159.00000 0.59522 0.73634 0.00000 0.23809 0.01541 0.06415 0.07722 0.29318 0.20881 0.09150 0.00074 0.02010 0.02703 0.06189 0.09027 0.00118 0.04548 0.96679 0.00000 0.06250 0.00000 0.00000 0.13717 0.14447
89.00000 160.00000 0.99997 0.99881 1.00000 0.00000 0.13533 0.32640 0.27293 0.00000 0.00063 0.00422 0.62660 0.26980 0.24324 0.50733 0.00276 0.99209 0.52602 0.39272 0.00000 0.31250 0.62791 1.00000 0.01612 0.01731
89.00000 161.00000 0.59524 0.73836 0.00000 0.23809 0.01633 0.05364 0.07683 0.29318 0.20881 0.09023 0.00078 0.01797 0.02703 0.06270 0.08951 0.00121 0.03932 0.96104 0.00000 0.06250 0.00000 0.00000 0.13923 0.14199
89.00000 162.00000 0.99983 0.99762 1.00000 0.00000 0.13827 0.30928 0.28448 0.00000 0.00000 0.00294 0.62660 0.26234 0.24324 0.51303 0.00304 0.99198 0.52316 0.40934 0.00000 0.31250 0.62791 1.00000 0.00926 0.00904
89.00000 163.00000 0.99994 0.99798 1.00000 0.00000 0.13267 0.32664 0.27890 0.00000 0.00063 0.00174 0.62673 0.26747 0.24324 0.51710 0.00368 0.99204 0.51873 0.40660 0.00000 0.31250 0.62791 1.00000 0.01440 0.02282
89.00000 164.00000 0.59509 0.73729 0.00000 0.23809 0.01679 0.07268 0.09264 0.29318 0.20881 0.08677 0.00055 0.01006 0.02703 0.07085 0.08786 0.00096 0.02885 0.96785 0.00000 0.05208 0.00000 0.00000 0.13615 0.14825
89.00000 165.00000 0.23810 0.29893 1.00000 0.59794 0.63997 0.72147 0.71564 0.61718 0.61572 0.61312 0.85364 0.64123 0.89189 0.78420 0.61464 0.99408 0.62865 0.13287 1.00000 0.71875 0.85412 1.00000 0.62209 0.62350
89.00000 166.00000 0.59527 0.73634 0.00000 0.23809 0.01422 0.05234 0.09029 0.29318 0.20881 0.09255 0.00074 0.01295 0.02703 0.06922 0.08873 0.00102 0.03639 0.96910 0.00000 0.05208 0.00000 0.00000 0.13683 0.14088
89.00000 167.00000 0.47626 0.83171 1.00000 0.62699 0.66722 0.68392 0.56338 0.50794 0.50000 0.46993 0.86392 0.59271 0.37838 0.70195 0.46785 0.99347 0.46927 0.34571 1.00000 0.66667 0.86469 1.00000 0.48834 0.48560
89.00000 168.00000 0.23804 0.29881 1.00000 0.59794 0.63997 0.70370 0.72529 0.61718 0.61572 0.61047 0.85372 0.63281 0.89189 0.78257 0.61342 0.99402 0.62905 0.12749 1.00000 0.70833 0.85412 1.00000 0.62003 0.62378
89.00000 169.00000 0.23823 0.29727 1.00000 0.59794 0.64602 0.70497 0.72065 0.61718 0.61572 0.61112 0.85383 0.63686 0.89189 0.78013 0.61362 0.99402 0.62939 0.13998 1.00000 0.71875 0.85412 1.00000 0.62689 0.62511
89.00000 170.00000 0.99999 0.99762 1.00000 0.00000 0.13387 0.29907 0.25605 0.00000 0.00000 0.00406 0.62664 0.27019 0.24324 0.51710 0.00320 0.99193 0.52975 0.41077 0.00000 0.31250 0.62791 1.00000 0.00926 0.02087
89.00000 171.00000 0.99977 0.99941 1.00000 0.00000 0.13653 0.32865 0.25694 0.00000 0.00063 0.00368 0.62658 0.27107 0.24324 0.52117 0.00213 0.99209 0.52099 0.40590 0.00000 0.29167 0.62791 1.00000 0.01989 0.01368
89.00000 172.00000 0.00001 0.00214 1.00000 1.00000 0.98871 0.95739 0.94791 1.00000 1.00000 0.99148 0.99968 0.85947 1.00000 0.95765 0.99150 0.99383 0.65097 0.05617 1.00000 0.96875 1.00000 1.00000 0.97668 0.96978
89.00000 173.00000 0.83331 0.99762 1.00000 0.06027 0.19020 0.34623 0.29148 0.14659 0.14403 0.13534 0.65027 0.29255 0.24324 0.48534 0.13593 0.99270 0.47441 0.38950 0.00000 0.33333 0.65116 1.00000 0.15398 0.15996
89.00000 174.00000 0.99982 0.99834 1.00000 0.00000 0.13708 0.31120 0.27620 0.00000 0.00000 0.00363 0.62662 0.26291 0.24324 0.52362 0.00246 0.99206 0.51073 0.41172 0.00000 0.31250 0.62791 1.00000 0.01200 0.01684
89.00000 175.00000 0.23810 0.29691 1.00000 0.59794 0.64134 0.71724 0.73790 0.61718 0.61572 0.61136 0.85385 0.63860 0.89189 0.79397 0.61238 0.99421 0.62860 0.13954 1.00000 0.69792 0.85412 1.00000 0.62654 0.62141
89.00000 176.00000 0.59529 0.73634 0.00000 0.23809 0.01908 0.08029 0.08725 0.29318 0.20881 0.08997 0.00068 0.01373 0.02703 0.07980 0.08878 0.00102 0.03913 0.96199 0.00000 0.06250 0.00000 0.00000 0.13957 0.14087
89.00000 177.00000 0.23816 0.29691 1.00000 0.59794 0.64492 0.71356 0.72787 0.61718 0.61572 0.61107 0.85385 0.63566 0.89189 0.78827 0.61192 0.99399 0.62743 0.14063 1.00000 0.70833 0.85412 1.00000 0.62551 0.62545
89.00000 178.00000 0.99983 0.99810 1.00000 0.00000 0.13671 0.31833 0.27555 0.00000 0.00063 0.00198 0.62670 0.26227 0.24324 0.52036 0.00178 0.99204 0.53737 0.40601 0.00000 0.31250 0.62791 1.00000 0.01063 0.01151
89.00000 179.00000 0.83333 0.99846 1.00000 0.06027 0.19461 0.34734 0.29394 0.14659 0.14403 0.13591 0.65018 0.28945 0.24324 0.51547 0.13522 0.99272 0.48236 0.39796 0.00000 0.35417 0.65116 1.00000 0.15638 0.15914
89.00000 180.00000 0.83332 0.99929 1.00000 0.06027 0.18607 0.36939 0.29861 0.14659 0.14403 0.13515 0.65023 0.29349 0.24324 0.49756 0.13476 0.99250 0.49600 0.39063 0.00000 0.35417 0.65116 1.00000 0.15569 0.16231
89.00000 181.00000 0.00003 0.00178 1.00000 1.00000 0.99449 0.96803 0.97752 1.00000 1.00000 0.98981 0.99973 0.86569 1.00000 0.96254 0.98912 0.99394 0.64774 0.06905 1.00000 0.96875 1.00000 1.00000 0.97085 0.97354
89.00000 182.00000 0.83319 0.99881 1.00000 0.06027 0.19020 0.35509 0.27733 0.14659 0.14403 0.13570 0.65029 0.29251 0.24324 0.50326 0.13494 0.99256 0.50043 0.38899 0.00000 0.33333 0.65116 1.00000 0.15501 0.15628
89.00000 183.00000 0.83331 0.99762 1.00000 0.06027 0.19213 0.34964 0.29341 0.14659 0.14403 0.13474 0.65008 0.29025 0.24324 0.51303 0.13611 0.99256 0.47437 0.40396 0.00000 0.35417 0.65116 1.00000 0.15055 0.16210
89.00000 184.00000 0.23804 0.29810 1.00000 0.59794 0.64483 0.72827 0.73706 0.61718 0.61572 0.61133 0.85395 0.63864 0.89189 0.81270 0.61283 0.99421 0.63548 0.16769 1.00000 0.70833 0.85412 1.00000 0.62174 0.62355
89.00000 185.00000 0.47621 0.83135 1.00000 0.62699 0.66768 0.67523 0.60355 0.50794 0.50000 0.46666 0.86426 0.59133 0.37838 0.71906 0.46942 0.99388 0.46856 0.36691 1.00000 0.66667 0.86469 1.00000 0.47840 0.47940
89.00000 186.00000 0.99993 0.99762 1.00000 0.00000 0.13607 0.31212 0.29644 0.00000 0.00063 0.00527 0.62641 0.26955 0.24324 0.53420 0.00251 0.99182 0.53327 0.41399 0.00000 0.31250 0.62791 1.00000 0.00857 0.01824
89.00000 187.00000 0.83323 0.99762 1.00000 0.06027 0.19708 0.34249 0.29252 0.14659 0.14403 0.13567 0.65006 0.28329 0.24324 0.51466 0.13400 0.99256 0.47882 0.38745 0.00000 0.35417 0.65116 1.00000 0.16015 0.16257
89.00000 188.00000 0.23808 0.29715 1.00000 0.59794 0.64978 0.72242 0.73726 0.61718 0.61572 0.61073 0.85385 0.63398 0.89189 0.79805 0.61212 0.99419 0.62389 0.15338 1.00000 0.71875 0.85412 1.00000 0.61831 0.62350
