50.00000 1.00000 0.47623 0.83135 1.00000 0.62699 0.65632 0.64637 0.52098 0.50794 0.50063 0.45826 0.86329 0.60394 0.38462 0.64773 0.45774 0.99311 0.50975 0.35401 0.00000 0.64948 0.86469 1.00000 0.48772 0.48904
50.00000 2.00000 0.83335 0.99762 1.00000 0.06027 0.17211 0.31602 0.24018 0.14659 0.14617 0.13593 0.65026 0.29785 0.25641 0.45455 0.13468 0.99317 0.53531 0.37314 0.00000 0.30928 0.65116 1.00000 0.16145 0.16511
50.00000 3.00000 0.83331 0.99857 1.00000 0.06027 0.17900 0.33081 0.23545 0.14659 0.14617 0.13455 0.65030 0.30048 0.23077 0.44318 0.13486 0.99322 0.52500 0.38224 0.00000 0.30928 0.65116 1.00000 0.15843 0.15908
50.00000 4.00000 0.99980 0.99917 1.00000 0.00000 0.12888 0.26260 0.23238 0.00000 0.00251 0.00699 0.62713 0.27850 0.23077 0.46591 0.00562 0.99328 0.56907 0.40760 0.00000 0.28866 0.62791 1.00000 0.01985 0.01774
50.00000 5.00000 0.23819 0.29727 1.00000 0.59794 0.63558 0.69368 0.65325 0.61718 0.61606 0.59592 0.85263 0.65711 0.84615 0.74351 0.59580 0.99344 0.68259 0.15270 1.00000 0.67010 0.85412 1.00000 0.62025 0.62324
50.00000 6.00000 0.00005 0.00000 1.00000 1.00000 0.97604 0.89971 0.88747 1.00000 0.99937 0.96409 0.99869 0.88332 0.94872 0.90990 0.96295 0.99308 0.69147 0.07500 1.00000 0.91753 1.00000 1.00000 0.97107 0.97005
50.00000 7.00000 0.83318 0.99762 1.00000 0.06027 0.17744 0.30230 0.24266 0.14659 0.14617 0.13600 0.65019 0.29239 0.23077 0.44805 0.13288 0.99308 0.53259 0.38760 0.00000 0.31959 0.65116 1.00000 0.15809 0.16294
50.00000 8.00000 0.99989 0.99917 1.00000 0.00000 0.12521 0.27346 0.21876 0.00000 0.00251 0.00571 0.62726 0.27062 0.23077 0.45292 0.00506 0.99325 0.57845 0.40441 0.00000 0.28866 0.62791 1.00000 0.01985 0.01128
50.00000 9.00000 0.99995 0.99929 1.00000 0.00000 0.13136 0.28002 0.21477 0.00000 0.00251 0.00706 0.62709 0.27960 0.23077 0.47240 0.00667 0.99300 0.57568 0.39933 0.00000 0.25773 0.62791 1.00000 0.01547 0.02114
50.00000 10.00000 0.00003 0.00000 1.00000 1.00000 0.97843 0.91499 0.89713 1.00000 0.99937 0.96165 0.99871 0.88086 0.94872 0.89935 0.96376 0.99306 0.69175 0.06161 1.00000 0.91753 1.00000 1.00000 0.97444 0.98310
50.00000 11.00000 0.00001 0.00000 1.00000 1.00000 0.97650 0.94000 0.88217 1.00000 0.99937 0.96139 0.99871 0.88036 0.94872 0.89205 0.96173 0.99308 0.68964 0.07818 1.00000 0.92784 1.00000 1.00000 0.97679 0.98203
50.00000 12.00000 0.23806 0.29691 1.00000 0.59794 0.63126 0.67518 0.65990 0.61718 0.61606 0.59498 0.85265 0.65134 0.84615 0.72727 0.59443 0.99325 0.67790 0.14786 1.00000 0.65979 0.85412 1.00000 0.62361 0.63483
50.00000 13.00000 0.59531 0.73789 0.00000 0.23809 0.01019 0.03924 0.04369 0.29318 0.21016 0.09251 0.00127 0.01066 0.02564 0.03815 0.08857 0.00182 0.06096 0.91829 0.00000 0.03093 0.00000 0.00000 0.14699 0.14371
50.00000 14.00000 0.47615 0.83325 1.00000 0.62699 0.65577 0.66076 0.53172 0.50794 0.50063 0.45948 0.86337 0.60327 0.38462 0.65666 0.45635 0.99322 0.51603 0.34301 0.00000 0.63918 0.86469 1.00000 0.48907 0.48685
50.00000 15.00000 0.00002 0.00000 1.00000 1.00000 0.97824 0.92823 0.88106 1.00000 0.99937 0.96349 0.99865 0.88245 0.94872 0.89854 0.96473 0.99308 0.71203 0.06794 1.00000 0.90722 1.00000 1.00000 0.96939 0.97867
50.00000 16.00000 0.00005 0.00095 1.00000 1.00000 0.97788 0.92123 0.89821 1.00000 1.00000 0.96395 0.99873 0.87302 0.94872 0.90341 0.96334 0.99322 0.70469 0.06023 1.00000 0.91753 1.00000 1.00000 0.97208 0.98076
50.00000 17.00000 0.47625 0.83135 1.00000 0.62699 0.65632 0.63214 0.51755 0.50794 0.50063 0.45762 0.86346 0.60721 0.38462 0.66315 0.45686 0.99306 0.51591 0.34782 0.00000 0.63918 0.86469 1.00000 0.48537 0.49046
50.00000 18.00000 0.00002 0.00131 1.00000 1.00000 0.97320 0.92542 0.90148 1.00000 0.99937 0.96360 0.99876 0.87744 0.94872 0.91153 0.96256 0.99322 0.69724 0.07223 1.00000 0.92784 1.00000 1.00000 0.97074 0.97781
50.00000 19.00000 0.23802 0.29905 1.00000 0.59794 0.63145 0.67359 0.64948 0.61718 0.61606 0.59626 0.85263 0.65484 0.84615 0.74351 0.59653 0.99322 0.68072 0.14544 1.00000 0.68041 0.85412 1.00000 0.62462 0.62546
50.00000 20.00000 0.00006 0.00000 1.00000 1.00000 0.97806 0.91959 0.88959 1.00000 0.99937 0.96208 0.99863 0.87974 0.94872 0.89692 0.96310 0.99322 0.70327 0.09773 1.00000 0.92784 1.00000 1.00000 0.96805 0.97397
50.00000 21.00000 0.00005 0.00095 1.00000 1.00000 0.97577 0.92069 0.88695 1.00000 0.99937 0.96257 0.99882 0.88442 0.94872 0.90828 0.96385 0.99319 0.70991 0.08164 1.00000 0.92784 1.00000 1.00000 0.97275 0.97596
50.00000 22.00000 0.83332 0.99952 1.00000 0.06027 0.18249 0.31477 0.22438 0.14659 0.14617 0.13275 0.65030 0.29479 0.23077 0.44724 0.13512 0.99314 0.52213 0.39065 0.00000 0.29897 0.65116 1.00000 0.16818 0.16245
50.00000 23.00000 0.99999 0.99762 1.00000 0.00000 0.12548 0.28032 0.21974 0.00000 0.00251 0.00607 0.62717 0.27233 0.23077 0.46347 0.00662 0.99328 0.56664 0.39826 0.00000 0.28866 0.62791 1.00000 0.02186 0.01962
50.00000 24.00000 0.23810 0.29691 1.00000 0.59794 0.63347 0.67926 0.66485 0.61718 0.61606 0.59408 0.85265 0.65446 0.84615 0.73864 0.59543 0.99306 0.66583 0.16090 1.00000 0.67010 0.85412 1.00000 0.62664 0.62431
50.00000 25.00000 0.59520 0.73634 0.00000 0.23809 0.01239 0.03905 0.04143 0.29318 0.21016 0.09155 0.00131 0.02329 0.02564 0.03815 0.08898 0.00193 0.07118 0.91344 0.00000 0.04124 0.00000 0.00000 0.14094 0.14374
50.00000 26.00000 0.00005 0.00226 1.00000 1.00000 0.97494 0.93284 0.89257 1.00000 0.99937 0.96335 0.99867 0.87708 0.94872 0.88799 0.96324 0.99303 0.70395 0.06646 1.00000 0.93814 1.00000 1.00000 0.96636 0.97788
50.00000 27.00000 0.47613 0.83195 1.00000 0.62699 0.65431 0.61375 0.51714 0.50794 0.50063 0.45792 0.86337 0.60681 0.38462 0.64935 0.45787 0.99306 0.51545 0.35000 0.00000 0.63918 0.86469 1.00000 0.48369 0.47927
50.00000 28.00000 0.23812 0.29691 1.00000 0.59794 0.62814 0.66875 0.66192 0.61718 0.61606 0.59548 0.85251 0.64697 0.84615 0.73458 0.59595 0.99306 0.67564 0.15388 1.00000 0.67010 0.85412 1.00000 0.62529 0.62773
50.00000 29.00000 0.00005 0.00202 1.00000 1.00000 0.97494 0.91135 0.89617 1.00000 1.00000 0.96517 0.99873 0.87916 0.94872 0.89692 0.96547 0.99314 0.70409 0.07410 1.00000 0.90722 1.00000 1.00000 0.97074 0.97939
50.00000 30.00000 0.99978 0.99822 1.00000 0.00000 0.12392 0.28529 0.23194 0.00000 0.00251 0.00497 0.62719 0.27599 0.23077 0.47240 0.00477 0.99317 0.57669 0.39078 0.00000 0.28866 0.62791 1.00000 0.01345 0.01434
50.00000 31.00000 0.99990 0.99762 1.00000 0.00000 0.12732 0.30149 0.20550 0.00000 0.00251 0.00635 0.62713 0.27921 0.23077 0.46510 0.00611 0.99311 0.57677 0.38854 0.00000 0.27835 0.62791 1.00000 0.02052 0.01760
50.00000 32.00000 0.83328 0.99762 1.00000 0.06027 0.18304 0.31726 0.23137 0.14659 0.14555 0.13459 0.65019 0.30054 0.23077 0.46834 0.13510 0.99314 0.53892 0.37947 0.00000 0.30928 0.65116 1.00000 0.16616 0.16555
50.00000 33.00000 0.83323 0.99822 1.00000 0.06027 0.18285 0.31823 0.23252 0.14659 0.14617 0.13561 0.65032 0.29685 0.23077 0.44075 0.13471 0.99292 0.54452 0.37868 0.00000 0.30928 0.65116 1.00000 0.15876 0.16242
50.00000 34.00000 0.47614 0.83135 1.00000 0.62699 0.65559 0.64054 0.52225 0.50794 0.50063 0.45877 0.86342 0.61087 0.38462 0.66477 0.45799 0.99306 0.51894 0.35083 0.00000 0.62887 0.86469 1.00000 0.49008 0.48815
50.00000 35.00000 0.23801 0.29691 1.00000 0.59794 0.63457 0.69365 0.65065 0.61718 0.61606 0.59721 0.85272 0.65753 0.84615 0.73945 0.59629 0.99322 0.68442 0.15696 1.00000 0.68041 0.85412 1.00000 0.61722 0.62304
50.00000 36.00000 0.83317 0.99762 1.00000 0.06027 0.18285 0.29225 0.24338 0.14659 0.14617 0.13653 0.65032 0.29473 0.23077 0.45049 0.13464 0.99311 0.53372 0.38072 0.00000 0.32990 0.65116 1.00000 0.15607 0.16218
50.00000 37.00000 0.99980 0.99762 1.00000 0.00000 0.11896 0.27872 0.20149 0.00000 0.00251 0.00612 0.62705 0.26828 0.23077 0.46185 0.00511 0.99319 0.57653 0.38362 0.00000 0.27835 0.62791 1.00000 0.01749 0.01276
50.00000 38.00000 0.99996 0.99917 1.00000 0.00000 0.12869 0.28140 0.22892 0.00000 0.00251 0.00543 0.62728 0.27078 0.23077 0.46997 0.00670 0.99308 0.57847 0.40262 0.00000 0.28866 0.62791 1.00000 0.01211 0.01748
50.00000 39.00000 1.00000 0.99810 1.00000 0.00000 0.12695 0.27157 0.21648 0.00000 0.00251 0.00446 0.62722 0.27685 0.23077 0.46347 0.00567 0.99311 0.56054 0.40244 0.00000 0.28866 0.62791 1.00000 0.01547 0.01313
50.00000 40.00000 0.23811 0.29691 1.00000 0.59794 0.63172 0.69719 0.64415 0.61718 0.61606 0.59580 0.85268 0.65341 0.84615 0.72484 0.59451 0.99317 0.67569 0.14627 1.00000 0.67010 0.85412 1.00000 0.62462 0.62993
50.00000 41.00000 0.23819 0.29691 1.00000 0.59794 0.62631 0.66781 0.66483 0.61718 0.61543 0.59553 0.85257 0.65392 0.84615 0.72484 0.59646 0.99306 0.68286 0.14267 1.00000 0.68041 0.85412 1.00000 0.62765 0.62675
50.00000 42.00000 0.59508 0.73634 0.00000 0.23809 0.01239 0.04242 0.02373 0.29318 0.21016 0.08971 0.00133 0.02299 0.02564 0.03896 0.08918 0.00174 0.05894 0.91483 0.00000 0.05155 0.00000 0.00000 0.14262 0.14239
50.00000 43.00000 0.00002 0.00000 1.00000 1.00000 0.97925 0.91564 0.89727 1.00000 1.00000 0.96560 0.99867 0.87947 0.94872 0.90097 0.96449 0.99311 0.69861 0.05981 1.00000 0.91753 1.00000 1.00000 0.97645 0.97558
50.00000 44.00000 0.83324 0.99941 1.00000 0.06027 0.18368 0.30702 0.22128 0.14659 0.14617 0.13489 0.65036 0.29796 0.23077 0.47159 0.13503 0.99311 0.53954 0.36664 0.00000 0.32990 0.65116 1.00000 0.16784 0.16237
50.00000 45.00000 0.23811 0.29727 1.00000 0.59794 0.63255 0.67397 0.64597 0.61718 0.61606 0.59739 0.85265 0.66014 0.84615 0.73782 0.59663 0.99319 0.69091 0.14824 1.00000 0.69072 0.85412 1.00000 0.61823 0.62405
50.00000 46.00000 0.59530 0.73634 0.00000 0.23809 0.00936 0.03759 0.04650 0.29318 0.21016 0.09104 0.00131 0.01538 0.02564 0.03003 0.08940 0.00179 0.06377 0.91161 0.00000 0.03093 0.00000 0.00000 0.14161 0.14676
50.00000 47.00000 0.83335 0.99786 1.00000 0.06027 0.17634 0.29822 0.22630 0.14659 0.14617 0.13551 0.65038 0.29958 0.23077 0.45130 0.13454 0.99308 0.53009 0.37529 0.00000 0.32990 0.65116 1.00000 0.16011 0.16476
50.00000 48.00000 0.23810 0.29786 1.00000 0.59794 0.63209 0.67032 0.66696 0.61718 0.61606 0.59737 0.85261 0.65170 0.84615 0.74026 0.59695 0.99322 0.67896 0.15668 1.00000 0.70103 0.85412 1.00000 0.62563 0.62357
50.00000 49.00000 0.99977 0.99762 1.00000 0.00000 0.12456 0.28958 0.21840 0.00000 0.00251 0.00543 0.62715 0.27545 0.23077 0.47646 0.00655 0.99325 0.56171 0.39549 0.00000 0.30928 0.62791 1.00000 0.01110 0.01454
50.00000 50.00000 0.99986 0.99881 1.00000 0.00000 0.12557 0.28415 0.20432 0.00000 0.00251 0.00633 0.62705 0.27545 0.23077 0.46266 0.00626 0.99322 0.58853 0.39352 0.00000 0.27835 0.62791 1.00000 0.01144 0.01750
50.00000 51.00000 0.99988 0.99941 1.00000 0.00000 0.12594 0.28899 0.21412 0.00000 0.00251 0.00637 0.62713 0.27539 0.23077 0.46510 0.00577 0.99325 0.57542 0.39206 0.00000 0.25773 0.62791 1.00000 0.01480 0.01344
50.00000 52.00000 0.47620 0.83349 1.00000 0.62699 0.65761 0.64451 0.51990 0.50794 0.50063 0.45730 0.86331 0.60707 0.38462 0.65422 0.45755 0.99308 0.51961 0.35785 0.00000 0.63918 0.86469 1.00000 0.49243 0.48717
50.00000 53.00000 0.59523 0.73682 0.00000 0.23809 0.00890 0.03640 0.01669 0.29318 0.21016 0.09030 0.00124 0.01907 0.02564 0.04140 0.09047 0.00165 0.06144 0.91749 0.00000 0.03093 0.00000 0.00000 0.13286 0.14235
50.00000 54.00000 0.00005 0.00000 1.00000 1.00000 0.98091 0.93055 0.89598 1.00000 0.99937 0.96326 0.99878 0.88744 0.94872 0.90503 0.96557 0.99333 0.68521 0.06839 1.00000 0.90722 1.00000 1.00000 0.98049 0.97196
50.00000 55.00000 0.23802 0.29774 1.00000 0.59794 0.62998 0.68188 0.66103 0.61718 0.61606 0.59693 0.85268 0.65344 0.84615 0.74351 0.59727 0.99317 0.67930 0.13665 1.00000 0.65979 0.85412 1.00000 0.62159 0.62331
50.00000 56.00000 0.99996 0.99762 1.00000 0.00000 0.12502 0.27500 0.21134 0.00000 0.00251 0.00598 0.62722 0.27057 0.23077 0.46266 0.00479 0.99319 0.57032 0.40165 0.00000 0.28866 0.62791 1.00000 0.01446 0.02159
50.00000 57.00000 0.99984 0.99952 1.00000 0.00000 0.12053 0.29719 0.24251 0.00000 0.00251 0.00651 0.62717 0.27266 0.23077 0.45860 0.00714 0.99330 0.56777 0.40960 0.00000 0.28866 0.62791 1.00000 0.00942 0.02300
50.00000 58.00000 0.59522 0.73860 0.00000 0.23809 0.00900 0.03735 0.03415 0.29318 0.21016 0.08975 0.00120 0.03104 0.02564 0.02760 0.09086 0.00193 0.05802 0.91372 0.00000 0.03093 0.00000 0.00000 0.14564 0.14144
50.00000 59.00000 0.83329 0.99869 1.00000 0.06027 0.17946 0.32663 0.22846 0.14659 0.14555 0.13455 0.65034 0.30150 0.25641 0.45942 0.13512 0.99328 0.53743 0.37591 0.00000 0.30928 0.65116 1.00000 0.15876 0.15236
50.00000 60.00000 0.83333 0.99774 1.00000 0.06027 0.18506 0.30559 0.23701 0.14659 0.14555 0.13676 0.65041 0.29252 0.23077 0.43588 0.13571 0.99330 0.53476 0.37667 0.00000 0.32990 0.65116 1.00000 0.16044 0.15837
50.00000 61.00000 0.99987 0.99762 1.00000 0.00000 0.13246 0.29598 0.25046 0.00000 0.00251 0.00702 0.62719 0.27652 0.25641 0.46104 0.00689 0.99330 0.58749 0.39756 0.00000 0.27835 0.62791 1.00000 0.01514 0.01941
50.00000 62.00000 0.23805 0.29691 1.00000 0.59794 0.63136 0.67596 0.63077 0.61718 0.61606 0.59739 0.85287 0.65518 0.84615 0.74026 0.59798 0.99330 0.69589 0.13859 1.00000 0.68041 0.85412 1.00000 0.62664 0.62436
50.00000 63.00000 0.47621 0.83135 1.00000 0.62699 0.65577 0.62755 0.53097 0.50794 0.50063 0.45815 0.86350 0.60787 0.38462 0.66396 0.45801 0.99314 0.52274 0.34536 0.00000 0.61856 0.86469 1.00000 0.48705 0.49091
50.00000 64.00000 0.99994 0.99917 1.00000 0.00000 0.12273 0.30249 0.22246 0.00000 0.00251 0.00600 0.62722 0.28033 0.23077 0.46429 0.00631 0.99322 0.57415 0.40237 0.00000 0.28866 0.62791 1.00000 0.01850 0.02206
50.00000 65.00000 0.00003 0.00059 1.00000 1.00000 0.97457 0.92110 0.87275 1.00000 0.99937 0.96413 0.99869 0.88198 0.94872 0.90097 0.96444 0.99308 0.69519 0.07438 1.00000 0.91753 1.00000 1.00000 0.97006 0.97321
50.00000 66.00000 0.00005 0.00000 1.00000 1.00000 0.97567 0.91532 0.89612 1.00000 0.99937 0.96618 0.99871 0.88570 0.94872 0.89935 0.96576 0.99325 0.69962 0.07286 1.00000 0.90722 1.00000 1.00000 0.97141 0.97457
50.00000 67.00000 0.00001 0.00143 1.00000 1.00000 0.98302 0.92647 0.90275 1.00000 0.99937 0.96372 0.99863 0.88306 0.94872 0.90179 0.96503 0.99314 0.68841 0.07261 1.00000 0.91753 1.00000 1.00000 0.97006 0.97618
50.00000 68.00000 0.83314 0.99762 1.00000 0.06027 0.18432 0.33805 0.23720 0.14659 0.14617 0.13563 0.65045 0.29898 0.25641 0.45292 0.13429 0.99328 0.53909 0.37442 0.00000 0.34021 0.65116 1.00000 0.16112 0.16313
50.00000 69.00000 0.59516 0.73634 0.00000 0.23809 0.01248 0.02201 0.05279 0.29318 0.21016 0.09192 0.00133 0.01856 0.02564 0.03815 0.08923 0.00187 0.05059 0.92562 0.00000 0.05155 0.00000 0.00000 0.14161 0.14262
50.00000 70.00000 0.47618 0.83135 1.00000 0.62699 0.65926 0.64983 0.50748 0.50794 0.50063 0.45958 0.86348 0.60448 0.38462 0.64773 0.45853 0.99317 0.53033 0.33554 0.00000 0.62887 0.86469 1.00000 0.48671 0.48561
50.00000 71.00000 0.47628 0.83135 1.00000 0.62699 0.66165 0.62285 0.53510 0.50794 0.50063 0.45877 0.86346 0.60682 0.38462 0.65179 0.45603 0.99328 0.51944 0.35325 0.00000 0.63918 0.86469 1.00000 0.48705 0.49108
50.00000 72.00000 0.83314 0.99762 1.00000 0.06027 0.18047 0.31664 0.23653 0.14659 0.14555 0.13388 0.65034 0.29622 0.23077 0.46591 0.13363 0.99314 0.54652 0.36439 0.00000 0.31959 0.65116 1.00000 0.15540 0.16243
50.00000 73.00000 0.99996 0.99905 1.00000 0.00000 0.12594 0.28669 0.20526 0.00000 0.00251 0.00600 0.62722 0.27616 0.23077 0.45942 0.00569 0.99325 0.57051 0.40268 0.00000 0.27835 0.62791 1.00000 0.02455 0.02281
50.00000 74.00000 0.83317 0.99762 1.00000 0.06027 0.18304 0.31496 0.24489 0.14659 0.14617 0.13577 0.65047 0.30474 0.25641 0.45292 0.13586 0.99322 0.53440 0.37446 0.00000 0.30928 0.65116 1.00000 0.15876 0.16871
50.00000 75.00000 0.00000 0.00000 1.00000 1.00000 0.97898 0.91713 0.88916 1.00000 0.99937 0.96540 0.99876 0.88106 0.94872 0.89286 0.96571 0.99317 0.69724 0.07742 1.00000 0.92784 1.00000 1.00000 0.96973 0.97674
50.00000 76.00000 0.59508 0.73824 0.00000 0.23809 0.00881 0.02841 0.03742 0.29318 0.21016 0.09120 0.00129 0.02199 0.02564 0.04221 0.08935 0.00185 0.07166 0.91068 0.00000 0.03093 0.00000 0.00000 0.14026 0.13730
50.00000 77.00000 0.83319 0.99762 1.00000 0.06027 0.17992 0.31534 0.23780 0.14659 0.14617 0.13515 0.65038 0.29957 0.25641 0.45455 0.13639 0.99322 0.55388 0.38383 0.00000 0.31959 0.65116 1.00000 0.15573 0.16422
50.00000 78.00000 0.47627 0.83230 1.00000 0.62699 0.66091 0.62501 0.52931 0.50794 0.50063 0.45958 0.86344 0.60980 0.38462 0.66071 0.45796 0.99330 0.53024 0.33969 0.00000 0.62887 0.86469 1.00000 0.48301 0.49656
50.00000 79.00000 0.59519 0.73634 0.00000 0.23809 0.00936 0.04731 0.04559 0.29318 0.21016 0.09113 0.00133 0.01903 0.02564 0.03166 0.09052 0.00187 0.07171 0.92995 0.00000 0.04124 0.00000 0.00000 0.14094 0.13808
50.00000 80.00000 0.47607 0.83135 1.00000 0.62699 0.65706 0.62922 0.54245 0.50794 0.50000 0.45941 0.86346 0.60925 0.38462 0.65097 0.45877 0.99319 0.52384 0.33021 0.00000 0.63918 0.86469 1.00000 0.48402 0.48486
50.00000 81.00000 0.00003 0.00202 1.00000 1.00000 0.98082 0.91972 0.88495 1.00000 0.99937 0.96372 0.99869 0.88880 0.94872 0.90422 0.96513 0.99328 0.70484 0.07196 1.00000 0.90722 1.00000 1.00000 0.97645 0.97487
50.00000 82.00000 0.83322 0.99762 1.00000 0.06027 0.18331 0.31394 0.25798 0.14659 0.14617 0.13487 0.65045 0.30167 0.25641 0.46347 0.13659 0.99350 0.53726 0.37404 0.00000 0.32990 0.65116 1.00000 0.15977 0.16328
50.00000 83.00000 0.47610 0.83195 1.00000 0.62699 0.65522 0.62717 0.52321 0.50794 0.50063 0.46218 0.86348 0.60968 0.38462 0.65503 0.46029 0.99341 0.52062 0.33253 0.00000 0.62887 0.86469 1.00000 0.48436 0.48802
50.00000 84.00000 0.99979 0.99762 1.00000 0.00000 0.12943 0.29611 0.22560 0.00000 0.00251 0.00775 0.62730 0.28125 0.25641 0.46672 0.00736 0.99328 0.57559 0.39604 0.00000 0.26804 0.62791 1.00000 0.00975 0.02268
50.00000 85.00000 0.00002 0.00000 1.00000 1.00000 0.98210 0.94273 0.90229 1.00000 0.99937 0.96738 0.99865 0.88683 0.94872 0.90503 0.96730 0.99328 0.71792 0.07400 1.00000 0.90722 1.00000 1.00000 0.98083 0.98058
50.00000 86.00000 0.00004 0.00000 1.00000 1.00000 0.97714 0.93004 0.90558 1.00000 0.99937 0.96521 0.99863 0.88218 0.94872 0.89529 0.96579 0.99325 0.70565 0.06327 1.00000 0.91753 1.00000 1.00000 0.97780 0.97247
50.00000 87.00000 0.83319 0.99762 1.00000 0.06027 0.18588 0.32312 0.22880 0.14659 0.14555 0.13466 0.65032 0.29889 0.25641 0.46185 0.13390 0.99336 0.54491 0.38023 0.00000 0.30928 0.65116 1.00000 0.15910 0.16163
50.00000 88.00000 0.47625 0.83135 1.00000 0.62699 0.65789 0.63400 0.52151 0.50794 0.50063 0.46151 0.86356 0.61105 0.38462 0.66640 0.45999 0.99336 0.51954 0.34775 0.00000 0.63918 0.86469 1.00000 0.48234 0.48832
50.00000 89.00000 0.59513 0.73634 0.00000 0.23809 0.00744 0.03635 0.03987 0.29318 0.21016 0.09162 0.00143 0.01674 0.02564 0.02841 0.08994 0.00198 0.06793 0.92496 0.00000 0.04124 0.00000 0.00000 0.13993 0.14081
50.00000 90.00000 0.59527 0.73634 0.00000 0.23809 0.00597 0.04558 0.01960 0.29318 0.21016 0.09132 0.00133 0.02322 0.02564 0.03247 0.08908 0.00182 0.05523 0.91459 0.00000 0.04124 0.00000 0.00000 0.14430 0.13796
50.00000 91.00000 0.00002 0.00000 1.00000 1.00000 0.98091 0.91745 0.87458 1.00000 0.99937 0.96498 0.99857 0.88340 0.94872 0.90260 0.96586 0.99319 0.71960 0.06604 1.00000 0.92784 1.00000 1.00000 0.96939 0.96745
50.00000 92.00000 0.00002 0.00059 1.00000 1.00000 0.97678 0.91880 0.91156 1.00000 0.99937 0.96526 0.99873 0.88365 0.94872 0.90016 0.96688 0.99319 0.70529 0.06047 1.00000 0.91753 1.00000 1.00000 0.97208 0.98094
50.00000 93.00000 0.99982 0.99762 1.00000 0.00000 0.12713 0.27816 0.23336 0.00000 0.00251 0.00826 0.62722 0.28493 0.25641 0.47078 0.00716 0.99330 0.58641 0.38303 0.00000 0.28866 0.62791 1.00000 0.01648 0.01775
50.00000 94.00000 0.99982 0.99857 1.00000 0.00000 0.12025 0.28072 0.23254 0.00000 0.00251 0.00729 0.62724 0.27702 0.23077 0.45942 0.00777 0.99350 0.57746 0.38172 0.00000 0.28866 0.62791 1.00000 0.02052 0.01838
50.00000 95.00000 0.59517 0.73634 0.00000 0.23809 0.01248 0.04455 0.02885 0.29318 0.21016 0.09076 0.00133 0.02423 0.02564 0.03653 0.08886 0.00187 0.07668 0.90590 0.00000 0.03093 0.00000 0.00000 0.14430 0.14394
50.00000 96.00000 0.83336 0.99822 1.00000 0.06027 0.18597 0.32358 0.24602 0.14659 0.14617 0.13729 0.65055 0.30667 0.25641 0.47159 0.13635 0.99328 0.54344 0.36761 0.00000 0.30928 0.65116 1.00000 0.16213 0.15698
50.00000 97.00000 0.99992 0.99762 1.00000 0.00000 0.12732 0.28304 0.22916 0.00000 0.00251 0.00713 0.62719 0.28334 0.25641 0.46185 0.00699 0.99339 0.58376 0.38044 0.00000 0.27835 0.62791 1.00000 0.02153 0.01530
50.00000 98.00000 0.99994 0.99762 1.00000 0.00000 0.11979 0.29347 0.21929 0.00000 0.00251 0.00893 0.62726 0.28449 0.25641 0.47890 0.00611 0.99339 0.57744 0.38196 0.00000 0.27835 0.62791 1.00000 0.01413 0.02067
50.00000 99.00000 0.59527 0.73753 0.00000 0.23809 0.01377 0.04969 0.05125 0.29318 0.21016 0.09152 0.00146 0.02019 0.02564 0.03896 0.08932 0.00193 0.07074 0.91676 0.00000 0.04124 0.00000 0.00000 0.14531 0.14044
50.00000 100.00000 0.83336 0.99762 1.00000 0.06027 0.18340 0.32703 0.24554 0.14659 0.14617 0.13839 0.65057 0.30970 0.25641 0.46104 0.13595 0.99341 0.54697 0.36508 0.00000 0.31959 0.65116 1.00000 0.16246 0.16036
50.00000 101.00000 0.23805 0.29691 1.00000 0.59794 0.63585 0.69757 0.66927 0.61718 0.61606 0.60001 0.85284 0.66447 0.84615 0.74188 0.60076 0.99350 0.70469 0.15087 1.00000 0.68041 0.85412 1.00000 0.63236 0.62528
50.00000 102.00000 0.83333 0.99762 1.00000 0.06027 0.18230 0.32722 0.23689 0.14659 0.14617 0.13634 0.65053 0.30429 0.25641 0.43344 0.13723 0.99352 0.55133 0.35595 0.00000 0.32990 0.65116 1.00000 0.16078 0.15800
50.00000 103.00000 0.99990 0.99762 1.00000 0.00000 0.12943 0.29444 0.22724 0.00000 0.00251 0.00706 0.62717 0.28339 0.25641 0.48133 0.00679 0.99344 0.59115 0.38269 0.00000 0.27835 0.62791 1.00000 0.01985 0.01761
50.00000 104.00000 0.47616 0.83135 1.00000 0.62699 0.64935 0.63989 0.53587 0.50794 0.50063 0.45969 0.86350 0.61428 0.38462 0.66234 0.45982 0.99344 0.53796 0.32772 0.00000 0.63918 0.86469 1.00000 0.48974 0.48470
50.00000 105.00000 0.47608 0.83230 1.00000 0.62699 0.66147 0.63716 0.51831 0.50794 0.50063 0.46130 0.86354 0.60704 0.38462 0.66315 0.46036 0.99347 0.52420 0.32599 0.00000 0.64948 0.86469 1.00000 0.48301 0.49332
50.00000 106.00000 0.99984 0.99762 1.00000 0.00000 0.12594 0.27624 0.23319 0.00000 0.00251 0.00833 0.62724 0.27859 0.25641 0.45860 0.00748 0.99330 0.59136 0.38293 0.00000 0.29897 0.62791 1.00000 0.01514 0.01893
50.00000 107.00000 0.83331 0.99762 1.00000 0.06027 0.18037 0.32163 0.23920 0.14659 0.14555 0.13680 0.65047 0.30803 0.25641 0.47565 0.13708 0.99361 0.54216 0.37110 0.00000 0.32990 0.65116 1.00000 0.15943 0.16230
50.00000 108.00000 0.99984 0.99762 1.00000 0.00000 0.12851 0.28186 0.22510 0.00000 0.00251 0.00656 0.62736 0.28090 0.25641 0.47890 0.00679 0.99330 0.59545 0.38418 0.00000 0.28866 0.62791 1.00000 0.01985 0.01455
50.00000 109.00000 0.99983 0.99762 1.00000 0.00000 0.12548 0.30729 0.23973 0.00000 0.00251 0.00679 0.62730 0.27732 0.25641 0.47808 0.00530 0.99341 0.59836 0.38483 0.00000 0.27835 0.62791 1.00000 0.01615 0.02114
50.00000 110.00000 0.23805 0.29846 1.00000 0.59794 0.63328 0.67680 0.66290 0.61718 0.61543 0.59923 0.85301 0.66013 0.84615 0.74675 0.60035 0.99341 0.71313 0.13758 1.00000 0.69072 0.85412 1.00000 0.62799 0.63028
50.00000 111.00000 0.83333 0.99762 1.00000 0.06027 0.18414 0.32668 0.24998 0.14659 0.14617 0.13542 0.65068 0.30775 0.25641 0.46266 0.13603 0.99352 0.54967 0.37342 0.00000 0.31959 0.65116 1.00000 0.16044 0.16700
50.00000 112.00000 0.99993 0.99762 1.00000 0.00000 0.12952 0.27943 0.22025 0.00000 0.00251 0.00801 0.62730 0.28272 0.25641 0.48377 0.00968 0.99333 0.59071 0.37978 0.00000 0.28866 0.62791 1.00000 0.01379 0.01905
50.00000 113.00000 0.99979 0.99798 1.00000 0.00000 0.12539 0.28523 0.24030 0.00000 0.00251 0.00725 0.62730 0.28203 0.25641 0.48295 0.00728 0.99352 0.58364 0.37625 0.00000 0.28866 0.62791 1.00000 0.01345 0.01901
50.00000 114.00000 0.59527 0.73634 0.00000 0.23809 0.01001 0.03826 0.05548 0.29318 0.21016 0.09371 0.00146 0.02611 0.02564 0.04140 0.09096 0.00209 0.07372 0.91472 0.00000 0.04124 0.00000 0.00000 0.13757 0.14598
50.00000 115.00000 0.83327 0.99822 1.00000 0.06027 0.18542 0.32606 0.24931 0.14659 0.14617 0.13666 0.65068 0.31022 0.25641 0.45130 0.13713 0.99361 0.55828 0.37055 0.00000 0.34021 0.65116 1.00000 0.15573 0.16767
50.00000 116.00000 0.99980 0.99869 1.00000 0.00000 0.12144 0.28499 0.23547 0.00000 0.00251 0.00819 0.62738 0.27919 0.25641 0.47971 0.00772 0.99339 0.59413 0.38601 0.00000 0.28866 0.62791 1.00000 0.01715 0.01643
50.00000 117.00000 0.47621 0.83135 1.00000 0.62699 0.65486 0.64208 0.53635 0.50794 0.50000 0.45978 0.86363 0.61910 0.38462 0.66802 0.46073 0.99358 0.53952 0.34329 0.00000 0.64948 0.86469 1.00000 0.48268 0.48880
50.00000 118.00000 0.99996 0.99762 1.00000 0.00000 0.12438 0.28326 0.22020 0.00000 0.00251 0.00688 0.62741 0.28751 0.25641 0.46997 0.00755 0.99361 0.59478 0.37497 0.00000 0.28866 0.62791 1.00000 0.01816 0.01591
50.00000 119.00000 0.47615 0.83278 1.00000 0.62699 0.65476 0.63754 0.52168 0.50794 0.50000 0.46169 0.86363 0.61629 0.38462 0.65503 0.46065 0.99355 0.53596 0.32761 0.00000 0.65979 0.86469 1.00000 0.49210 0.49337
50.00000 120.00000 0.99983 0.99952 1.00000 0.00000 0.12264 0.27575 0.22534 0.00000 0.00251 0.00957 0.62736 0.28169 0.25641 0.48458 0.00909 0.99361 0.59038 0.39020 0.00000 0.28866 0.62791 1.00000 0.02321 0.02080
50.00000 121.00000 0.47622 0.83135 1.00000 0.62699 0.65697 0.63908 0.52172 0.50794 0.50000 0.46086 0.86377 0.61451 0.38462 0.67370 0.46256 0.99369 0.54012 0.34204 0.00000 0.63918 0.86469 1.00000 0.48537 0.48863
50.00000 122.00000 0.99983 0.99762 1.00000 0.00000 0.13273 0.29360 0.23021 0.00000 0.00251 0.00870 0.62749 0.28915 0.25641 0.48864 0.00784 0.99350 0.60608 0.38113 0.00000 0.28866 0.62791 1.00000 0.01446 0.01888
50.00000 123.00000 0.59515 0.73848 0.00000 0.23809 0.01359 0.03991 0.02748 0.29318 0.21016 0.09403 0.00148 0.02677 0.02564 0.05682 0.09084 0.00212 0.08505 0.89632 0.00000 0.06186 0.00000 0.00000 0.14363 0.15058
50.00000 124.00000 0.47628 0.83314 1.00000 0.62699 0.65945 0.63773 0.55689 0.50794 0.50063 0.46436 0.86399 0.61955 0.38462 0.68019 0.46334 0.99394 0.54890 0.32876 0.00000 0.64948 0.86469 1.00000 0.48873 0.49008
50.00000 125.00000 0.83333 0.99762 1.00000 0.06027 0.17982 0.32036 0.24777 0.14659 0.14555 0.13765 0.65066 0.31309 0.25641 0.47159 0.13818 0.99375 0.55265 0.35280 0.00000 0.31959 0.65116 1.00000 0.16313 0.16525
50.00000 126.00000 0.83332 0.99846 1.00000 0.06027 0.18019 0.33170 0.25037 0.14659 0.14555 0.13738 0.65064 0.30702 0.25641 0.45536 0.13679 0.99355 0.56114 0.36363 0.00000 0.31959 0.65116 1.00000 0.16179 0.16181
50.00000 127.00000 0.99989 0.99762 1.00000 0.00000 0.12603 0.27103 0.23175 0.00000 0.00251 0.00814 0.62747 0.29305 0.25641 0.47971 0.01034 0.99358 0.60295 0.37162 0.00000 0.29897 0.62791 1.00000 0.01850 0.01538
50.00000 128.00000 0.99985 0.99952 1.00000 0.00000 0.12759 0.29179 0.23331 0.00000 0.00251 0.00971 0.62738 0.28446 0.25641 0.47808 0.00853 0.99361 0.60108 0.37577 0.00000 0.27835 0.62791 1.00000 0.01682 0.01938
50.00000 129.00000 0.59517 0.73777 0.00000 0.23809 0.01028 0.05714 0.04664 0.29318 0.21016 0.09422 0.00156 0.02188 0.02564 0.04383 0.09287 0.00207 0.09602 0.89622 0.00000 0.04124 0.00000 0.00000 0.13892 0.14287
50.00000 130.00000 0.99982 0.99846 1.00000 0.00000 0.12548 0.31224 0.24957 0.00000 0.00251 0.00821 0.62760 0.28773 0.25641 0.49269 0.00887 0.99363 0.61935 0.35833 0.00000 0.28866 0.62791 1.00000 0.01749 0.02128
50.00000 131.00000 0.47614 0.83135 1.00000 0.62699 0.65651 0.64202 0.52353 0.50794 0.50063 0.46450 0.86394 0.61985 0.38462 0.67451 0.46393 0.99383 0.54147 0.32637 0.00000 0.64948 0.86469 1.00000 0.48907 0.49053
50.00000 132.00000 0.23817 0.29691 1.00000 0.59794 0.63558 0.68893 0.66043 0.61718 0.61543 0.60353 0.85310 0.66430 0.84615 0.76461 0.60311 0.99394 0.72056 0.13250 1.00000 0.68041 0.85412 1.00000 0.63034 0.63477
50.00000 133.00000 0.47622 0.83230 1.00000 0.62699 0.65798 0.66144 0.52667 0.50794 0.50063 0.46530 0.86396 0.62077 0.38462 0.68182 0.46427 0.99394 0.56181 0.32128 0.00000 0.64948 0.86469 1.00000 0.48436 0.49361
50.00000 134.00000 0.99990 0.99762 1.00000 0.00000 0.12511 0.30929 0.24357 0.00000 0.00251 0.00923 0.62745 0.29084 0.25641 0.48539 0.00892 0.99375 0.62438 0.37017 0.00000 0.29897 0.62791 1.00000 0.01951 0.02072
50.00000 135.00000 0.83324 0.99762 1.00000 0.06027 0.18331 0.33516 0.23908 0.14659 0.14617 0.13998 0.65091 0.31869 0.25641 0.46834 0.13857 0.99405 0.56859 0.36377 0.00000 0.34021 0.65116 1.00000 0.16179 0.16596
50.00000 136.00000 0.99978 0.99822 1.00000 0.00000 0.12484 0.29625 0.24282 0.00000 0.00251 0.01054 0.62753 0.29827 0.25641 0.48701 0.00870 0.99366 0.62837 0.36684 0.00000 0.31959 0.62791 1.00000 0.01379 0.01768
50.00000 137.00000 0.23809 0.29691 1.00000 0.59794 0.63439 0.69279 0.68764 0.61718 0.61606 0.60588 0.85322 0.67163 0.84615 0.76542 0.60436 0.99397 0.71840 0.12554 1.00000 0.70103 0.85412 1.00000 0.63303 0.63310
50.00000 138.00000 0.59511 0.73812 0.00000 0.23809 0.01221 0.03292 0.05793 0.29318 0.21016 0.09389 0.00175 0.03314 0.02564 0.05763 0.09429 0.00245 0.10458 0.89480 0.00000 0.04124 0.00000 0.00000 0.14262 0.14331
50.00000 139.00000 0.47616 0.83135 1.00000 0.62699 0.66110 0.66859 0.55864 0.50794 0.50063 0.46666 0.86399 0.62743 0.38462 0.68750 0.46569 0.99402 0.55491 0.31782 0.00000 0.65979 0.86469 1.00000 0.48806 0.49605
50.00000 140.00000 0.47626 0.83278 1.00000 0.62699 0.65963 0.64920 0.55062 0.50794 0.50063 0.46795 0.86413 0.62635 0.38462 0.68994 0.46525 0.99424 0.56412 0.30464 0.00000 0.65979 0.86469 1.00000 0.49243 0.49846
50.00000 141.00000 0.99987 0.99810 1.00000 0.00000 0.12713 0.27635 0.25846 0.00000 0.00251 0.00911 0.62755 0.29591 0.25641 0.50081 0.00914 0.99375 0.63558 0.36646 0.00000 0.30928 0.62791 1.00000 0.02119 0.01806
50.00000 142.00000 0.99994 0.99952 1.00000 0.00000 0.13053 0.31356 0.23574 0.00000 0.00251 0.00987 0.62745 0.29980 0.25641 0.50000 0.01139 0.99386 0.62666 0.35913 0.00000 0.30928 0.62791 1.00000 0.02220 0.01938
50.00000 143.00000 0.47627 0.83135 1.00000 0.62699 0.65945 0.63819 0.55617 0.50794 0.50063 0.46680 0.86420 0.63603 0.41026 0.68263 0.46779 0.99449 0.57619 0.31879 0.00000 0.65979 0.86469 1.00000 0.48873 0.49656
50.00000 144.00000 0.00001 0.00166 1.00000 1.00000 0.98127 0.95804 0.93006 1.00000 0.99937 0.97874 0.99918 0.91309 0.97436 0.93994 0.97854 0.99380 0.75014 0.05186 1.00000 0.94845 1.00000 1.00000 0.98116 0.98523
50.00000 145.00000 0.00004 0.00143 1.00000 1.00000 0.98366 0.96198 0.90642 1.00000 1.00000 0.97922 0.99907 0.90236 0.97436 0.94724 0.97937 0.99380 0.75348 0.04397 1.00000 0.94845 1.00000 1.00000 0.98251 0.98558
50.00000 146.00000 0.99979 0.99798 1.00000 0.00000 0.12989 0.30589 0.25476 0.00000 0.00251 0.01132 0.62766 0.29732 0.28205 0.48945 0.01034 0.99399 0.65523 0.35349 0.00000 0.30928 0.62791 1.00000 0.01884 0.01253
50.00000 147.00000 0.23816 0.29691 1.00000 0.59794 0.63411 0.69776 0.68764 0.61718 0.61606 0.60896 0.85354 0.67829 0.87179 0.77354 0.60795 0.99430 0.76122 0.12634 1.00000 0.71134 0.85412 1.00000 0.63135 0.63283
50.00000 148.00000 0.59524 0.73634 0.00000 0.23809 0.01322 0.05225 0.07535 0.29318 0.21016 0.09610 0.00194 0.03657 0.02564 0.06331 0.09341 0.00270 0.10847 0.87736 0.00000 0.06186 0.00000 0.00000 0.14632 0.14762
50.00000 149.00000 0.59527 0.73634 0.00000 0.23809 0.01065 0.06286 0.05555 0.29318 0.21016 0.09665 0.00192 0.03586 0.02564 0.06494 0.09463 0.00278 0.10236 0.89047 0.00000 0.08247 0.00000 0.00000 0.14598 0.14291
50.00000 150.00000 0.47626 0.83349 1.00000 0.62699 0.66504 0.67056 0.55067 0.50794 0.50063 0.47138 0.86441 0.63495 0.41026 0.68994 0.47143 0.99454 0.58119 0.30893 0.00000 0.67010 0.86469 1.00000 0.49243 0.49672
50.00000 151.00000 0.47607 0.83254 1.00000 0.62699 0.66082 0.68166 0.55338 0.50794 0.50063 0.47069 0.86453 0.63879 0.41026 0.68912 0.46943 0.99468 0.58987 0.30232 0.00000 0.65979 0.86469 1.00000 0.49714 0.49776
50.00000 152.00000 0.99996 0.99762 1.00000 0.00000 0.13209 0.32323 0.26740 0.00000 0.00251 0.01183 0.62774 0.30404 0.28205 0.51786 0.01237 0.99408 0.65458 0.34463 0.00000 0.30928 0.62791 1.00000 0.01884 0.02686
50.00000 153.00000 0.23809 0.29691 1.00000 0.59794 0.63852 0.71604 0.69266 0.61718 0.61606 0.60869 0.85354 0.68105 0.87179 0.76055 0.60939 0.99441 0.75389 0.12112 1.00000 0.69072 0.85412 1.00000 0.63942 0.62960
50.00000 154.00000 0.00007 0.00012 1.00000 1.00000 0.98394 0.93522 0.93179 1.00000 1.00000 0.98288 0.99926 0.91766 0.97436 0.93263 0.98409 0.99416 0.79008 0.03082 1.00000 0.94845 1.00000 1.00000 0.97814 0.99008
50.00000 155.00000 0.99998 0.99762 1.00000 0.00000 0.12980 0.31545 0.25920 0.00000 0.00251 0.01318 0.62785 0.30809 0.28205 0.51867 0.01285 0.99427 0.66607 0.34799 0.00000 0.30928 0.62791 1.00000 0.02220 0.02652
50.00000 156.00000 0.00002 0.00000 1.00000 1.00000 0.98421 0.95496 0.96666 1.00000 1.00000 0.98440 0.99926 0.91651 0.97436 0.95698 0.98517 0.99416 0.78835 0.03114 1.00000 0.95876 1.00000 1.00000 0.99327 0.98838
50.00000 157.00000 0.99990 0.99846 1.00000 0.00000 0.13035 0.32039 0.26953 0.00000 0.00251 0.01196 0.62789 0.31048 0.28205 0.50325 0.01202 0.99424 0.65915 0.34595 0.00000 0.32990 0.62791 1.00000 0.02018 0.01924
50.00000 158.00000 0.47627 0.83278 1.00000 0.62699 0.66229 0.69597 0.55403 0.50794 0.50063 0.47225 0.86472 0.64115 0.41026 0.70942 0.47439 0.99499 0.60800 0.29558 1.00000 0.67010 0.86469 1.00000 0.50252 0.50009
50.00000 159.00000 0.23802 0.29798 1.00000 0.59794 0.63742 0.71755 0.70196 0.61718 0.61606 0.61131 0.85394 0.68407 0.87179 0.78896 0.61176 0.99490 0.78094 0.12132 1.00000 0.72165 0.85412 1.00000 0.63539 0.63377
50.00000 160.00000 0.59512 0.73634 0.00000 0.23809 0.01221 0.05382 0.07873 0.29318 0.21016 0.09636 0.00207 0.04336 0.02564 0.06818 0.09607 0.00292 0.13622 0.87307 0.00000 0.04124 0.00000 0.00000 0.14699 0.14540
50.00000 161.00000 0.59520 0.73634 0.00000 0.23809 0.01753 0.07061 0.07424 0.29318 0.21016 0.09820 0.00213 0.04561 0.02564 0.07630 0.09531 0.00295 0.11569 0.86622 0.00000 0.06186 0.00000 0.00000 0.14564 0.14926
50.00000 162.00000 0.99982 0.99762 1.00000 0.00000 0.13558 0.33197 0.26190 0.00000 0.00251 0.01357 0.62798 0.32130 0.28205 0.52029 0.01373 0.99435 0.68255 0.34249 0.00000 0.31959 0.62791 1.00000 0.02018 0.02207
50.00000 163.00000 0.23809 0.29762 1.00000 0.59794 0.64145 0.72352 0.70724 0.61718 0.61606 0.61430 0.85419 0.69248 0.87179 0.79221 0.61648 0.99512 0.76947 0.10347 1.00000 0.73196 0.85412 1.00000 0.63942 0.63609
50.00000 164.00000 0.00002 0.00131 1.00000 1.00000 0.99211 0.97905 0.94920 1.00000 1.00000 0.99169 0.99962 0.92682 0.97436 0.96185 0.99257 0.99446 0.81174 0.02723 1.00000 0.95876 1.00000 1.00000 0.99563 0.99052
50.00000 165.00000 0.83320 0.99762 1.00000 0.06027 0.18781 0.35576 0.29545 0.14659 0.14617 0.14711 0.65180 0.35038 0.30769 0.52110 0.14693 0.99532 0.65432 0.29831 0.00000 0.35052 0.65116 1.00000 0.16784 0.16791
50.00000 166.00000 0.83335 0.99786 1.00000 0.06027 0.19047 0.35414 0.28906 0.14659 0.14617 0.15015 0.65197 0.34968 0.30769 0.51786 0.14737 0.99540 0.65624 0.32685 0.00000 0.36082 0.65116 1.00000 0.17020 0.17651
50.00000 167.00000 0.99996 0.99762 1.00000 0.00000 0.13081 0.32209 0.28764 0.00000 0.00251 0.01594 0.62802 0.32899 0.30769 0.52192 0.01591 0.99443 0.70262 0.32007 0.00000 0.31959 0.62791 1.00000 0.02355 0.02172
50.00000 168.00000 0.83321 0.99762 1.00000 0.06027 0.18799 0.36146 0.27568 0.14659 0.14617 0.14819 0.65197 0.35170 0.30769 0.52597 0.14837 0.99545 0.65838 0.31007 0.00000 0.36082 0.65116 1.00000 0.17356 0.16541
50.00000 169.00000 0.47608 0.83135 1.00000 0.62699 0.66541 0.68458 0.57884 0.50794 0.50063 0.47658 0.86519 0.66149 0.43590 0.70698 0.47744 0.99570 0.64809 0.28638 1.00000 0.69072 0.86469 1.00000 0.49378 0.50369
50.00000 170.00000 0.47612 0.83135 1.00000 0.62699 0.66679 0.67688 0.59767 0.50794 0.50125 0.48010 0.86557 0.66501 0.43590 0.72159 0.47996 0.99617 0.65095 0.27863 1.00000 0.68041 0.86469 1.00000 0.49748 0.50690
50.00000 171.00000 0.47607 0.83325 1.00000 0.62699 0.66440 0.67758 0.57761 0.50794 0.50063 0.48049 0.86563 0.65805 0.43590 0.73539 0.48152 0.99611 0.66398 0.27455 1.00000 0.68041 0.86469 1.00000 0.50084 0.49927
50.00000 172.00000 0.99989 0.99762 1.00000 0.00000 0.13117 0.33810 0.27479 0.00000 0.00251 0.01795 0.62817 0.33722 0.33333 0.54789 0.01618 0.99465 0.74490 0.30232 0.00000 0.35052 0.62791 1.00000 0.02254 0.02185
