185.00000 1.00000 0.83316 0.99893 1.00000 0.06027 0.18341 0.30895 0.25454 0.14659 0.14403 0.13873 0.65075 0.29372 0.24324 0.45847 0.13689 0.99350 0.52325 0.36369 0.00000 0.31250 0.65116 1.00000 0.15844 0.17023
185.00000 2.00000 0.99991 0.99762 1.00000 0.00000 0.12552 0.28931 0.23622 0.00000 0.00000 0.00537 0.62757 0.27497 0.24324 0.45847 0.00380 0.99339 0.56864 0.37844 0.00000 0.30208 0.62791 1.00000 0.01852 0.01765
185.00000 3.00000 0.99985 1.00000 1.00000 0.00000 0.12854 0.29557 0.25591 0.00000 0.00000 0.00356 0.62744 0.27914 0.24324 0.49023 0.00576 0.99328 0.56541 0.37936 0.00000 0.29167 0.62791 1.00000 0.01509 0.02275
185.00000 4.00000 0.47627 0.83135 1.00000 0.62699 0.65887 0.65464 0.54333 0.50794 0.50000 0.47334 0.86390 0.60132 0.37838 0.65879 0.47125 0.99344 0.51500 0.32458 0.00000 0.65625 0.86469 1.00000 0.49143 0.49488
185.00000 5.00000 0.47621 0.83147 1.00000 0.62699 0.65933 0.66691 0.54987 0.50794 0.49937 0.47172 0.86396 0.60812 0.40541 0.66531 0.47160 0.99347 0.52152 0.30979 0.00000 0.63542 0.86469 1.00000 0.48971 0.49509
185.00000 6.00000 0.47615 0.83135 1.00000 0.62699 0.65621 0.63316 0.54419 0.50794 0.50000 0.47198 0.86400 0.60146 0.40541 0.66938 0.47056 0.99328 0.51397 0.33154 0.00000 0.64583 0.86469 1.00000 0.49211 0.49742
185.00000 7.00000 0.99990 0.99762 1.00000 0.00000 0.13148 0.31459 0.23730 0.00000 0.00063 0.00365 0.62757 0.27669 0.24324 0.47883 0.00355 0.99330 0.57478 0.38306 0.00000 0.29167 0.62791 1.00000 0.01612 0.02430
185.00000 8.00000 0.59512 0.73634 0.00000 0.23809 0.00688 0.02690 0.07175 0.29318 0.20881 0.09245 0.00114 0.02304 0.02703 0.02932 0.09042 0.00171 0.07507 0.93402 0.00000 0.05208 0.00000 0.00000 0.14369 0.14585
185.00000 9.00000 0.83324 0.99762 1.00000 0.06027 0.18286 0.33477 0.25105 0.14659 0.14403 0.13878 0.65069 0.30219 0.24324 0.45521 0.13651 0.99341 0.51383 0.35127 0.00000 0.31250 0.65116 1.00000 0.15775 0.17166
185.00000 10.00000 0.59517 0.73824 0.00000 0.23809 0.00954 0.03010 0.04580 0.29318 0.20881 0.09133 0.00125 0.01755 0.02703 0.02362 0.08989 0.00174 0.06469 0.94413 0.00000 0.04167 0.00000 0.00000 0.13615 0.14280
185.00000 11.00000 0.23803 0.29691 1.00000 0.59794 0.63868 0.68398 0.68664 0.61718 0.61509 0.61367 0.85330 0.65000 0.89189 0.74756 0.61484 0.99355 0.68375 0.11724 1.00000 0.68750 0.85412 1.00000 0.62757 0.63110
185.00000 12.00000 0.99990 0.99941 1.00000 0.00000 0.12414 0.30121 0.25608 0.00000 0.00000 0.00537 0.62744 0.27668 0.24324 0.47313 0.00401 0.99319 0.57136 0.37606 0.00000 0.27083 0.62791 1.00000 0.02023 0.01886
185.00000 13.00000 0.47626 0.83135 1.00000 0.62699 0.65969 0.64489 0.54535 0.50794 0.50000 0.47265 0.86400 0.60062 0.40541 0.65391 0.47150 0.99344 0.50785 0.32136 0.00000 0.63542 0.86469 1.00000 0.49246 0.49503
185.00000 14.00000 0.83328 0.99988 1.00000 0.06027 0.19194 0.30768 0.24770 0.14659 0.14403 0.13899 0.65073 0.30696 0.24324 0.46254 0.13562 0.99333 0.54244 0.35149 0.00000 0.32292 0.65116 1.00000 0.15844 0.16891
185.00000 15.00000 0.99997 0.99941 1.00000 0.00000 0.12698 0.30519 0.22999 0.00000 0.00063 0.00248 0.62744 0.27004 0.24324 0.46336 0.00543 0.99330 0.57559 0.38218 0.00000 0.30208 0.62791 1.00000 0.01235 0.01888
185.00000 16.00000 0.83316 0.99762 1.00000 0.06027 0.18791 0.31526 0.24000 0.14659 0.14403 0.13966 0.65075 0.30024 0.24324 0.46417 0.13745 0.99350 0.52961 0.36244 0.00000 0.32292 0.65116 1.00000 0.16084 0.16653
185.00000 17.00000 0.47613 0.83325 1.00000 0.62699 0.66098 0.65683 0.53738 0.50794 0.49937 0.47339 0.86388 0.59820 0.40541 0.65798 0.47191 0.99347 0.52249 0.32531 0.00000 0.65625 0.86469 1.00000 0.48663 0.49477
185.00000 18.00000 0.23805 0.29857 1.00000 0.59794 0.63235 0.68135 0.68883 0.61718 0.61509 0.61651 0.85330 0.64978 0.89189 0.73453 0.61557 0.99358 0.67965 0.11131 1.00000 0.68750 0.85412 1.00000 0.63032 0.63505
185.00000 19.00000 0.23808 0.29715 1.00000 0.59794 0.63180 0.71440 0.67775 0.61718 0.61509 0.61443 0.85334 0.64624 0.89189 0.74511 0.61568 0.99352 0.67746 0.12573 1.00000 0.68750 0.85412 1.00000 0.63169 0.63275
185.00000 20.00000 0.59532 0.73634 0.00000 0.23809 0.01119 0.04627 0.04424 0.29318 0.20881 0.09295 0.00125 0.02524 0.02703 0.04642 0.09032 0.00182 0.06169 0.94405 0.00000 0.04167 0.00000 0.00000 0.13203 0.14562
185.00000 21.00000 0.59525 0.73634 0.00000 0.23809 0.01358 0.02996 0.05991 0.29318 0.20881 0.09035 0.00127 0.02305 0.02703 0.05619 0.08979 0.00196 0.06733 0.93494 0.00000 0.04167 0.00000 0.00000 0.13992 0.13942
185.00000 22.00000 0.23814 0.29893 1.00000 0.59794 0.63079 0.71080 0.70303 0.61718 0.61509 0.61570 0.85324 0.64639 0.89189 0.75081 0.61522 0.99350 0.68020 0.11746 1.00000 0.67708 0.85412 1.00000 0.63237 0.63873
185.00000 23.00000 0.99999 0.99929 1.00000 0.00000 0.12487 0.28338 0.26128 0.00000 0.00000 0.00408 0.62744 0.27038 0.24324 0.47313 0.00429 0.99330 0.56222 0.38470 0.00000 0.27083 0.62791 1.00000 0.01200 0.01617
185.00000 24.00000 0.59511 0.73800 0.00000 0.23809 0.01477 0.03830 0.05849 0.29318 0.20818 0.09312 0.00120 0.01586 0.02703 0.05293 0.09002 0.00171 0.06557 0.94292 0.00000 0.04167 0.00000 0.00000 0.14232 0.14548
185.00000 25.00000 0.47615 0.83207 1.00000 0.62699 0.66217 0.64093 0.54503 0.50794 0.50000 0.47411 0.86403 0.60687 0.37838 0.66531 0.47135 0.99339 0.51511 0.31982 0.00000 0.63542 0.86469 1.00000 0.49588 0.49378
185.00000 26.00000 0.59511 0.73753 0.00000 0.23809 0.01009 0.05827 0.04142 0.29318 0.20881 0.09243 0.00129 0.02027 0.02703 0.05456 0.08883 0.00182 0.06845 0.94563 0.00000 0.04167 0.00000 0.00000 0.14335 0.15329
185.00000 27.00000 0.99992 0.99762 1.00000 0.00000 0.13047 0.29470 0.23940 0.00000 0.00063 0.00494 0.62740 0.27595 0.24324 0.47720 0.00482 0.99308 0.56569 0.36918 0.00000 0.28125 0.62791 1.00000 0.01543 0.01894
185.00000 28.00000 0.00004 0.00190 1.00000 1.00000 0.97780 0.94241 0.91299 1.00000 1.00000 0.99468 0.99941 0.87839 1.00000 0.92020 0.99602 0.99339 0.70117 0.03508 1.00000 0.93750 1.00000 1.00000 0.97565 0.97840
185.00000 29.00000 0.59528 0.73848 0.00000 0.23809 0.01863 0.05198 0.06963 0.29318 0.20881 0.09226 0.00120 0.01972 0.02703 0.04397 0.09101 0.00171 0.06555 0.94065 0.00000 0.04167 0.00000 0.00000 0.14129 0.14868
185.00000 30.00000 0.99999 0.99834 1.00000 0.00000 0.13065 0.29072 0.25006 0.00000 0.00063 0.00430 0.62740 0.27774 0.24324 0.46743 0.00375 0.99319 0.56415 0.36965 0.00000 0.30208 0.62791 1.00000 0.01646 0.01563
185.00000 31.00000 0.47606 0.83135 1.00000 0.62699 0.65657 0.66125 0.55033 0.50794 0.49937 0.47108 0.86409 0.60678 0.40541 0.66368 0.47148 0.99361 0.51742 0.30902 0.00000 0.63542 0.86469 1.00000 0.49143 0.49117
185.00000 32.00000 0.23801 0.29691 1.00000 0.59794 0.63584 0.70267 0.68567 0.61718 0.61509 0.61331 0.85326 0.64600 0.89189 0.74919 0.61403 0.99341 0.68130 0.12086 1.00000 0.69792 0.85412 1.00000 0.63066 0.63320
185.00000 33.00000 0.47614 0.83135 1.00000 0.62699 0.65923 0.66664 0.54039 0.50794 0.50000 0.47103 0.86419 0.59758 0.40541 0.66205 0.47237 0.99350 0.50674 0.32843 0.00000 0.63542 0.86469 1.00000 0.49040 0.50014
185.00000 34.00000 0.00002 0.00178 1.00000 1.00000 0.98165 0.92797 0.92709 1.00000 1.00000 0.99721 0.99930 0.86958 1.00000 0.91205 0.99604 0.99333 0.69613 0.03065 1.00000 0.92708 1.00000 1.00000 0.98011 0.98294
185.00000 35.00000 0.00005 0.00214 1.00000 1.00000 0.98055 0.94417 0.91694 1.00000 1.00000 0.99387 0.99935 0.87364 1.00000 0.91612 0.99561 0.99333 0.68284 0.03636 1.00000 0.92708 1.00000 1.00000 0.98457 0.98448
185.00000 36.00000 0.99987 0.99952 1.00000 0.00000 0.12625 0.27997 0.25557 0.00000 0.00063 0.00387 0.62749 0.27556 0.24324 0.47231 0.00408 0.99328 0.56852 0.37961 0.00000 0.27083 0.62791 1.00000 0.01680 0.01879
185.00000 37.00000 0.83319 0.99762 1.00000 0.06027 0.18873 0.31873 0.25925 0.14659 0.14403 0.13854 0.65077 0.29913 0.24324 0.44788 0.13618 0.99339 0.52756 0.35307 0.00000 0.32292 0.65116 1.00000 0.16049 0.16310
185.00000 38.00000 0.00005 0.00048 1.00000 1.00000 0.97816 0.94211 0.92088 1.00000 1.00000 0.99511 0.99935 0.87254 1.00000 0.91775 0.99434 0.99336 0.68663 0.03705 1.00000 0.93750 1.00000 1.00000 0.98594 0.98597
185.00000 39.00000 0.83318 0.99762 1.00000 0.06027 0.18690 0.32168 0.26407 0.14659 0.14403 0.13894 0.65092 0.29911 0.24324 0.46580 0.13725 0.99344 0.54120 0.37090 0.00000 0.31250 0.65116 1.00000 0.15844 0.16034
185.00000 40.00000 0.23807 0.29691 1.00000 0.59794 0.63180 0.69061 0.67448 0.61718 0.61509 0.61620 0.85336 0.65577 0.89189 0.74267 0.61598 0.99344 0.68587 0.10926 1.00000 0.68750 0.85412 1.00000 0.63134 0.62810
185.00000 41.00000 0.83320 0.99762 1.00000 0.06027 0.18415 0.32672 0.25605 0.14659 0.14403 0.13730 0.65092 0.29433 0.24324 0.44707 0.13565 0.99325 0.53123 0.35142 0.00000 0.31250 0.65116 1.00000 0.16152 0.17156
185.00000 42.00000 0.99987 0.99846 1.00000 0.00000 0.13341 0.28159 0.24207 0.00000 0.00000 0.00496 0.62753 0.27004 0.24324 0.49430 0.00421 0.99333 0.56436 0.38540 0.00000 0.29167 0.62791 1.00000 0.01303 0.01976
185.00000 43.00000 0.83329 0.99762 1.00000 0.06027 0.18020 0.32374 0.24315 0.14659 0.14403 0.13649 0.65082 0.29957 0.24324 0.47068 0.13712 0.99350 0.53082 0.37280 0.00000 0.32292 0.65116 1.00000 0.15912 0.16855
185.00000 44.00000 0.59530 0.73658 0.00000 0.23809 0.01349 0.05727 0.04195 0.29318 0.20881 0.09119 0.00120 0.01675 0.02703 0.05782 0.08926 0.00187 0.06200 0.94482 0.00000 0.03125 0.00000 0.00000 0.14266 0.14327
185.00000 45.00000 0.99977 0.99929 1.00000 0.00000 0.13432 0.29416 0.24219 0.00000 0.00063 0.00463 0.62751 0.27333 0.24324 0.48371 0.00419 0.99322 0.57455 0.37617 0.00000 0.28125 0.62791 1.00000 0.01680 0.02498
185.00000 46.00000 0.99997 0.99762 1.00000 0.00000 0.12386 0.28241 0.24532 0.00000 0.00063 0.00592 0.62740 0.27816 0.24324 0.47883 0.00398 0.99319 0.54577 0.37621 0.00000 0.29167 0.62791 1.00000 0.01715 0.01808
185.00000 47.00000 0.83318 0.99834 1.00000 0.06027 0.18415 0.34127 0.25586 0.14659 0.14403 0.13768 0.65084 0.30131 0.24324 0.45684 0.13705 0.99341 0.53580 0.36376 0.00000 0.32292 0.65116 1.00000 0.16392 0.16732
185.00000 48.00000 0.47615 0.83290 1.00000 0.62699 0.65868 0.64508 0.53314 0.50794 0.49937 0.47026 0.86398 0.60598 0.40541 0.66205 0.47158 0.99344 0.50688 0.32671 0.00000 0.64583 0.86469 1.00000 0.49417 0.49503
185.00000 49.00000 0.47623 0.83135 1.00000 0.62699 0.66465 0.64169 0.54378 0.50794 0.49937 0.47244 0.86396 0.60313 0.40541 0.66124 0.47176 0.99355 0.51592 0.32209 0.00000 0.64583 0.86469 1.00000 0.49451 0.49318
185.00000 50.00000 0.23810 0.29905 1.00000 0.59794 0.63694 0.69389 0.68709 0.61718 0.61509 0.61331 0.85343 0.64359 0.89189 0.73534 0.61405 0.99352 0.69020 0.12859 1.00000 0.69792 0.85412 1.00000 0.63717 0.63260
185.00000 51.00000 0.47627 0.83135 1.00000 0.62699 0.66006 0.64500 0.54535 0.50794 0.49937 0.47272 0.86400 0.59681 0.40541 0.67101 0.47209 0.99358 0.50578 0.33117 0.00000 0.64583 0.86469 1.00000 0.49177 0.48890
185.00000 52.00000 0.59514 0.73634 0.00000 0.23809 0.01486 0.02305 0.05380 0.29318 0.20818 0.09162 0.00133 0.02586 0.02703 0.04235 0.08931 0.00196 0.07198 0.93823 0.00000 0.06250 0.00000 0.00000 0.14266 0.14637
185.00000 53.00000 0.00001 0.00000 1.00000 1.00000 0.98147 0.94498 0.91248 1.00000 1.00000 0.99468 0.99939 0.87078 1.00000 0.90065 0.99576 0.99339 0.69320 0.02493 1.00000 0.94792 1.00000 1.00000 0.98491 0.98221
185.00000 54.00000 0.99987 0.99762 1.00000 0.00000 0.13102 0.30551 0.25052 0.00000 0.00000 0.00401 0.62740 0.27192 0.24324 0.48534 0.00330 0.99325 0.55712 0.38536 0.00000 0.27083 0.62791 1.00000 0.01920 0.01574
185.00000 55.00000 0.00004 0.00000 1.00000 1.00000 0.98376 0.93062 0.91838 1.00000 1.00000 0.99411 0.99930 0.87147 1.00000 0.91042 0.99516 0.99336 0.69808 0.02600 1.00000 0.93750 1.00000 1.00000 0.98045 0.98427
185.00000 56.00000 0.99987 0.99976 1.00000 0.00000 0.13414 0.30646 0.25088 0.00000 0.00063 0.00458 0.62751 0.27616 0.24324 0.46987 0.00368 0.99322 0.56534 0.37950 0.00000 0.29167 0.62791 1.00000 0.01166 0.02135
185.00000 57.00000 0.47624 0.83135 1.00000 0.62699 0.65887 0.63110 0.54436 0.50794 0.50000 0.47213 0.86398 0.60571 0.40541 0.65635 0.47054 0.99358 0.50771 0.32462 0.00000 0.65625 0.86469 1.00000 0.49074 0.48744
185.00000 58.00000 0.00007 0.00000 1.00000 1.00000 0.98385 0.94317 0.92536 1.00000 1.00000 0.99535 0.99951 0.86714 1.00000 0.92182 0.99462 0.99347 0.68863 0.04390 1.00000 0.94792 1.00000 1.00000 0.98251 0.98356
185.00000 59.00000 0.00002 0.00000 1.00000 1.00000 0.98367 0.94214 0.91258 1.00000 1.00000 0.99463 0.99939 0.87279 1.00000 0.91205 0.99604 0.99341 0.68484 0.04742 1.00000 0.94792 1.00000 1.00000 0.98080 0.98597
185.00000 60.00000 0.99989 0.99762 1.00000 0.00000 0.12964 0.31475 0.23841 0.00000 0.00063 0.00532 0.62738 0.28052 0.24324 0.49593 0.00383 0.99319 0.56324 0.38463 0.00000 0.29167 0.62791 1.00000 0.01509 0.01984
185.00000 61.00000 0.47616 0.83314 1.00000 0.62699 0.65859 0.64584 0.54063 0.50794 0.50000 0.47229 0.86405 0.60490 0.40541 0.67101 0.47084 0.99347 0.51007 0.32293 0.00000 0.62500 0.86469 1.00000 0.48868 0.49715
185.00000 62.00000 0.83336 0.99964 1.00000 0.06027 0.18699 0.31700 0.26770 0.14659 0.14403 0.13675 0.65075 0.29749 0.24324 0.44870 0.13773 0.99344 0.52363 0.35508 0.00000 0.32292 0.65116 1.00000 0.16255 0.16600
185.00000 63.00000 0.23814 0.29691 1.00000 0.59794 0.63951 0.68902 0.68755 0.61718 0.61572 0.61405 0.85332 0.65282 0.89189 0.75081 0.61583 0.99350 0.67311 0.11651 1.00000 0.68750 0.85412 1.00000 0.63306 0.63839
185.00000 64.00000 0.83336 0.99762 1.00000 0.06027 0.18754 0.33634 0.25466 0.14659 0.14403 0.13646 0.65094 0.29476 0.24324 0.45847 0.13631 0.99347 0.52140 0.37006 0.00000 0.33333 0.65116 1.00000 0.16152 0.16343
185.00000 65.00000 0.99978 0.99762 1.00000 0.00000 0.13029 0.32020 0.25755 0.00000 0.00000 0.00346 0.62747 0.27287 0.24324 0.48127 0.00284 0.99328 0.56986 0.37830 0.00000 0.29167 0.62791 1.00000 0.01612 0.01873
185.00000 66.00000 0.59521 0.73729 0.00000 0.23809 0.01220 0.02923 0.04470 0.29318 0.20818 0.09300 0.00135 0.02214 0.02703 0.05212 0.08974 0.00187 0.07183 0.92966 0.00000 0.04167 0.00000 0.00000 0.14095 0.14239
185.00000 67.00000 0.59510 0.73634 0.00000 0.23809 0.01119 0.03703 0.05652 0.29318 0.20881 0.09222 0.00131 0.02043 0.02703 0.04397 0.08994 0.00196 0.06236 0.94380 0.00000 0.06250 0.00000 0.00000 0.14300 0.14561
185.00000 68.00000 0.83323 0.99810 1.00000 0.06027 0.18415 0.33244 0.24847 0.14659 0.14403 0.13730 0.65092 0.29975 0.24324 0.46336 0.13702 0.99366 0.54025 0.36698 0.00000 0.33333 0.65116 1.00000 0.16289 0.15915
185.00000 69.00000 0.83328 1.00000 1.00000 0.06027 0.19075 0.34907 0.24515 0.14659 0.14403 0.13572 0.65090 0.30576 0.24324 0.47557 0.13715 0.99350 0.52021 0.36680 0.00000 0.31250 0.65116 1.00000 0.16187 0.16710
185.00000 70.00000 0.99985 0.99846 1.00000 0.00000 0.13001 0.30920 0.24096 0.00000 0.00063 0.00334 0.62753 0.27657 0.24324 0.48534 0.00436 0.99336 0.56945 0.37222 0.00000 0.29167 0.62791 1.00000 0.01063 0.02532
185.00000 71.00000 0.83332 0.99762 1.00000 0.06027 0.18075 0.33388 0.24970 0.14659 0.14403 0.13732 0.65086 0.29585 0.24324 0.45765 0.13672 0.99344 0.53197 0.36911 0.00000 0.33333 0.65116 1.00000 0.16152 0.16317
185.00000 72.00000 0.47626 0.83230 1.00000 0.62699 0.66731 0.65009 0.52152 0.50794 0.50000 0.47067 0.86390 0.61088 0.40541 0.65961 0.47029 0.99363 0.51947 0.33304 0.00000 0.65625 0.86469 1.00000 0.49143 0.49232
185.00000 73.00000 0.59527 0.73836 0.00000 0.23809 0.01707 0.05835 0.04701 0.29318 0.20818 0.09358 0.00125 0.01721 0.02703 0.05212 0.09025 0.00193 0.06555 0.94014 0.00000 0.02083 0.00000 0.00000 0.13580 0.14511
185.00000 74.00000 0.47611 0.83135 1.00000 0.62699 0.66135 0.66361 0.54092 0.50794 0.49937 0.47158 0.86415 0.60068 0.40541 0.65309 0.47026 0.99363 0.51890 0.32228 0.00000 0.64583 0.86469 1.00000 0.48594 0.49115
185.00000 75.00000 0.59522 0.73634 0.00000 0.23809 0.01229 0.05738 0.08102 0.29318 0.20881 0.09272 0.00129 0.01980 0.02703 0.05619 0.09015 0.00160 0.06436 0.93874 0.00000 0.05208 0.00000 0.00000 0.13649 0.14801
185.00000 76.00000 0.83325 0.99762 1.00000 0.06027 0.18415 0.32854 0.23805 0.14659 0.14403 0.13859 0.65077 0.29707 0.24324 0.48290 0.13725 0.99347 0.55058 0.37614 0.00000 0.32292 0.65116 1.00000 0.15604 0.16647
185.00000 77.00000 0.00002 0.00095 1.00000 1.00000 0.97715 0.91892 0.92859 1.00000 1.00000 0.99320 0.99926 0.87738 1.00000 0.91857 0.99518 0.99328 0.70536 0.03471 1.00000 0.93750 1.00000 1.00000 0.98663 0.98520
185.00000 78.00000 0.99998 1.00000 1.00000 0.00000 0.13304 0.28579 0.23875 0.00000 0.00063 0.00415 0.62749 0.27763 0.24324 0.47394 0.00193 0.99325 0.58097 0.37789 0.00000 0.29167 0.62791 1.00000 0.01440 0.01722
185.00000 79.00000 1.00000 0.99964 1.00000 0.00000 0.13405 0.30405 0.24590 0.00000 0.00000 0.00620 0.62747 0.27581 0.24324 0.49023 0.00472 0.99319 0.57229 0.38100 0.00000 0.29167 0.62791 1.00000 0.01097 0.01742
185.00000 80.00000 0.99993 0.99762 1.00000 0.00000 0.12974 0.30614 0.26181 0.00000 0.00000 0.00427 0.62732 0.27777 0.24324 0.47394 0.00304 0.99317 0.56498 0.39536 0.00000 0.29167 0.62791 1.00000 0.01543 0.01906
185.00000 81.00000 0.23822 0.29691 1.00000 0.59794 0.63850 0.70085 0.69675 0.61718 0.61509 0.61677 0.85343 0.64768 0.89189 0.75244 0.61400 0.99372 0.67616 0.11413 1.00000 0.69792 0.85412 1.00000 0.62689 0.63092
185.00000 82.00000 0.83331 0.99774 1.00000 0.06027 0.18616 0.33404 0.25028 0.14659 0.14403 0.13830 0.65080 0.29960 0.24324 0.46987 0.13666 0.99336 0.52573 0.35505 0.00000 0.31250 0.65116 1.00000 0.15706 0.16122
185.00000 83.00000 0.47611 0.83135 1.00000 0.62699 0.66217 0.64313 0.54010 0.50794 0.50000 0.47124 0.86407 0.60971 0.40541 0.66612 0.47074 0.99374 0.51033 0.33710 0.00000 0.65625 0.86469 1.00000 0.48868 0.48916
185.00000 84.00000 0.00005 0.00131 1.00000 1.00000 0.98761 0.94850 0.93003 1.00000 1.00000 0.99356 0.99937 0.87525 1.00000 0.92671 0.99366 0.99344 0.68825 0.03314 1.00000 0.93750 1.00000 1.00000 0.97874 0.97478
185.00000 85.00000 0.59518 0.73777 0.00000 0.23809 0.01330 0.07219 0.06990 0.29318 0.20881 0.09152 0.00139 0.02278 0.02703 0.05537 0.08964 0.00201 0.06148 0.93193 0.00000 0.03125 0.00000 0.00000 0.14575 0.14158
185.00000 86.00000 0.83335 0.99762 1.00000 0.06027 0.18827 0.34349 0.24257 0.14659 0.14403 0.13887 0.65075 0.30637 0.24324 0.48046 0.13684 0.99361 0.53558 0.35453 0.00000 0.33333 0.65116 1.00000 0.15672 0.16705
185.00000 87.00000 0.59523 0.73682 0.00000 0.23809 0.01294 0.06678 0.06533 0.29318 0.20881 0.09236 0.00127 0.02497 0.02703 0.05537 0.08911 0.00182 0.05762 0.94786 0.00000 0.04167 0.00000 0.00000 0.14849 0.14346
185.00000 88.00000 0.59517 0.73634 0.00000 0.23809 0.00853 0.07585 0.07310 0.29318 0.20881 0.09250 0.00129 0.01870 0.02703 0.07410 0.08961 0.00168 0.07043 0.94182 0.00000 0.03125 0.00000 0.00000 0.14095 0.14863
185.00000 89.00000 0.00002 0.00166 1.00000 1.00000 0.98936 0.95276 0.92038 1.00000 1.00000 0.99377 0.99932 0.87444 1.00000 0.92101 0.99564 0.99341 0.70265 0.04156 1.00000 0.93750 1.00000 1.00000 0.98080 0.98230
185.00000 90.00000 0.00005 0.00154 1.00000 1.00000 0.98413 0.95598 0.92531 1.00000 1.00000 0.99353 0.99928 0.86804 1.00000 0.91938 0.99604 0.99350 0.69353 0.03394 1.00000 0.92708 1.00000 1.00000 0.97977 0.97767
185.00000 91.00000 0.23823 0.29715 1.00000 0.59794 0.63712 0.69920 0.70093 0.61718 0.61572 0.61317 0.85343 0.64709 0.89189 0.76629 0.61377 0.99363 0.68144 0.13445 1.00000 0.68750 0.85412 1.00000 0.63477 0.62864
185.00000 92.00000 0.59529 0.73872 0.00000 0.23809 0.00569 0.07122 0.06463 0.29318 0.20881 0.09284 0.00125 0.02203 0.02703 0.03909 0.08867 0.00182 0.07252 0.94566 0.00000 0.05208 0.00000 0.00000 0.14129 0.14523
185.00000 93.00000 0.99986 0.99762 1.00000 0.00000 0.13377 0.30500 0.26108 0.00000 0.00063 0.00463 0.62749 0.27981 0.24324 0.50163 0.00337 0.99339 0.57095 0.39177 0.00000 0.30208 0.62791 1.00000 0.01543 0.01968
185.00000 94.00000 0.47620 0.83135 1.00000 0.62699 0.66190 0.67325 0.55986 0.50794 0.50000 0.47251 0.86411 0.59582 0.40541 0.67182 0.46940 0.99358 0.51530 0.33198 0.00000 0.64583 0.86469 1.00000 0.49623 0.49063
185.00000 95.00000 0.99983 0.99762 1.00000 0.00000 0.13240 0.31995 0.26272 0.00000 0.00000 0.00339 0.62738 0.27946 0.24324 0.47557 0.00322 0.99319 0.57145 0.37815 0.00000 0.30208 0.62791 1.00000 0.01543 0.02307
185.00000 96.00000 0.99981 0.99762 1.00000 0.00000 0.13038 0.30316 0.26876 0.00000 0.00063 0.00413 0.62742 0.27934 0.24324 0.48941 0.00269 0.99325 0.55429 0.38855 0.00000 0.30208 0.62791 1.00000 0.01132 0.02014
185.00000 97.00000 0.47617 0.83242 1.00000 0.62699 0.66217 0.65578 0.56566 0.50794 0.50000 0.47427 0.86396 0.60370 0.40541 0.66450 0.47031 0.99344 0.50683 0.33619 0.00000 0.64583 0.86469 1.00000 0.49005 0.49680
185.00000 98.00000 0.00001 0.00000 1.00000 1.00000 0.98220 0.94731 0.92798 1.00000 1.00000 0.99189 0.99951 0.87238 1.00000 0.92590 0.99579 0.99341 0.69020 0.03768 1.00000 0.93750 1.00000 1.00000 0.98525 0.97602
185.00000 99.00000 0.47620 0.83266 1.00000 0.62699 0.66263 0.65567 0.55671 0.50794 0.50000 0.47170 0.86419 0.60218 0.37838 0.68322 0.47054 0.99366 0.50417 0.32953 0.00000 0.64583 0.86469 1.00000 0.48903 0.48589
185.00000 100.00000 0.47614 0.83325 1.00000 0.62699 0.66575 0.66975 0.56667 0.50794 0.50000 0.46921 0.86422 0.60564 0.40541 0.67020 0.46927 0.99363 0.50878 0.31872 1.00000 0.65625 0.86469 1.00000 0.49005 0.49094
185.00000 101.00000 0.00000 0.00000 1.00000 1.00000 0.98798 0.92808 0.94678 1.00000 1.00000 0.99215 0.99932 0.87485 1.00000 0.93241 0.99508 0.99341 0.68377 0.04097 1.00000 0.93750 1.00000 1.00000 0.97805 0.98187
185.00000 102.00000 0.59524 0.73634 0.00000 0.23809 0.01101 0.04367 0.05493 0.29318 0.20881 0.09310 0.00133 0.02745 0.02703 0.03909 0.08918 0.00187 0.08911 0.93344 0.00000 0.05208 0.00000 0.00000 0.14472 0.14307
185.00000 103.00000 0.83314 0.99762 1.00000 0.06027 0.18846 0.32672 0.25800 0.14659 0.14403 0.13754 0.65077 0.30055 0.24324 0.47638 0.13514 0.99350 0.53116 0.36581 0.00000 0.31250 0.65116 1.00000 0.15672 0.16182
185.00000 104.00000 0.00005 0.00000 1.00000 1.00000 0.98027 0.93528 0.92430 1.00000 1.00000 0.99294 0.99945 0.87645 1.00000 0.92671 0.99366 0.99336 0.68175 0.05034 1.00000 0.94792 1.00000 1.00000 0.98114 0.98406
185.00000 105.00000 0.23821 0.29846 1.00000 0.59794 0.63859 0.72152 0.67694 0.61718 0.61572 0.61372 0.85353 0.65358 0.89189 0.76303 0.61387 0.99363 0.67808 0.13093 1.00000 0.70833 0.85412 1.00000 0.62654 0.62632
185.00000 106.00000 0.47625 0.83135 1.00000 0.62699 0.66052 0.64592 0.56328 0.50794 0.50000 0.47041 0.86413 0.60113 0.40541 0.69300 0.47183 0.99350 0.52297 0.34791 0.00000 0.66667 0.86469 1.00000 0.48525 0.49301
185.00000 107.00000 0.00005 0.00000 1.00000 1.00000 0.98670 0.93509 0.93068 1.00000 1.00000 0.99353 0.99935 0.87492 1.00000 0.92101 0.99417 0.99333 0.70031 0.04760 1.00000 0.95833 1.00000 1.00000 0.97737 0.97985
185.00000 108.00000 0.00003 0.00190 1.00000 1.00000 0.98330 0.94314 0.92553 1.00000 1.00000 0.99341 0.99949 0.87360 1.00000 0.92997 0.99424 0.99355 0.68665 0.05089 1.00000 0.94792 1.00000 1.00000 0.97291 0.98668
185.00000 109.00000 0.59523 0.73634 0.00000 0.23809 0.01844 0.04272 0.06427 0.29318 0.20881 0.09327 0.00129 0.01684 0.02703 0.06596 0.08949 0.00185 0.07795 0.94566 0.00000 0.04167 0.00000 0.00000 0.13683 0.14426
185.00000 110.00000 0.99998 0.99762 1.00000 0.00000 0.12919 0.28669 0.27387 0.00000 0.00000 0.00394 0.62732 0.27361 0.24324 0.49104 0.00175 0.99303 0.56643 0.37793 0.00000 0.30208 0.62791 1.00000 0.01303 0.01799
185.00000 111.00000 0.99979 0.99834 1.00000 0.00000 0.13093 0.29974 0.28284 0.00000 0.00063 0.00203 0.62742 0.28277 0.24324 0.47801 0.00327 0.99319 0.55710 0.39755 0.00000 0.29167 0.62791 1.00000 0.01337 0.02181
185.00000 112.00000 0.99983 0.99762 1.00000 0.00000 0.13432 0.29384 0.25781 0.00000 0.00000 0.00353 0.62740 0.27332 0.24324 0.50733 0.00360 0.99308 0.55141 0.37822 0.00000 0.28125 0.62791 1.00000 0.01063 0.01070
185.00000 113.00000 0.99999 0.99762 1.00000 0.00000 0.13276 0.30007 0.25425 0.00000 0.00063 0.00291 0.62742 0.27929 0.24324 0.50407 0.00294 0.99303 0.56905 0.39312 0.00000 0.30208 0.62791 1.00000 0.02058 0.01756
185.00000 114.00000 0.99995 0.99762 1.00000 0.00000 0.13478 0.28549 0.24250 0.00000 0.00063 0.00351 0.62730 0.27984 0.24324 0.50977 0.00266 0.99333 0.56981 0.38862 0.00000 0.30208 0.62791 1.00000 0.01269 0.02342
185.00000 115.00000 0.83322 0.99762 1.00000 0.06027 0.18580 0.34517 0.27618 0.14659 0.14403 0.13801 0.65077 0.30137 0.24324 0.47394 0.13595 0.99344 0.53078 0.37343 0.00000 0.33333 0.65116 1.00000 0.15775 0.16101
185.00000 116.00000 0.47615 0.83230 1.00000 0.62699 0.66098 0.67206 0.55936 0.50794 0.50000 0.47050 0.86413 0.60351 0.40541 0.68893 0.47196 0.99363 0.51366 0.32872 0.00000 0.64583 0.86469 1.00000 0.48011 0.48918
185.00000 117.00000 0.83323 0.99857 1.00000 0.06027 0.18534 0.33136 0.26636 0.14659 0.14403 0.13601 0.65082 0.29768 0.24324 0.48616 0.13623 0.99336 0.51621 0.37079 0.00000 0.33333 0.65116 1.00000 0.15981 0.16334
185.00000 118.00000 0.99985 0.99869 1.00000 0.00000 0.13130 0.29842 0.26506 0.00000 0.00000 0.00322 0.62732 0.27503 0.24324 0.50000 0.00368 0.99311 0.57019 0.38119 0.00000 0.29167 0.62791 1.00000 0.01132 0.01589
185.00000 119.00000 0.83328 0.99762 1.00000 0.06027 0.18855 0.32453 0.26713 0.14659 0.14403 0.13722 0.65073 0.30148 0.24324 0.47476 0.13580 0.99352 0.53437 0.37892 0.00000 0.33333 0.65116 1.00000 0.16324 0.16583
185.00000 120.00000 0.59520 0.73634 0.00000 0.23809 0.01275 0.08723 0.09103 0.29318 0.20818 0.09367 0.00129 0.02892 0.02703 0.06107 0.08900 0.00179 0.08102 0.93790 0.00000 0.05208 0.00000 0.00000 0.13443 0.14339
185.00000 121.00000 0.59509 0.73848 0.00000 0.23809 0.01881 0.05930 0.07262 0.29318 0.20881 0.09188 0.00116 0.02121 0.02703 0.06515 0.08911 0.00179 0.08050 0.95339 0.00000 0.06250 0.00000 0.00000 0.13992 0.14453
185.00000 122.00000 0.99991 0.99762 1.00000 0.00000 0.13350 0.31992 0.26246 0.00000 0.00000 0.00363 0.62717 0.27034 0.24324 0.49186 0.00332 0.99295 0.57438 0.39173 0.00000 0.30208 0.62791 1.00000 0.00652 0.01976
185.00000 123.00000 0.59522 0.73836 0.00000 0.23809 0.01826 0.07165 0.07953 0.29318 0.20881 0.09078 0.00133 0.01986 0.02703 0.06515 0.08979 0.00182 0.07007 0.96525 0.00000 0.05208 0.00000 0.00000 0.13477 0.14765
185.00000 124.00000 0.59529 0.73729 0.00000 0.23809 0.01560 0.06753 0.07438 0.29318 0.20881 0.09219 0.00120 0.02230 0.02703 0.05782 0.09042 0.00171 0.07731 0.95526 0.00000 0.04167 0.00000 0.00000 0.13820 0.14544
185.00000 125.00000 0.99997 0.99881 1.00000 0.00000 0.12992 0.29316 0.25668 0.00000 0.00063 0.00308 0.62721 0.27491 0.24324 0.50081 0.00259 0.99306 0.56210 0.39495 0.00000 0.31250 0.62791 1.00000 0.00720 0.02213
185.00000 126.00000 0.47624 0.83337 1.00000 0.62699 0.66089 0.66531 0.55230 0.50794 0.50000 0.47201 0.86415 0.59955 0.40541 0.69951 0.47006 0.99380 0.50564 0.35230 1.00000 0.65625 0.86469 1.00000 0.48422 0.48801
185.00000 127.00000 0.23802 0.29691 1.00000 0.59794 0.63776 0.70467 0.70787 0.61718 0.61572 0.61539 0.85355 0.65009 0.89189 0.77443 0.61436 0.99380 0.66554 0.13027 1.00000 0.68750 0.85412 1.00000 0.61797 0.62331
185.00000 128.00000 0.47616 0.83135 1.00000 0.62699 0.66813 0.66910 0.57262 0.50794 0.50000 0.47055 0.86411 0.61074 0.40541 0.68893 0.47074 0.99366 0.50107 0.33967 0.00000 0.66667 0.86469 1.00000 0.48868 0.48665
185.00000 129.00000 0.59519 0.73729 0.00000 0.23809 0.01569 0.04825 0.05777 0.29318 0.20881 0.08978 0.00114 0.02025 0.02703 0.05945 0.08916 0.00165 0.06284 0.95548 0.00000 0.05208 0.00000 0.00000 0.13100 0.13877
185.00000 130.00000 0.83321 0.99846 1.00000 0.06027 0.19158 0.32575 0.26773 0.14659 0.14403 0.13694 0.65080 0.29778 0.24324 0.48616 0.13633 0.99333 0.53987 0.37361 0.00000 0.33333 0.65116 1.00000 0.15638 0.15929
185.00000 131.00000 0.00001 0.00036 1.00000 1.00000 0.98917 0.93550 0.94933 1.00000 1.00000 0.99110 0.99960 0.87758 1.00000 0.94544 0.99155 0.99372 0.68613 0.06444 1.00000 0.93750 1.00000 1.00000 0.97462 0.98264
185.00000 132.00000 0.83332 0.99798 1.00000 0.06027 0.18671 0.34436 0.26939 0.14659 0.14403 0.13780 0.65067 0.29650 0.24324 0.48697 0.13626 0.99350 0.52459 0.38712 0.00000 0.34375 0.65116 1.00000 0.16084 0.16040
185.00000 133.00000 0.59519 0.73646 0.00000 0.23809 0.01330 0.05226 0.06646 0.29318 0.20881 0.09026 0.00129 0.02591 0.02703 0.05537 0.08878 0.00193 0.06679 0.96851 0.00000 0.05208 0.00000 0.00000 0.13512 0.13950
185.00000 134.00000 0.00005 0.00000 1.00000 1.00000 0.99009 0.93856 0.95427 1.00000 1.00000 0.99010 0.99945 0.87656 1.00000 0.95195 0.99280 0.99361 0.68106 0.05668 1.00000 0.95833 1.00000 1.00000 0.97668 0.98406
185.00000 135.00000 0.47628 0.83135 1.00000 0.62699 0.66300 0.65599 0.57705 0.50794 0.50000 0.47077 0.86419 0.60977 0.37838 0.68160 0.47122 0.99374 0.51152 0.34622 0.00000 0.65625 0.86469 1.00000 0.48903 0.48982
185.00000 136.00000 0.83331 0.99762 1.00000 0.06027 0.18791 0.35024 0.27519 0.14659 0.14403 0.13579 0.65084 0.30186 0.24324 0.48371 0.13621 0.99347 0.53306 0.37712 0.00000 0.33333 0.65116 1.00000 0.16152 0.16180
185.00000 137.00000 0.00006 0.00000 1.00000 1.00000 0.98550 0.95124 0.95013 1.00000 1.00000 0.99205 0.99951 0.87350 1.00000 0.94381 0.99297 0.99355 0.68906 0.05767 1.00000 0.95833 1.00000 1.00000 0.97599 0.98018
185.00000 138.00000 0.23808 0.29691 1.00000 0.59794 0.64309 0.70909 0.72363 0.61718 0.61572 0.61245 0.85374 0.64973 0.89189 0.78176 0.61481 0.99394 0.68134 0.13576 1.00000 0.70833 0.85412 1.00000 0.62174 0.63396
185.00000 139.00000 0.99987 0.99786 1.00000 0.00000 0.13708 0.30416 0.26821 0.00000 0.00063 0.00346 0.62721 0.27788 0.24324 0.50977 0.00386 0.99283 0.55739 0.40770 0.00000 0.29167 0.62791 1.00000 0.00823 0.01624
185.00000 140.00000 0.99996 0.99762 1.00000 0.00000 0.13120 0.31039 0.26855 0.00000 0.00063 0.00468 0.62719 0.27480 0.24324 0.51547 0.00233 0.99295 0.55881 0.39221 0.00000 0.30208 0.62791 1.00000 0.01578 0.02538
185.00000 141.00000 0.23803 0.29834 1.00000 0.59794 0.63914 0.72201 0.72363 0.61718 0.61572 0.61128 0.85357 0.64528 0.89189 0.77443 0.61428 0.99394 0.66702 0.14016 1.00000 0.70833 0.85412 1.00000 0.61968 0.62672
185.00000 142.00000 0.47628 0.83195 1.00000 0.62699 0.66676 0.68409 0.58001 0.50794 0.50000 0.47017 0.86415 0.59971 0.37838 0.69625 0.47140 0.99363 0.51566 0.34970 1.00000 0.66667 0.86469 1.00000 0.48320 0.48798
185.00000 143.00000 0.00003 0.00000 1.00000 1.00000 0.98826 0.97012 0.95740 1.00000 1.00000 0.99072 0.99975 0.86990 1.00000 0.95928 0.99264 0.99374 0.68903 0.05232 1.00000 0.95833 1.00000 1.00000 0.97325 0.97315
185.00000 144.00000 0.23818 0.29691 1.00000 0.59794 0.63914 0.71204 0.72156 0.61718 0.61572 0.61207 0.85364 0.65313 0.89189 0.76792 0.61299 0.99410 0.66663 0.14477 1.00000 0.70833 0.85412 1.00000 0.62277 0.62427
185.00000 145.00000 0.59511 0.73634 0.00000 0.23809 0.01229 0.07845 0.09568 0.29318 0.20881 0.09238 0.00131 0.02659 0.02703 0.07003 0.08802 0.00171 0.05858 0.97576 0.00000 0.04167 0.00000 0.00000 0.14095 0.13691
185.00000 146.00000 0.23820 0.29751 1.00000 0.59794 0.64153 0.71976 0.71140 0.61718 0.61572 0.61267 0.85387 0.65249 0.89189 0.78339 0.61344 0.99410 0.66385 0.14536 1.00000 0.70833 0.85412 1.00000 0.62689 0.62108
185.00000 147.00000 0.47607 0.83135 1.00000 0.62699 0.66703 0.66342 0.58294 0.50794 0.50000 0.46828 0.86430 0.59884 0.40541 0.70358 0.46983 0.99380 0.49995 0.35241 1.00000 0.66667 0.86469 1.00000 0.48594 0.48479
185.00000 148.00000 0.23812 0.29810 1.00000 0.59794 0.64410 0.70958 0.73307 0.61718 0.61572 0.61202 0.85368 0.64606 0.89189 0.78420 0.61268 0.99410 0.66245 0.13265 1.00000 0.71875 0.85412 1.00000 0.62449 0.62570
185.00000 149.00000 0.47627 0.83254 1.00000 0.62699 0.66685 0.68918 0.57738 0.50794 0.50000 0.46960 0.86428 0.60198 0.37838 0.70358 0.46864 0.99391 0.50493 0.34311 1.00000 0.65625 0.86469 1.00000 0.48697 0.48668
185.00000 150.00000 0.99991 0.99905 1.00000 0.00000 0.13221 0.31418 0.29916 0.00000 0.00063 0.00267 0.62717 0.27929 0.24324 0.50733 0.00266 0.99267 0.54606 0.40451 0.00000 0.32292 0.62791 1.00000 0.00995 0.01774
185.00000 151.00000 0.47609 0.83135 1.00000 0.62699 0.67245 0.68471 0.59671 0.50794 0.50000 0.46898 0.86436 0.60882 0.37838 0.68974 0.46899 0.99383 0.49605 0.34824 1.00000 0.65625 0.86469 1.00000 0.48251 0.48615
185.00000 152.00000 0.47610 0.83135 1.00000 0.62699 0.66575 0.66409 0.58492 0.50794 0.50000 0.47007 0.86422 0.60811 0.37838 0.70358 0.46897 0.99380 0.50024 0.34267 1.00000 0.68750 0.86469 1.00000 0.48354 0.48978
185.00000 153.00000 0.99992 0.99988 1.00000 0.00000 0.13120 0.33190 0.27555 0.00000 0.00063 0.00396 0.62715 0.27512 0.24324 0.51873 0.00084 0.99281 0.55298 0.41429 0.00000 0.32292 0.62791 1.00000 0.01303 0.01416
185.00000 154.00000 0.47627 0.83183 1.00000 0.62699 0.66511 0.66520 0.58138 0.50794 0.50000 0.46883 0.86419 0.60854 0.37838 0.70195 0.46750 0.99394 0.50693 0.36083 1.00000 0.66667 0.86469 1.00000 0.48457 0.48276
185.00000 155.00000 0.99982 0.99929 1.00000 0.00000 0.13286 0.34048 0.28739 0.00000 0.00000 0.00260 0.62704 0.27962 0.24324 0.53909 0.00198 0.99259 0.55839 0.41678 0.00000 0.30208 0.62791 1.00000 0.00652 0.01660
185.00000 156.00000 0.99979 0.99762 1.00000 0.00000 0.13689 0.33390 0.28665 0.00000 0.00063 0.00437 0.62704 0.27612 0.24324 0.53094 0.00330 0.99270 0.56136 0.40301 0.00000 0.30208 0.62791 1.00000 0.00960 0.01657
185.00000 157.00000 0.83336 0.99988 1.00000 0.06027 0.19176 0.35154 0.30287 0.14659 0.14403 0.13462 0.65061 0.29615 0.24324 0.49186 0.13499 0.99347 0.52202 0.40652 0.00000 0.34375 0.65116 1.00000 0.14781 0.15887
185.00000 158.00000 0.99978 0.99798 1.00000 0.00000 0.13341 0.32767 0.29088 0.00000 0.00063 0.00484 0.62702 0.27719 0.24324 0.52362 0.00129 0.99264 0.55055 0.40766 0.00000 0.31250 0.62791 1.00000 0.00720 0.01943
185.00000 159.00000 0.99987 0.99798 1.00000 0.00000 0.13662 0.32745 0.28874 0.00000 0.00000 0.00308 0.62706 0.27148 0.24324 0.54235 0.00101 0.99270 0.55067 0.42249 0.00000 0.33333 0.62791 1.00000 0.01303 0.01478
185.00000 160.00000 0.00006 0.00012 1.00000 1.00000 0.99431 0.94756 0.98837 1.00000 1.00000 0.99031 0.99994 0.87578 1.00000 0.96906 0.99044 0.99391 0.67699 0.06887 1.00000 0.97917 1.00000 1.00000 0.96433 0.97766
185.00000 161.00000 0.47624 0.83159 1.00000 0.62699 0.66997 0.68972 0.58191 0.50794 0.50000 0.46733 0.86432 0.60989 0.40541 0.71091 0.46881 0.99408 0.51457 0.36413 1.00000 0.66667 0.86469 1.00000 0.48114 0.48502
185.00000 162.00000 0.83324 0.99762 1.00000 0.06027 0.19075 0.35966 0.27714 0.14659 0.14403 0.13734 0.65063 0.29434 0.24324 0.52280 0.13517 0.99330 0.50838 0.39254 0.00000 0.36458 0.65116 1.00000 0.14781 0.15983
