61.00000 1.00000 0.38372 0.30769 1.00000 1.00000 0.44262 0.50675 0.35289 1.00000 1.00000 0.24952 0.69412 0.20225 0.33333 0.45714 0.20428 0.67262 0.22858 0.60285 1.00000 0.27273 1.00000 1.00000 0.47024 0.46990
61.00000 2.00000 0.58140 0.46154 1.00000 1.00000 0.36534 0.59288 0.42215 1.00000 1.00000 0.17481 0.68824 0.21149 0.33333 0.44000 0.23281 0.70833 0.20181 0.63254 1.00000 0.54545 1.00000 1.00000 0.37500 0.36014
61.00000 3.00000 0.45349 0.30769 1.00000 1.00000 0.36066 0.52300 0.42106 1.00000 1.00000 0.20881 0.68824 0.21491 0.33333 0.49714 0.19256 0.66071 0.20035 0.67238 1.00000 0.36364 1.00000 1.00000 0.38095 0.37118
61.00000 4.00000 0.63953 0.30769 1.00000 1.00000 0.43326 0.58270 0.43947 1.00000 1.00000 0.17241 0.68824 0.16689 0.33333 0.38286 0.21039 0.65476 0.20820 0.68807 1.00000 0.36364 1.00000 1.00000 0.55952 0.43446
61.00000 5.00000 0.50581 0.53846 1.00000 1.00000 0.37471 0.50421 0.31794 1.00000 1.00000 0.19157 0.67059 0.19781 0.33333 0.46857 0.19766 0.68452 0.18379 0.58547 1.00000 0.27273 1.00000 1.00000 0.43452 0.45004
61.00000 6.00000 0.39535 0.23077 1.00000 1.00000 0.39344 0.44725 0.58112 1.00000 1.00000 0.17385 0.70588 0.15173 0.33333 0.39429 0.21345 0.65476 0.19416 0.61902 1.00000 0.45455 1.00000 1.00000 0.42262 0.39234
61.00000 7.00000 0.26744 0.76923 1.00000 1.00000 0.36066 0.32433 0.46599 1.00000 1.00000 0.17912 0.67647 0.18256 0.33333 0.43429 0.22007 0.70833 0.20993 0.69121 1.00000 0.36364 1.00000 1.00000 0.40476 0.41228
61.00000 8.00000 0.17442 0.61538 1.00000 1.00000 0.21077 0.44040 0.37285 1.00000 1.00000 0.21169 0.67647 0.16097 0.33333 0.40571 0.21651 0.69048 0.17253 0.71342 1.00000 0.27273 1.00000 1.00000 0.39286 0.45357
61.00000 9.00000 0.42442 0.84615 1.00000 1.00000 0.29274 0.49462 0.45585 1.00000 1.00000 0.19301 0.70588 0.18639 0.33333 0.30857 0.19052 0.64881 0.21910 0.61371 1.00000 0.45455 1.00000 1.00000 0.47024 0.47546
61.00000 10.00000 0.34884 0.61538 1.00000 1.00000 0.30913 0.54688 0.32652 1.00000 1.00000 0.19349 0.68824 0.17331 0.33333 0.48000 0.22007 0.67857 0.21811 0.63013 1.00000 0.45455 1.00000 1.00000 0.47024 0.27878
61.00000 11.00000 0.22093 0.38462 1.00000 1.00000 0.40515 0.49246 0.32699 1.00000 1.00000 0.19971 0.69412 0.17105 0.33333 0.41714 0.19460 0.67857 0.20302 0.63061 1.00000 0.36364 1.00000 1.00000 0.40476 0.52918
61.00000 12.00000 0.51163 0.69231 1.00000 1.00000 0.47541 0.43766 0.36802 1.00000 1.00000 0.21935 0.65294 0.18528 0.33333 0.40000 0.22466 0.67262 0.19799 0.57026 1.00000 0.27273 1.00000 1.00000 0.55952 0.54931
61.00000 13.00000 0.47674 0.53846 1.00000 1.00000 0.34192 0.48483 0.56209 1.00000 1.00000 0.22222 0.68235 0.21856 0.33333 0.40000 0.21651 0.64881 0.25599 0.71777 1.00000 0.36364 1.00000 1.00000 0.51190 0.49170
61.00000 14.00000 0.38372 0.76923 1.00000 1.00000 0.32787 0.58544 0.53619 1.00000 1.00000 0.17289 0.67059 0.19434 0.33333 0.36571 0.19409 0.67857 0.20475 0.57605 1.00000 0.36364 1.00000 1.00000 0.39286 0.43909
61.00000 15.00000 0.46512 0.30769 1.00000 1.00000 0.33255 0.45821 0.38643 1.00000 1.00000 0.19732 0.71765 0.15473 0.33333 0.35429 0.15894 0.66071 0.22408 0.66224 1.00000 0.36364 1.00000 1.00000 0.45833 0.41200
61.00000 16.00000 0.38372 0.92308 1.00000 1.00000 0.42389 0.32687 0.47863 1.00000 1.00000 0.18534 0.70000 0.18510 0.33333 0.40000 0.20581 0.66667 0.21109 0.66731 1.00000 0.45455 1.00000 1.00000 0.38095 0.51610
61.00000 17.00000 0.44767 0.61538 1.00000 1.00000 0.35129 0.69015 0.34041 1.00000 1.00000 0.18487 0.68824 0.15238 0.33333 0.38286 0.20886 0.65476 0.19946 0.68035 1.00000 0.45455 1.00000 1.00000 0.44643 0.46322
61.00000 18.00000 0.51163 0.53846 1.00000 1.00000 0.38173 0.40575 0.45991 1.00000 1.00000 0.24856 0.68235 0.18126 0.33333 0.42286 0.20224 0.67262 0.21716 0.68252 1.00000 0.45455 1.00000 1.00000 0.49405 0.48483
61.00000 19.00000 0.49419 0.53846 1.00000 1.00000 0.47073 0.43081 0.39532 1.00000 1.00000 0.19397 0.70000 0.19587 0.33333 0.45143 0.20734 0.67857 0.21732 0.58788 1.00000 0.45455 1.00000 1.00000 0.48810 0.39104
61.00000 20.00000 0.27326 0.23077 1.00000 1.00000 0.39578 0.55314 0.46240 1.00000 1.00000 0.21887 0.69412 0.16573 0.33333 0.35429 0.18543 0.67262 0.20307 0.55142 1.00000 0.36364 1.00000 1.00000 0.51190 0.51693
61.00000 21.00000 0.48256 0.38462 1.00000 1.00000 0.47541 0.30750 0.32309 1.00000 1.00000 0.22174 0.69412 0.22073 0.33333 0.34857 0.19205 0.69048 0.23068 0.66972 1.00000 0.27273 1.00000 1.00000 0.41071 0.40059
61.00000 22.00000 0.40698 0.76923 1.00000 1.00000 0.26932 0.37581 0.37395 1.00000 1.00000 0.20690 0.68824 0.19661 0.33333 0.52571 0.19918 0.70238 0.21674 0.56156 1.00000 0.45455 1.00000 1.00000 0.43452 0.39846
61.00000 23.00000 0.26744 0.23077 1.00000 1.00000 0.29274 0.25034 0.58674 1.00000 1.00000 0.18582 0.70588 0.19162 0.33333 0.50857 0.19918 0.67857 0.23576 0.64631 1.00000 0.36364 1.00000 1.00000 0.40476 0.46127
61.00000 24.00000 0.25000 0.92308 1.00000 1.00000 0.41218 0.35604 0.40827 1.00000 1.00000 0.20115 0.69412 0.20641 0.33333 0.40000 0.17830 0.67857 0.19469 0.55239 1.00000 0.45455 1.00000 1.00000 0.42857 0.45876
61.00000 25.00000 0.30814 0.69231 1.00000 1.00000 0.30211 0.49481 0.48565 1.00000 1.00000 0.17529 0.68824 0.22277 0.33333 0.40000 0.22058 0.64881 0.19002 0.61395 1.00000 0.36364 1.00000 1.00000 0.49405 0.43724
61.00000 26.00000 0.54070 0.46154 1.00000 1.00000 0.30211 0.33255 0.40140 1.00000 1.00000 0.19971 0.71765 0.17636 0.33333 0.40571 0.18543 0.66667 0.23733 0.60502 1.00000 0.45455 1.00000 1.00000 0.44048 0.39679
61.00000 27.00000 0.68605 0.53846 1.00000 1.00000 0.44731 0.44157 0.47379 1.00000 1.00000 0.18008 0.72353 0.17794 0.33333 0.44000 0.19918 0.71429 0.20658 0.55239 1.00000 0.36364 1.00000 1.00000 0.58333 0.35077
61.00000 28.00000 0.53488 0.61538 1.00000 1.00000 0.27400 0.41613 0.35881 1.00000 1.00000 0.16331 0.68235 0.17276 0.33333 0.34286 0.21294 0.64881 0.21198 0.59657 1.00000 0.27273 1.00000 1.00000 0.34524 0.49281
61.00000 29.00000 0.85465 0.15385 1.00000 1.00000 0.39813 0.36994 0.43822 1.00000 1.00000 0.21073 0.68824 0.17086 0.33333 0.44571 0.21447 0.65476 0.17787 0.69097 1.00000 0.36364 1.00000 1.00000 0.38095 0.46572
61.00000 30.00000 0.74419 0.69231 1.00000 1.00000 0.36534 0.51125 0.46225 1.00000 1.00000 0.20642 0.68824 0.20303 0.33333 0.42857 0.18186 0.69048 0.24063 0.54756 1.00000 0.27273 1.00000 1.00000 0.48214 0.45598
61.00000 31.00000 0.67442 0.46154 1.00000 1.00000 0.49415 0.41319 0.45445 1.00000 1.00000 0.21983 0.67647 0.18981 0.33333 0.30286 0.21651 0.67857 0.18809 0.60768 1.00000 0.45455 1.00000 1.00000 0.42262 0.50181
61.00000 32.00000 0.60465 0.15385 1.00000 1.00000 0.37002 0.57154 0.38736 1.00000 1.00000 0.21408 0.68235 0.19102 0.33333 0.41714 0.20683 0.67262 0.20920 0.58667 1.00000 0.36364 1.00000 1.00000 0.39881 0.37258
61.00000 33.00000 0.45930 0.84615 1.00000 1.00000 0.45902 0.45919 0.42184 1.00000 1.00000 0.20163 0.67647 0.13861 0.33333 0.50286 0.19256 0.66667 0.24037 0.66828 1.00000 0.36364 1.00000 1.00000 0.39286 0.39994
61.00000 34.00000 0.62791 0.92308 1.00000 1.00000 0.46838 0.34116 0.32839 1.00000 1.00000 0.18774 0.71765 0.18436 0.33333 0.48571 0.20835 0.68452 0.18756 0.67576 1.00000 0.45455 1.00000 1.00000 0.48214 0.45923
61.00000 35.00000 0.37791 0.69231 1.00000 1.00000 0.40515 0.45997 0.35757 1.00000 1.00000 0.20929 0.71765 0.18182 0.33333 0.43429 0.21345 0.67262 0.23597 0.72042 1.00000 0.45455 1.00000 1.00000 0.42262 0.41581
61.00000 36.00000 0.37209 0.23077 1.00000 1.00000 0.37002 0.66314 0.47894 1.00000 1.00000 0.21121 0.68235 0.20816 0.33333 0.38286 0.21701 0.72024 0.21030 0.64341 1.00000 0.45455 1.00000 1.00000 0.42262 0.33658
61.00000 37.00000 0.54651 0.23077 1.00000 1.00000 0.33958 0.36387 0.51685 1.00000 1.00000 0.19397 0.65294 0.16014 0.33333 0.41714 0.20835 0.68452 0.23210 0.66997 1.00000 0.36364 1.00000 1.00000 0.52976 0.40282
61.00000 38.00000 0.53488 0.84615 1.00000 1.00000 0.45199 0.43864 0.44680 1.00000 0.93750 0.19253 0.71765 0.19439 0.33333 0.45143 0.18339 0.69643 0.23293 0.73177 1.00000 0.45455 1.00000 1.00000 0.51190 0.35551
61.00000 39.00000 0.80814 0.84615 1.00000 1.00000 0.38173 0.42396 0.51576 1.00000 1.00000 0.20833 0.65882 0.20188 0.33333 0.42857 0.20683 0.66071 0.21025 0.65886 1.00000 0.45455 1.00000 1.00000 0.51190 0.52936
61.00000 40.00000 0.37791 0.38462 1.00000 1.00000 0.41218 0.48170 0.38986 1.00000 1.00000 0.16810 0.65882 0.21685 0.33333 0.35429 0.19002 0.68452 0.21156 0.63761 1.00000 0.36364 1.00000 1.00000 0.47024 0.41859
61.00000 41.00000 0.33721 0.38462 1.00000 1.00000 0.28337 0.52261 0.50983 1.00000 1.00000 0.20450 0.70588 0.20026 0.33333 0.40571 0.19205 0.67857 0.19710 0.72912 1.00000 0.36364 1.00000 1.00000 0.44643 0.50385
61.00000 42.00000 0.46512 0.61538 1.00000 1.00000 0.44731 0.41143 0.30733 1.00000 1.00000 0.20738 0.68824 0.20446 0.33333 0.47429 0.19868 0.68452 0.22948 0.66441 1.00000 0.27273 1.00000 1.00000 0.38095 0.44216
61.00000 43.00000 0.48256 0.15385 1.00000 1.00000 0.32319 0.38990 0.48612 1.00000 1.00000 0.20402 0.70000 0.15330 0.33333 0.38286 0.24554 0.66667 0.21549 0.62023 1.00000 0.27273 1.00000 1.00000 0.42262 0.43594
61.00000 44.00000 0.47674 0.53846 1.00000 1.00000 0.37471 0.44745 0.39875 1.00000 1.00000 0.20354 0.67059 0.20409 0.33333 0.39429 0.20020 0.67262 0.19715 0.73612 1.00000 0.36364 1.00000 1.00000 0.33929 0.46192
61.00000 45.00000 0.58140 0.84615 1.00000 1.00000 0.39344 0.25034 0.47863 1.00000 1.00000 0.17433 0.70000 0.16897 0.33333 0.45714 0.18645 0.71429 0.21402 0.67262 1.00000 0.45455 1.00000 1.00000 0.36905 0.37870
61.00000 46.00000 0.63372 0.23077 1.00000 1.00000 0.20141 0.38579 0.43729 1.00000 1.00000 0.20402 0.68235 0.17392 0.33333 0.32571 0.22109 0.72024 0.23529 0.62216 1.00000 0.27273 1.00000 1.00000 0.51190 0.41618
61.00000 47.00000 0.60465 0.61538 1.00000 1.00000 0.28103 0.48092 0.55710 1.00000 1.00000 0.20929 0.66471 0.21634 0.33333 0.32000 0.22262 0.68452 0.21014 0.62554 1.00000 0.54545 1.00000 1.00000 0.41071 0.41720
61.00000 48.00000 0.51163 0.23077 1.00000 1.00000 0.43794 0.45899 0.52184 1.00000 1.00000 0.19684 0.65882 0.17724 0.33333 0.40000 0.20988 0.68452 0.20422 0.61299 1.00000 0.36364 1.00000 1.00000 0.44643 0.44587
61.00000 49.00000 0.50000 0.15385 1.00000 1.00000 0.29508 0.48111 0.43448 1.00000 1.00000 0.18822 0.70000 0.22295 0.33333 0.42857 0.21956 0.68452 0.21308 0.68952 1.00000 0.36364 1.00000 1.00000 0.56548 0.38538
61.00000 50.00000 0.63953 0.76923 1.00000 1.00000 0.36066 0.57663 0.31170 1.00000 1.00000 0.19349 0.68235 0.18048 0.33333 0.37143 0.20632 0.67262 0.21245 0.67986 1.00000 0.27273 1.00000 1.00000 0.43452 0.40078
61.00000 51.00000 0.40698 0.84615 1.00000 1.00000 0.33958 0.57565 0.39048 1.00000 1.00000 0.20690 0.70000 0.20793 0.33333 0.43429 0.24860 0.65476 0.24472 0.58474 1.00000 0.36364 1.00000 1.00000 0.30952 0.35282
61.00000 52.00000 0.60465 0.38462 1.00000 1.00000 0.37237 0.47211 0.41778 1.00000 1.00000 0.19588 0.67059 0.20331 0.33333 0.28571 0.18492 0.67857 0.25143 0.68035 1.00000 0.45455 1.00000 1.00000 0.45833 0.34901
61.00000 53.00000 0.34302 0.15385 1.00000 1.00000 0.53396 0.50186 0.39750 1.00000 1.00000 0.20067 0.68235 0.21288 0.33333 0.38857 0.24350 0.66071 0.23398 0.73781 1.00000 0.36364 1.00000 1.00000 0.45238 0.45524
61.00000 54.00000 0.44767 0.38462 1.00000 1.00000 0.35831 0.47681 0.46318 1.00000 1.00000 0.19109 0.68824 0.20206 0.33333 0.32571 0.22211 0.70238 0.20930 0.64099 1.00000 0.54545 1.00000 1.00000 0.41071 0.32907
61.00000 55.00000 0.52907 0.69231 1.00000 1.00000 0.46370 0.37933 0.50530 1.00000 1.00000 0.22079 0.70000 0.21237 0.33333 0.44571 0.18645 0.68452 0.22942 0.61492 1.00000 0.45455 1.00000 1.00000 0.49405 0.41340
61.00000 56.00000 0.48256 0.30769 1.00000 1.00000 0.29040 0.41613 0.45757 1.00000 1.00000 0.20642 0.68824 0.16097 0.33333 0.42857 0.19154 0.67262 0.21591 0.63472 1.00000 0.36364 1.00000 1.00000 0.45238 0.50802
61.00000 57.00000 0.40116 0.23077 1.00000 1.00000 0.27166 0.47309 0.38534 1.00000 1.00000 0.25766 0.66471 0.20340 0.33333 0.36571 0.20479 0.69643 0.22015 0.75954 1.00000 0.63636 1.00000 1.00000 0.42857 0.40096
61.00000 58.00000 0.52907 0.46154 1.00000 1.00000 0.30211 0.40575 0.35523 1.00000 1.00000 0.18295 0.69412 0.18686 0.33333 0.49714 0.21549 0.67262 0.20166 0.65596 1.00000 0.45455 1.00000 1.00000 0.50000 0.36701
61.00000 59.00000 0.69767 0.38462 1.00000 1.00000 0.38876 0.51439 0.51544 1.00000 1.00000 0.19780 0.70588 0.23400 0.33333 0.32571 0.19868 0.67857 0.25017 0.74626 1.00000 0.54545 1.00000 1.00000 0.38690 0.36729
61.00000 60.00000 0.11047 0.38462 1.00000 1.00000 0.31382 0.52319 0.44337 1.00000 1.00000 0.14990 0.70588 0.21223 0.33333 0.45143 0.17422 0.69048 0.23629 0.64655 1.00000 0.36364 1.00000 1.00000 0.42262 0.47574
61.00000 61.00000 0.31977 0.38462 1.00000 1.00000 0.49415 0.50401 0.40312 1.00000 1.00000 0.18487 0.70588 0.22032 0.33333 0.43429 0.18798 0.69048 0.22696 0.68035 1.00000 0.45455 1.00000 1.00000 0.43452 0.41692
61.00000 62.00000 0.33140 0.30769 1.00000 1.00000 0.46370 0.56586 0.47379 1.00000 1.00000 0.19732 0.67647 0.19573 0.33333 0.32000 0.20937 0.67262 0.22303 0.67407 1.00000 0.36364 1.00000 1.00000 0.30357 0.52361
61.00000 63.00000 0.59302 0.69231 1.00000 1.00000 0.36066 0.52026 0.48721 1.00000 1.00000 0.22031 0.67059 0.18991 0.33333 0.43429 0.18543 0.66071 0.21407 0.67021 1.00000 0.45455 1.00000 1.00000 0.33333 0.52463
61.00000 64.00000 0.53488 0.15385 1.00000 1.00000 0.56909 0.47133 0.44368 1.00000 1.00000 0.22701 0.67647 0.18690 0.33333 0.45714 0.19918 0.68452 0.20569 0.62265 1.00000 0.45455 1.00000 1.00000 0.40476 0.53947
61.00000 65.00000 0.47093 0.30769 1.00000 1.00000 0.40047 0.52280 0.41981 1.00000 1.00000 0.19780 0.68824 0.19051 0.33333 0.36000 0.17983 0.70238 0.19835 0.65934 1.00000 0.45455 1.00000 1.00000 0.33929 0.44986
61.00000 66.00000 0.39535 0.15385 1.00000 1.00000 0.38642 0.37091 0.48783 1.00000 1.00000 0.20642 0.70588 0.18903 0.33333 0.42286 0.19969 0.67262 0.23901 0.65355 1.00000 0.45455 1.00000 1.00000 0.47024 0.38055
61.00000 67.00000 0.47674 0.69231 1.00000 1.00000 0.38407 0.43492 0.43978 1.00000 1.00000 0.20211 0.65882 0.20132 0.33333 0.37714 0.18594 0.69643 0.18924 0.62047 1.00000 0.27273 1.00000 1.00000 0.40476 0.54142
61.00000 68.00000 0.64535 0.30769 1.00000 1.00000 0.54098 0.39812 0.38908 1.00000 1.00000 0.21456 0.71176 0.20950 0.33333 0.47429 0.22007 0.67262 0.22743 0.72211 1.00000 0.45455 1.00000 1.00000 0.44643 0.39104
61.00000 69.00000 0.73837 0.69231 1.00000 1.00000 0.49415 0.58407 0.47800 1.00000 1.00000 0.22510 0.68235 0.19628 0.33333 0.41143 0.17677 0.69643 0.23089 0.71994 1.00000 0.54545 1.00000 1.00000 0.44643 0.42082
61.00000 70.00000 0.44767 0.76923 1.00000 1.00000 0.38876 0.42454 0.30624 1.00000 1.00000 0.22174 0.68824 0.18385 0.33333 0.40571 0.22313 0.67262 0.23980 0.68518 1.00000 0.36364 1.00000 1.00000 0.45238 0.40839
61.00000 71.00000 0.54651 0.53846 1.00000 1.00000 0.43326 0.46232 0.52449 1.00000 1.00000 0.19875 0.70588 0.18861 0.33333 0.23429 0.21600 0.67857 0.22429 0.73708 1.00000 0.54545 1.00000 1.00000 0.36310 0.41080
61.00000 72.00000 0.42442 0.23077 1.00000 1.00000 0.47775 0.57643 0.41045 1.00000 1.00000 0.23659 0.68824 0.22716 0.33333 0.48571 0.17830 0.67262 0.26138 0.66224 1.00000 0.45455 1.00000 1.00000 0.39881 0.39865
61.00000 73.00000 0.33721 0.69231 1.00000 1.00000 0.41920 0.47035 0.42496 1.00000 1.00000 0.17960 0.68235 0.21491 0.33333 0.33714 0.21803 0.67857 0.21748 0.66586 1.00000 0.45455 1.00000 1.00000 0.43452 0.37712
61.00000 74.00000 0.22093 0.53846 1.00000 1.00000 0.47073 0.51517 0.57504 1.00000 1.00000 0.19828 0.66471 0.16786 0.33333 0.44571 0.20479 0.66667 0.20773 0.67238 1.00000 0.45455 1.00000 1.00000 0.42857 0.36608
61.00000 75.00000 0.36628 0.76923 1.00000 1.00000 0.51054 0.46115 0.37317 1.00000 1.00000 0.21216 0.69412 0.17683 0.33333 0.49143 0.18696 0.69048 0.22617 0.64075 1.00000 0.18182 1.00000 1.00000 0.46429 0.42972
61.00000 76.00000 0.73256 0.92308 1.00000 1.00000 0.43560 0.50029 0.48237 1.00000 1.00000 0.20594 0.68824 0.19314 0.33333 0.36571 0.20886 0.67262 0.23052 0.69773 1.00000 0.54545 1.00000 1.00000 0.39881 0.38909
61.00000 77.00000 0.72674 0.53846 1.00000 1.00000 0.38407 0.44568 0.38159 1.00000 1.00000 0.15326 0.69412 0.19781 0.33333 0.44000 0.19715 0.69048 0.22052 0.59561 1.00000 0.36364 1.00000 1.00000 0.40476 0.48047
61.00000 78.00000 0.29651 0.46154 1.00000 1.00000 0.34895 0.45899 0.48549 1.00000 1.00000 0.21360 0.64706 0.21186 0.33333 0.41143 0.18798 0.67262 0.23099 0.59561 1.00000 0.45455 1.00000 1.00000 0.39286 0.37350
61.00000 79.00000 0.45349 0.46154 1.00000 1.00000 0.49180 0.43629 0.54696 1.00000 1.00000 0.21935 0.67647 0.22993 0.33333 0.44000 0.19358 0.68452 0.21213 0.70039 1.00000 0.36364 1.00000 1.00000 0.38690 0.45190
61.00000 80.00000 0.48837 0.53846 1.00000 1.00000 0.46604 0.46545 0.40094 1.00000 1.00000 0.21025 0.70588 0.23894 0.33333 0.44000 0.19409 0.67857 0.22864 0.64486 1.00000 0.45455 1.00000 1.00000 0.48214 0.50459
61.00000 81.00000 0.32558 0.30769 1.00000 1.00000 0.50117 0.54120 0.44899 1.00000 1.00000 0.20785 0.68824 0.22572 0.33333 0.44000 0.23535 0.67857 0.23681 0.61275 1.00000 0.36364 1.00000 1.00000 0.41667 0.37796
61.00000 82.00000 0.63372 0.46154 1.00000 1.00000 0.46370 0.46898 0.46427 1.00000 1.00000 0.18391 0.68824 0.20428 0.33333 0.52000 0.21600 0.66667 0.23058 0.63496 1.00000 0.54545 1.00000 1.00000 0.36310 0.38083
61.00000 83.00000 0.39535 0.53846 1.00000 1.00000 0.34192 0.45645 0.49735 1.00000 1.00000 0.16475 0.69412 0.20678 0.33333 0.48000 0.20785 0.72024 0.23079 0.66055 1.00000 0.27273 1.00000 1.00000 0.47024 0.41432
61.00000 84.00000 0.25581 0.92308 1.00000 1.00000 0.46370 0.60070 0.52106 1.00000 1.00000 0.18151 0.68824 0.23280 0.33333 0.45714 0.17983 0.68452 0.19720 0.67455 1.00000 0.45455 1.00000 1.00000 0.45833 0.42100
61.00000 85.00000 0.50000 0.76923 1.00000 1.00000 0.48478 0.48268 0.41498 1.00000 1.00000 0.19444 0.65882 0.18732 0.33333 0.47429 0.22313 0.70833 0.22219 0.64944 1.00000 0.54545 1.00000 1.00000 0.41667 0.34103
61.00000 86.00000 0.76163 0.38462 1.00000 1.00000 0.37705 0.48307 0.46474 1.00000 1.00000 0.20019 0.71176 0.21764 0.33333 0.41714 0.20377 0.69643 0.21297 0.67914 1.00000 0.54545 1.00000 1.00000 0.33333 0.59467
61.00000 87.00000 0.44186 0.61538 1.00000 1.00000 0.28571 0.62537 0.46708 1.00000 1.00000 0.19157 0.68824 0.22716 0.33333 0.40000 0.18034 0.69643 0.21460 0.73322 1.00000 0.36364 1.00000 1.00000 0.37500 0.48344
61.00000 88.00000 0.37209 0.53846 1.00000 1.00000 0.44496 0.37933 0.36817 1.00000 1.00000 0.22079 0.71176 0.19245 0.33333 0.48571 0.17269 0.66667 0.22109 0.67793 1.00000 0.54545 1.00000 1.00000 0.41071 0.35495
61.00000 89.00000 0.54070 0.61538 1.00000 1.00000 0.29742 0.68565 0.43401 1.00000 1.00000 0.17337 0.70588 0.22258 0.33333 0.38286 0.18594 0.68452 0.25258 0.60888 1.00000 0.45455 1.00000 1.00000 0.33333 0.40690
61.00000 90.00000 0.38953 0.30769 1.00000 1.00000 0.37939 0.66197 0.48877 1.00000 1.00000 0.18199 0.67647 0.17188 0.33333 0.49143 0.19052 0.68452 0.21821 0.72211 1.00000 0.54545 1.00000 1.00000 0.35714 0.48437
61.00000 91.00000 0.63953 0.84615 1.00000 1.00000 0.44965 0.63026 0.44290 1.00000 1.00000 0.17433 0.68235 0.22938 0.33333 0.46286 0.20326 0.69643 0.26961 0.61685 1.00000 0.54545 1.00000 1.00000 0.37500 0.40106
61.00000 92.00000 0.63372 0.46154 1.00000 1.00000 0.40047 0.49971 0.45538 1.00000 1.00000 0.21600 0.70000 0.23608 0.33333 0.55429 0.20071 0.69643 0.23671 0.71415 1.00000 0.63636 1.00000 1.00000 0.48810 0.42778
61.00000 93.00000 0.46512 0.15385 1.00000 1.00000 0.32084 0.50793 0.54446 1.00000 1.00000 0.21791 0.67059 0.21990 0.33333 0.44000 0.21294 0.66667 0.20836 0.72332 1.00000 0.54545 1.00000 1.00000 0.39286 0.46368
61.00000 94.00000 0.37209 0.38462 1.00000 1.00000 0.46838 0.57311 0.34431 1.00000 1.00000 0.19588 0.69412 0.23696 0.33333 0.35429 0.17524 0.70238 0.23115 0.65645 1.00000 0.54545 1.00000 1.00000 0.32143 0.40737
61.00000 95.00000 0.44186 0.15385 1.00000 1.00000 0.36300 0.36308 0.51357 1.00000 1.00000 0.19013 0.68824 0.20299 0.33333 0.58857 0.20632 0.67262 0.20008 0.63641 1.00000 0.54545 1.00000 1.00000 0.41071 0.44522
61.00000 96.00000 0.35465 0.15385 1.00000 1.00000 0.44731 0.40986 0.39906 1.00000 1.00000 0.18247 0.68824 0.18565 0.33333 0.31429 0.22007 0.66071 0.22717 0.66417 1.00000 0.36364 1.00000 1.00000 0.47619 0.32610
61.00000 97.00000 0.61628 0.30769 1.00000 1.00000 0.33724 0.48522 0.36911 1.00000 1.00000 0.18343 0.68235 0.20932 0.33333 0.48000 0.17422 0.66667 0.23178 0.63858 1.00000 0.54545 1.00000 1.00000 0.32143 0.44939
61.00000 98.00000 0.26744 0.76923 1.00000 1.00000 0.58314 0.49109 0.47067 1.00000 1.00000 0.18295 0.70000 0.24444 0.33333 0.38857 0.17422 0.67857 0.22534 0.63592 1.00000 0.36364 1.00000 1.00000 0.49405 0.39456
61.00000 99.00000 0.60465 0.53846 1.00000 1.00000 0.37002 0.41711 0.42871 1.00000 1.00000 0.18247 0.72353 0.20271 0.33333 0.37714 0.19613 0.67857 0.22335 0.56591 1.00000 0.45455 1.00000 1.00000 0.36905 0.39234
61.00000 100.00000 0.50000 0.76923 1.00000 1.00000 0.41920 0.49951 0.48487 1.00000 1.00000 0.22557 0.70000 0.22156 0.33333 0.47429 0.18645 0.69048 0.26091 0.73081 1.00000 0.54545 1.00000 1.00000 0.41071 0.44039
61.00000 101.00000 0.50581 0.76923 1.00000 1.00000 0.30211 0.48953 0.57473 1.00000 1.00000 0.18678 0.72353 0.20580 0.33333 0.50286 0.17983 0.69643 0.25216 0.66900 1.00000 0.45455 1.00000 1.00000 0.37500 0.40653
61.00000 102.00000 0.63372 0.69231 1.00000 1.00000 0.42857 0.50949 0.44633 1.00000 1.00000 0.19444 0.69412 0.24546 0.33333 0.42857 0.18849 0.69048 0.22067 0.66803 1.00000 0.45455 1.00000 1.00000 0.55357 0.40820
61.00000 103.00000 0.36628 0.92308 1.00000 1.00000 0.51054 0.48581 0.50608 1.00000 1.00000 0.21169 0.68824 0.20821 0.33333 0.32000 0.17626 0.68452 0.20941 0.63689 1.00000 0.45455 1.00000 1.00000 0.45238 0.39122
61.00000 104.00000 0.49419 0.46154 1.00000 1.00000 0.43091 0.57095 0.43885 1.00000 1.00000 0.21552 0.66471 0.22291 0.33333 0.45714 0.19664 0.69048 0.23278 0.74964 1.00000 0.36364 1.00000 1.00000 0.32143 0.43845
61.00000 105.00000 0.61047 0.84615 1.00000 1.00000 0.37939 0.51360 0.50905 1.00000 1.00000 0.20067 0.69412 0.24061 0.33333 0.42286 0.18951 0.69048 0.26253 0.73346 1.00000 0.45455 1.00000 1.00000 0.42262 0.47203
61.00000 106.00000 0.30233 0.38462 1.00000 1.00000 0.29977 0.44862 0.52574 1.00000 1.00000 0.18199 0.68824 0.27550 0.33333 0.32571 0.17728 0.69048 0.23545 0.65958 1.00000 0.27273 1.00000 1.00000 0.37500 0.33445
61.00000 107.00000 0.52326 0.23077 1.00000 1.00000 0.30679 0.47935 0.51794 1.00000 1.00000 0.18008 0.71176 0.19619 0.33333 0.58286 0.17881 0.68452 0.20202 0.74964 1.00000 0.45455 1.00000 1.00000 0.47024 0.38621
61.00000 108.00000 0.29651 0.46154 1.00000 1.00000 0.55738 0.59190 0.48643 1.00000 1.00000 0.18966 0.65294 0.19245 0.33333 0.40000 0.20071 0.67857 0.24886 0.70352 1.00000 0.54545 1.00000 1.00000 0.43452 0.43761
61.00000 109.00000 0.38953 0.84615 1.00000 1.00000 0.58548 0.46506 0.49938 1.00000 1.00000 0.21360 0.68824 0.21630 0.33333 0.48000 0.20377 0.70833 0.21470 0.65138 1.00000 0.54545 1.00000 1.00000 0.39286 0.40430
61.00000 110.00000 0.43023 0.76923 1.00000 1.00000 0.44028 0.48503 0.45694 1.00000 1.00000 0.17241 0.69412 0.23908 0.33333 0.42857 0.15894 0.67262 0.22691 0.62385 1.00000 0.45455 1.00000 1.00000 0.40476 0.40894
61.00000 111.00000 0.60465 0.53846 1.00000 1.00000 0.58548 0.61010 0.43775 1.00000 1.00000 0.16044 0.67647 0.19749 0.33333 0.39429 0.20020 0.67262 0.25164 0.67600 1.00000 0.54545 1.00000 1.00000 0.38095 0.41794
61.00000 112.00000 0.56977 0.30769 1.00000 1.00000 0.50117 0.42768 0.39984 1.00000 1.00000 0.19349 0.71765 0.24255 0.33333 0.41143 0.15334 0.70238 0.27474 0.73491 1.00000 0.54545 1.00000 1.00000 0.39881 0.41154
61.00000 113.00000 0.39535 0.30769 1.00000 1.00000 0.33021 0.46369 0.38378 1.00000 1.00000 0.19444 0.71765 0.28770 0.33333 0.45714 0.21039 0.64881 0.25310 0.69097 1.00000 0.45455 1.00000 1.00000 0.35119 0.40625
61.00000 114.00000 0.59302 0.84615 1.00000 1.00000 0.37705 0.55334 0.49220 1.00000 1.00000 0.18487 0.70588 0.22942 0.33333 0.46286 0.19918 0.72024 0.26474 0.77233 1.00000 0.45455 1.00000 1.00000 0.44048 0.40579
61.00000 115.00000 0.55814 0.30769 1.00000 1.00000 0.37002 0.54101 0.49392 1.00000 1.00000 0.17385 0.68824 0.25835 0.33333 0.44000 0.18390 0.69048 0.22403 0.64051 1.00000 0.45455 1.00000 1.00000 0.28571 0.34781
61.00000 116.00000 0.38953 0.84615 1.00000 1.00000 0.40047 0.35956 0.50390 1.00000 1.00000 0.16571 0.70000 0.24934 0.33333 0.41143 0.18798 0.70238 0.27385 0.73877 1.00000 0.54545 1.00000 1.00000 0.35714 0.32888
61.00000 117.00000 0.35465 0.46154 1.00000 1.00000 0.40515 0.42259 0.55632 1.00000 1.00000 0.18630 0.67059 0.23931 0.33333 0.57143 0.19511 0.67262 0.23655 0.81048 1.00000 0.54545 1.00000 1.00000 0.44643 0.48353
61.00000 118.00000 0.57558 0.30769 1.00000 1.00000 0.41686 0.49207 0.44384 1.00000 1.00000 0.21216 0.70000 0.23039 0.33333 0.56000 0.17524 0.67857 0.25782 0.68856 1.00000 0.36364 1.00000 1.00000 0.38095 0.31645
61.00000 119.00000 0.28488 0.46154 1.00000 1.00000 0.37237 0.56802 0.61872 1.00000 1.00000 0.17193 0.67059 0.21334 0.33333 0.46286 0.17728 0.69048 0.24027 0.72501 1.00000 0.45455 1.00000 1.00000 0.30952 0.42360
61.00000 120.00000 0.65698 0.76923 1.00000 1.00000 0.33724 0.56567 0.53635 1.00000 1.00000 0.14416 0.71176 0.25600 0.33333 0.53143 0.16505 0.65476 0.24153 0.66900 1.00000 0.45455 1.00000 1.00000 0.36310 0.34586
61.00000 121.00000 0.79070 0.23077 1.00000 1.00000 0.41920 0.45958 0.54025 1.00000 1.00000 0.19013 0.70588 0.23515 0.33333 0.50857 0.18441 0.69048 0.23948 0.75881 1.00000 0.45455 1.00000 1.00000 0.29762 0.37703
61.00000 122.00000 0.47093 0.76923 1.00000 1.00000 0.48009 0.51419 0.45554 1.00000 1.00000 0.18295 0.68235 0.21782 0.33333 0.45143 0.19154 0.71429 0.27280 0.63955 1.00000 0.54545 1.00000 1.00000 0.38690 0.39224
61.00000 123.00000 0.50581 0.38462 1.00000 1.00000 0.47541 0.53122 0.50250 1.00000 1.00000 0.22366 0.69412 0.24865 0.33333 0.60571 0.17830 0.70238 0.27071 0.69821 1.00000 0.54545 1.00000 1.00000 0.39286 0.38278
61.00000 124.00000 0.50581 0.23077 1.00000 1.00000 0.40047 0.61264 0.45647 1.00000 1.00000 0.20546 0.70000 0.28303 0.33333 0.35429 0.17932 0.67857 0.25468 0.77933 1.00000 0.54545 1.00000 1.00000 0.38690 0.39401
61.00000 125.00000 0.55233 0.69231 1.00000 1.00000 0.38876 0.49070 0.45008 1.00000 1.00000 0.18199 0.65294 0.25299 0.33333 0.47429 0.18594 0.69643 0.26877 0.71246 1.00000 0.36364 1.00000 1.00000 0.32143 0.37657
61.00000 126.00000 0.37791 0.23077 1.00000 1.00000 0.38642 0.57350 0.53619 1.00000 1.00000 0.21695 0.74118 0.28424 0.33333 0.49143 0.15894 0.66071 0.30162 0.71197 1.00000 0.45455 1.00000 1.00000 0.27976 0.39707
61.00000 127.00000 0.56977 0.53846 1.00000 1.00000 0.38876 0.52182 0.52543 1.00000 1.00000 0.13362 0.69412 0.25202 0.33333 0.48571 0.16709 0.66071 0.26636 0.74650 1.00000 0.45455 1.00000 1.00000 0.33929 0.41358
61.00000 128.00000 0.77907 0.23077 1.00000 1.00000 0.37705 0.55001 0.51170 1.00000 1.00000 0.16619 0.69412 0.24195 0.33333 0.61714 0.17320 0.69643 0.28863 0.67166 1.00000 0.45455 1.00000 1.00000 0.39881 0.26171
61.00000 129.00000 0.43605 0.84615 1.00000 1.00000 0.37237 0.62145 0.53011 1.00000 1.00000 0.18008 0.70000 0.26265 0.33333 0.58857 0.20428 0.71429 0.27810 0.69073 1.00000 0.36364 1.00000 1.00000 0.45238 0.36961
61.00000 130.00000 0.47674 0.46154 1.00000 1.00000 0.41686 0.51967 0.54134 1.00000 1.00000 0.16427 0.70000 0.26677 0.33333 0.48000 0.15894 0.66667 0.25457 0.75254 1.00000 0.45455 1.00000 1.00000 0.32143 0.40087
61.00000 131.00000 0.55233 0.61538 1.00000 1.00000 0.40749 0.42905 0.49969 1.00000 1.00000 0.21025 0.70588 0.27236 0.33333 0.56000 0.17881 0.68452 0.28695 0.63979 1.00000 0.63636 1.00000 1.00000 0.27381 0.25077
61.00000 132.00000 0.16279 0.84615 1.00000 1.00000 0.36768 0.55158 0.51638 1.00000 1.00000 0.18151 0.71765 0.27827 0.33333 0.53143 0.16302 0.68452 0.28695 0.67986 1.00000 0.45455 1.00000 1.00000 0.33929 0.39234
61.00000 133.00000 0.52326 0.23077 1.00000 1.00000 0.48009 0.47289 0.48159 1.00000 1.00000 0.19444 0.69412 0.27712 0.33333 0.50286 0.21039 0.67262 0.28983 0.66248 1.00000 0.45455 1.00000 1.00000 0.39881 0.28240
61.00000 134.00000 0.63953 0.46154 1.00000 1.00000 0.45667 0.64181 0.46973 1.00000 1.00000 0.16954 0.72941 0.25651 0.33333 0.40000 0.19511 0.64286 0.27443 0.64848 1.00000 0.36364 1.00000 1.00000 0.31548 0.31552
61.00000 135.00000 0.19767 0.30769 1.00000 1.00000 0.44965 0.60168 0.51856 1.00000 1.00000 0.18056 0.67059 0.29316 0.33333 0.60000 0.18798 0.70833 0.30691 0.70956 1.00000 0.45455 1.00000 1.00000 0.30357 0.34280
61.00000 136.00000 0.62209 0.46154 1.00000 1.00000 0.56206 0.36778 0.52574 1.00000 1.00000 0.16715 0.73529 0.24971 0.33333 0.50286 0.17728 0.69643 0.25803 0.68687 1.00000 0.54545 1.00000 1.00000 0.35714 0.29817
61.00000 137.00000 0.50581 0.76923 1.00000 1.00000 0.48009 0.66471 0.48003 1.00000 1.00000 0.13554 0.68235 0.25207 0.33333 0.54286 0.16353 0.71429 0.30083 0.60092 1.00000 0.45455 1.00000 1.00000 0.32738 0.38055
61.00000 138.00000 0.31395 0.76923 1.00000 1.00000 0.31382 0.55236 0.55351 1.00000 1.00000 0.15374 0.71765 0.25188 0.33333 0.54286 0.21039 0.71429 0.28318 0.75688 1.00000 0.45455 1.00000 1.00000 0.31548 0.33166
61.00000 139.00000 0.30233 0.15385 1.00000 1.00000 0.52459 0.48405 0.48892 1.00000 1.00000 0.16523 0.70588 0.28627 0.33333 0.57714 0.20020 0.72024 0.27967 0.67745 1.00000 0.45455 1.00000 1.00000 0.43452 0.37044
61.00000 140.00000 0.58140 0.61538 1.00000 1.00000 0.54098 0.50597 0.54743 1.00000 1.00000 0.20642 0.70588 0.28132 0.33333 0.47429 0.19409 0.71429 0.28643 0.72936 1.00000 0.45455 1.00000 1.00000 0.41071 0.34669
61.00000 141.00000 0.68605 0.15385 1.00000 1.00000 0.46838 0.48072 0.45913 1.00000 1.00000 0.16427 0.70588 0.30605 0.33333 0.68000 0.15028 0.71429 0.30120 0.69604 1.00000 0.54545 1.00000 1.00000 0.39286 0.28453
61.00000 142.00000 0.42442 0.15385 1.00000 1.00000 0.47307 0.54375 0.47660 1.00000 1.00000 0.16140 0.68235 0.31673 0.33333 0.55429 0.18900 0.69643 0.28868 0.77523 1.00000 0.45455 1.00000 1.00000 0.25000 0.45255
61.00000 143.00000 0.08140 0.61538 1.00000 1.00000 0.58782 0.57193 0.59782 1.00000 1.00000 0.16331 0.68824 0.31021 0.33333 0.56000 0.17830 0.70238 0.27322 0.63882 1.00000 0.63636 1.00000 1.00000 0.38690 0.37935
61.00000 144.00000 0.55814 0.38462 1.00000 1.00000 0.48244 0.49305 0.59204 1.00000 1.00000 0.13889 0.71765 0.26644 0.33333 0.38857 0.17066 0.69048 0.29994 0.72622 1.00000 0.54545 1.00000 1.00000 0.22619 0.42240
61.00000 145.00000 0.57558 0.76923 1.00000 1.00000 0.44262 0.57134 0.63619 1.00000 1.00000 0.18391 0.72353 0.29505 0.33333 0.50857 0.16098 0.70238 0.29224 0.72308 1.00000 0.72727 1.00000 1.00000 0.46429 0.29103
61.00000 146.00000 0.38372 0.38462 1.00000 1.00000 0.52927 0.43707 0.48253 1.00000 1.00000 0.17672 0.68824 0.31215 0.33333 0.51429 0.16556 0.67857 0.31267 0.75085 1.00000 0.54545 1.00000 1.00000 0.26786 0.33120
61.00000 147.00000 0.45349 0.46154 1.00000 1.00000 0.54098 0.46741 0.62746 1.00000 1.00000 0.20402 0.71176 0.28853 0.33333 0.51429 0.19103 0.67857 0.32551 0.72549 1.00000 0.54545 1.00000 1.00000 0.25000 0.37759
61.00000 148.00000 0.38953 0.53846 1.00000 1.00000 0.45199 0.57154 0.57956 1.00000 1.00000 0.15374 0.71765 0.28322 0.33333 0.56000 0.16913 0.68452 0.31005 0.73443 1.00000 0.36364 1.00000 1.00000 0.46429 0.35764
61.00000 149.00000 0.80233 0.46154 1.00000 1.00000 0.51288 0.51556 0.50671 1.00000 1.00000 0.16571 0.70588 0.32024 0.33333 0.56571 0.21651 0.63690 0.30675 0.69290 1.00000 0.36364 1.00000 1.00000 0.38095 0.33862
61.00000 150.00000 0.45349 0.69231 1.00000 1.00000 0.36300 0.59601 0.53214 1.00000 1.00000 0.15852 0.70000 0.29487 0.33333 0.53714 0.15690 0.73214 0.32650 0.71970 1.00000 0.45455 1.00000 1.00000 0.36905 0.29660
61.00000 151.00000 0.68023 0.38462 1.00000 1.00000 0.46838 0.60247 0.51186 1.00000 1.00000 0.19061 0.68235 0.31067 0.33333 0.48000 0.13856 0.69643 0.30361 0.67310 1.00000 0.72727 1.00000 1.00000 0.23214 0.41757
61.00000 152.00000 0.45349 0.46154 1.00000 1.00000 0.51522 0.70288 0.51420 1.00000 1.00000 0.19157 0.67647 0.31307 0.33333 0.60000 0.18747 0.67262 0.34301 0.71704 1.00000 0.54545 1.00000 1.00000 0.39286 0.33148
61.00000 153.00000 0.49419 0.61538 1.00000 1.00000 0.47775 0.74927 0.58393 1.00000 1.00000 0.18151 0.76471 0.33526 0.33333 0.51429 0.19052 0.68452 0.34091 0.70666 1.00000 0.54545 1.00000 1.00000 0.37500 0.35708
61.00000 154.00000 0.37791 0.23077 1.00000 1.00000 0.62763 0.60971 0.54836 1.00000 1.00000 0.17577 0.68235 0.32907 0.33333 0.60571 0.16607 0.70238 0.31351 0.73950 1.00000 0.63636 1.00000 1.00000 0.22619 0.43947
61.00000 155.00000 0.18605 0.69231 1.00000 1.00000 0.45667 0.62595 0.54493 1.00000 1.00000 0.15852 0.70588 0.32306 0.33333 0.62857 0.17626 0.68452 0.35778 0.80324 1.00000 0.54545 1.00000 1.00000 0.30952 0.30105
61.00000 156.00000 0.38953 0.69231 1.00000 1.00000 0.49415 0.51693 0.66490 1.00000 1.00000 0.17864 0.68824 0.32643 0.33333 0.55429 0.18441 0.69048 0.36501 0.74795 1.00000 0.54545 1.00000 1.00000 0.32143 0.39410
61.00000 157.00000 0.70349 0.69231 1.00000 1.00000 0.56206 0.66412 0.57722 1.00000 1.00000 0.15421 0.71765 0.32042 0.33333 0.52000 0.15894 0.67857 0.33122 0.73201 1.00000 0.54545 1.00000 1.00000 0.36310 0.40505
61.00000 158.00000 0.61628 0.53846 1.00000 1.00000 0.41452 0.54649 0.65585 1.00000 1.00000 0.15278 0.73529 0.33683 0.33333 0.65143 0.15792 0.70238 0.36821 0.73974 1.00000 0.63636 1.00000 1.00000 0.32143 0.25995
61.00000 159.00000 0.63372 0.23077 1.00000 1.00000 0.44731 0.63868 0.48128 1.00000 1.00000 0.14895 0.71765 0.34801 0.33333 0.56000 0.15385 0.68452 0.39163 0.80831 1.00000 0.72727 1.00000 1.00000 0.31548 0.32619
61.00000 160.00000 0.24419 0.53846 1.00000 1.00000 0.59251 0.66138 0.66615 1.00000 1.00000 0.15757 0.74706 0.36525 0.33333 0.49143 0.16964 0.69643 0.33374 0.75857 1.00000 0.72727 1.00000 1.00000 0.30357 0.31376
61.00000 161.00000 0.25581 0.53846 1.00000 1.00000 0.60890 0.61284 0.59797 1.00000 1.00000 0.14895 0.70000 0.36188 0.33333 0.65143 0.14060 0.68452 0.36166 0.82931 1.00000 0.72727 1.00000 1.00000 0.42262 0.31320
61.00000 162.00000 0.16279 0.53846 1.00000 1.00000 0.45902 0.57859 0.52839 1.00000 1.00000 0.15900 0.72353 0.34594 0.33333 0.56000 0.15690 0.70833 0.33557 0.70328 1.00000 0.54545 1.00000 1.00000 0.29167 0.31431
61.00000 163.00000 0.48256 0.30769 1.00000 1.00000 0.58080 0.54257 0.59672 1.00000 1.00000 0.15852 0.67647 0.31922 0.33333 0.61143 0.16658 0.69643 0.34117 0.69628 1.00000 0.54545 1.00000 1.00000 0.33333 0.32767
61.00000 164.00000 0.54070 0.38462 1.00000 1.00000 0.54333 0.65336 0.62917 1.00000 1.00000 0.19492 0.72353 0.35435 0.33333 0.54286 0.13500 0.69048 0.38487 0.71101 1.00000 0.72727 1.00000 1.00000 0.31548 0.30365
61.00000 165.00000 0.51163 0.84615 1.00000 1.00000 0.62529 0.51908 0.76630 1.00000 1.00000 0.13266 0.70000 0.37796 0.33333 0.71429 0.17320 0.70238 0.35375 0.73250 1.00000 0.63636 1.00000 1.00000 0.30357 0.30244
61.00000 166.00000 0.45930 0.46154 1.00000 1.00000 0.47541 0.52633 0.62995 1.00000 1.00000 0.14272 0.71176 0.37343 0.33333 0.52000 0.15741 0.67857 0.40279 0.76316 1.00000 0.45455 1.00000 1.00000 0.31548 0.29854
61.00000 167.00000 0.38372 0.84615 1.00000 1.00000 0.51054 0.59620 0.76459 1.00000 1.00000 0.17337 0.71176 0.38485 0.33333 0.67429 0.17524 0.68452 0.40735 0.74336 1.00000 0.72727 1.00000 1.00000 0.38095 0.27776
61.00000 168.00000 0.59884 0.61538 1.00000 1.00000 0.46838 0.50871 0.58830 1.00000 1.00000 0.16188 0.70588 0.40537 0.33333 0.55429 0.15996 0.69048 0.37643 0.83124 1.00000 0.54545 1.00000 1.00000 0.24405 0.22395
61.00000 169.00000 0.54651 0.53846 1.00000 1.00000 0.50351 0.78489 0.68456 1.00000 1.00000 0.10105 0.71765 0.39359 0.33333 0.66857 0.14620 0.71429 0.37701 0.80951 1.00000 0.63636 1.00000 1.00000 0.23214 0.25225
61.00000 170.00000 0.69186 0.84615 1.00000 1.00000 0.49649 0.75905 0.59407 1.00000 1.00000 0.13410 0.69412 0.38628 0.33333 0.56571 0.15996 0.72024 0.38634 0.80493 1.00000 0.72727 1.00000 1.00000 0.30357 0.37647
61.00000 171.00000 0.61047 0.76923 1.00000 1.00000 0.62061 0.62341 0.62668 1.00000 1.00000 0.14607 0.72353 0.42423 0.33333 0.53714 0.13245 0.74405 0.40850 0.74408 1.00000 0.72727 1.00000 1.00000 0.29167 0.38501
61.00000 172.00000 0.43605 0.69231 1.00000 1.00000 0.57143 0.62517 0.72215 1.00000 1.00000 0.10441 0.74118 0.41660 0.33333 0.74286 0.15028 0.69048 0.40279 0.82134 1.00000 0.63636 1.00000 1.00000 0.27381 0.27396
61.00000 173.00000 0.47674 0.15385 1.00000 1.00000 0.52225 0.71599 0.66505 1.00000 1.00000 0.16188 0.74118 0.41951 0.33333 0.55429 0.14824 0.72619 0.39089 0.72960 1.00000 0.63636 1.00000 1.00000 0.21429 0.28351
61.00000 174.00000 0.43605 0.46154 1.00000 1.00000 0.59485 0.58798 0.55179 1.00000 1.00000 0.15278 0.72941 0.40593 0.33333 0.58857 0.15639 0.70238 0.42301 0.70232 1.00000 0.63636 1.00000 1.00000 0.26786 0.26218
61.00000 175.00000 0.22093 0.61538 1.00000 1.00000 0.56674 0.69603 0.64415 1.00000 1.00000 0.11973 0.70000 0.39460 0.33333 0.64000 0.14722 0.70238 0.40237 0.76509 1.00000 0.63636 1.00000 1.00000 0.30357 0.32387
61.00000 176.00000 0.42442 0.30769 1.00000 1.00000 0.34192 0.59718 0.55133 1.00000 1.00000 0.10201 0.70588 0.41942 0.33333 0.58286 0.16353 0.69643 0.42736 0.78609 1.00000 0.72727 1.00000 1.00000 0.29762 0.23676
61.00000 177.00000 0.50000 0.38462 1.00000 1.00000 0.63466 0.57350 0.62559 1.00000 1.00000 0.10920 0.71176 0.44105 0.33333 0.58857 0.13856 0.74405 0.42002 0.73346 1.00000 0.72727 1.00000 1.00000 0.20833 0.27572
61.00000 178.00000 0.59302 0.69231 1.00000 1.00000 0.51054 0.65492 0.71186 1.00000 1.00000 0.15278 0.72941 0.45159 0.33333 0.67429 0.13856 0.70238 0.43522 0.82424 1.00000 0.54545 1.00000 1.00000 0.26190 0.29864
61.00000 179.00000 0.35465 0.84615 1.00000 1.00000 0.55738 0.77686 0.67176 1.00000 1.00000 0.11159 0.71765 0.45394 0.33333 0.62857 0.16658 0.67857 0.42809 0.71439 1.00000 0.72727 1.00000 1.00000 0.22619 0.23648
61.00000 180.00000 0.53488 0.76923 1.00000 1.00000 0.73536 0.61343 0.69329 1.00000 1.00000 0.12261 0.71765 0.45436 0.33333 0.65143 0.11971 0.71429 0.45361 0.79189 1.00000 0.72727 1.00000 1.00000 0.14286 0.43650
61.00000 181.00000 0.59884 0.23077 1.00000 1.00000 0.57845 0.73106 0.60764 1.00000 1.00000 0.15134 0.71176 0.48551 0.33333 0.65714 0.13041 0.69643 0.46859 0.77982 1.00000 0.72727 1.00000 1.00000 0.24405 0.31979
61.00000 182.00000 0.50581 0.30769 1.00000 1.00000 0.62295 0.56763 0.79844 1.00000 1.00000 0.16475 0.71176 0.49083 0.33333 0.69143 0.15537 0.73214 0.47954 0.85514 1.00000 0.63636 1.00000 1.00000 0.16667 0.45227
61.00000 183.00000 0.38372 0.46154 1.00000 1.00000 0.59953 0.43159 0.64914 1.00000 1.00000 0.14080 0.70588 0.47146 0.33333 0.62286 0.16454 0.71429 0.48457 0.78803 1.00000 0.54545 1.00000 1.00000 0.25595 0.28129
61.00000 184.00000 0.58721 0.23077 1.00000 1.00000 0.54333 0.67273 0.70530 1.00000 1.00000 0.09531 0.73529 0.43694 0.33333 0.70857 0.12328 0.71429 0.49814 0.81845 1.00000 0.63636 1.00000 1.00000 0.26190 0.30003
61.00000 185.00000 0.43605 0.53846 1.00000 1.00000 0.48712 0.71521 0.73151 1.00000 1.00000 0.13602 0.72353 0.49291 0.33333 0.68000 0.18136 0.75595 0.49751 0.91671 1.00000 0.54545 1.00000 1.00000 0.21429 0.24409
61.00000 186.00000 0.50581 0.46154 1.00000 1.00000 0.57143 0.74848 0.79048 1.00000 1.00000 0.12356 0.71765 0.50099 0.33333 0.77714 0.17015 0.71429 0.50558 0.81965 1.00000 0.54545 1.00000 1.00000 0.20238 0.33797
61.00000 187.00000 0.41860 0.23077 1.00000 1.00000 0.62061 0.66530 0.69953 1.00000 1.00000 0.13985 0.71176 0.52752 0.33333 0.62286 0.11564 0.72619 0.49573 0.93988 1.00000 0.81818 1.00000 1.00000 0.15476 0.23267
61.00000 188.00000 0.58140 0.61538 1.00000 1.00000 0.67447 0.58152 0.72340 1.00000 1.00000 0.12835 0.72353 0.54878 0.33333 0.73143 0.15487 0.70833 0.52182 0.83824 1.00000 0.81818 1.00000 1.00000 0.22619 0.22377
61.00000 189.00000 0.62209 0.69231 1.00000 1.00000 0.60890 0.70953 0.68159 1.00000 1.00000 0.11638 0.69412 0.52147 0.33333 0.65143 0.14570 0.72619 0.48593 0.89594 1.00000 0.81818 1.00000 1.00000 0.22024 0.16003
61.00000 190.00000 0.61628 0.46154 1.00000 1.00000 0.55504 0.84361 0.72153 1.00000 1.00000 0.12356 0.71176 0.56445 0.33333 0.74857 0.11971 0.74405 0.51192 0.88363 1.00000 0.63636 1.00000 1.00000 0.25595 0.20503
61.00000 191.00000 0.51163 0.69231 1.00000 1.00000 0.62529 0.74359 0.75133 1.00000 1.00000 0.06226 0.75294 0.52290 0.33333 0.77714 0.13041 0.72024 0.54451 0.71656 1.00000 0.90909 1.00000 1.00000 0.24405 0.19492
61.00000 192.00000 0.36047 0.84615 1.00000 1.00000 0.67681 0.76121 0.73385 1.00000 1.00000 0.10776 0.75294 0.52775 0.33333 0.73143 0.11615 0.73214 0.52947 0.82907 1.00000 0.63636 1.00000 1.00000 0.16071 0.18360
61.00000 193.00000 0.62209 0.23077 1.00000 1.00000 0.65574 0.76081 0.74134 1.00000 1.00000 0.10297 0.70000 0.55331 0.33333 0.77714 0.11615 0.76190 0.55252 0.89619 1.00000 0.81818 1.00000 1.00000 0.20238 0.21022
61.00000 194.00000 0.52907 0.15385 1.00000 1.00000 0.70960 0.74026 0.75195 1.00000 1.00000 0.14368 0.74118 0.58539 0.33333 0.73143 0.09526 0.74405 0.57935 0.88580 1.00000 0.81818 1.00000 1.00000 0.22619 0.22024
61.00000 195.00000 0.49419 0.76923 1.00000 1.00000 0.70960 0.66960 0.65538 1.00000 1.00000 0.07471 0.71176 0.61141 0.33333 0.81714 0.10851 0.75595 0.59318 0.85249 1.00000 0.72727 1.00000 1.00000 0.04762 0.23629
61.00000 196.00000 0.39535 0.69231 1.00000 1.00000 0.59953 0.67724 0.75881 1.00000 1.00000 0.08142 0.75882 0.59768 0.33333 0.86857 0.10545 0.71429 0.58197 0.86528 1.00000 0.45455 1.00000 1.00000 0.14881 0.24798
61.00000 197.00000 0.45349 0.76923 1.00000 1.00000 0.59016 0.81190 0.78565 1.00000 1.00000 0.10345 0.72941 0.59394 0.33333 0.80571 0.10392 0.73810 0.62938 0.81796 1.00000 0.81818 1.00000 1.00000 0.13095 0.28760
61.00000 198.00000 0.61047 0.30769 1.00000 1.00000 0.73536 0.69564 0.92574 1.00000 1.00000 0.09100 0.74118 0.61825 0.33333 0.82857 0.12022 0.73214 0.61592 0.95220 1.00000 0.72727 1.00000 1.00000 0.08929 0.14027
61.00000 199.00000 0.72093 0.53846 1.00000 1.00000 0.73770 0.74535 0.73931 1.00000 1.00000 0.11877 0.75882 0.62375 0.33333 0.77714 0.09475 0.72619 0.57568 0.86480 1.00000 1.00000 1.00000 1.00000 0.12500 0.19788
