54.00000 1.00000 0.99984 0.99869 1.00000 0.00000 0.13047 0.29638 0.25726 0.00000 0.00000 0.00473 0.62711 0.26769 0.24324 0.48371 0.00421 0.99283 0.55817 0.38434 0.00000 0.29167 0.62791 1.00000 0.01200 0.01851
54.00000 2.00000 0.59527 0.73634 0.00000 0.23809 0.01073 0.05309 0.06268 0.29318 0.20881 0.09241 0.00101 0.01677 0.02703 0.03257 0.08982 0.00152 0.05822 0.94632 0.00000 0.04167 0.00000 0.00000 0.13889 0.14560
54.00000 3.00000 0.47618 0.83230 1.00000 0.62699 0.66199 0.69587 0.55668 0.50794 0.50000 0.47272 0.86388 0.59842 0.40541 0.67345 0.47092 0.99366 0.50695 0.34113 0.00000 0.64583 0.86469 1.00000 0.48628 0.48700
54.00000 4.00000 0.23812 0.29905 1.00000 0.59794 0.63565 0.67217 0.69747 0.61718 0.61509 0.61541 0.85343 0.64614 0.89189 0.76792 0.61415 0.99358 0.66754 0.12895 1.00000 0.69792 0.85412 1.00000 0.63374 0.63383
54.00000 5.00000 0.47605 0.83195 1.00000 0.62699 0.66309 0.65404 0.54797 0.50794 0.50000 0.47179 0.86398 0.60163 0.40541 0.67752 0.47046 0.99352 0.49888 0.31916 1.00000 0.63542 0.86469 1.00000 0.49554 0.48465
54.00000 6.00000 0.83330 0.99905 1.00000 0.06027 0.18488 0.34658 0.25179 0.14659 0.14403 0.13596 0.65071 0.29270 0.24324 0.47231 0.13666 0.99322 0.51228 0.36435 0.00000 0.33333 0.65116 1.00000 0.16118 0.16207
54.00000 7.00000 0.99978 0.99929 1.00000 0.00000 0.12854 0.29866 0.24339 0.00000 0.00063 0.00492 0.62717 0.27453 0.24324 0.47476 0.00276 0.99286 0.54177 0.38522 0.00000 0.29167 0.62791 1.00000 0.00960 0.01958
54.00000 8.00000 0.47614 0.83135 1.00000 0.62699 0.66208 0.65014 0.57072 0.50794 0.50000 0.47110 0.86394 0.60425 0.40541 0.66042 0.47100 0.99347 0.49524 0.33359 0.00000 0.64583 0.86469 1.00000 0.49486 0.49373
54.00000 9.00000 0.99983 0.99762 1.00000 0.00000 0.12662 0.31231 0.23425 0.00000 0.00000 0.00248 0.62711 0.27183 0.24324 0.51221 0.00368 0.99272 0.54786 0.39067 0.00000 0.30208 0.62791 1.00000 0.01372 0.01945
54.00000 10.00000 0.23812 0.29715 1.00000 0.59794 0.63547 0.69980 0.69224 0.61718 0.61509 0.61427 0.85343 0.64148 0.89189 0.76466 0.61413 0.99372 0.66730 0.11925 1.00000 0.68750 0.85412 1.00000 0.62414 0.63242
54.00000 11.00000 0.47610 0.83135 1.00000 0.62699 0.66474 0.67138 0.54496 0.50794 0.49937 0.47298 0.86403 0.59454 0.40541 0.65147 0.47150 0.99366 0.49062 0.32791 0.00000 0.64583 0.86469 1.00000 0.49177 0.49232
54.00000 12.00000 0.99995 0.99786 1.00000 0.00000 0.13047 0.28704 0.24337 0.00000 0.00063 0.00344 0.62725 0.27282 0.24324 0.48534 0.00325 0.99297 0.55965 0.38825 0.00000 0.30208 0.62791 1.00000 0.02126 0.02101
54.00000 13.00000 0.83331 0.99762 1.00000 0.06027 0.18433 0.32786 0.26368 0.14659 0.14403 0.13863 0.65050 0.29733 0.24324 0.45928 0.13735 0.99303 0.50781 0.35545 0.00000 0.31250 0.65116 1.00000 0.15364 0.15741
54.00000 14.00000 0.59515 0.73634 0.00000 0.23809 0.01340 0.06236 0.06090 0.29318 0.20818 0.09052 0.00116 0.01604 0.02703 0.04805 0.09159 0.00154 0.05122 0.95650 0.00000 0.03125 0.00000 0.00000 0.14506 0.14454
54.00000 15.00000 0.47628 0.83230 1.00000 0.62699 0.66006 0.64453 0.55863 0.50794 0.50000 0.47127 0.86403 0.59769 0.40541 0.66531 0.47079 0.99352 0.49386 0.31942 0.00000 0.63542 0.86469 1.00000 0.48628 0.49162
54.00000 16.00000 0.83335 0.99822 1.00000 0.06027 0.18148 0.31610 0.26284 0.14659 0.14403 0.13584 0.65046 0.29535 0.24324 0.47231 0.13730 0.99314 0.51200 0.36222 0.00000 0.31250 0.65116 1.00000 0.15638 0.16390
54.00000 17.00000 0.59530 0.73860 0.00000 0.23809 0.01707 0.05797 0.06901 0.29318 0.20881 0.09202 0.00110 0.01723 0.02703 0.06922 0.09017 0.00154 0.05741 0.94354 0.00000 0.04167 0.00000 0.00000 0.14232 0.14694
54.00000 18.00000 0.83314 0.99762 1.00000 0.06027 0.18635 0.34187 0.26181 0.14659 0.14403 0.13718 0.65044 0.29404 0.24324 0.47964 0.13639 0.99325 0.50083 0.36211 0.00000 0.31250 0.65116 1.00000 0.16255 0.16805
54.00000 19.00000 0.47610 0.83242 1.00000 0.62699 0.65722 0.65437 0.54891 0.50794 0.50000 0.46983 0.86398 0.59486 0.40541 0.65554 0.46978 0.99336 0.49726 0.32762 0.00000 0.66667 0.86469 1.00000 0.48971 0.49751
54.00000 20.00000 0.59517 0.73717 0.00000 0.23809 0.00642 0.06225 0.06381 0.29318 0.20881 0.09248 0.00110 0.01693 0.02703 0.04235 0.08928 0.00157 0.07217 0.94153 0.00000 0.04167 0.00000 0.00000 0.13957 0.14857
54.00000 21.00000 0.99990 0.99762 1.00000 0.00000 0.12643 0.31139 0.26195 0.00000 0.00063 0.00344 0.62711 0.27100 0.24324 0.48616 0.00421 0.99286 0.55053 0.38902 0.00000 0.29167 0.62791 1.00000 0.01132 0.01968
54.00000 22.00000 0.83316 0.99893 1.00000 0.06027 0.18259 0.34414 0.26804 0.14659 0.14403 0.13751 0.65056 0.28961 0.24324 0.46743 0.13618 0.99317 0.51473 0.36109 0.00000 0.32292 0.65116 1.00000 0.15706 0.16011
54.00000 23.00000 0.47620 0.83207 1.00000 0.62699 0.65602 0.66897 0.55998 0.50794 0.49937 0.47122 0.86403 0.59624 0.37838 0.67508 0.47188 0.99330 0.49476 0.32392 0.00000 0.65625 0.86469 1.00000 0.49211 0.49133
54.00000 24.00000 0.59530 0.73824 0.00000 0.23809 0.00596 0.03923 0.06460 0.29318 0.20881 0.09107 0.00099 0.01871 0.02703 0.03420 0.08845 0.00149 0.05593 0.94775 0.00000 0.03125 0.00000 0.00000 0.14198 0.14235
54.00000 25.00000 0.99985 0.99893 1.00000 0.00000 0.13414 0.29102 0.24067 0.00000 0.00063 0.00475 0.62709 0.26348 0.24324 0.47964 0.00322 0.99275 0.55203 0.39499 0.00000 0.30208 0.62791 1.00000 0.01646 0.02038
54.00000 26.00000 0.83328 0.99917 1.00000 0.06027 0.18772 0.33864 0.26806 0.14659 0.14403 0.13708 0.65050 0.29171 0.24324 0.48371 0.13641 0.99311 0.51100 0.36856 0.00000 0.34375 0.65116 1.00000 0.15638 0.16681
54.00000 27.00000 0.23819 0.29691 1.00000 0.59794 0.63776 0.72011 0.68288 0.61718 0.61509 0.61513 0.85349 0.64126 0.89189 0.76384 0.61398 0.99361 0.65000 0.12643 1.00000 0.69792 0.85412 1.00000 0.63374 0.62774
54.00000 28.00000 0.59531 0.73634 0.00000 0.23809 0.01404 0.06101 0.04597 0.29318 0.20818 0.09307 0.00103 0.01953 0.02703 0.04235 0.09058 0.00149 0.05222 0.94314 0.00000 0.03125 0.00000 0.00000 0.14643 0.14278
54.00000 29.00000 0.23800 0.29691 1.00000 0.59794 0.63988 0.69828 0.69299 0.61718 0.61572 0.61639 0.85345 0.63869 0.89189 0.76221 0.61631 0.99374 0.65404 0.12731 1.00000 0.69792 0.85412 1.00000 0.62551 0.63243
54.00000 30.00000 0.99988 0.99905 1.00000 0.00000 0.12570 0.29516 0.25983 0.00000 0.00000 0.00492 0.62715 0.26652 0.24324 0.48127 0.00449 0.99289 0.55208 0.38291 0.00000 0.28125 0.62791 1.00000 0.01303 0.01576
54.00000 31.00000 0.47626 0.83254 1.00000 0.62699 0.65896 0.67875 0.53372 0.50794 0.50000 0.47165 0.86415 0.59785 0.40541 0.67264 0.47133 0.99352 0.49288 0.31008 0.00000 0.65625 0.86469 1.00000 0.49348 0.48802
54.00000 32.00000 0.83335 0.99976 1.00000 0.06027 0.18837 0.33539 0.26224 0.14659 0.14403 0.13739 0.65058 0.29362 0.24324 0.46987 0.13641 0.99317 0.51607 0.37610 0.00000 0.33333 0.65116 1.00000 0.15878 0.16340
54.00000 33.00000 0.59511 0.73634 0.00000 0.23809 0.01119 0.05811 0.04790 0.29318 0.20881 0.09248 0.00108 0.02193 0.02703 0.03420 0.09058 0.00149 0.05808 0.94065 0.00000 0.06250 0.00000 0.00000 0.14232 0.14127
54.00000 34.00000 0.47611 0.83135 1.00000 0.62699 0.66144 0.65621 0.55510 0.50794 0.50000 0.47150 0.86405 0.59910 0.37838 0.67427 0.47155 0.99358 0.49022 0.32678 0.00000 0.65625 0.86469 1.00000 0.49623 0.48909
54.00000 35.00000 0.83314 0.99798 1.00000 0.06027 0.18314 0.34590 0.25280 0.14659 0.14403 0.13651 0.65065 0.29506 0.24324 0.47150 0.13621 0.99306 0.51802 0.36204 0.00000 0.31250 0.65116 1.00000 0.15741 0.16195
54.00000 36.00000 0.23811 0.29691 1.00000 0.59794 0.63749 0.69229 0.70000 0.61718 0.61509 0.61279 0.85353 0.64970 0.89189 0.74349 0.61537 0.99369 0.66228 0.11760 1.00000 0.72917 0.85412 1.00000 0.62929 0.63257
54.00000 37.00000 0.23811 0.29751 1.00000 0.59794 0.63153 0.69183 0.69651 0.61718 0.61509 0.61505 0.85343 0.64140 0.89189 0.77036 0.61550 0.99369 0.64217 0.13635 1.00000 0.70833 0.85412 1.00000 0.63169 0.63053
54.00000 38.00000 0.83318 0.99964 1.00000 0.06027 0.18286 0.34384 0.24375 0.14659 0.14403 0.13868 0.65061 0.29080 0.24324 0.46661 0.13743 0.99306 0.51092 0.36892 0.00000 0.32292 0.65116 1.00000 0.16324 0.16632
54.00000 39.00000 0.23807 0.29917 1.00000 0.59794 0.63951 0.72751 0.69301 0.61718 0.61509 0.61510 0.85345 0.64571 0.89189 0.76792 0.61398 0.99363 0.66380 0.11383 1.00000 0.68750 0.85412 1.00000 0.62654 0.62848
54.00000 40.00000 0.47620 0.83361 1.00000 0.62699 0.66235 0.66033 0.54000 0.50794 0.50000 0.47177 0.86403 0.59711 0.40541 0.67508 0.47204 0.99358 0.50483 0.32894 0.00000 0.64583 0.86469 1.00000 0.49246 0.48236
54.00000 41.00000 0.99985 0.99810 1.00000 0.00000 0.13020 0.30557 0.25697 0.00000 0.00000 0.00389 0.62706 0.26921 0.24324 0.48046 0.00469 0.99278 0.54325 0.39063 0.00000 0.28125 0.62791 1.00000 0.01097 0.01993
54.00000 42.00000 0.47608 0.83171 1.00000 0.62699 0.66226 0.64556 0.53435 0.50794 0.50000 0.46888 0.86405 0.59991 0.40541 0.66612 0.47092 0.99341 0.50102 0.32989 0.00000 0.64583 0.86469 1.00000 0.49040 0.49055
54.00000 43.00000 0.23804 0.29810 1.00000 0.59794 0.63593 0.69479 0.68630 0.61718 0.61509 0.61324 0.85334 0.64238 0.89189 0.76873 0.61319 0.99366 0.65476 0.12170 1.00000 0.68750 0.85412 1.00000 0.62586 0.62460
54.00000 44.00000 0.59527 0.73634 0.00000 0.23809 0.01569 0.04031 0.06951 0.29318 0.20881 0.09324 0.00118 0.02160 0.02703 0.04153 0.09032 0.00149 0.06950 0.94830 0.00000 0.06250 0.00000 0.00000 0.13580 0.15399
54.00000 45.00000 0.99981 0.99976 1.00000 0.00000 0.13552 0.29097 0.23624 0.00000 0.00063 0.00604 0.62723 0.27359 0.24324 0.48616 0.00490 0.99283 0.55841 0.37998 0.00000 0.29167 0.62791 1.00000 0.01063 0.01757
54.00000 46.00000 0.23815 0.29691 1.00000 0.59794 0.63740 0.70318 0.69232 0.61718 0.61509 0.61305 0.85345 0.64383 0.89189 0.77117 0.61474 0.99358 0.66749 0.11954 1.00000 0.69792 0.85412 1.00000 0.62894 0.63065
54.00000 47.00000 0.47606 0.83290 1.00000 0.62699 0.66079 0.64161 0.55529 0.50794 0.50000 0.47232 0.86388 0.59777 0.40541 0.68730 0.47079 0.99350 0.50243 0.32345 0.00000 0.63542 0.86469 1.00000 0.48628 0.49140
54.00000 48.00000 0.59511 0.73634 0.00000 0.23809 0.01138 0.07011 0.06598 0.29318 0.20881 0.09162 0.00110 0.01442 0.02703 0.05293 0.09058 0.00163 0.06148 0.95800 0.00000 0.04167 0.00000 0.00000 0.13957 0.14748
54.00000 49.00000 0.99983 0.99762 1.00000 0.00000 0.13130 0.30735 0.24445 0.00000 0.00000 0.00482 0.62723 0.26882 0.24324 0.48453 0.00446 0.99292 0.58169 0.38298 0.00000 0.30208 0.62791 1.00000 0.00754 0.01932
54.00000 50.00000 0.83318 0.99762 1.00000 0.06027 0.18754 0.34179 0.25598 0.14659 0.14403 0.13854 0.65052 0.29949 0.24324 0.46173 0.13791 0.99308 0.52706 0.35959 0.00000 0.30208 0.65116 1.00000 0.15844 0.16096
54.00000 51.00000 0.59527 0.73634 0.00000 0.23809 0.01459 0.04960 0.05615 0.29318 0.20881 0.09250 0.00112 0.01492 0.02703 0.05130 0.08951 0.00163 0.06012 0.94369 0.00000 0.03125 0.00000 0.00000 0.14369 0.14957
54.00000 52.00000 0.83328 0.99762 1.00000 0.06027 0.19350 0.32285 0.25350 0.14659 0.14403 0.13703 0.65067 0.29440 0.24324 0.46580 0.13743 0.99311 0.51835 0.37086 0.00000 0.34375 0.65116 1.00000 0.16015 0.16406
54.00000 53.00000 0.00004 0.00166 1.00000 1.00000 0.98569 0.94103 0.93761 1.00000 1.00000 0.99353 0.99932 0.87399 1.00000 0.91938 0.99483 0.99352 0.69070 0.05111 1.00000 0.95833 1.00000 1.00000 0.97908 0.98263
54.00000 54.00000 0.59510 0.73658 0.00000 0.23809 0.00596 0.03725 0.06499 0.29318 0.20881 0.09298 0.00108 0.01815 0.00000 0.05375 0.08906 0.00174 0.04456 0.95680 0.00000 0.03125 0.00000 0.00000 0.14643 0.14414
54.00000 55.00000 0.23812 0.29917 1.00000 0.59794 0.63143 0.69300 0.68868 0.61718 0.61509 0.61422 0.85353 0.64528 0.89189 0.76140 0.61464 0.99374 0.66942 0.12134 1.00000 0.67708 0.85412 1.00000 0.63066 0.62871
54.00000 56.00000 0.00004 0.00000 1.00000 1.00000 0.98073 0.96717 0.92485 1.00000 1.00000 0.99408 0.99945 0.86650 1.00000 0.92590 0.99554 0.99358 0.67644 0.03288 1.00000 0.94792 1.00000 1.00000 0.97977 0.98593
54.00000 57.00000 0.00004 0.00000 1.00000 1.00000 0.98257 0.94509 0.93229 1.00000 1.00000 0.99239 0.99949 0.86532 1.00000 0.93567 0.99526 0.99358 0.68332 0.04610 1.00000 0.95833 1.00000 1.00000 0.97977 0.98162
54.00000 58.00000 0.23813 0.29715 1.00000 0.59794 0.63712 0.68706 0.70216 0.61718 0.61572 0.61183 0.85341 0.64224 0.89189 0.75326 0.61443 0.99369 0.66157 0.11665 1.00000 0.69792 0.85412 1.00000 0.62963 0.63198
54.00000 59.00000 0.23803 0.29905 1.00000 0.59794 0.63419 0.69110 0.70185 0.61718 0.61509 0.61420 0.85351 0.64498 0.89189 0.75489 0.61420 0.99377 0.67085 0.11402 1.00000 0.69792 0.85412 1.00000 0.62860 0.63067
54.00000 60.00000 0.83336 0.99762 1.00000 0.06027 0.18515 0.33802 0.26426 0.14659 0.14403 0.13737 0.65056 0.29559 0.24324 0.46987 0.13631 0.99303 0.50457 0.36006 0.00000 0.32292 0.65116 1.00000 0.15741 0.16176
54.00000 61.00000 0.23821 0.29751 1.00000 0.59794 0.64070 0.68127 0.68214 0.61718 0.61509 0.61510 0.85341 0.64829 0.89189 0.76059 0.61491 0.99377 0.66097 0.12884 1.00000 0.69792 0.85412 1.00000 0.62791 0.63336
54.00000 62.00000 0.59529 0.73634 0.00000 0.23809 0.00991 0.04732 0.07324 0.29318 0.20881 0.09295 0.00106 0.01807 0.02703 0.05863 0.09025 0.00154 0.05351 0.94424 0.00000 0.05208 0.00000 0.00000 0.14678 0.14947
54.00000 63.00000 0.59521 0.73836 0.00000 0.23809 0.01248 0.04846 0.07902 0.29318 0.20881 0.09179 0.00101 0.02136 0.02703 0.04479 0.08966 0.00154 0.05401 0.92403 0.00000 0.05208 0.00000 0.00000 0.14060 0.14631
54.00000 64.00000 0.00007 0.00000 1.00000 1.00000 0.98174 0.94674 0.92957 1.00000 1.00000 0.99313 0.99947 0.87016 1.00000 0.92182 0.99587 0.99363 0.66447 0.04361 1.00000 0.94792 1.00000 1.00000 0.97531 0.98175
54.00000 65.00000 0.00006 0.00000 1.00000 1.00000 0.98339 0.95189 0.94592 1.00000 1.00000 0.99420 0.99949 0.86417 1.00000 0.92182 0.99531 0.99350 0.66866 0.04207 1.00000 0.95833 1.00000 1.00000 0.98285 0.97697
54.00000 66.00000 0.00002 0.00000 1.00000 1.00000 0.98303 0.93412 0.91294 1.00000 1.00000 0.99337 0.99960 0.87220 1.00000 0.93078 0.99414 0.99352 0.66985 0.05250 1.00000 0.94792 1.00000 1.00000 0.97977 0.98402
54.00000 67.00000 0.83322 0.99762 1.00000 0.06027 0.18864 0.33648 0.24905 0.14659 0.14403 0.13806 0.65061 0.29199 0.24324 0.47557 0.13613 0.99295 0.51076 0.36453 0.00000 0.33333 0.65116 1.00000 0.15364 0.16451
54.00000 68.00000 0.23824 0.29869 1.00000 0.59794 0.63758 0.71055 0.69174 0.61718 0.61572 0.61353 0.85343 0.64461 0.89189 0.76629 0.61415 0.99358 0.66180 0.11405 1.00000 0.69792 0.85412 1.00000 0.62791 0.63110
54.00000 69.00000 0.59523 0.73634 0.00000 0.23809 0.01184 0.06008 0.06547 0.29318 0.20881 0.09117 0.00099 0.01219 0.02703 0.04560 0.08938 0.00152 0.05072 0.93728 0.00000 0.04167 0.00000 0.00000 0.13889 0.14505
54.00000 70.00000 0.23823 0.29691 1.00000 0.59794 0.63529 0.70540 0.69102 0.61718 0.61509 0.61391 0.85351 0.64523 0.89189 0.76629 0.61352 0.99369 0.67068 0.13053 1.00000 0.70833 0.85412 1.00000 0.62860 0.63372
54.00000 71.00000 0.99986 0.99798 1.00000 0.00000 0.12882 0.30673 0.26633 0.00000 0.00063 0.00594 0.62715 0.27803 0.24324 0.48371 0.00287 0.99275 0.55567 0.39367 0.00000 0.31250 0.62791 1.00000 0.01097 0.02461
54.00000 72.00000 0.99990 1.00000 1.00000 0.00000 0.12772 0.29153 0.25938 0.00000 0.00000 0.00401 0.62713 0.27159 0.24324 0.49104 0.00332 0.99275 0.57421 0.37965 0.00000 0.30208 0.62791 1.00000 0.01440 0.02399
54.00000 73.00000 0.59529 0.73836 0.00000 0.23809 0.01578 0.04234 0.07158 0.29318 0.20881 0.09212 0.00101 0.01519 0.02703 0.04153 0.08890 0.00157 0.05063 0.94127 0.00000 0.05208 0.00000 0.00000 0.13546 0.14166
54.00000 74.00000 0.47612 0.83242 1.00000 0.62699 0.65850 0.66569 0.54985 0.50794 0.50000 0.46957 0.86413 0.60166 0.40541 0.67590 0.47064 0.99341 0.50647 0.33205 0.00000 0.66667 0.86469 1.00000 0.49246 0.49135
54.00000 75.00000 0.99977 0.99834 1.00000 0.00000 0.12854 0.32280 0.27668 0.00000 0.00063 0.00396 0.62717 0.27204 0.24324 0.49267 0.00233 0.99275 0.55046 0.37906 0.00000 0.29167 0.62791 1.00000 0.01303 0.01841
54.00000 76.00000 0.83319 0.99798 1.00000 0.06027 0.18314 0.33558 0.26768 0.14659 0.14403 0.13890 0.65054 0.29685 0.24324 0.46906 0.13687 0.99306 0.51131 0.37581 0.00000 0.33333 0.65116 1.00000 0.15844 0.16768
54.00000 77.00000 0.23811 0.29869 1.00000 0.59794 0.64272 0.71968 0.71299 0.61718 0.61509 0.61467 0.85341 0.64635 0.89189 0.77687 0.61476 0.99372 0.67487 0.12723 1.00000 0.69792 0.85412 1.00000 0.61934 0.62620
54.00000 78.00000 0.99989 0.99869 1.00000 0.00000 0.13056 0.29004 0.25873 0.00000 0.00063 0.00442 0.62730 0.27503 0.24324 0.47150 0.00406 0.99289 0.56050 0.38533 0.00000 0.31250 0.62791 1.00000 0.01886 0.01739
54.00000 79.00000 0.99980 0.99762 1.00000 0.00000 0.12900 0.29508 0.26258 0.00000 0.00063 0.00356 0.62717 0.27686 0.24324 0.49349 0.00299 0.99272 0.54908 0.37354 0.00000 0.30208 0.62791 1.00000 0.01989 0.01651
54.00000 80.00000 0.47620 0.83135 1.00000 0.62699 0.65960 0.66886 0.56078 0.50794 0.50000 0.47277 0.86396 0.59904 0.40541 0.67997 0.47094 0.99358 0.49529 0.33553 1.00000 0.62500 0.86469 1.00000 0.49314 0.49077
54.00000 81.00000 0.99995 0.99917 1.00000 0.00000 0.13322 0.30489 0.26554 0.00000 0.00063 0.00453 0.62715 0.27610 0.24324 0.49756 0.00188 0.99261 0.55293 0.38518 0.00000 0.30208 0.62791 1.00000 0.01029 0.01738
54.00000 82.00000 0.47621 0.83135 1.00000 0.62699 0.66428 0.63836 0.56583 0.50794 0.50000 0.47260 0.86405 0.60336 0.37838 0.68811 0.47145 0.99350 0.51680 0.33242 0.00000 0.65625 0.86469 1.00000 0.48834 0.49018
54.00000 83.00000 0.99995 0.99762 1.00000 0.00000 0.12616 0.29703 0.26691 0.00000 0.00063 0.00504 0.62721 0.27075 0.24324 0.49349 0.00353 0.99295 0.55731 0.39049 0.00000 0.30208 0.62791 1.00000 0.01612 0.02433
54.00000 84.00000 0.47622 0.83325 1.00000 0.62699 0.66336 0.65654 0.56058 0.50794 0.50000 0.47203 0.86405 0.60185 0.37838 0.66368 0.46978 0.99369 0.48879 0.33597 0.00000 0.64583 0.86469 1.00000 0.49177 0.48850
54.00000 85.00000 0.99984 0.99964 1.00000 0.00000 0.13194 0.29795 0.27964 0.00000 0.00063 0.00542 0.62719 0.27008 0.24324 0.47557 0.00464 0.99292 0.55622 0.37895 0.00000 0.29167 0.62791 1.00000 0.01029 0.01992
54.00000 86.00000 0.99992 0.99893 1.00000 0.00000 0.13643 0.30595 0.27909 0.00000 0.00000 0.00396 0.62711 0.27652 0.24324 0.48290 0.00302 0.99286 0.54460 0.37299 0.00000 0.29167 0.62791 1.00000 0.01235 0.01299
54.00000 87.00000 0.23805 0.29691 1.00000 0.59794 0.63565 0.70489 0.68957 0.61718 0.61509 0.61431 0.85353 0.64476 0.89189 0.77036 0.61428 0.99383 0.66216 0.13335 1.00000 0.69792 0.85412 1.00000 0.62551 0.63178
54.00000 88.00000 0.47618 0.83135 1.00000 0.62699 0.66125 0.64028 0.56749 0.50794 0.50000 0.47098 0.86405 0.59797 0.40541 0.67671 0.47023 0.99344 0.49983 0.33538 0.00000 0.64583 0.86469 1.00000 0.48422 0.49246
54.00000 89.00000 0.99987 0.99762 1.00000 0.00000 0.13460 0.30115 0.24850 0.00000 0.00000 0.00425 0.62717 0.26910 0.24324 0.49104 0.00363 0.99281 0.55603 0.38554 0.00000 0.28125 0.62791 1.00000 0.01509 0.02195
54.00000 90.00000 0.99991 0.99762 1.00000 0.00000 0.13111 0.29592 0.23730 0.00000 0.00000 0.00317 0.62706 0.26860 0.24324 0.49267 0.00391 0.99264 0.55731 0.38869 0.00000 0.29167 0.62791 1.00000 0.01200 0.01216
54.00000 91.00000 0.83323 0.99762 1.00000 0.06027 0.18763 0.35270 0.27245 0.14659 0.14403 0.13517 0.65063 0.29706 0.24324 0.47313 0.13689 0.99333 0.52095 0.36746 0.00000 0.34375 0.65116 1.00000 0.16289 0.16039
54.00000 92.00000 0.00005 0.00000 1.00000 1.00000 0.98660 0.94709 0.95605 1.00000 1.00000 0.99189 0.99947 0.86625 1.00000 0.92834 0.99462 0.99355 0.66749 0.05060 1.00000 0.94792 1.00000 1.00000 0.98080 0.98340
54.00000 93.00000 0.00005 0.00048 1.00000 1.00000 0.98284 0.93236 0.93679 1.00000 1.00000 0.99303 0.99947 0.86912 1.00000 0.92182 0.99434 0.99361 0.68856 0.03987 1.00000 0.94792 1.00000 1.00000 0.97257 0.98205
54.00000 94.00000 0.99996 0.99762 1.00000 0.00000 0.12726 0.29522 0.25605 0.00000 0.00000 0.00515 0.62715 0.27027 0.24324 0.48290 0.00320 0.99259 0.54796 0.39481 0.00000 0.27083 0.62791 1.00000 0.01715 0.01599
54.00000 95.00000 0.83327 0.99762 1.00000 0.06027 0.19204 0.34200 0.26696 0.14659 0.14403 0.13882 0.65063 0.28781 0.24324 0.46498 0.13618 0.99311 0.50474 0.37866 0.00000 0.33333 0.65116 1.00000 0.15809 0.16437
54.00000 96.00000 0.00004 0.00226 1.00000 1.00000 0.98670 0.96115 0.92091 1.00000 1.00000 0.99363 0.99939 0.86896 1.00000 0.92345 0.99373 0.99352 0.67842 0.05675 1.00000 0.93750 1.00000 1.00000 0.97497 0.97792
54.00000 97.00000 0.00004 0.00000 1.00000 1.00000 0.98771 0.95381 0.93145 1.00000 1.00000 0.99348 0.99949 0.86654 1.00000 0.93160 0.99432 0.99369 0.67827 0.04233 1.00000 0.93750 1.00000 1.00000 0.96914 0.98585
54.00000 98.00000 0.23805 0.29727 1.00000 0.59794 0.63731 0.70725 0.69768 0.61718 0.61509 0.61429 0.85347 0.63650 0.89189 0.76873 0.61415 0.99363 0.65871 0.11662 1.00000 0.68750 0.85412 1.00000 0.62791 0.63051
54.00000 99.00000 0.99994 0.99762 1.00000 0.00000 0.12726 0.32003 0.26602 0.00000 0.00000 0.00372 0.62715 0.27427 0.24324 0.49430 0.00297 0.99281 0.54675 0.38807 0.00000 0.30208 0.62791 1.00000 0.01440 0.01458
54.00000 100.00000 0.99982 0.99893 1.00000 0.00000 0.12992 0.31497 0.26051 0.00000 0.00063 0.00406 0.62719 0.27239 0.24324 0.49267 0.00342 0.99289 0.56148 0.38576 0.00000 0.31250 0.62791 1.00000 0.01578 0.02009
54.00000 101.00000 0.23806 0.29691 1.00000 0.59794 0.64061 0.69340 0.69735 0.61718 0.61509 0.61429 0.85353 0.64298 0.89189 0.75896 0.61464 0.99374 0.66697 0.13672 1.00000 0.69792 0.85412 1.00000 0.61831 0.62885
54.00000 102.00000 0.23817 0.29691 1.00000 0.59794 0.63914 0.72090 0.68991 0.61718 0.61572 0.61355 0.85345 0.64451 0.89189 0.77117 0.61469 0.99380 0.66028 0.12899 1.00000 0.69792 0.85412 1.00000 0.62449 0.62724
54.00000 103.00000 0.99980 0.99762 1.00000 0.00000 0.13350 0.31377 0.23194 0.00000 0.00000 0.00434 0.62717 0.28286 0.24324 0.49023 0.00261 0.99297 0.55541 0.38415 0.00000 0.28125 0.62791 1.00000 0.01166 0.01647
54.00000 104.00000 0.99985 0.99810 1.00000 0.00000 0.13313 0.31697 0.26455 0.00000 0.00000 0.00358 0.62711 0.26967 0.24324 0.50326 0.00307 0.99264 0.54679 0.39041 0.00000 0.27083 0.62791 1.00000 0.01886 0.01730
54.00000 105.00000 0.23815 0.29691 1.00000 0.59794 0.64162 0.69424 0.68466 0.61718 0.61572 0.61281 0.85351 0.64787 0.89189 0.76303 0.61357 0.99391 0.67063 0.12562 1.00000 0.69792 0.85412 1.00000 0.62894 0.62992
54.00000 106.00000 0.59530 0.73789 0.00000 0.23809 0.01697 0.05461 0.06672 0.29318 0.20881 0.09038 0.00108 0.02084 0.02703 0.04642 0.08895 0.00165 0.05398 0.94105 0.00000 0.05208 0.00000 0.00000 0.13546 0.14101
54.00000 107.00000 0.00000 0.00000 1.00000 1.00000 0.98238 0.95379 0.93537 1.00000 1.00000 0.99399 0.99941 0.87117 1.00000 0.92752 0.99505 0.99355 0.68510 0.04705 1.00000 0.92708 1.00000 1.00000 0.98182 0.98332
54.00000 108.00000 0.47629 0.83135 1.00000 0.62699 0.66749 0.68029 0.57548 0.50794 0.50000 0.47139 0.86415 0.59866 0.40541 0.69463 0.47067 0.99355 0.50426 0.33959 0.00000 0.64583 0.86469 1.00000 0.48285 0.48956
54.00000 109.00000 0.59518 0.73634 0.00000 0.23809 0.01661 0.04586 0.07743 0.29318 0.20818 0.09143 0.00120 0.02455 0.02703 0.06840 0.09065 0.00165 0.04934 0.94643 0.00000 0.06250 0.00000 0.00000 0.13649 0.14125
54.00000 110.00000 0.83334 0.99846 1.00000 0.06027 0.18938 0.33997 0.25839 0.14659 0.14403 0.13582 0.65063 0.30234 0.24324 0.48697 0.13737 0.99317 0.51035 0.36801 0.00000 0.32292 0.65116 1.00000 0.15158 0.15953
54.00000 111.00000 0.59515 0.73634 0.00000 0.23809 0.01431 0.05236 0.08210 0.29318 0.20881 0.09317 0.00122 0.03066 0.02703 0.06352 0.09012 0.00174 0.06203 0.94614 0.00000 0.03125 0.00000 0.00000 0.14060 0.14573
54.00000 112.00000 0.99987 0.99762 1.00000 0.00000 0.13166 0.32190 0.24024 0.00000 0.00063 0.00325 0.62713 0.27899 0.24324 0.49756 0.00411 0.99281 0.55910 0.38338 0.00000 0.29167 0.62791 1.00000 0.01440 0.01909
54.00000 113.00000 0.47627 0.83278 1.00000 0.62699 0.66648 0.67512 0.53683 0.50794 0.50000 0.47124 0.86411 0.59893 0.37838 0.67020 0.47064 0.99372 0.50397 0.33070 1.00000 0.64583 0.86469 1.00000 0.48663 0.49186
54.00000 114.00000 0.23801 0.29905 1.00000 0.59794 0.64015 0.69460 0.68892 0.61718 0.61572 0.61451 0.85357 0.64200 0.89189 0.77036 0.61486 0.99391 0.66504 0.13474 1.00000 0.69792 0.85412 1.00000 0.62997 0.62982
54.00000 115.00000 0.00004 0.00000 1.00000 1.00000 0.98541 0.95230 0.93407 1.00000 1.00000 0.99322 0.99951 0.86652 1.00000 0.93485 0.99513 0.99363 0.68577 0.05163 1.00000 0.92708 1.00000 1.00000 0.97737 0.98096
54.00000 116.00000 0.47616 0.83314 1.00000 0.62699 0.66602 0.66287 0.55341 0.50794 0.50000 0.47119 0.86411 0.60432 0.40541 0.68160 0.46968 0.99352 0.49929 0.32755 0.00000 0.65625 0.86469 1.00000 0.48628 0.48841
54.00000 117.00000 0.99983 0.99762 1.00000 0.00000 0.13249 0.31283 0.23114 0.00000 0.00063 0.00336 0.62711 0.26928 0.24324 0.49511 0.00223 0.99283 0.56141 0.39488 0.00000 0.30208 0.62791 1.00000 0.00926 0.01447
54.00000 118.00000 0.00006 0.00000 1.00000 1.00000 0.98945 0.96294 0.92555 1.00000 1.00000 0.99420 0.99937 0.87292 1.00000 0.94625 0.99432 0.99355 0.69265 0.04800 1.00000 0.94792 1.00000 1.00000 0.97702 0.98619
54.00000 119.00000 0.00000 0.00083 1.00000 1.00000 0.98660 0.95587 0.95343 1.00000 1.00000 0.99127 0.99960 0.87103 1.00000 0.93078 0.99343 0.99355 0.68358 0.04818 1.00000 0.93750 1.00000 1.00000 0.98217 0.98083
54.00000 120.00000 0.00006 0.00059 1.00000 1.00000 0.98734 0.94070 0.93109 1.00000 1.00000 0.99248 0.99945 0.86990 1.00000 0.93567 0.99247 0.99355 0.67199 0.04613 1.00000 0.94792 1.00000 1.00000 0.98388 0.98307
54.00000 121.00000 0.83331 0.99762 1.00000 0.06027 0.18846 0.33006 0.26327 0.14659 0.14403 0.13505 0.65069 0.30104 0.24324 0.47231 0.13633 0.99336 0.52847 0.36900 0.00000 0.32292 0.65116 1.00000 0.15809 0.16913
54.00000 122.00000 0.00006 0.00024 1.00000 1.00000 0.98275 0.91957 0.95068 1.00000 1.00000 0.99348 0.99939 0.87117 1.00000 0.94300 0.99470 0.99358 0.67230 0.05357 1.00000 0.94792 1.00000 1.00000 0.97119 0.97802
54.00000 123.00000 0.23801 0.29881 1.00000 0.59794 0.64043 0.70053 0.70510 0.61718 0.61572 0.61470 0.85347 0.64216 0.89189 0.77280 0.61453 0.99383 0.68051 0.13994 1.00000 0.70833 0.85412 1.00000 0.62894 0.62919
54.00000 124.00000 0.59517 0.73634 0.00000 0.23809 0.01321 0.04754 0.07900 0.29318 0.20881 0.09210 0.00097 0.01488 0.02703 0.07085 0.08954 0.00149 0.05203 0.94501 0.00000 0.06250 0.00000 0.00000 0.13717 0.14211
54.00000 125.00000 0.00006 0.00000 1.00000 1.00000 0.98725 0.94661 0.93376 1.00000 1.00000 0.99506 0.99958 0.87709 1.00000 0.94137 0.99493 0.99358 0.67292 0.03753 1.00000 0.95833 1.00000 1.00000 0.97565 0.97516
54.00000 126.00000 0.23820 0.29691 1.00000 0.59794 0.63639 0.71090 0.71624 0.61718 0.61572 0.61338 0.85353 0.65096 0.89189 0.76221 0.61484 0.99377 0.66818 0.13232 1.00000 0.70833 0.85412 1.00000 0.62929 0.63043
54.00000 127.00000 0.99982 0.99905 1.00000 0.00000 0.13414 0.29915 0.26900 0.00000 0.00000 0.00427 0.62717 0.26698 0.24324 0.48371 0.00266 0.99283 0.55693 0.39257 0.00000 0.32292 0.62791 1.00000 0.00926 0.01824
54.00000 128.00000 0.59517 0.73682 0.00000 0.23809 0.01395 0.04137 0.08571 0.29318 0.20881 0.09081 0.00118 0.02035 0.02703 0.06026 0.08969 0.00157 0.05401 0.94643 0.00000 0.06250 0.00000 0.00000 0.14026 0.14334
54.00000 129.00000 0.00006 0.00000 1.00000 1.00000 0.98376 0.96077 0.93431 1.00000 1.00000 0.99337 0.99941 0.87161 1.00000 0.94055 0.99257 0.99363 0.68332 0.04818 1.00000 0.94792 1.00000 1.00000 0.98011 0.98253
54.00000 130.00000 0.99995 0.99762 1.00000 0.00000 0.13533 0.30348 0.25950 0.00000 0.00063 0.00341 0.62721 0.27363 0.24324 0.48941 0.00345 0.99289 0.56288 0.37841 0.00000 0.30208 0.62791 1.00000 0.01200 0.01640
54.00000 131.00000 0.59530 0.73824 0.00000 0.23809 0.01505 0.05345 0.06696 0.29318 0.20881 0.09045 0.00120 0.02625 0.02703 0.06270 0.08936 0.00171 0.06336 0.95727 0.00000 0.05208 0.00000 0.00000 0.14129 0.14301
54.00000 132.00000 0.00001 0.00226 1.00000 1.00000 0.98725 0.94032 0.94192 1.00000 1.00000 0.99267 0.99954 0.86917 1.00000 0.95114 0.99351 0.99361 0.67854 0.04895 1.00000 0.94792 1.00000 1.00000 0.97771 0.98390
54.00000 133.00000 0.00002 0.00000 1.00000 1.00000 0.98394 0.94466 0.93328 1.00000 1.00000 0.99174 0.99958 0.87031 1.00000 0.94544 0.99412 0.99350 0.67923 0.04383 1.00000 0.94792 1.00000 1.00000 0.97942 0.97804
54.00000 134.00000 0.99980 0.99941 1.00000 0.00000 0.13607 0.30299 0.25921 0.00000 0.00000 0.00351 0.62732 0.27820 0.24324 0.50326 0.00408 0.99311 0.56353 0.38382 0.00000 0.30208 0.62791 1.00000 0.01303 0.02093
54.00000 135.00000 0.59526 0.73634 0.00000 0.23809 0.01596 0.06157 0.09036 0.29318 0.20881 0.09264 0.00112 0.02158 0.02703 0.07085 0.09083 0.00152 0.05541 0.97397 0.00000 0.04167 0.00000 0.00000 0.13786 0.14631
54.00000 136.00000 0.99996 0.99762 1.00000 0.00000 0.13708 0.32372 0.26140 0.00000 0.00063 0.00427 0.62721 0.27635 0.24324 0.49919 0.00228 0.99286 0.55919 0.39140 0.00000 0.31250 0.62791 1.00000 0.01920 0.01816
54.00000 137.00000 0.47620 0.83135 1.00000 0.62699 0.66566 0.67357 0.55899 0.50794 0.50000 0.47389 0.86419 0.60089 0.40541 0.69788 0.47021 0.99366 0.51338 0.33926 1.00000 0.66667 0.86469 1.00000 0.48217 0.48903
54.00000 138.00000 0.83326 0.99762 1.00000 0.06027 0.19194 0.34869 0.28275 0.14659 0.14403 0.13634 0.65075 0.29791 0.24324 0.48941 0.13578 0.99311 0.52264 0.38258 0.00000 0.34375 0.65116 1.00000 0.15912 0.16140
54.00000 139.00000 0.47617 0.83135 1.00000 0.62699 0.66180 0.66101 0.57527 0.50794 0.50000 0.47246 0.86415 0.60345 0.40541 0.70521 0.46975 0.99372 0.49448 0.34666 0.00000 0.65625 0.86469 1.00000 0.48354 0.49036
54.00000 140.00000 0.83323 0.99857 1.00000 0.06027 0.18901 0.33845 0.26879 0.14659 0.14403 0.13696 0.65065 0.30046 0.24324 0.48127 0.13519 0.99322 0.49895 0.39221 0.00000 0.34375 0.65116 1.00000 0.16015 0.16159
54.00000 141.00000 0.59520 0.73634 0.00000 0.23809 0.01486 0.04768 0.07276 0.29318 0.20881 0.09109 0.00127 0.02571 0.02703 0.05782 0.08926 0.00185 0.06253 0.96653 0.00000 0.05208 0.00000 0.00000 0.13889 0.14696
54.00000 142.00000 0.47612 0.83135 1.00000 0.62699 0.66667 0.67152 0.57117 0.50794 0.50000 0.47019 0.86409 0.60074 0.40541 0.69870 0.47094 0.99377 0.50447 0.33754 1.00000 0.66667 0.86469 1.00000 0.48937 0.48447
54.00000 143.00000 0.23802 0.29751 1.00000 0.59794 0.64024 0.69793 0.72267 0.61718 0.61572 0.61334 0.85355 0.64899 0.89189 0.77036 0.61321 0.99383 0.66368 0.12386 1.00000 0.70833 0.85412 1.00000 0.62414 0.63174
54.00000 144.00000 0.00002 0.00000 1.00000 1.00000 0.98871 0.95002 0.94295 1.00000 1.00000 0.99296 0.99962 0.86868 1.00000 0.93241 0.99346 0.99377 0.68030 0.06254 1.00000 0.94792 1.00000 1.00000 0.97805 0.97526
54.00000 145.00000 0.59529 0.73634 0.00000 0.23809 0.01248 0.06583 0.08655 0.29318 0.20881 0.09248 0.00116 0.02018 0.02703 0.07410 0.09075 0.00163 0.06146 0.95892 0.00000 0.05208 0.00000 0.00000 0.14129 0.14434
54.00000 146.00000 0.83330 0.99786 1.00000 0.06027 0.19048 0.34143 0.27581 0.14659 0.14403 0.13656 0.65065 0.29508 0.24324 0.48779 0.13491 0.99333 0.51411 0.37134 0.00000 0.35417 0.65116 1.00000 0.15261 0.16308
54.00000 147.00000 0.99986 0.99762 1.00000 0.00000 0.13075 0.30540 0.27290 0.00000 0.00063 0.00501 0.62713 0.27189 0.24324 0.51140 0.00355 0.99292 0.56353 0.39228 0.00000 0.31250 0.62791 1.00000 0.00789 0.02067
54.00000 148.00000 0.47608 0.83242 1.00000 0.62699 0.66419 0.66222 0.57878 0.50794 0.50000 0.47060 0.86424 0.60147 0.40541 0.68974 0.46932 0.99374 0.48984 0.34575 1.00000 0.66667 0.86469 1.00000 0.48903 0.48694
54.00000 149.00000 0.99985 0.99964 1.00000 0.00000 0.13350 0.30782 0.25016 0.00000 0.00063 0.00291 0.62713 0.27799 0.24324 0.49674 0.00269 0.99306 0.57393 0.40652 0.00000 0.31250 0.62791 1.00000 0.01337 0.01978
54.00000 150.00000 0.00007 0.00024 1.00000 1.00000 0.98761 0.97749 0.96074 1.00000 1.00000 0.99246 0.99956 0.87438 1.00000 0.94951 0.99166 0.99352 0.68708 0.05331 1.00000 0.94792 1.00000 1.00000 0.97702 0.97965
54.00000 151.00000 0.00000 0.00000 1.00000 1.00000 0.99229 0.94802 0.95540 1.00000 1.00000 0.99014 0.99956 0.87147 1.00000 0.95358 0.99204 0.99372 0.67413 0.05551 1.00000 0.96875 1.00000 1.00000 0.97565 0.97490
54.00000 152.00000 0.83328 0.99798 1.00000 0.06027 0.19516 0.31862 0.29264 0.14659 0.14403 0.13706 0.65069 0.29928 0.24324 0.49349 0.13489 0.99347 0.52590 0.38115 0.00000 0.33333 0.65116 1.00000 0.15364 0.16556
54.00000 153.00000 0.99978 0.99810 1.00000 0.00000 0.13120 0.29801 0.27427 0.00000 0.00063 0.00317 0.62721 0.27308 0.24324 0.49430 0.00145 0.99295 0.55960 0.38712 0.00000 0.29167 0.62791 1.00000 0.01029 0.01085
54.00000 154.00000 0.47606 0.83373 1.00000 0.62699 0.66492 0.67441 0.55257 0.50794 0.50000 0.47065 0.86419 0.60432 0.37838 0.69381 0.47140 0.99377 0.50900 0.34644 1.00000 0.67708 0.86469 1.00000 0.48800 0.48379
54.00000 155.00000 0.23807 0.29691 1.00000 0.59794 0.63630 0.71139 0.72380 0.61718 0.61572 0.61188 0.85366 0.65117 0.89189 0.77850 0.61339 0.99396 0.65497 0.14195 1.00000 0.69792 0.85412 1.00000 0.62311 0.63038
54.00000 156.00000 0.23816 0.29691 1.00000 0.59794 0.64043 0.71740 0.72012 0.61718 0.61572 0.61355 0.85357 0.64556 0.89189 0.77850 0.61352 0.99380 0.67746 0.13079 1.00000 0.70833 0.85412 1.00000 0.62517 0.62974
54.00000 157.00000 0.99993 0.99917 1.00000 0.00000 0.13717 0.30730 0.26450 0.00000 0.00063 0.00365 0.62721 0.27746 0.24324 0.51629 0.00368 0.99297 0.56600 0.39854 0.00000 0.31250 0.62791 1.00000 0.01715 0.01832
54.00000 158.00000 0.99992 0.99762 1.00000 0.00000 0.13157 0.30289 0.26936 0.00000 0.00063 0.00470 0.62721 0.27647 0.24324 0.51384 0.00282 0.99292 0.56838 0.39206 0.00000 0.31250 0.62791 1.00000 0.01132 0.02356
54.00000 159.00000 0.99994 0.99893 1.00000 0.00000 0.13561 0.31415 0.26549 0.00000 0.00000 0.00468 0.62721 0.27532 0.24324 0.50570 0.00297 0.99270 0.55981 0.38983 0.00000 0.30208 0.62791 1.00000 0.01783 0.01994
54.00000 160.00000 0.00003 0.00000 1.00000 1.00000 0.99211 0.95828 0.95518 1.00000 1.00000 0.99141 0.99966 0.88063 1.00000 0.94951 0.99237 0.99363 0.68758 0.05481 1.00000 0.93750 1.00000 1.00000 0.97497 0.97475
54.00000 161.00000 0.47628 0.83290 1.00000 0.62699 0.66731 0.67986 0.57252 0.50794 0.50000 0.46945 0.86430 0.60046 0.40541 0.70928 0.47054 0.99388 0.50926 0.34908 1.00000 0.66667 0.86469 1.00000 0.47634 0.48839
54.00000 162.00000 0.47616 0.83278 1.00000 0.62699 0.66768 0.68200 0.58181 0.50794 0.50000 0.47062 0.86419 0.60332 0.40541 0.69300 0.46993 0.99374 0.51816 0.34853 1.00000 0.65625 0.86469 1.00000 0.49005 0.48786
54.00000 163.00000 0.59527 0.73634 0.00000 0.23809 0.01459 0.07561 0.07717 0.29318 0.20881 0.09212 0.00112 0.02693 0.00000 0.08062 0.09083 0.00171 0.05936 0.97034 0.00000 0.05208 0.00000 0.00000 0.14232 0.14095
54.00000 164.00000 0.47606 0.83159 1.00000 0.62699 0.66474 0.66699 0.56135 0.50794 0.50000 0.47019 0.86434 0.60247 0.37838 0.69381 0.47018 0.99369 0.51552 0.34911 1.00000 0.67708 0.86469 1.00000 0.48525 0.48949
54.00000 165.00000 0.00003 0.00226 1.00000 1.00000 0.98816 0.96963 0.93323 1.00000 1.00000 0.98986 0.99954 0.87606 1.00000 0.93893 0.99247 0.99366 0.68463 0.05858 1.00000 0.97917 1.00000 1.00000 0.97462 0.97036
54.00000 166.00000 1.00000 0.99822 1.00000 0.00000 0.13836 0.31784 0.27018 0.00000 0.00000 0.00286 0.62728 0.27868 0.24324 0.50651 0.00345 0.99306 0.57438 0.40436 0.00000 0.30208 0.62791 1.00000 0.01406 0.01290
54.00000 167.00000 0.23817 0.29691 1.00000 0.59794 0.64098 0.70944 0.72498 0.61718 0.61572 0.61169 0.85360 0.65050 0.89189 0.79072 0.61111 0.99410 0.67337 0.14082 1.00000 0.68750 0.85412 1.00000 0.62757 0.62040
54.00000 168.00000 0.47613 0.83135 1.00000 0.62699 0.67272 0.65464 0.57827 0.50794 0.50000 0.47036 0.86422 0.60596 0.40541 0.69300 0.46856 0.99385 0.52085 0.34498 1.00000 0.65625 0.86469 1.00000 0.48834 0.48867
54.00000 169.00000 0.99990 0.99762 1.00000 0.00000 0.13662 0.31765 0.27331 0.00000 0.00000 0.00399 0.62719 0.28065 0.24324 0.53502 0.00353 0.99289 0.55998 0.39982 0.00000 0.32292 0.62791 1.00000 0.00652 0.01600
54.00000 170.00000 0.99994 0.99917 1.00000 0.00000 0.13304 0.31554 0.28174 0.00000 0.00063 0.00310 0.62725 0.28222 0.24324 0.51059 0.00259 0.99297 0.56200 0.40162 0.00000 0.31250 0.62791 1.00000 0.00754 0.01400
54.00000 171.00000 0.83320 0.99822 1.00000 0.06027 0.18818 0.37088 0.29401 0.14659 0.14403 0.13544 0.65086 0.30087 0.24324 0.50977 0.13661 0.99358 0.52278 0.38877 0.00000 0.34375 0.65116 1.00000 0.15432 0.16372
54.00000 172.00000 0.23817 0.29691 1.00000 0.59794 0.64244 0.71995 0.72207 0.61718 0.61572 0.61140 0.85370 0.64817 0.89189 0.80049 0.61352 0.99402 0.66473 0.14210 1.00000 0.69792 0.85412 1.00000 0.62620 0.63277
54.00000 173.00000 0.83337 0.99762 1.00000 0.06027 0.19516 0.35574 0.27276 0.14659 0.14403 0.13620 0.65084 0.30475 0.24324 0.51629 0.13616 0.99339 0.52590 0.37097 0.00000 0.32292 0.65116 1.00000 0.15809 0.15889
54.00000 174.00000 0.47608 0.83135 1.00000 0.62699 0.66768 0.68539 0.59808 0.50794 0.50000 0.46888 0.86426 0.60458 0.37838 0.69870 0.46833 0.99383 0.51604 0.34055 1.00000 0.66667 0.86469 1.00000 0.48731 0.48164
54.00000 175.00000 0.00005 0.00071 1.00000 1.00000 0.98908 0.95666 0.98163 1.00000 1.00000 0.99081 0.99966 0.87143 1.00000 0.94870 0.99145 0.99377 0.68951 0.07070 1.00000 0.96875 1.00000 1.00000 0.97531 0.97514
54.00000 176.00000 0.99994 0.99762 1.00000 0.00000 0.13598 0.31031 0.26193 0.00000 0.00063 0.00434 0.62738 0.27845 0.24324 0.52036 0.00355 0.99283 0.57169 0.41352 0.00000 0.30208 0.62791 1.00000 0.01646 0.01018
54.00000 177.00000 0.47615 0.83361 1.00000 0.62699 0.66474 0.67211 0.57847 0.50794 0.50000 0.47170 0.86430 0.60703 0.37838 0.69137 0.47064 0.99383 0.50645 0.35801 1.00000 0.66667 0.86469 1.00000 0.48320 0.48772
54.00000 178.00000 0.99980 0.99869 1.00000 0.00000 0.13387 0.31746 0.28662 0.00000 0.00063 0.00465 0.62732 0.27697 0.24324 0.52524 0.00315 0.99283 0.57583 0.41377 0.00000 0.32292 0.62791 1.00000 0.01303 0.01600
54.00000 179.00000 0.47613 0.83135 1.00000 0.62699 0.66391 0.66507 0.57283 0.50794 0.50000 0.47162 0.86432 0.61099 0.40541 0.71743 0.47082 0.99394 0.50778 0.34977 1.00000 0.66667 0.86469 1.00000 0.47840 0.48454
54.00000 180.00000 0.99992 0.99988 1.00000 0.00000 0.13552 0.33298 0.27394 0.00000 0.00000 0.00470 0.62717 0.28248 0.24324 0.52280 0.00188 0.99292 0.57295 0.41282 0.00000 0.31250 0.62791 1.00000 0.01132 0.01705
54.00000 181.00000 0.23823 0.29905 1.00000 0.59794 0.64492 0.71237 0.72929 0.61718 0.61572 0.61050 0.85381 0.65378 0.89189 0.79479 0.61179 0.99416 0.66068 0.14803 1.00000 0.70833 0.85412 1.00000 0.62551 0.62838
54.00000 182.00000 0.00001 0.00083 1.00000 1.00000 0.98789 0.97042 0.96924 1.00000 1.00000 0.99203 0.99964 0.87867 1.00000 0.96173 0.99051 0.99369 0.69213 0.06565 1.00000 0.96875 1.00000 1.00000 0.97359 0.97066
54.00000 183.00000 0.23808 0.29691 1.00000 0.59794 0.64263 0.71968 0.72960 0.61718 0.61572 0.61212 0.85374 0.65309 0.89189 0.78909 0.61319 0.99402 0.67627 0.13558 1.00000 0.71875 0.85412 1.00000 0.62174 0.62459
54.00000 184.00000 0.99996 0.99881 1.00000 0.00000 0.13478 0.30248 0.28032 0.00000 0.00063 0.00413 0.62730 0.28083 0.24324 0.51384 0.00226 0.99281 0.57421 0.40411 0.00000 0.31250 0.62791 1.00000 0.00926 0.01157
54.00000 185.00000 0.00007 0.00000 1.00000 1.00000 0.98771 0.96205 0.98147 1.00000 1.00000 0.98936 0.99970 0.87579 1.00000 0.96173 0.99064 0.99374 0.68534 0.06796 1.00000 0.95833 1.00000 1.00000 0.97154 0.96774
54.00000 186.00000 0.00006 0.00143 1.00000 1.00000 0.99018 0.95292 0.96929 1.00000 1.00000 0.99096 0.99968 0.87996 1.00000 0.96743 0.99191 0.99380 0.69013 0.06722 1.00000 0.94792 1.00000 1.00000 0.97085 0.96846
54.00000 187.00000 0.59513 0.73634 0.00000 0.23809 0.01229 0.06688 0.09979 0.29318 0.20881 0.09133 0.00125 0.02679 0.02703 0.06596 0.08992 0.00182 0.07819 0.96492 0.00000 0.06250 0.00000 0.00000 0.13409 0.13722
54.00000 188.00000 0.59513 0.73777 0.00000 0.23809 0.01202 0.08663 0.11854 0.29318 0.20881 0.09078 0.00133 0.02986 0.02703 0.09039 0.08974 0.00168 0.07383 0.98836 0.00000 0.07292 0.00000 0.00000 0.14198 0.13748
54.00000 189.00000 0.00000 0.00143 1.00000 1.00000 0.99101 0.97099 0.95930 1.00000 1.00000 0.99048 0.99981 0.87783 1.00000 0.97883 0.99074 0.99394 0.69970 0.06777 1.00000 0.95833 1.00000 1.00000 0.97085 0.97250
54.00000 190.00000 0.23805 0.29822 1.00000 0.59794 0.64345 0.71158 0.74407 0.61718 0.61572 0.61138 0.85372 0.64742 0.89189 0.78990 0.61220 0.99419 0.66259 0.15096 1.00000 0.70833 0.85412 1.00000 0.61968 0.62107
54.00000 191.00000 0.59527 0.73694 0.00000 0.23809 0.01358 0.08376 0.09409 0.29318 0.20881 0.09085 0.00146 0.03075 0.02703 0.08306 0.08857 0.00196 0.08550 1.00000 0.00000 0.08333 0.00000 0.00000 0.13512 0.13840
54.00000 192.00000 0.00004 0.00000 1.00000 1.00000 0.98899 0.96424 0.96931 1.00000 1.00000 0.99091 0.99964 0.87525 1.00000 0.96580 0.99094 0.99380 0.69070 0.05829 1.00000 0.97917 1.00000 1.00000 0.97222 0.97320
54.00000 193.00000 0.99994 0.99846 1.00000 0.00000 0.13414 0.33043 0.29100 0.00000 0.00063 0.00365 0.62715 0.28218 0.24324 0.53420 0.00287 0.99289 0.56852 0.41139 0.00000 0.31250 0.62791 1.00000 0.00652 0.01063
54.00000 194.00000 0.99991 0.99762 1.00000 0.00000 0.13744 0.31532 0.29519 0.00000 0.00063 0.00308 0.62728 0.28656 0.24324 0.52117 0.00274 0.99286 0.56010 0.40909 0.00000 0.32292 0.62791 1.00000 0.01269 0.00998
54.00000 195.00000 0.00001 0.00000 1.00000 1.00000 0.99156 0.96576 0.96553 1.00000 1.00000 0.98931 0.99956 0.88503 1.00000 0.97150 0.99087 0.99388 0.69172 0.06290 1.00000 0.97917 1.00000 1.00000 0.96571 0.97278
54.00000 196.00000 0.59520 0.73634 0.00000 0.23809 0.01367 0.07859 0.11002 0.29318 0.20881 0.09100 0.00118 0.02799 0.02703 0.08713 0.08870 0.00190 0.06800 0.97452 0.00000 0.06250 0.00000 0.00000 0.13992 0.14153
54.00000 197.00000 0.47615 0.83135 1.00000 0.62699 0.67236 0.68874 0.59305 0.50794 0.50000 0.46847 0.86460 0.60800 0.40541 0.72068 0.46940 0.99413 0.50678 0.35219 1.00000 0.67708 0.86469 1.00000 0.48285 0.47987
54.00000 198.00000 0.47629 0.83183 1.00000 0.62699 0.66878 0.68991 0.59618 0.50794 0.50000 0.46766 0.86441 0.61014 0.40541 0.71173 0.46818 0.99399 0.52456 0.37950 1.00000 0.66667 0.86469 1.00000 0.48285 0.48556
54.00000 199.00000 0.99995 0.99762 1.00000 0.00000 0.14322 0.31719 0.27153 0.00000 0.00063 0.00353 0.62725 0.28159 0.24324 0.54072 0.00172 0.99275 0.56569 0.41059 0.00000 0.32292 0.62791 1.00000 0.00309 0.01995
