74.00000 1.00000 0.50575 0.25000 1.00000 1.00000 0.33133 0.20471 0.30267 1.00000 1.00000 0.67150 0.15152 0.20520 1.00000 0.21429 0.82303 0.17647 0.24832 0.20816 1.00000 0.25000 1.00000 1.00000 0.75194 0.70533
74.00000 2.00000 0.35057 0.25000 1.00000 1.00000 0.31627 0.47940 0.27903 1.00000 1.00000 0.70531 0.16667 0.20856 1.00000 0.32143 0.61620 0.19118 0.25606 0.34436 1.00000 0.33333 1.00000 1.00000 0.61240 0.66418
74.00000 3.00000 0.45977 0.41667 1.00000 1.00000 0.42169 0.19228 0.29119 1.00000 1.00000 0.74074 0.22727 0.20008 1.00000 0.20833 0.72068 0.19118 0.23227 0.20931 1.00000 0.33333 1.00000 1.00000 0.51163 0.70823
74.00000 4.00000 0.69540 0.41667 1.00000 1.00000 0.25904 0.40942 0.22029 1.00000 1.00000 0.68277 0.13636 0.21529 1.00000 0.27381 0.65672 0.22059 0.24863 0.24125 1.00000 0.33333 1.00000 1.00000 0.66667 0.71099
74.00000 5.00000 0.60920 0.16667 1.00000 1.00000 0.40361 0.36712 0.21573 1.00000 1.00000 0.57810 0.13636 0.17015 1.00000 0.36905 0.78252 0.20588 0.22133 0.28126 1.00000 0.41667 1.00000 1.00000 0.71318 0.76112
74.00000 6.00000 0.50575 0.08333 1.00000 1.00000 0.27108 0.41748 0.31769 1.00000 1.00000 0.71014 0.22727 0.23688 1.00000 0.21429 0.70362 0.16176 0.26582 0.23586 1.00000 0.41667 1.00000 1.00000 0.69767 0.65327
74.00000 7.00000 0.54598 0.08333 1.00000 1.00000 0.30120 0.55352 0.27752 1.00000 1.00000 0.76006 0.16667 0.23454 1.00000 0.26190 0.83369 0.23529 0.25617 0.44209 1.00000 0.33333 1.00000 1.00000 0.54264 0.74537
74.00000 8.00000 0.71264 0.66667 1.00000 1.00000 0.31627 0.26771 0.26080 1.00000 1.00000 0.60386 0.28788 0.19523 1.00000 0.29762 0.82942 0.27941 0.24667 0.43093 1.00000 0.33333 1.00000 1.00000 0.72868 0.60494
74.00000 9.00000 0.51149 0.33333 1.00000 1.00000 0.29217 0.27861 0.37593 1.00000 1.00000 0.55072 0.16667 0.25204 1.00000 0.30952 0.69296 0.14706 0.21865 0.46903 1.00000 0.25000 1.00000 1.00000 0.51938 0.61765
74.00000 10.00000 0.58621 0.33333 1.00000 1.00000 0.30723 0.35535 0.28494 1.00000 1.00000 0.72464 0.16667 0.18254 1.00000 0.32143 0.68657 0.20588 0.21406 0.45710 1.00000 0.33333 1.00000 1.00000 0.74419 0.78984
74.00000 11.00000 0.50000 0.33333 1.00000 1.00000 0.35843 0.47024 0.31550 1.00000 1.00000 0.69565 0.18182 0.19344 1.00000 0.23810 0.71642 0.25000 0.23362 0.33051 1.00000 0.41667 1.00000 1.00000 0.62016 0.66970
74.00000 12.00000 0.49425 0.16667 1.00000 1.00000 0.47289 0.36800 0.29676 1.00000 1.00000 0.79066 0.10606 0.18900 1.00000 0.29167 0.71215 0.23529 0.25673 0.24663 1.00000 0.25000 1.00000 1.00000 0.55039 0.69608
74.00000 13.00000 0.40805 0.50000 1.00000 1.00000 0.33133 0.35121 0.45375 1.00000 1.00000 0.78261 0.18182 0.21650 1.00000 0.30952 0.70149 0.14706 0.24667 0.33590 1.00000 0.41667 1.00000 1.00000 0.53488 0.67965
74.00000 14.00000 0.56897 0.25000 1.00000 1.00000 0.31024 0.38391 0.26874 1.00000 1.00000 0.65700 0.09091 0.23490 1.00000 0.35119 0.78252 0.30882 0.25028 0.34090 1.00000 0.41667 1.00000 1.00000 0.65116 0.58616
74.00000 15.00000 0.54023 0.75000 1.00000 1.00000 0.17470 0.39045 0.40024 1.00000 1.00000 0.69887 0.18182 0.17594 1.00000 0.24405 0.69296 0.14706 0.24636 0.53598 1.00000 0.41667 1.00000 1.00000 0.62016 0.72784
74.00000 16.00000 0.45402 0.75000 1.00000 1.00000 0.32831 0.44430 0.37036 1.00000 1.00000 0.68438 0.22727 0.20461 1.00000 0.22024 0.66525 0.13235 0.26370 0.29050 1.00000 0.41667 1.00000 1.00000 0.73643 0.90900
74.00000 17.00000 0.43678 0.08333 1.00000 1.00000 0.20783 0.36146 0.28984 1.00000 1.00000 0.76167 0.25758 0.20856 1.00000 0.29167 0.68870 0.19118 0.23676 0.34359 1.00000 0.50000 1.00000 1.00000 0.54264 0.57898
74.00000 18.00000 0.44253 0.41667 1.00000 1.00000 0.25000 0.29235 0.30436 1.00000 0.00000 0.70531 0.19697 0.19595 1.00000 0.30952 0.74414 0.20588 0.22825 0.30435 1.00000 0.33333 1.00000 1.00000 0.79070 0.65962
74.00000 19.00000 0.50575 0.50000 1.00000 1.00000 0.23795 0.37628 0.35314 1.00000 0.00000 0.79227 0.15152 0.21933 1.00000 0.26786 0.73774 0.22059 0.25854 0.24702 1.00000 0.25000 1.00000 1.00000 0.64341 0.79564
74.00000 20.00000 0.42529 0.08333 1.00000 1.00000 0.35843 0.13952 0.40513 1.00000 1.00000 0.73108 0.19697 0.19420 1.00000 0.25595 0.77399 0.20588 0.24905 0.31397 1.00000 0.41667 1.00000 1.00000 0.56589 0.58603
74.00000 21.00000 0.68966 0.66667 1.00000 1.00000 0.23795 0.34859 0.37255 1.00000 1.00000 0.65539 0.21212 0.20268 1.00000 0.30952 0.69723 0.23529 0.26886 0.39361 1.00000 0.33333 1.00000 1.00000 0.63566 0.62497
74.00000 22.00000 0.32759 0.16667 1.00000 1.00000 0.22892 0.39285 0.30014 1.00000 1.00000 0.65700 0.25758 0.16952 1.00000 0.25595 0.69723 0.22059 0.25746 0.34436 1.00000 0.33333 1.00000 1.00000 0.51163 0.71955
74.00000 23.00000 0.40230 0.41667 1.00000 1.00000 0.37048 0.24918 0.35398 1.00000 1.00000 0.65539 0.16667 0.17195 1.00000 0.30357 0.79744 0.26471 0.20874 0.30050 1.00000 0.41667 1.00000 1.00000 0.68992 0.81635
74.00000 24.00000 0.47126 0.25000 1.00000 1.00000 0.38253 0.28777 0.26823 1.00000 1.00000 0.69887 0.18182 0.22261 1.00000 0.16667 0.81450 0.27941 0.25317 0.27703 1.00000 0.16667 1.00000 1.00000 0.62016 0.70008
74.00000 25.00000 0.49425 0.25000 1.00000 1.00000 0.24699 0.32745 0.28241 1.00000 1.00000 0.69404 0.13636 0.18424 1.00000 0.31548 0.74414 0.14706 0.24373 0.21277 1.00000 0.41667 1.00000 1.00000 0.74419 0.68545
74.00000 26.00000 0.29885 0.33333 1.00000 1.00000 0.38554 0.51559 0.42556 1.00000 0.00000 0.64412 0.24242 0.19169 1.00000 0.27976 0.65458 0.14706 0.23021 0.46364 1.00000 0.25000 1.00000 1.00000 0.46512 0.65880
74.00000 27.00000 0.40805 0.16667 1.00000 1.00000 0.17470 0.35535 0.27836 1.00000 1.00000 0.77134 0.15152 0.16311 1.00000 0.21429 0.64606 0.19118 0.23408 0.37091 1.00000 0.25000 1.00000 1.00000 0.63566 0.72811
74.00000 28.00000 0.39655 0.50000 1.00000 1.00000 0.18976 0.28581 0.24291 1.00000 1.00000 0.69887 0.13636 0.18043 1.00000 0.27381 0.75267 0.19118 0.25715 0.27164 1.00000 0.33333 1.00000 1.00000 0.58915 0.65493
74.00000 29.00000 0.48851 0.58333 1.00000 1.00000 0.37349 0.25659 0.26452 1.00000 1.00000 0.61353 0.13636 0.23082 1.00000 0.23214 0.71855 0.14706 0.26200 0.42016 1.00000 0.33333 1.00000 1.00000 0.63566 0.77782
74.00000 30.00000 0.48851 0.33333 1.00000 1.00000 0.24699 0.40964 0.37508 1.00000 1.00000 0.79710 0.16667 0.17805 1.00000 0.19643 0.56290 0.17647 0.23852 0.29858 1.00000 0.41667 1.00000 1.00000 0.72868 0.76567
74.00000 31.00000 0.51149 0.75000 1.00000 1.00000 0.26807 0.48289 0.26334 1.00000 1.00000 0.73752 0.18182 0.24836 1.00000 0.25000 0.77186 0.23529 0.23790 0.26164 1.00000 0.33333 1.00000 1.00000 0.64341 0.76277
74.00000 32.00000 0.52874 0.83333 1.00000 1.00000 0.31325 0.48855 0.29051 1.00000 1.00000 0.70209 0.21212 0.19245 1.00000 0.32143 0.62687 0.22059 0.27557 0.38284 1.00000 0.41667 1.00000 1.00000 0.59690 0.73295
74.00000 33.00000 0.62644 0.50000 1.00000 1.00000 0.40361 0.34467 0.36799 1.00000 1.00000 0.66345 0.16667 0.21601 1.00000 0.29762 0.81450 0.17647 0.24105 0.12466 1.00000 0.33333 1.00000 1.00000 0.55039 0.56697
74.00000 34.00000 0.35632 0.83333 1.00000 1.00000 0.35843 0.24831 0.43298 1.00000 1.00000 0.69243 0.18182 0.21821 1.00000 0.39881 0.65885 0.20588 0.22381 0.33051 1.00000 0.33333 1.00000 1.00000 0.72868 0.66542
74.00000 35.00000 0.40230 0.58333 1.00000 1.00000 0.41566 0.32309 0.30604 1.00000 1.00000 0.62802 0.18182 0.20053 1.00000 0.27976 0.71642 0.13235 0.24290 0.42170 1.00000 0.41667 1.00000 1.00000 0.57364 0.76346
74.00000 36.00000 0.54023 0.16667 1.00000 1.00000 0.25904 0.53216 0.32562 1.00000 1.00000 0.65862 0.21212 0.19856 1.00000 0.19643 0.76546 0.11765 0.23067 0.37168 1.00000 0.41667 1.00000 1.00000 0.74419 0.58299
74.00000 37.00000 0.62069 0.75000 1.00000 1.00000 0.27711 0.42228 0.50861 1.00000 1.00000 0.69243 0.18182 0.18316 1.00000 0.29762 0.77399 0.19118 0.26169 0.29357 1.00000 0.33333 1.00000 1.00000 0.58915 0.73405
74.00000 38.00000 0.75862 0.58333 1.00000 1.00000 0.26807 0.34380 0.32208 1.00000 1.00000 0.75201 0.22727 0.21112 1.00000 0.25000 0.79957 0.23529 0.26282 0.39015 1.00000 0.41667 1.00000 1.00000 0.69767 0.60909
74.00000 39.00000 0.54023 0.66667 1.00000 1.00000 0.33434 0.47133 0.31094 1.00000 1.00000 0.72464 0.18182 0.19788 1.00000 0.30357 0.71642 0.20588 0.23109 0.35821 1.00000 0.41667 1.00000 1.00000 0.79845 0.59859
74.00000 40.00000 0.38506 0.66667 1.00000 1.00000 0.31024 0.24678 0.32191 1.00000 1.00000 0.73108 0.19697 0.21390 1.00000 0.28571 0.68017 0.27941 0.24946 0.37591 1.00000 0.33333 1.00000 1.00000 0.58915 0.53977
74.00000 41.00000 0.66667 0.16667 1.00000 1.00000 0.37952 0.48419 0.27920 1.00000 1.00000 0.67311 0.13636 0.19281 1.00000 0.23810 0.66311 0.20588 0.25911 0.27741 1.00000 0.41667 1.00000 1.00000 0.67442 0.67081
74.00000 42.00000 0.22989 0.33333 1.00000 1.00000 0.28012 0.25136 0.37340 1.00000 1.00000 0.71337 0.19697 0.18137 1.00000 0.33929 0.81663 0.20588 0.27211 0.28896 1.00000 0.16667 1.00000 1.00000 0.58915 0.76457
74.00000 43.00000 0.41954 0.75000 1.00000 1.00000 0.27410 0.20514 0.38082 1.00000 1.00000 0.56683 0.21212 0.19676 1.00000 0.18452 0.74627 0.20588 0.24951 0.37207 1.00000 0.41667 1.00000 1.00000 0.60465 0.64706
74.00000 44.00000 0.34483 0.66667 1.00000 1.00000 0.28614 0.45193 0.33103 1.00000 1.00000 0.62158 0.18182 0.22804 1.00000 0.25000 0.70789 0.19118 0.27712 0.41747 1.00000 0.33333 1.00000 1.00000 0.62791 0.66777
74.00000 45.00000 0.64943 0.25000 1.00000 1.00000 0.41867 0.25485 0.34959 1.00000 1.00000 0.75362 0.21212 0.18644 1.00000 0.30357 0.70576 0.22059 0.23222 0.24240 1.00000 0.41667 1.00000 1.00000 0.78295 0.66156
74.00000 46.00000 0.49425 0.08333 1.00000 1.00000 0.33735 0.37366 0.35432 1.00000 1.00000 0.73752 0.13636 0.17199 1.00000 0.19643 0.73561 0.11765 0.23630 0.33975 1.00000 0.33333 1.00000 1.00000 0.66667 0.77520
74.00000 47.00000 0.60345 0.58333 1.00000 1.00000 0.39157 0.34925 0.38606 1.00000 1.00000 0.67311 0.19697 0.17922 1.00000 0.26786 0.64606 0.22059 0.23929 0.29473 1.00000 0.50000 1.00000 1.00000 0.80620 0.60757
74.00000 48.00000 0.60345 0.41667 1.00000 1.00000 0.32530 0.38587 0.26401 1.00000 1.00000 0.63285 0.28788 0.22104 1.00000 0.23810 0.68657 0.22059 0.23233 0.33975 1.00000 0.25000 1.00000 1.00000 0.72868 0.50221
74.00000 49.00000 0.60920 0.25000 1.00000 1.00000 0.44277 0.27207 0.36192 1.00000 1.00000 0.66828 0.21212 0.17738 1.00000 0.26190 0.79957 0.25000 0.23857 0.25702 1.00000 0.33333 1.00000 1.00000 0.49612 0.63505
74.00000 50.00000 0.47126 0.25000 1.00000 1.00000 0.31928 0.43253 0.29102 1.00000 1.00000 0.76006 0.13636 0.16777 1.00000 0.24405 0.65885 0.26471 0.27903 0.39361 1.00000 0.25000 1.00000 1.00000 0.58140 0.65935
74.00000 51.00000 0.51149 0.25000 1.00000 1.00000 0.37349 0.45040 0.32124 1.00000 1.00000 0.60548 0.21212 0.21489 1.00000 0.22619 0.83795 0.20588 0.24626 0.55406 1.00000 0.58333 1.00000 1.00000 0.71318 0.68476
74.00000 52.00000 0.52874 0.58333 1.00000 1.00000 0.34337 0.24439 0.30908 1.00000 1.00000 0.58776 0.18182 0.19918 1.00000 0.30357 0.70576 0.19118 0.21462 0.28088 1.00000 0.41667 1.00000 1.00000 0.65116 0.58492
74.00000 53.00000 0.52299 0.41667 1.00000 1.00000 0.39157 0.37148 0.35145 1.00000 1.00000 0.65862 0.22727 0.21170 1.00000 0.35714 0.69510 0.26471 0.24512 0.42824 1.00000 0.50000 1.00000 1.00000 0.72868 0.69594
74.00000 54.00000 0.53448 0.00000 1.00000 1.00000 0.34940 0.04295 0.30368 1.00000 1.00000 0.72303 0.25758 0.21395 1.00000 0.32143 0.68230 0.23529 0.22696 0.36322 1.00000 0.41667 1.00000 1.00000 0.69767 0.64485
74.00000 55.00000 0.60345 0.16667 1.00000 1.00000 0.34036 0.42250 0.31448 1.00000 1.00000 0.63285 0.18182 0.17275 1.00000 0.25595 0.75053 0.26471 0.23052 0.19084 1.00000 0.25000 1.00000 1.00000 0.58915 0.69138
74.00000 56.00000 0.55747 0.00000 1.00000 1.00000 0.29518 0.23806 0.36107 1.00000 1.00000 0.79066 0.27273 0.19932 1.00000 0.32738 0.61834 0.16176 0.28739 0.22586 1.00000 0.33333 1.00000 1.00000 0.62791 0.77589
74.00000 57.00000 0.41954 0.66667 1.00000 1.00000 0.23193 0.57510 0.39669 1.00000 1.00000 0.70531 0.10606 0.19995 1.00000 0.37500 0.55864 0.19118 0.24084 0.36860 1.00000 0.41667 1.00000 1.00000 0.52713 0.79564
74.00000 58.00000 0.39080 0.66667 1.00000 1.00000 0.32530 0.36451 0.40041 1.00000 1.00000 0.68599 0.27273 0.19523 1.00000 0.33333 0.73348 0.30882 0.24161 0.30242 1.00000 0.25000 1.00000 1.00000 0.60465 0.68296
74.00000 59.00000 0.61494 0.58333 1.00000 1.00000 0.29217 0.33355 0.28781 1.00000 1.00000 0.77295 0.21212 0.18393 1.00000 0.32143 0.76759 0.23529 0.26102 0.23548 1.00000 0.33333 1.00000 1.00000 0.60465 0.62856
74.00000 60.00000 0.62069 0.66667 1.00000 1.00000 0.35843 0.35077 0.30149 1.00000 1.00000 0.82448 0.19697 0.17616 1.00000 0.24405 0.71855 0.20588 0.25988 0.40823 1.00000 0.41667 1.00000 1.00000 0.49612 0.75173
74.00000 61.00000 0.44828 0.25000 1.00000 1.00000 0.43373 0.36778 0.26587 1.00000 1.00000 0.65217 0.24242 0.23539 1.00000 0.23810 0.65032 0.27941 0.22025 0.23586 1.00000 0.33333 1.00000 1.00000 0.70543 0.70036
74.00000 62.00000 0.43103 0.58333 1.00000 1.00000 0.31325 0.36037 0.37255 1.00000 1.00000 0.69404 0.24242 0.17850 1.00000 0.26786 0.65245 0.23529 0.23552 0.26933 1.00000 0.33333 1.00000 1.00000 0.58140 0.62207
74.00000 63.00000 0.40230 0.16667 1.00000 1.00000 0.33735 0.20863 0.38876 1.00000 1.00000 0.75523 0.16667 0.22983 1.00000 0.30952 0.62900 0.20588 0.25090 0.35244 1.00000 0.33333 1.00000 1.00000 0.69767 0.54805
74.00000 64.00000 0.45402 0.58333 1.00000 1.00000 0.44880 0.31807 0.35196 1.00000 1.00000 0.64895 0.21212 0.22180 1.00000 0.32738 0.74627 0.30882 0.24879 0.26164 1.00000 0.33333 1.00000 1.00000 0.61240 0.63007
74.00000 65.00000 0.47701 0.58333 1.00000 1.00000 0.30422 0.37148 0.36006 1.00000 1.00000 0.63929 0.18182 0.20609 1.00000 0.36310 0.75053 0.20588 0.27082 0.41554 1.00000 0.33333 1.00000 1.00000 0.58140 0.74565
74.00000 66.00000 0.39655 0.08333 1.00000 1.00000 0.20181 0.24766 0.20915 1.00000 1.00000 0.80354 0.16667 0.24127 1.00000 0.32143 0.75267 0.23529 0.24502 0.43978 1.00000 0.41667 1.00000 1.00000 0.45736 0.74399
74.00000 67.00000 0.43678 0.58333 1.00000 1.00000 0.26506 0.49073 0.42471 1.00000 1.00000 0.66023 0.30303 0.21610 1.00000 0.22619 0.62900 0.26471 0.21999 0.31281 1.00000 0.33333 1.00000 1.00000 0.49612 0.42143
74.00000 68.00000 0.44828 0.75000 1.00000 1.00000 0.39458 0.29584 0.29305 1.00000 1.00000 0.64090 0.22727 0.19398 1.00000 0.38095 0.68870 0.30882 0.24203 0.35321 1.00000 0.50000 1.00000 1.00000 0.68992 0.61392
74.00000 69.00000 0.68966 0.16667 1.00000 1.00000 0.31325 0.20514 0.40665 1.00000 1.00000 0.67794 0.18182 0.19097 1.00000 0.45238 0.64392 0.22059 0.21555 0.33128 1.00000 0.41667 1.00000 1.00000 0.72093 0.65037
74.00000 70.00000 0.81034 0.50000 1.00000 1.00000 0.26205 0.28297 0.31702 1.00000 1.00000 0.58132 0.30303 0.17948 1.00000 0.29762 0.68230 0.22059 0.22283 0.47865 1.00000 0.33333 1.00000 1.00000 0.61240 0.56366
74.00000 71.00000 0.54023 0.66667 1.00000 1.00000 0.38554 0.46566 0.27313 1.00000 1.00000 0.56039 0.24242 0.18940 1.00000 0.24405 0.82729 0.19118 0.22500 0.33782 1.00000 0.33333 1.00000 1.00000 0.58140 0.72756
74.00000 72.00000 0.40805 0.66667 1.00000 1.00000 0.38253 0.38871 0.31651 1.00000 1.00000 0.62802 0.18182 0.20143 1.00000 0.25595 0.66738 0.19118 0.23315 0.41631 1.00000 0.41667 1.00000 1.00000 0.51163 0.72273
74.00000 73.00000 0.52874 0.25000 1.00000 1.00000 0.43976 0.46370 0.33727 1.00000 1.00000 0.55233 0.31818 0.16715 1.00000 0.30952 0.65245 0.27941 0.22531 0.40708 1.00000 0.16667 1.00000 1.00000 0.66667 0.58837
74.00000 74.00000 0.48276 0.75000 1.00000 1.00000 0.33434 0.34358 0.38555 1.00000 1.00000 0.73591 0.25758 0.20421 1.00000 0.19643 0.72281 0.22059 0.26195 0.34436 1.00000 0.33333 1.00000 1.00000 0.70543 0.57153
74.00000 75.00000 0.40805 0.66667 1.00000 1.00000 0.28614 0.25049 0.31550 1.00000 1.00000 0.66184 0.12121 0.20116 1.00000 0.27381 0.74414 0.30882 0.24956 0.34398 1.00000 0.33333 1.00000 1.00000 0.62016 0.57139
74.00000 76.00000 0.43103 0.25000 1.00000 1.00000 0.49096 0.39111 0.18619 1.00000 1.00000 0.60386 0.18182 0.20143 1.00000 0.30357 0.65672 0.22059 0.27031 0.37053 1.00000 0.25000 1.00000 1.00000 0.68217 0.82974
74.00000 77.00000 0.33333 0.25000 1.00000 1.00000 0.17771 0.38195 0.40547 1.00000 1.00000 0.65378 0.22727 0.19434 1.00000 0.32738 0.74200 0.26471 0.23248 0.35129 1.00000 0.33333 1.00000 1.00000 0.58140 0.69345
74.00000 78.00000 0.67816 0.83333 1.00000 1.00000 0.34337 0.41945 0.41729 1.00000 1.00000 0.52979 0.19697 0.19573 1.00000 0.47024 0.69936 0.22059 0.21762 0.32012 1.00000 0.25000 1.00000 1.00000 0.51163 0.53756
74.00000 79.00000 0.52299 0.25000 1.00000 1.00000 0.38554 0.25332 0.44700 1.00000 1.00000 0.68921 0.22727 0.19227 1.00000 0.33333 0.60554 0.23529 0.25859 0.46518 1.00000 0.25000 1.00000 1.00000 0.63566 0.66529
74.00000 80.00000 0.32759 0.33333 1.00000 1.00000 0.42169 0.39350 0.27937 1.00000 1.00000 0.82287 0.22727 0.17648 1.00000 0.32143 0.52452 0.25000 0.24579 0.30589 1.00000 0.41667 1.00000 1.00000 0.64341 0.65286
74.00000 81.00000 0.47126 0.16667 1.00000 1.00000 0.50602 0.29257 0.42961 1.00000 1.00000 0.69243 0.28788 0.22368 1.00000 0.36310 0.57143 0.25000 0.24714 0.32513 1.00000 0.41667 1.00000 1.00000 0.57364 0.63090
74.00000 82.00000 0.31034 0.25000 1.00000 1.00000 0.28012 0.42272 0.55486 1.00000 1.00000 0.68599 0.16667 0.20645 1.00000 0.35119 0.62473 0.25000 0.28042 0.41016 1.00000 0.33333 1.00000 1.00000 0.48837 0.61392
74.00000 83.00000 0.40230 0.58333 1.00000 1.00000 0.31627 0.27883 0.34352 1.00000 1.00000 0.66184 0.18182 0.22162 1.00000 0.26786 0.73134 0.26471 0.25276 0.39592 1.00000 0.41667 1.00000 1.00000 0.71318 0.38650
74.00000 84.00000 0.51724 0.83333 1.00000 1.00000 0.45783 0.21321 0.38184 1.00000 1.00000 0.68116 0.30303 0.18384 1.00000 0.24405 0.64179 0.30882 0.22959 0.32859 1.00000 0.16667 1.00000 1.00000 0.74419 0.55206
74.00000 85.00000 0.58621 0.33333 1.00000 1.00000 0.53012 0.25986 0.43585 1.00000 1.00000 0.69887 0.22727 0.22216 1.00000 0.41667 0.71215 0.22059 0.25689 0.39323 1.00000 0.41667 1.00000 1.00000 0.50388 0.55510
74.00000 86.00000 0.60345 0.33333 1.00000 1.00000 0.34036 0.32527 0.33069 1.00000 1.00000 0.72142 0.21212 0.22884 1.00000 0.14881 0.58635 0.32353 0.25550 0.38322 1.00000 0.41667 1.00000 1.00000 0.57364 0.64747
74.00000 87.00000 0.55172 0.83333 1.00000 1.00000 0.31928 0.46218 0.47316 1.00000 1.00000 0.54106 0.13636 0.21767 1.00000 0.39286 0.60768 0.33824 0.23929 0.28780 1.00000 0.41667 1.00000 1.00000 0.50388 0.62828
74.00000 88.00000 0.35057 0.66667 1.00000 1.00000 0.19578 0.40811 0.39804 1.00000 1.00000 0.65378 0.16667 0.19043 1.00000 0.28571 0.65032 0.30882 0.21736 0.41901 1.00000 0.33333 1.00000 1.00000 0.59690 0.68103
74.00000 89.00000 0.41954 0.83333 1.00000 1.00000 0.25904 0.52017 0.34959 1.00000 1.00000 0.51691 0.18182 0.19402 1.00000 0.36905 0.61407 0.30882 0.23996 0.23471 1.00000 0.33333 1.00000 1.00000 0.60465 0.58630
74.00000 90.00000 0.72989 0.66667 1.00000 1.00000 0.60241 0.44801 0.38403 1.00000 1.00000 0.72142 0.27273 0.20327 1.00000 0.29762 0.61407 0.23529 0.22371 0.41785 1.00000 0.41667 1.00000 1.00000 0.58140 0.53742
74.00000 91.00000 0.50000 0.08333 1.00000 1.00000 0.38855 0.28276 0.37728 1.00000 1.00000 0.54428 0.16667 0.18285 1.00000 0.33929 0.66525 0.33824 0.22845 0.48673 1.00000 0.33333 1.00000 1.00000 0.68217 0.67702
74.00000 92.00000 0.52874 0.50000 1.00000 1.00000 0.23795 0.21517 0.32816 1.00000 1.00000 0.61192 0.22727 0.16979 1.00000 0.27976 0.65672 0.25000 0.21370 0.45556 1.00000 0.25000 1.00000 1.00000 0.60465 0.60453
74.00000 93.00000 0.39080 0.75000 1.00000 1.00000 0.27711 0.33246 0.43417 1.00000 1.00000 0.71498 0.21212 0.21489 1.00000 0.32738 0.64392 0.30882 0.23630 0.41401 1.00000 0.41667 1.00000 1.00000 0.44186 0.57898
74.00000 94.00000 0.17241 0.58333 1.00000 1.00000 0.34639 0.24439 0.47603 1.00000 1.00000 0.61514 0.21212 0.17863 1.00000 0.33929 0.68017 0.23529 0.23754 0.44517 1.00000 0.41667 1.00000 1.00000 0.65891 0.42930
74.00000 95.00000 0.35057 0.75000 1.00000 1.00000 0.40663 0.47613 0.31060 1.00000 1.00000 0.69565 0.21212 0.22723 1.00000 0.38095 0.55224 0.32353 0.21793 0.40323 1.00000 0.41667 1.00000 1.00000 0.61240 0.56476
74.00000 96.00000 0.41954 0.41667 1.00000 1.00000 0.40361 0.51799 0.41678 1.00000 1.00000 0.64251 0.19697 0.18312 1.00000 0.38095 0.64606 0.22059 0.22840 0.42016 1.00000 0.33333 1.00000 1.00000 0.56589 0.47142
74.00000 97.00000 0.60920 0.75000 1.00000 1.00000 0.65060 0.28690 0.32259 1.00000 1.00000 0.64412 0.24242 0.18357 1.00000 0.42857 0.60554 0.23529 0.22247 0.48634 1.00000 0.33333 1.00000 1.00000 0.44961 0.62607
74.00000 98.00000 0.48851 0.58333 1.00000 1.00000 0.60843 0.44343 0.51975 1.00000 1.00000 0.59259 0.27273 0.16257 1.00000 0.29762 0.66951 0.22059 0.24136 0.43555 1.00000 0.33333 1.00000 1.00000 0.50388 0.67067
74.00000 99.00000 0.51149 0.41667 1.00000 1.00000 0.42771 0.59298 0.40766 1.00000 1.00000 0.59259 0.27273 0.21704 1.00000 0.42857 0.59701 0.30882 0.21370 0.31127 1.00000 0.41667 1.00000 1.00000 0.61240 0.47584
74.00000 100.00000 0.39080 0.66667 1.00000 1.00000 0.48193 0.43623 0.31921 1.00000 1.00000 0.61192 0.21212 0.18832 1.00000 0.33929 0.68870 0.35294 0.19698 0.46402 1.00000 0.33333 1.00000 1.00000 0.57364 0.56214
74.00000 101.00000 0.40805 0.16667 1.00000 1.00000 0.31627 0.34532 0.37829 1.00000 1.00000 0.45572 0.31818 0.18298 1.00000 0.31548 0.62687 0.27941 0.22066 0.39053 1.00000 0.41667 1.00000 1.00000 0.68217 0.70298
74.00000 102.00000 0.36782 0.83333 1.00000 1.00000 0.34940 0.40244 0.36293 1.00000 1.00000 0.54589 0.30303 0.16970 1.00000 0.41071 0.61194 0.33824 0.22954 0.42670 1.00000 0.41667 1.00000 1.00000 0.51163 0.63477
74.00000 103.00000 0.61494 0.25000 1.00000 1.00000 0.23193 0.39547 0.39990 1.00000 1.00000 0.66828 0.25758 0.19519 1.00000 0.41667 0.63326 0.26471 0.20286 0.52751 1.00000 0.41667 1.00000 1.00000 0.56589 0.62124
74.00000 104.00000 0.51724 0.16667 1.00000 1.00000 0.37651 0.35775 0.35820 1.00000 1.00000 0.71659 0.25758 0.18487 1.00000 0.33929 0.62047 0.27941 0.22077 0.41708 1.00000 0.41667 1.00000 1.00000 0.62016 0.56338
74.00000 105.00000 0.32184 0.66667 1.00000 1.00000 0.41566 0.37606 0.22991 1.00000 1.00000 0.61514 0.25758 0.18666 1.00000 0.38690 0.56716 0.26471 0.22340 0.41362 1.00000 0.41667 1.00000 1.00000 0.58915 0.48039
74.00000 106.00000 0.59195 0.50000 1.00000 1.00000 0.29217 0.27665 0.22974 1.00000 1.00000 0.58454 0.30303 0.18774 1.00000 0.29762 0.69723 0.33824 0.26948 0.48519 1.00000 0.33333 1.00000 1.00000 0.48062 0.59459
74.00000 107.00000 0.38506 0.16667 1.00000 1.00000 0.45482 0.31328 0.40041 1.00000 1.00000 0.56522 0.21212 0.18173 1.00000 0.36905 0.57996 0.36765 0.21880 0.45133 1.00000 0.41667 1.00000 1.00000 0.51938 0.54474
74.00000 108.00000 0.67816 0.41667 1.00000 1.00000 0.39759 0.54545 0.33255 1.00000 1.00000 0.65862 0.30303 0.16167 1.00000 0.27976 0.62047 0.23529 0.23026 0.41785 1.00000 0.33333 1.00000 1.00000 0.60465 0.52292
74.00000 109.00000 0.66667 0.58333 1.00000 1.00000 0.43976 0.40113 0.44075 1.00000 1.00000 0.60870 0.25758 0.22795 1.00000 0.35119 0.60768 0.35294 0.25539 0.44171 1.00000 0.50000 1.00000 1.00000 0.48837 0.62358
74.00000 110.00000 0.30460 0.75000 1.00000 1.00000 0.43072 0.45106 0.47097 1.00000 1.00000 0.52335 0.24242 0.18330 1.00000 0.44643 0.56716 0.35294 0.20910 0.53213 1.00000 0.41667 1.00000 1.00000 0.72093 0.51408
74.00000 111.00000 0.45977 0.33333 1.00000 1.00000 0.44277 0.52365 0.52633 1.00000 1.00000 0.68277 0.33333 0.19775 1.00000 0.44643 0.49041 0.38235 0.20817 0.47826 1.00000 0.41667 1.00000 1.00000 0.37984 0.56186
74.00000 112.00000 0.63793 0.33333 1.00000 1.00000 0.46386 0.30979 0.49240 1.00000 1.00000 0.58937 0.33333 0.19250 1.00000 0.30952 0.59915 0.26471 0.21948 0.47557 1.00000 0.33333 1.00000 1.00000 0.63566 0.49793
74.00000 113.00000 0.27586 0.66667 1.00000 1.00000 0.48795 0.56508 0.36276 1.00000 1.00000 0.49919 0.33333 0.17729 1.00000 0.36905 0.63966 0.38235 0.20441 0.44286 1.00000 0.41667 1.00000 1.00000 0.50388 0.47473
74.00000 114.00000 0.62644 0.83333 1.00000 1.00000 0.35542 0.44495 0.55098 1.00000 1.00000 0.54589 0.27273 0.18375 1.00000 0.39286 0.71855 0.35294 0.19083 0.45171 1.00000 0.50000 1.00000 1.00000 0.60465 0.58161
74.00000 115.00000 0.32759 0.33333 1.00000 1.00000 0.36747 0.45433 0.47451 1.00000 1.00000 0.49275 0.28788 0.21435 1.00000 0.47619 0.56290 0.25000 0.22360 0.29588 1.00000 0.50000 1.00000 1.00000 0.50388 0.49323
74.00000 116.00000 0.67241 0.33333 1.00000 1.00000 0.34337 0.39285 0.41509 1.00000 1.00000 0.45733 0.27273 0.15875 1.00000 0.49405 0.63966 0.23529 0.19873 0.40785 1.00000 0.41667 1.00000 1.00000 0.47287 0.46603
74.00000 117.00000 0.43103 0.83333 1.00000 1.00000 0.39759 0.29322 0.46421 1.00000 1.00000 0.54589 0.33333 0.21009 1.00000 0.40476 0.49893 0.36765 0.23393 0.65371 1.00000 0.41667 1.00000 1.00000 0.56589 0.39671
74.00000 118.00000 0.38506 0.25000 1.00000 1.00000 0.58735 0.44866 0.39602 1.00000 1.00000 0.61031 0.30303 0.19115 1.00000 0.41071 0.53305 0.25000 0.20606 0.40977 1.00000 0.50000 1.00000 1.00000 0.54264 0.52030
74.00000 119.00000 0.47701 0.58333 1.00000 1.00000 0.44880 0.49248 0.46590 1.00000 1.00000 0.63768 0.31818 0.21884 1.00000 0.39286 0.52026 0.35294 0.19434 0.46826 1.00000 0.41667 1.00000 1.00000 0.31783 0.47238
74.00000 120.00000 0.55747 0.50000 1.00000 1.00000 0.31928 0.40571 0.41948 1.00000 1.00000 0.50886 0.28788 0.19546 1.00000 0.50595 0.56716 0.27941 0.20049 0.45518 1.00000 0.41667 1.00000 1.00000 0.46512 0.63905
74.00000 121.00000 0.69540 0.25000 1.00000 1.00000 0.39759 0.38827 0.39703 1.00000 1.00000 0.48792 0.30303 0.21592 1.00000 0.48214 0.48614 0.30882 0.21117 0.44055 1.00000 0.50000 1.00000 1.00000 0.58140 0.54018
74.00000 122.00000 0.55172 0.83333 1.00000 1.00000 0.31024 0.57053 0.39990 1.00000 1.00000 0.43800 0.31818 0.18043 1.00000 0.45238 0.52878 0.38235 0.20559 0.46210 1.00000 0.33333 1.00000 1.00000 0.58140 0.56531
74.00000 123.00000 0.43678 0.66667 1.00000 1.00000 0.46988 0.40004 0.39365 1.00000 1.00000 0.46377 0.36364 0.19698 1.00000 0.48214 0.62260 0.32353 0.21055 0.45556 1.00000 0.50000 1.00000 1.00000 0.45736 0.51022
74.00000 124.00000 0.66667 0.16667 1.00000 1.00000 0.39157 0.35470 0.66307 1.00000 1.00000 0.64573 0.31818 0.20991 1.00000 0.44643 0.55864 0.26471 0.22247 0.45979 1.00000 0.41667 1.00000 1.00000 0.61240 0.49268
74.00000 125.00000 0.40805 0.16667 1.00000 1.00000 0.45482 0.35383 0.50253 1.00000 1.00000 0.48148 0.30303 0.20888 1.00000 0.40476 0.39019 0.32353 0.24280 0.47287 1.00000 0.33333 1.00000 1.00000 0.55039 0.61861
74.00000 126.00000 0.60920 0.66667 1.00000 1.00000 0.38253 0.46021 0.49190 1.00000 1.00000 0.62480 0.28788 0.16580 1.00000 0.36310 0.50959 0.39706 0.19894 0.49442 1.00000 0.41667 1.00000 1.00000 0.40310 0.51795
74.00000 127.00000 0.38506 0.66667 1.00000 1.00000 0.47590 0.49422 0.47147 1.00000 1.00000 0.44605 0.33333 0.15440 1.00000 0.41071 0.46695 0.33824 0.18402 0.42940 1.00000 0.33333 1.00000 1.00000 0.48837 0.71679
74.00000 128.00000 0.54598 0.41667 1.00000 1.00000 0.37651 0.55156 0.46455 1.00000 1.00000 0.57810 0.27273 0.14574 1.00000 0.55952 0.36461 0.32353 0.18991 0.58215 1.00000 0.58333 1.00000 1.00000 0.30233 0.38056
74.00000 129.00000 0.52874 0.16667 1.00000 1.00000 0.35542 0.45782 0.42302 1.00000 1.00000 0.54911 0.34848 0.18631 1.00000 0.48214 0.59915 0.27941 0.19455 0.52058 1.00000 0.50000 1.00000 1.00000 0.41860 0.38608
74.00000 130.00000 0.45977 0.41667 1.00000 1.00000 0.50602 0.40353 0.59537 1.00000 1.00000 0.50403 0.36364 0.19564 1.00000 0.49405 0.63326 0.42647 0.21447 0.64910 1.00000 0.50000 1.00000 1.00000 0.49612 0.65617
74.00000 131.00000 0.51724 0.16667 1.00000 1.00000 0.60843 0.63527 0.46776 1.00000 1.00000 0.49597 0.25758 0.17495 1.00000 0.54167 0.41365 0.27941 0.20374 0.44633 1.00000 0.41667 1.00000 1.00000 0.65891 0.51781
74.00000 132.00000 0.30460 0.66667 1.00000 1.00000 0.41867 0.37214 0.61985 1.00000 1.00000 0.47826 0.33333 0.20470 1.00000 0.55357 0.46908 0.38235 0.20312 0.66487 1.00000 0.41667 1.00000 1.00000 0.48837 0.59403
74.00000 133.00000 0.31034 0.16667 1.00000 1.00000 0.50904 0.61827 0.59183 1.00000 1.00000 0.58937 0.34848 0.19012 1.00000 0.49405 0.45842 0.35294 0.20430 0.46133 1.00000 0.41667 1.00000 1.00000 0.49612 0.42599
74.00000 134.00000 0.49425 0.08333 1.00000 1.00000 0.64759 0.44801 0.58018 1.00000 1.00000 0.50725 0.40909 0.14520 1.00000 0.55952 0.59062 0.36765 0.18124 0.42555 1.00000 0.58333 1.00000 1.00000 0.44186 0.36288
74.00000 135.00000 0.64368 0.33333 1.00000 1.00000 0.48795 0.55330 0.50726 1.00000 1.00000 0.49114 0.34848 0.14996 1.00000 0.53571 0.46482 0.41176 0.18887 0.47788 1.00000 0.50000 1.00000 1.00000 0.52713 0.49434
74.00000 136.00000 0.46552 0.58333 1.00000 1.00000 0.51205 0.65424 0.58508 1.00000 1.00000 0.53462 0.36364 0.17168 1.00000 0.44643 0.41578 0.45588 0.18815 0.33975 1.00000 0.58333 1.00000 1.00000 0.43411 0.45139
74.00000 137.00000 0.74713 0.16667 1.00000 1.00000 0.43675 0.41988 0.52448 1.00000 1.00000 0.46055 0.42424 0.22445 1.00000 0.42262 0.51599 0.47059 0.20301 0.52982 1.00000 0.41667 1.00000 1.00000 0.47287 0.43593
74.00000 138.00000 0.56897 0.50000 1.00000 1.00000 0.50301 0.43471 0.61512 1.00000 1.00000 0.48953 0.39394 0.18563 1.00000 0.55952 0.56716 0.35294 0.19207 0.48519 1.00000 0.66667 1.00000 1.00000 0.43411 0.52568
74.00000 139.00000 0.48276 0.25000 1.00000 1.00000 0.53614 0.42272 0.58947 1.00000 1.00000 0.41868 0.42424 0.18662 1.00000 0.52976 0.59275 0.33824 0.18727 0.63140 1.00000 0.50000 1.00000 1.00000 0.43411 0.45057
74.00000 140.00000 0.51724 0.41667 1.00000 1.00000 0.54217 0.49967 0.58221 1.00000 1.00000 0.45572 0.40909 0.20789 1.00000 0.50000 0.44136 0.38235 0.17246 0.50827 1.00000 0.50000 1.00000 1.00000 0.31008 0.31304
74.00000 141.00000 0.55172 0.08333 1.00000 1.00000 0.62952 0.65729 0.68585 1.00000 1.00000 0.45250 0.43939 0.16881 1.00000 0.63690 0.49254 0.50000 0.18108 0.53598 1.00000 0.41667 1.00000 1.00000 0.37984 0.24634
74.00000 142.00000 0.52874 0.75000 1.00000 1.00000 0.62349 0.51014 0.63015 1.00000 1.00000 0.42995 0.34848 0.15781 1.00000 0.57143 0.50107 0.45588 0.19661 0.45941 1.00000 0.58333 1.00000 1.00000 0.39535 0.43772
74.00000 143.00000 0.47126 0.08333 1.00000 1.00000 0.52410 0.40615 0.64517 1.00000 1.00000 0.41546 0.45455 0.16629 1.00000 0.50595 0.29211 0.51471 0.20208 0.57945 1.00000 0.58333 1.00000 1.00000 0.39535 0.50829
74.00000 144.00000 0.36782 0.75000 1.00000 1.00000 0.65060 0.44670 0.57529 1.00000 1.00000 0.45250 0.33333 0.13991 1.00000 0.51786 0.46269 0.45588 0.16911 0.54790 1.00000 0.50000 1.00000 1.00000 0.41085 0.50456
74.00000 145.00000 0.46552 0.33333 1.00000 1.00000 0.33735 0.59778 0.60533 1.00000 1.00000 0.36393 0.39394 0.17630 1.00000 0.49405 0.33262 0.41176 0.18903 0.52982 1.00000 0.41667 1.00000 1.00000 0.45736 0.50110
74.00000 146.00000 0.60345 0.66667 1.00000 1.00000 0.65663 0.46087 0.62914 1.00000 1.00000 0.33816 0.45455 0.15418 1.00000 0.54762 0.31983 0.42647 0.17148 0.60254 1.00000 0.58333 1.00000 1.00000 0.44186 0.27423
74.00000 147.00000 0.51149 0.66667 1.00000 1.00000 0.58735 0.57205 0.65412 1.00000 1.00000 0.43317 0.40909 0.17419 1.00000 0.56548 0.47548 0.38235 0.13603 0.57368 1.00000 0.50000 1.00000 1.00000 0.33333 0.28031
74.00000 148.00000 0.52874 0.50000 1.00000 1.00000 0.63855 0.57118 0.56803 1.00000 1.00000 0.41868 0.36364 0.19506 1.00000 0.66071 0.39446 0.42647 0.18965 0.52174 1.00000 0.50000 1.00000 1.00000 0.58140 0.23833
74.00000 149.00000 0.50000 0.25000 1.00000 1.00000 0.58434 0.53761 0.50844 1.00000 1.00000 0.27053 0.42424 0.20264 1.00000 0.53571 0.32623 0.41176 0.16864 0.72682 1.00000 0.50000 1.00000 1.00000 0.48837 0.18835
74.00000 150.00000 0.51149 0.66667 1.00000 1.00000 0.68072 0.70242 0.64078 1.00000 1.00000 0.30274 0.45455 0.13201 1.00000 0.66667 0.40085 0.54412 0.18180 0.78761 1.00000 0.66667 1.00000 1.00000 0.36434 0.45609
74.00000 151.00000 0.44828 0.83333 1.00000 1.00000 0.54819 0.62459 0.63049 1.00000 1.00000 0.37037 0.37879 0.16939 1.00000 0.63690 0.34968 0.52941 0.18841 0.57984 1.00000 0.58333 1.00000 1.00000 0.27132 0.36482
74.00000 152.00000 0.44253 0.16667 1.00000 1.00000 0.61446 0.50687 0.63926 1.00000 1.00000 0.37842 0.45455 0.15956 1.00000 0.57143 0.30277 0.48529 0.15275 0.69719 1.00000 0.58333 1.00000 1.00000 0.41085 0.42461
74.00000 153.00000 0.54598 0.25000 1.00000 1.00000 0.62651 0.66514 0.67708 1.00000 1.00000 0.31723 0.46970 0.14816 1.00000 0.58929 0.25160 0.55882 0.15843 0.71528 1.00000 0.50000 1.00000 1.00000 0.38760 0.32574
74.00000 154.00000 0.52874 0.08333 1.00000 1.00000 0.70482 0.46697 0.60415 1.00000 1.00000 0.31079 0.45455 0.16329 1.00000 0.64881 0.37527 0.42647 0.15079 0.60062 1.00000 0.58333 1.00000 1.00000 0.31008 0.17509
74.00000 155.00000 0.42529 0.66667 1.00000 1.00000 0.78916 0.60759 0.59352 1.00000 1.00000 0.49597 0.56061 0.14785 1.00000 0.67857 0.24520 0.58824 0.15941 0.66756 1.00000 0.58333 1.00000 1.00000 0.44186 0.37752
74.00000 156.00000 0.45402 0.66667 1.00000 1.00000 0.66566 0.61020 0.66678 1.00000 1.00000 0.37681 0.53030 0.15000 1.00000 0.75000 0.26013 0.51471 0.17159 0.76914 1.00000 0.75000 1.00000 1.00000 0.28682 0.33623
74.00000 157.00000 0.66092 0.83333 1.00000 1.00000 0.62048 0.46239 0.61664 1.00000 1.00000 0.36232 0.51515 0.16190 1.00000 0.68452 0.23241 0.54412 0.15631 0.78492 1.00000 0.58333 1.00000 1.00000 0.26357 0.19705
74.00000 158.00000 0.71264 0.08333 1.00000 1.00000 0.80422 0.58600 0.71759 1.00000 1.00000 0.19646 0.51515 0.17145 1.00000 0.72619 0.34328 0.45588 0.15729 0.77915 1.00000 0.50000 1.00000 1.00000 0.35659 0.32463
74.00000 159.00000 0.35057 0.83333 1.00000 1.00000 0.72590 0.57162 0.81128 1.00000 1.00000 0.29308 0.51515 0.12824 1.00000 0.69048 0.30704 0.45588 0.17484 0.52520 1.00000 0.58333 1.00000 1.00000 0.25581 0.35653
74.00000 160.00000 0.41379 0.25000 1.00000 1.00000 0.68072 0.61783 0.83288 1.00000 1.00000 0.23671 0.51515 0.14893 1.00000 0.70833 0.19403 0.51471 0.14227 0.67180 1.00000 0.58333 1.00000 1.00000 0.28682 0.32463
74.00000 161.00000 0.64943 0.75000 1.00000 1.00000 0.82831 0.65446 0.79929 1.00000 1.00000 0.29791 0.57576 0.16755 1.00000 0.71429 0.21109 0.55882 0.13701 0.70912 1.00000 0.58333 1.00000 1.00000 0.20155 0.23226
74.00000 162.00000 0.41954 0.33333 1.00000 1.00000 0.75000 0.73250 0.81550 1.00000 1.00000 0.39936 0.57576 0.15835 1.00000 0.70238 0.23667 0.58824 0.14336 0.75760 1.00000 0.58333 1.00000 1.00000 0.27907 0.24689
74.00000 163.00000 0.52299 0.33333 1.00000 1.00000 0.88855 0.78744 0.73869 1.00000 1.00000 0.32367 0.57576 0.15871 1.00000 0.78571 0.23454 0.60294 0.12303 0.70450 1.00000 0.75000 1.00000 1.00000 0.26357 0.25449
74.00000 164.00000 0.37356 0.41667 1.00000 1.00000 0.73193 0.64487 0.68872 1.00000 1.00000 0.12238 0.60606 0.12290 1.00000 0.81548 0.11514 0.60294 0.13428 0.76991 1.00000 0.66667 1.00000 1.00000 0.24031 0.22231
74.00000 165.00000 0.40230 0.66667 1.00000 1.00000 0.82831 0.62721 0.68957 1.00000 1.00000 0.28986 0.51515 0.12806 1.00000 0.69643 0.19616 0.61765 0.15394 0.80531 1.00000 0.50000 1.00000 1.00000 0.21705 0.18586
74.00000 166.00000 0.56322 0.75000 1.00000 1.00000 0.62651 0.72705 0.82529 1.00000 1.00000 0.08052 0.60606 0.15534 1.00000 0.72619 0.17697 0.54412 0.12349 0.79261 1.00000 0.83333 1.00000 1.00000 0.17054 0.13311
