110.00000 1.00000 0.00002 0.00166 1.00000 1.00000 0.98660 0.91050 0.91990 1.00000 1.00000 0.99382 0.99932 0.87047 1.00000 0.92020 0.99688 0.99347 0.68820 0.03270 1.00000 0.92708 1.00000 1.00000 0.98320 0.99003
110.00000 2.00000 0.47618 0.83135 1.00000 0.62699 0.65804 0.64212 0.54891 0.50794 0.49937 0.47067 0.86379 0.59602 0.40541 0.66205 0.47130 0.99339 0.50512 0.32308 0.00000 0.65625 0.86469 1.00000 0.49177 0.49599
110.00000 3.00000 0.59513 0.73729 0.00000 0.23809 0.01156 0.05041 0.05187 0.29318 0.20881 0.09255 0.00114 0.01593 0.02703 0.02850 0.08992 0.00174 0.04713 0.94438 0.00000 0.03125 0.00000 0.00000 0.14026 0.14557
110.00000 4.00000 0.83315 0.99762 1.00000 0.06027 0.18286 0.33377 0.22987 0.14659 0.14403 0.13706 0.65058 0.28890 0.24324 0.46580 0.13732 0.99300 0.50783 0.33879 0.00000 0.32292 0.65116 1.00000 0.15706 0.16421
110.00000 5.00000 0.47627 0.83135 1.00000 0.62699 0.65777 0.63199 0.53196 0.50794 0.49937 0.47434 0.86384 0.59860 0.40541 0.66124 0.47158 0.99344 0.49053 0.32795 0.00000 0.65625 0.86469 1.00000 0.49211 0.49246
110.00000 6.00000 0.23811 0.29691 1.00000 0.59794 0.63492 0.70313 0.67790 0.61718 0.61509 0.61420 0.85328 0.64014 0.89189 0.74023 0.61451 0.99363 0.66425 0.10537 1.00000 0.66667 0.85412 1.00000 0.63717 0.62741
110.00000 7.00000 0.47610 0.83325 1.00000 0.62699 0.65979 0.64448 0.55565 0.50794 0.50000 0.47370 0.86379 0.59746 0.40541 0.66368 0.47133 0.99339 0.49564 0.30236 0.00000 0.65625 0.86469 1.00000 0.49554 0.50157
110.00000 8.00000 0.83334 0.99798 1.00000 0.06027 0.18323 0.34647 0.24452 0.14659 0.14403 0.13894 0.65058 0.30187 0.24324 0.44951 0.13552 0.99314 0.51621 0.35548 0.00000 0.31250 0.65116 1.00000 0.16255 0.16655
110.00000 9.00000 0.23809 0.29762 1.00000 0.59794 0.63428 0.69460 0.66290 0.61718 0.61509 0.61429 0.85328 0.64415 0.89189 0.74837 0.61557 0.99355 0.66385 0.11914 1.00000 0.67708 0.85412 1.00000 0.62997 0.63400
110.00000 10.00000 0.59511 0.73717 0.00000 0.23809 0.01532 0.05830 0.06145 0.29318 0.20881 0.09281 0.00103 0.01599 0.02703 0.03013 0.08895 0.00146 0.06874 0.94526 0.00000 0.04167 0.00000 0.00000 0.14060 0.14601
110.00000 11.00000 0.47613 0.83171 1.00000 0.62699 0.65988 0.64556 0.55584 0.50794 0.50000 0.47067 0.86377 0.59610 0.40541 0.65798 0.47176 0.99319 0.49912 0.31645 0.00000 0.65625 0.86469 1.00000 0.48457 0.49596
110.00000 12.00000 0.47613 0.83135 1.00000 0.62699 0.66135 0.64518 0.55524 0.50794 0.50000 0.47246 0.86392 0.59997 0.40541 0.65391 0.47163 0.99339 0.50881 0.32323 0.00000 0.64583 0.86469 1.00000 0.49074 0.49474
110.00000 13.00000 0.00002 0.00178 1.00000 1.00000 0.97871 0.93114 0.90757 1.00000 1.00000 0.99470 0.99932 0.86465 1.00000 0.91938 0.99617 0.99322 0.68387 0.02493 1.00000 0.91667 1.00000 1.00000 0.98217 0.98715
110.00000 14.00000 0.83320 0.99881 1.00000 0.06027 0.18204 0.33523 0.24717 0.14659 0.14403 0.13952 0.65056 0.29709 0.27027 0.46254 0.13590 0.99322 0.51857 0.34395 0.00000 0.31250 0.65116 1.00000 0.16804 0.16449
110.00000 15.00000 0.59510 0.73634 0.00000 0.23809 0.01220 0.03091 0.05216 0.29318 0.20881 0.09346 0.00110 0.02723 0.02703 0.03909 0.09045 0.00174 0.04946 0.93622 0.00000 0.02083 0.00000 0.00000 0.14060 0.14226
110.00000 16.00000 0.00001 0.00000 1.00000 1.00000 0.98257 0.95045 0.90456 1.00000 1.00000 0.99506 0.99939 0.86662 1.00000 0.91287 0.99551 0.99336 0.68287 0.02629 1.00000 0.93750 1.00000 1.00000 0.98320 0.97812
110.00000 17.00000 0.00005 0.00226 1.00000 1.00000 0.97624 0.94628 0.91142 1.00000 1.00000 0.99566 0.99932 0.86565 1.00000 0.91124 0.99739 0.99344 0.68599 0.02925 1.00000 0.93750 1.00000 1.00000 0.98457 0.98036
110.00000 18.00000 0.00006 0.00226 1.00000 1.00000 0.98615 0.94290 0.90849 1.00000 1.00000 0.99453 0.99941 0.86564 1.00000 0.90472 0.99620 0.99344 0.68023 0.02914 1.00000 0.93750 1.00000 1.00000 0.98491 0.98262
110.00000 19.00000 0.23815 0.29691 1.00000 0.59794 0.63143 0.70367 0.70226 0.61718 0.61509 0.61675 0.85324 0.64163 0.89189 0.75000 0.61621 0.99352 0.65764 0.11383 1.00000 0.68750 0.85412 1.00000 0.63546 0.63071
110.00000 20.00000 0.99994 0.99881 1.00000 0.00000 0.12937 0.30007 0.22955 0.00000 0.00000 0.00475 0.62715 0.27265 0.24324 0.48046 0.00337 0.99300 0.54756 0.38598 0.00000 0.29167 0.62791 1.00000 0.01955 0.02302
110.00000 21.00000 0.00002 0.00000 1.00000 1.00000 0.97816 0.92878 0.92493 1.00000 1.00000 0.99527 0.99930 0.86890 1.00000 0.91205 0.99688 0.99350 0.69277 0.02687 1.00000 0.92708 1.00000 1.00000 0.98285 0.98526
110.00000 22.00000 0.00006 0.00000 1.00000 1.00000 0.97945 0.92404 0.91602 1.00000 1.00000 0.99544 0.99932 0.86353 1.00000 0.89739 0.99650 0.99330 0.67694 0.03050 1.00000 0.93750 1.00000 1.00000 0.97840 0.98868
110.00000 23.00000 0.23813 0.29703 1.00000 0.59794 0.64098 0.68257 0.69906 0.61718 0.61509 0.61532 0.85332 0.64896 0.89189 0.75081 0.61491 0.99350 0.66766 0.10072 1.00000 0.69792 0.85412 1.00000 0.63477 0.62958
110.00000 24.00000 0.59526 0.73800 0.00000 0.23809 0.01046 0.02869 0.05599 0.29318 0.20881 0.09186 0.00108 0.02150 0.02703 0.03502 0.09025 0.00168 0.04875 0.92465 0.00000 0.04167 0.00000 0.00000 0.13615 0.14585
110.00000 25.00000 0.83315 0.99762 1.00000 0.06027 0.18571 0.33772 0.24686 0.14659 0.14403 0.13894 0.65063 0.29732 0.27027 0.47313 0.13618 0.99317 0.52014 0.34809 0.00000 0.31250 0.65116 1.00000 0.16564 0.16079
110.00000 26.00000 0.99978 0.99810 1.00000 0.00000 0.12185 0.29148 0.24452 0.00000 0.00000 0.00389 0.62721 0.26594 0.24324 0.46580 0.00363 0.99295 0.52809 0.38251 0.00000 0.27083 0.62791 1.00000 0.01303 0.02125
110.00000 27.00000 0.83335 0.99786 1.00000 0.06027 0.18222 0.33667 0.25283 0.14659 0.14403 0.13727 0.65052 0.29475 0.24324 0.45358 0.13725 0.99311 0.51647 0.35867 0.00000 0.32292 0.65116 1.00000 0.15569 0.16542
110.00000 28.00000 0.47621 0.83242 1.00000 0.62699 0.65933 0.65952 0.54722 0.50794 0.50000 0.47310 0.86396 0.60000 0.40541 0.66287 0.47127 0.99339 0.48846 0.31144 0.00000 0.64583 0.86469 1.00000 0.49143 0.49342
110.00000 29.00000 0.83319 0.99762 1.00000 0.06027 0.18323 0.34382 0.23889 0.14659 0.14403 0.13847 0.65048 0.30075 0.24324 0.44381 0.13646 0.99303 0.51664 0.35673 0.00000 0.30208 0.65116 1.00000 0.15844 0.16205
110.00000 30.00000 0.00006 0.00000 1.00000 1.00000 0.97734 0.94742 0.91956 1.00000 1.00000 0.99418 0.99935 0.86873 1.00000 0.90798 0.99625 0.99339 0.68668 0.03109 1.00000 0.93750 1.00000 1.00000 0.99108 0.98603
110.00000 31.00000 0.99997 0.99774 1.00000 0.00000 0.12964 0.28772 0.22948 0.00000 0.00063 0.00387 0.62723 0.27141 0.24324 0.47557 0.00266 0.99286 0.55555 0.37797 0.00000 0.29167 0.62791 1.00000 0.01749 0.01635
110.00000 32.00000 0.99986 0.99857 1.00000 0.00000 0.13047 0.31014 0.24318 0.00000 0.00000 0.00496 0.62721 0.27388 0.24324 0.48371 0.00492 0.99270 0.54046 0.36453 0.00000 0.29167 0.62791 1.00000 0.01578 0.01348
110.00000 33.00000 0.23817 0.29691 1.00000 0.59794 0.62914 0.69321 0.66837 0.61718 0.61509 0.61558 0.85330 0.64255 0.89189 0.74430 0.61621 0.99369 0.66447 0.11336 1.00000 0.67708 0.85412 1.00000 0.63992 0.63484
110.00000 34.00000 0.59522 0.73634 0.00000 0.23809 0.00835 0.05578 0.05168 0.29318 0.20881 0.09260 0.00108 0.01616 0.02703 0.03583 0.09111 0.00160 0.04996 0.94094 0.00000 0.05208 0.00000 0.00000 0.13957 0.14861
110.00000 35.00000 0.83330 0.99762 1.00000 0.06027 0.17910 0.34154 0.24200 0.14659 0.14403 0.13689 0.65054 0.29321 0.24324 0.46580 0.13770 0.99317 0.51671 0.36343 0.00000 0.31250 0.65116 1.00000 0.16392 0.16998
110.00000 36.00000 0.99997 0.99762 1.00000 0.00000 0.12983 0.28969 0.22421 0.00000 0.00063 0.00489 0.62728 0.27311 0.24324 0.46906 0.00335 0.99295 0.55305 0.38514 0.00000 0.29167 0.62791 1.00000 0.00995 0.01349
110.00000 37.00000 0.47628 0.83373 1.00000 0.62699 0.65832 0.65472 0.53907 0.50794 0.50000 0.47282 0.86396 0.59698 0.40541 0.65147 0.47102 0.99328 0.50188 0.32828 0.00000 0.62500 0.86469 1.00000 0.49177 0.50349
110.00000 38.00000 0.23810 0.29822 1.00000 0.59794 0.63666 0.71738 0.67564 0.61718 0.61509 0.61529 0.85330 0.64334 0.89189 0.74186 0.61656 0.99344 0.66042 0.10754 1.00000 0.68750 0.85412 1.00000 0.63340 0.62652
110.00000 39.00000 0.23801 0.29857 1.00000 0.59794 0.62887 0.70167 0.68250 0.61718 0.61509 0.61544 0.85336 0.64104 0.89189 0.74349 0.61598 0.99333 0.66659 0.11420 1.00000 0.69792 0.85412 1.00000 0.63340 0.63397
110.00000 40.00000 0.47622 0.83135 1.00000 0.62699 0.65887 0.66748 0.53926 0.50794 0.50000 0.47201 0.86403 0.59533 0.40541 0.66694 0.47252 0.99336 0.50521 0.31503 0.00000 0.64583 0.86469 1.00000 0.48903 0.48950
110.00000 41.00000 0.59520 0.73717 0.00000 0.23809 0.00927 0.04025 0.05038 0.29318 0.20881 0.09276 0.00106 0.02029 0.02703 0.02850 0.08954 0.00154 0.05960 0.94043 0.00000 0.06250 0.00000 0.00000 0.13786 0.14895
110.00000 42.00000 0.83332 0.99929 1.00000 0.06027 0.17827 0.31765 0.25271 0.14659 0.14403 0.13775 0.65056 0.29085 0.24324 0.46010 0.13778 0.99297 0.51683 0.35157 0.00000 0.31250 0.65116 1.00000 0.16289 0.16218
110.00000 43.00000 0.59518 0.73800 0.00000 0.23809 0.00853 0.06092 0.04246 0.29318 0.20881 0.09334 0.00116 0.01714 0.02703 0.03257 0.09032 0.00152 0.05589 0.94050 0.00000 0.04167 0.00000 0.00000 0.14095 0.14581
110.00000 44.00000 0.83315 0.99762 1.00000 0.06027 0.17580 0.33320 0.25076 0.14659 0.14403 0.13816 0.65061 0.29644 0.24324 0.46743 0.13699 0.99311 0.50293 0.35146 0.00000 0.33333 0.65116 1.00000 0.16118 0.16855
110.00000 45.00000 0.99989 0.99762 1.00000 0.00000 0.12708 0.29040 0.24108 0.00000 0.00000 0.00544 0.62728 0.27365 0.24324 0.46987 0.00317 0.99297 0.55208 0.36727 0.00000 0.28125 0.62791 1.00000 0.01372 0.01548
110.00000 46.00000 0.00007 0.00012 1.00000 1.00000 0.98468 0.93677 0.93294 1.00000 1.00000 0.99547 0.99930 0.86812 1.00000 0.91287 0.99762 0.99325 0.67606 0.03163 1.00000 0.92708 1.00000 1.00000 0.98045 0.98657
110.00000 47.00000 0.47608 0.83135 1.00000 0.62699 0.66144 0.63744 0.54070 0.50794 0.49937 0.47377 0.86407 0.59842 0.40541 0.65798 0.47178 0.99336 0.48860 0.32813 0.00000 0.65625 0.86469 1.00000 0.49211 0.49378
110.00000 48.00000 0.59509 0.73634 0.00000 0.23809 0.01633 0.04741 0.05488 0.29318 0.20881 0.09369 0.00110 0.01817 0.02703 0.05049 0.09075 0.00174 0.04722 0.93732 0.00000 0.04167 0.00000 0.00000 0.14266 0.14710
110.00000 49.00000 0.00000 0.00000 1.00000 1.00000 0.97798 0.92567 0.91024 1.00000 1.00000 0.99387 0.99937 0.86931 1.00000 0.92020 0.99513 0.99347 0.67977 0.02958 1.00000 0.93750 1.00000 1.00000 0.98628 0.98304
110.00000 50.00000 0.59515 0.73872 0.00000 0.23809 0.00633 0.06019 0.05502 0.29318 0.20818 0.09358 0.00114 0.01542 0.02703 0.03502 0.09025 0.00146 0.05955 0.93710 0.00000 0.04167 0.00000 0.00000 0.13752 0.14397
110.00000 51.00000 0.99986 0.99893 1.00000 0.00000 0.12616 0.29446 0.23403 0.00000 0.00063 0.00282 0.62742 0.27698 0.24324 0.46336 0.00287 0.99300 0.55991 0.38232 0.00000 0.29167 0.62791 1.00000 0.01852 0.01766
110.00000 52.00000 0.99998 0.99762 1.00000 0.00000 0.13387 0.30538 0.24688 0.00000 0.00000 0.00348 0.62715 0.27771 0.24324 0.47150 0.00297 0.99289 0.56591 0.38240 0.00000 0.29167 0.62791 1.00000 0.01578 0.01850
110.00000 53.00000 0.83331 0.99810 1.00000 0.06027 0.18359 0.33610 0.24833 0.14659 0.14403 0.13589 0.65063 0.29627 0.24324 0.46336 0.13469 0.99322 0.52635 0.35548 0.00000 0.32292 0.65116 1.00000 0.16152 0.16066
110.00000 54.00000 0.99983 0.99893 1.00000 0.00000 0.12772 0.30123 0.21858 0.00000 0.00000 0.00570 0.62717 0.26730 0.24324 0.47964 0.00363 0.99275 0.55329 0.37727 0.00000 0.28125 0.62791 1.00000 0.01509 0.01918
110.00000 55.00000 0.99992 0.99964 1.00000 0.00000 0.13084 0.29224 0.23254 0.00000 0.00000 0.00609 0.62723 0.26848 0.24324 0.47883 0.00500 0.99292 0.54582 0.37328 0.00000 0.27083 0.62791 1.00000 0.01783 0.02126
110.00000 56.00000 0.59527 0.73634 0.00000 0.23809 0.00569 0.04565 0.05928 0.29318 0.20881 0.09157 0.00112 0.01605 0.02703 0.04072 0.09040 0.00160 0.04717 0.94369 0.00000 0.05208 0.00000 0.00000 0.14438 0.14140
110.00000 57.00000 0.59527 0.73717 0.00000 0.23809 0.01853 0.05263 0.06590 0.29318 0.20818 0.09269 0.00110 0.01519 0.02703 0.04805 0.09050 0.00163 0.04920 0.93702 0.00000 0.05208 0.00000 0.00000 0.14232 0.14379
110.00000 58.00000 0.47615 0.83135 1.00000 0.62699 0.66116 0.65247 0.53074 0.50794 0.50000 0.47256 0.86384 0.60039 0.40541 0.66368 0.47150 0.99352 0.49493 0.32012 0.00000 0.64583 0.86469 1.00000 0.48422 0.49469
110.00000 59.00000 0.23804 0.29691 1.00000 0.59794 0.63630 0.68457 0.67881 0.61718 0.61509 0.61563 0.85332 0.64379 0.89189 0.76221 0.61448 0.99344 0.67004 0.10541 1.00000 0.69792 0.85412 1.00000 0.63306 0.64157
110.00000 60.00000 0.00002 0.00154 1.00000 1.00000 0.98642 0.93098 0.92096 1.00000 1.00000 0.99511 0.99932 0.87179 1.00000 0.91857 0.99653 0.99328 0.68901 0.02720 1.00000 0.93750 1.00000 1.00000 0.98388 0.98435
110.00000 61.00000 0.00002 0.00000 1.00000 1.00000 0.98147 0.93710 0.90762 1.00000 1.00000 0.99578 0.99935 0.87059 1.00000 0.90879 0.99521 0.99352 0.67449 0.04225 1.00000 0.92708 1.00000 1.00000 0.98903 0.97955
110.00000 62.00000 0.83330 0.99762 1.00000 0.06027 0.18213 0.34368 0.26477 0.14659 0.14403 0.13765 0.65063 0.29715 0.24324 0.46661 0.13684 0.99314 0.50612 0.34904 0.00000 0.33333 0.65116 1.00000 0.16118 0.16904
110.00000 63.00000 0.99999 0.99762 1.00000 0.00000 0.12781 0.29890 0.21918 0.00000 0.00000 0.00484 0.62728 0.27098 0.24324 0.47068 0.00256 0.99292 0.56124 0.37434 0.00000 0.28125 0.62791 1.00000 0.01852 0.01579
110.00000 64.00000 0.00007 0.00154 1.00000 1.00000 0.97578 0.94395 0.92976 1.00000 1.00000 0.99377 0.99951 0.86643 1.00000 0.90961 0.99500 0.99339 0.68087 0.03899 1.00000 0.93750 1.00000 1.00000 0.99108 0.98917
110.00000 65.00000 0.23820 0.29893 1.00000 0.59794 0.63235 0.69942 0.69703 0.61718 0.61509 0.61656 0.85332 0.64294 0.89189 0.73941 0.61428 0.99358 0.65788 0.11189 1.00000 0.68750 0.85412 1.00000 0.63306 0.63378
110.00000 66.00000 0.47623 0.83171 1.00000 0.62699 0.65795 0.64288 0.54282 0.50794 0.49937 0.47189 0.86381 0.59705 0.40541 0.66368 0.47089 0.99330 0.48727 0.32718 0.00000 0.65625 0.86469 1.00000 0.48868 0.49584
110.00000 67.00000 0.47617 0.83135 1.00000 0.62699 0.66272 0.65908 0.54694 0.50794 0.50000 0.47351 0.86396 0.59890 0.40541 0.66775 0.47168 0.99352 0.49067 0.31898 0.00000 0.63542 0.86469 1.00000 0.49451 0.49180
110.00000 68.00000 0.47624 0.83230 1.00000 0.62699 0.65731 0.63882 0.53875 0.50794 0.50000 0.47279 0.86398 0.60069 0.40541 0.66205 0.47193 0.99347 0.51031 0.32110 0.00000 0.63542 0.86469 1.00000 0.49246 0.49791
110.00000 69.00000 0.99982 0.99857 1.00000 0.00000 0.13286 0.30757 0.23066 0.00000 0.00063 0.00475 0.62721 0.27716 0.24324 0.46824 0.00337 0.99297 0.56291 0.36339 0.00000 0.29167 0.62791 1.00000 0.01029 0.01732
110.00000 70.00000 0.59531 0.73812 0.00000 0.23809 0.01330 0.06201 0.05163 0.29318 0.20881 0.09214 0.00103 0.02097 0.02703 0.03746 0.08992 0.00168 0.05900 0.93849 0.00000 0.03125 0.00000 0.00000 0.14198 0.14411
110.00000 71.00000 0.47620 0.83314 1.00000 0.62699 0.65428 0.65442 0.54874 0.50794 0.49937 0.47146 0.86388 0.59916 0.37838 0.65472 0.47117 0.99344 0.50478 0.32059 0.00000 0.65625 0.86469 1.00000 0.49040 0.49857
110.00000 72.00000 0.23821 0.29691 1.00000 0.59794 0.63290 0.69237 0.68461 0.61718 0.61509 0.61653 0.85326 0.64571 0.89189 0.75651 0.61446 0.99355 0.66773 0.11903 1.00000 0.67708 0.85412 1.00000 0.63306 0.63009
110.00000 73.00000 0.47623 0.83314 1.00000 0.62699 0.65685 0.66006 0.52862 0.50794 0.50000 0.47155 0.86396 0.59542 0.37838 0.65879 0.47168 0.99330 0.51078 0.31675 0.00000 0.64583 0.86469 1.00000 0.49246 0.49655
110.00000 74.00000 0.47606 0.83135 1.00000 0.62699 0.65942 0.65830 0.55353 0.50794 0.50000 0.47182 0.86384 0.59517 0.40541 0.65472 0.47122 0.99352 0.49776 0.31653 0.00000 0.64583 0.86469 1.00000 0.49554 0.49443
110.00000 75.00000 0.83333 0.99905 1.00000 0.06027 0.18231 0.33859 0.27394 0.14659 0.14403 0.13861 0.65056 0.29494 0.24324 0.46091 0.13555 0.99314 0.50857 0.35955 0.00000 0.32292 0.65116 1.00000 0.16187 0.16307
110.00000 76.00000 0.23810 0.29691 1.00000 0.59794 0.64098 0.68560 0.67720 0.61718 0.61572 0.61558 0.85332 0.64701 0.89189 0.74511 0.61555 0.99369 0.66923 0.12335 1.00000 0.71875 0.85412 1.00000 0.62860 0.63190
110.00000 77.00000 0.99980 0.99857 1.00000 0.00000 0.12588 0.30825 0.24060 0.00000 0.00000 0.00482 0.62728 0.27023 0.24324 0.47801 0.00492 0.99306 0.56281 0.37679 0.00000 0.29167 0.62791 1.00000 0.01303 0.01708
110.00000 78.00000 0.47624 0.83135 1.00000 0.62699 0.66208 0.63194 0.54667 0.50794 0.50000 0.47215 0.86388 0.59525 0.40541 0.65472 0.47064 0.99330 0.49914 0.31254 0.00000 0.64583 0.86469 1.00000 0.48937 0.48676
110.00000 79.00000 0.59519 0.73634 0.00000 0.23809 0.01239 0.05770 0.06598 0.29318 0.20881 0.09346 0.00116 0.01886 0.02703 0.03176 0.08984 0.00171 0.05729 0.94720 0.00000 0.05208 0.00000 0.00000 0.14266 0.14441
110.00000 80.00000 0.83335 0.99762 1.00000 0.06027 0.18204 0.31456 0.25738 0.14659 0.14403 0.13658 0.65061 0.29644 0.24324 0.46091 0.13743 0.99308 0.51759 0.36200 0.00000 0.31250 0.65116 1.00000 0.15844 0.16553
110.00000 81.00000 0.00002 0.00083 1.00000 1.00000 0.98073 0.93856 0.91347 1.00000 1.00000 0.99358 0.99935 0.87385 1.00000 0.90879 0.99460 0.99350 0.68358 0.03453 1.00000 0.91667 1.00000 1.00000 0.97771 0.99013
110.00000 82.00000 0.99979 0.99941 1.00000 0.00000 0.12414 0.29213 0.23940 0.00000 0.00000 0.00406 0.62732 0.27479 0.24324 0.46906 0.00279 0.99295 0.55891 0.37138 0.00000 0.28125 0.62791 1.00000 0.00617 0.01555
110.00000 83.00000 0.59519 0.73634 0.00000 0.23809 0.01220 0.03037 0.05161 0.29318 0.20881 0.09295 0.00118 0.02145 0.02703 0.02606 0.08928 0.00163 0.05977 0.93274 0.00000 0.04167 0.00000 0.00000 0.14163 0.14371
110.00000 84.00000 0.83335 0.99762 1.00000 0.06027 0.18424 0.32074 0.26108 0.14659 0.14403 0.13773 0.65061 0.29696 0.24324 0.46417 0.13677 0.99333 0.51892 0.35402 0.00000 0.32292 0.65116 1.00000 0.16221 0.16424
110.00000 85.00000 0.83327 0.99929 1.00000 0.06027 0.18947 0.33417 0.27269 0.14659 0.14403 0.13677 0.65065 0.29380 0.24324 0.46010 0.13628 0.99336 0.52099 0.34688 0.00000 0.34375 0.65116 1.00000 0.16015 0.16577
110.00000 86.00000 0.99999 0.99869 1.00000 0.00000 0.13093 0.29630 0.24751 0.00000 0.00000 0.00322 0.62751 0.27121 0.24324 0.47638 0.00363 0.99314 0.56448 0.38349 0.00000 0.29167 0.62791 1.00000 0.01166 0.01853
110.00000 87.00000 0.47625 0.83254 1.00000 0.62699 0.66419 0.66637 0.54270 0.50794 0.49937 0.47182 0.86394 0.60197 0.40541 0.66287 0.47117 0.99339 0.49434 0.31082 0.00000 0.64583 0.86469 1.00000 0.48971 0.49429
110.00000 88.00000 0.59517 0.73634 0.00000 0.23809 0.01349 0.04302 0.05380 0.29318 0.20818 0.09200 0.00127 0.02264 0.02703 0.04235 0.09058 0.00176 0.06924 0.94647 0.00000 0.04167 0.00000 0.00000 0.14472 0.14792
110.00000 89.00000 0.47608 0.83135 1.00000 0.62699 0.66235 0.65293 0.55560 0.50794 0.50000 0.47229 0.86400 0.60770 0.37838 0.67671 0.47117 0.99350 0.51445 0.33813 0.00000 0.64583 0.86469 1.00000 0.49383 0.49076
110.00000 90.00000 0.59527 0.73670 0.00000 0.23809 0.01239 0.02454 0.04585 0.29318 0.20881 0.09276 0.00110 0.02355 0.02703 0.04560 0.09032 0.00171 0.06553 0.93626 0.00000 0.05208 0.00000 0.00000 0.13649 0.14659
110.00000 91.00000 0.47626 0.83135 1.00000 0.62699 0.66336 0.64107 0.56063 0.50794 0.50000 0.47389 0.86381 0.59741 0.40541 0.66694 0.47054 0.99341 0.49543 0.33516 0.00000 0.65625 0.86469 1.00000 0.49417 0.49398
110.00000 92.00000 0.99976 0.99762 1.00000 0.00000 0.12864 0.30985 0.24681 0.00000 0.00000 0.00570 0.62721 0.27188 0.24324 0.47964 0.00378 0.99314 0.55060 0.38635 0.00000 0.29167 0.62791 1.00000 0.01852 0.01897
110.00000 93.00000 0.99987 0.99762 1.00000 0.00000 0.13313 0.29473 0.24279 0.00000 0.00000 0.00399 0.62728 0.27807 0.24324 0.47313 0.00342 0.99311 0.57026 0.36867 0.00000 0.30208 0.62791 1.00000 0.01852 0.02063
110.00000 94.00000 0.23815 0.29691 1.00000 0.59794 0.63281 0.67563 0.67513 0.61718 0.61509 0.61412 0.85330 0.64898 0.89189 0.74674 0.61560 0.99361 0.67109 0.10757 1.00000 0.67708 0.85412 1.00000 0.63237 0.62938
110.00000 95.00000 0.59522 0.73705 0.00000 0.23809 0.01505 0.03700 0.04838 0.29318 0.20881 0.09193 0.00118 0.01845 0.02703 0.03257 0.08997 0.00163 0.05044 0.94120 0.00000 0.03125 0.00000 0.00000 0.14026 0.14618
110.00000 96.00000 0.23810 0.29691 1.00000 0.59794 0.63244 0.69817 0.69198 0.61718 0.61509 0.61493 0.85336 0.64443 0.89189 0.73941 0.61514 0.99369 0.66321 0.12086 1.00000 0.69792 0.85412 1.00000 0.62791 0.63822
110.00000 97.00000 0.99994 0.99929 1.00000 0.00000 0.12744 0.29817 0.25107 0.00000 0.00063 0.00437 0.62738 0.27534 0.24324 0.47638 0.00370 0.99319 0.56512 0.37851 0.00000 0.28125 0.62791 1.00000 0.01132 0.02202
110.00000 98.00000 0.00006 0.00036 1.00000 1.00000 0.98459 0.93081 0.92351 1.00000 1.00000 0.99461 0.99930 0.87064 1.00000 0.92752 0.99505 0.99336 0.69094 0.03233 1.00000 0.92708 1.00000 1.00000 0.98011 0.98088
110.00000 99.00000 0.99977 0.99798 1.00000 0.00000 0.12809 0.30958 0.25061 0.00000 0.00000 0.00537 0.62736 0.27625 0.24324 0.46173 0.00302 0.99319 0.56886 0.37932 0.00000 0.29167 0.62791 1.00000 0.01783 0.02006
110.00000 100.00000 0.23814 0.29691 1.00000 0.59794 0.63446 0.69210 0.67881 0.61718 0.61509 0.61396 0.85343 0.64692 0.89189 0.75489 0.61542 0.99350 0.67266 0.11823 1.00000 0.67708 0.85412 1.00000 0.63443 0.63739
110.00000 101.00000 0.83327 0.99762 1.00000 0.06027 0.18341 0.32529 0.25928 0.14659 0.14403 0.13968 0.65073 0.30051 0.24324 0.46417 0.13588 0.99344 0.52740 0.37277 0.00000 0.33333 0.65116 1.00000 0.16324 0.16634
110.00000 102.00000 0.23807 0.29691 1.00000 0.59794 0.63832 0.68674 0.67559 0.61718 0.61509 0.61472 0.85336 0.64800 0.89189 0.74186 0.61387 0.99344 0.68701 0.13690 1.00000 0.67708 0.85412 1.00000 0.62791 0.62806
110.00000 103.00000 0.00002 0.00000 1.00000 1.00000 0.98514 0.94550 0.94031 1.00000 1.00000 0.99387 0.99935 0.87531 1.00000 0.90635 0.99406 0.99341 0.69429 0.03877 1.00000 0.91667 1.00000 1.00000 0.98868 0.97932
110.00000 104.00000 0.47610 0.83159 1.00000 0.62699 0.66144 0.66179 0.54188 0.50794 0.50000 0.47182 0.86407 0.60198 0.40541 0.65635 0.47087 0.99347 0.50507 0.31832 0.00000 0.64583 0.86469 1.00000 0.48903 0.49310
110.00000 105.00000 0.23823 0.29691 1.00000 0.59794 0.62675 0.69292 0.68421 0.61718 0.61509 0.61415 0.85322 0.65204 0.89189 0.75244 0.61474 0.99361 0.66204 0.12628 1.00000 0.69792 0.85412 1.00000 0.63203 0.63996
110.00000 106.00000 0.83320 0.99952 1.00000 0.06027 0.18369 0.33282 0.25030 0.14659 0.14403 0.13732 0.65075 0.30370 0.24324 0.47394 0.13710 0.99328 0.52811 0.36526 0.00000 0.32292 0.65116 1.00000 0.15844 0.16399
110.00000 107.00000 0.23820 0.29822 1.00000 0.59794 0.63740 0.70400 0.68825 0.61718 0.61509 0.61515 0.85334 0.64443 0.89189 0.75407 0.61332 0.99352 0.68353 0.12727 1.00000 0.70833 0.85412 1.00000 0.63272 0.63082
110.00000 108.00000 0.47608 0.83135 1.00000 0.62699 0.66089 0.66217 0.54373 0.50794 0.50000 0.47217 0.86407 0.59810 0.40541 0.66042 0.47074 0.99350 0.51028 0.32733 0.00000 0.63542 0.86469 1.00000 0.48903 0.49121
110.00000 109.00000 0.00007 0.00166 1.00000 1.00000 0.98312 0.91456 0.91953 1.00000 1.00000 0.99432 0.99941 0.86857 1.00000 0.91042 0.99607 0.99347 0.69491 0.03101 1.00000 0.94792 1.00000 1.00000 0.98114 0.97788
110.00000 110.00000 0.99985 0.99762 1.00000 0.00000 0.12836 0.32445 0.26149 0.00000 0.00063 0.00699 0.62753 0.27966 0.24324 0.48127 0.00312 0.99328 0.56181 0.36596 0.00000 0.29167 0.62791 1.00000 0.01372 0.01156
110.00000 111.00000 0.99987 0.99762 1.00000 0.00000 0.12643 0.32117 0.24657 0.00000 0.00063 0.00413 0.62742 0.27620 0.24324 0.47964 0.00327 0.99328 0.55834 0.38247 0.00000 0.29167 0.62791 1.00000 0.01749 0.01610
110.00000 112.00000 0.47629 0.83159 1.00000 0.62699 0.66336 0.64489 0.56133 0.50794 0.50000 0.47239 0.86392 0.59808 0.40541 0.66124 0.47127 0.99352 0.50328 0.32528 0.00000 0.64583 0.86469 1.00000 0.49348 0.49633
110.00000 113.00000 0.47627 0.83135 1.00000 0.62699 0.65593 0.66615 0.54183 0.50794 0.49937 0.47356 0.86398 0.60342 0.40541 0.67264 0.47135 0.99352 0.50814 0.32583 0.00000 0.62500 0.86469 1.00000 0.48937 0.49373
110.00000 114.00000 0.59522 0.73634 0.00000 0.23809 0.01184 0.04884 0.07885 0.29318 0.20881 0.09274 0.00122 0.01745 0.02703 0.03257 0.08906 0.00187 0.06957 0.93091 0.00000 0.04167 0.00000 0.00000 0.14060 0.13793
110.00000 115.00000 0.00000 0.00178 1.00000 1.00000 0.98046 0.91895 0.91003 1.00000 1.00000 0.99661 0.99943 0.87516 1.00000 0.91287 0.99543 0.99336 0.68796 0.03808 1.00000 0.94792 1.00000 1.00000 0.98457 0.98019
110.00000 116.00000 0.83317 0.99762 1.00000 0.06027 0.18626 0.34043 0.27192 0.14659 0.14403 0.13708 0.65082 0.30151 0.24324 0.45928 0.13748 0.99341 0.51773 0.37017 0.00000 0.32292 0.65116 1.00000 0.15329 0.16790
110.00000 117.00000 0.00003 0.00000 1.00000 1.00000 0.98055 0.93981 0.93224 1.00000 1.00000 0.99496 0.99939 0.87616 1.00000 0.90472 0.99480 0.99347 0.70324 0.03028 1.00000 0.93750 1.00000 1.00000 0.98560 0.98733
110.00000 118.00000 0.59509 0.73634 0.00000 0.23809 0.00918 0.06604 0.05902 0.29318 0.20881 0.09162 0.00120 0.02560 0.02703 0.05375 0.08979 0.00182 0.07621 0.94215 0.00000 0.04167 0.00000 0.00000 0.14266 0.14912
110.00000 119.00000 0.83326 0.99929 1.00000 0.06027 0.18286 0.33209 0.25651 0.14659 0.14403 0.13680 0.65071 0.29868 0.24324 0.46091 0.13646 0.99339 0.52535 0.36965 0.00000 0.32292 0.65116 1.00000 0.16049 0.16335
110.00000 120.00000 0.83325 0.99952 1.00000 0.06027 0.18571 0.33244 0.25449 0.14659 0.14403 0.13787 0.65094 0.29446 0.24324 0.47801 0.13672 0.99344 0.53294 0.37068 0.00000 0.32292 0.65116 1.00000 0.15912 0.15775
110.00000 121.00000 0.83323 0.99762 1.00000 0.06027 0.18699 0.33108 0.25276 0.14659 0.14403 0.13773 0.65084 0.29980 0.24324 0.46906 0.13547 0.99344 0.53770 0.36643 0.00000 0.32292 0.65116 1.00000 0.16255 0.16769
110.00000 122.00000 0.47621 0.83135 1.00000 0.62699 0.65593 0.65193 0.54260 0.50794 0.50000 0.47246 0.86403 0.59977 0.40541 0.66368 0.46932 0.99350 0.51671 0.30979 0.00000 0.63542 0.86469 1.00000 0.49383 0.48952
110.00000 123.00000 0.59508 0.73729 0.00000 0.23809 0.01349 0.04998 0.07072 0.29318 0.20818 0.09159 0.00125 0.02214 0.02703 0.05049 0.08956 0.00171 0.06019 0.94325 0.00000 0.03125 0.00000 0.00000 0.13683 0.14467
110.00000 124.00000 0.47622 0.83254 1.00000 0.62699 0.65823 0.65556 0.54313 0.50794 0.50000 0.47232 0.86405 0.60406 0.40541 0.67671 0.47138 0.99358 0.53170 0.32788 0.00000 0.64583 0.86469 1.00000 0.49040 0.49407
110.00000 125.00000 0.83324 0.99762 1.00000 0.06027 0.18231 0.35032 0.25820 0.14659 0.14403 0.13713 0.65090 0.29563 0.24324 0.46417 0.13677 0.99374 0.52206 0.35461 0.00000 0.31250 0.65116 1.00000 0.16427 0.16694
110.00000 126.00000 0.59514 0.73634 0.00000 0.23809 0.01220 0.06057 0.06203 0.29318 0.20881 0.09358 0.00144 0.02062 0.02703 0.04479 0.08926 0.00204 0.07790 0.93915 0.00000 0.04167 0.00000 0.00000 0.13752 0.14935
110.00000 127.00000 0.23817 0.29857 1.00000 0.59794 0.63409 0.67972 0.69906 0.61718 0.61509 0.61434 0.85334 0.64948 0.89189 0.76303 0.61481 0.99361 0.67418 0.11998 1.00000 0.67708 0.85412 1.00000 0.63272 0.63384
110.00000 128.00000 0.83332 0.99834 1.00000 0.06027 0.18341 0.32989 0.27928 0.14659 0.14403 0.13813 0.65082 0.30020 0.24324 0.47068 0.13720 0.99352 0.54944 0.36779 0.00000 0.33333 0.65116 1.00000 0.15775 0.16066
110.00000 129.00000 0.00005 0.00048 1.00000 1.00000 0.98303 0.93176 0.93301 1.00000 1.00000 0.99327 0.99939 0.87971 1.00000 0.92182 0.99536 0.99341 0.70743 0.03716 1.00000 0.92708 1.00000 1.00000 0.98491 0.98663
110.00000 130.00000 0.83332 0.99976 1.00000 0.06027 0.18671 0.31730 0.26238 0.14659 0.14403 0.13675 0.65099 0.29894 0.24324 0.45928 0.13694 0.99352 0.52456 0.36607 0.00000 0.32292 0.65116 1.00000 0.16255 0.16156
110.00000 131.00000 0.47613 0.83135 1.00000 0.62699 0.65960 0.66561 0.55189 0.50794 0.50000 0.47222 0.86407 0.60520 0.40541 0.67101 0.47059 0.99372 0.52335 0.33930 0.00000 0.65625 0.86469 1.00000 0.49040 0.49653
110.00000 132.00000 0.83335 0.99762 1.00000 0.06027 0.18497 0.33794 0.25297 0.14659 0.14403 0.13837 0.65086 0.30370 0.24324 0.46906 0.13699 0.99355 0.53006 0.37500 0.00000 0.32292 0.65116 1.00000 0.16015 0.16131
110.00000 133.00000 0.23817 0.29691 1.00000 0.59794 0.63400 0.69720 0.70358 0.61718 0.61509 0.61460 0.85336 0.65568 0.89189 0.76059 0.61590 0.99369 0.68092 0.12808 1.00000 0.67708 0.85412 1.00000 0.62346 0.62854
110.00000 134.00000 0.23812 0.29691 1.00000 0.59794 0.63171 0.68617 0.69174 0.61718 0.61509 0.61579 0.85332 0.64833 0.89189 0.74349 0.61370 0.99352 0.69474 0.12672 1.00000 0.68750 0.85412 1.00000 0.63443 0.63270
110.00000 135.00000 0.00003 0.00000 1.00000 1.00000 0.98385 0.96497 0.91715 1.00000 1.00000 0.99492 0.99939 0.87934 1.00000 0.91124 0.99516 0.99333 0.70403 0.03866 1.00000 0.94792 1.00000 1.00000 0.97840 0.98251
110.00000 136.00000 0.59526 0.73634 0.00000 0.23809 0.01147 0.06323 0.06528 0.29318 0.20881 0.09138 0.00133 0.03048 0.02703 0.03990 0.08971 0.00196 0.07150 0.93984 0.00000 0.04167 0.00000 0.00000 0.13649 0.14966
110.00000 137.00000 0.99977 0.99762 1.00000 0.00000 0.12836 0.29454 0.25480 0.00000 0.00063 0.00387 0.62763 0.27598 0.24324 0.47150 0.00365 0.99350 0.57962 0.38701 0.00000 0.30208 0.62791 1.00000 0.00823 0.02054
110.00000 138.00000 0.59520 0.73634 0.00000 0.23809 0.01018 0.03045 0.07170 0.29318 0.20881 0.09150 0.00154 0.02606 0.02703 0.03827 0.09096 0.00218 0.06307 0.94153 0.00000 0.03125 0.00000 0.00000 0.13615 0.14970
110.00000 139.00000 0.59529 0.73800 0.00000 0.23809 0.01174 0.05117 0.06304 0.29318 0.20881 0.09207 0.00139 0.02357 0.02703 0.05456 0.09022 0.00196 0.07478 0.95218 0.00000 0.05208 0.00000 0.00000 0.14163 0.14446
110.00000 140.00000 0.23809 0.29691 1.00000 0.59794 0.63749 0.71042 0.70811 0.61718 0.61509 0.61446 0.85349 0.64722 0.89189 0.76873 0.61491 0.99355 0.68734 0.10087 1.00000 0.69792 0.85412 1.00000 0.63306 0.63219
110.00000 141.00000 0.83316 0.99762 1.00000 0.06027 0.18772 0.32884 0.24621 0.14659 0.14403 0.13954 0.65099 0.29902 0.24324 0.46498 0.13707 0.99377 0.54784 0.36464 0.00000 0.32292 0.65116 1.00000 0.16049 0.16182
110.00000 142.00000 0.23802 0.29691 1.00000 0.59794 0.63657 0.67785 0.69374 0.61718 0.61572 0.61431 0.85330 0.64602 0.89189 0.75977 0.61425 0.99355 0.67420 0.12339 1.00000 0.68750 0.85412 1.00000 0.62860 0.62756
110.00000 143.00000 0.99977 0.99762 1.00000 0.00000 0.12726 0.29460 0.23807 0.00000 0.00063 0.00458 0.62770 0.28423 0.24324 0.48779 0.00363 0.99361 0.58778 0.38280 0.00000 0.29167 0.62791 1.00000 0.01235 0.01353
110.00000 144.00000 0.59511 0.73646 0.00000 0.23809 0.01303 0.04456 0.06841 0.29318 0.20881 0.09167 0.00148 0.02814 0.02703 0.05945 0.08977 0.00207 0.07728 0.93794 0.00000 0.04167 0.00000 0.00000 0.13992 0.14794
110.00000 145.00000 0.99985 0.99893 1.00000 0.00000 0.13001 0.32442 0.24895 0.00000 0.00063 0.00169 0.62761 0.28293 0.24324 0.47720 0.00292 0.99355 0.58457 0.37764 0.00000 0.29167 0.62791 1.00000 0.01646 0.01986
110.00000 146.00000 0.99977 0.99762 1.00000 0.00000 0.12625 0.29292 0.25690 0.00000 0.00000 0.00573 0.62757 0.28539 0.24324 0.49349 0.00416 0.99355 0.57821 0.37731 0.00000 0.29167 0.62791 1.00000 0.01475 0.01761
110.00000 147.00000 0.59511 0.73824 0.00000 0.23809 0.01670 0.04732 0.07945 0.29318 0.20881 0.09253 0.00148 0.02839 0.02703 0.06107 0.08956 0.00218 0.08104 0.93820 0.00000 0.06250 0.00000 0.00000 0.14026 0.14474
110.00000 148.00000 0.83329 0.99834 1.00000 0.06027 0.18708 0.33845 0.25158 0.14659 0.14403 0.13668 0.65099 0.30648 0.24324 0.46580 0.13646 0.99383 0.53594 0.36072 0.00000 0.34375 0.65116 1.00000 0.15947 0.16821
110.00000 149.00000 0.47623 0.83230 1.00000 0.62699 0.66557 0.65163 0.53926 0.50794 0.49937 0.47127 0.86413 0.60741 0.37838 0.66450 0.47064 0.99363 0.54877 0.33363 0.00000 0.66667 0.86469 1.00000 0.48731 0.49690
110.00000 150.00000 0.99998 0.99822 1.00000 0.00000 0.12790 0.32147 0.25581 0.00000 0.00063 0.00468 0.62768 0.28479 0.24324 0.49267 0.00497 0.99369 0.59375 0.38701 0.00000 0.31250 0.62791 1.00000 0.01097 0.01613
110.00000 151.00000 0.47607 0.83254 1.00000 0.62699 0.65832 0.65954 0.55683 0.50794 0.50000 0.47172 0.86413 0.61223 0.40541 0.67020 0.47148 0.99372 0.51854 0.33491 0.00000 0.63542 0.86469 1.00000 0.49040 0.49407
110.00000 152.00000 0.59527 0.73717 0.00000 0.23809 0.01046 0.05984 0.07204 0.29318 0.20881 0.09174 0.00150 0.02424 0.02703 0.05375 0.08809 0.00220 0.09602 0.95332 0.00000 0.05208 0.00000 0.00000 0.13957 0.14525
110.00000 153.00000 0.47627 0.83135 1.00000 0.62699 0.67162 0.66320 0.56034 0.50794 0.50000 0.47088 0.86428 0.61235 0.37838 0.67752 0.47148 0.99380 0.53737 0.31916 0.00000 0.65625 0.86469 1.00000 0.48560 0.49425
110.00000 154.00000 0.23824 0.29691 1.00000 0.59794 0.64125 0.70977 0.67814 0.61718 0.61509 0.61343 0.85343 0.65961 0.89189 0.75651 0.61385 0.99352 0.69265 0.11673 1.00000 0.69792 0.85412 1.00000 0.62689 0.62972
110.00000 155.00000 0.99989 0.99762 1.00000 0.00000 0.13111 0.29709 0.25564 0.00000 0.00063 0.00263 0.62789 0.28705 0.24324 0.47557 0.00292 0.99385 0.59211 0.38500 0.00000 0.30208 0.62791 1.00000 0.01578 0.02363
110.00000 156.00000 0.99988 0.99941 1.00000 0.00000 0.13093 0.30754 0.24671 0.00000 0.00063 0.00332 0.62787 0.28852 0.24324 0.50407 0.00368 0.99374 0.59959 0.38295 0.00000 0.27083 0.62791 1.00000 0.01509 0.01771
110.00000 157.00000 0.47607 0.83135 1.00000 0.62699 0.66006 0.64044 0.57519 0.50794 0.50000 0.47077 0.86415 0.61462 0.40541 0.66450 0.46894 0.99383 0.53056 0.33736 0.00000 0.65625 0.86469 1.00000 0.48765 0.49413
110.00000 158.00000 0.83331 0.99762 1.00000 0.06027 0.18580 0.33545 0.25723 0.14659 0.14403 0.13699 0.65122 0.30887 0.24324 0.47557 0.13677 0.99394 0.54877 0.36823 0.00000 0.33333 0.65116 1.00000 0.16015 0.16330
110.00000 159.00000 0.99979 0.99822 1.00000 0.00000 0.13552 0.29595 0.26243 0.00000 0.00063 0.00578 0.62791 0.29074 0.24324 0.49186 0.00327 0.99385 0.59978 0.39422 0.00000 0.29167 0.62791 1.00000 0.01646 0.02073
110.00000 160.00000 0.47615 0.83135 1.00000 0.62699 0.66254 0.67049 0.55084 0.50794 0.50000 0.47205 0.86422 0.61832 0.40541 0.67752 0.47115 0.99388 0.54015 0.32934 0.00000 0.64583 0.86469 1.00000 0.48663 0.49174
110.00000 161.00000 0.99988 0.99857 1.00000 0.00000 0.13708 0.32017 0.26366 0.00000 0.00063 0.00446 0.62797 0.28560 0.24324 0.49023 0.00350 0.99413 0.60501 0.37123 0.00000 0.29167 0.62791 1.00000 0.01543 0.02154
110.00000 162.00000 0.59508 0.73634 0.00000 0.23809 0.01248 0.05393 0.08523 0.29318 0.20881 0.09176 0.00167 0.03353 0.02703 0.05130 0.09002 0.00248 0.09335 0.95486 0.00000 0.06250 0.00000 0.00000 0.14129 0.14443
110.00000 163.00000 0.23818 0.29691 1.00000 0.59794 0.64015 0.69926 0.70433 0.61718 0.61509 0.61350 0.85364 0.66160 0.89189 0.76303 0.61545 0.99369 0.70255 0.13005 1.00000 0.70833 0.85412 1.00000 0.62997 0.63438
110.00000 164.00000 0.99983 0.99869 1.00000 0.00000 0.13377 0.30722 0.24806 0.00000 0.00063 0.00415 0.62795 0.28763 0.24324 0.48779 0.00294 0.99408 0.60832 0.38741 0.00000 0.30208 0.62791 1.00000 0.01406 0.01346
110.00000 165.00000 0.59527 0.73848 0.00000 0.23809 0.01321 0.06761 0.06429 0.29318 0.20881 0.09300 0.00173 0.03083 0.02703 0.05782 0.09058 0.00254 0.09961 0.94753 0.00000 0.03125 0.00000 0.00000 0.13580 0.14174
110.00000 166.00000 0.59508 0.73634 0.00000 0.23809 0.01486 0.05309 0.06954 0.29318 0.20881 0.09085 0.00177 0.03200 0.02703 0.04560 0.09096 0.00259 0.08416 0.95745 0.00000 0.06250 0.00000 0.00000 0.12860 0.14788
110.00000 167.00000 0.00007 0.00000 1.00000 1.00000 0.98605 0.93366 0.94406 1.00000 1.00000 0.99243 0.99951 0.88933 1.00000 0.92182 0.99351 0.99358 0.73430 0.04460 1.00000 0.94792 1.00000 1.00000 0.97599 0.98391
110.00000 168.00000 0.00003 0.00000 1.00000 1.00000 0.98495 0.95733 0.93593 1.00000 1.00000 0.99408 0.99937 0.89406 1.00000 0.92101 0.99442 0.99341 0.72143 0.04207 1.00000 0.96875 1.00000 1.00000 0.98251 0.97784
110.00000 169.00000 0.99983 0.99929 1.00000 0.00000 0.12909 0.30876 0.25962 0.00000 0.00063 0.00520 0.62814 0.29620 0.24324 0.49511 0.00315 0.99413 0.61468 0.36856 0.00000 0.30208 0.62791 1.00000 0.01989 0.02546
110.00000 170.00000 0.59529 0.73634 0.00000 0.23809 0.01422 0.05486 0.05281 0.29318 0.20881 0.09112 0.00188 0.03362 0.02703 0.05619 0.09040 0.00248 0.10356 0.93193 0.00000 0.05208 0.00000 0.00000 0.14232 0.14924
110.00000 171.00000 0.23815 0.29834 1.00000 0.59794 0.63932 0.71426 0.70358 0.61718 0.61572 0.61539 0.85362 0.66454 0.89189 0.75814 0.61393 0.99383 0.71445 0.12895 1.00000 0.70833 0.85412 1.00000 0.62003 0.62385
110.00000 172.00000 0.99997 0.99857 1.00000 0.00000 0.12506 0.31445 0.25788 0.00000 0.00000 0.00523 0.62810 0.29186 0.24324 0.50081 0.00259 0.99435 0.60361 0.37873 0.00000 0.30208 0.62791 1.00000 0.00789 0.02138
110.00000 173.00000 0.99976 0.99762 1.00000 0.00000 0.13524 0.31792 0.27098 0.00000 0.00063 0.00227 0.62818 0.29503 0.24324 0.49430 0.00307 0.99435 0.61544 0.38613 0.00000 0.28125 0.62791 1.00000 0.01406 0.01771
110.00000 174.00000 0.47626 0.83135 1.00000 0.62699 0.66703 0.67880 0.57190 0.50794 0.50000 0.47012 0.86428 0.62173 0.40541 0.68160 0.47155 0.99410 0.55574 0.33176 1.00000 0.65625 0.86469 1.00000 0.48320 0.48435
110.00000 175.00000 0.23820 0.29798 1.00000 0.59794 0.63795 0.70589 0.69800 0.61718 0.61509 0.61393 0.85349 0.66916 0.89189 0.77524 0.61316 0.99374 0.72404 0.13269 1.00000 0.69792 0.85412 1.00000 0.62791 0.62791
110.00000 176.00000 0.83314 0.99929 1.00000 0.06027 0.18653 0.32935 0.26181 0.14659 0.14403 0.13634 0.65162 0.31454 0.24324 0.48860 0.13641 0.99457 0.57559 0.38163 0.00000 0.33333 0.65116 1.00000 0.15706 0.16463
110.00000 177.00000 0.23820 0.29691 1.00000 0.59794 0.63712 0.71028 0.69622 0.61718 0.61572 0.61346 0.85355 0.66817 0.89189 0.74919 0.61299 0.99377 0.72490 0.13144 1.00000 0.68750 0.85412 1.00000 0.62791 0.62669
110.00000 178.00000 0.83317 1.00000 1.00000 0.06027 0.18644 0.36709 0.27849 0.14659 0.14403 0.13718 0.65160 0.31810 0.24324 0.47231 0.13646 0.99476 0.59152 0.37771 0.00000 0.32292 0.65116 1.00000 0.15844 0.16694
110.00000 179.00000 0.47610 0.83219 1.00000 0.62699 0.66217 0.65792 0.56196 0.50794 0.50000 0.47189 0.86457 0.62662 0.40541 0.68241 0.46960 0.99391 0.56122 0.33326 0.00000 0.66667 0.86469 1.00000 0.48594 0.48970
110.00000 180.00000 0.47613 0.83278 1.00000 0.62699 0.66997 0.64361 0.56292 0.50794 0.50000 0.47036 0.86453 0.61762 0.37838 0.67915 0.47092 0.99391 0.56150 0.33410 0.00000 0.67708 0.86469 1.00000 0.48800 0.48879
110.00000 181.00000 0.83330 0.99762 1.00000 0.06027 0.19213 0.35362 0.27781 0.14659 0.14403 0.13851 0.65170 0.32129 0.24324 0.47476 0.13659 0.99465 0.58262 0.36786 0.00000 0.32292 0.65116 1.00000 0.16015 0.16635
110.00000 182.00000 0.23802 0.29786 1.00000 0.59794 0.63593 0.72355 0.72017 0.61718 0.61572 0.61245 0.85357 0.67535 0.89189 0.77280 0.61395 0.99380 0.73490 0.12928 1.00000 0.69792 0.85412 1.00000 0.62654 0.62603
110.00000 183.00000 0.59523 0.73634 0.00000 0.23809 0.01220 0.05090 0.08157 0.29318 0.20881 0.09200 0.00213 0.04252 0.02703 0.05700 0.08944 0.00298 0.12532 0.95346 0.00000 0.05208 0.00000 0.00000 0.14300 0.14124
110.00000 184.00000 0.99998 0.99857 1.00000 0.00000 0.13451 0.31136 0.27555 0.00000 0.00063 0.00473 0.62852 0.30272 0.24324 0.48779 0.00479 0.99463 0.64688 0.36954 0.00000 0.29167 0.62791 1.00000 0.01475 0.01546
110.00000 185.00000 0.59522 0.73670 0.00000 0.23809 0.01587 0.06696 0.07618 0.29318 0.20881 0.09186 0.00230 0.04565 0.02703 0.07492 0.08938 0.00311 0.11865 0.97364 0.00000 0.05208 0.00000 0.00000 0.14266 0.14517
110.00000 186.00000 0.99987 0.99834 1.00000 0.00000 0.13799 0.32580 0.26989 0.00000 0.00063 0.00542 0.62846 0.30489 0.24324 0.48779 0.00337 0.99460 0.63674 0.39290 0.00000 0.30208 0.62791 1.00000 0.00686 0.01802
110.00000 187.00000 0.99984 0.99762 1.00000 0.00000 0.13442 0.31369 0.26197 0.00000 0.00063 0.00341 0.62858 0.30574 0.24324 0.49267 0.00350 0.99485 0.62329 0.38100 0.00000 0.31250 0.62791 1.00000 0.01475 0.02007
110.00000 188.00000 0.99985 0.99762 1.00000 0.00000 0.13487 0.31434 0.25752 0.00000 0.00063 0.00570 0.62839 0.29936 0.24324 0.50407 0.00411 0.99471 0.63388 0.39001 0.00000 0.30208 0.62791 1.00000 0.00995 0.01362
110.00000 189.00000 0.83321 0.99869 1.00000 0.06027 0.19029 0.33415 0.29471 0.14659 0.14403 0.13615 0.65204 0.33136 0.24324 0.48697 0.13512 0.99515 0.59068 0.37771 0.00000 0.32292 0.65116 1.00000 0.15981 0.16038
110.00000 190.00000 0.00005 0.00000 1.00000 1.00000 0.98927 0.95733 0.95299 1.00000 1.00000 0.99327 0.99926 0.90291 1.00000 0.94544 0.99412 0.99358 0.76663 0.06027 1.00000 0.94792 1.00000 1.00000 0.97394 0.97915
110.00000 191.00000 0.59515 0.73753 0.00000 0.23809 0.01560 0.07265 0.08181 0.29318 0.20881 0.09362 0.00253 0.04544 0.02703 0.05863 0.08982 0.00328 0.12822 0.96826 0.00000 0.05208 0.00000 0.00000 0.13615 0.14255
110.00000 192.00000 0.47623 0.83325 1.00000 0.62699 0.66373 0.66114 0.55365 0.50794 0.50000 0.47119 0.86468 0.63819 0.37838 0.68648 0.47074 0.99430 0.59449 0.34099 0.00000 0.67708 0.86469 1.00000 0.48560 0.48984
110.00000 193.00000 0.99993 0.99762 1.00000 0.00000 0.13579 0.30833 0.25389 0.00000 0.00063 0.00527 0.62882 0.31163 0.24324 0.51221 0.00401 0.99512 0.66852 0.38463 0.00000 0.31250 0.62791 1.00000 0.00960 0.02384
110.00000 194.00000 0.23819 0.29846 1.00000 0.59794 0.64373 0.72708 0.71509 0.61718 0.61572 0.61255 0.85364 0.68526 0.89189 0.76059 0.61347 0.99402 0.75587 0.13650 1.00000 0.70833 0.85412 1.00000 0.62517 0.62735
110.00000 195.00000 0.83336 0.99762 1.00000 0.06027 0.18607 0.33851 0.27500 0.14659 0.14403 0.13732 0.65221 0.33509 0.24324 0.49267 0.13590 0.99534 0.61758 0.37266 0.00000 0.33333 0.65116 1.00000 0.15844 0.16724
110.00000 196.00000 0.83319 0.99774 1.00000 0.06027 0.19103 0.34095 0.27401 0.14659 0.14403 0.13875 0.65219 0.33057 0.24324 0.48127 0.13601 0.99529 0.61532 0.38111 0.00000 0.34375 0.65116 1.00000 0.15981 0.16389
110.00000 197.00000 0.59515 0.73634 0.00000 0.23809 0.01523 0.06290 0.07433 0.29318 0.20881 0.09293 0.00258 0.04903 0.02703 0.07248 0.08933 0.00369 0.14893 0.97012 0.00000 0.06250 0.00000 0.00000 0.13855 0.13894
110.00000 198.00000 0.99988 0.99846 1.00000 0.00000 0.13506 0.31708 0.26987 0.00000 0.00063 0.00442 0.62899 0.30941 0.27027 0.52280 0.00337 0.99529 0.66956 0.39840 0.00000 0.31250 0.62791 1.00000 0.01269 0.01804
110.00000 199.00000 0.59513 0.73682 0.00000 0.23809 0.01615 0.06266 0.07762 0.29318 0.20881 0.08997 0.00258 0.04812 0.02703 0.07085 0.08893 0.00369 0.15273 0.95892 0.00000 0.05208 0.00000 0.00000 0.14060 0.14428
110.00000 200.00000 0.99979 0.99929 1.00000 0.00000 0.13148 0.31226 0.27967 0.00000 0.00063 0.00248 0.62909 0.31529 0.24324 0.50163 0.00241 0.99573 0.67444 0.39327 0.00000 0.31250 0.62791 1.00000 0.01749 0.01551
110.00000 201.00000 0.99994 0.99762 1.00000 0.00000 0.12909 0.32166 0.26879 0.00000 0.00063 0.00332 0.62907 0.32076 0.24324 0.51059 0.00269 0.99526 0.67411 0.39115 0.00000 0.33333 0.62791 1.00000 0.01029 0.01367
110.00000 202.00000 0.23819 0.29691 1.00000 0.59794 0.64299 0.71545 0.69740 0.61718 0.61572 0.61226 0.85360 0.69124 0.89189 0.79235 0.61329 0.99399 0.79355 0.14133 1.00000 0.72917 0.85412 1.00000 0.62106 0.62106
110.00000 203.00000 0.47613 0.83135 1.00000 0.62699 0.66694 0.66247 0.58126 0.50794 0.50000 0.46950 0.86489 0.63981 0.37838 0.68648 0.47054 0.99468 0.60549 0.35208 1.00000 0.66667 0.86469 1.00000 0.48697 0.48285
110.00000 204.00000 0.99982 0.99762 1.00000 0.00000 0.13432 0.34211 0.26518 0.00000 0.00063 0.00379 0.62915 0.32490 0.24324 0.51547 0.00413 0.99556 0.67408 0.39484 0.00000 0.30208 0.62791 1.00000 0.01097 0.01873
110.00000 205.00000 0.00001 0.00012 1.00000 1.00000 0.99339 0.96059 0.97567 1.00000 1.00000 0.99074 0.99947 0.91704 1.00000 0.96010 0.99280 0.99350 0.81254 0.06312 1.00000 0.95833 1.00000 1.00000 0.96845 0.97517
110.00000 206.00000 0.00001 0.00000 1.00000 1.00000 0.99385 0.95866 0.97656 1.00000 1.00000 0.99050 0.99958 0.91610 1.00000 0.95358 0.99130 0.99363 0.81656 0.06975 1.00000 0.97917 1.00000 1.00000 0.98114 0.97473
110.00000 207.00000 0.99991 0.99762 1.00000 0.00000 0.13854 0.30795 0.29204 0.00000 0.00063 0.00387 0.62926 0.32650 0.24324 0.51140 0.00416 0.99570 0.69439 0.40015 0.00000 0.32292 0.62791 1.00000 0.01200 0.02007
110.00000 208.00000 0.99977 0.99762 1.00000 0.00000 0.13983 0.33398 0.31307 0.00000 0.00063 0.00616 0.62924 0.32171 0.24324 0.50081 0.00363 0.99573 0.69336 0.40063 0.00000 0.32292 0.62791 1.00000 0.01337 0.01664
110.00000 209.00000 0.59512 0.73634 0.00000 0.23809 0.01422 0.07160 0.07527 0.29318 0.20881 0.09186 0.00315 0.06007 0.02703 0.07655 0.08918 0.00455 0.16533 0.96910 0.00000 0.05208 0.00000 0.00000 0.13477 0.14733
110.00000 210.00000 0.23810 0.29905 1.00000 0.59794 0.64382 0.72120 0.73906 0.61718 0.61572 0.61152 0.85370 0.69789 0.89189 0.77606 0.61225 0.99408 0.80130 0.13284 1.00000 0.71875 0.85412 1.00000 0.62483 0.62717
110.00000 211.00000 0.99987 0.99988 1.00000 0.00000 0.13699 0.32664 0.28655 0.00000 0.00063 0.00508 0.62949 0.33285 0.27027 0.51954 0.00378 0.99620 0.71098 0.39971 0.00000 0.33333 0.62791 1.00000 0.00926 0.01531
110.00000 212.00000 0.59522 0.73634 0.00000 0.23809 0.02202 0.06274 0.08764 0.29318 0.20881 0.09012 0.00336 0.06701 0.02703 0.05537 0.09015 0.00460 0.18834 0.98367 0.00000 0.06250 0.00000 0.00000 0.13717 0.14092
110.00000 213.00000 0.23819 0.29786 1.00000 0.59794 0.64070 0.73566 0.72922 0.61718 0.61572 0.61183 0.85387 0.70824 0.89189 0.78583 0.61281 0.99408 0.83065 0.13749 1.00000 0.73958 0.85412 1.00000 0.62380 0.62913
110.00000 214.00000 0.00001 0.00000 1.00000 1.00000 0.99330 0.96419 0.95817 1.00000 1.00000 0.99069 0.99954 0.92853 1.00000 0.96336 0.99107 0.99369 0.84910 0.07158 1.00000 0.96875 1.00000 1.00000 0.97154 0.97192
110.00000 215.00000 0.83318 0.99762 1.00000 0.06027 0.19534 0.36457 0.30106 0.14659 0.14465 0.13794 0.65320 0.35811 0.24324 0.49756 0.13590 0.99683 0.67594 0.38247 0.00000 0.35417 0.65116 1.00000 0.15569 0.15337
110.00000 216.00000 0.59520 0.73634 0.00000 0.23809 0.01569 0.06079 0.09216 0.29318 0.20881 0.09009 0.00361 0.07025 0.02703 0.06840 0.08944 0.00515 0.19772 0.97294 0.00000 0.06250 0.00000 0.00000 0.13717 0.13781
110.00000 217.00000 0.99992 0.99762 1.00000 0.00000 0.14267 0.32591 0.29967 0.00000 0.00063 0.00439 0.62977 0.33931 0.27027 0.52687 0.00378 0.99653 0.72581 0.39660 0.00000 0.32292 0.62791 1.00000 0.01372 0.01795
110.00000 218.00000 0.99976 0.99762 1.00000 0.00000 0.13854 0.32978 0.29160 0.00000 0.00063 0.00406 0.62987 0.33514 0.27027 0.53746 0.00383 0.99647 0.72773 0.39635 0.00000 0.32292 0.62791 1.00000 0.00892 0.02080
110.00000 219.00000 0.99996 0.99881 1.00000 0.00000 0.13607 0.32038 0.29372 0.00000 0.00063 0.00487 0.62998 0.34253 0.27027 0.52117 0.00337 0.99667 0.73973 0.38884 0.00000 0.32292 0.62791 1.00000 0.00857 0.02044
110.00000 220.00000 0.83335 0.99762 1.00000 0.06027 0.18910 0.38326 0.31291 0.14659 0.14465 0.13546 0.65344 0.36759 0.24324 0.49756 0.13507 0.99741 0.68599 0.39686 0.00000 0.36458 0.65116 1.00000 0.15569 0.16115
110.00000 221.00000 0.99978 0.99762 1.00000 0.00000 0.13873 0.35620 0.29543 0.00000 0.00063 0.00320 0.63002 0.34635 0.27027 0.52606 0.00469 0.99694 0.74694 0.39935 0.00000 0.32292 0.62791 1.00000 0.01886 0.01619
