151.00000 1.00000 0.59514 0.73634 0.00000 0.23809 0.00918 0.03806 0.05854 0.29318 0.20818 0.09295 0.00093 0.01393 0.02703 0.03502 0.08913 0.00135 0.04679 0.93285 0.00000 0.03125 0.00000 0.00000 0.14163 0.14113
151.00000 2.00000 0.23810 0.29691 1.00000 0.59794 0.63391 0.68837 0.67183 0.61718 0.61509 0.61374 0.85328 0.63094 0.89189 0.74674 0.61606 0.99350 0.65654 0.11771 1.00000 0.69792 0.85412 1.00000 0.63786 0.63460
151.00000 3.00000 0.83325 0.99786 1.00000 0.06027 0.18616 0.32485 0.28020 0.14659 0.14403 0.13799 0.65029 0.28866 0.24324 0.44870 0.13887 0.99275 0.50071 0.35541 0.00000 0.33333 0.65116 1.00000 0.16324 0.16554
151.00000 4.00000 0.23823 0.29691 1.00000 0.59794 0.63556 0.68246 0.67068 0.61718 0.61509 0.61634 0.85328 0.63634 0.89189 0.73371 0.61656 0.99339 0.64624 0.10838 1.00000 0.68750 0.85412 1.00000 0.62894 0.62741
151.00000 5.00000 0.00002 0.00226 1.00000 1.00000 0.98257 0.93737 0.92069 1.00000 1.00000 0.99575 0.99935 0.85613 1.00000 0.90391 0.99724 0.99350 0.65388 0.03548 1.00000 0.92708 1.00000 1.00000 0.98628 0.97627
151.00000 6.00000 0.99987 0.99798 1.00000 0.00000 0.12442 0.28869 0.23596 0.00000 0.00000 0.00368 0.62689 0.26343 0.24324 0.46336 0.00396 0.99253 0.54325 0.38368 0.00000 0.28125 0.62791 1.00000 0.01852 0.02084
151.00000 7.00000 0.99993 0.99964 1.00000 0.00000 0.12487 0.27951 0.24320 0.00000 0.00000 0.00554 0.62706 0.26586 0.24324 0.47476 0.00337 0.99267 0.53213 0.38781 0.00000 0.27083 0.62791 1.00000 0.01509 0.02302
151.00000 8.00000 0.47624 0.83135 1.00000 0.62699 0.66235 0.66073 0.54142 0.50794 0.49937 0.47265 0.86384 0.58695 0.40541 0.65798 0.47150 0.99317 0.48341 0.31360 0.00000 0.64583 0.86469 1.00000 0.49108 0.49333
151.00000 9.00000 1.00000 0.99762 1.00000 0.00000 0.12423 0.28809 0.25011 0.00000 0.00000 0.00496 0.62698 0.26616 0.24324 0.47557 0.00347 0.99256 0.53463 0.37855 0.00000 0.29167 0.62791 1.00000 0.01303 0.02007
151.00000 10.00000 0.47623 0.83135 1.00000 0.62699 0.65566 0.67114 0.55069 0.50794 0.50000 0.47244 0.86390 0.59273 0.40541 0.65472 0.47183 0.99322 0.49148 0.30888 0.00000 0.64583 0.86469 1.00000 0.48731 0.49656
151.00000 11.00000 0.23808 0.29691 1.00000 0.59794 0.63611 0.68715 0.68690 0.61718 0.61509 0.61441 0.85332 0.63840 0.89189 0.72964 0.61585 0.99330 0.66028 0.10596 1.00000 0.67708 0.85412 1.00000 0.63374 0.63817
151.00000 12.00000 0.23803 0.29691 1.00000 0.59794 0.63529 0.69657 0.68659 0.61718 0.61509 0.61534 0.85324 0.64105 0.89189 0.72638 0.61606 0.99352 0.64474 0.12192 1.00000 0.69792 0.85412 1.00000 0.63374 0.62929
151.00000 13.00000 0.23807 0.29691 1.00000 0.59794 0.63189 0.66745 0.66728 0.61718 0.61509 0.61651 0.85343 0.63293 0.89189 0.74919 0.61535 0.99350 0.64502 0.10812 1.00000 0.68750 0.85412 1.00000 0.63512 0.63315
151.00000 14.00000 0.23815 0.29751 1.00000 0.59794 0.62997 0.68002 0.69335 0.61718 0.61509 0.61541 0.85328 0.63861 0.89189 0.74837 0.61603 0.99355 0.63286 0.11486 1.00000 0.66667 0.85412 1.00000 0.62860 0.64038
151.00000 15.00000 0.00002 0.00119 1.00000 1.00000 0.97963 0.92559 0.90858 1.00000 1.00000 0.99420 0.99930 0.86437 1.00000 0.90961 0.99678 0.99347 0.66949 0.04324 1.00000 0.92708 1.00000 1.00000 0.98525 0.99337
151.00000 16.00000 0.59513 0.73872 0.00000 0.23809 0.00853 0.05090 0.04725 0.29318 0.20818 0.09288 0.00087 0.01301 0.02703 0.03990 0.08956 0.00130 0.04094 0.93684 0.00000 0.03125 0.00000 0.00000 0.13923 0.14258
151.00000 17.00000 0.83328 0.99762 1.00000 0.06027 0.18791 0.33106 0.24989 0.14659 0.14403 0.13882 0.65033 0.28990 0.24324 0.45928 0.13649 0.99272 0.50778 0.36413 0.00000 0.32292 0.65116 1.00000 0.15844 0.16896
151.00000 18.00000 0.00004 0.00000 1.00000 1.00000 0.97514 0.95498 0.90868 1.00000 1.00000 0.99609 0.99935 0.85973 1.00000 0.89821 0.99450 0.99336 0.65888 0.02687 1.00000 0.93750 1.00000 1.00000 0.99177 0.98114
151.00000 19.00000 0.23808 0.29691 1.00000 0.59794 0.63575 0.69015 0.67966 0.61718 0.61509 0.61620 0.85332 0.63153 0.89189 0.73290 0.61585 0.99358 0.64257 0.11662 1.00000 0.67708 0.85412 1.00000 0.63066 0.63439
151.00000 20.00000 0.99991 0.99762 1.00000 0.00000 0.13359 0.28371 0.22404 0.00000 0.00000 0.00511 0.62702 0.26657 0.24324 0.47394 0.00505 0.99256 0.54694 0.37742 0.00000 0.28125 0.62791 1.00000 0.02058 0.02155
151.00000 21.00000 0.00004 0.00202 1.00000 1.00000 0.98293 0.92437 0.91352 1.00000 1.00000 0.99532 0.99935 0.85679 1.00000 0.89495 0.99561 0.99350 0.67056 0.02739 1.00000 0.93750 1.00000 1.00000 0.97977 0.98685
151.00000 22.00000 0.99982 0.99786 1.00000 0.00000 0.12579 0.31193 0.24291 0.00000 0.00000 0.00456 0.62702 0.26023 0.24324 0.47068 0.00312 0.99264 0.53556 0.37295 0.00000 0.28125 0.62791 1.00000 0.00995 0.01753
151.00000 23.00000 0.99996 0.99893 1.00000 0.00000 0.12414 0.29549 0.24460 0.00000 0.00063 0.00372 0.62702 0.26467 0.24324 0.46987 0.00294 0.99253 0.53803 0.37515 0.00000 0.27083 0.62791 1.00000 0.02126 0.02144
151.00000 24.00000 0.47627 0.83373 1.00000 0.62699 0.66070 0.63619 0.54347 0.50794 0.49937 0.47141 0.86390 0.59336 0.40541 0.65554 0.47168 0.99317 0.49626 0.32056 0.00000 0.63542 0.86469 1.00000 0.48903 0.48816
151.00000 25.00000 0.47614 0.83361 1.00000 0.62699 0.66373 0.65201 0.54600 0.50794 0.49937 0.47208 0.86379 0.58951 0.37838 0.66531 0.47196 0.99325 0.48408 0.33813 0.00000 0.63542 0.86469 1.00000 0.48868 0.50130
151.00000 26.00000 0.23816 0.29703 1.00000 0.59794 0.63630 0.69113 0.66964 0.61718 0.61509 0.61525 0.85324 0.63481 0.89189 0.74837 0.61504 0.99350 0.64776 0.12203 1.00000 0.69792 0.85412 1.00000 0.63615 0.62840
151.00000 27.00000 0.99979 0.99786 1.00000 0.00000 0.13065 0.30207 0.24159 0.00000 0.00063 0.00387 0.62702 0.26525 0.24324 0.46661 0.00259 0.99261 0.53556 0.37072 0.00000 0.29167 0.62791 1.00000 0.01200 0.01043
151.00000 28.00000 0.00002 0.00226 1.00000 1.00000 0.98238 0.91321 0.91128 1.00000 1.00000 0.99520 0.99935 0.85398 1.00000 0.91042 0.99571 0.99330 0.67325 0.04258 1.00000 0.93750 1.00000 1.00000 0.98011 0.98706
151.00000 29.00000 0.99987 0.99762 1.00000 0.00000 0.12735 0.29814 0.24070 0.00000 0.00000 0.00515 0.62700 0.25799 0.24324 0.47557 0.00535 0.99264 0.53199 0.36900 0.00000 0.28125 0.62791 1.00000 0.01029 0.02170
151.00000 30.00000 0.83316 0.99762 1.00000 0.06027 0.18442 0.33149 0.25521 0.14659 0.14403 0.13835 0.65029 0.29201 0.24324 0.46743 0.13732 0.99278 0.49983 0.36087 0.00000 0.32292 0.65116 1.00000 0.15398 0.16458
151.00000 31.00000 0.59521 0.73634 0.00000 0.23809 0.00624 0.03966 0.04807 0.29318 0.20818 0.09159 0.00078 0.01122 0.02703 0.03746 0.09063 0.00127 0.04575 0.94153 0.00000 0.03125 0.00000 0.00000 0.13272 0.14253
151.00000 32.00000 0.99997 0.99798 1.00000 0.00000 0.12744 0.28682 0.24342 0.00000 0.00000 0.00427 0.62700 0.25688 0.24324 0.49267 0.00436 0.99270 0.53456 0.38148 0.00000 0.29167 0.62791 1.00000 0.01749 0.02370
151.00000 33.00000 0.59530 0.73682 0.00000 0.23809 0.01220 0.06355 0.05185 0.29318 0.20818 0.09334 0.00095 0.01532 0.02703 0.03176 0.08989 0.00124 0.03385 0.93230 0.00000 0.04167 0.00000 0.00000 0.13855 0.14284
151.00000 34.00000 0.83328 0.99762 1.00000 0.06027 0.18580 0.33469 0.25629 0.14659 0.14403 0.13694 0.65031 0.29015 0.24324 0.45195 0.13669 0.99289 0.49036 0.34992 0.00000 0.31250 0.65116 1.00000 0.16324 0.16506
151.00000 35.00000 0.59509 0.73634 0.00000 0.23809 0.01220 0.04567 0.04710 0.29318 0.20818 0.09202 0.00074 0.01419 0.02703 0.04642 0.09042 0.00118 0.04113 0.92703 0.00000 0.05208 0.00000 0.00000 0.13957 0.14426
151.00000 36.00000 0.83327 0.99822 1.00000 0.06027 0.18589 0.33098 0.25880 0.14659 0.14403 0.13687 0.65029 0.28719 0.24324 0.46417 0.13659 0.99272 0.50924 0.35417 0.00000 0.31250 0.65116 1.00000 0.16324 0.16958
151.00000 37.00000 0.00002 0.00000 1.00000 1.00000 0.98055 0.92951 0.91063 1.00000 1.00000 0.99516 0.99947 0.86179 1.00000 0.90554 0.99658 0.99339 0.67939 0.01596 1.00000 0.93750 1.00000 1.00000 0.98251 0.97788
151.00000 38.00000 0.59517 0.73741 0.00000 0.23809 0.01229 0.03998 0.05307 0.29318 0.20881 0.09276 0.00087 0.01667 0.02703 0.04397 0.09200 0.00130 0.04844 0.92187 0.00000 0.05208 0.00000 0.00000 0.14300 0.14746
151.00000 39.00000 0.47620 0.83135 1.00000 0.62699 0.65602 0.63738 0.53497 0.50794 0.49937 0.47303 0.86384 0.58883 0.40541 0.65147 0.47231 0.99319 0.48886 0.32894 0.00000 0.63542 0.86469 1.00000 0.49143 0.49653
151.00000 40.00000 0.99993 0.99822 1.00000 0.00000 0.12864 0.28059 0.24698 0.00000 0.00000 0.00344 0.62715 0.26493 0.24324 0.45440 0.00403 0.99253 0.53699 0.38236 0.00000 0.30208 0.62791 1.00000 0.01989 0.01817
151.00000 41.00000 0.00006 0.00000 1.00000 1.00000 0.97706 0.93358 0.91990 1.00000 1.00000 0.99458 0.99939 0.86145 1.00000 0.90798 0.99485 0.99347 0.68146 0.03709 1.00000 0.93750 1.00000 1.00000 0.98285 0.98589
151.00000 42.00000 0.99995 0.99762 1.00000 0.00000 0.12900 0.28297 0.24407 0.00000 0.00000 0.00585 0.62696 0.27110 0.24324 0.47557 0.00292 0.99264 0.55134 0.38803 0.00000 0.28125 0.62791 1.00000 0.01578 0.02042
151.00000 43.00000 0.23819 0.29739 1.00000 0.59794 0.63299 0.69321 0.67595 0.61718 0.61509 0.61672 0.85345 0.64221 0.89189 0.74756 0.61519 0.99350 0.64088 0.11698 1.00000 0.69792 0.85412 1.00000 0.63546 0.63894
151.00000 44.00000 0.00004 0.00036 1.00000 1.00000 0.98468 0.92770 0.91963 1.00000 1.00000 0.99468 0.99937 0.86210 1.00000 0.90798 0.99566 0.99344 0.65454 0.01281 1.00000 0.93750 1.00000 1.00000 0.98182 0.98778
151.00000 45.00000 0.59514 0.73634 0.00000 0.23809 0.01018 0.02923 0.03822 0.29318 0.20818 0.09410 0.00076 0.01178 0.02703 0.04153 0.09103 0.00116 0.03744 0.92842 0.00000 0.03125 0.00000 0.00000 0.14129 0.14847
151.00000 46.00000 0.00001 0.00000 1.00000 1.00000 0.98734 0.92675 0.92343 1.00000 1.00000 0.99453 0.99941 0.86243 1.00000 0.91124 0.99756 0.99330 0.66066 0.03592 1.00000 0.92708 1.00000 1.00000 0.98971 0.98396
151.00000 47.00000 0.00007 0.00000 1.00000 1.00000 0.97670 0.95146 0.92278 1.00000 1.00000 0.99332 0.99935 0.85431 1.00000 0.91042 0.99541 0.99347 0.66323 0.02911 1.00000 0.92708 1.00000 1.00000 0.97668 0.98248
151.00000 48.00000 0.47627 0.83254 1.00000 0.62699 0.65878 0.64063 0.53625 0.50794 0.50000 0.47146 0.86367 0.59071 0.37838 0.66124 0.47143 0.99330 0.47537 0.32528 0.00000 0.64583 0.86469 1.00000 0.49280 0.49766
151.00000 49.00000 0.59517 0.73634 0.00000 0.23809 0.01239 0.06561 0.05165 0.29318 0.20881 0.09255 0.00095 0.01188 0.02703 0.03909 0.09152 0.00130 0.04529 0.93303 0.00000 0.04167 0.00000 0.00000 0.14438 0.14491
151.00000 50.00000 0.23807 0.29691 1.00000 0.59794 0.63465 0.68834 0.67157 0.61718 0.61509 0.61625 0.85341 0.63303 0.89189 0.74349 0.61405 0.99347 0.64571 0.11735 1.00000 0.68750 0.85412 1.00000 0.62860 0.63475
151.00000 51.00000 0.99990 0.99881 1.00000 0.00000 0.12992 0.29330 0.23954 0.00000 0.00000 0.00496 0.62700 0.26751 0.24324 0.46498 0.00462 0.99250 0.54377 0.38122 0.00000 0.28125 0.62791 1.00000 0.01063 0.02298
151.00000 52.00000 0.00004 0.00059 1.00000 1.00000 0.98569 0.93360 0.91515 1.00000 1.00000 0.99406 0.99941 0.86180 1.00000 0.90554 0.99543 0.99341 0.65797 0.02310 1.00000 0.92708 1.00000 1.00000 0.98560 0.98532
151.00000 53.00000 0.47611 0.83278 1.00000 0.62699 0.65951 0.64543 0.53076 0.50794 0.49937 0.47103 0.86390 0.59280 0.40541 0.66368 0.47092 0.99333 0.49169 0.32184 0.00000 0.64583 0.86469 1.00000 0.49314 0.49457
151.00000 54.00000 0.23811 0.29691 1.00000 0.59794 0.63731 0.67991 0.67809 0.61718 0.61509 0.61539 0.85343 0.63378 0.89189 0.75407 0.61441 0.99361 0.63881 0.10992 1.00000 0.69792 0.85412 1.00000 0.62963 0.63139
151.00000 55.00000 0.23814 0.29798 1.00000 0.59794 0.63125 0.67238 0.69179 0.61718 0.61509 0.61503 0.85338 0.63598 0.89189 0.74267 0.61524 0.99344 0.64812 0.10677 1.00000 0.69792 0.85412 1.00000 0.63100 0.63382
151.00000 56.00000 0.23811 0.29893 1.00000 0.59794 0.63767 0.68409 0.66471 0.61718 0.61509 0.61453 0.85338 0.63597 0.89189 0.74186 0.61509 0.99366 0.66114 0.10874 1.00000 0.69792 0.85412 1.00000 0.62689 0.63492
151.00000 57.00000 0.83333 0.99774 1.00000 0.06027 0.18534 0.31258 0.24099 0.14659 0.14403 0.13572 0.65025 0.29056 0.24324 0.46498 0.13694 0.99267 0.50619 0.36691 0.00000 0.32292 0.65116 1.00000 0.15706 0.16464
151.00000 58.00000 0.59531 0.73694 0.00000 0.23809 0.01239 0.03329 0.04797 0.29318 0.20881 0.09257 0.00084 0.01128 0.02703 0.03420 0.08913 0.00135 0.04684 0.94460 0.00000 0.04167 0.00000 0.00000 0.14095 0.14354
151.00000 59.00000 0.99983 0.99762 1.00000 0.00000 0.13084 0.27230 0.23598 0.00000 0.00063 0.00558 0.62700 0.26383 0.24324 0.48534 0.00302 0.99264 0.53280 0.38291 0.00000 0.28125 0.62791 1.00000 0.01235 0.02397
151.00000 60.00000 0.23809 0.29739 1.00000 0.59794 0.63198 0.67991 0.68165 0.61718 0.61509 0.61653 0.85330 0.63958 0.89189 0.73534 0.61451 0.99361 0.64862 0.11947 1.00000 0.70833 0.85412 1.00000 0.62551 0.63671
151.00000 61.00000 0.99989 0.99762 1.00000 0.00000 0.12533 0.30153 0.26460 0.00000 0.00000 0.00511 0.62698 0.26378 0.24324 0.48616 0.00431 0.99239 0.53577 0.37024 0.00000 0.28125 0.62791 1.00000 0.00926 0.02033
151.00000 62.00000 0.00003 0.00000 1.00000 1.00000 0.97972 0.92992 0.90772 1.00000 1.00000 0.99492 0.99943 0.85997 1.00000 0.90717 0.99498 0.99339 0.66361 0.03866 1.00000 0.93750 1.00000 1.00000 0.98697 0.98613
151.00000 63.00000 0.99980 0.99857 1.00000 0.00000 0.12827 0.29126 0.24558 0.00000 0.00000 0.00496 0.62700 0.26445 0.24324 0.46987 0.00373 0.99259 0.55236 0.36511 0.00000 0.27083 0.62791 1.00000 0.01543 0.02096
151.00000 64.00000 0.00005 0.00226 1.00000 1.00000 0.98477 0.92894 0.92972 1.00000 1.00000 0.99463 0.99945 0.85852 1.00000 0.92264 0.99488 0.99366 0.65359 0.03727 1.00000 0.92708 1.00000 1.00000 0.98663 0.98143
151.00000 65.00000 0.59511 0.73634 0.00000 0.23809 0.01138 0.04949 0.04689 0.29318 0.20818 0.09257 0.00093 0.01857 0.02703 0.04153 0.08974 0.00130 0.03846 0.94263 0.00000 0.04167 0.00000 0.00000 0.13889 0.14251
151.00000 66.00000 0.00006 0.00000 1.00000 1.00000 0.97954 0.93068 0.91682 1.00000 1.00000 0.99418 0.99947 0.86090 1.00000 0.91450 0.99505 0.99350 0.66454 0.03812 1.00000 0.92708 1.00000 1.00000 0.97119 0.98845
151.00000 67.00000 0.00002 0.00143 1.00000 1.00000 0.98192 0.92781 0.92247 1.00000 1.00000 0.99578 0.99939 0.86645 1.00000 0.91612 0.99503 0.99352 0.67549 0.04342 1.00000 0.92708 1.00000 1.00000 0.98457 0.99005
151.00000 68.00000 0.83317 0.99798 1.00000 0.06027 0.18038 0.31537 0.25502 0.14659 0.14403 0.13856 0.65027 0.29016 0.24324 0.45440 0.13654 0.99295 0.50726 0.35413 0.00000 0.32292 0.65116 1.00000 0.15706 0.16355
151.00000 69.00000 0.99994 0.99905 1.00000 0.00000 0.12955 0.29053 0.25122 0.00000 0.00063 0.00422 0.62711 0.26425 0.24324 0.46661 0.00317 0.99261 0.54056 0.36896 0.00000 0.29167 0.62791 1.00000 0.01886 0.02633
151.00000 70.00000 0.00004 0.00000 1.00000 1.00000 0.98101 0.93100 0.92820 1.00000 1.00000 0.99513 0.99941 0.86412 1.00000 0.93241 0.99574 0.99347 0.65538 0.03431 1.00000 0.93750 1.00000 1.00000 0.98834 0.98222
151.00000 71.00000 0.59524 0.73670 0.00000 0.23809 0.01202 0.06480 0.06667 0.29318 0.20881 0.09300 0.00091 0.01496 0.02703 0.02199 0.09035 0.00130 0.05893 0.93622 0.00000 0.04167 0.00000 0.00000 0.13717 0.15419
151.00000 72.00000 0.00004 0.00000 1.00000 1.00000 0.97881 0.93130 0.92960 1.00000 1.00000 0.99527 0.99945 0.85279 1.00000 0.91042 0.99477 0.99333 0.67297 0.04090 1.00000 0.93750 1.00000 1.00000 0.98320 0.99033
151.00000 73.00000 0.99982 0.99798 1.00000 0.00000 0.12313 0.29370 0.21752 0.00000 0.00000 0.00372 0.62696 0.26874 0.24324 0.47638 0.00309 0.99242 0.54199 0.38064 0.00000 0.28125 0.62791 1.00000 0.02195 0.02420
151.00000 74.00000 0.99978 0.99810 1.00000 0.00000 0.13102 0.30421 0.24229 0.00000 0.00063 0.00477 0.62696 0.26356 0.24324 0.47068 0.00388 0.99256 0.54232 0.38382 0.00000 0.29167 0.62791 1.00000 0.01646 0.01457
151.00000 75.00000 0.83325 0.99762 1.00000 0.06027 0.18791 0.33783 0.23738 0.14659 0.14403 0.13722 0.65033 0.28706 0.24324 0.46987 0.13730 0.99270 0.48303 0.36369 0.00000 0.31250 0.65116 1.00000 0.15775 0.17035
151.00000 76.00000 0.99995 0.99762 1.00000 0.00000 0.13038 0.30570 0.25367 0.00000 0.00063 0.00401 0.62704 0.26346 0.24324 0.48046 0.00322 0.99275 0.54906 0.39082 0.00000 0.28125 0.62791 1.00000 0.01783 0.02023
151.00000 77.00000 0.47606 0.83337 1.00000 0.62699 0.65703 0.67165 0.55033 0.50794 0.49937 0.47129 0.86388 0.59188 0.37838 0.67182 0.47201 0.99339 0.48924 0.32370 0.00000 0.65625 0.86469 1.00000 0.49863 0.49514
151.00000 78.00000 0.99988 0.99762 1.00000 0.00000 0.13102 0.29609 0.22828 0.00000 0.00063 0.00499 0.62704 0.26845 0.24324 0.47720 0.00231 0.99256 0.53765 0.37972 0.00000 0.28125 0.62791 1.00000 0.01852 0.02382
151.00000 79.00000 0.83330 0.99762 1.00000 0.06027 0.18552 0.31971 0.24036 0.14659 0.14403 0.13811 0.65039 0.29036 0.24324 0.47313 0.13578 0.99292 0.50945 0.35867 0.00000 0.32292 0.65116 1.00000 0.16049 0.16702
151.00000 80.00000 0.23801 0.29881 1.00000 0.59794 0.63538 0.69186 0.69025 0.61718 0.61509 0.61451 0.85349 0.63505 0.89189 0.75326 0.61502 0.99363 0.64624 0.11577 1.00000 0.68750 0.85412 1.00000 0.63169 0.63011
151.00000 81.00000 0.99978 0.99774 1.00000 0.00000 0.12726 0.30229 0.26467 0.00000 0.00000 0.00379 0.62704 0.26886 0.24324 0.47883 0.00472 0.99248 0.54658 0.37383 0.00000 0.30208 0.62791 1.00000 0.01372 0.01802
151.00000 82.00000 0.47608 0.83195 1.00000 0.62699 0.66171 0.66786 0.56032 0.50794 0.50000 0.47105 0.86392 0.59002 0.40541 0.65798 0.47082 0.99325 0.47729 0.33842 0.00000 0.64583 0.86469 1.00000 0.48765 0.49724
151.00000 83.00000 0.00003 0.00000 1.00000 1.00000 0.98110 0.93794 0.92233 1.00000 1.00000 0.99432 0.99945 0.86114 1.00000 0.92264 0.99505 0.99352 0.66611 0.02863 1.00000 0.90625 1.00000 1.00000 0.97771 0.97467
151.00000 84.00000 0.99979 0.99762 1.00000 0.00000 0.12864 0.30345 0.23836 0.00000 0.00000 0.00504 0.62687 0.26638 0.24324 0.47557 0.00315 0.99259 0.55434 0.37365 0.00000 0.29167 0.62791 1.00000 0.02023 0.02043
151.00000 85.00000 0.99982 0.99762 1.00000 0.00000 0.12662 0.30484 0.26366 0.00000 0.00000 0.00360 0.62692 0.26712 0.24324 0.47964 0.00360 0.99245 0.54072 0.38434 0.00000 0.29167 0.62791 1.00000 0.02058 0.02065
151.00000 86.00000 0.47606 0.83183 1.00000 0.62699 0.65823 0.63798 0.55553 0.50794 0.50000 0.47239 0.86400 0.59142 0.40541 0.66124 0.47221 0.99333 0.50357 0.32176 0.00000 0.64583 0.86469 1.00000 0.49486 0.48941
151.00000 87.00000 0.99979 0.99976 1.00000 0.00000 0.13157 0.29197 0.24963 0.00000 0.00000 0.00208 0.62698 0.26325 0.24324 0.48290 0.00517 0.99256 0.54070 0.37624 0.00000 0.30208 0.62791 1.00000 0.01406 0.02528
151.00000 88.00000 0.99990 0.99762 1.00000 0.00000 0.12974 0.32047 0.25574 0.00000 0.00000 0.00425 0.62698 0.26794 0.24324 0.48290 0.00335 0.99248 0.54772 0.38316 0.00000 0.29167 0.62791 1.00000 0.01646 0.01863
151.00000 89.00000 0.23811 0.29691 1.00000 0.59794 0.63244 0.69086 0.68926 0.61718 0.61509 0.61467 0.85338 0.64312 0.89189 0.74023 0.61441 0.99355 0.64621 0.11526 1.00000 0.68750 0.85412 1.00000 0.62380 0.63144
151.00000 90.00000 0.99996 0.99762 1.00000 0.00000 0.12442 0.29999 0.26274 0.00000 0.00063 0.00327 0.62704 0.26412 0.24324 0.47638 0.00373 0.99270 0.54422 0.38009 0.00000 0.28125 0.62791 1.00000 0.01269 0.01937
151.00000 91.00000 0.23801 0.29691 1.00000 0.59794 0.63887 0.69451 0.69104 0.61718 0.61509 0.61405 0.85330 0.63247 0.89189 0.73616 0.61583 0.99350 0.63941 0.12138 1.00000 0.69792 0.85412 1.00000 0.62483 0.63425
151.00000 92.00000 0.59517 0.73634 0.00000 0.23809 0.01395 0.07612 0.07156 0.29318 0.20881 0.09210 0.00082 0.01393 0.02703 0.04560 0.09010 0.00141 0.05353 0.93871 0.00000 0.03125 0.00000 0.00000 0.13923 0.14575
151.00000 93.00000 0.23801 0.29691 1.00000 0.59794 0.63299 0.69232 0.68760 0.61718 0.61509 0.61501 0.85343 0.64017 0.89189 0.76221 0.61514 0.99358 0.64709 0.13181 1.00000 0.70833 0.85412 1.00000 0.62689 0.62823
151.00000 94.00000 0.59528 0.73646 0.00000 0.23809 0.01046 0.05293 0.05430 0.29318 0.20881 0.09174 0.00091 0.01754 0.02703 0.04153 0.09020 0.00143 0.04344 0.93633 0.00000 0.06250 0.00000 0.00000 0.14060 0.14040
151.00000 95.00000 0.23822 0.29762 1.00000 0.59794 0.63712 0.70381 0.67590 0.61718 0.61509 0.61360 0.85347 0.63548 0.89189 0.74349 0.61395 0.99366 0.65247 0.12101 1.00000 0.69792 0.85412 1.00000 0.63923 0.63540
151.00000 96.00000 0.99979 0.99762 1.00000 0.00000 0.13680 0.29977 0.25653 0.00000 0.00000 0.00473 0.62698 0.26491 0.24324 0.50326 0.00132 0.99250 0.53394 0.38533 0.00000 0.30208 0.62791 1.00000 0.01612 0.01763
151.00000 97.00000 0.99987 0.99964 1.00000 0.00000 0.13368 0.29568 0.25904 0.00000 0.00063 0.00234 0.62700 0.26704 0.24324 0.47638 0.00426 0.99261 0.56129 0.38042 0.00000 0.28125 0.62791 1.00000 0.01337 0.02139
151.00000 98.00000 0.59519 0.73634 0.00000 0.23809 0.01303 0.04751 0.06800 0.29318 0.20818 0.09052 0.00093 0.01380 0.02703 0.04153 0.08974 0.00124 0.03661 0.94530 0.00000 0.02083 0.00000 0.00000 0.14335 0.13972
151.00000 99.00000 0.00000 0.00000 1.00000 1.00000 0.97725 0.92234 0.92303 1.00000 1.00000 0.99458 0.99928 0.85657 1.00000 0.91612 0.99526 0.99339 0.67247 0.03995 1.00000 0.94792 1.00000 1.00000 0.97668 0.98591
151.00000 100.00000 0.00001 0.00119 1.00000 1.00000 0.98963 0.94672 0.91836 1.00000 1.00000 0.99473 0.99935 0.86517 1.00000 0.90961 0.99516 0.99355 0.67606 0.02936 1.00000 0.93750 1.00000 1.00000 0.98217 0.98470
151.00000 101.00000 0.99977 0.99798 1.00000 0.00000 0.13350 0.30391 0.24696 0.00000 0.00063 0.00456 0.62689 0.26319 0.24324 0.48860 0.00424 0.99228 0.53042 0.37939 0.00000 0.29167 0.62791 1.00000 0.01680 0.01815
151.00000 102.00000 0.83320 0.99762 1.00000 0.06027 0.18387 0.34100 0.23945 0.14659 0.14403 0.13909 0.65033 0.29153 0.24324 0.45684 0.13621 0.99281 0.51585 0.36570 0.00000 0.32292 0.65116 1.00000 0.16701 0.16438
151.00000 103.00000 0.59514 0.73634 0.00000 0.23809 0.01119 0.03920 0.04407 0.29318 0.20818 0.09369 0.00080 0.01220 0.02703 0.03583 0.09010 0.00124 0.04472 0.95211 0.00000 0.04167 0.00000 0.00000 0.14678 0.14143
151.00000 104.00000 0.00002 0.00000 1.00000 1.00000 0.98633 0.95246 0.92659 1.00000 1.00000 0.99313 0.99945 0.86795 1.00000 0.91694 0.99386 0.99352 0.65340 0.03910 1.00000 0.93750 1.00000 1.00000 0.98491 0.98474
151.00000 105.00000 0.47625 0.83349 1.00000 0.62699 0.65887 0.65041 0.56617 0.50794 0.49937 0.47174 0.86386 0.59873 0.40541 0.67020 0.47077 0.99341 0.49172 0.32261 0.00000 0.63542 0.86469 1.00000 0.49280 0.49089
151.00000 106.00000 0.99994 0.99762 1.00000 0.00000 0.13176 0.29969 0.24144 0.00000 0.00063 0.00394 0.62702 0.26832 0.24324 0.49023 0.00325 0.99264 0.55053 0.37105 0.00000 0.29167 0.62791 1.00000 0.01509 0.01613
151.00000 107.00000 0.23821 0.29810 1.00000 0.59794 0.63419 0.71253 0.69022 0.61718 0.61509 0.61584 0.85351 0.63927 0.89189 0.75081 0.61540 0.99377 0.66923 0.11167 1.00000 0.68750 0.85412 1.00000 0.62620 0.63505
151.00000 108.00000 0.59513 0.73741 0.00000 0.23809 0.01395 0.05556 0.05370 0.29318 0.20881 0.09190 0.00101 0.01780 0.02703 0.04642 0.09159 0.00124 0.04222 0.93805 0.00000 0.03125 0.00000 0.00000 0.13717 0.14248
151.00000 109.00000 0.59530 0.73634 0.00000 0.23809 0.01055 0.05255 0.07616 0.29318 0.20881 0.09372 0.00106 0.01047 0.02703 0.05375 0.08964 0.00146 0.04746 0.95174 0.00000 0.03125 0.00000 0.00000 0.14198 0.14512
151.00000 110.00000 0.23817 0.29691 1.00000 0.59794 0.63767 0.69143 0.68026 0.61718 0.61509 0.61446 0.85347 0.63829 0.89189 0.76059 0.61334 0.99363 0.66016 0.12482 1.00000 0.68750 0.85412 1.00000 0.62620 0.63117
151.00000 111.00000 0.00006 0.00119 1.00000 1.00000 0.98550 0.95947 0.93518 1.00000 1.00000 0.99274 0.99956 0.86191 1.00000 0.91857 0.99477 0.99358 0.67913 0.03676 1.00000 0.94792 1.00000 1.00000 0.98011 0.98500
151.00000 112.00000 0.99990 0.99869 1.00000 0.00000 0.12726 0.29262 0.25516 0.00000 0.00063 0.00496 0.62689 0.26565 0.24324 0.48371 0.00307 0.99264 0.54020 0.38554 0.00000 0.29167 0.62791 1.00000 0.01406 0.02739
151.00000 113.00000 0.59525 0.73646 0.00000 0.23809 0.01596 0.06063 0.07286 0.29318 0.20881 0.09033 0.00082 0.01615 0.02703 0.06840 0.08845 0.00116 0.05322 0.96108 0.00000 0.05208 0.00000 0.00000 0.13889 0.14524
151.00000 114.00000 0.47608 0.83254 1.00000 0.62699 0.65483 0.64798 0.53570 0.50794 0.49937 0.46998 0.86394 0.59279 0.40541 0.69625 0.47140 0.99344 0.48515 0.34732 0.00000 0.65625 0.86469 1.00000 0.48491 0.49163
151.00000 115.00000 0.00006 0.00000 1.00000 1.00000 0.98128 0.93707 0.91742 1.00000 1.00000 0.99489 0.99956 0.85510 1.00000 0.92915 0.99358 0.99352 0.66209 0.04562 1.00000 0.93750 1.00000 1.00000 0.97805 0.98059
151.00000 116.00000 0.59531 0.73848 0.00000 0.23809 0.00762 0.05740 0.05435 0.29318 0.20881 0.09174 0.00099 0.01385 0.02703 0.03420 0.08921 0.00132 0.04146 0.94552 0.00000 0.05208 0.00000 0.00000 0.13683 0.14356
151.00000 117.00000 0.00002 0.00131 1.00000 1.00000 0.98532 0.95820 0.93983 1.00000 1.00000 0.99301 0.99949 0.86947 1.00000 0.92752 0.99490 0.99366 0.67730 0.04181 1.00000 0.94792 1.00000 1.00000 0.98285 0.98052
151.00000 118.00000 0.23810 0.29846 1.00000 0.59794 0.64134 0.69506 0.68712 0.61718 0.61509 0.61369 0.85341 0.64344 0.89189 0.77036 0.61410 0.99369 0.65526 0.12335 1.00000 0.67708 0.85412 1.00000 0.62346 0.62942
151.00000 119.00000 0.23815 0.29893 1.00000 0.59794 0.63666 0.70787 0.69212 0.61718 0.61509 0.61350 0.85341 0.63933 0.89189 0.76059 0.61461 0.99363 0.64890 0.11273 1.00000 0.69792 0.85412 1.00000 0.62791 0.62920
151.00000 120.00000 0.23804 0.29691 1.00000 0.59794 0.63887 0.68953 0.69381 0.61718 0.61509 0.61362 0.85341 0.63755 0.89189 0.75733 0.61474 0.99383 0.65195 0.12507 1.00000 0.69792 0.85412 1.00000 0.63409 0.63103
151.00000 121.00000 0.83336 0.99762 1.00000 0.06027 0.18552 0.34067 0.26628 0.14659 0.14403 0.13882 0.65042 0.29777 0.24324 0.47883 0.13687 0.99306 0.50452 0.37321 0.00000 0.33333 0.65116 1.00000 0.15912 0.15758
151.00000 122.00000 0.59520 0.73812 0.00000 0.23809 0.01404 0.03841 0.06070 0.29318 0.20818 0.09274 0.00087 0.01649 0.02703 0.05456 0.09030 0.00138 0.04384 0.95145 0.00000 0.04167 0.00000 0.00000 0.14438 0.14055
151.00000 123.00000 0.47627 0.83135 1.00000 0.62699 0.66144 0.66352 0.56224 0.50794 0.50000 0.47205 0.86400 0.58994 0.40541 0.68078 0.46940 0.99355 0.50371 0.34428 0.00000 0.64583 0.86469 1.00000 0.49005 0.49313
151.00000 124.00000 0.99995 0.99822 1.00000 0.00000 0.13065 0.31524 0.25731 0.00000 0.00063 0.00377 0.62687 0.26252 0.24324 0.47557 0.00413 0.99253 0.53399 0.39008 0.00000 0.30208 0.62791 1.00000 0.01166 0.01031
151.00000 125.00000 0.59530 0.73741 0.00000 0.23809 0.01257 0.05301 0.05851 0.29318 0.20881 0.09164 0.00084 0.01931 0.02703 0.04805 0.09020 0.00130 0.05658 0.95482 0.00000 0.05208 0.00000 0.00000 0.13546 0.14891
151.00000 126.00000 0.47612 0.83171 1.00000 0.62699 0.66235 0.66068 0.55134 0.50794 0.50000 0.47191 0.86415 0.59679 0.40541 0.69544 0.47120 0.99361 0.49848 0.33095 1.00000 0.65625 0.86469 1.00000 0.49383 0.49078
151.00000 127.00000 0.83318 0.99762 1.00000 0.06027 0.18314 0.33954 0.27550 0.14659 0.14403 0.13780 0.65048 0.29785 0.24324 0.48208 0.13570 0.99295 0.51140 0.36175 0.00000 0.33333 0.65116 1.00000 0.16084 0.16248
151.00000 128.00000 0.99994 0.99762 1.00000 0.00000 0.12588 0.30104 0.25969 0.00000 0.00000 0.00325 0.62704 0.26708 0.24324 0.49430 0.00246 0.99256 0.53623 0.38430 0.00000 0.28125 0.62791 1.00000 0.01886 0.01714
151.00000 129.00000 0.47627 0.83266 1.00000 0.62699 0.66364 0.66079 0.56147 0.50794 0.50000 0.47139 0.86405 0.59330 0.40541 0.67427 0.47021 0.99352 0.48936 0.34443 0.00000 0.66667 0.86469 1.00000 0.48491 0.49101
151.00000 130.00000 0.23822 0.29917 1.00000 0.59794 0.63887 0.69129 0.67410 0.61718 0.61572 0.61374 0.85353 0.63435 0.89189 0.76140 0.61385 0.99380 0.65169 0.12661 1.00000 0.69792 0.85412 1.00000 0.62723 0.61921
151.00000 131.00000 0.23809 0.29905 1.00000 0.59794 0.63850 0.72158 0.72183 0.61718 0.61509 0.61298 0.85347 0.63929 0.89189 0.77199 0.61405 0.99383 0.64319 0.12302 1.00000 0.69792 0.85412 1.00000 0.62894 0.63006
151.00000 132.00000 0.83317 0.99762 1.00000 0.06027 0.18993 0.33599 0.27040 0.14659 0.14403 0.13653 0.65052 0.29450 0.24324 0.48208 0.13661 0.99283 0.51540 0.36112 0.00000 0.34375 0.65116 1.00000 0.15295 0.16314
151.00000 133.00000 0.47608 0.83349 1.00000 0.62699 0.66492 0.65036 0.56494 0.50794 0.50000 0.47198 0.86400 0.59740 0.40541 0.69300 0.46927 0.99347 0.49364 0.32553 0.00000 0.66667 0.86469 1.00000 0.48663 0.49019
151.00000 134.00000 0.99997 0.99762 1.00000 0.00000 0.13148 0.28574 0.25692 0.00000 0.00063 0.00442 0.62698 0.26537 0.24324 0.50000 0.00249 0.99253 0.55650 0.37138 0.00000 0.29167 0.62791 1.00000 0.00549 0.01966
151.00000 135.00000 0.00005 0.00226 1.00000 1.00000 0.98936 0.94574 0.95030 1.00000 1.00000 0.99337 0.99941 0.87122 1.00000 0.93404 0.99394 0.99374 0.66587 0.05254 1.00000 0.95833 1.00000 1.00000 0.97840 0.97801
151.00000 136.00000 0.99990 0.99976 1.00000 0.00000 0.13405 0.29581 0.25456 0.00000 0.00000 0.00387 0.62687 0.26818 0.24324 0.51303 0.00353 0.99245 0.54199 0.38522 0.00000 0.30208 0.62791 1.00000 0.01475 0.01566
151.00000 137.00000 0.99983 0.99762 1.00000 0.00000 0.12873 0.29736 0.25526 0.00000 0.00000 0.00477 0.62689 0.27161 0.24324 0.49267 0.00355 0.99248 0.54667 0.38166 0.00000 0.30208 0.62791 1.00000 0.01235 0.01730
151.00000 138.00000 0.99983 0.99762 1.00000 0.00000 0.13148 0.30432 0.27218 0.00000 0.00063 0.00344 0.62696 0.26185 0.24324 0.49023 0.00474 0.99250 0.54998 0.39492 0.00000 0.30208 0.62791 1.00000 0.01337 0.01489
151.00000 139.00000 0.99980 0.99941 1.00000 0.00000 0.13506 0.28211 0.26118 0.00000 0.00063 0.00477 0.62696 0.27482 0.24324 0.48534 0.00266 0.99248 0.54948 0.37738 0.00000 0.29167 0.62791 1.00000 0.01578 0.02390
151.00000 140.00000 0.99991 0.99762 1.00000 0.00000 0.13515 0.29950 0.28075 0.00000 0.00000 0.00198 0.62683 0.27285 0.24324 0.49837 0.00307 0.99267 0.54860 0.40305 0.00000 0.30208 0.62791 1.00000 0.01509 0.02444
151.00000 141.00000 0.99977 0.99762 1.00000 0.00000 0.13157 0.29430 0.25661 0.00000 0.00063 0.00427 0.62696 0.27157 0.24324 0.49511 0.00218 0.99261 0.55358 0.39005 0.00000 0.29167 0.62791 1.00000 0.01475 0.02084
151.00000 142.00000 0.23811 0.29869 1.00000 0.59794 0.63822 0.71188 0.71282 0.61718 0.61572 0.61167 0.85353 0.64278 0.89189 0.76384 0.61169 0.99396 0.64176 0.13137 1.00000 0.69792 0.85412 1.00000 0.63272 0.62503
151.00000 143.00000 0.47610 0.83242 1.00000 0.62699 0.66254 0.66436 0.58087 0.50794 0.50000 0.47251 0.86415 0.59226 0.37838 0.69218 0.47097 0.99355 0.49493 0.34571 0.00000 0.66667 0.86469 1.00000 0.48388 0.49195
151.00000 144.00000 0.59526 0.73634 0.00000 0.23809 0.01496 0.05694 0.06790 0.29318 0.20881 0.09162 0.00099 0.01470 0.02703 0.06107 0.08913 0.00141 0.05367 0.95581 0.00000 0.07292 0.00000 0.00000 0.13889 0.14966
151.00000 145.00000 0.83314 0.99869 1.00000 0.06027 0.18598 0.33453 0.26939 0.14659 0.14403 0.13737 0.65046 0.29185 0.24324 0.46743 0.13702 0.99297 0.49648 0.37643 0.00000 0.32292 0.65116 1.00000 0.16015 0.16093
151.00000 146.00000 0.00006 0.00000 1.00000 1.00000 0.98734 0.95026 0.94671 1.00000 1.00000 0.99029 0.99960 0.86523 1.00000 0.93893 0.99277 0.99369 0.66925 0.05247 1.00000 0.95833 1.00000 1.00000 0.97668 0.97569
151.00000 147.00000 0.99997 0.99762 1.00000 0.00000 0.13304 0.32147 0.26980 0.00000 0.00000 0.00329 0.62687 0.27208 0.24324 0.51221 0.00441 0.99239 0.54687 0.39367 0.00000 0.29167 0.62791 1.00000 0.00857 0.01415
151.00000 148.00000 0.23812 0.29691 1.00000 0.59794 0.64153 0.71242 0.72199 0.61718 0.61509 0.61267 0.85372 0.64049 0.89189 0.77199 0.61395 0.99391 0.65269 0.13576 1.00000 0.68750 0.85412 1.00000 0.62551 0.63091
151.00000 149.00000 0.23811 0.29881 1.00000 0.59794 0.63666 0.71927 0.71793 0.61718 0.61572 0.61303 0.85364 0.64031 0.89189 0.77036 0.61425 0.99383 0.65557 0.13316 1.00000 0.70833 0.85412 1.00000 0.63134 0.62820
151.00000 150.00000 0.59523 0.73634 0.00000 0.23809 0.01642 0.07907 0.07989 0.29318 0.20881 0.09045 0.00089 0.01654 0.02703 0.06922 0.08923 0.00135 0.04839 0.95171 0.00000 0.05208 0.00000 0.00000 0.13855 0.14535
151.00000 151.00000 0.23815 0.29715 1.00000 0.59794 0.63611 0.72125 0.72065 0.61718 0.61572 0.61388 0.85362 0.63991 0.89189 0.78013 0.61347 0.99396 0.64671 0.14514 1.00000 0.70833 0.85412 1.00000 0.62757 0.63017
151.00000 152.00000 0.83317 0.99762 1.00000 0.06027 0.19139 0.33615 0.28556 0.14659 0.14403 0.13622 0.65042 0.29246 0.24324 0.49593 0.13458 0.99289 0.51459 0.36987 0.00000 0.34375 0.65116 1.00000 0.16324 0.16218
151.00000 153.00000 0.00007 0.00000 1.00000 1.00000 0.98275 0.94842 0.95884 1.00000 1.00000 0.99294 0.99960 0.87044 1.00000 0.95603 0.99242 0.99372 0.67649 0.05690 1.00000 0.94792 1.00000 1.00000 0.97565 0.97999
151.00000 154.00000 0.99994 0.99762 1.00000 0.00000 0.13616 0.32223 0.27290 0.00000 0.00063 0.00480 0.62694 0.26508 0.24324 0.51140 0.00317 0.99239 0.53575 0.40349 0.00000 0.30208 0.62791 1.00000 0.01475 0.02006
151.00000 155.00000 0.00005 0.00000 1.00000 1.00000 0.98532 0.96644 0.95521 1.00000 1.00000 0.99050 0.99962 0.86847 1.00000 0.95684 0.99153 0.99377 0.66559 0.05935 1.00000 0.94792 1.00000 1.00000 0.97908 0.97580
151.00000 156.00000 0.00002 0.00000 1.00000 1.00000 0.98679 0.97101 0.95003 1.00000 1.00000 0.99136 0.99960 0.86413 1.00000 0.95277 0.99229 0.99388 0.66016 0.06191 1.00000 0.95833 1.00000 1.00000 0.97565 0.97582
151.00000 157.00000 0.23818 0.29810 1.00000 0.59794 0.63694 0.71559 0.71285 0.61718 0.61572 0.61422 0.85366 0.64718 0.89189 0.77850 0.61233 0.99391 0.66744 0.14470 1.00000 0.71875 0.85412 1.00000 0.62929 0.61671
151.00000 158.00000 0.23809 0.29715 1.00000 0.59794 0.64336 0.72442 0.73210 0.61718 0.61572 0.61126 0.85364 0.64663 0.89189 0.77443 0.61375 0.99410 0.65097 0.14741 1.00000 0.71875 0.85412 1.00000 0.62826 0.63375
151.00000 159.00000 0.47620 0.83135 1.00000 0.62699 0.66437 0.67065 0.57435 0.50794 0.50000 0.46988 0.86422 0.60788 0.37838 0.69625 0.46889 0.99374 0.50636 0.34893 1.00000 0.67708 0.86469 1.00000 0.48388 0.49267
151.00000 160.00000 0.47619 0.83135 1.00000 0.62699 0.66685 0.66035 0.58627 0.50794 0.50000 0.46940 0.86422 0.59675 0.37838 0.71987 0.46980 0.99369 0.49307 0.36138 1.00000 0.66667 0.86469 1.00000 0.48114 0.48459
151.00000 161.00000 0.00003 0.00131 1.00000 1.00000 0.99229 0.95785 0.95949 1.00000 1.00000 0.99100 0.99966 0.86962 1.00000 0.95277 0.99204 0.99391 0.67456 0.06671 1.00000 0.94792 1.00000 1.00000 0.97394 0.97065
151.00000 162.00000 0.83335 0.99762 1.00000 0.06027 0.19341 0.34560 0.27290 0.14659 0.14403 0.13441 0.65044 0.29554 0.24324 0.50244 0.13491 0.99303 0.50021 0.38485 0.00000 0.33333 0.65116 1.00000 0.14609 0.16211
151.00000 163.00000 0.83332 0.99941 1.00000 0.06027 0.19295 0.36023 0.29245 0.14659 0.14403 0.13849 0.65052 0.29079 0.24324 0.49919 0.13555 0.99303 0.50228 0.38679 0.00000 0.32292 0.65116 1.00000 0.15432 0.16362
151.00000 164.00000 0.23801 0.29691 1.00000 0.59794 0.63942 0.73404 0.72924 0.61718 0.61572 0.61102 0.85374 0.64587 0.89189 0.76792 0.61228 0.99410 0.66011 0.13708 1.00000 0.70833 0.85412 1.00000 0.62243 0.62018
151.00000 165.00000 0.23802 0.29905 1.00000 0.59794 0.64189 0.70977 0.75552 0.61718 0.61572 0.61076 0.85372 0.64050 0.89189 0.80700 0.61316 0.99421 0.65014 0.13382 1.00000 0.72917 0.85412 1.00000 0.62551 0.62814
151.00000 166.00000 0.47606 0.83135 1.00000 0.62699 0.66566 0.66946 0.58699 0.50794 0.50000 0.46940 0.86413 0.60166 0.37838 0.71254 0.46919 0.99383 0.47851 0.35369 1.00000 0.68750 0.86469 1.00000 0.48354 0.48870
151.00000 167.00000 0.47613 0.83135 1.00000 0.62699 0.66694 0.69866 0.58335 0.50794 0.50000 0.46874 0.86419 0.59867 0.37838 0.69788 0.46996 0.99380 0.50079 0.36072 1.00000 0.66667 0.86469 1.00000 0.48663 0.48268
151.00000 168.00000 0.47615 0.83135 1.00000 0.62699 0.66566 0.66455 0.59965 0.50794 0.50000 0.47007 0.86426 0.59992 0.37838 0.72476 0.46760 0.99380 0.48986 0.35274 1.00000 0.66667 0.86469 1.00000 0.48114 0.48955
151.00000 169.00000 0.99987 0.99762 1.00000 0.00000 0.13543 0.30649 0.28068 0.00000 0.00063 0.00458 0.62704 0.26894 0.24324 0.51954 0.00315 0.99256 0.56505 0.41268 0.00000 0.30208 0.62791 1.00000 0.01475 0.01493
151.00000 170.00000 0.99990 0.99905 1.00000 0.00000 0.13469 0.31773 0.27822 0.00000 0.00063 0.00408 0.62694 0.27465 0.24324 0.49674 0.00284 0.99239 0.54658 0.41685 0.00000 0.31250 0.62791 1.00000 0.01440 0.01287
151.00000 171.00000 0.83327 0.99988 1.00000 0.06027 0.18947 0.36034 0.26843 0.14659 0.14403 0.13575 0.65067 0.28960 0.24324 0.51059 0.13565 0.99300 0.51523 0.38990 0.00000 0.35417 0.65116 1.00000 0.14952 0.16327
151.00000 172.00000 0.59520 0.73634 0.00000 0.23809 0.01422 0.07257 0.09763 0.29318 0.20881 0.09264 0.00087 0.01781 0.02703 0.08469 0.08845 0.00127 0.04955 0.97316 0.00000 0.05208 0.00000 0.00000 0.13889 0.13422
151.00000 173.00000 0.83321 0.99917 1.00000 0.06027 0.19378 0.35314 0.30494 0.14659 0.14403 0.13455 0.65061 0.29577 0.24324 0.51221 0.13443 0.99311 0.51778 0.39144 0.00000 0.34375 0.65116 1.00000 0.15775 0.16419
151.00000 174.00000 0.99991 0.99762 1.00000 0.00000 0.13579 0.32542 0.27644 0.00000 0.00063 0.00325 0.62681 0.26940 0.24324 0.53990 0.00226 0.99239 0.55286 0.40795 0.00000 0.31250 0.62791 1.00000 0.01440 0.01066
151.00000 175.00000 0.83330 0.99762 1.00000 0.06027 0.19516 0.36552 0.30393 0.14659 0.14403 0.13532 0.65073 0.29307 0.24324 0.52117 0.13593 0.99322 0.49862 0.39532 0.00000 0.35417 0.65116 1.00000 0.15912 0.15642
151.00000 176.00000 0.59516 0.73634 0.00000 0.23809 0.01468 0.09059 0.09560 0.29318 0.20881 0.09167 0.00099 0.01900 0.02703 0.08795 0.08992 0.00135 0.06000 0.97532 0.00000 0.07292 0.00000 0.00000 0.13203 0.13479
151.00000 177.00000 0.83314 0.99952 1.00000 0.06027 0.19543 0.35335 0.30542 0.14659 0.14403 0.13479 0.65052 0.29866 0.24324 0.52362 0.13471 0.99308 0.50290 0.40338 0.00000 0.34375 0.65116 1.00000 0.15501 0.15781
