56.00000 1.00000 0.49419 0.53846 1.00000 1.00000 0.42623 0.56782 0.46412 1.00000 1.00000 0.15852 0.68824 0.16573 0.33333 0.54286 0.20734 0.69643 0.17672 0.72936 1.00000 0.54545 1.00000 1.00000 0.43452 0.40514
56.00000 2.00000 0.72674 0.23077 1.00000 1.00000 0.44262 0.28890 0.48799 1.00000 1.00000 0.21169 0.70000 0.17123 0.33333 0.52571 0.22058 0.68452 0.16666 0.68059 1.00000 0.45455 1.00000 1.00000 0.39286 0.46665
56.00000 3.00000 0.53488 0.69231 1.00000 1.00000 0.40749 0.54316 0.43963 1.00000 1.00000 0.22462 0.72353 0.13366 0.33333 0.42286 0.17269 0.71429 0.17446 0.69580 1.00000 0.45455 1.00000 1.00000 0.36310 0.38835
56.00000 4.00000 0.43605 0.38462 1.00000 1.00000 0.44731 0.51615 0.41498 1.00000 1.00000 0.20019 0.70588 0.17572 0.33333 0.42286 0.17219 0.67262 0.15508 0.64220 1.00000 0.45455 1.00000 1.00000 0.41667 0.47379
56.00000 5.00000 0.47674 0.23077 1.00000 1.00000 0.41452 0.43179 0.35117 1.00000 1.00000 0.19013 0.72941 0.15672 0.33333 0.57143 0.18288 0.67857 0.16865 0.69266 1.00000 0.54545 1.00000 1.00000 0.40476 0.36571
56.00000 6.00000 0.52326 0.53846 1.00000 1.00000 0.32787 0.55999 0.59594 1.00000 1.00000 0.20259 0.71765 0.16883 0.33333 0.53714 0.17626 0.71429 0.17845 0.63351 1.00000 0.36364 1.00000 1.00000 0.42262 0.40811
56.00000 7.00000 0.44767 0.23077 1.00000 1.00000 0.51756 0.59738 0.59532 1.00000 1.00000 0.19444 0.70588 0.15626 0.33333 0.46857 0.17117 0.72619 0.18080 0.73225 1.00000 0.45455 1.00000 1.00000 0.38690 0.41024
56.00000 8.00000 0.69186 0.46154 1.00000 1.00000 0.47073 0.46350 0.48705 1.00000 1.00000 0.19397 0.70000 0.15358 0.33333 0.44571 0.18288 0.69643 0.16886 0.69000 1.00000 0.27273 1.00000 1.00000 0.47619 0.45264
56.00000 9.00000 0.29070 0.30769 1.00000 1.00000 0.44496 0.53416 0.51997 1.00000 1.00000 0.17002 0.70000 0.16421 0.33333 0.44000 0.19918 0.72024 0.14989 0.68904 1.00000 0.45455 1.00000 1.00000 0.42857 0.44002
56.00000 10.00000 0.59884 0.61538 1.00000 1.00000 0.40984 0.54394 0.38830 1.00000 1.00000 0.16667 0.69412 0.13098 0.33333 0.47429 0.19205 0.69643 0.14062 0.62578 1.00000 0.27273 1.00000 1.00000 0.36310 0.46470
56.00000 11.00000 0.57558 0.69231 1.00000 1.00000 0.28337 0.45723 0.50468 1.00000 1.00000 0.19157 0.72941 0.16255 0.33333 0.40000 0.18136 0.69048 0.17907 0.68469 1.00000 0.36364 1.00000 1.00000 0.41667 0.40560
56.00000 12.00000 0.48837 0.15385 1.00000 1.00000 0.23653 0.42337 0.53963 1.00000 1.00000 0.19732 0.72353 0.15076 0.33333 0.45143 0.18747 0.71429 0.18463 0.71777 1.00000 0.45455 1.00000 1.00000 0.48214 0.45719
56.00000 13.00000 0.61047 0.61538 1.00000 1.00000 0.50351 0.59131 0.41388 1.00000 1.00000 0.17050 0.71765 0.18339 0.33333 0.29714 0.20479 0.73214 0.16839 0.68952 1.00000 0.36364 1.00000 1.00000 0.43452 0.37146
56.00000 14.00000 0.48256 0.15385 1.00000 1.00000 0.47307 0.45469 0.57239 1.00000 1.00000 0.15421 0.73529 0.11845 0.33333 0.52000 0.21090 0.68452 0.16503 0.71994 1.00000 0.45455 1.00000 1.00000 0.45238 0.40106
56.00000 15.00000 0.39535 0.38462 1.00000 1.00000 0.28571 0.36915 0.48300 1.00000 1.00000 0.18439 0.70000 0.17854 0.33333 0.45143 0.15945 0.68452 0.17184 0.63882 1.00000 0.45455 1.00000 1.00000 0.35119 0.43761
56.00000 16.00000 0.62209 0.46154 1.00000 1.00000 0.38642 0.50343 0.41248 1.00000 1.00000 0.17768 0.71176 0.14646 0.33333 0.47429 0.19409 0.69048 0.17965 0.66248 1.00000 0.45455 1.00000 1.00000 0.42857 0.36506
56.00000 17.00000 0.51744 0.46154 1.00000 1.00000 0.46370 0.75788 0.52527 1.00000 1.00000 0.19061 0.67647 0.13546 0.33333 0.53714 0.17932 0.70238 0.16210 0.65138 1.00000 0.36364 1.00000 1.00000 0.39286 0.46238
56.00000 18.00000 0.58721 0.46154 1.00000 1.00000 0.27869 0.46213 0.41030 1.00000 1.00000 0.19875 0.70000 0.13186 0.33333 0.54286 0.21039 0.71429 0.19002 0.72260 1.00000 0.45455 1.00000 1.00000 0.43452 0.27962
56.00000 19.00000 0.67442 0.30769 1.00000 1.00000 0.38173 0.41750 0.43323 1.00000 1.00000 0.20402 0.70588 0.18015 0.33333 0.38857 0.18237 0.69643 0.15985 0.66103 1.00000 0.45455 1.00000 1.00000 0.40476 0.33472
56.00000 20.00000 0.52326 0.30769 1.00000 1.00000 0.47775 0.40380 0.54025 1.00000 1.00000 0.18822 0.72941 0.18579 0.33333 0.45714 0.17881 0.72619 0.16833 0.67890 1.00000 0.54545 1.00000 1.00000 0.35119 0.40366
56.00000 21.00000 0.53488 0.46154 1.00000 1.00000 0.35363 0.50245 0.39532 1.00000 1.00000 0.19205 0.70588 0.18695 0.33333 0.52000 0.17932 0.67857 0.18311 0.70642 1.00000 0.36364 1.00000 1.00000 0.34524 0.40189
56.00000 22.00000 0.54651 0.61538 1.00000 1.00000 0.39813 0.59699 0.45195 1.00000 1.00000 0.14320 0.70588 0.15201 0.33333 0.55429 0.19460 0.70238 0.16126 0.63182 1.00000 0.45455 1.00000 1.00000 0.44643 0.36599
56.00000 23.00000 0.59302 0.38462 1.00000 1.00000 0.47541 0.49070 0.55117 1.00000 1.00000 0.19971 0.72353 0.15843 0.33333 0.52000 0.19460 0.73810 0.15539 0.67624 1.00000 0.54545 1.00000 1.00000 0.49405 0.45041
56.00000 24.00000 0.58721 0.30769 1.00000 1.00000 0.26230 0.40086 0.36724 1.00000 1.00000 0.18247 0.71765 0.18325 0.33333 0.49714 0.20683 0.69048 0.15581 0.63206 1.00000 0.45455 1.00000 1.00000 0.40476 0.41033
56.00000 25.00000 0.50000 0.61538 1.00000 1.00000 0.37705 0.48894 0.44368 1.00000 1.00000 0.19684 0.70588 0.13361 0.33333 0.47429 0.17677 0.74405 0.19364 0.63206 1.00000 0.45455 1.00000 1.00000 0.38095 0.36553
56.00000 26.00000 0.72674 0.53846 1.00000 1.00000 0.50117 0.50577 0.37473 1.00000 1.00000 0.19588 0.71176 0.16948 0.33333 0.47429 0.17066 0.69048 0.16325 0.70280 1.00000 0.36364 1.00000 1.00000 0.41071 0.39809
56.00000 27.00000 0.60465 0.53846 1.00000 1.00000 0.34660 0.44451 0.36755 1.00000 1.00000 0.15757 0.70588 0.15178 0.33333 0.56000 0.17320 0.70833 0.17043 0.75205 1.00000 0.36364 1.00000 1.00000 0.52381 0.37054
56.00000 28.00000 0.38953 0.76923 1.00000 1.00000 0.44731 0.44099 0.46724 1.00000 1.00000 0.20785 0.71765 0.14369 0.33333 0.45143 0.18390 0.67262 0.15623 0.74022 1.00000 0.45455 1.00000 1.00000 0.47024 0.37879
56.00000 29.00000 0.54070 0.23077 1.00000 1.00000 0.33958 0.38520 0.57207 1.00000 1.00000 0.19301 0.71765 0.16490 0.33333 0.43429 0.17168 0.68452 0.17881 0.67021 1.00000 0.45455 1.00000 1.00000 0.41667 0.38668
56.00000 30.00000 0.44186 0.53846 1.00000 1.00000 0.50117 0.66060 0.47754 1.00000 1.00000 0.19636 0.72353 0.13819 0.33333 0.52000 0.18492 0.69048 0.17326 0.62892 1.00000 0.36364 1.00000 1.00000 0.28571 0.42323
56.00000 31.00000 0.51744 0.30769 1.00000 1.00000 0.41218 0.43590 0.42839 1.00000 1.00000 0.15086 0.72941 0.13925 0.33333 0.47429 0.16302 0.71429 0.16367 0.68445 1.00000 0.36364 1.00000 1.00000 0.36905 0.35885
56.00000 32.00000 0.70349 0.30769 1.00000 1.00000 0.42623 0.52378 0.46833 1.00000 1.00000 0.22174 0.70588 0.18237 0.33333 0.46857 0.19511 0.72024 0.16441 0.67962 1.00000 0.36364 1.00000 1.00000 0.35119 0.33760
56.00000 33.00000 0.94186 0.76923 1.00000 1.00000 0.40047 0.63300 0.38596 1.00000 1.00000 0.21264 0.72353 0.17073 0.33333 0.47429 0.16709 0.69643 0.19526 0.69483 1.00000 0.36364 1.00000 1.00000 0.39286 0.50478
56.00000 34.00000 0.36047 0.53846 1.00000 1.00000 0.48244 0.41398 0.62231 1.00000 1.00000 0.16954 0.70000 0.15908 0.33333 0.54286 0.19664 0.70833 0.14727 0.74312 1.00000 0.45455 1.00000 1.00000 0.48810 0.42564
56.00000 35.00000 0.60465 0.46154 1.00000 1.00000 0.31850 0.44275 0.53573 1.00000 1.00000 0.17768 0.67647 0.12774 0.33333 0.38857 0.20173 0.72619 0.19359 0.74264 1.00000 0.45455 1.00000 1.00000 0.40476 0.49114
56.00000 36.00000 0.29651 0.23077 1.00000 1.00000 0.43326 0.62439 0.46037 1.00000 1.00000 0.17625 0.70588 0.13851 0.33333 0.44571 0.20581 0.69643 0.17405 0.71729 1.00000 0.36364 1.00000 1.00000 0.48810 0.44086
56.00000 37.00000 0.72093 0.23077 1.00000 1.00000 0.33489 0.53063 0.49095 1.00000 1.00000 0.17337 0.69412 0.17225 0.33333 0.37143 0.17269 0.70833 0.12998 0.63617 1.00000 0.45455 1.00000 1.00000 0.37500 0.42351
56.00000 38.00000 0.61047 0.61538 1.00000 1.00000 0.39578 0.36759 0.48284 1.00000 1.00000 0.17912 0.74118 0.14706 0.33333 0.43429 0.21039 0.70833 0.17797 0.73901 1.00000 0.54545 1.00000 1.00000 0.36905 0.42657
56.00000 39.00000 0.52907 0.07692 1.00000 1.00000 0.45433 0.26992 0.50187 1.00000 1.00000 0.16092 0.69412 0.14198 0.33333 0.49714 0.17983 0.68452 0.14659 0.71077 1.00000 0.36364 1.00000 1.00000 0.34524 0.31645
56.00000 40.00000 0.47674 0.07692 1.00000 1.00000 0.45902 0.45312 0.55616 1.00000 1.00000 0.16523 0.70588 0.16324 0.33333 0.50286 0.18186 0.72024 0.18851 0.60550 1.00000 0.45455 1.00000 1.00000 0.30952 0.44800
56.00000 41.00000 0.22674 0.07692 1.00000 1.00000 0.44965 0.55823 0.46849 1.00000 1.00000 0.18103 0.70000 0.17687 0.33333 0.58286 0.17473 0.72619 0.18122 0.69749 1.00000 0.36364 1.00000 1.00000 0.39881 0.36849
56.00000 42.00000 0.43605 0.15385 1.00000 1.00000 0.49649 0.57800 0.45944 1.00000 1.00000 0.16667 0.72353 0.16749 0.33333 0.44000 0.18441 0.70238 0.18966 0.72646 1.00000 0.45455 1.00000 1.00000 0.30357 0.44383
56.00000 43.00000 0.59884 0.53846 1.00000 1.00000 0.39344 0.40967 0.46927 1.00000 1.00000 0.21887 0.72353 0.17914 0.33333 0.52571 0.17575 0.67857 0.15084 0.64389 1.00000 0.45455 1.00000 1.00000 0.39286 0.39113
56.00000 44.00000 0.38953 0.46154 1.00000 1.00000 0.38407 0.62458 0.40780 1.00000 1.00000 0.21121 0.70588 0.12608 0.33333 0.40000 0.17473 0.70833 0.18395 0.58764 1.00000 0.54545 1.00000 1.00000 0.42857 0.35319
56.00000 45.00000 0.51744 0.15385 1.00000 1.00000 0.57377 0.61656 0.47192 1.00000 1.00000 0.18726 0.71176 0.13038 0.33333 0.54857 0.14417 0.72024 0.17981 0.66055 1.00000 0.36364 1.00000 1.00000 0.36905 0.47583
56.00000 46.00000 0.46512 0.30769 1.00000 1.00000 0.49180 0.50401 0.47395 1.00000 1.00000 0.19157 0.72941 0.15705 0.33333 0.34286 0.19307 0.71429 0.14256 0.68735 1.00000 0.45455 1.00000 1.00000 0.37500 0.38195
56.00000 47.00000 0.58721 0.07692 1.00000 1.00000 0.39813 0.65747 0.43339 1.00000 1.00000 0.16906 0.75882 0.16185 0.33333 0.54857 0.20428 0.69048 0.16037 0.74843 1.00000 0.36364 1.00000 1.00000 0.29167 0.45644
56.00000 48.00000 0.54651 0.46154 1.00000 1.00000 0.40984 0.45704 0.65242 1.00000 1.00000 0.17098 0.72353 0.17858 0.33333 0.56000 0.20683 0.73214 0.14612 0.61033 1.00000 0.54545 1.00000 1.00000 0.34524 0.41572
56.00000 49.00000 0.59302 0.23077 1.00000 1.00000 0.45199 0.35682 0.41544 1.00000 1.00000 0.17146 0.70588 0.14794 0.33333 0.52571 0.18034 0.70238 0.14371 0.68083 1.00000 0.54545 1.00000 1.00000 0.36905 0.32498
56.00000 50.00000 0.36047 0.53846 1.00000 1.00000 0.34660 0.45449 0.43713 1.00000 1.00000 0.19732 0.71176 0.19596 0.33333 0.49714 0.18645 0.69643 0.18557 0.71004 1.00000 0.54545 1.00000 1.00000 0.37500 0.44410
56.00000 51.00000 0.59302 0.69231 1.00000 1.00000 0.44028 0.58700 0.50078 1.00000 1.00000 0.16619 0.74118 0.14184 0.33333 0.48571 0.16964 0.70833 0.16493 0.67069 1.00000 0.45455 1.00000 1.00000 0.47024 0.50144
56.00000 52.00000 0.52326 0.15385 1.00000 1.00000 0.44965 0.56978 0.47785 1.00000 1.00000 0.18008 0.69412 0.18131 0.33333 0.46286 0.15436 0.69048 0.17541 0.66465 1.00000 0.36364 1.00000 1.00000 0.45238 0.40263
56.00000 53.00000 0.30233 0.38462 1.00000 1.00000 0.50117 0.33647 0.61966 1.00000 1.00000 0.17768 0.70588 0.16093 0.33333 0.44571 0.20122 0.72024 0.16488 0.65862 1.00000 0.54545 1.00000 1.00000 0.37500 0.41516
56.00000 54.00000 0.53488 0.69231 1.00000 1.00000 0.47073 0.54629 0.58097 1.00000 1.00000 0.18487 0.72353 0.11975 0.33333 0.52571 0.17371 0.72619 0.18552 0.69628 1.00000 0.36364 1.00000 1.00000 0.42262 0.32619
56.00000 55.00000 0.09302 0.46154 1.00000 1.00000 0.51756 0.49951 0.44805 1.00000 1.00000 0.15805 0.72941 0.16361 0.33333 0.44000 0.17015 0.69643 0.16792 0.67721 1.00000 0.45455 1.00000 1.00000 0.41667 0.45607
56.00000 56.00000 0.39535 0.07692 1.00000 1.00000 0.44262 0.58250 0.55304 1.00000 1.00000 0.15469 0.72941 0.15658 0.33333 0.46286 0.15232 0.70833 0.16341 0.65862 1.00000 0.45455 1.00000 1.00000 0.30952 0.40291
56.00000 57.00000 0.31977 0.46154 1.00000 1.00000 0.45199 0.60540 0.45023 1.00000 1.00000 0.16044 0.68824 0.16823 0.33333 0.36571 0.18085 0.69048 0.14974 0.64872 1.00000 0.45455 1.00000 1.00000 0.35119 0.31821
56.00000 58.00000 0.51744 0.30769 1.00000 1.00000 0.45667 0.62752 0.51747 1.00000 1.00000 0.18630 0.69412 0.17747 0.33333 0.53143 0.18747 0.67857 0.18599 0.60961 1.00000 0.63636 1.00000 1.00000 0.31548 0.36274
56.00000 59.00000 0.48837 0.38462 1.00000 1.00000 0.49649 0.49579 0.59719 1.00000 1.00000 0.19492 0.69412 0.16463 0.33333 0.52571 0.18237 0.70238 0.16200 0.73877 1.00000 0.45455 1.00000 1.00000 0.41667 0.43668
56.00000 60.00000 0.44186 0.69231 1.00000 1.00000 0.43091 0.44431 0.46739 1.00000 1.00000 0.18966 0.70588 0.15224 0.33333 0.58857 0.16658 0.70238 0.17881 0.68662 1.00000 0.45455 1.00000 1.00000 0.35714 0.38083
56.00000 61.00000 0.50581 0.61538 1.00000 1.00000 0.40749 0.52045 0.57192 1.00000 1.00000 0.19780 0.73529 0.18108 0.33333 0.36571 0.17932 0.69048 0.16666 0.66562 1.00000 0.54545 1.00000 1.00000 0.45238 0.42991
56.00000 62.00000 0.54651 0.69231 1.00000 1.00000 0.41920 0.47035 0.50998 1.00000 1.00000 0.18822 0.70588 0.15030 0.33333 0.46857 0.18849 0.72024 0.16304 0.62144 1.00000 0.45455 1.00000 1.00000 0.37500 0.38761
56.00000 63.00000 0.47674 0.46154 1.00000 1.00000 0.48478 0.59796 0.57317 1.00000 1.00000 0.17050 0.71765 0.14665 0.33333 0.46286 0.18186 0.69643 0.15838 0.70570 1.00000 0.54545 1.00000 1.00000 0.43452 0.36571
56.00000 64.00000 0.41860 0.15385 1.00000 1.00000 0.42155 0.60619 0.39548 1.00000 1.00000 0.16619 0.73529 0.16587 0.33333 0.54286 0.16811 0.72619 0.16802 0.68493 1.00000 0.45455 1.00000 1.00000 0.39286 0.27906
56.00000 65.00000 0.47093 0.53846 1.00000 1.00000 0.45199 0.32139 0.47676 1.00000 1.00000 0.18870 0.69412 0.17221 0.33333 0.53714 0.17422 0.68452 0.17525 0.66200 1.00000 0.45455 1.00000 1.00000 0.45238 0.39484
56.00000 66.00000 0.75000 0.53846 1.00000 1.00000 0.30445 0.50538 0.40874 1.00000 1.00000 0.15469 0.70000 0.16786 0.33333 0.48000 0.17728 0.68452 0.17808 0.64486 1.00000 0.63636 1.00000 1.00000 0.37500 0.30847
56.00000 67.00000 0.40116 0.61538 1.00000 1.00000 0.24824 0.53807 0.48222 1.00000 1.00000 0.18103 0.69412 0.15039 0.33333 0.44000 0.18594 0.72024 0.20176 0.71560 1.00000 0.36364 1.00000 1.00000 0.39286 0.37360
56.00000 68.00000 0.40116 0.07692 1.00000 1.00000 0.47073 0.56352 0.55070 1.00000 1.00000 0.17960 0.71176 0.14272 0.33333 0.64571 0.18441 0.73214 0.17116 0.77257 1.00000 0.54545 1.00000 1.00000 0.41071 0.39623
56.00000 69.00000 0.46512 0.15385 1.00000 1.00000 0.34660 0.52985 0.51778 1.00000 1.00000 0.18439 0.72353 0.16167 0.33333 0.56571 0.12990 0.70238 0.16498 0.72260 1.00000 0.45455 1.00000 1.00000 0.39881 0.39364
56.00000 70.00000 0.77326 0.69231 1.00000 1.00000 0.40515 0.40419 0.47410 1.00000 1.00000 0.16858 0.72353 0.15483 0.33333 0.41714 0.18798 0.72619 0.17347 0.67721 1.00000 0.36364 1.00000 1.00000 0.30357 0.46034
56.00000 71.00000 0.56395 0.23077 1.00000 1.00000 0.46370 0.58094 0.56552 1.00000 1.00000 0.16188 0.70000 0.15977 0.33333 0.53143 0.18645 0.70238 0.13931 0.68976 1.00000 0.45455 1.00000 1.00000 0.39881 0.40338
56.00000 72.00000 0.61628 0.38462 1.00000 1.00000 0.46136 0.65316 0.40109 1.00000 1.00000 0.19061 0.71765 0.16010 0.33333 0.56000 0.16454 0.70833 0.17546 0.59343 1.00000 0.54545 1.00000 1.00000 0.41071 0.30309
56.00000 73.00000 0.40116 0.15385 1.00000 1.00000 0.50585 0.42004 0.48471 1.00000 1.00000 0.17577 0.72941 0.15053 0.33333 0.48571 0.18594 0.70238 0.17258 0.70956 1.00000 0.45455 1.00000 1.00000 0.37500 0.36274
56.00000 74.00000 0.65116 0.38462 1.00000 1.00000 0.12881 0.66510 0.53401 1.00000 1.00000 0.18582 0.73529 0.15751 0.33333 0.47429 0.18085 0.71429 0.18950 0.73008 1.00000 0.36364 1.00000 1.00000 0.32143 0.40737
56.00000 75.00000 0.55814 0.84615 1.00000 1.00000 0.43560 0.67508 0.47301 1.00000 1.00000 0.17816 0.68824 0.17572 0.33333 0.48571 0.17473 0.67262 0.19322 0.65958 1.00000 0.45455 1.00000 1.00000 0.29167 0.41154
56.00000 76.00000 0.55814 0.07692 1.00000 1.00000 0.44262 0.41906 0.53167 1.00000 1.00000 0.15613 0.74118 0.17350 0.33333 0.48571 0.18951 0.71429 0.17619 0.72525 1.00000 0.36364 1.00000 1.00000 0.30952 0.37536
56.00000 77.00000 0.34884 0.76923 1.00000 1.00000 0.50585 0.57722 0.59735 1.00000 1.00000 0.13793 0.68824 0.12516 0.33333 0.40000 0.17677 0.69643 0.17289 0.60550 1.00000 0.36364 1.00000 1.00000 0.42262 0.32879
56.00000 78.00000 0.39535 0.53846 1.00000 1.00000 0.41452 0.53846 0.53838 1.00000 1.00000 0.17337 0.73529 0.14956 0.33333 0.54286 0.17728 0.70833 0.15293 0.64751 1.00000 0.45455 1.00000 1.00000 0.28571 0.24947
56.00000 79.00000 0.51163 0.23077 1.00000 1.00000 0.39578 0.49931 0.56396 1.00000 1.00000 0.19013 0.72353 0.13796 0.33333 0.54857 0.17219 0.71429 0.15660 0.67817 1.00000 0.63636 1.00000 1.00000 0.34524 0.39466
56.00000 80.00000 0.60465 0.69231 1.00000 1.00000 0.45667 0.68565 0.38705 1.00000 1.00000 0.17098 0.72353 0.14785 0.33333 0.48571 0.19562 0.69643 0.15293 0.70401 1.00000 0.45455 1.00000 1.00000 0.33333 0.35217
56.00000 81.00000 0.42442 0.46154 1.00000 1.00000 0.43326 0.51713 0.41264 1.00000 1.00000 0.15182 0.71765 0.14572 0.33333 0.47429 0.16658 0.70238 0.14958 0.67962 1.00000 0.45455 1.00000 1.00000 0.29167 0.41674
56.00000 82.00000 0.80233 0.15385 1.00000 1.00000 0.49883 0.50871 0.37254 1.00000 1.00000 0.18774 0.70588 0.17137 0.33333 0.52000 0.18798 0.71429 0.16241 0.66465 1.00000 0.45455 1.00000 1.00000 0.36905 0.29734
56.00000 83.00000 0.44186 0.23077 1.00000 1.00000 0.41452 0.64572 0.44165 1.00000 1.00000 0.16619 0.68824 0.16097 0.33333 0.50286 0.15894 0.70238 0.17949 0.64606 1.00000 0.54545 1.00000 1.00000 0.45238 0.40059
56.00000 84.00000 0.72674 0.53846 1.00000 1.00000 0.46838 0.44803 0.44524 1.00000 1.00000 0.17289 0.71765 0.16684 0.33333 0.57143 0.17677 0.73214 0.15707 0.60816 1.00000 0.45455 1.00000 1.00000 0.36905 0.30253
56.00000 85.00000 0.44186 0.84615 1.00000 1.00000 0.40047 0.48933 0.50156 1.00000 1.00000 0.17433 0.71765 0.20465 0.33333 0.49143 0.16811 0.68452 0.16131 0.70401 1.00000 0.54545 1.00000 1.00000 0.37500 0.30105
56.00000 86.00000 0.38953 0.15385 1.00000 1.00000 0.53864 0.41065 0.56427 1.00000 1.00000 0.18151 0.72353 0.17415 0.33333 0.60571 0.16658 0.74405 0.13742 0.71946 1.00000 0.63636 1.00000 1.00000 0.23810 0.36645
56.00000 87.00000 0.47093 0.38462 1.00000 1.00000 0.55504 0.56058 0.58424 1.00000 1.00000 0.15421 0.71765 0.16957 0.33333 0.56000 0.18339 0.70238 0.16173 0.74336 1.00000 0.45455 1.00000 1.00000 0.38690 0.42657
56.00000 88.00000 0.53488 0.15385 1.00000 1.00000 0.39344 0.63711 0.46880 1.00000 1.00000 0.17625 0.72353 0.12885 0.33333 0.57143 0.15181 0.74405 0.17452 0.75640 1.00000 0.45455 1.00000 1.00000 0.31548 0.38686
56.00000 89.00000 0.50581 0.30769 1.00000 1.00000 0.47541 0.62302 0.56100 1.00000 1.00000 0.16140 0.73529 0.12081 0.33333 0.43429 0.19969 0.70833 0.15408 0.73515 1.00000 0.45455 1.00000 1.00000 0.33333 0.40876
56.00000 90.00000 0.54070 0.38462 1.00000 1.00000 0.41452 0.58054 0.51700 1.00000 1.00000 0.18151 0.72941 0.14600 0.33333 0.42857 0.12736 0.71429 0.19773 0.64872 1.00000 0.54545 1.00000 1.00000 0.35119 0.29780
56.00000 91.00000 0.64535 0.46154 1.00000 1.00000 0.57611 0.60697 0.47660 1.00000 1.00000 0.18056 0.72353 0.15427 0.33333 0.54286 0.14570 0.70833 0.16467 0.70859 1.00000 0.63636 1.00000 1.00000 0.33333 0.37879
56.00000 92.00000 0.22093 0.23077 1.00000 1.00000 0.65340 0.35526 0.40936 1.00000 1.00000 0.15709 0.72941 0.15252 0.33333 0.52571 0.17371 0.69048 0.11820 0.69218 1.00000 0.54545 1.00000 1.00000 0.44643 0.48344
56.00000 93.00000 0.54070 0.76923 1.00000 1.00000 0.44965 0.52730 0.46895 1.00000 1.00000 0.17816 0.74118 0.18833 0.33333 0.58286 0.15588 0.70833 0.16278 0.77571 1.00000 0.54545 1.00000 1.00000 0.36905 0.34419
56.00000 94.00000 0.61047 0.61538 1.00000 1.00000 0.33958 0.52163 0.55008 1.00000 1.00000 0.17481 0.71176 0.14226 0.33333 0.54857 0.15385 0.69643 0.18861 0.79044 1.00000 0.54545 1.00000 1.00000 0.40476 0.40978
56.00000 95.00000 0.58140 0.30769 1.00000 1.00000 0.43091 0.48757 0.53791 1.00000 1.00000 0.15613 0.71176 0.16481 0.33333 0.44571 0.17473 0.72619 0.16467 0.73732 1.00000 0.45455 1.00000 1.00000 0.31548 0.33806
56.00000 96.00000 0.40116 0.15385 1.00000 1.00000 0.49180 0.55960 0.62527 1.00000 1.00000 0.18343 0.72941 0.15266 0.33333 0.49143 0.17015 0.75595 0.13852 0.66828 1.00000 0.36364 1.00000 1.00000 0.39286 0.28574
56.00000 97.00000 0.07558 0.23077 1.00000 1.00000 0.45667 0.53690 0.51622 1.00000 1.00000 0.18918 0.75294 0.11758 0.33333 0.49143 0.15283 0.72619 0.16042 0.67648 1.00000 0.45455 1.00000 1.00000 0.26190 0.38325
56.00000 98.00000 0.41279 0.61538 1.00000 1.00000 0.49180 0.44549 0.56037 1.00000 1.00000 0.18008 0.74118 0.14327 0.33333 0.50286 0.17779 0.70833 0.18112 0.71487 1.00000 0.63636 1.00000 1.00000 0.44643 0.37953
56.00000 99.00000 0.45930 0.69231 1.00000 1.00000 0.48946 0.50558 0.51310 1.00000 1.00000 0.19157 0.73529 0.11619 0.33333 0.56571 0.14773 0.70238 0.14858 0.63182 1.00000 0.54545 1.00000 1.00000 0.34524 0.35430
56.00000 100.00000 0.54070 0.76923 1.00000 1.00000 0.58548 0.58152 0.57816 1.00000 1.00000 0.15134 0.72353 0.15913 0.33333 0.46286 0.17015 0.71429 0.15414 0.68783 1.00000 0.63636 1.00000 1.00000 0.23214 0.35764
56.00000 101.00000 0.61047 0.46154 1.00000 1.00000 0.36300 0.47759 0.50156 1.00000 1.00000 0.17672 0.74118 0.10722 0.33333 0.51429 0.16047 0.73810 0.17080 0.72332 1.00000 0.54545 1.00000 1.00000 0.47619 0.41609
56.00000 102.00000 0.50581 0.46154 1.00000 1.00000 0.38642 0.62126 0.61950 1.00000 1.00000 0.15517 0.73529 0.12576 0.33333 0.52571 0.15639 0.73214 0.15644 0.72429 1.00000 0.54545 1.00000 1.00000 0.33929 0.40310
56.00000 103.00000 0.56395 0.46154 1.00000 1.00000 0.47541 0.57937 0.57083 1.00000 1.00000 0.15038 0.74706 0.14337 0.33333 0.53714 0.13653 0.70833 0.17195 0.65741 1.00000 0.45455 1.00000 1.00000 0.35119 0.36228
56.00000 104.00000 0.52326 0.07692 1.00000 1.00000 0.44496 0.61108 0.52465 1.00000 1.00000 0.17912 0.74118 0.14332 0.33333 0.49714 0.15996 0.69643 0.12993 0.73877 1.00000 0.63636 1.00000 1.00000 0.39286 0.37638
56.00000 105.00000 0.66279 0.15385 1.00000 1.00000 0.40984 0.59327 0.54493 1.00000 1.00000 0.17625 0.75294 0.14984 0.33333 0.54286 0.18543 0.72024 0.17085 0.77620 1.00000 0.45455 1.00000 1.00000 0.22024 0.42546
56.00000 106.00000 0.63953 0.46154 1.00000 1.00000 0.48712 0.62321 0.59922 1.00000 1.00000 0.11398 0.70000 0.17567 0.33333 0.57143 0.18951 0.74405 0.15959 0.74288 1.00000 0.63636 1.00000 1.00000 0.39286 0.27145
56.00000 107.00000 0.52326 0.30769 1.00000 1.00000 0.52459 0.51439 0.51544 1.00000 1.00000 0.18870 0.71176 0.15252 0.33333 0.53143 0.17473 0.74405 0.13114 0.76557 1.00000 0.54545 1.00000 1.00000 0.32738 0.28658
56.00000 108.00000 0.70930 0.38462 1.00000 1.00000 0.48712 0.63046 0.46396 1.00000 1.00000 0.14033 0.77059 0.16883 0.33333 0.52000 0.15537 0.72619 0.15377 0.71898 1.00000 0.54545 1.00000 1.00000 0.32143 0.38529
56.00000 109.00000 0.49419 0.76923 1.00000 1.00000 0.55504 0.58015 0.53916 1.00000 1.00000 0.17625 0.72353 0.12913 0.33333 0.36571 0.19969 0.68452 0.14376 0.71922 1.00000 0.45455 1.00000 1.00000 0.30357 0.27915
56.00000 110.00000 0.45349 0.46154 1.00000 1.00000 0.46136 0.50049 0.62278 1.00000 1.00000 0.17768 0.76471 0.14327 0.33333 0.66286 0.16149 0.73214 0.14795 0.67479 1.00000 0.54545 1.00000 1.00000 0.27976 0.34437
56.00000 111.00000 0.27907 0.30769 1.00000 1.00000 0.53864 0.52280 0.64852 1.00000 1.00000 0.18343 0.74706 0.14924 0.33333 0.66286 0.16811 0.73810 0.13423 0.69483 1.00000 0.45455 1.00000 1.00000 0.35714 0.36887
56.00000 112.00000 0.53488 0.76923 1.00000 1.00000 0.50820 0.44138 0.55725 1.00000 1.00000 0.17672 0.74118 0.12964 0.33333 0.53143 0.16760 0.70833 0.14727 0.76726 1.00000 0.45455 1.00000 1.00000 0.41667 0.33194
56.00000 113.00000 0.41279 0.07692 1.00000 1.00000 0.48712 0.52946 0.53651 1.00000 1.00000 0.17146 0.75882 0.14836 0.33333 0.60000 0.15537 0.73214 0.16818 0.82762 1.00000 0.36364 1.00000 1.00000 0.34524 0.40792
56.00000 114.00000 0.30814 0.69231 1.00000 1.00000 0.50585 0.63124 0.60640 1.00000 1.00000 0.13697 0.74118 0.11698 0.33333 0.52000 0.15741 0.72619 0.16577 0.71487 1.00000 0.54545 1.00000 1.00000 0.38690 0.45542
56.00000 115.00000 0.63372 0.38462 1.00000 1.00000 0.45433 0.40341 0.53994 1.00000 1.00000 0.17529 0.74706 0.13569 0.33333 0.42857 0.14722 0.72619 0.14151 0.69242 1.00000 0.72727 1.00000 1.00000 0.24405 0.40690
56.00000 116.00000 0.63372 0.15385 1.00000 1.00000 0.46838 0.69857 0.54805 1.00000 1.00000 0.16619 0.71765 0.12862 0.33333 0.60000 0.16964 0.71429 0.14743 0.68300 1.00000 0.54545 1.00000 1.00000 0.39286 0.36321
56.00000 117.00000 0.62791 0.07692 1.00000 1.00000 0.43091 0.53220 0.56583 1.00000 1.00000 0.17768 0.74118 0.15672 0.33333 0.60571 0.15741 0.71429 0.13748 0.73998 1.00000 0.63636 1.00000 1.00000 0.21429 0.24149
56.00000 118.00000 0.38953 0.76923 1.00000 1.00000 0.45667 0.50734 0.49813 1.00000 1.00000 0.15182 0.74706 0.14632 0.33333 0.53143 0.18543 0.71429 0.17336 0.73805 1.00000 0.45455 1.00000 1.00000 0.36310 0.37694
56.00000 119.00000 0.83140 0.23077 1.00000 1.00000 0.61124 0.56391 0.50421 1.00000 1.00000 0.18056 0.74118 0.14235 0.33333 0.58286 0.19002 0.71429 0.16875 0.68928 1.00000 0.45455 1.00000 1.00000 0.37500 0.34799
56.00000 120.00000 0.21512 0.15385 1.00000 1.00000 0.60187 0.57643 0.67988 1.00000 1.00000 0.12117 0.75294 0.17179 0.33333 0.56571 0.15232 0.77976 0.16786 0.79792 1.00000 0.45455 1.00000 1.00000 0.31548 0.43909
56.00000 121.00000 0.47674 0.38462 1.00000 1.00000 0.46604 0.59777 0.52371 1.00000 1.00000 0.16762 0.74118 0.12927 0.33333 0.71429 0.18543 0.75595 0.14528 0.73008 1.00000 0.54545 1.00000 1.00000 0.33333 0.42657
56.00000 122.00000 0.62791 0.07692 1.00000 1.00000 0.58314 0.69387 0.58970 1.00000 1.00000 0.12117 0.72353 0.15187 0.33333 0.53714 0.16556 0.73214 0.15497 0.81000 1.00000 0.54545 1.00000 1.00000 0.33333 0.41590
56.00000 123.00000 0.16860 0.61538 1.00000 1.00000 0.54801 0.63829 0.56474 1.00000 1.00000 0.11973 0.74706 0.12211 0.33333 0.57714 0.15945 0.75000 0.12333 0.64824 1.00000 0.63636 1.00000 1.00000 0.37500 0.29261
56.00000 124.00000 0.43605 0.69231 1.00000 1.00000 0.43091 0.47798 0.50094 1.00000 1.00000 0.16092 0.74706 0.13592 0.33333 0.54286 0.17219 0.72024 0.15497 0.74819 1.00000 0.54545 1.00000 1.00000 0.39286 0.44791
56.00000 125.00000 0.58140 0.61538 1.00000 1.00000 0.55738 0.59366 0.53963 1.00000 1.00000 0.17337 0.75882 0.14766 0.33333 0.68000 0.16658 0.74405 0.16137 0.77330 1.00000 0.54545 1.00000 1.00000 0.44048 0.38955
56.00000 126.00000 0.40698 0.76923 1.00000 1.00000 0.49883 0.63574 0.61716 1.00000 1.00000 0.15948 0.75882 0.14286 0.33333 0.55429 0.15588 0.72619 0.13208 0.77789 1.00000 0.45455 1.00000 1.00000 0.23810 0.37805
56.00000 127.00000 0.68023 0.23077 1.00000 1.00000 0.48009 0.57115 0.55460 1.00000 1.00000 0.14990 0.74706 0.11393 0.33333 0.65143 0.15334 0.73810 0.15000 0.77571 1.00000 0.45455 1.00000 1.00000 0.31548 0.39382
56.00000 128.00000 0.70349 0.53846 1.00000 1.00000 0.45433 0.48796 0.62402 1.00000 1.00000 0.10728 0.76471 0.14891 0.33333 0.50286 0.14620 0.74405 0.15539 0.67697 1.00000 0.54545 1.00000 1.00000 0.49405 0.27591
56.00000 129.00000 0.41279 0.30769 1.00000 1.00000 0.48478 0.80368 0.60484 1.00000 1.00000 0.12261 0.75294 0.11078 0.33333 0.50286 0.12073 0.75000 0.14266 0.78996 1.00000 0.72727 1.00000 1.00000 0.32143 0.28815
56.00000 130.00000 0.73256 0.23077 1.00000 1.00000 0.43091 0.67959 0.65429 1.00000 1.00000 0.17768 0.73529 0.12858 0.33333 0.72000 0.16454 0.73214 0.14738 0.74433 1.00000 0.54545 1.00000 1.00000 0.39286 0.28750
56.00000 131.00000 0.48837 0.53846 1.00000 1.00000 0.53162 0.62909 0.56365 1.00000 1.00000 0.14176 0.75294 0.15034 0.33333 0.58286 0.15690 0.72024 0.12925 0.77016 1.00000 0.45455 1.00000 1.00000 0.24405 0.29316
56.00000 132.00000 0.57558 0.76923 1.00000 1.00000 0.48946 0.64944 0.64477 1.00000 1.00000 0.11973 0.74706 0.14605 0.33333 0.62286 0.15334 0.72024 0.14292 0.84380 1.00000 0.45455 1.00000 1.00000 0.38095 0.30272
56.00000 133.00000 0.42442 0.61538 1.00000 1.00000 0.54333 0.56038 0.73994 1.00000 1.00000 0.13889 0.79412 0.14771 0.33333 0.57143 0.13856 0.73214 0.16938 0.68107 1.00000 0.36364 1.00000 1.00000 0.38690 0.28157
56.00000 134.00000 0.31395 0.38462 1.00000 1.00000 0.58782 0.56156 0.66271 1.00000 1.00000 0.17529 0.77647 0.16772 0.33333 0.60000 0.14570 0.76190 0.15267 0.73515 1.00000 0.54545 1.00000 1.00000 0.27381 0.33844
56.00000 135.00000 0.43023 0.69231 1.00000 1.00000 0.47307 0.55647 0.63666 1.00000 1.00000 0.14655 0.78235 0.10916 0.33333 0.57714 0.13754 0.71429 0.15105 0.72429 1.00000 0.45455 1.00000 1.00000 0.29167 0.27071
56.00000 136.00000 0.56977 0.61538 1.00000 1.00000 0.46604 0.50675 0.62730 1.00000 1.00000 0.15852 0.73529 0.12622 0.33333 0.50857 0.15588 0.77381 0.16325 0.76775 1.00000 0.54545 1.00000 1.00000 0.38095 0.36358
56.00000 137.00000 0.43605 0.30769 1.00000 1.00000 0.48009 0.46076 0.55694 1.00000 1.00000 0.16236 0.72941 0.16671 0.33333 0.66286 0.16811 0.73214 0.13218 0.79406 1.00000 0.72727 1.00000 1.00000 0.36310 0.32795
56.00000 138.00000 0.43023 0.53846 1.00000 1.00000 0.46370 0.48953 0.64072 1.00000 1.00000 0.14176 0.73529 0.11906 0.33333 0.49143 0.15639 0.78571 0.13313 0.79068 1.00000 0.54545 1.00000 1.00000 0.19643 0.29251
56.00000 139.00000 0.66860 0.61538 1.00000 1.00000 0.53162 0.63046 0.55148 1.00000 1.00000 0.12979 0.74706 0.10445 0.33333 0.62286 0.14722 0.76190 0.08723 0.71125 1.00000 0.54545 1.00000 1.00000 0.22024 0.26199
56.00000 140.00000 0.51163 0.30769 1.00000 1.00000 0.37705 0.69466 0.64165 1.00000 1.00000 0.14847 0.77059 0.11425 0.33333 0.55429 0.14315 0.72024 0.16163 0.76557 1.00000 0.72727 1.00000 1.00000 0.20833 0.29261
56.00000 141.00000 0.51744 0.15385 1.00000 1.00000 0.60422 0.69329 0.59953 1.00000 1.00000 0.13506 0.74706 0.12321 0.33333 0.57143 0.12124 0.73810 0.10966 0.72767 1.00000 0.54545 1.00000 1.00000 0.30952 0.27405
56.00000 142.00000 0.40116 0.84615 1.00000 1.00000 0.52927 0.60110 0.63604 1.00000 1.00000 0.15613 0.74706 0.10838 0.33333 0.58857 0.16047 0.74405 0.14030 0.78199 1.00000 0.63636 1.00000 1.00000 0.20833 0.23305
56.00000 143.00000 0.47093 0.61538 1.00000 1.00000 0.46604 0.76943 0.45694 1.00000 1.00000 0.18439 0.73529 0.12358 0.33333 0.62857 0.15945 0.75595 0.15408 0.68976 1.00000 0.72727 1.00000 1.00000 0.36905 0.40152
56.00000 144.00000 0.35465 0.69231 1.00000 1.00000 0.48244 0.64905 0.67223 1.00000 1.00000 0.13266 0.75294 0.11892 0.33333 0.69143 0.15894 0.73214 0.14151 0.70401 1.00000 0.54545 1.00000 1.00000 0.31548 0.25225
56.00000 145.00000 0.69186 0.61538 1.00000 1.00000 0.40281 0.58113 0.67863 1.00000 1.00000 0.11830 0.79412 0.14632 0.33333 0.76000 0.13653 0.75595 0.13936 0.73443 1.00000 0.72727 1.00000 1.00000 0.19643 0.46396
56.00000 146.00000 0.36628 0.30769 1.00000 1.00000 0.59485 0.61773 0.68019 1.00000 1.00000 0.12835 0.73529 0.13445 0.33333 0.64000 0.15130 0.73810 0.12920 0.71511 1.00000 0.54545 1.00000 1.00000 0.35119 0.23880
56.00000 147.00000 0.34302 0.53846 1.00000 1.00000 0.61358 0.52789 0.65835 1.00000 1.00000 0.12021 0.72941 0.10870 0.33333 0.65714 0.14722 0.76190 0.11626 0.81482 1.00000 0.54545 1.00000 1.00000 0.25595 0.27498
56.00000 148.00000 0.26163 0.53846 1.00000 1.00000 0.58314 0.50558 0.58440 1.00000 1.00000 0.15805 0.73529 0.10020 0.33333 0.62286 0.18186 0.75595 0.11977 0.70352 1.00000 0.54545 1.00000 1.00000 0.33333 0.38742
56.00000 149.00000 0.51163 0.61538 1.00000 1.00000 0.58548 0.48483 0.57363 1.00000 1.00000 0.13410 0.74706 0.10930 0.33333 0.59429 0.16047 0.76786 0.09703 0.70763 1.00000 0.54545 1.00000 1.00000 0.31548 0.27349
56.00000 150.00000 0.21512 0.84615 1.00000 1.00000 0.52459 0.70836 0.68112 1.00000 1.00000 0.15230 0.78824 0.17433 0.33333 0.68571 0.13907 0.75595 0.14130 0.70014 1.00000 0.54545 1.00000 1.00000 0.27976 0.27433
56.00000 151.00000 0.23837 0.69231 1.00000 1.00000 0.44262 0.55295 0.55226 1.00000 1.00000 0.13075 0.78824 0.13597 0.33333 0.56000 0.17473 0.76786 0.15262 0.89305 1.00000 0.45455 1.00000 1.00000 0.29762 0.33946
56.00000 152.00000 0.48837 0.15385 1.00000 1.00000 0.47541 0.53944 0.65335 1.00000 1.00000 0.11303 0.78824 0.12941 0.33333 0.61143 0.16047 0.79762 0.09373 0.72839 1.00000 0.63636 1.00000 1.00000 0.23810 0.27080
56.00000 153.00000 0.46512 0.38462 1.00000 1.00000 0.60890 0.48287 0.74789 1.00000 1.00000 0.10584 0.78824 0.12816 0.33333 0.64571 0.14519 0.76786 0.12380 0.82810 1.00000 0.45455 1.00000 1.00000 0.30357 0.25847
56.00000 154.00000 0.55814 0.61538 1.00000 1.00000 0.46136 0.64337 0.71310 1.00000 1.00000 0.13123 0.75294 0.14461 0.33333 0.69143 0.14162 0.75000 0.11516 0.83583 1.00000 0.72727 1.00000 1.00000 0.32738 0.39865
56.00000 155.00000 0.37791 0.76923 1.00000 1.00000 0.52693 0.65218 0.60172 1.00000 1.00000 0.13266 0.77059 0.12016 0.33333 0.57714 0.13907 0.76190 0.12186 0.75495 1.00000 0.63636 1.00000 1.00000 0.29167 0.27368
56.00000 156.00000 0.50581 0.53846 1.00000 1.00000 0.50585 0.61401 0.66022 1.00000 1.00000 0.15852 0.75882 0.13366 0.33333 0.61143 0.13194 0.73214 0.14864 0.85901 1.00000 0.54545 1.00000 1.00000 0.33929 0.27767
56.00000 157.00000 0.48256 0.07692 1.00000 1.00000 0.54801 0.57937 0.52668 1.00000 1.00000 0.10153 0.77059 0.13445 0.33333 0.59429 0.13653 0.76190 0.13302 0.79720 1.00000 0.54545 1.00000 1.00000 0.29167 0.32368
56.00000 158.00000 0.42442 0.23077 1.00000 1.00000 0.61124 0.51184 0.58237 1.00000 1.00000 0.15565 0.77059 0.15113 0.33333 0.70857 0.15690 0.73810 0.11254 0.78947 1.00000 0.45455 1.00000 1.00000 0.28571 0.23861
56.00000 159.00000 0.31977 0.46154 1.00000 1.00000 0.51288 0.65375 0.71014 1.00000 1.00000 0.12165 0.78235 0.09539 0.33333 0.61714 0.11258 0.79762 0.10976 0.73974 1.00000 0.45455 1.00000 1.00000 0.26190 0.14936
56.00000 160.00000 0.82558 0.15385 1.00000 1.00000 0.53630 0.67959 0.62699 1.00000 1.00000 0.14511 0.78235 0.09313 0.33333 0.65714 0.14060 0.74405 0.10615 0.81048 1.00000 0.63636 1.00000 1.00000 0.33333 0.35411
56.00000 161.00000 0.52907 0.61538 1.00000 1.00000 0.67447 0.61186 0.70702 1.00000 1.00000 0.12883 0.79412 0.17096 0.33333 0.72571 0.17168 0.77976 0.12176 0.77764 1.00000 0.54545 1.00000 1.00000 0.25595 0.26895
56.00000 162.00000 0.52907 0.30769 1.00000 1.00000 0.59251 0.75318 0.77005 1.00000 1.00000 0.09626 0.78235 0.13588 0.33333 0.66286 0.15843 0.78571 0.12480 0.88218 1.00000 0.63636 1.00000 1.00000 0.19048 0.38445
56.00000 163.00000 0.47674 0.76923 1.00000 1.00000 0.49180 0.57095 0.77098 1.00000 1.00000 0.12979 0.76471 0.15307 0.33333 0.74857 0.12990 0.77381 0.11112 0.83293 1.00000 0.63636 1.00000 1.00000 0.23810 0.23926
56.00000 164.00000 0.35465 0.15385 1.00000 1.00000 0.59251 0.56449 0.69329 1.00000 1.00000 0.15230 0.75882 0.13283 0.33333 0.64571 0.14570 0.76786 0.10976 0.78513 1.00000 0.63636 1.00000 1.00000 0.26190 0.22108
56.00000 165.00000 0.52326 0.61538 1.00000 1.00000 0.61124 0.76688 0.63323 1.00000 1.00000 0.13410 0.73529 0.11952 0.33333 0.78857 0.09985 0.76786 0.09818 0.80299 1.00000 0.54545 1.00000 1.00000 0.29167 0.23703
56.00000 166.00000 0.41860 0.76923 1.00000 1.00000 0.50820 0.61891 0.70094 1.00000 1.00000 0.13793 0.78235 0.13981 0.33333 0.71429 0.13296 0.77976 0.13810 0.78465 1.00000 0.54545 1.00000 1.00000 0.25595 0.26023
56.00000 167.00000 0.33140 0.69231 1.00000 1.00000 0.65340 0.61754 0.71966 1.00000 1.00000 0.10441 0.77647 0.16467 0.33333 0.77714 0.14009 0.77381 0.10793 0.75036 1.00000 0.63636 1.00000 1.00000 0.30952 0.24371
56.00000 168.00000 0.59884 0.15385 1.00000 1.00000 0.55035 0.62184 0.56708 1.00000 1.00000 0.12308 0.77059 0.13537 0.33333 0.69143 0.11971 0.77381 0.08687 0.87808 1.00000 0.54545 1.00000 1.00000 0.31548 0.24483
56.00000 169.00000 0.36047 0.07692 1.00000 1.00000 0.62763 0.62595 0.76958 1.00000 1.00000 0.08669 0.77059 0.12733 0.33333 0.76000 0.15690 0.77976 0.09787 0.85104 1.00000 0.63636 1.00000 1.00000 0.27976 0.26088
56.00000 170.00000 0.52326 0.69231 1.00000 1.00000 0.58080 0.74183 0.71264 1.00000 1.00000 0.11782 0.79412 0.09646 0.33333 0.67429 0.12736 0.75000 0.12312 0.77185 1.00000 0.54545 1.00000 1.00000 0.26190 0.32869
56.00000 171.00000 0.59302 0.84615 1.00000 1.00000 0.52225 0.62772 0.74821 1.00000 1.00000 0.08142 0.82353 0.09789 0.33333 0.74286 0.13907 0.75000 0.13627 0.81555 1.00000 0.63636 1.00000 1.00000 0.29762 0.21041
56.00000 172.00000 0.37791 0.46154 1.00000 1.00000 0.59953 0.71012 0.66037 1.00000 1.00000 0.10920 0.78235 0.10214 0.33333 0.77714 0.11513 0.77381 0.12228 0.77764 1.00000 0.63636 1.00000 1.00000 0.19643 0.31552
56.00000 173.00000 0.34302 0.61538 1.00000 1.00000 0.66511 0.88119 0.66225 1.00000 1.00000 0.12021 0.79412 0.12959 0.33333 0.77143 0.09577 0.79167 0.08089 0.83897 1.00000 0.54545 1.00000 1.00000 0.27381 0.11198
56.00000 174.00000 0.54651 0.53846 1.00000 1.00000 0.55738 0.76160 0.75226 1.00000 1.00000 0.14272 0.77059 0.10616 0.33333 0.71429 0.10851 0.77381 0.11788 0.85925 1.00000 0.72727 1.00000 1.00000 0.19643 0.27247
56.00000 175.00000 0.55233 0.23077 1.00000 1.00000 0.74941 0.65864 0.74306 1.00000 1.00000 0.11063 0.78824 0.11226 0.33333 0.78286 0.10749 0.79167 0.10279 0.79648 1.00000 0.63636 1.00000 1.00000 0.26786 0.23249
56.00000 176.00000 0.57558 0.46154 1.00000 1.00000 0.71194 0.71051 0.78690 1.00000 1.00000 0.12500 0.79412 0.15131 0.33333 0.70857 0.11055 0.79762 0.09488 0.75833 1.00000 0.63636 1.00000 1.00000 0.29762 0.28797
56.00000 177.00000 0.70349 0.61538 1.00000 1.00000 0.48712 0.50010 0.73042 1.00000 1.00000 0.13889 0.80588 0.13833 0.33333 0.82857 0.10290 0.80357 0.10075 0.78102 1.00000 0.72727 1.00000 1.00000 0.27976 0.23768
56.00000 178.00000 0.45349 0.46154 1.00000 1.00000 0.74941 0.68174 0.75023 1.00000 1.00000 0.11686 0.79412 0.09438 0.33333 0.73143 0.11513 0.78571 0.09530 0.76895 1.00000 0.72727 1.00000 1.00000 0.19048 0.21496
56.00000 179.00000 0.53488 0.30769 1.00000 1.00000 0.56440 0.53709 0.71232 1.00000 1.00000 0.10153 0.78235 0.09493 0.33333 0.76000 0.10443 0.79167 0.08545 0.83583 1.00000 0.63636 1.00000 1.00000 0.27976 0.21820
56.00000 180.00000 0.54070 0.46154 1.00000 1.00000 0.68618 0.61891 0.72371 1.00000 1.00000 0.07950 0.80588 0.09682 0.33333 0.81143 0.08711 0.77976 0.08257 0.86480 1.00000 0.63636 1.00000 1.00000 0.15476 0.27229
56.00000 181.00000 0.74419 0.61538 1.00000 1.00000 0.62763 0.61930 0.69345 1.00000 1.00000 0.08812 0.79412 0.10394 0.33333 0.72571 0.11666 0.79167 0.07523 0.87566 1.00000 0.72727 1.00000 1.00000 0.23214 0.30986
56.00000 182.00000 0.47093 0.69231 1.00000 1.00000 0.63466 0.71188 0.64384 1.00000 1.00000 0.10584 0.78824 0.11208 0.33333 0.84000 0.10902 0.80357 0.10719 0.82038 1.00000 0.63636 1.00000 1.00000 0.11905 0.27869
56.00000 183.00000 0.54651 0.07692 1.00000 1.00000 0.62295 0.55138 0.81139 1.00000 1.00000 0.08621 0.78824 0.11776 0.33333 0.84571 0.10851 0.79762 0.07282 0.82859 1.00000 0.72727 1.00000 1.00000 0.25000 0.19056
56.00000 184.00000 0.71512 0.07692 1.00000 1.00000 0.62763 0.66647 0.77051 1.00000 1.00000 0.14080 0.80588 0.09798 0.33333 0.78286 0.08507 0.80952 0.08613 0.72863 1.00000 0.63636 1.00000 1.00000 0.23810 0.23499
56.00000 185.00000 0.62791 0.30769 1.00000 1.00000 0.65105 0.65101 0.91950 1.00000 1.00000 0.12308 0.80000 0.10658 0.33333 0.78857 0.09272 0.79167 0.06769 0.82617 1.00000 0.63636 1.00000 1.00000 0.16667 0.19065
56.00000 186.00000 0.48837 0.69231 1.00000 1.00000 0.62061 0.67821 0.82715 1.00000 1.00000 0.10057 0.84118 0.11453 0.33333 0.88000 0.10749 0.81548 0.09195 0.80179 1.00000 0.72727 1.00000 1.00000 0.21429 0.28481
56.00000 187.00000 0.68023 0.30769 1.00000 1.00000 0.59485 0.69348 0.75944 1.00000 1.00000 0.10057 0.79412 0.10538 0.33333 0.72571 0.12379 0.80357 0.08634 0.74964 1.00000 0.63636 1.00000 1.00000 0.07738 0.23249
56.00000 188.00000 0.44186 0.15385 1.00000 1.00000 0.66042 0.61578 0.72496 1.00000 1.00000 0.04741 0.84706 0.06207 0.33333 0.87429 0.10341 0.82738 0.04087 0.82231 1.00000 0.81818 1.00000 1.00000 0.17262 0.18731
56.00000 189.00000 0.46512 0.30769 1.00000 1.00000 0.61358 0.74966 0.64165 1.00000 1.00000 0.06897 0.82941 0.11189 0.33333 0.84000 0.06928 0.80952 0.06842 0.89087 1.00000 0.81818 1.00000 1.00000 0.13095 0.13406
56.00000 190.00000 0.66860 0.07692 1.00000 1.00000 0.66745 0.66099 0.82512 1.00000 1.00000 0.11159 0.80588 0.11383 0.33333 0.87429 0.10698 0.81548 0.09017 0.89812 1.00000 0.72727 1.00000 1.00000 0.21429 0.27915
56.00000 191.00000 0.41860 0.07692 1.00000 1.00000 0.63466 0.50949 0.81217 1.00000 1.00000 0.07567 0.80588 0.10551 0.33333 0.77143 0.09577 0.82143 0.04642 0.83848 1.00000 0.81818 1.00000 1.00000 0.16667 0.13647
56.00000 192.00000 0.26163 0.38462 1.00000 1.00000 0.64169 0.59777 0.82137 1.00000 1.00000 0.09531 0.82941 0.09927 0.33333 0.73714 0.09730 0.79762 0.05957 0.87904 1.00000 0.81818 1.00000 1.00000 0.23214 0.11764
56.00000 193.00000 0.52907 0.61538 1.00000 1.00000 0.77986 0.66138 0.89173 1.00000 1.00000 0.04933 0.87059 0.11245 0.33333 0.84000 0.10902 0.80357 0.09116 0.86432 1.00000 0.54545 1.00000 1.00000 0.15476 0.21477
56.00000 194.00000 0.57558 0.38462 1.00000 1.00000 0.65574 0.75416 0.75460 1.00000 1.00000 0.11638 0.82353 0.08527 0.33333 0.80000 0.10953 0.82143 0.08105 0.86770 1.00000 0.72727 1.00000 1.00000 0.06548 0.25578
56.00000 195.00000 0.70349 0.76923 1.00000 1.00000 0.79157 0.70542 0.83198 1.00000 1.00000 0.09339 0.82941 0.09733 0.33333 0.90857 0.08915 0.82143 0.07188 0.92443 1.00000 0.81818 1.00000 1.00000 0.10119 0.17562
