178.00000 1.00000 0.23810 0.29691 1.00000 0.59794 0.63411 0.70332 0.68454 0.61718 0.61606 0.59403 0.85287 0.64871 0.84615 0.77192 0.59536 0.99347 0.65410 0.17156 1.00000 0.69072 0.85412 1.00000 0.61789 0.61800
178.00000 2.00000 0.99977 0.99762 1.00000 0.00000 0.12557 0.28202 0.25695 0.00000 0.00251 0.00513 0.62665 0.27429 0.23077 0.50325 0.00484 0.99253 0.55424 0.41400 0.00000 0.28866 0.62791 1.00000 0.01278 0.02008
178.00000 3.00000 0.00001 0.00012 1.00000 1.00000 0.97779 0.92596 0.90373 1.00000 1.00000 0.96091 0.99880 0.86476 0.94872 0.92289 0.96205 0.99344 0.67524 0.07414 1.00000 0.94845 1.00000 1.00000 0.96670 0.96718
178.00000 4.00000 0.47616 0.83135 1.00000 0.62699 0.66293 0.65663 0.55907 0.50794 0.50063 0.45622 0.86342 0.59362 0.38462 0.66558 0.45533 0.99336 0.49936 0.35564 0.00000 0.63918 0.86469 1.00000 0.47763 0.48296
178.00000 5.00000 0.59529 0.73634 0.00000 0.23809 0.01707 0.06351 0.07025 0.29318 0.21079 0.09035 0.00091 0.00977 0.02564 0.05032 0.08796 0.00107 0.05918 0.94541 0.00000 0.06186 0.00000 0.00000 0.13454 0.13682
178.00000 6.00000 0.00002 0.00000 1.00000 1.00000 0.98421 0.92347 0.91036 1.00000 1.00000 0.96052 0.99890 0.86959 0.94872 0.93019 0.96104 0.99339 0.67228 0.08559 1.00000 0.94845 1.00000 1.00000 0.96367 0.96461
178.00000 7.00000 0.00001 0.00036 1.00000 1.00000 0.97742 0.91486 0.91130 1.00000 1.00000 0.96066 0.99890 0.87684 0.94872 0.93101 0.95997 0.99350 0.68163 0.09579 1.00000 0.93814 1.00000 1.00000 0.96569 0.97553
178.00000 8.00000 0.00007 0.00000 1.00000 1.00000 0.98063 0.92990 0.92055 1.00000 1.00000 0.96015 0.99882 0.87365 0.94872 0.93506 0.96038 0.99344 0.66122 0.08891 1.00000 0.92784 1.00000 1.00000 0.96367 0.96608
178.00000 9.00000 0.23816 0.29691 1.00000 0.59794 0.63484 0.68563 0.69475 0.61718 0.61606 0.59555 0.85301 0.64176 0.84615 0.75487 0.59453 0.99347 0.66175 0.15851 1.00000 0.70103 0.85412 1.00000 0.62496 0.61538
178.00000 10.00000 0.83333 0.99822 1.00000 0.06027 0.18607 0.32555 0.25961 0.14659 0.14617 0.13248 0.65000 0.29352 0.23077 0.47240 0.13322 0.99278 0.50403 0.38539 0.00000 0.31959 0.65116 1.00000 0.15506 0.15962
178.00000 11.00000 0.59511 0.73634 0.00000 0.23809 0.01202 0.05314 0.06533 0.29318 0.21016 0.08934 0.00093 0.01548 0.02564 0.06169 0.08871 0.00127 0.04321 0.93839 0.00000 0.05155 0.00000 0.00000 0.13824 0.13956
178.00000 12.00000 0.59518 0.73800 0.00000 0.23809 0.00780 0.04183 0.05546 0.29318 0.21016 0.08994 0.00080 0.01623 0.02564 0.05114 0.08881 0.00132 0.04614 0.93493 0.00000 0.05155 0.00000 0.00000 0.13724 0.14024
178.00000 13.00000 0.00007 0.00202 1.00000 1.00000 0.98513 0.91999 0.92108 1.00000 1.00000 0.96036 0.99876 0.87678 0.94872 0.93263 0.96051 0.99350 0.67317 0.08877 1.00000 0.94845 1.00000 1.00000 0.96973 0.96854
178.00000 14.00000 0.23806 0.29917 1.00000 0.59794 0.63797 0.68712 0.69622 0.61718 0.61606 0.59456 0.85284 0.63910 0.84615 0.76380 0.59434 0.99344 0.65566 0.15239 1.00000 0.70103 0.85412 1.00000 0.62361 0.61676
178.00000 15.00000 0.23816 0.29834 1.00000 0.59794 0.63530 0.69608 0.66463 0.61718 0.61606 0.59332 0.85299 0.64277 0.84615 0.75568 0.59341 0.99361 0.65484 0.15457 1.00000 0.68041 0.85412 1.00000 0.61991 0.61384
178.00000 16.00000 0.59513 0.73634 0.00000 0.23809 0.01193 0.03221 0.07148 0.29318 0.21079 0.09001 0.00101 0.01595 0.02564 0.05357 0.08835 0.00130 0.04285 0.94461 0.00000 0.04124 0.00000 0.00000 0.13791 0.13306
178.00000 17.00000 0.99991 0.99905 1.00000 0.00000 0.13328 0.30964 0.23939 0.00000 0.00251 0.00577 0.62669 0.27277 0.23077 0.48133 0.00503 0.99242 0.54657 0.41407 0.00000 0.28866 0.62791 1.00000 0.00908 0.01864
178.00000 18.00000 0.47616 0.83135 1.00000 0.62699 0.65871 0.66230 0.55408 0.50794 0.50063 0.45700 0.86346 0.59259 0.35897 0.68750 0.45647 0.99319 0.51014 0.35999 0.00000 0.63918 0.86469 1.00000 0.48537 0.48253
178.00000 19.00000 0.00005 0.00178 1.00000 1.00000 0.98550 0.93811 0.92079 1.00000 1.00000 0.95944 0.99901 0.86809 0.94872 0.91396 0.96275 0.99325 0.67487 0.08227 1.00000 0.93814 1.00000 1.00000 0.96199 0.97237
178.00000 20.00000 0.00006 0.00000 1.00000 1.00000 0.98201 0.94219 0.89437 1.00000 1.00000 0.96010 0.99894 0.87593 0.94872 0.91558 0.96139 0.99350 0.67788 0.09185 1.00000 0.94845 1.00000 1.00000 0.96266 0.96456
178.00000 21.00000 0.47620 0.83135 1.00000 0.62699 0.65871 0.63530 0.53887 0.50794 0.50125 0.45624 0.86344 0.60300 0.38462 0.68994 0.45525 0.99311 0.49237 0.36394 0.00000 0.65979 0.86469 1.00000 0.47124 0.48799
178.00000 22.00000 0.59531 0.73634 0.00000 0.23809 0.01239 0.04604 0.05462 0.29318 0.21016 0.08955 0.00095 0.01646 0.02564 0.05357 0.08915 0.00132 0.04602 0.93880 0.00000 0.05155 0.00000 0.00000 0.13824 0.14032
178.00000 23.00000 0.83322 0.99762 1.00000 0.06027 0.18285 0.33249 0.25933 0.14659 0.14617 0.13393 0.64988 0.28965 0.23077 0.48377 0.13351 0.99262 0.51165 0.40078 0.00000 0.32990 0.65116 1.00000 0.15439 0.16272
178.00000 24.00000 0.59511 0.73634 0.00000 0.23809 0.01138 0.04874 0.06007 0.29318 0.21079 0.09060 0.00087 0.01729 0.02564 0.05682 0.08788 0.00121 0.05519 0.93109 0.00000 0.06186 0.00000 0.00000 0.13959 0.14216
178.00000 25.00000 0.00003 0.00059 1.00000 1.00000 0.98403 0.94270 0.92381 1.00000 1.00000 0.96063 0.99884 0.88176 0.94872 0.93019 0.96146 0.99341 0.66006 0.09804 1.00000 0.95876 1.00000 1.00000 0.96535 0.97434
178.00000 26.00000 0.99993 0.99762 1.00000 0.00000 0.12768 0.30835 0.23430 0.00000 0.00314 0.00681 0.62656 0.26581 0.23077 0.47403 0.00521 0.99234 0.54875 0.41517 0.00000 0.29897 0.62791 1.00000 0.01816 0.01621
178.00000 27.00000 0.99976 0.99762 1.00000 0.00000 0.13136 0.30284 0.24268 0.00000 0.00251 0.00465 0.62641 0.26255 0.23077 0.49188 0.00496 0.99234 0.54892 0.42130 0.00000 0.28866 0.62791 1.00000 0.01917 0.01177
178.00000 28.00000 0.47613 0.83135 1.00000 0.62699 0.65385 0.63762 0.54428 0.50794 0.50125 0.45532 0.86342 0.59993 0.38462 0.68344 0.45718 0.99319 0.49821 0.36176 0.00000 0.64948 0.86469 1.00000 0.47931 0.47841
178.00000 29.00000 0.00006 0.00059 1.00000 1.00000 0.99110 0.92712 0.92559 1.00000 1.00000 0.95992 0.99884 0.86735 0.94872 0.93750 0.96161 0.99339 0.67283 0.09092 1.00000 0.92784 1.00000 1.00000 0.96939 0.96493
178.00000 30.00000 0.99986 0.99762 1.00000 0.00000 0.13108 0.28977 0.24304 0.00000 0.00251 0.00571 0.62667 0.26622 0.23077 0.49188 0.00530 0.99245 0.54700 0.41614 0.00000 0.28866 0.62791 1.00000 0.01581 0.01243
178.00000 31.00000 0.99979 0.99762 1.00000 0.00000 0.13126 0.28348 0.25786 0.00000 0.00251 0.00543 0.62656 0.26936 0.23077 0.48782 0.00469 0.99237 0.55508 0.39801 0.00000 0.28866 0.62791 1.00000 0.01615 0.01398
178.00000 32.00000 0.99995 0.99941 1.00000 0.00000 0.13283 0.27754 0.24506 0.00000 0.00251 0.00596 0.62669 0.27156 0.23077 0.47808 0.00391 0.99245 0.54767 0.41957 0.00000 0.29897 0.62791 1.00000 0.01514 0.01312
178.00000 33.00000 0.47613 0.83159 1.00000 0.62699 0.66293 0.66165 0.53640 0.50794 0.50063 0.45640 0.86346 0.60290 0.38462 0.67857 0.45706 0.99333 0.50788 0.36197 0.00000 0.64948 0.86469 1.00000 0.47797 0.48091
178.00000 34.00000 0.47629 0.83147 1.00000 0.62699 0.66202 0.65061 0.55160 0.50794 0.50125 0.45645 0.86335 0.60095 0.38462 0.67208 0.45459 0.99328 0.48861 0.36044 0.00000 0.64948 0.86469 1.00000 0.48537 0.48568
178.00000 35.00000 0.47607 0.83171 1.00000 0.62699 0.66000 0.65558 0.55979 0.50794 0.50125 0.45707 0.86352 0.59840 0.38462 0.67938 0.45765 0.99308 0.47979 0.36501 0.00000 0.65979 0.86469 1.00000 0.48335 0.48685
178.00000 36.00000 0.99998 0.99846 1.00000 0.00000 0.13365 0.30168 0.25433 0.00000 0.00251 0.00628 0.62658 0.26881 0.23077 0.50081 0.00411 0.99231 0.54741 0.40981 0.00000 0.30928 0.62791 1.00000 0.01783 0.01562
178.00000 37.00000 0.23817 0.29881 1.00000 0.59794 0.63475 0.70915 0.67844 0.61718 0.61606 0.59530 0.85295 0.65343 0.84615 0.76786 0.59556 0.99358 0.65119 0.16886 1.00000 0.69072 0.85412 1.00000 0.62025 0.62015
178.00000 38.00000 0.00002 0.00226 1.00000 1.00000 0.98357 0.92796 0.91233 1.00000 1.00000 0.95891 0.99894 0.87878 0.94872 0.93101 0.96034 0.99361 0.66057 0.09053 1.00000 0.93814 1.00000 1.00000 0.96233 0.96938
178.00000 39.00000 0.83333 0.99762 1.00000 0.06027 0.18717 0.32055 0.24100 0.14659 0.14617 0.13296 0.65003 0.29965 0.23077 0.47971 0.13349 0.99273 0.50915 0.38227 0.00000 0.32990 0.65116 1.00000 0.16011 0.15674
178.00000 40.00000 0.99990 0.99786 1.00000 0.00000 0.12787 0.27943 0.25157 0.00000 0.00251 0.00663 0.62665 0.26825 0.23077 0.49026 0.00516 0.99240 0.55474 0.41746 0.00000 0.28866 0.62791 1.00000 0.01581 0.01274
178.00000 41.00000 0.59511 0.73646 0.00000 0.23809 0.01221 0.04261 0.06384 0.29318 0.21079 0.08996 0.00082 0.01340 0.02564 0.05519 0.08952 0.00127 0.04598 0.94821 0.00000 0.03093 0.00000 0.00000 0.14127 0.14004
178.00000 42.00000 0.00005 0.00190 1.00000 1.00000 0.98192 0.92612 0.92384 1.00000 1.00000 0.96257 0.99886 0.87388 0.94872 0.92938 0.96129 0.99336 0.66708 0.07621 1.00000 0.93814 1.00000 1.00000 0.96636 0.97198
178.00000 43.00000 0.00006 0.00154 1.00000 1.00000 0.98430 0.93490 0.91440 1.00000 1.00000 0.96050 0.99884 0.87344 0.94872 0.92289 0.96166 0.99344 0.67341 0.08676 1.00000 0.91753 1.00000 1.00000 0.96401 0.97334
178.00000 44.00000 0.99989 0.99762 1.00000 0.00000 0.13062 0.29706 0.23684 0.00000 0.00251 0.00536 0.62665 0.26508 0.23077 0.49432 0.00555 0.99251 0.55445 0.40341 0.00000 0.28866 0.62791 1.00000 0.01345 0.01502
178.00000 45.00000 0.00001 0.00154 1.00000 1.00000 0.98623 0.95185 0.91858 1.00000 1.00000 0.95884 0.99884 0.87334 0.94872 0.92208 0.96151 0.99350 0.67641 0.08652 1.00000 0.90722 1.00000 1.00000 0.96199 0.96646
178.00000 46.00000 0.99994 0.99762 1.00000 0.00000 0.12759 0.29890 0.25097 0.00000 0.00251 0.00607 0.62654 0.26778 0.23077 0.47808 0.00631 0.99234 0.54103 0.41258 0.00000 0.27835 0.62791 1.00000 0.01615 0.01331
178.00000 47.00000 1.00000 0.99881 1.00000 0.00000 0.12925 0.30467 0.23761 0.00000 0.00251 0.00591 0.62669 0.26865 0.23077 0.49188 0.00562 0.99248 0.55186 0.41500 0.00000 0.29897 0.62791 1.00000 0.01278 0.01742
178.00000 48.00000 0.59527 0.73634 0.00000 0.23809 0.01221 0.05309 0.06521 0.29318 0.21079 0.09150 0.00097 0.01622 0.02564 0.06331 0.08871 0.00146 0.04398 0.94403 0.00000 0.07216 0.00000 0.00000 0.13656 0.13914
178.00000 49.00000 0.23807 0.29691 1.00000 0.59794 0.63842 0.71077 0.67412 0.61718 0.61606 0.59309 0.85295 0.64500 0.84615 0.76299 0.59394 0.99366 0.65136 0.16215 1.00000 0.69072 0.85412 1.00000 0.62630 0.62460
178.00000 50.00000 0.47628 0.83302 1.00000 0.62699 0.65899 0.65371 0.54418 0.50794 0.50063 0.45679 0.86346 0.60009 0.35897 0.69805 0.45606 0.99341 0.49162 0.36179 0.00000 0.64948 0.86469 1.00000 0.47763 0.48332
178.00000 51.00000 0.00005 0.00000 1.00000 1.00000 0.98091 0.94472 0.90669 1.00000 1.00000 0.95994 0.99888 0.87540 0.94872 0.91721 0.96036 0.99350 0.67247 0.09393 1.00000 0.93814 1.00000 1.00000 0.96603 0.97019
178.00000 52.00000 0.47606 0.83135 1.00000 0.62699 0.66156 0.65515 0.54423 0.50794 0.50125 0.45642 0.86335 0.60890 0.38462 0.67208 0.45608 0.99319 0.50189 0.37861 0.00000 0.63918 0.86469 1.00000 0.48066 0.48028
178.00000 53.00000 0.00006 0.00000 1.00000 1.00000 0.97540 0.92210 0.91238 1.00000 1.00000 0.96183 0.99888 0.88340 0.94872 0.93101 0.96112 0.99341 0.67600 0.08808 1.00000 0.93814 1.00000 1.00000 0.95997 0.96953
178.00000 54.00000 0.59527 0.73705 0.00000 0.23809 0.01616 0.06756 0.05282 0.29318 0.21079 0.09012 0.00095 0.01412 0.02564 0.04383 0.08920 0.00152 0.05290 0.94157 0.00000 0.06186 0.00000 0.00000 0.13724 0.14278
178.00000 55.00000 0.23819 0.29727 1.00000 0.59794 0.63953 0.69819 0.70042 0.61718 0.61606 0.59481 0.85282 0.64398 0.84615 0.75162 0.59324 0.99355 0.67021 0.16779 1.00000 0.72165 0.85412 1.00000 0.62025 0.61914
178.00000 56.00000 0.83320 0.99762 1.00000 0.06027 0.18285 0.32525 0.24936 0.14659 0.14617 0.13430 0.64994 0.29715 0.23077 0.47565 0.13424 0.99273 0.52742 0.39805 0.00000 0.32990 0.65116 1.00000 0.16011 0.16191
178.00000 57.00000 0.47623 0.83135 1.00000 0.62699 0.66330 0.65577 0.53407 0.50794 0.50125 0.45647 0.86352 0.59697 0.38462 0.67451 0.45474 0.99333 0.49592 0.36767 0.00000 0.63918 0.86469 1.00000 0.47797 0.47831
178.00000 58.00000 0.59519 0.73765 0.00000 0.23809 0.01551 0.05041 0.05704 0.29318 0.21079 0.08996 0.00097 0.01524 0.02564 0.05357 0.08896 0.00135 0.06062 0.93385 0.00000 0.05155 0.00000 0.00000 0.13118 0.13274
178.00000 59.00000 0.00005 0.00000 1.00000 1.00000 0.98412 0.92609 0.92093 1.00000 1.00000 0.95999 0.99899 0.87723 0.94872 0.93669 0.96122 0.99352 0.68952 0.10026 1.00000 0.93814 1.00000 1.00000 0.96939 0.97067
178.00000 60.00000 0.47620 0.83135 1.00000 0.62699 0.66110 0.64672 0.54166 0.50794 0.50125 0.45675 0.86346 0.59959 0.38462 0.67208 0.45564 0.99325 0.49609 0.36605 0.00000 0.67010 0.86469 1.00000 0.47494 0.48452
178.00000 61.00000 0.23812 0.29798 1.00000 0.59794 0.63457 0.70777 0.68188 0.61718 0.61606 0.59378 0.85280 0.64307 0.84615 0.76948 0.59502 0.99363 0.66340 0.16059 1.00000 0.70103 0.85412 1.00000 0.62193 0.62109
178.00000 62.00000 0.99990 0.99762 1.00000 0.00000 0.13062 0.28793 0.24583 0.00000 0.00251 0.00607 0.62667 0.27341 0.23077 0.50325 0.00565 0.99245 0.55602 0.41856 0.00000 0.29897 0.62791 1.00000 0.01850 0.01014
178.00000 63.00000 0.83315 0.99762 1.00000 0.06027 0.18616 0.31683 0.23997 0.14659 0.14617 0.13446 0.65005 0.29008 0.23077 0.47727 0.13407 0.99270 0.51668 0.38760 0.00000 0.30928 0.65116 1.00000 0.16145 0.16020
178.00000 64.00000 0.99978 0.99762 1.00000 0.00000 0.13356 0.30278 0.24345 0.00000 0.00314 0.00407 0.62669 0.26369 0.23077 0.49188 0.00533 0.99242 0.55493 0.40597 0.00000 0.29897 0.62791 1.00000 0.01749 0.01367
178.00000 65.00000 0.99982 0.99762 1.00000 0.00000 0.12925 0.30092 0.25005 0.00000 0.00251 0.00529 0.62684 0.26951 0.23077 0.49675 0.00567 0.99275 0.56313 0.41784 0.00000 0.28866 0.62791 1.00000 0.01951 0.01522
178.00000 66.00000 0.23818 0.29691 1.00000 0.59794 0.63163 0.70394 0.69331 0.61718 0.61606 0.59445 0.85308 0.64438 0.84615 0.77192 0.59404 0.99369 0.66670 0.15789 1.00000 0.70103 0.85412 1.00000 0.62193 0.61738
178.00000 67.00000 0.23821 0.29751 1.00000 0.59794 0.63778 0.69627 0.69182 0.61718 0.61669 0.59477 0.85299 0.65014 0.84615 0.74675 0.59402 0.99347 0.64912 0.16287 1.00000 0.72165 0.85412 1.00000 0.61689 0.61823
178.00000 68.00000 0.99987 0.99762 1.00000 0.00000 0.13136 0.30646 0.24155 0.00000 0.00314 0.00575 0.62667 0.27102 0.23077 0.49188 0.00601 0.99234 0.55070 0.41109 0.00000 0.28866 0.62791 1.00000 0.01615 0.01521
178.00000 69.00000 0.59514 0.73682 0.00000 0.23809 0.01276 0.03745 0.06485 0.29318 0.21016 0.08975 0.00106 0.01646 0.02564 0.06575 0.08869 0.00135 0.04910 0.95150 0.00000 0.06186 0.00000 0.00000 0.13185 0.14355
178.00000 70.00000 0.00003 0.00202 1.00000 1.00000 0.98467 0.92617 0.91819 1.00000 1.00000 0.95886 0.99882 0.88144 0.94872 0.93182 0.96058 0.99339 0.67360 0.08753 1.00000 0.94845 1.00000 1.00000 0.95695 0.96428
178.00000 71.00000 0.83314 0.99762 1.00000 0.06027 0.18799 0.32544 0.24820 0.14659 0.14617 0.13568 0.64998 0.30002 0.23077 0.47890 0.13339 0.99275 0.51384 0.39414 0.00000 0.31959 0.65116 1.00000 0.16044 0.15433
178.00000 72.00000 0.00001 0.00238 1.00000 1.00000 0.97962 0.94632 0.91224 1.00000 1.00000 0.96199 0.99880 0.88325 0.94872 0.93750 0.96063 0.99344 0.68348 0.09105 1.00000 0.93814 1.00000 1.00000 0.96401 0.97304
178.00000 73.00000 0.99986 0.99762 1.00000 0.00000 0.13310 0.28988 0.24405 0.00000 0.00314 0.00476 0.62669 0.27826 0.23077 0.48782 0.00516 0.99251 0.55207 0.41427 0.00000 0.29897 0.62791 1.00000 0.00841 0.01442
178.00000 74.00000 0.99979 0.99881 1.00000 0.00000 0.12980 0.28604 0.24563 0.00000 0.00251 0.00757 0.62671 0.26916 0.23077 0.49919 0.00562 0.99251 0.54392 0.41327 0.00000 0.28866 0.62791 1.00000 0.02052 0.01607
178.00000 75.00000 0.99978 0.99905 1.00000 0.00000 0.12704 0.28853 0.24318 0.00000 0.00251 0.00591 0.62662 0.26938 0.23077 0.49594 0.00535 0.99262 0.55344 0.41701 0.00000 0.29897 0.62791 1.00000 0.01110 0.01780
178.00000 76.00000 0.47617 0.83325 1.00000 0.62699 0.66413 0.67983 0.54176 0.50794 0.50125 0.45477 0.86346 0.60097 0.35897 0.69481 0.45498 0.99325 0.50283 0.36550 1.00000 0.64948 0.86469 1.00000 0.48066 0.48293
178.00000 77.00000 0.83329 0.99881 1.00000 0.06027 0.18506 0.34026 0.25450 0.14659 0.14617 0.13331 0.65000 0.29500 0.23077 0.48945 0.13305 0.99275 0.50687 0.39912 0.00000 0.31959 0.65116 1.00000 0.15573 0.15204
178.00000 78.00000 0.99995 0.99762 1.00000 0.00000 0.12612 0.30413 0.24571 0.00000 0.00251 0.00497 0.62652 0.27356 0.23077 0.49107 0.00623 0.99242 0.55311 0.41164 0.00000 0.28866 0.62791 1.00000 0.01413 0.01325
178.00000 79.00000 0.83326 0.99762 1.00000 0.06027 0.18671 0.34499 0.24595 0.14659 0.14617 0.13337 0.65003 0.29650 0.23077 0.48782 0.13354 0.99289 0.50227 0.40666 0.00000 0.32990 0.65116 1.00000 0.15170 0.16192
178.00000 80.00000 0.83319 0.99976 1.00000 0.06027 0.18441 0.33675 0.25908 0.14659 0.14617 0.13602 0.65009 0.29725 0.23077 0.47403 0.13422 0.99286 0.50607 0.39251 0.00000 0.32990 0.65116 1.00000 0.15843 0.15920
178.00000 81.00000 0.23820 0.29691 1.00000 0.59794 0.63677 0.68029 0.69910 0.61718 0.61606 0.59357 0.85295 0.64439 0.84615 0.78166 0.59495 0.99361 0.65951 0.16896 1.00000 0.69072 0.85412 1.00000 0.61823 0.62019
178.00000 82.00000 0.83319 0.99786 1.00000 0.06027 0.18258 0.33632 0.25387 0.14659 0.14617 0.13515 0.65007 0.29132 0.23077 0.48052 0.13380 0.99284 0.50614 0.39836 0.00000 0.31959 0.65116 1.00000 0.15742 0.16147
178.00000 83.00000 0.00006 0.00000 1.00000 1.00000 0.98357 0.93770 0.94663 1.00000 1.00000 0.96004 0.99884 0.87653 0.94872 0.93750 0.96043 0.99347 0.68625 0.10237 1.00000 0.90722 1.00000 1.00000 0.96535 0.96704
178.00000 84.00000 0.83320 0.99774 1.00000 0.06027 0.18662 0.34656 0.24643 0.14659 0.14617 0.13459 0.65007 0.29576 0.23077 0.48782 0.13317 0.99303 0.51427 0.38743 0.00000 0.32990 0.65116 1.00000 0.15775 0.15223
178.00000 85.00000 0.99985 0.99762 1.00000 0.00000 0.13182 0.30740 0.24631 0.00000 0.00251 0.00598 0.62673 0.27347 0.23077 0.49351 0.00530 0.99267 0.55409 0.40535 0.00000 0.28866 0.62791 1.00000 0.01547 0.01377
178.00000 86.00000 0.99986 0.99834 1.00000 0.00000 0.13126 0.29490 0.24021 0.00000 0.00251 0.00651 0.62675 0.26795 0.23077 0.51055 0.00362 0.99251 0.55109 0.41030 0.00000 0.29897 0.62791 1.00000 0.01783 0.01649
178.00000 87.00000 0.99998 0.99762 1.00000 0.00000 0.12741 0.30124 0.24114 0.00000 0.00251 0.00681 0.62679 0.26763 0.23077 0.49513 0.00455 0.99253 0.55791 0.41254 0.00000 0.30928 0.62791 1.00000 0.01884 0.01427
178.00000 88.00000 0.00006 0.00107 1.00000 1.00000 0.97916 0.94597 0.91601 1.00000 1.00000 0.95918 0.99888 0.87601 0.94872 0.94481 0.96158 0.99355 0.67242 0.11392 1.00000 0.92784 1.00000 1.00000 0.96502 0.96154
178.00000 89.00000 0.23800 0.29691 1.00000 0.59794 0.64210 0.70548 0.69490 0.61718 0.61606 0.59392 0.85295 0.64659 0.84615 0.78571 0.59458 0.99361 0.66201 0.17979 1.00000 0.70103 0.85412 1.00000 0.61789 0.62305
178.00000 90.00000 0.23820 0.29917 1.00000 0.59794 0.64008 0.71914 0.69526 0.61718 0.61606 0.59378 0.85303 0.64717 0.84615 0.75487 0.59348 0.99358 0.66235 0.16170 1.00000 0.70103 0.85412 1.00000 0.61352 0.61526
178.00000 91.00000 0.23823 0.29691 1.00000 0.59794 0.63448 0.66611 0.69843 0.61718 0.61606 0.59366 0.85301 0.65543 0.84615 0.76948 0.59375 0.99363 0.66129 0.17232 1.00000 0.68041 0.85412 1.00000 0.62025 0.61706
178.00000 92.00000 0.99996 0.99762 1.00000 0.00000 0.13154 0.29023 0.24636 0.00000 0.00314 0.00407 0.62671 0.27418 0.23077 0.48701 0.00574 0.99251 0.55974 0.42015 0.00000 0.29897 0.62791 1.00000 0.01076 0.01477
178.00000 93.00000 0.00005 0.00166 1.00000 1.00000 0.98504 0.95623 0.91274 1.00000 1.00000 0.95840 0.99894 0.87667 0.94872 0.92451 0.96073 0.99352 0.66879 0.09963 1.00000 0.96907 1.00000 1.00000 0.96502 0.96506
178.00000 94.00000 0.99986 0.99846 1.00000 0.00000 0.12603 0.30805 0.26581 0.00000 0.00251 0.00626 0.62669 0.26524 0.23077 0.51136 0.00369 0.99278 0.56414 0.42894 0.00000 0.29897 0.62791 1.00000 0.01413 0.01504
178.00000 95.00000 0.47610 0.83373 1.00000 0.62699 0.66110 0.65706 0.56051 0.50794 0.50125 0.45654 0.86358 0.60276 0.38462 0.69075 0.45545 0.99339 0.49609 0.37584 0.00000 0.63918 0.86469 1.00000 0.47965 0.48285
178.00000 96.00000 0.99999 0.99762 1.00000 0.00000 0.13136 0.31664 0.24691 0.00000 0.00314 0.00573 0.62684 0.26875 0.23077 0.50000 0.00572 0.99281 0.55808 0.42199 0.00000 0.29897 0.62791 1.00000 0.01144 0.01623
178.00000 97.00000 0.83318 0.99762 1.00000 0.06027 0.18652 0.32738 0.24991 0.14659 0.14617 0.13556 0.65015 0.29901 0.23077 0.47971 0.13351 0.99289 0.51781 0.39116 0.00000 0.31959 0.65116 1.00000 0.16112 0.16432
178.00000 98.00000 0.83317 0.99762 1.00000 0.06027 0.18873 0.32803 0.24415 0.14659 0.14617 0.13216 0.65017 0.29753 0.23077 0.49756 0.13420 0.99303 0.50725 0.38930 0.00000 0.34021 0.65116 1.00000 0.15372 0.15428
178.00000 99.00000 0.83332 0.99857 1.00000 0.06027 0.18194 0.32728 0.26110 0.14659 0.14617 0.13533 0.65038 0.29757 0.23077 0.48782 0.13529 0.99295 0.51766 0.39857 0.00000 0.32990 0.65116 1.00000 0.16044 0.16074
178.00000 100.00000 0.00002 0.00119 1.00000 1.00000 0.97935 0.93795 0.93289 1.00000 1.00000 0.96031 0.99888 0.87901 0.94872 0.93750 0.95911 0.99352 0.67259 0.08590 1.00000 0.94845 1.00000 1.00000 0.97040 0.97003
178.00000 101.00000 0.23810 0.29857 1.00000 0.59794 0.63347 0.71042 0.69401 0.61718 0.61606 0.59401 0.85297 0.65325 0.84615 0.76461 0.59458 0.99358 0.66667 0.16848 1.00000 0.70103 0.85412 1.00000 0.61689 0.61879
178.00000 102.00000 0.59525 0.73634 0.00000 0.23809 0.01496 0.05193 0.05834 0.29318 0.21079 0.09178 0.00101 0.02377 0.02564 0.08117 0.08713 0.00163 0.04951 0.95382 0.00000 0.05155 0.00000 0.00000 0.13454 0.13536
178.00000 103.00000 0.59515 0.73634 0.00000 0.23809 0.01460 0.04974 0.08121 0.29318 0.21079 0.09086 0.00120 0.02128 0.02564 0.06899 0.08735 0.00165 0.06093 0.94129 0.00000 0.05155 0.00000 0.00000 0.13421 0.13535
178.00000 104.00000 0.47610 0.83135 1.00000 0.62699 0.66229 0.67224 0.56023 0.50794 0.50125 0.45645 0.86367 0.60200 0.38462 0.69318 0.45640 0.99347 0.51278 0.38238 0.00000 0.65979 0.86469 1.00000 0.48369 0.48087
178.00000 105.00000 0.59514 0.73634 0.00000 0.23809 0.01331 0.06332 0.05154 0.29318 0.21079 0.09194 0.00114 0.02059 0.02564 0.07305 0.08915 0.00146 0.05305 0.94659 0.00000 0.06186 0.00000 0.00000 0.13488 0.14034
178.00000 106.00000 0.83322 0.99762 1.00000 0.06027 0.18744 0.34207 0.27256 0.14659 0.14617 0.13397 0.65028 0.29913 0.23077 0.48377 0.13288 0.99317 0.51336 0.40839 0.00000 0.31959 0.65116 1.00000 0.15573 0.15520
178.00000 107.00000 0.59508 0.73658 0.00000 0.23809 0.01019 0.05158 0.05440 0.29318 0.21079 0.08966 0.00108 0.02497 0.02564 0.06250 0.08864 0.00171 0.06177 0.94717 0.00000 0.05155 0.00000 0.00000 0.13656 0.14377
178.00000 108.00000 0.00005 0.00143 1.00000 1.00000 0.98623 0.92809 0.93585 1.00000 1.00000 0.95751 0.99890 0.87688 0.94872 0.94968 0.95958 0.99363 0.67793 0.09970 1.00000 0.94845 1.00000 1.00000 0.95997 0.96531
178.00000 109.00000 0.83317 0.99762 1.00000 0.06027 0.18350 0.33967 0.25390 0.14659 0.14617 0.13379 0.65024 0.30401 0.23077 0.48701 0.13302 0.99308 0.52266 0.41178 0.00000 0.35052 0.65116 1.00000 0.15708 0.15714
178.00000 110.00000 0.23800 0.29691 1.00000 0.59794 0.63549 0.70521 0.69766 0.61718 0.61606 0.59274 0.85306 0.65342 0.84615 0.77760 0.59294 0.99355 0.66316 0.18321 1.00000 0.69072 0.85412 1.00000 0.62025 0.62038
178.00000 111.00000 0.23809 0.29857 1.00000 0.59794 0.63191 0.70191 0.69847 0.61718 0.61606 0.59277 0.85287 0.65103 0.84615 0.77354 0.59248 0.99375 0.68002 0.17979 1.00000 0.71134 0.85412 1.00000 0.61823 0.61587
178.00000 112.00000 0.83323 0.99976 1.00000 0.06027 0.18928 0.33775 0.26555 0.14659 0.14617 0.13365 0.65038 0.30153 0.23077 0.48945 0.13251 0.99295 0.52670 0.40964 0.00000 0.32990 0.65116 1.00000 0.16280 0.15476
178.00000 113.00000 0.47628 0.83242 1.00000 0.62699 0.66862 0.65107 0.57555 0.50794 0.50125 0.45564 0.86354 0.60972 0.38462 0.67695 0.45586 0.99344 0.50263 0.36072 1.00000 0.68041 0.86469 1.00000 0.47864 0.47815
178.00000 114.00000 0.23816 0.29691 1.00000 0.59794 0.63833 0.69530 0.68608 0.61718 0.61669 0.59332 0.85306 0.65309 0.84615 0.79140 0.59248 0.99366 0.68435 0.18114 1.00000 0.73196 0.85412 1.00000 0.61621 0.61704
178.00000 115.00000 0.00001 0.00000 1.00000 1.00000 0.98412 0.95515 0.92787 1.00000 1.00000 0.96020 0.99897 0.88251 0.94872 0.93588 0.96148 0.99350 0.70046 0.09894 1.00000 0.93814 1.00000 1.00000 0.96401 0.96197
178.00000 116.00000 0.47613 0.83266 1.00000 0.62699 0.66541 0.65582 0.54932 0.50794 0.50125 0.45771 0.86361 0.60989 0.38462 0.69075 0.45515 0.99355 0.51920 0.36598 0.00000 0.65979 0.86469 1.00000 0.47965 0.48212
178.00000 117.00000 0.59519 0.73634 0.00000 0.23809 0.01625 0.06143 0.05719 0.29318 0.21079 0.09205 0.00114 0.02131 0.02564 0.07549 0.08747 0.00179 0.05709 0.96406 0.00000 0.05155 0.00000 0.00000 0.13555 0.13834
178.00000 118.00000 0.23811 0.29846 1.00000 0.59794 0.64182 0.70056 0.69007 0.61718 0.61669 0.59169 0.85303 0.65656 0.84615 0.77435 0.59375 0.99369 0.66499 0.17266 1.00000 0.70103 0.85412 1.00000 0.60579 0.62117
178.00000 119.00000 0.83318 0.99762 1.00000 0.06027 0.18607 0.34056 0.26250 0.14659 0.14617 0.13296 0.65028 0.30204 0.23077 0.50081 0.13432 0.99314 0.53240 0.39469 0.00000 0.32990 0.65116 1.00000 0.16112 0.16070
178.00000 120.00000 0.59522 0.73765 0.00000 0.23809 0.01515 0.06872 0.06281 0.29318 0.21079 0.08913 0.00127 0.02059 0.02564 0.06981 0.08854 0.00174 0.05569 0.94818 0.00000 0.05155 0.00000 0.00000 0.13152 0.13813
178.00000 121.00000 0.59531 0.73753 0.00000 0.23809 0.01707 0.05376 0.09026 0.29318 0.21079 0.08927 0.00127 0.02711 0.02564 0.04789 0.08896 0.00168 0.06122 0.95011 0.00000 0.05155 0.00000 0.00000 0.13084 0.13510
178.00000 122.00000 0.00003 0.00083 1.00000 1.00000 0.98440 0.94062 0.92843 1.00000 1.00000 0.96024 0.99888 0.89081 0.94872 0.94968 0.96019 0.99339 0.70027 0.10863 1.00000 0.95876 1.00000 1.00000 0.96031 0.96489
178.00000 123.00000 0.59523 0.73836 0.00000 0.23809 0.01423 0.06351 0.07220 0.29318 0.21079 0.08853 0.00131 0.01972 0.02564 0.07305 0.08889 0.00171 0.06485 0.96084 0.00000 0.06186 0.00000 0.00000 0.12984 0.13493
178.00000 124.00000 0.83326 0.99857 1.00000 0.06027 0.18175 0.32846 0.25534 0.14659 0.14617 0.13287 0.65022 0.29748 0.23077 0.49432 0.13322 0.99317 0.52500 0.40262 0.00000 0.34021 0.65116 1.00000 0.15103 0.15392
178.00000 125.00000 0.59528 0.73634 0.00000 0.23809 0.01505 0.06899 0.06069 0.29318 0.21079 0.08957 0.00127 0.02287 0.02564 0.07955 0.08693 0.00171 0.06827 0.94551 0.00000 0.05155 0.00000 0.00000 0.14194 0.14058
178.00000 126.00000 0.47610 0.83135 1.00000 0.62699 0.66908 0.67262 0.56390 0.50794 0.50125 0.45608 0.86367 0.61295 0.38462 0.69886 0.45545 0.99363 0.50963 0.36847 1.00000 0.64948 0.86469 1.00000 0.47797 0.47659
178.00000 127.00000 0.00001 0.00000 1.00000 1.00000 0.98889 0.94734 0.92783 1.00000 1.00000 0.95921 0.99899 0.88240 0.94872 0.93101 0.95848 0.99350 0.69214 0.10468 1.00000 0.94845 1.00000 1.00000 0.96065 0.96956
178.00000 128.00000 0.00006 0.00000 1.00000 1.00000 0.98651 0.96762 0.93205 1.00000 1.00000 0.95704 0.99899 0.88905 0.94872 0.94156 0.95980 0.99361 0.69099 0.10946 1.00000 0.94845 1.00000 1.00000 0.96098 0.95884
178.00000 129.00000 0.00007 0.00000 1.00000 1.00000 0.98449 0.94170 0.93299 1.00000 1.00000 0.95893 0.99905 0.88982 0.94872 0.94805 0.95897 0.99361 0.68945 0.09527 1.00000 0.94845 1.00000 1.00000 0.96334 0.96168
178.00000 130.00000 0.23804 0.29703 1.00000 0.59794 0.63980 0.70397 0.71152 0.61718 0.61669 0.59463 0.85310 0.65933 0.84615 0.79302 0.59314 0.99383 0.68728 0.18494 1.00000 0.71134 0.85412 1.00000 0.61419 0.61697
178.00000 131.00000 0.23824 0.29917 1.00000 0.59794 0.63934 0.71533 0.69415 0.61718 0.61606 0.59288 0.85312 0.65690 0.84615 0.78490 0.59326 0.99366 0.68690 0.17976 1.00000 0.70103 0.85412 1.00000 0.61487 0.61449
178.00000 132.00000 0.47605 0.83266 1.00000 0.62699 0.66550 0.65234 0.56078 0.50794 0.50125 0.45463 0.86367 0.61051 0.38462 0.70292 0.45515 0.99358 0.52985 0.36691 0.00000 0.65979 0.86469 1.00000 0.48167 0.48222
178.00000 133.00000 0.99989 0.99941 1.00000 0.00000 0.13191 0.30370 0.25164 0.00000 0.00314 0.00511 0.62700 0.28754 0.23077 0.50974 0.00420 0.99311 0.58013 0.42514 0.00000 0.29897 0.62791 1.00000 0.01413 0.01257
178.00000 134.00000 0.23820 0.29715 1.00000 0.59794 0.63934 0.70302 0.70337 0.61718 0.61669 0.59182 0.85320 0.65964 0.84615 0.77110 0.59270 0.99377 0.69539 0.17477 1.00000 0.69072 0.85412 1.00000 0.60949 0.61664
178.00000 135.00000 0.23820 0.29691 1.00000 0.59794 0.64439 0.70256 0.71087 0.61718 0.61669 0.59405 0.85322 0.66361 0.84615 0.78247 0.59174 0.99380 0.70077 0.16785 1.00000 0.70103 0.85412 1.00000 0.60881 0.61670
178.00000 136.00000 0.47617 0.83135 1.00000 0.62699 0.66312 0.67769 0.56008 0.50794 0.50125 0.45548 0.86386 0.61579 0.38462 0.70373 0.45564 0.99366 0.52021 0.38165 1.00000 0.65979 0.86469 1.00000 0.47898 0.48160
178.00000 137.00000 0.83321 0.99762 1.00000 0.06027 0.18542 0.34977 0.28911 0.14659 0.14617 0.13326 0.65055 0.30487 0.23077 0.49351 0.13366 0.99344 0.52997 0.41548 0.00000 0.34021 0.65116 1.00000 0.15607 0.15822
178.00000 138.00000 0.23801 0.29691 1.00000 0.59794 0.63549 0.71139 0.71920 0.61718 0.61669 0.59311 0.85320 0.66277 0.84615 0.77922 0.59348 0.99377 0.69226 0.18283 1.00000 0.71134 0.85412 1.00000 0.60915 0.62017
178.00000 139.00000 0.83322 0.99976 1.00000 0.06027 0.18551 0.33759 0.27467 0.14659 0.14617 0.13370 0.65053 0.30565 0.23077 0.49188 0.13371 0.99339 0.54005 0.42548 0.00000 0.35052 0.65116 1.00000 0.15439 0.15490
178.00000 140.00000 0.00001 0.00000 1.00000 1.00000 0.98752 0.94980 0.94978 1.00000 1.00000 0.95824 0.99892 0.88577 0.94872 0.95536 0.95853 0.99369 0.71729 0.09628 1.00000 0.95876 1.00000 1.00000 0.96771 0.95904
178.00000 141.00000 0.23811 0.29917 1.00000 0.59794 0.64155 0.69241 0.71757 0.61718 0.61669 0.59235 0.85318 0.66365 0.84615 0.80438 0.59262 0.99383 0.69332 0.17100 1.00000 0.72165 0.85412 1.00000 0.61285 0.61591
178.00000 142.00000 0.00001 0.00154 1.00000 1.00000 0.99009 0.93668 0.95295 1.00000 1.00000 0.95615 0.99899 0.88979 0.94872 0.96185 0.95958 0.99358 0.69897 0.11070 1.00000 0.94845 1.00000 1.00000 0.96165 0.96218
178.00000 143.00000 0.47621 0.83135 1.00000 0.62699 0.66963 0.68849 0.58292 0.50794 0.50125 0.45447 0.86386 0.61185 0.35897 0.70860 0.45388 0.99369 0.52057 0.37435 0.00000 0.68041 0.86469 1.00000 0.48301 0.47043
178.00000 144.00000 0.99990 0.99762 1.00000 0.00000 0.13365 0.29198 0.26437 0.00000 0.00314 0.00472 0.62722 0.28748 0.23077 0.52273 0.00499 0.99336 0.58913 0.43590 0.00000 0.31959 0.62791 1.00000 0.01076 0.01551
178.00000 145.00000 0.59518 0.73634 0.00000 0.23809 0.01606 0.07804 0.08599 0.29318 0.21079 0.09012 0.00152 0.03153 0.02564 0.08198 0.08722 0.00218 0.09068 0.96873 0.00000 0.08247 0.00000 0.00000 0.13824 0.13945
178.00000 146.00000 0.99996 0.99846 1.00000 0.00000 0.13475 0.30818 0.27590 0.00000 0.00314 0.00534 0.62728 0.28806 0.23077 0.51867 0.00479 0.99328 0.59920 0.43164 0.00000 0.31959 0.62791 1.00000 0.01446 0.01230
178.00000 147.00000 0.23816 0.29834 1.00000 0.59794 0.64329 0.72101 0.71120 0.61718 0.61669 0.59267 0.85316 0.66811 0.84615 0.78896 0.59326 0.99383 0.71246 0.16370 1.00000 0.70103 0.85412 1.00000 0.61722 0.61352
178.00000 148.00000 0.99980 0.99762 1.00000 0.00000 0.13319 0.30883 0.27150 0.00000 0.00314 0.00423 0.62719 0.29266 0.23077 0.51948 0.00415 0.99339 0.60673 0.43652 0.00000 0.28866 0.62791 1.00000 0.00740 0.01541
178.00000 149.00000 0.47612 0.83219 1.00000 0.62699 0.66514 0.64888 0.57053 0.50794 0.50125 0.45375 0.86388 0.62189 0.35897 0.70049 0.45479 0.99383 0.53380 0.38175 1.00000 0.65979 0.86469 1.00000 0.47494 0.47517
178.00000 150.00000 0.23817 0.29691 1.00000 0.59794 0.64384 0.72959 0.72192 0.61718 0.61669 0.59369 0.85327 0.66774 0.84615 0.79708 0.59174 0.99397 0.69005 0.18297 1.00000 0.72165 0.85412 1.00000 0.61386 0.61295
178.00000 151.00000 0.99983 0.99774 1.00000 0.00000 0.13650 0.31437 0.25822 0.00000 0.00314 0.00403 0.62728 0.29375 0.23077 0.51948 0.00567 0.99333 0.58917 0.42289 0.00000 0.32990 0.62791 1.00000 0.01009 0.01156
178.00000 152.00000 0.00003 0.00000 1.00000 1.00000 0.99027 0.94972 0.96284 1.00000 1.00000 0.95849 0.99920 0.90238 0.94872 0.98620 0.95779 0.99369 0.72835 0.11150 1.00000 0.96907 1.00000 1.00000 0.96838 0.96131
178.00000 153.00000 0.83329 0.99834 1.00000 0.06027 0.19341 0.34710 0.28178 0.14659 0.14617 0.13370 0.65078 0.32278 0.23077 0.50244 0.13395 0.99388 0.56446 0.41497 0.00000 0.34021 0.65116 1.00000 0.15506 0.15158
178.00000 154.00000 0.23802 0.29810 1.00000 0.59794 0.63943 0.72800 0.70167 0.61718 0.61669 0.59265 0.85333 0.67289 0.84615 0.79464 0.59280 0.99391 0.70625 0.18553 1.00000 0.71134 0.85412 1.00000 0.60915 0.61400
178.00000 155.00000 0.59522 0.73824 0.00000 0.23809 0.01083 0.06969 0.08409 0.29318 0.21079 0.09005 0.00173 0.03422 0.02564 0.08766 0.08928 0.00242 0.09400 0.97118 0.00000 0.08247 0.00000 0.00000 0.13454 0.14044
178.00000 156.00000 0.99992 0.99857 1.00000 0.00000 0.13953 0.32217 0.26600 0.00000 0.00314 0.00541 0.62736 0.28597 0.23077 0.52435 0.00440 0.99363 0.60088 0.43887 0.00000 0.31959 0.62791 1.00000 0.01211 0.01490
178.00000 157.00000 0.99993 0.99762 1.00000 0.00000 0.13237 0.34045 0.29040 0.00000 0.00314 0.00529 0.62749 0.29314 0.23077 0.51299 0.00577 0.99366 0.61252 0.43600 0.00000 0.31959 0.62791 1.00000 0.01345 0.00931
178.00000 158.00000 0.83325 0.99762 1.00000 0.06027 0.19277 0.36165 0.28615 0.14659 0.14617 0.13503 0.65119 0.32195 0.23077 0.52110 0.13312 0.99408 0.57092 0.41957 0.00000 0.35052 0.65116 1.00000 0.15170 0.15213
178.00000 159.00000 0.59508 0.73682 0.00000 0.23809 0.01863 0.07931 0.09665 0.29318 0.21079 0.08925 0.00175 0.03798 0.02564 0.08766 0.08835 0.00242 0.10758 0.97935 0.00000 0.09278 0.00000 0.00000 0.13185 0.13236
178.00000 160.00000 0.23811 0.29798 1.00000 0.59794 0.64063 0.71042 0.73328 0.61718 0.61669 0.59334 0.85329 0.67163 0.84615 0.81250 0.59294 0.99402 0.73679 0.19473 1.00000 0.72165 0.85412 1.00000 0.61352 0.61110
178.00000 161.00000 0.23806 0.29691 1.00000 0.59794 0.63971 0.72419 0.73674 0.61718 0.61669 0.59120 0.85339 0.67168 0.84615 0.79627 0.59179 0.99410 0.72523 0.18387 1.00000 0.70103 0.85412 1.00000 0.61049 0.61079
178.00000 162.00000 0.47620 0.83135 1.00000 0.62699 0.67074 0.68552 0.58194 0.50794 0.50125 0.45371 0.86405 0.62706 0.35897 0.72159 0.45401 0.99405 0.55440 0.39628 1.00000 0.69072 0.86469 1.00000 0.46956 0.47465
178.00000 163.00000 0.99991 0.99762 1.00000 0.00000 0.13833 0.32714 0.27604 0.00000 0.00314 0.00564 0.62774 0.29960 0.23077 0.54545 0.00469 0.99394 0.63368 0.43638 0.00000 0.32990 0.62791 1.00000 0.00706 0.01226
178.00000 164.00000 0.99990 0.99952 1.00000 0.00000 0.13099 0.34758 0.28714 0.00000 0.00314 0.00534 0.62757 0.29305 0.23077 0.53003 0.00393 0.99375 0.61695 0.44503 0.00000 0.31959 0.62791 1.00000 0.01749 0.01088
178.00000 165.00000 0.59517 0.73634 0.00000 0.23809 0.01974 0.07445 0.09785 0.29318 0.21079 0.08918 0.00200 0.04270 0.02564 0.09578 0.08791 0.00278 0.11581 0.97554 0.00000 0.08247 0.00000 0.00000 0.13589 0.12903
178.00000 166.00000 0.59511 0.73646 0.00000 0.23809 0.01524 0.09527 0.10460 0.29318 0.21079 0.08984 0.00194 0.03859 0.02564 0.07955 0.08732 0.00278 0.11359 0.98689 0.00000 0.08247 0.00000 0.00000 0.13454 0.12882
178.00000 167.00000 0.23803 0.29691 1.00000 0.59794 0.64843 0.73459 0.74750 0.61718 0.61669 0.59143 0.85346 0.67747 0.84615 0.80601 0.59162 0.99410 0.74076 0.20235 1.00000 0.72165 0.85412 1.00000 0.61016 0.61702
178.00000 168.00000 0.00004 0.00000 1.00000 1.00000 0.99045 0.98188 0.97992 1.00000 1.00000 0.95412 0.99913 0.91269 0.94872 0.96834 0.95555 0.99372 0.74110 0.12482 1.00000 0.96907 1.00000 1.00000 0.94585 0.95934
178.00000 169.00000 0.99991 0.99762 1.00000 0.00000 0.13824 0.35479 0.29518 0.00000 0.00314 0.00419 0.62781 0.29712 0.23077 0.55682 0.00418 0.99405 0.63448 0.43690 0.00000 0.32990 0.62791 1.00000 0.01278 0.01126
178.00000 170.00000 0.99992 0.99976 1.00000 0.00000 0.13842 0.30789 0.30160 0.00000 0.00314 0.00285 0.62783 0.30671 0.23077 0.53490 0.00640 0.99405 0.61591 0.43676 0.00000 0.32990 0.62791 1.00000 0.01043 0.01524
