105.00000 1.00000 0.00005 0.00166 1.00000 1.00000 0.97569 0.92317 0.89929 1.00000 1.00000 0.99623 0.99926 0.87658 1.00000 0.89414 0.99703 0.99319 0.70698 0.01461 1.00000 0.91667 1.00000 1.00000 0.98663 0.99079
105.00000 2.00000 0.59520 0.73694 0.00000 0.23809 0.00440 0.04695 0.04682 0.29318 0.20881 0.09133 0.00158 0.02800 0.02703 0.03176 0.08875 0.00231 0.08097 0.92033 0.00000 0.02083 0.00000 0.00000 0.14575 0.14067
105.00000 3.00000 0.83313 0.99964 1.00000 0.06027 0.18359 0.32591 0.24842 0.14659 0.14403 0.13851 0.65111 0.30003 0.24324 0.43811 0.13707 0.99374 0.54537 0.34487 0.00000 0.30208 0.65116 1.00000 0.16221 0.16598
105.00000 4.00000 0.99985 0.99762 1.00000 0.00000 0.13056 0.29958 0.23579 0.00000 0.00063 0.00279 0.62772 0.28124 0.24324 0.46906 0.00482 0.99369 0.58454 0.38053 0.00000 0.29167 0.62791 1.00000 0.02058 0.01760
105.00000 5.00000 0.23813 0.29691 1.00000 0.59794 0.63079 0.68100 0.66483 0.61718 0.61509 0.61770 0.85305 0.65133 0.89189 0.73453 0.61651 0.99325 0.69034 0.09395 1.00000 0.67708 0.85412 1.00000 0.63306 0.63622
105.00000 6.00000 0.00005 0.00214 1.00000 1.00000 0.98624 0.91762 0.92168 1.00000 1.00000 0.99728 0.99920 0.88616 1.00000 0.91124 0.99764 0.99311 0.71505 0.03339 1.00000 0.93750 1.00000 1.00000 0.98628 0.98464
105.00000 7.00000 0.00000 0.00071 1.00000 1.00000 0.98119 0.93767 0.90519 1.00000 1.00000 0.99792 0.99920 0.87734 1.00000 0.89007 0.99739 0.99328 0.71557 0.02541 1.00000 0.90625 1.00000 1.00000 0.99451 0.99693
105.00000 8.00000 0.23803 0.29691 1.00000 0.59794 0.63510 0.67888 0.67816 0.61718 0.61509 0.61548 0.85311 0.65339 0.89189 0.72150 0.61689 0.99336 0.70174 0.09589 1.00000 0.69792 0.85412 1.00000 0.63855 0.62838
105.00000 9.00000 0.00006 0.00000 1.00000 1.00000 0.98073 0.93016 0.88646 1.00000 1.00000 0.99709 0.99924 0.88056 1.00000 0.90961 0.99688 0.99328 0.71357 0.02146 1.00000 0.93750 1.00000 1.00000 0.99005 0.98159
105.00000 10.00000 0.23801 0.29691 1.00000 0.59794 0.63832 0.69638 0.67884 0.61718 0.61509 0.61718 0.85319 0.65293 0.89189 0.74186 0.61618 0.99339 0.70003 0.10724 1.00000 0.69792 0.85412 1.00000 0.63409 0.63119
105.00000 11.00000 0.00003 0.00000 1.00000 1.00000 0.97761 0.91123 0.91044 1.00000 1.00000 0.99558 0.99922 0.87792 1.00000 0.90635 0.99721 0.99333 0.72495 0.02336 1.00000 0.93750 1.00000 1.00000 0.98491 0.98532
105.00000 12.00000 0.00000 0.00024 1.00000 1.00000 0.98293 0.94151 0.89652 1.00000 1.00000 0.99439 0.99916 0.87970 1.00000 0.90147 0.99673 0.99319 0.73506 0.01124 1.00000 0.93750 1.00000 1.00000 0.98765 0.99117
105.00000 13.00000 0.83333 0.99952 1.00000 0.06027 0.18277 0.31627 0.24022 0.14659 0.14403 0.13713 0.65094 0.30446 0.24324 0.44055 0.13720 0.99385 0.55048 0.34326 0.00000 0.31250 0.65116 1.00000 0.16872 0.17323
105.00000 14.00000 0.47614 0.83135 1.00000 0.62699 0.65749 0.64218 0.52573 0.50794 0.49937 0.47296 0.86403 0.60854 0.40541 0.65635 0.47310 0.99339 0.51359 0.31393 0.00000 0.63542 0.86469 1.00000 0.49246 0.49680
105.00000 15.00000 0.00005 0.00000 1.00000 1.00000 0.97945 0.92150 0.91207 1.00000 1.00000 0.99618 0.99920 0.88033 1.00000 0.90554 0.99746 0.99322 0.70769 0.01560 1.00000 0.91667 1.00000 1.00000 0.98800 0.99176
105.00000 16.00000 0.23801 0.29846 1.00000 0.59794 0.63254 0.68964 0.69559 0.61718 0.61509 0.61517 0.85313 0.65413 0.89189 0.71743 0.61565 0.99333 0.69931 0.10285 1.00000 0.67708 0.85412 1.00000 0.63615 0.64192
105.00000 17.00000 0.99984 0.99846 1.00000 0.00000 0.12919 0.29021 0.24034 0.00000 0.00063 0.00530 0.62766 0.28244 0.24324 0.46254 0.00380 0.99366 0.57119 0.35563 0.00000 0.28125 0.62791 1.00000 0.01235 0.02073
105.00000 18.00000 0.99987 0.99762 1.00000 0.00000 0.12203 0.28246 0.22657 0.00000 0.00000 0.00654 0.62778 0.28570 0.24324 0.46336 0.00507 0.99366 0.58283 0.37496 0.00000 0.28125 0.62791 1.00000 0.01543 0.02383
105.00000 19.00000 0.23816 0.29691 1.00000 0.59794 0.64033 0.68788 0.67578 0.61718 0.61509 0.61455 0.85319 0.65252 0.89189 0.73453 0.61730 0.99339 0.70769 0.09820 1.00000 0.67708 0.85412 1.00000 0.63580 0.64090
105.00000 20.00000 0.47621 0.83254 1.00000 0.62699 0.65657 0.64155 0.51752 0.50794 0.49937 0.47210 0.86396 0.60869 0.40541 0.64007 0.47280 0.99352 0.53197 0.31353 0.00000 0.63542 0.86469 1.00000 0.49005 0.49406
105.00000 21.00000 0.83321 0.99834 1.00000 0.06027 0.18561 0.30611 0.23995 0.14659 0.14403 0.13870 0.65113 0.30062 0.24324 0.46010 0.13705 0.99377 0.53982 0.34860 0.00000 0.31250 0.65116 1.00000 0.16564 0.16992
105.00000 22.00000 0.99995 0.99762 1.00000 0.00000 0.12460 0.26618 0.24428 0.00000 0.00000 0.00360 0.62791 0.27939 0.24324 0.45765 0.00431 0.99377 0.58835 0.37332 0.00000 0.27083 0.62791 1.00000 0.00926 0.02327
105.00000 23.00000 0.59513 0.73634 0.00000 0.23809 0.01037 0.02316 0.03026 0.29318 0.20881 0.09176 0.00167 0.02106 0.02703 0.02932 0.08883 0.00215 0.08359 0.92586 0.00000 0.04167 0.00000 0.00000 0.14198 0.14672
105.00000 24.00000 0.99979 0.99762 1.00000 0.00000 0.12753 0.30297 0.23586 0.00000 0.00063 0.00611 0.62789 0.28147 0.24324 0.45684 0.00375 0.99366 0.58176 0.37009 0.00000 0.28125 0.62791 1.00000 0.01543 0.02210
105.00000 25.00000 0.47612 0.83135 1.00000 0.62699 0.65116 0.64226 0.54246 0.50794 0.49937 0.47303 0.86400 0.60924 0.40541 0.64821 0.47183 0.99352 0.52773 0.31290 0.00000 0.63542 0.86469 1.00000 0.49348 0.49527
105.00000 26.00000 0.23810 0.29893 1.00000 0.59794 0.63529 0.68064 0.67942 0.61718 0.61509 0.61546 0.85324 0.65574 0.89189 0.73127 0.61656 0.99339 0.68272 0.10281 1.00000 0.68750 0.85412 1.00000 0.63443 0.63138
105.00000 27.00000 0.23820 0.29691 1.00000 0.59794 0.63254 0.68720 0.66769 0.61718 0.61509 0.61615 0.85326 0.65208 0.89189 0.72720 0.61512 0.99350 0.70215 0.10116 1.00000 0.67708 0.85412 1.00000 0.62689 0.63265
105.00000 28.00000 0.83334 0.99798 1.00000 0.06027 0.18167 0.31960 0.24532 0.14659 0.14403 0.13847 0.65099 0.30511 0.24324 0.44137 0.13616 0.99385 0.54677 0.35105 0.00000 0.32292 0.65116 1.00000 0.16152 0.16375
105.00000 29.00000 0.99997 0.99988 1.00000 0.00000 0.12900 0.28287 0.23697 0.00000 0.00000 0.00515 0.62801 0.28214 0.24324 0.46661 0.00393 0.99385 0.57331 0.37119 0.00000 0.29167 0.62791 1.00000 0.02126 0.02182
105.00000 30.00000 0.47626 0.83242 1.00000 0.62699 0.65740 0.64494 0.52681 0.50794 0.49937 0.47406 0.86403 0.60943 0.40541 0.64902 0.47363 0.99361 0.51633 0.31744 0.00000 0.63542 0.86469 1.00000 0.49040 0.50003
105.00000 31.00000 0.23802 0.29857 1.00000 0.59794 0.63538 0.68525 0.67484 0.61718 0.61509 0.61668 0.85322 0.65094 0.89189 0.72801 0.61601 0.99336 0.70179 0.09564 1.00000 0.67708 0.85412 1.00000 0.62791 0.63278
105.00000 32.00000 0.47615 0.83242 1.00000 0.62699 0.66061 0.65380 0.54191 0.50794 0.49937 0.47224 0.86398 0.60626 0.40541 0.65798 0.47107 0.99344 0.52504 0.32733 0.00000 0.64583 0.86469 1.00000 0.49726 0.49929
105.00000 33.00000 0.23814 0.29691 1.00000 0.59794 0.63309 0.67552 0.66935 0.61718 0.61509 0.61558 0.85305 0.65233 0.89189 0.72801 0.61735 0.99330 0.69705 0.10442 1.00000 0.66667 0.85412 1.00000 0.62517 0.63374
105.00000 34.00000 0.59516 0.73634 0.00000 0.23809 0.01569 0.04342 0.04073 0.29318 0.20881 0.09303 0.00156 0.02681 0.02703 0.03013 0.08984 0.00218 0.08923 0.94435 0.00000 0.05208 0.00000 0.00000 0.13649 0.14070
105.00000 35.00000 0.23816 0.29691 1.00000 0.59794 0.63198 0.69229 0.66476 0.61718 0.61509 0.61627 0.85319 0.65152 0.89189 0.73453 0.61575 0.99330 0.68756 0.09252 1.00000 0.68750 0.85412 1.00000 0.63409 0.63821
105.00000 36.00000 0.99982 0.99822 1.00000 0.00000 0.13203 0.28268 0.23675 0.00000 0.00000 0.00654 0.62780 0.27735 0.24324 0.47313 0.00568 0.99374 0.57326 0.36219 0.00000 0.28125 0.62791 1.00000 0.01337 0.01297
105.00000 37.00000 0.59509 0.73634 0.00000 0.23809 0.01083 0.05093 0.05481 0.29318 0.20881 0.09233 0.00154 0.02946 0.02703 0.02850 0.09040 0.00223 0.09297 0.93585 0.00000 0.04167 0.00000 0.00000 0.13820 0.14505
105.00000 38.00000 0.00007 0.00131 1.00000 1.00000 0.97477 0.94796 0.90158 1.00000 1.00000 0.99556 0.99909 0.87841 1.00000 0.90147 0.99533 0.99317 0.71307 0.01384 1.00000 0.93750 1.00000 1.00000 0.98594 0.98999
105.00000 39.00000 0.47625 0.83302 1.00000 0.62699 0.65382 0.64378 0.52486 0.50794 0.50000 0.47451 0.86394 0.60772 0.40541 0.65147 0.47135 0.99339 0.51635 0.32630 0.00000 0.65625 0.86469 1.00000 0.49314 0.49483
105.00000 40.00000 0.99984 0.99762 1.00000 0.00000 0.12717 0.28116 0.23997 0.00000 0.00063 0.00344 0.62791 0.27911 0.24324 0.45928 0.00431 0.99388 0.57614 0.37284 0.00000 0.29167 0.62791 1.00000 0.02229 0.02310
105.00000 41.00000 0.47619 0.83278 1.00000 0.62699 0.65593 0.63589 0.54638 0.50794 0.49937 0.47351 0.86405 0.60812 0.40541 0.64169 0.47242 0.99336 0.52585 0.31400 0.00000 0.64583 0.86469 1.00000 0.49348 0.49537
105.00000 42.00000 0.99982 0.99762 1.00000 0.00000 0.13010 0.28956 0.23092 0.00000 0.00000 0.00439 0.62789 0.28536 0.24324 0.45684 0.00497 0.99361 0.58685 0.36486 0.00000 0.27083 0.62791 1.00000 0.01818 0.01683
105.00000 43.00000 0.23809 0.29691 1.00000 0.59794 0.63584 0.70148 0.66755 0.61718 0.61509 0.61529 0.85307 0.65596 0.89189 0.74104 0.61720 0.99325 0.69284 0.10047 1.00000 0.69792 0.85412 1.00000 0.63100 0.63606
105.00000 44.00000 0.47616 0.83135 1.00000 0.62699 0.65942 0.65131 0.51312 0.50794 0.49937 0.47547 0.86407 0.60915 0.40541 0.64984 0.47204 0.99352 0.53089 0.31858 0.00000 0.63542 0.86469 1.00000 0.49726 0.50081
105.00000 45.00000 0.99987 0.99881 1.00000 0.00000 0.12818 0.29668 0.22958 0.00000 0.00000 0.00341 0.62770 0.28276 0.24324 0.46580 0.00373 0.99366 0.56693 0.37928 0.00000 0.27083 0.62791 1.00000 0.01852 0.02480
105.00000 46.00000 0.23806 0.29691 1.00000 0.59794 0.63042 0.70156 0.67624 0.61718 0.61509 0.61646 0.85319 0.65409 0.89189 0.73941 0.61578 0.99336 0.68684 0.11570 1.00000 0.67708 0.85412 1.00000 0.63340 0.63864
105.00000 47.00000 0.59522 0.73634 0.00000 0.23809 0.00798 0.04459 0.03541 0.29318 0.20881 0.09374 0.00167 0.02391 0.02703 0.03257 0.09101 0.00220 0.07914 0.94277 0.00000 0.02083 0.00000 0.00000 0.14643 0.14774
105.00000 48.00000 0.83327 0.99988 1.00000 0.06027 0.18598 0.31895 0.23860 0.14659 0.14403 0.13839 0.65113 0.30532 0.24324 0.43811 0.13857 0.99385 0.54815 0.34311 0.00000 0.31250 0.65116 1.00000 0.16324 0.16711
105.00000 49.00000 0.99977 0.99762 1.00000 0.00000 0.13203 0.29232 0.23701 0.00000 0.00063 0.00609 0.62785 0.27730 0.24324 0.45684 0.00457 0.99388 0.59230 0.34110 0.00000 0.28125 0.62791 1.00000 0.01132 0.01555
105.00000 50.00000 0.00003 0.00000 1.00000 1.00000 0.98358 0.91367 0.89982 1.00000 1.00000 0.99601 0.99918 0.88535 1.00000 0.90391 0.99612 0.99325 0.71448 0.02292 1.00000 0.91667 1.00000 1.00000 0.98903 0.98579
105.00000 51.00000 0.99984 0.99988 1.00000 0.00000 0.12753 0.28560 0.20970 0.00000 0.00063 0.00515 0.62793 0.27930 0.24324 0.45765 0.00446 0.99383 0.58978 0.37562 0.00000 0.30208 0.62791 1.00000 0.01372 0.02447
105.00000 52.00000 0.00001 0.00000 1.00000 1.00000 0.97743 0.91508 0.93114 1.00000 1.00000 0.99685 0.99930 0.87629 1.00000 0.90228 0.99678 0.99328 0.70888 0.03379 1.00000 0.92708 1.00000 1.00000 0.98663 0.98844
105.00000 53.00000 0.99992 0.99762 1.00000 0.00000 0.12689 0.29579 0.23677 0.00000 0.00000 0.00401 0.62780 0.27958 0.24324 0.46987 0.00386 0.99374 0.58442 0.37800 0.00000 0.29167 0.62791 1.00000 0.01235 0.01937
105.00000 54.00000 0.23803 0.29917 1.00000 0.59794 0.63538 0.69663 0.68156 0.61718 0.61509 0.61572 0.85324 0.65074 0.89189 0.73697 0.61476 0.99336 0.69101 0.11610 1.00000 0.66667 0.85412 1.00000 0.63340 0.63891
105.00000 55.00000 0.59513 0.73729 0.00000 0.23809 0.00844 0.03142 0.05904 0.29318 0.20881 0.09358 0.00160 0.02585 0.02703 0.02687 0.08984 0.00229 0.07576 0.94599 0.00000 0.05208 0.00000 0.00000 0.14609 0.14654
105.00000 56.00000 0.99987 0.99762 1.00000 0.00000 0.12552 0.28609 0.25054 0.00000 0.00000 0.00501 0.62791 0.28193 0.24324 0.46498 0.00373 0.99388 0.58978 0.36738 0.00000 0.28125 0.62791 1.00000 0.01578 0.01699
105.00000 57.00000 0.99976 0.99917 1.00000 0.00000 0.12643 0.28953 0.23381 0.00000 0.00063 0.00539 0.62787 0.28207 0.24324 0.46824 0.00370 0.99388 0.59195 0.36380 0.00000 0.28125 0.62791 1.00000 0.01818 0.02383
105.00000 58.00000 0.47607 0.83147 1.00000 0.62699 0.66043 0.65044 0.52893 0.50794 0.49937 0.47432 0.86409 0.60414 0.40541 0.64495 0.47226 0.99350 0.53580 0.31407 0.00000 0.64583 0.86469 1.00000 0.49691 0.49421
105.00000 59.00000 0.99995 0.99762 1.00000 0.00000 0.13377 0.27179 0.24604 0.00000 0.00000 0.00332 0.62778 0.28464 0.24324 0.45765 0.00429 0.99380 0.58071 0.36636 0.00000 0.29167 0.62791 1.00000 0.01543 0.01565
105.00000 60.00000 0.83315 0.99762 1.00000 0.06027 0.18268 0.34059 0.23514 0.14659 0.14403 0.13830 0.65115 0.30459 0.24324 0.44951 0.13608 0.99385 0.54737 0.34919 0.00000 0.32292 0.65116 1.00000 0.15844 0.16802
105.00000 61.00000 0.83326 0.99762 1.00000 0.06027 0.18158 0.30451 0.23795 0.14659 0.14403 0.13978 0.65115 0.30720 0.24324 0.44951 0.13755 0.99380 0.54534 0.34399 0.00000 0.31250 0.65116 1.00000 0.15432 0.16557
105.00000 62.00000 0.83323 0.99762 1.00000 0.06027 0.17662 0.32827 0.25923 0.14659 0.14403 0.13942 0.65122 0.29704 0.24324 0.45114 0.13560 0.99372 0.54132 0.35490 0.00000 0.33333 0.65116 1.00000 0.16221 0.17864
105.00000 63.00000 0.47621 0.83135 1.00000 0.62699 0.66116 0.63522 0.53637 0.50794 0.49937 0.47256 0.86411 0.60692 0.40541 0.64414 0.47186 0.99361 0.53439 0.31093 0.00000 0.63542 0.86469 1.00000 0.49280 0.50158
105.00000 64.00000 0.00005 0.00214 1.00000 1.00000 0.98000 0.91602 0.91720 1.00000 1.00000 0.99747 0.99918 0.88201 1.00000 0.90228 0.99886 0.99317 0.71893 0.03511 1.00000 0.91667 1.00000 1.00000 0.99143 0.98949
105.00000 65.00000 0.47611 0.83349 1.00000 0.62699 0.65795 0.62915 0.52123 0.50794 0.49937 0.47349 0.86394 0.60785 0.40541 0.65065 0.47112 0.99352 0.51804 0.31089 0.00000 0.62500 0.86469 1.00000 0.49794 0.49531
105.00000 66.00000 0.23807 0.29703 1.00000 0.59794 0.63400 0.69153 0.68088 0.61718 0.61509 0.61637 0.85330 0.65789 0.89189 0.72231 0.61557 0.99333 0.70234 0.11662 1.00000 0.67708 0.85412 1.00000 0.63272 0.63336
105.00000 67.00000 0.99994 0.99774 1.00000 0.00000 0.13084 0.29427 0.22621 0.00000 0.00063 0.00520 0.62782 0.27909 0.24324 0.46498 0.00462 0.99388 0.60049 0.36380 0.00000 0.28125 0.62791 1.00000 0.01920 0.02307
105.00000 68.00000 0.47607 0.83314 1.00000 0.62699 0.65483 0.64846 0.52236 0.50794 0.50000 0.47198 0.86400 0.60919 0.40541 0.66612 0.47193 0.99363 0.53389 0.32480 0.00000 0.64583 0.86469 1.00000 0.48937 0.49580
105.00000 69.00000 0.23809 0.29691 1.00000 0.59794 0.63776 0.69833 0.70686 0.61718 0.61509 0.61649 0.85324 0.66035 0.89189 0.73534 0.61593 0.99336 0.69065 0.11435 1.00000 0.68750 0.85412 1.00000 0.63374 0.63380
105.00000 70.00000 0.59529 0.73741 0.00000 0.23809 0.01248 0.03402 0.04879 0.29318 0.20818 0.09272 0.00148 0.02430 0.02703 0.03827 0.09114 0.00234 0.09723 0.92040 0.00000 0.05208 0.00000 0.00000 0.14232 0.15089
105.00000 71.00000 0.47609 0.83135 1.00000 0.62699 0.65538 0.64616 0.52816 0.50794 0.49937 0.47282 0.86403 0.60756 0.37838 0.64739 0.47254 0.99352 0.53399 0.31653 0.00000 0.64583 0.86469 1.00000 0.48834 0.49740
105.00000 72.00000 0.23810 0.29691 1.00000 0.59794 0.63455 0.69646 0.68613 0.61718 0.61509 0.61558 0.85322 0.65863 0.89189 0.72394 0.61494 0.99330 0.71617 0.12449 1.00000 0.66667 0.85412 1.00000 0.63340 0.63970
105.00000 73.00000 0.47611 0.83349 1.00000 0.62699 0.65318 0.63638 0.53755 0.50794 0.50000 0.47069 0.86405 0.60728 0.40541 0.65228 0.47277 0.99350 0.53808 0.31799 0.00000 0.63542 0.86469 1.00000 0.49691 0.49869
105.00000 74.00000 0.99980 0.99941 1.00000 0.00000 0.13020 0.31042 0.24274 0.00000 0.00063 0.00391 0.62793 0.28388 0.24324 0.46906 0.00365 0.99396 0.59242 0.37225 0.00000 0.28125 0.62791 1.00000 0.01200 0.01776
105.00000 75.00000 0.99999 0.99834 1.00000 0.00000 0.12827 0.29641 0.23851 0.00000 0.00063 0.00434 0.62789 0.27508 0.24324 0.47150 0.00588 0.99391 0.60358 0.36823 0.00000 0.28125 0.62791 1.00000 0.01543 0.02140
105.00000 76.00000 0.23819 0.29691 1.00000 0.59794 0.62813 0.70026 0.67111 0.61718 0.61509 0.61639 0.85324 0.65882 0.89189 0.74023 0.61748 0.99339 0.69967 0.10834 1.00000 0.67708 0.85412 1.00000 0.63512 0.63445
105.00000 77.00000 0.83324 0.99762 1.00000 0.06027 0.18433 0.31432 0.24809 0.14659 0.14403 0.13863 0.65111 0.30880 0.24324 0.45033 0.13816 0.99377 0.55253 0.34747 0.00000 0.31250 0.65116 1.00000 0.16015 0.16965
105.00000 78.00000 0.83335 0.99893 1.00000 0.06027 0.18277 0.33742 0.25738 0.14659 0.14403 0.13787 0.65101 0.30624 0.24324 0.45195 0.13758 0.99377 0.53911 0.33970 0.00000 0.32292 0.65116 1.00000 0.15672 0.16686
105.00000 79.00000 0.83314 0.99881 1.00000 0.06027 0.18038 0.32263 0.24681 0.14659 0.14403 0.13901 0.65109 0.30311 0.24324 0.44951 0.13874 0.99394 0.54722 0.35420 0.00000 0.32292 0.65116 1.00000 0.16015 0.16315
105.00000 80.00000 0.23821 0.29846 1.00000 0.59794 0.63143 0.68333 0.68206 0.61718 0.61509 0.61577 0.85313 0.65979 0.89189 0.74430 0.61623 0.99339 0.70093 0.10973 1.00000 0.68750 0.85412 1.00000 0.63512 0.63525
105.00000 81.00000 0.83313 0.99929 1.00000 0.06027 0.18378 0.32437 0.25487 0.14659 0.14403 0.13782 0.65124 0.31345 0.24324 0.46091 0.13770 0.99408 0.55746 0.35666 0.00000 0.29167 0.65116 1.00000 0.16324 0.16457
105.00000 82.00000 0.47615 0.83290 1.00000 0.62699 0.65538 0.62844 0.53254 0.50794 0.49937 0.47131 0.86409 0.60439 0.40541 0.64821 0.47117 0.99361 0.54687 0.32597 0.00000 0.64583 0.86469 1.00000 0.48697 0.49837
105.00000 83.00000 0.00007 0.00095 1.00000 1.00000 0.97339 0.93637 0.91239 1.00000 1.00000 0.99609 0.99932 0.87759 1.00000 0.90228 0.99683 0.99308 0.71538 0.03127 1.00000 0.93750 1.00000 1.00000 0.98903 0.98578
105.00000 84.00000 0.23800 0.29691 1.00000 0.59794 0.63657 0.67631 0.68363 0.61718 0.61509 0.61525 0.85322 0.65688 0.89189 0.72964 0.61720 0.99336 0.70505 0.09952 1.00000 0.68750 0.85412 1.00000 0.63786 0.63947
105.00000 85.00000 0.59512 0.73717 0.00000 0.23809 0.01174 0.04619 0.04039 0.29318 0.20881 0.09324 0.00165 0.02910 0.02703 0.03013 0.09101 0.00240 0.08673 0.93904 0.00000 0.03125 0.00000 0.00000 0.14300 0.14495
105.00000 86.00000 0.83313 0.99905 1.00000 0.06027 0.18167 0.35056 0.24125 0.14659 0.14403 0.13684 0.65113 0.30623 0.24324 0.44951 0.13765 0.99380 0.55408 0.33659 0.00000 0.31250 0.65116 1.00000 0.15741 0.17057
105.00000 87.00000 0.00004 0.00000 1.00000 1.00000 0.97926 0.92244 0.88762 1.00000 1.00000 0.99508 0.99928 0.87362 1.00000 0.89821 0.99708 0.99319 0.70067 0.02827 1.00000 0.94792 1.00000 1.00000 0.98560 0.98392
105.00000 88.00000 0.47626 0.83135 1.00000 0.62699 0.65960 0.65437 0.53967 0.50794 0.50000 0.47275 0.86405 0.60451 0.40541 0.66368 0.47313 0.99358 0.53118 0.32290 0.00000 0.64583 0.86469 1.00000 0.49554 0.49166
105.00000 89.00000 0.99995 0.99881 1.00000 0.00000 0.13130 0.30313 0.21540 0.00000 0.00000 0.00358 0.62776 0.28235 0.24324 0.46498 0.00406 0.99369 0.60218 0.37690 0.00000 0.27083 0.62791 1.00000 0.01406 0.01982
105.00000 90.00000 0.23821 0.29810 1.00000 0.59794 0.63492 0.70397 0.68741 0.61718 0.61509 0.61684 0.85319 0.66191 0.89189 0.73371 0.61618 0.99336 0.70857 0.11954 1.00000 0.67708 0.85412 1.00000 0.63306 0.63921
105.00000 91.00000 0.23813 0.29691 1.00000 0.59794 0.63162 0.67983 0.67063 0.61718 0.61509 0.61570 0.85313 0.66110 0.89189 0.73697 0.61623 0.99350 0.70427 0.11694 1.00000 0.67708 0.85412 1.00000 0.63409 0.63797
105.00000 92.00000 0.47610 0.83135 1.00000 0.62699 0.65878 0.63210 0.54027 0.50794 0.49937 0.47423 0.86409 0.61204 0.40541 0.65472 0.47226 0.99355 0.52690 0.32502 0.00000 0.63542 0.86469 1.00000 0.49554 0.49742
105.00000 93.00000 0.99994 0.99988 1.00000 0.00000 0.12625 0.27750 0.24050 0.00000 0.00063 0.00420 0.62791 0.28029 0.24324 0.45928 0.00279 0.99394 0.60611 0.36878 0.00000 0.29167 0.62791 1.00000 0.01612 0.01317
105.00000 94.00000 0.23824 0.29691 1.00000 0.59794 0.63428 0.70752 0.67133 0.61718 0.61509 0.61715 0.85322 0.65415 0.89189 0.74593 0.61403 0.99339 0.69079 0.11790 1.00000 0.68750 0.85412 1.00000 0.62963 0.63160
105.00000 95.00000 0.00005 0.00048 1.00000 1.00000 0.97853 0.92916 0.91775 1.00000 1.00000 0.99554 0.99920 0.87847 1.00000 0.91205 0.99670 0.99311 0.72445 0.02541 1.00000 0.91667 1.00000 1.00000 0.98800 0.98609
105.00000 96.00000 0.83318 0.99762 1.00000 0.06027 0.18396 0.31386 0.25531 0.14659 0.14403 0.13787 0.65115 0.30325 0.24324 0.45603 0.13730 0.99380 0.56236 0.35124 0.00000 0.31250 0.65116 1.00000 0.16152 0.16804
105.00000 97.00000 0.59520 0.73634 0.00000 0.23809 0.01083 0.04502 0.04121 0.29318 0.20881 0.09100 0.00163 0.02574 0.02703 0.02036 0.09119 0.00223 0.09571 0.93391 0.00000 0.04167 0.00000 0.00000 0.14369 0.14727
105.00000 98.00000 0.47611 0.83159 1.00000 0.62699 0.65914 0.64123 0.53351 0.50794 0.50000 0.47406 0.86403 0.60890 0.40541 0.66612 0.47300 0.99363 0.52899 0.31532 0.00000 0.65625 0.86469 1.00000 0.49520 0.49688
105.00000 99.00000 0.00005 0.00059 1.00000 1.00000 0.98202 0.92916 0.91523 1.00000 1.00000 0.99551 0.99916 0.88001 1.00000 0.91368 0.99594 0.99322 0.72102 0.02479 1.00000 0.93750 1.00000 1.00000 0.98731 0.98551
105.00000 100.00000 0.47621 0.83290 1.00000 0.62699 0.65979 0.64234 0.53411 0.50794 0.50000 0.47332 0.86405 0.60854 0.37838 0.64495 0.47257 0.99355 0.53054 0.31232 0.00000 0.64583 0.86469 1.00000 0.49108 0.49530
105.00000 101.00000 0.99988 0.99774 1.00000 0.00000 0.13579 0.29628 0.24397 0.00000 0.00063 0.00578 0.62791 0.28370 0.24324 0.46661 0.00294 0.99383 0.58726 0.36442 0.00000 0.27083 0.62791 1.00000 0.01337 0.01751
105.00000 102.00000 0.00004 0.00095 1.00000 1.00000 0.97954 0.93396 0.90249 1.00000 1.00000 0.99647 0.99928 0.88249 1.00000 0.89007 0.99718 0.99319 0.72062 0.01908 1.00000 0.94792 1.00000 1.00000 0.98045 0.99836
105.00000 103.00000 0.99990 0.99762 1.00000 0.00000 0.12790 0.28850 0.22048 0.00000 0.00063 0.00465 0.62795 0.28483 0.24324 0.47964 0.00358 0.99383 0.59547 0.36592 0.00000 0.28125 0.62791 1.00000 0.01749 0.01566
105.00000 104.00000 0.47611 0.83254 1.00000 0.62699 0.65933 0.64348 0.54422 0.50794 0.49937 0.47244 0.86396 0.61219 0.40541 0.66450 0.47292 0.99350 0.53082 0.32253 0.00000 0.64583 0.86469 1.00000 0.49451 0.49635
105.00000 105.00000 0.59514 0.73765 0.00000 0.23809 0.00734 0.05575 0.05136 0.29318 0.20881 0.09243 0.00163 0.02435 0.02703 0.02524 0.08921 0.00254 0.08766 0.94475 0.00000 0.04167 0.00000 0.00000 0.13889 0.14611
105.00000 106.00000 0.99996 0.99810 1.00000 0.00000 0.13001 0.28926 0.24313 0.00000 0.00063 0.00473 0.62797 0.29224 0.24324 0.46336 0.00322 0.99402 0.60149 0.36607 0.00000 0.30208 0.62791 1.00000 0.01783 0.01638
105.00000 107.00000 0.59524 0.73765 0.00000 0.23809 0.00817 0.03977 0.05476 0.29318 0.20881 0.09298 0.00179 0.02542 0.02703 0.02850 0.09004 0.00231 0.07912 0.93311 0.00000 0.05208 0.00000 0.00000 0.14369 0.14271
105.00000 108.00000 0.23817 0.29691 1.00000 0.59794 0.63153 0.68696 0.68100 0.61718 0.61509 0.61441 0.85311 0.65608 0.89189 0.74104 0.61441 0.99333 0.70319 0.11134 1.00000 0.67708 0.85412 1.00000 0.63443 0.63484
105.00000 109.00000 0.83331 0.99762 1.00000 0.06027 0.18112 0.33306 0.25321 0.14659 0.14403 0.13894 0.65124 0.30802 0.24324 0.44788 0.13631 0.99396 0.54537 0.35032 0.00000 0.32292 0.65116 1.00000 0.15912 0.16845
105.00000 110.00000 0.00005 0.00000 1.00000 1.00000 0.97835 0.93965 0.90793 1.00000 1.00000 0.99649 0.99911 0.88228 1.00000 0.89251 0.99683 0.99303 0.73059 0.02072 1.00000 0.92708 1.00000 1.00000 0.97908 0.98527
105.00000 111.00000 0.99977 0.99834 1.00000 0.00000 0.12937 0.29828 0.23439 0.00000 0.00000 0.00518 0.62793 0.28639 0.24324 0.46824 0.00408 0.99385 0.58119 0.36204 0.00000 0.29167 0.62791 1.00000 0.01989 0.02005
105.00000 112.00000 0.83325 0.99857 1.00000 0.06027 0.18552 0.33442 0.24736 0.14659 0.14403 0.13737 0.65122 0.30511 0.24324 0.45277 0.13783 0.99410 0.55034 0.34249 0.00000 0.33333 0.65116 1.00000 0.16289 0.16312
105.00000 113.00000 0.23810 0.29691 1.00000 0.59794 0.63226 0.68059 0.68724 0.61718 0.61509 0.61596 0.85326 0.65698 0.89189 0.73290 0.61583 0.99330 0.71274 0.11446 1.00000 0.69792 0.85412 1.00000 0.63340 0.63174
105.00000 114.00000 0.00003 0.00000 1.00000 1.00000 0.97835 0.92223 0.92890 1.00000 1.00000 0.99656 0.99918 0.88194 1.00000 0.90472 0.99726 0.99325 0.71778 0.03390 1.00000 0.92708 1.00000 1.00000 0.98834 0.99153
105.00000 115.00000 0.99977 0.99762 1.00000 0.00000 0.12744 0.29755 0.24811 0.00000 0.00063 0.00396 0.62808 0.28211 0.24324 0.47557 0.00421 0.99402 0.59302 0.37994 0.00000 0.28125 0.62791 1.00000 0.01269 0.01966
105.00000 116.00000 0.83319 0.99762 1.00000 0.06027 0.18249 0.30990 0.24992 0.14659 0.14403 0.13658 0.65134 0.31055 0.24324 0.45114 0.13727 0.99410 0.55343 0.35959 0.00000 0.32292 0.65116 1.00000 0.15809 0.16360
105.00000 117.00000 0.00004 0.00178 1.00000 1.00000 0.98266 0.92404 0.91446 1.00000 1.00000 0.99294 0.99911 0.88290 1.00000 0.89984 0.99549 0.99330 0.71564 0.03779 1.00000 0.91667 1.00000 1.00000 0.98731 0.99061
105.00000 118.00000 0.47628 0.83135 1.00000 0.62699 0.65923 0.64210 0.54718 0.50794 0.50000 0.47275 0.86411 0.61054 0.37838 0.65309 0.47269 0.99358 0.52513 0.31631 0.00000 0.62500 0.86469 1.00000 0.49348 0.49045
105.00000 119.00000 1.00000 0.99798 1.00000 0.00000 0.12772 0.27748 0.23256 0.00000 0.00063 0.00358 0.62801 0.29001 0.27027 0.47313 0.00467 0.99408 0.59890 0.36625 0.00000 0.27083 0.62791 1.00000 0.01886 0.02568
105.00000 120.00000 0.00003 0.00000 1.00000 1.00000 0.97844 0.92992 0.91157 1.00000 1.00000 0.99480 0.99926 0.88142 1.00000 0.90065 0.99663 0.99311 0.72842 0.04174 1.00000 0.94792 1.00000 1.00000 0.99383 0.98181
105.00000 121.00000 0.23824 0.29691 1.00000 0.59794 0.63694 0.69069 0.68233 0.61718 0.61509 0.61539 0.85328 0.65700 0.89189 0.73779 0.61476 0.99330 0.71862 0.10651 1.00000 0.68750 0.85412 1.00000 0.62586 0.63220
105.00000 122.00000 0.47616 0.83135 1.00000 0.62699 0.66107 0.64416 0.55839 0.50794 0.49937 0.47184 0.86407 0.61471 0.40541 0.66042 0.47211 0.99350 0.53811 0.31689 0.00000 0.63542 0.86469 1.00000 0.49246 0.49665
105.00000 123.00000 0.47615 0.83325 1.00000 0.62699 0.65813 0.63313 0.55770 0.50794 0.49937 0.47215 0.86400 0.61257 0.40541 0.64739 0.47064 0.99372 0.53689 0.32400 0.00000 0.64583 0.86469 1.00000 0.49588 0.49139
105.00000 124.00000 0.83319 0.99762 1.00000 0.06027 0.18268 0.31543 0.26809 0.14659 0.14403 0.13744 0.65118 0.30999 0.24324 0.46336 0.13773 0.99416 0.54620 0.35537 0.00000 0.30208 0.65116 1.00000 0.16015 0.17594
105.00000 125.00000 0.00004 0.00000 1.00000 1.00000 0.98018 0.93834 0.92372 1.00000 1.00000 0.99394 0.99924 0.88528 1.00000 0.91124 0.99609 0.99311 0.72457 0.03229 1.00000 0.92708 1.00000 1.00000 0.98285 0.98125
105.00000 126.00000 0.99990 0.99762 1.00000 0.00000 0.12974 0.29037 0.26450 0.00000 0.00063 0.00434 0.62808 0.28466 0.24324 0.45928 0.00383 0.99391 0.60099 0.36204 0.00000 0.27083 0.62791 1.00000 0.01132 0.01993
105.00000 127.00000 0.23821 0.29691 1.00000 0.59794 0.63602 0.69191 0.67542 0.61718 0.61509 0.61620 0.85330 0.65487 0.89189 0.73779 0.61616 0.99352 0.71255 0.10882 1.00000 0.69792 0.85412 1.00000 0.63272 0.63346
105.00000 128.00000 0.23820 0.29691 1.00000 0.59794 0.63198 0.68904 0.67422 0.61718 0.61509 0.61453 0.85330 0.66701 0.89189 0.73534 0.61547 0.99339 0.70693 0.10380 1.00000 0.68750 0.85412 1.00000 0.63272 0.63510
105.00000 129.00000 0.99978 0.99976 1.00000 0.00000 0.12854 0.29091 0.21925 0.00000 0.00063 0.00599 0.62795 0.28318 0.24324 0.47313 0.00416 0.99377 0.60220 0.37778 0.00000 0.29167 0.62791 1.00000 0.01852 0.01751
105.00000 130.00000 0.83315 0.99762 1.00000 0.06027 0.18488 0.30158 0.28448 0.14659 0.14403 0.13818 0.65130 0.31026 0.24324 0.44218 0.13727 0.99424 0.55581 0.35219 0.00000 0.33333 0.65116 1.00000 0.16529 0.16603
105.00000 131.00000 0.83318 0.99762 1.00000 0.06027 0.18616 0.33875 0.23790 0.14659 0.14403 0.13722 0.65124 0.30926 0.24324 0.46010 0.13727 0.99413 0.55981 0.35373 0.00000 0.30208 0.65116 1.00000 0.16084 0.16874
105.00000 132.00000 0.83321 0.99810 1.00000 0.06027 0.18415 0.33328 0.26506 0.14659 0.14403 0.13828 0.65128 0.30898 0.24324 0.45195 0.13641 0.99421 0.55222 0.35164 0.00000 0.32292 0.65116 1.00000 0.16118 0.16352
105.00000 133.00000 0.00004 0.00190 1.00000 1.00000 0.98917 0.91502 0.89968 1.00000 1.00000 0.99489 0.99920 0.87864 1.00000 0.89088 0.99505 0.99322 0.73090 0.03013 1.00000 0.92708 1.00000 1.00000 0.98628 0.98496
105.00000 134.00000 0.47622 0.83135 1.00000 0.62699 0.66024 0.64527 0.55175 0.50794 0.50000 0.47170 0.86403 0.61499 0.40541 0.65228 0.47214 0.99369 0.54882 0.30792 0.00000 0.65625 0.86469 1.00000 0.49314 0.49423
105.00000 135.00000 0.99984 0.99786 1.00000 0.00000 0.12634 0.31573 0.24609 0.00000 0.00063 0.00141 0.62795 0.28794 0.24324 0.47231 0.00378 0.99405 0.60306 0.35439 0.00000 0.28125 0.62791 1.00000 0.01200 0.01330
105.00000 136.00000 0.83334 0.99762 1.00000 0.06027 0.18424 0.33889 0.24510 0.14659 0.14403 0.13799 0.65132 0.31080 0.24324 0.46173 0.13623 0.99413 0.56386 0.35376 0.00000 0.33333 0.65116 1.00000 0.15295 0.16028
105.00000 137.00000 0.00002 0.00012 1.00000 1.00000 0.97789 0.93325 0.91872 1.00000 1.00000 0.99659 0.99911 0.89206 1.00000 0.90391 0.99797 0.99330 0.72921 0.03357 1.00000 0.92708 1.00000 1.00000 0.98525 0.99001
105.00000 138.00000 0.23812 0.29691 1.00000 0.59794 0.63244 0.69974 0.67889 0.61718 0.61509 0.61589 0.85326 0.66473 0.89189 0.73290 0.61451 0.99322 0.71331 0.10541 1.00000 0.67708 0.85412 1.00000 0.63546 0.63274
105.00000 139.00000 0.99983 0.99976 1.00000 0.00000 0.13258 0.28417 0.24267 0.00000 0.00000 0.00558 0.62801 0.28781 0.24324 0.46498 0.00484 0.99410 0.60911 0.36116 0.00000 0.28125 0.62791 1.00000 0.01680 0.01629
105.00000 140.00000 0.99994 0.99762 1.00000 0.00000 0.13111 0.29966 0.22221 0.00000 0.00000 0.00358 0.62808 0.28814 0.24324 0.47883 0.00441 0.99430 0.60261 0.36962 0.00000 0.29167 0.62791 1.00000 0.01475 0.02436
105.00000 141.00000 0.99999 0.99762 1.00000 0.00000 0.12597 0.29628 0.22806 0.00000 0.00063 0.00475 0.62804 0.28348 0.24324 0.46010 0.00386 0.99405 0.60063 0.37943 0.00000 0.30208 0.62791 1.00000 0.01646 0.01380
105.00000 142.00000 0.00005 0.00000 1.00000 1.00000 0.98312 0.92713 0.91506 1.00000 1.00000 0.99556 0.99928 0.88816 1.00000 0.89739 0.99630 0.99333 0.71966 0.03401 1.00000 0.93750 1.00000 1.00000 0.98834 0.98320
105.00000 143.00000 0.47617 0.83135 1.00000 0.62699 0.66070 0.64543 0.53805 0.50794 0.50000 0.47232 0.86419 0.61271 0.40541 0.64739 0.47183 0.99347 0.54570 0.32557 0.00000 0.63542 0.86469 1.00000 0.49177 0.50412
105.00000 144.00000 0.00003 0.00000 1.00000 1.00000 0.97743 0.91843 0.92247 1.00000 1.00000 0.99437 0.99922 0.89046 1.00000 0.91612 0.99754 0.99328 0.71812 0.03138 1.00000 0.91667 1.00000 1.00000 0.98320 0.98836
105.00000 145.00000 0.99999 0.99881 1.00000 0.00000 0.12955 0.30798 0.25076 0.00000 0.00063 0.00270 0.62810 0.28959 0.24324 0.46987 0.00457 0.99419 0.60439 0.37786 0.00000 0.29167 0.62791 1.00000 0.01612 0.02187
105.00000 146.00000 0.23812 0.29751 1.00000 0.59794 0.63162 0.70364 0.69222 0.61718 0.61509 0.61474 0.85309 0.66229 0.89189 0.76303 0.61504 0.99355 0.72728 0.11965 1.00000 0.69792 0.85412 1.00000 0.63134 0.63554
105.00000 147.00000 0.59509 0.73634 0.00000 0.23809 0.01147 0.04770 0.05524 0.29318 0.20881 0.09117 0.00182 0.03043 0.02703 0.03502 0.09167 0.00273 0.09454 0.93940 0.00000 0.04167 0.00000 0.00000 0.13992 0.14426
105.00000 148.00000 0.23804 0.29905 1.00000 0.59794 0.63721 0.69812 0.68981 0.61718 0.61509 0.61620 0.85315 0.66347 0.89189 0.74104 0.61461 0.99347 0.71357 0.12478 1.00000 0.69792 0.85412 1.00000 0.63169 0.63228
105.00000 149.00000 0.23806 0.29905 1.00000 0.59794 0.63465 0.69164 0.68705 0.61718 0.61509 0.61670 0.85322 0.66063 0.89189 0.74430 0.61565 0.99333 0.71014 0.09622 1.00000 0.67708 0.85412 1.00000 0.63237 0.63625
105.00000 150.00000 0.83334 0.99762 1.00000 0.06027 0.18213 0.34940 0.23538 0.14659 0.14403 0.13823 0.65137 0.30884 0.24324 0.45033 0.13743 0.99424 0.56564 0.36068 0.00000 0.31250 0.65116 1.00000 0.16564 0.16280
105.00000 151.00000 0.47614 0.83325 1.00000 0.62699 0.65832 0.65003 0.54720 0.50794 0.49937 0.47241 0.86419 0.61675 0.37838 0.64984 0.47290 0.99369 0.54370 0.32722 0.00000 0.64583 0.86469 1.00000 0.48834 0.49039
105.00000 152.00000 0.83335 0.99762 1.00000 0.06027 0.18809 0.33807 0.26354 0.14659 0.14403 0.13899 0.65139 0.31352 0.24324 0.46091 0.13867 0.99424 0.57543 0.35190 0.00000 0.33333 0.65116 1.00000 0.15809 0.17117
105.00000 153.00000 0.83328 0.99762 1.00000 0.06027 0.18488 0.32962 0.25617 0.14659 0.14403 0.13732 0.65147 0.31620 0.24324 0.46010 0.13722 0.99438 0.56510 0.35669 0.00000 0.31250 0.65116 1.00000 0.16289 0.16812
105.00000 154.00000 0.59527 0.73634 0.00000 0.23809 0.00596 0.04204 0.06198 0.29318 0.20818 0.09119 0.00190 0.03550 0.02703 0.03013 0.09053 0.00276 0.09176 0.93864 0.00000 0.05208 0.00000 0.00000 0.14095 0.14361
105.00000 155.00000 0.99993 0.99762 1.00000 0.00000 0.13056 0.31413 0.23988 0.00000 0.00000 0.00618 0.62804 0.28915 0.24324 0.46906 0.00289 0.99413 0.61311 0.37434 0.00000 0.28125 0.62791 1.00000 0.00686 0.02247
105.00000 156.00000 0.99983 0.99762 1.00000 0.00000 0.13249 0.27978 0.25261 0.00000 0.00063 0.00420 0.62816 0.28999 0.24324 0.46987 0.00205 0.99410 0.61332 0.38393 0.00000 0.28125 0.62791 1.00000 0.01646 0.02046
105.00000 157.00000 0.00006 0.00214 1.00000 1.00000 0.97449 0.92916 0.91643 1.00000 1.00000 0.99616 0.99928 0.88760 1.00000 0.89984 0.99668 0.99341 0.73597 0.02618 1.00000 0.92708 1.00000 1.00000 0.98697 0.98492
105.00000 158.00000 0.99990 0.99952 1.00000 0.00000 0.12653 0.28915 0.23076 0.00000 0.00063 0.00475 0.62825 0.29235 0.24324 0.46010 0.00309 0.99427 0.59997 0.35380 0.00000 0.30208 0.62791 1.00000 0.01920 0.01917
105.00000 159.00000 0.47610 0.83349 1.00000 0.62699 0.65612 0.64602 0.53899 0.50794 0.50000 0.47258 0.86417 0.61653 0.40541 0.65472 0.47249 0.99355 0.54496 0.31865 0.00000 0.64583 0.86469 1.00000 0.48834 0.50139
105.00000 160.00000 0.99977 0.99762 1.00000 0.00000 0.12900 0.27712 0.23747 0.00000 0.00063 0.00549 0.62810 0.28881 0.24324 0.46417 0.00439 0.99424 0.59778 0.37002 0.00000 0.28125 0.62791 1.00000 0.01406 0.01960
105.00000 161.00000 0.59510 0.73634 0.00000 0.23809 0.00963 0.04749 0.04934 0.29318 0.20881 0.09336 0.00186 0.03747 0.02703 0.03990 0.09078 0.00270 0.08699 0.94182 0.00000 0.03125 0.00000 0.00000 0.13820 0.14299
105.00000 162.00000 0.83337 0.99762 1.00000 0.06027 0.18268 0.31602 0.24587 0.14659 0.14403 0.13947 0.65137 0.30987 0.24324 0.45358 0.13628 0.99438 0.56733 0.35318 0.00000 0.32292 0.65116 1.00000 0.16324 0.16921
105.00000 163.00000 0.59517 0.73789 0.00000 0.23809 0.00991 0.06068 0.05570 0.29318 0.20881 0.09262 0.00192 0.02975 0.02703 0.03583 0.08964 0.00256 0.09114 0.93984 0.00000 0.05208 0.00000 0.00000 0.13683 0.14285
105.00000 164.00000 0.59509 0.73634 0.00000 0.23809 0.01431 0.03286 0.06352 0.29318 0.20881 0.09307 0.00192 0.03870 0.02703 0.03909 0.09035 0.00273 0.10470 0.94599 0.00000 0.04167 0.00000 0.00000 0.14506 0.15201
105.00000 165.00000 0.00007 0.00000 1.00000 1.00000 0.98165 0.94433 0.91347 1.00000 1.00000 0.99542 0.99928 0.88886 1.00000 0.92182 0.99670 0.99319 0.74054 0.03196 1.00000 0.93750 1.00000 1.00000 0.99040 0.98879
105.00000 166.00000 0.99983 0.99857 1.00000 0.00000 0.13093 0.30470 0.24339 0.00000 0.00063 0.00506 0.62814 0.28740 0.24324 0.46987 0.00492 0.99421 0.60620 0.35948 0.00000 0.28125 0.62791 1.00000 0.01132 0.02423
105.00000 167.00000 0.83327 0.99893 1.00000 0.06027 0.18699 0.32575 0.26226 0.14659 0.14403 0.13718 0.65164 0.31143 0.24324 0.44544 0.13641 0.99449 0.57217 0.34754 0.00000 0.32292 0.65116 1.00000 0.15981 0.17027
105.00000 168.00000 0.83330 0.99762 1.00000 0.06027 0.18470 0.32399 0.25386 0.14659 0.14403 0.13799 0.65147 0.30824 0.24324 0.46336 0.13692 0.99460 0.57843 0.34922 0.00000 0.31250 0.65116 1.00000 0.16221 0.16681
105.00000 169.00000 0.23821 0.29774 1.00000 0.59794 0.63382 0.69657 0.70190 0.61718 0.61509 0.61346 0.85326 0.66792 0.89189 0.74837 0.61659 0.99347 0.71576 0.11402 1.00000 0.68750 0.85412 1.00000 0.63580 0.62840
105.00000 170.00000 0.99987 0.99762 1.00000 0.00000 0.13111 0.31028 0.25391 0.00000 0.00063 0.00549 0.62823 0.29248 0.24324 0.47801 0.00419 0.99452 0.61192 0.35589 0.00000 0.29167 0.62791 1.00000 0.01680 0.02371
105.00000 171.00000 0.23819 0.29929 1.00000 0.59794 0.63226 0.69698 0.67123 0.61718 0.61509 0.61570 0.85324 0.66767 0.89189 0.74430 0.61529 0.99355 0.72340 0.13287 1.00000 0.70833 0.85412 1.00000 0.64060 0.63078
105.00000 172.00000 0.99988 0.99881 1.00000 0.00000 0.13065 0.29205 0.24392 0.00000 0.00000 0.00394 0.62820 0.29334 0.24324 0.46580 0.00345 0.99435 0.61789 0.37716 0.00000 0.29167 0.62791 1.00000 0.01680 0.02337
105.00000 173.00000 0.59518 0.73753 0.00000 0.23809 0.01147 0.04009 0.06041 0.29318 0.20881 0.09081 0.00211 0.03772 0.02703 0.04560 0.08918 0.00270 0.10278 0.94878 0.00000 0.04167 0.00000 0.00000 0.13855 0.14743
105.00000 174.00000 0.23820 0.29739 1.00000 0.59794 0.63437 0.70968 0.67489 0.61718 0.61509 0.61510 0.85332 0.66760 0.89189 0.74349 0.61628 0.99330 0.72147 0.12701 1.00000 0.67708 0.85412 1.00000 0.62860 0.63440
105.00000 175.00000 0.59519 0.73634 0.00000 0.23809 0.01220 0.04044 0.06123 0.29318 0.20881 0.09054 0.00203 0.03871 0.02703 0.03990 0.08890 0.00267 0.10020 0.93182 0.00000 0.04167 0.00000 0.00000 0.13820 0.14520
105.00000 176.00000 0.83326 0.99846 1.00000 0.06027 0.18213 0.30708 0.25394 0.14659 0.14403 0.13894 0.65153 0.31063 0.24324 0.45765 0.13699 0.99449 0.58295 0.36577 0.00000 0.31250 0.65116 1.00000 0.15947 0.16959
105.00000 177.00000 0.83329 0.99952 1.00000 0.06027 0.18571 0.34114 0.27543 0.14659 0.14403 0.13687 0.65147 0.31914 0.24324 0.46254 0.13788 0.99463 0.58678 0.36837 0.00000 0.33333 0.65116 1.00000 0.15844 0.16186
105.00000 178.00000 0.99980 0.99762 1.00000 0.00000 0.13047 0.27918 0.23319 0.00000 0.00000 0.00499 0.62839 0.29875 0.24324 0.47313 0.00413 0.99432 0.61832 0.37258 0.00000 0.29167 0.62791 1.00000 0.01680 0.02245
105.00000 179.00000 0.00001 0.00095 1.00000 1.00000 0.98257 0.92851 0.92926 1.00000 1.00000 0.99437 0.99924 0.89015 1.00000 0.92671 0.99543 0.99322 0.72462 0.01091 1.00000 0.93750 1.00000 1.00000 0.98903 0.98239
105.00000 180.00000 0.00004 0.00000 1.00000 1.00000 0.97981 0.92342 0.89705 1.00000 1.00000 0.99556 0.99924 0.89520 1.00000 0.90147 0.99602 0.99322 0.74818 0.03464 1.00000 0.92708 1.00000 1.00000 0.98148 0.98462
105.00000 181.00000 0.99978 0.99869 1.00000 0.00000 0.12928 0.30158 0.24294 0.00000 0.00063 0.00315 0.62818 0.29764 0.24324 0.47313 0.00439 0.99441 0.62291 0.38258 0.00000 0.29167 0.62791 1.00000 0.02092 0.02528
105.00000 182.00000 0.59524 0.73634 0.00000 0.23809 0.01367 0.06266 0.05319 0.29318 0.20881 0.09231 0.00211 0.03740 0.02703 0.04560 0.09086 0.00287 0.10032 0.93080 0.00000 0.04167 0.00000 0.00000 0.13717 0.14358
105.00000 183.00000 0.23811 0.29715 1.00000 0.59794 0.63446 0.69221 0.69766 0.61718 0.61509 0.61672 0.85330 0.67101 0.89189 0.73290 0.61453 0.99352 0.72269 0.12185 1.00000 0.69792 0.85412 1.00000 0.62209 0.63087
105.00000 184.00000 0.83324 0.99846 1.00000 0.06027 0.18626 0.32391 0.24821 0.14659 0.14403 0.13947 0.65173 0.32063 0.24324 0.44463 0.13737 0.99454 0.57438 0.35505 0.00000 0.32292 0.65116 1.00000 0.15329 0.16230
105.00000 185.00000 0.00003 0.00000 1.00000 1.00000 0.98027 0.91031 0.93398 1.00000 1.00000 0.99544 0.99924 0.88682 1.00000 0.92182 0.99693 0.99333 0.74589 0.03343 1.00000 0.93750 1.00000 1.00000 0.98388 0.97854
105.00000 186.00000 0.99980 0.99881 1.00000 0.00000 0.12763 0.29335 0.23490 0.00000 0.00063 0.00735 0.62842 0.29041 0.24324 0.47068 0.00515 0.99446 0.63153 0.36548 0.00000 0.28125 0.62791 1.00000 0.01783 0.01730
105.00000 187.00000 0.59518 0.73717 0.00000 0.23809 0.01193 0.04881 0.06200 0.29318 0.20881 0.09432 0.00209 0.03837 0.02703 0.02932 0.09058 0.00289 0.11775 0.94252 0.00000 0.05208 0.00000 0.00000 0.14232 0.14632
105.00000 188.00000 0.00003 0.00012 1.00000 1.00000 0.98073 0.92250 0.93636 1.00000 1.00000 0.99320 0.99926 0.89698 1.00000 0.91287 0.99597 0.99325 0.73937 0.04152 1.00000 0.95833 1.00000 1.00000 0.98765 0.98431
105.00000 189.00000 0.59522 0.73717 0.00000 0.23809 0.01312 0.05269 0.06535 0.29318 0.20881 0.09284 0.00198 0.03667 0.02703 0.04316 0.08974 0.00287 0.11115 0.93651 0.00000 0.03125 0.00000 0.00000 0.13717 0.14351
105.00000 190.00000 0.00001 0.00000 1.00000 1.00000 0.97835 0.93152 0.91934 1.00000 1.00000 0.99566 0.99922 0.89605 1.00000 0.90391 0.99576 0.99333 0.75689 0.02237 1.00000 0.93750 1.00000 1.00000 0.98217 0.99052
105.00000 191.00000 0.83334 0.99834 1.00000 0.06027 0.18304 0.32523 0.26816 0.14659 0.14403 0.13935 0.65164 0.32009 0.24324 0.44544 0.13694 0.99482 0.56943 0.36391 0.00000 0.33333 0.65116 1.00000 0.16255 0.16327
105.00000 192.00000 0.83327 0.99929 1.00000 0.06027 0.18534 0.32643 0.25776 0.14659 0.14403 0.13715 0.65166 0.31889 0.24324 0.46091 0.13712 0.99460 0.59126 0.35215 0.00000 0.30208 0.65116 1.00000 0.15741 0.17182
105.00000 193.00000 0.47608 0.83135 1.00000 0.62699 0.66162 0.65808 0.55596 0.50794 0.50000 0.47186 0.86434 0.62459 0.40541 0.67590 0.47310 0.99391 0.56922 0.33535 0.00000 0.65625 0.86469 1.00000 0.49280 0.49820
105.00000 194.00000 0.00004 0.00000 1.00000 1.00000 0.97376 0.93848 0.93152 1.00000 1.00000 0.99353 0.99920 0.89400 1.00000 0.90879 0.99538 0.99336 0.76698 0.03632 1.00000 0.94792 1.00000 1.00000 0.98045 0.98844
105.00000 195.00000 0.47613 0.83171 1.00000 0.62699 0.65988 0.64730 0.56330 0.50794 0.50000 0.47389 0.86434 0.61970 0.40541 0.64658 0.47138 0.99391 0.57688 0.32865 0.00000 0.64583 0.86469 1.00000 0.48971 0.50057
105.00000 196.00000 0.47618 0.83349 1.00000 0.62699 0.65951 0.65434 0.54489 0.50794 0.50000 0.47234 0.86424 0.62425 0.40541 0.66124 0.47130 0.99380 0.56517 0.32828 0.00000 0.65625 0.86469 1.00000 0.48731 0.49109
105.00000 197.00000 0.47628 0.83135 1.00000 0.62699 0.65804 0.66041 0.56106 0.50794 0.50000 0.47124 0.86432 0.62640 0.40541 0.66694 0.47120 0.99402 0.57060 0.32627 0.00000 0.65625 0.86469 1.00000 0.49211 0.49541
105.00000 198.00000 0.00001 0.00000 1.00000 1.00000 0.98027 0.93241 0.91544 1.00000 1.00000 0.99411 0.99924 0.89450 1.00000 0.91205 0.99541 0.99325 0.74949 0.02911 1.00000 0.93750 1.00000 1.00000 0.98217 0.97905
105.00000 199.00000 0.99984 0.99846 1.00000 0.00000 0.13148 0.29441 0.25078 0.00000 0.00000 0.00396 0.62852 0.30128 0.24324 0.47720 0.00469 0.99460 0.62541 0.36424 0.00000 0.29167 0.62791 1.00000 0.00960 0.01999
105.00000 200.00000 0.83314 0.99762 1.00000 0.06027 0.18387 0.34230 0.26364 0.14659 0.14403 0.13782 0.65179 0.31370 0.24324 0.45603 0.13773 0.99485 0.58535 0.36017 0.00000 0.31250 0.65116 1.00000 0.15775 0.15854
105.00000 201.00000 0.23820 0.29905 1.00000 0.59794 0.63061 0.69313 0.70170 0.61718 0.61572 0.61446 0.85347 0.67052 0.89189 0.74756 0.61476 0.99361 0.73088 0.12489 1.00000 0.70833 0.85412 1.00000 0.62929 0.63575
105.00000 202.00000 0.59509 0.73789 0.00000 0.23809 0.01046 0.05654 0.05230 0.29318 0.20881 0.09264 0.00211 0.03883 0.02703 0.03827 0.08994 0.00303 0.11703 0.95024 0.00000 0.05208 0.00000 0.00000 0.13340 0.14578
105.00000 203.00000 0.00005 0.00095 1.00000 1.00000 0.99055 0.93098 0.92700 1.00000 1.00000 0.99516 0.99930 0.90442 1.00000 0.90961 0.99429 0.99319 0.75965 0.02651 1.00000 0.92708 1.00000 1.00000 0.98217 0.98055
105.00000 204.00000 0.99995 0.99762 1.00000 0.00000 0.12790 0.30335 0.24079 0.00000 0.00000 0.00363 0.62865 0.30241 0.24324 0.47964 0.00332 0.99493 0.62881 0.37493 0.00000 0.29167 0.62791 1.00000 0.00926 0.01029
105.00000 205.00000 0.59515 0.73705 0.00000 0.23809 0.01156 0.03405 0.06631 0.29318 0.20881 0.09038 0.00232 0.04210 0.02703 0.03502 0.08997 0.00317 0.12117 0.96013 0.00000 0.04167 0.00000 0.00000 0.14026 0.14786
105.00000 206.00000 0.99986 1.00000 1.00000 0.00000 0.12909 0.29684 0.25184 0.00000 0.00063 0.00403 0.62858 0.29944 0.24324 0.48290 0.00444 0.99485 0.64538 0.37295 0.00000 0.31250 0.62791 1.00000 0.01406 0.01994
105.00000 207.00000 0.59531 0.73789 0.00000 0.23809 0.00569 0.05296 0.06961 0.29318 0.20881 0.09453 0.00234 0.04413 0.02703 0.03746 0.09035 0.00317 0.12648 0.94101 0.00000 0.05208 0.00000 0.00000 0.13820 0.14345
105.00000 208.00000 0.99985 0.99762 1.00000 0.00000 0.13341 0.30383 0.24549 0.00000 0.00063 0.00458 0.62869 0.30035 0.24324 0.47883 0.00355 0.99498 0.64964 0.37258 0.00000 0.28125 0.62791 1.00000 0.01475 0.01759
105.00000 209.00000 0.47608 0.83135 1.00000 0.62699 0.65878 0.67569 0.54306 0.50794 0.50000 0.47275 0.86424 0.63027 0.40541 0.67020 0.47089 0.99410 0.57259 0.33062 0.00000 0.64583 0.86469 1.00000 0.49177 0.49149
105.00000 210.00000 0.59514 0.73634 0.00000 0.23809 0.00918 0.03692 0.07957 0.29318 0.20881 0.09441 0.00234 0.03457 0.02703 0.03990 0.09075 0.00328 0.11634 0.94230 0.00000 0.04167 0.00000 0.00000 0.14438 0.14621
105.00000 211.00000 0.59514 0.73729 0.00000 0.23809 0.00991 0.03928 0.06285 0.29318 0.20881 0.09319 0.00228 0.04569 0.02703 0.04967 0.09037 0.00325 0.11996 0.94610 0.00000 0.05208 0.00000 0.00000 0.13683 0.14714
105.00000 212.00000 0.47622 0.83242 1.00000 0.62699 0.66300 0.65751 0.55851 0.50794 0.50000 0.47141 0.86441 0.62714 0.40541 0.65472 0.47100 0.99405 0.56655 0.33194 0.00000 0.64583 0.86469 1.00000 0.48937 0.49202
105.00000 213.00000 0.23813 0.29691 1.00000 0.59794 0.63978 0.69668 0.69439 0.61718 0.61509 0.61615 0.85336 0.67941 0.89189 0.76303 0.61537 0.99344 0.75396 0.13262 1.00000 0.69792 0.85412 1.00000 0.63272 0.63728
105.00000 214.00000 0.00001 0.00000 1.00000 1.00000 0.98257 0.95544 0.93398 1.00000 1.00000 0.99389 0.99935 0.90465 1.00000 0.90798 0.99645 0.99328 0.75180 0.03548 1.00000 0.95833 1.00000 1.00000 0.98354 0.98820
105.00000 215.00000 0.23805 0.29691 1.00000 0.59794 0.64189 0.69901 0.71646 0.61718 0.61509 0.61510 0.85332 0.67335 0.89189 0.74593 0.61446 0.99363 0.75115 0.13313 1.00000 0.68750 0.85412 1.00000 0.63134 0.62509
105.00000 216.00000 0.99979 0.99881 1.00000 0.00000 0.12653 0.30310 0.25297 0.00000 0.00063 0.00420 0.62863 0.30150 0.24324 0.48371 0.00558 0.99487 0.64381 0.37661 0.00000 0.30208 0.62791 1.00000 0.01646 0.02307
105.00000 217.00000 0.99981 0.99822 1.00000 0.00000 0.12726 0.28509 0.26166 0.00000 0.00063 0.00377 0.62892 0.30404 0.24324 0.48697 0.00431 0.99507 0.64869 0.37562 0.00000 0.31250 0.62791 1.00000 0.01715 0.01889
105.00000 218.00000 0.47628 0.83135 1.00000 0.62699 0.66446 0.66764 0.55859 0.50794 0.50000 0.47074 0.86445 0.63544 0.37838 0.65554 0.47140 0.99405 0.59159 0.33209 0.00000 0.64583 0.86469 1.00000 0.48217 0.49123
105.00000 219.00000 0.83327 0.99762 1.00000 0.06027 0.18690 0.35235 0.24366 0.14659 0.14403 0.13849 0.65202 0.32494 0.24324 0.45765 0.13697 0.99523 0.61425 0.37181 0.00000 0.31250 0.65116 1.00000 0.16084 0.16219
105.00000 220.00000 0.00005 0.00000 1.00000 1.00000 0.98183 0.90952 0.91518 1.00000 1.00000 0.99563 0.99928 0.90033 1.00000 0.93811 0.99505 0.99341 0.77619 0.04053 1.00000 0.93750 1.00000 1.00000 0.97668 0.98050
105.00000 221.00000 0.00002 0.00012 1.00000 1.00000 0.98321 0.94002 0.91539 1.00000 1.00000 0.99308 0.99926 0.89863 1.00000 0.90554 0.99498 0.99339 0.77196 0.04767 1.00000 0.94792 1.00000 1.00000 0.98182 0.98156
105.00000 222.00000 0.00003 0.00000 1.00000 1.00000 0.98000 0.95067 0.92271 1.00000 1.00000 0.99496 0.99926 0.90306 1.00000 0.90472 0.99571 0.99314 0.77379 0.02955 1.00000 0.93750 1.00000 1.00000 0.97565 0.98993
105.00000 223.00000 0.59526 0.73812 0.00000 0.23809 0.01229 0.05578 0.06066 0.29318 0.20881 0.09210 0.00258 0.04757 0.02703 0.04153 0.09106 0.00358 0.13367 0.95658 0.00000 0.04167 0.00000 0.00000 0.13546 0.14192
105.00000 224.00000 0.99988 0.99893 1.00000 0.00000 0.12946 0.29581 0.24371 0.00000 0.00063 0.00542 0.62880 0.31694 0.27027 0.47068 0.00533 0.99520 0.66038 0.36738 0.00000 0.30208 0.62791 1.00000 0.01372 0.02414
105.00000 225.00000 0.83317 0.99762 1.00000 0.06027 0.18855 0.35430 0.24720 0.14659 0.14403 0.13594 0.65223 0.33148 0.24324 0.46987 0.13745 0.99529 0.61011 0.35856 0.00000 0.34375 0.65116 1.00000 0.15981 0.16182
105.00000 226.00000 0.99980 0.99869 1.00000 0.00000 0.12909 0.32892 0.26559 0.00000 0.00063 0.00549 0.62901 0.30546 0.24324 0.47313 0.00340 0.99526 0.65171 0.37474 0.00000 0.29167 0.62791 1.00000 0.01543 0.01495
105.00000 227.00000 0.47622 0.83278 1.00000 0.62699 0.66199 0.66940 0.54205 0.50794 0.50000 0.47077 0.86455 0.63944 0.37838 0.67834 0.47084 0.99421 0.58933 0.32967 0.00000 0.65625 0.86469 1.00000 0.49074 0.49128
105.00000 228.00000 0.83325 0.99952 1.00000 0.06027 0.18240 0.33940 0.25567 0.14659 0.14403 0.13677 0.65221 0.33006 0.24324 0.48616 0.13737 0.99532 0.62063 0.37233 0.00000 0.33333 0.65116 1.00000 0.16427 0.15819
105.00000 229.00000 0.59523 0.73634 0.00000 0.23809 0.00697 0.05293 0.06756 0.29318 0.20881 0.09188 0.00260 0.05017 0.02703 0.04560 0.09030 0.00344 0.14236 0.95925 0.00000 0.05208 0.00000 0.00000 0.14198 0.14876
105.00000 230.00000 0.00005 0.00071 1.00000 1.00000 0.98055 0.95593 0.94724 1.00000 1.00000 0.99387 0.99926 0.91675 1.00000 0.92264 0.99576 0.99330 0.79838 0.03072 1.00000 0.93750 1.00000 1.00000 0.98148 0.98010
105.00000 231.00000 0.99982 0.99762 1.00000 0.00000 0.12809 0.30343 0.26058 0.00000 0.00063 0.00475 0.62894 0.31634 0.24324 0.47476 0.00482 0.99537 0.67428 0.34878 0.00000 0.29167 0.62791 1.00000 0.01955 0.01875
105.00000 232.00000 0.99979 0.99786 1.00000 0.00000 0.13065 0.31025 0.26624 0.00000 0.00063 0.00430 0.62896 0.31435 0.27027 0.48534 0.00426 0.99565 0.66694 0.36413 0.00000 0.29167 0.62791 1.00000 0.00926 0.01892
105.00000 233.00000 0.23800 0.29691 1.00000 0.59794 0.63455 0.72174 0.69915 0.61718 0.61509 0.61465 0.85345 0.68107 0.89189 0.74593 0.61502 0.99383 0.77200 0.09835 1.00000 0.69792 0.85412 1.00000 0.63100 0.63516
105.00000 234.00000 0.00007 0.00000 1.00000 1.00000 0.98541 0.94853 0.92259 1.00000 1.00000 0.99341 0.99932 0.91410 1.00000 0.91205 0.99457 0.99347 0.79264 0.03149 1.00000 0.95833 1.00000 1.00000 0.98422 0.99026
105.00000 235.00000 0.59510 0.73753 0.00000 0.23809 0.01440 0.04364 0.06342 0.29318 0.20881 0.09100 0.00260 0.05135 0.02703 0.04235 0.08974 0.00389 0.14017 0.94438 0.00000 0.05208 0.00000 0.00000 0.13889 0.14446
105.00000 236.00000 0.47613 0.83135 1.00000 0.62699 0.66355 0.65198 0.54395 0.50794 0.50000 0.47213 0.86457 0.64662 0.37838 0.67182 0.47102 0.99430 0.60746 0.34033 0.00000 0.67708 0.86469 1.00000 0.49177 0.49383
105.00000 237.00000 0.59518 0.73848 0.00000 0.23809 0.01358 0.02961 0.08417 0.29318 0.20881 0.09198 0.00287 0.05456 0.02703 0.04642 0.09015 0.00397 0.13372 0.95097 0.00000 0.04167 0.00000 0.00000 0.13923 0.14706
105.00000 238.00000 1.00000 0.99762 1.00000 0.00000 0.13212 0.30622 0.25858 0.00000 0.00063 0.00623 0.62920 0.31122 0.24324 0.48290 0.00370 0.99556 0.67309 0.37815 0.00000 0.31250 0.62791 1.00000 0.01235 0.01457
105.00000 239.00000 0.99986 0.99762 1.00000 0.00000 0.13341 0.31101 0.24368 0.00000 0.00063 0.00551 0.62922 0.31371 0.24324 0.46824 0.00464 0.99556 0.67994 0.36958 0.00000 0.29167 0.62791 1.00000 0.01475 0.01895
105.00000 240.00000 0.23802 0.29810 1.00000 0.59794 0.63685 0.73006 0.68950 0.61718 0.61509 0.61319 0.85353 0.68191 0.89189 0.74104 0.61438 0.99374 0.77679 0.12972 1.00000 0.70833 0.85412 1.00000 0.62277 0.62775
105.00000 241.00000 0.23805 0.29846 1.00000 0.59794 0.63520 0.72047 0.68449 0.61718 0.61572 0.61493 0.85330 0.68539 0.89189 0.76384 0.61360 0.99366 0.78859 0.12895 1.00000 0.70833 0.85412 1.00000 0.62586 0.62938
105.00000 242.00000 0.23814 0.29893 1.00000 0.59794 0.64079 0.70294 0.69323 0.61718 0.61509 0.61374 0.85347 0.68500 0.89189 0.75651 0.61240 0.99377 0.78364 0.13324 1.00000 0.71875 0.85412 1.00000 0.62380 0.63088
105.00000 243.00000 0.99994 0.99869 1.00000 0.00000 0.13432 0.31749 0.27437 0.00000 0.00063 0.00332 0.62926 0.31097 0.24324 0.49186 0.00424 0.99573 0.67682 0.38430 0.00000 0.31250 0.62791 1.00000 0.01132 0.02081
105.00000 244.00000 0.00004 0.00000 1.00000 1.00000 0.98229 0.95162 0.94517 1.00000 1.00000 0.99597 0.99924 0.92080 1.00000 0.93241 0.99564 0.99330 0.79966 0.02838 1.00000 0.93750 1.00000 1.00000 0.97634 0.98275
105.00000 245.00000 0.83335 0.99762 1.00000 0.06027 0.18818 0.34184 0.25718 0.14659 0.14403 0.13675 0.65249 0.33501 0.24324 0.46824 0.13565 0.99595 0.64588 0.37097 0.00000 0.33333 0.65116 1.00000 0.16084 0.16318
105.00000 246.00000 0.99998 0.99762 1.00000 0.00000 0.13093 0.31348 0.25271 0.00000 0.00063 0.00489 0.62934 0.31676 0.24324 0.49756 0.00507 0.99592 0.68687 0.37310 0.00000 0.30208 0.62791 1.00000 0.01818 0.01360
105.00000 247.00000 0.83337 0.99762 1.00000 0.06027 0.18332 0.35184 0.26274 0.14659 0.14403 0.13672 0.65274 0.34331 0.24324 0.46743 0.13781 0.99617 0.64267 0.36519 0.00000 0.32292 0.65116 1.00000 0.15947 0.16583
105.00000 248.00000 0.99996 0.99964 1.00000 0.00000 0.13322 0.32656 0.24604 0.00000 0.00063 0.00537 0.62937 0.31560 0.27027 0.50570 0.00396 0.99578 0.69470 0.38397 0.00000 0.31250 0.62791 1.00000 0.01543 0.02260
105.00000 249.00000 0.00005 0.00000 1.00000 1.00000 0.98688 0.92388 0.92859 1.00000 1.00000 0.99482 0.99932 0.92097 1.00000 0.93567 0.99432 0.99341 0.80914 0.04987 1.00000 0.94792 1.00000 1.00000 0.98011 0.98506
105.00000 250.00000 0.99999 0.99762 1.00000 0.00000 0.13671 0.31762 0.26987 0.00000 0.00063 0.00685 0.62943 0.31977 0.27027 0.48453 0.00431 0.99609 0.68872 0.36369 0.00000 0.32292 0.62791 1.00000 0.00926 0.02049
105.00000 251.00000 0.59532 0.73646 0.00000 0.23809 0.01330 0.05003 0.09267 0.29318 0.20881 0.09331 0.00319 0.05435 0.02703 0.04805 0.09093 0.00430 0.14962 0.94365 0.00000 0.05208 0.00000 0.00000 0.13683 0.14403
105.00000 252.00000 0.59524 0.73634 0.00000 0.23809 0.01679 0.07217 0.08073 0.29318 0.20881 0.09360 0.00287 0.05934 0.02703 0.06270 0.09103 0.00424 0.16763 0.96291 0.00000 0.05208 0.00000 0.00000 0.14060 0.15038
105.00000 253.00000 0.83330 0.99762 1.00000 0.06027 0.18772 0.33761 0.25280 0.14659 0.14403 0.13818 0.65284 0.34312 0.24324 0.47394 0.13656 0.99628 0.64676 0.35545 0.00000 0.32292 0.65116 1.00000 0.15844 0.16489
105.00000 254.00000 0.59525 0.73836 0.00000 0.23809 0.01413 0.04115 0.07601 0.29318 0.20881 0.09236 0.00319 0.06163 0.02703 0.04967 0.08880 0.00438 0.15533 0.95716 0.00000 0.05208 0.00000 0.00000 0.14266 0.14860
105.00000 255.00000 0.99979 0.99762 1.00000 0.00000 0.12671 0.31670 0.26891 0.00000 0.00063 0.00604 0.62953 0.32025 0.27027 0.49023 0.00464 0.99622 0.70072 0.38375 0.00000 0.32292 0.62791 1.00000 0.01440 0.02354
105.00000 256.00000 0.47627 0.83302 1.00000 0.62699 0.66446 0.66629 0.55454 0.50794 0.50000 0.46962 0.86489 0.65529 0.37838 0.68241 0.47074 0.99474 0.63369 0.35010 1.00000 0.64583 0.86469 1.00000 0.49005 0.49143
105.00000 257.00000 0.83313 0.99762 1.00000 0.06027 0.18901 0.35495 0.27755 0.14659 0.14465 0.13754 0.65293 0.35082 0.24324 0.48290 0.13616 0.99639 0.66097 0.36790 0.00000 0.35417 0.65116 1.00000 0.16015 0.16585
105.00000 258.00000 0.47610 0.83361 1.00000 0.62699 0.66538 0.67975 0.56528 0.50794 0.50000 0.47065 0.86491 0.65047 0.37838 0.68078 0.46975 0.99482 0.65321 0.32857 1.00000 0.64583 0.86469 1.00000 0.49005 0.48611
105.00000 259.00000 0.59514 0.73824 0.00000 0.23809 0.01477 0.06092 0.06720 0.29318 0.20881 0.09078 0.00336 0.06243 0.02703 0.04805 0.08908 0.00477 0.17535 0.95533 0.00000 0.05208 0.00000 0.00000 0.13649 0.14525
105.00000 260.00000 0.23806 0.29691 1.00000 0.59794 0.64052 0.72090 0.69773 0.61718 0.61509 0.61491 0.85357 0.69696 0.89189 0.75896 0.61497 0.99399 0.80204 0.13218 1.00000 0.71875 0.85412 1.00000 0.62483 0.62861
105.00000 261.00000 0.83317 0.99762 1.00000 0.06027 0.18662 0.34988 0.27882 0.14659 0.14465 0.13665 0.65312 0.34465 0.27027 0.48697 0.13578 0.99653 0.66302 0.37819 0.00000 0.32292 0.65116 1.00000 0.15981 0.16547
105.00000 262.00000 0.00006 0.00000 1.00000 1.00000 0.99009 0.97061 0.92962 1.00000 1.00000 0.99294 0.99930 0.92978 1.00000 0.94707 0.99325 0.99350 0.82889 0.05639 1.00000 0.94792 1.00000 1.00000 0.97737 0.98030
105.00000 263.00000 0.99995 0.99822 1.00000 0.00000 0.13515 0.31906 0.25533 0.00000 0.00063 0.00547 0.62962 0.33101 0.27027 0.47964 0.00398 0.99633 0.71288 0.37266 0.00000 0.31250 0.62791 1.00000 0.00857 0.01700
105.00000 264.00000 0.83316 0.99929 1.00000 0.06027 0.18837 0.35262 0.26607 0.14659 0.14403 0.13808 0.65318 0.35128 0.24324 0.48779 0.13633 0.99683 0.66609 0.38364 0.00000 0.35417 0.65116 1.00000 0.15432 0.16437
105.00000 265.00000 0.99980 0.99857 1.00000 0.00000 0.13497 0.31749 0.26481 0.00000 0.00063 0.00487 0.62972 0.33480 0.27027 0.50081 0.00502 0.99664 0.71629 0.36563 0.00000 0.30208 0.62791 1.00000 0.00720 0.02189
105.00000 266.00000 0.59519 0.73729 0.00000 0.23809 0.01642 0.04630 0.06655 0.29318 0.20881 0.08899 0.00348 0.06451 0.02703 0.05863 0.08850 0.00485 0.18784 0.96203 0.00000 0.05208 0.00000 0.00000 0.14540 0.14602
105.00000 267.00000 0.99983 0.99762 1.00000 0.00000 0.13387 0.33136 0.26527 0.00000 0.00063 0.00430 0.62991 0.33075 0.27027 0.50163 0.00472 0.99653 0.72564 0.38119 0.00000 0.31250 0.62791 1.00000 0.01303 0.01676
105.00000 268.00000 0.83326 0.99988 1.00000 0.06027 0.19194 0.37440 0.29851 0.14659 0.14403 0.13715 0.65320 0.35400 0.24324 0.49593 0.13593 0.99680 0.67949 0.37958 0.00000 0.35417 0.65116 1.00000 0.15775 0.16256
105.00000 269.00000 0.83315 0.99941 1.00000 0.06027 0.19048 0.34910 0.27247 0.14659 0.14465 0.13653 0.65337 0.35382 0.24324 0.48697 0.13702 0.99686 0.68270 0.38320 0.00000 0.34375 0.65116 1.00000 0.16187 0.16884
105.00000 270.00000 0.99983 0.99762 1.00000 0.00000 0.13286 0.33255 0.28477 0.00000 0.00063 0.00515 0.62998 0.33365 0.27027 0.49349 0.00360 0.99653 0.73226 0.37438 0.00000 0.30208 0.62791 1.00000 0.01440 0.01344
105.00000 271.00000 0.59530 0.73634 0.00000 0.23809 0.01771 0.06011 0.07820 0.29318 0.20881 0.09162 0.00378 0.07264 0.02703 0.05212 0.09015 0.00537 0.21288 0.97525 0.00000 0.07292 0.00000 0.00000 0.13409 0.14181
105.00000 272.00000 0.59525 0.73872 0.00000 0.23809 0.01780 0.06845 0.07664 0.29318 0.20881 0.09107 0.00380 0.07039 0.02703 0.05782 0.08959 0.00521 0.20196 0.96108 0.00000 0.04167 0.00000 0.00000 0.14369 0.14201
105.00000 273.00000 0.00000 0.00000 1.00000 1.00000 0.98963 0.96706 0.94854 1.00000 1.00000 0.99325 0.99928 0.93713 1.00000 0.95033 0.99505 0.99350 0.85114 0.04870 1.00000 0.93750 1.00000 1.00000 0.97805 0.98121
105.00000 274.00000 0.47605 0.83135 1.00000 0.62699 0.66914 0.69053 0.56602 0.50794 0.50000 0.47108 0.86510 0.66706 0.37838 0.67752 0.46975 0.99496 0.66533 0.34311 0.00000 0.66667 0.86469 1.00000 0.48525 0.48815
105.00000 275.00000 0.59517 0.73872 0.00000 0.23809 0.01239 0.06228 0.08022 0.29318 0.20881 0.09014 0.00393 0.07462 0.02703 0.05537 0.09025 0.00526 0.21490 0.97503 0.00000 0.07292 0.00000 0.00000 0.13855 0.14464
105.00000 276.00000 0.99989 0.99762 1.00000 0.00000 0.13845 0.34040 0.28426 0.00000 0.00063 0.00363 0.63025 0.33974 0.27027 0.50489 0.00327 0.99700 0.73568 0.37094 0.00000 0.32292 0.62791 1.00000 0.01509 0.01803
105.00000 277.00000 0.99986 0.99762 1.00000 0.00000 0.13487 0.33252 0.28925 0.00000 0.00063 0.00301 0.63025 0.34974 0.27027 0.49837 0.00426 0.99722 0.76225 0.38324 0.00000 0.32292 0.62791 1.00000 0.02023 0.01526
105.00000 278.00000 0.00005 0.00154 1.00000 1.00000 0.98679 0.96088 0.94864 1.00000 1.00000 0.99129 0.99943 0.94393 1.00000 0.94625 0.99325 0.99339 0.88490 0.06510 1.00000 0.95833 1.00000 1.00000 0.97737 0.97599
105.00000 279.00000 0.83316 0.99762 1.00000 0.06027 0.19525 0.36329 0.28554 0.14659 0.14465 0.13656 0.65363 0.36150 0.27027 0.49104 0.13740 0.99727 0.71538 0.38100 0.00000 0.34375 0.65116 1.00000 0.16015 0.15674
105.00000 280.00000 0.00004 0.00000 1.00000 1.00000 0.98605 0.93821 0.95956 1.00000 1.00000 0.99389 0.99939 0.94653 1.00000 0.94381 0.99244 0.99339 0.88425 0.06276 1.00000 0.95833 1.00000 1.00000 0.98114 0.97436
105.00000 281.00000 0.23808 0.29691 1.00000 0.59794 0.64336 0.70939 0.71453 0.61718 0.61572 0.61410 0.85360 0.72072 0.89189 0.76303 0.61357 0.99396 0.86619 0.14561 1.00000 0.72917 0.85412 1.00000 0.62723 0.62246
105.00000 282.00000 0.59528 0.73634 0.00000 0.23809 0.01707 0.06886 0.08918 0.29318 0.20881 0.09224 0.00391 0.08036 0.02703 0.06433 0.08812 0.00548 0.21022 0.97221 0.00000 0.05208 0.00000 0.00000 0.13649 0.14154
105.00000 283.00000 0.83315 0.99762 1.00000 0.06027 0.19461 0.37177 0.27584 0.14659 0.14465 0.13756 0.65382 0.36723 0.24324 0.50326 0.13740 0.99777 0.71326 0.37244 0.00000 0.34375 0.65116 1.00000 0.15535 0.16288
105.00000 284.00000 0.99986 0.99762 1.00000 0.00000 0.13754 0.32889 0.25576 0.00000 0.00063 0.00453 0.63051 0.34894 0.27027 0.50977 0.00441 0.99752 0.77776 0.37178 0.00000 0.30208 0.62791 1.00000 0.00686 0.01528
105.00000 285.00000 0.47626 0.83135 1.00000 0.62699 0.66446 0.66997 0.57762 0.50794 0.50000 0.47186 0.86536 0.66862 0.37838 0.68893 0.46985 0.99548 0.70415 0.34293 1.00000 0.66667 0.86469 1.00000 0.48971 0.48586
105.00000 286.00000 0.23806 0.29691 1.00000 0.59794 0.64309 0.71814 0.73237 0.61718 0.61572 0.61343 0.85374 0.72362 0.89189 0.79153 0.61261 0.99410 0.86743 0.14063 1.00000 0.70833 0.85412 1.00000 0.62380 0.61992
105.00000 287.00000 0.99979 0.99893 1.00000 0.00000 0.13176 0.33713 0.26859 0.00000 0.00063 0.00363 0.63053 0.35146 0.27027 0.51954 0.00322 0.99763 0.77348 0.37394 0.00000 0.32292 0.62791 1.00000 0.01029 0.01815
105.00000 288.00000 0.83320 0.99810 1.00000 0.06027 0.19305 0.35192 0.29213 0.14659 0.14465 0.13725 0.65411 0.37739 0.24324 0.49023 0.13545 0.99807 0.73566 0.39118 0.00000 0.36458 0.65116 1.00000 0.15569 0.15596
105.00000 289.00000 0.23806 0.29691 1.00000 0.59794 0.64143 0.72090 0.72801 0.61718 0.61572 0.61236 0.85398 0.72980 0.89189 0.79072 0.61443 0.99410 0.88820 0.14364 1.00000 0.71875 0.85412 1.00000 0.62311 0.62589
105.00000 290.00000 0.47623 0.83207 1.00000 0.62699 0.66850 0.68896 0.59349 0.50794 0.50000 0.47000 0.86546 0.67994 0.37838 0.70765 0.46998 0.99554 0.71398 0.35325 1.00000 0.68750 0.86469 1.00000 0.48285 0.48638
105.00000 291.00000 0.47611 0.83135 1.00000 0.62699 0.66199 0.69200 0.58323 0.50794 0.50000 0.47069 0.86557 0.68133 0.37838 0.68730 0.46996 0.99559 0.73368 0.35340 1.00000 0.68750 0.86469 1.00000 0.48011 0.49161
105.00000 292.00000 0.59511 0.73836 0.00000 0.23809 0.01771 0.08219 0.08523 0.29318 0.20881 0.09028 0.00441 0.08890 0.02703 0.06352 0.08956 0.00617 0.23806 0.98027 0.00000 0.06250 0.00000 0.00000 0.13889 0.13643
105.00000 293.00000 0.59521 0.73848 0.00000 0.23809 0.01587 0.08945 0.10304 0.29318 0.20881 0.09124 0.00456 0.08791 0.02703 0.06107 0.08898 0.00634 0.24980 0.97331 0.00000 0.05208 0.00000 0.00000 0.14095 0.14493
105.00000 294.00000 0.83315 0.99917 1.00000 0.06027 0.19213 0.35603 0.29355 0.14659 0.14465 0.13756 0.65428 0.38336 0.24324 0.50977 0.13562 0.99821 0.74447 0.39316 0.00000 0.35417 0.65116 1.00000 0.15809 0.16122
105.00000 295.00000 0.47625 0.83135 1.00000 0.62699 0.66988 0.69622 0.57524 0.50794 0.50000 0.46926 0.86557 0.69014 0.37838 0.69381 0.46904 0.99570 0.73423 0.35607 1.00000 0.68750 0.86469 1.00000 0.48354 0.48944
105.00000 296.00000 0.99979 0.99762 1.00000 0.00000 0.13194 0.33369 0.28879 0.00000 0.00063 0.00520 0.63097 0.36781 0.27027 0.51873 0.00325 0.99840 0.79369 0.37917 0.00000 0.33333 0.62791 1.00000 0.00549 0.01716
105.00000 297.00000 0.00004 0.00166 1.00000 1.00000 0.99413 0.96378 0.97677 1.00000 1.00000 0.98983 0.99949 0.97354 1.00000 0.96091 0.99229 0.99363 0.93214 0.08743 1.00000 0.97917 1.00000 1.00000 0.97154 0.96321
105.00000 298.00000 0.00005 0.00000 1.00000 1.00000 0.99294 0.97437 0.98594 1.00000 1.00000 0.99160 0.99958 0.97162 1.00000 0.95358 0.99168 0.99369 0.93816 0.06353 1.00000 0.96875 1.00000 1.00000 0.97051 0.96903
105.00000 299.00000 0.00007 0.00000 1.00000 1.00000 0.99202 0.98702 0.97304 1.00000 1.00000 0.99270 0.99943 0.97202 1.00000 0.96743 0.99178 0.99361 0.92833 0.05419 1.00000 0.97917 1.00000 1.00000 0.96605 0.97328
105.00000 300.00000 0.47618 0.83135 1.00000 0.62699 0.67080 0.70584 0.60470 0.50794 0.50000 0.47172 0.86586 0.70092 0.37838 0.70277 0.46884 0.99600 0.74720 0.36698 1.00000 0.69792 0.86469 1.00000 0.48320 0.48479
105.00000 301.00000 0.83317 0.99786 1.00000 0.06027 0.19653 0.35755 0.30691 0.14659 0.14465 0.13620 0.65485 0.39348 0.24324 0.49756 0.13529 0.99898 0.78229 0.38115 0.00000 0.36458 0.65116 1.00000 0.15466 0.14971
105.00000 302.00000 0.47607 0.83314 1.00000 0.62699 0.67236 0.68864 0.60603 0.50794 0.50063 0.46933 0.86586 0.69594 0.37838 0.71091 0.46856 0.99606 0.74711 0.35530 1.00000 0.67708 0.86469 1.00000 0.48114 0.49007
105.00000 303.00000 0.99991 0.99810 1.00000 0.00000 0.13992 0.36069 0.30210 0.00000 0.00063 0.00379 0.63133 0.38225 0.27027 0.52443 0.00327 0.99851 0.83710 0.38719 0.00000 0.33333 0.62791 1.00000 0.01200 0.01536
