96.00000 1.00000 0.41954 0.16667 1.00000 1.00000 0.24699 0.17615 0.37086 1.00000 1.00000 0.81643 0.31818 0.11110 1.00000 0.33333 0.76119 0.26471 0.17246 0.40169 1.00000 0.33333 1.00000 1.00000 0.52713 0.72300
96.00000 2.00000 0.52299 0.33333 1.00000 1.00000 0.23494 0.32178 0.24831 1.00000 1.00000 0.61353 0.30303 0.16589 1.00000 0.24405 0.77186 0.42647 0.18717 0.45171 1.00000 0.33333 1.00000 1.00000 0.67442 0.64112
96.00000 3.00000 0.46552 0.75000 1.00000 1.00000 0.24699 0.21474 0.21624 1.00000 1.00000 0.67311 0.21212 0.11451 1.00000 0.28571 0.76119 0.19118 0.17948 0.36860 1.00000 0.33333 1.00000 1.00000 0.59690 0.60743
96.00000 4.00000 0.55172 0.41667 1.00000 1.00000 0.30422 0.19555 0.19564 1.00000 1.00000 0.73752 0.19697 0.15198 1.00000 0.20238 0.72495 0.22059 0.17845 0.35283 1.00000 0.25000 1.00000 1.00000 0.64341 0.65410
96.00000 5.00000 0.64943 0.25000 1.00000 1.00000 0.37651 0.35557 0.35331 1.00000 1.00000 0.71337 0.22727 0.13506 1.00000 0.22024 0.68870 0.29412 0.18268 0.27049 1.00000 0.41667 1.00000 1.00000 0.66667 0.77879
96.00000 6.00000 0.46552 0.66667 1.00000 1.00000 0.38855 0.24918 0.33170 1.00000 1.00000 0.71981 0.19697 0.11294 1.00000 0.25000 0.74200 0.26471 0.18088 0.40631 1.00000 0.16667 1.00000 1.00000 0.63566 0.72466
96.00000 7.00000 0.62069 0.91667 1.00000 1.00000 0.29819 0.27949 0.25101 1.00000 1.00000 0.70692 0.21212 0.13690 1.00000 0.25595 0.79744 0.22059 0.17184 0.19777 1.00000 0.41667 1.00000 1.00000 0.72868 0.61489
96.00000 8.00000 0.44828 0.75000 1.00000 1.00000 0.36145 0.17964 0.34065 1.00000 1.00000 0.73752 0.27273 0.16728 1.00000 0.25000 0.66951 0.29412 0.17432 0.39977 1.00000 0.33333 1.00000 1.00000 0.75194 0.70657
96.00000 9.00000 0.28161 0.33333 1.00000 1.00000 0.32229 0.25681 0.29288 1.00000 1.00000 0.69243 0.28788 0.11752 1.00000 0.19048 0.64606 0.26471 0.16441 0.40092 1.00000 0.33333 1.00000 1.00000 0.65116 0.67026
96.00000 10.00000 0.74138 0.58333 1.00000 1.00000 0.22892 0.36669 0.44750 1.00000 1.00000 0.65539 0.22727 0.13049 1.00000 0.23214 0.76759 0.23529 0.17902 0.28126 1.00000 0.33333 1.00000 1.00000 0.55814 0.88401
96.00000 11.00000 0.47126 0.41667 1.00000 1.00000 0.36446 0.38500 0.24359 1.00000 1.00000 0.67955 0.22727 0.14884 1.00000 0.30952 0.70576 0.26471 0.18929 0.49442 1.00000 0.41667 1.00000 1.00000 0.60465 0.69939
96.00000 12.00000 0.71839 0.50000 1.00000 1.00000 0.26506 0.21496 0.26604 1.00000 0.00000 0.73752 0.22727 0.11729 1.00000 0.20238 0.73561 0.25000 0.18010 0.30319 1.00000 0.25000 1.00000 1.00000 0.62791 0.72590
96.00000 13.00000 0.41379 0.41667 1.00000 1.00000 0.28614 0.33442 0.42775 1.00000 1.00000 0.72947 0.15152 0.10868 1.00000 0.29167 0.79744 0.23529 0.21767 0.28934 1.00000 0.33333 1.00000 1.00000 0.61240 0.55344
96.00000 14.00000 0.52299 0.91667 1.00000 1.00000 0.45783 0.38369 0.25827 1.00000 1.00000 0.57005 0.15152 0.11142 1.00000 0.27381 0.69510 0.30882 0.15647 0.19508 1.00000 0.25000 1.00000 1.00000 0.55814 0.62441
96.00000 15.00000 0.71264 0.33333 1.00000 1.00000 0.28916 0.22651 0.29811 1.00000 1.00000 0.69726 0.21212 0.15036 1.00000 0.30357 0.81876 0.27941 0.17917 0.24356 1.00000 0.33333 1.00000 1.00000 0.68992 0.75255
96.00000 16.00000 0.59195 0.25000 1.00000 1.00000 0.27711 0.16678 0.35533 1.00000 1.00000 0.73913 0.12121 0.14879 1.00000 0.10119 0.71642 0.29412 0.15595 0.33205 1.00000 0.41667 1.00000 1.00000 0.62791 0.73419
96.00000 17.00000 0.45402 0.75000 1.00000 1.00000 0.42771 0.31262 0.37846 1.00000 1.00000 0.60225 0.19697 0.14377 1.00000 0.22024 0.77399 0.32353 0.16926 0.43132 1.00000 0.25000 1.00000 1.00000 0.66667 0.61309
96.00000 18.00000 0.68391 0.25000 1.00000 1.00000 0.24096 0.26139 0.25439 1.00000 1.00000 0.54428 0.18182 0.13309 1.00000 0.33929 0.70362 0.23529 0.14671 0.47403 1.00000 0.41667 1.00000 1.00000 0.70543 0.68531
96.00000 19.00000 0.33908 0.33333 1.00000 1.00000 0.21687 0.27774 0.33136 1.00000 1.00000 0.66345 0.22727 0.15175 1.00000 0.30357 0.67164 0.20588 0.16235 0.22624 1.00000 0.33333 1.00000 1.00000 0.78295 0.69939
96.00000 20.00000 0.47126 0.08333 1.00000 1.00000 0.29217 0.26684 0.38049 1.00000 1.00000 0.76006 0.27273 0.15875 1.00000 0.31548 0.60768 0.25000 0.20523 0.36245 1.00000 0.33333 1.00000 1.00000 0.61240 0.64651
96.00000 21.00000 0.28736 0.91667 1.00000 1.00000 0.30723 0.37475 0.26080 1.00000 1.00000 0.70692 0.19697 0.14386 1.00000 0.25595 0.78465 0.22059 0.18392 0.36360 1.00000 0.33333 1.00000 1.00000 0.63566 0.65783
96.00000 22.00000 0.37356 0.66667 1.00000 1.00000 0.30422 0.29693 0.40446 1.00000 1.00000 0.74557 0.10606 0.17455 1.00000 0.34524 0.69083 0.20588 0.17071 0.27395 1.00000 0.33333 1.00000 1.00000 0.48837 0.57443
96.00000 23.00000 0.51149 0.50000 1.00000 1.00000 0.39458 0.10050 0.27532 1.00000 1.00000 0.73108 0.21212 0.16656 1.00000 0.20238 0.65672 0.27941 0.16591 0.35745 1.00000 0.33333 1.00000 1.00000 0.55814 0.75104
96.00000 24.00000 0.43678 0.75000 1.00000 1.00000 0.31928 0.30281 0.26249 1.00000 1.00000 0.74074 0.22727 0.15319 1.00000 0.26190 0.80597 0.19118 0.16870 0.29357 1.00000 0.33333 1.00000 1.00000 0.70543 0.59017
96.00000 25.00000 0.67241 0.91667 1.00000 1.00000 0.31928 0.29017 0.37103 1.00000 1.00000 0.64734 0.25758 0.13179 1.00000 0.23214 0.65245 0.16176 0.16715 0.52636 1.00000 0.33333 1.00000 1.00000 0.62791 0.63712
96.00000 26.00000 0.35057 0.58333 1.00000 1.00000 0.30120 0.30826 0.33288 1.00000 1.00000 0.73913 0.22727 0.15615 1.00000 0.24405 0.80384 0.23529 0.16034 0.39207 1.00000 0.33333 1.00000 1.00000 0.59690 0.58465
96.00000 27.00000 0.37931 0.58333 1.00000 1.00000 0.25301 0.35361 0.26907 1.00000 1.00000 0.66989 0.30303 0.10859 1.00000 0.29762 0.72281 0.32353 0.17551 0.36052 1.00000 0.41667 1.00000 1.00000 0.71318 0.81580
96.00000 28.00000 0.63793 0.41667 1.00000 1.00000 0.34036 0.36821 0.27735 1.00000 1.00000 0.80193 0.24242 0.11828 1.00000 0.29762 0.68017 0.26471 0.18975 0.28242 1.00000 0.33333 1.00000 1.00000 0.56589 0.65631
96.00000 29.00000 0.29310 0.25000 1.00000 1.00000 0.35542 0.15304 0.34841 1.00000 1.00000 0.68599 0.21212 0.14112 1.00000 0.30952 0.60341 0.25000 0.16127 0.39207 1.00000 0.33333 1.00000 1.00000 0.68992 0.56738
96.00000 30.00000 0.45977 0.50000 1.00000 1.00000 0.32229 0.38566 0.29490 1.00000 1.00000 0.87279 0.15152 0.13901 1.00000 0.22619 0.71855 0.26471 0.18954 0.29627 1.00000 0.25000 1.00000 1.00000 0.73643 0.54805
96.00000 31.00000 0.52299 0.91667 1.00000 1.00000 0.25000 0.38914 0.32934 1.00000 1.00000 0.69887 0.21212 0.12676 1.00000 0.20833 0.59275 0.26471 0.16761 0.31897 1.00000 0.41667 1.00000 1.00000 0.61240 0.80765
96.00000 32.00000 0.24138 0.16667 1.00000 1.00000 0.51506 0.28232 0.34774 1.00000 1.00000 0.76973 0.24242 0.14435 1.00000 0.29762 0.76119 0.30882 0.16823 0.28319 1.00000 0.33333 1.00000 1.00000 0.64341 0.62842
96.00000 33.00000 0.60920 0.50000 1.00000 1.00000 0.40964 0.34663 0.27194 1.00000 1.00000 0.70853 0.30303 0.16495 1.00000 0.24405 0.76546 0.30882 0.18908 0.38284 1.00000 0.25000 1.00000 1.00000 0.66667 0.64996
96.00000 34.00000 0.48851 0.66667 1.00000 1.00000 0.33735 0.40811 0.40108 1.00000 1.00000 0.70209 0.25758 0.10491 1.00000 0.26190 0.45416 0.23529 0.19486 0.29280 1.00000 0.25000 1.00000 1.00000 0.70543 0.58837
96.00000 35.00000 0.65517 0.58333 1.00000 1.00000 0.12651 0.28690 0.24848 1.00000 1.00000 0.68921 0.24242 0.10092 1.00000 0.17262 0.76119 0.20588 0.14687 0.34513 1.00000 0.33333 1.00000 1.00000 0.56589 0.58465
96.00000 36.00000 0.45402 0.66667 1.00000 1.00000 0.31325 0.36211 0.34065 1.00000 1.00000 0.75040 0.18182 0.14408 1.00000 0.21429 0.70149 0.23529 0.15874 0.33628 1.00000 0.33333 1.00000 1.00000 0.62791 0.71555
96.00000 37.00000 0.45977 0.41667 1.00000 1.00000 0.40060 0.35688 0.45375 1.00000 1.00000 0.66828 0.22727 0.16028 1.00000 0.36310 0.78891 0.26471 0.16219 0.38438 1.00000 0.33333 1.00000 1.00000 0.74419 0.68296
96.00000 38.00000 0.55172 0.25000 1.00000 1.00000 0.26807 0.30477 0.27211 1.00000 1.00000 0.52496 0.19697 0.11236 1.00000 0.36905 0.74840 0.26471 0.18469 0.33821 1.00000 0.33333 1.00000 1.00000 0.54264 0.60218
96.00000 39.00000 0.32759 0.58333 1.00000 1.00000 0.32831 0.29300 0.34959 1.00000 1.00000 0.71981 0.25758 0.10293 1.00000 0.28571 0.65032 0.25000 0.16565 0.31628 1.00000 0.33333 1.00000 1.00000 0.72868 0.61599
96.00000 40.00000 0.50000 0.75000 1.00000 1.00000 0.37349 0.34162 0.21117 1.00000 1.00000 0.55717 0.19697 0.16674 1.00000 0.29762 0.75053 0.27941 0.18020 0.27010 1.00000 0.41667 1.00000 1.00000 0.60465 0.74648
96.00000 41.00000 0.44828 0.08333 1.00000 1.00000 0.39759 0.35840 0.25861 1.00000 1.00000 0.68116 0.27273 0.14139 1.00000 0.25000 0.83795 0.27941 0.16937 0.31050 1.00000 0.25000 1.00000 1.00000 0.60465 0.83292
96.00000 42.00000 0.44828 0.16667 1.00000 1.00000 0.38855 0.28210 0.36698 1.00000 1.00000 0.69243 0.19697 0.10657 1.00000 0.32738 0.71855 0.30882 0.16963 0.41477 1.00000 0.33333 1.00000 1.00000 0.59690 0.69856
96.00000 43.00000 0.63793 0.91667 1.00000 1.00000 0.15964 0.37497 0.27481 1.00000 1.00000 0.81320 0.25758 0.12030 1.00000 0.42857 0.74414 0.23529 0.18547 0.47595 1.00000 0.41667 1.00000 1.00000 0.51163 0.54004
96.00000 44.00000 0.51149 0.75000 1.00000 1.00000 0.37952 0.21605 0.33626 1.00000 1.00000 0.73752 0.25758 0.15418 1.00000 0.26786 0.68443 0.27941 0.17809 0.34937 1.00000 0.33333 1.00000 1.00000 0.61240 0.55026
96.00000 45.00000 0.34483 0.41667 1.00000 1.00000 0.24699 0.45106 0.28528 1.00000 1.00000 0.69887 0.21212 0.11110 1.00000 0.33929 0.60981 0.19118 0.14109 0.33975 1.00000 0.41667 1.00000 1.00000 0.38760 0.60439
96.00000 46.00000 0.58046 0.25000 1.00000 1.00000 0.22289 0.31960 0.31499 1.00000 1.00000 0.59420 0.21212 0.14045 1.00000 0.29167 0.67804 0.25000 0.15420 0.18584 1.00000 0.33333 1.00000 1.00000 0.48062 0.63173
96.00000 47.00000 0.66667 0.33333 1.00000 1.00000 0.22590 0.39677 0.33187 1.00000 1.00000 0.63285 0.18182 0.12981 1.00000 0.16667 0.73348 0.27941 0.17210 0.26318 1.00000 0.25000 1.00000 1.00000 0.54264 0.67219
96.00000 48.00000 0.36207 0.75000 1.00000 1.00000 0.29518 0.19403 0.30098 1.00000 1.00000 0.67472 0.19697 0.15840 1.00000 0.22619 0.57569 0.32353 0.19610 0.42132 1.00000 0.33333 1.00000 1.00000 0.63566 0.50138
96.00000 49.00000 0.47701 0.75000 1.00000 1.00000 0.31627 0.30543 0.28393 1.00000 1.00000 0.66023 0.25758 0.15871 1.00000 0.16071 0.67377 0.32353 0.18862 0.39631 1.00000 0.25000 1.00000 1.00000 0.69767 0.86620
96.00000 50.00000 0.43678 0.08333 1.00000 1.00000 0.40663 0.31458 0.29136 1.00000 1.00000 0.67311 0.21212 0.14103 1.00000 0.28571 0.70362 0.32353 0.17246 0.37784 1.00000 0.50000 1.00000 1.00000 0.54264 0.60356
96.00000 51.00000 0.48851 0.58333 1.00000 1.00000 0.43675 0.19163 0.28444 1.00000 1.00000 0.81643 0.22727 0.12995 1.00000 0.27381 0.71855 0.29412 0.18077 0.45518 1.00000 0.41667 1.00000 1.00000 0.79845 0.60743
96.00000 52.00000 0.41954 0.75000 1.00000 1.00000 0.31928 0.32221 0.22299 1.00000 1.00000 0.73430 0.13636 0.12438 1.00000 0.22619 0.70149 0.29412 0.15518 0.36168 1.00000 0.41667 1.00000 1.00000 0.74419 0.70588
96.00000 53.00000 0.54023 0.66667 1.00000 1.00000 0.24699 0.30913 0.40631 1.00000 1.00000 0.65378 0.22727 0.14516 1.00000 0.31548 0.53305 0.22059 0.18980 0.37591 1.00000 0.25000 1.00000 1.00000 0.61240 0.71872
96.00000 54.00000 0.65517 0.58333 1.00000 1.00000 0.25000 0.42773 0.30402 1.00000 1.00000 0.67311 0.24242 0.16400 1.00000 0.33333 0.85075 0.23529 0.16921 0.37091 1.00000 0.33333 1.00000 1.00000 0.61240 0.65065
96.00000 55.00000 0.58621 0.91667 1.00000 1.00000 0.21988 0.28123 0.38673 1.00000 1.00000 0.59420 0.21212 0.13138 1.00000 0.39286 0.68657 0.27941 0.17680 0.30358 1.00000 0.25000 1.00000 1.00000 0.72868 0.67716
96.00000 56.00000 0.64943 0.66667 1.00000 1.00000 0.36145 0.40746 0.31533 1.00000 1.00000 0.61514 0.27273 0.12923 1.00000 0.26786 0.69510 0.26471 0.18727 0.37553 1.00000 0.41667 1.00000 1.00000 0.68217 0.61820
96.00000 57.00000 0.44828 0.58333 1.00000 1.00000 0.34639 0.29322 0.36901 1.00000 1.00000 0.61675 0.19697 0.12847 1.00000 0.29762 0.72281 0.23529 0.16508 0.35629 1.00000 0.33333 1.00000 1.00000 0.48062 0.74413
96.00000 58.00000 0.60920 0.16667 1.00000 1.00000 0.32229 0.57489 0.41695 1.00000 1.00000 0.70209 0.25758 0.11460 1.00000 0.39881 0.73561 0.27941 0.14878 0.53251 1.00000 0.33333 1.00000 1.00000 0.68992 0.54999
96.00000 59.00000 0.43103 0.91667 1.00000 1.00000 0.47892 0.40266 0.30925 1.00000 1.00000 0.71176 0.22727 0.10590 1.00000 0.28571 0.66311 0.26471 0.16266 0.33821 1.00000 0.33333 1.00000 1.00000 0.61240 0.65493
96.00000 60.00000 0.44828 0.50000 1.00000 1.00000 0.27108 0.42882 0.28933 1.00000 1.00000 0.77778 0.30303 0.13650 1.00000 0.31548 0.65672 0.25000 0.15920 0.39669 1.00000 0.33333 1.00000 1.00000 0.65891 0.75214
96.00000 61.00000 0.59195 0.41667 1.00000 1.00000 0.55723 0.37345 0.44615 1.00000 0.00000 0.66506 0.33333 0.14489 1.00000 0.28571 0.64606 0.27941 0.18567 0.26356 1.00000 0.25000 1.00000 1.00000 0.56589 0.67633
96.00000 62.00000 0.44253 0.41667 1.00000 1.00000 0.23193 0.41923 0.27718 1.00000 1.00000 0.69404 0.22727 0.15458 1.00000 0.21429 0.86994 0.22059 0.15027 0.27395 1.00000 0.41667 1.00000 1.00000 0.68992 0.65106
96.00000 63.00000 0.59195 0.41667 1.00000 1.00000 0.34337 0.23850 0.37593 1.00000 1.00000 0.60548 0.28788 0.16091 1.00000 0.22619 0.70149 0.25000 0.13526 0.38476 1.00000 0.33333 1.00000 1.00000 0.53488 0.64250
96.00000 64.00000 0.50575 0.66667 1.00000 1.00000 0.42470 0.42533 0.21556 1.00000 1.00000 0.70692 0.13636 0.14027 1.00000 0.22024 0.78465 0.25000 0.15574 0.38092 1.00000 0.33333 1.00000 1.00000 0.64341 0.66473
96.00000 65.00000 0.55172 0.41667 1.00000 1.00000 0.12048 0.22629 0.19598 1.00000 1.00000 0.71337 0.24242 0.13143 1.00000 0.31548 0.64819 0.25000 0.18217 0.29396 1.00000 0.16667 1.00000 1.00000 0.76744 0.69801
96.00000 66.00000 0.50000 0.08333 1.00000 1.00000 0.21988 0.41552 0.38234 1.00000 1.00000 0.67955 0.24242 0.15866 1.00000 0.23214 0.71855 0.13235 0.14284 0.26510 1.00000 0.41667 1.00000 1.00000 0.72868 0.64374
96.00000 67.00000 0.72989 0.50000 1.00000 1.00000 0.27410 0.23567 0.45172 1.00000 1.00000 0.68921 0.19697 0.13349 1.00000 0.21429 0.69936 0.22059 0.19176 0.37938 1.00000 0.25000 1.00000 1.00000 0.47287 0.59183
96.00000 68.00000 0.53448 0.58333 1.00000 1.00000 0.27711 0.25529 0.32816 1.00000 1.00000 0.69887 0.18182 0.12519 1.00000 0.26190 0.73561 0.22059 0.15750 0.29665 1.00000 0.33333 1.00000 1.00000 0.71318 0.65714
96.00000 69.00000 0.60920 0.66667 1.00000 1.00000 0.46988 0.43819 0.30317 1.00000 1.00000 0.63124 0.21212 0.15440 1.00000 0.30952 0.62047 0.20588 0.19068 0.39708 1.00000 0.33333 1.00000 1.00000 0.68992 0.70671
96.00000 70.00000 0.31034 0.08333 1.00000 1.00000 0.52410 0.15544 0.34082 1.00000 1.00000 0.62963 0.33333 0.11559 1.00000 0.29167 0.68443 0.23529 0.16973 0.39515 1.00000 0.41667 1.00000 1.00000 0.72093 0.56228
96.00000 71.00000 0.50575 0.41667 1.00000 1.00000 0.33434 0.38042 0.30469 1.00000 1.00000 0.77295 0.16667 0.13093 1.00000 0.29167 0.75053 0.32353 0.17107 0.33513 1.00000 0.16667 1.00000 1.00000 0.58140 0.67937
96.00000 72.00000 0.46552 0.41667 1.00000 1.00000 0.26807 0.26335 0.32934 1.00000 1.00000 0.66828 0.13636 0.15166 1.00000 0.25000 0.62900 0.22059 0.15327 0.30319 1.00000 0.25000 1.00000 1.00000 0.55814 0.67136
96.00000 73.00000 0.47126 0.83333 1.00000 1.00000 0.53916 0.25485 0.34267 1.00000 1.00000 0.66345 0.24242 0.10226 1.00000 0.27976 0.75480 0.32353 0.15869 0.31397 1.00000 0.58333 1.00000 1.00000 0.63566 0.75324
96.00000 74.00000 0.54023 0.41667 1.00000 1.00000 0.23494 0.15718 0.33187 1.00000 1.00000 0.53140 0.31818 0.15122 1.00000 0.25595 0.67804 0.23529 0.17344 0.24663 1.00000 0.33333 1.00000 1.00000 0.57364 0.79564
96.00000 75.00000 0.27586 0.50000 1.00000 1.00000 0.29217 0.33377 0.42218 1.00000 1.00000 0.69887 0.27273 0.13897 1.00000 0.32738 0.74627 0.27941 0.16978 0.24702 1.00000 0.33333 1.00000 1.00000 0.65116 0.73529
96.00000 76.00000 0.30460 0.66667 1.00000 1.00000 0.26506 0.24591 0.24814 1.00000 1.00000 0.72142 0.19697 0.11339 1.00000 0.22024 0.74627 0.36765 0.18237 0.39130 1.00000 0.33333 1.00000 1.00000 0.57364 0.66584
96.00000 77.00000 0.51149 0.33333 1.00000 1.00000 0.28012 0.31851 0.34301 1.00000 1.00000 0.67794 0.24242 0.14278 1.00000 0.29167 0.63966 0.23529 0.14563 0.39669 1.00000 0.25000 1.00000 1.00000 0.58915 0.56656
96.00000 78.00000 0.53448 0.16667 1.00000 1.00000 0.25602 0.39786 0.34267 1.00000 1.00000 0.73913 0.16667 0.13950 1.00000 0.27381 0.72281 0.22059 0.18856 0.38438 1.00000 0.33333 1.00000 1.00000 0.52713 0.65258
96.00000 79.00000 0.45977 0.25000 1.00000 1.00000 0.31928 0.32200 0.27009 1.00000 1.00000 0.74879 0.21212 0.16499 1.00000 0.28571 0.64179 0.29412 0.19594 0.27010 1.00000 0.33333 1.00000 1.00000 0.69767 0.53397
96.00000 80.00000 0.62069 0.83333 1.00000 1.00000 0.43072 0.22411 0.26907 1.00000 1.00000 0.68116 0.19697 0.14000 1.00000 0.29762 0.72068 0.29412 0.17592 0.38438 1.00000 0.25000 1.00000 1.00000 0.60465 0.51491
96.00000 81.00000 0.32184 0.25000 1.00000 1.00000 0.41867 0.23959 0.40496 1.00000 1.00000 0.66345 0.28788 0.12515 1.00000 0.17857 0.65032 0.32353 0.18758 0.34013 1.00000 0.50000 1.00000 1.00000 0.60465 0.44311
96.00000 82.00000 0.44828 0.25000 1.00000 1.00000 0.51807 0.23545 0.20544 1.00000 1.00000 0.59742 0.25758 0.12959 1.00000 0.29762 0.62900 0.22059 0.15781 0.33128 1.00000 0.50000 1.00000 1.00000 0.73643 0.65824
96.00000 83.00000 0.38506 0.41667 1.00000 1.00000 0.41566 0.46239 0.31347 1.00000 1.00000 0.60064 0.30303 0.11496 1.00000 0.27976 0.68657 0.23529 0.18242 0.28665 1.00000 0.33333 1.00000 1.00000 0.69767 0.72742
96.00000 84.00000 0.45402 0.16667 1.00000 1.00000 0.23795 0.34096 0.41442 1.00000 1.00000 0.65539 0.21212 0.13295 1.00000 0.14881 0.68230 0.27941 0.20100 0.40977 1.00000 0.25000 1.00000 1.00000 0.75194 0.67868
96.00000 85.00000 0.55172 0.25000 1.00000 1.00000 0.28012 0.39416 0.41610 1.00000 1.00000 0.69565 0.30303 0.14063 1.00000 0.26190 0.76759 0.20588 0.18629 0.39092 1.00000 0.41667 1.00000 1.00000 0.50388 0.68448
96.00000 86.00000 0.51149 0.16667 1.00000 1.00000 0.38554 0.44059 0.31718 1.00000 0.00000 0.70692 0.28788 0.16082 1.00000 0.29167 0.74840 0.29412 0.20518 0.32782 1.00000 0.25000 1.00000 1.00000 0.64341 0.66225
96.00000 87.00000 0.56897 0.50000 1.00000 1.00000 0.58133 0.35753 0.36749 1.00000 1.00000 0.54267 0.27273 0.12272 1.00000 0.40476 0.73561 0.32353 0.17489 0.30358 1.00000 0.25000 1.00000 1.00000 0.65116 0.53811
96.00000 88.00000 0.38506 0.25000 1.00000 1.00000 0.30422 0.33442 0.39483 1.00000 1.00000 0.71176 0.30303 0.14242 1.00000 0.30952 0.68657 0.25000 0.19099 0.34436 1.00000 0.25000 1.00000 1.00000 0.75194 0.64457
96.00000 89.00000 0.47701 0.83333 1.00000 1.00000 0.21988 0.34467 0.36462 1.00000 1.00000 0.64251 0.16667 0.16203 1.00000 0.24405 0.63753 0.23529 0.21607 0.22970 1.00000 0.41667 1.00000 1.00000 0.58140 0.76981
96.00000 90.00000 0.56897 0.25000 1.00000 1.00000 0.13855 0.31022 0.27431 1.00000 1.00000 0.71176 0.16667 0.14879 1.00000 0.18452 0.59915 0.23529 0.19347 0.47287 1.00000 0.33333 1.00000 1.00000 0.65116 0.50718
96.00000 91.00000 0.39655 0.58333 1.00000 1.00000 0.34940 0.28995 0.18569 1.00000 1.00000 0.60064 0.24242 0.17666 1.00000 0.25000 0.63113 0.27941 0.20312 0.31666 1.00000 0.33333 1.00000 1.00000 0.62791 0.72245
96.00000 92.00000 0.74138 0.58333 1.00000 1.00000 0.37349 0.38587 0.31516 1.00000 1.00000 0.50242 0.27273 0.13488 1.00000 0.23810 0.71429 0.33824 0.17871 0.35783 1.00000 0.25000 1.00000 1.00000 0.65116 0.75822
96.00000 93.00000 0.24713 0.33333 1.00000 1.00000 0.14759 0.30913 0.25270 1.00000 1.00000 0.66989 0.24242 0.11483 1.00000 0.26786 0.64179 0.27941 0.19687 0.33436 1.00000 0.16667 1.00000 1.00000 0.58140 0.65728
96.00000 94.00000 0.27586 0.16667 1.00000 1.00000 0.46687 0.32418 0.27076 1.00000 1.00000 0.58454 0.22727 0.14197 1.00000 0.29762 0.74200 0.17647 0.21721 0.39438 1.00000 0.50000 1.00000 1.00000 0.72868 0.76457
96.00000 95.00000 0.67816 0.91667 1.00000 1.00000 0.46687 0.49531 0.21320 1.00000 1.00000 0.68116 0.24242 0.12918 1.00000 0.25595 0.71002 0.27941 0.15311 0.23778 1.00000 0.50000 1.00000 1.00000 0.76744 0.74109
96.00000 96.00000 0.42529 0.58333 1.00000 1.00000 0.33434 0.25943 0.38488 1.00000 1.00000 0.76329 0.16667 0.15220 1.00000 0.25595 0.76759 0.19118 0.18485 0.39323 1.00000 0.33333 1.00000 1.00000 0.53488 0.64098
96.00000 97.00000 0.50000 0.16667 1.00000 1.00000 0.53614 0.36691 0.37779 1.00000 1.00000 0.73591 0.27273 0.10998 1.00000 0.25000 0.69296 0.27941 0.17799 0.36899 1.00000 0.50000 1.00000 1.00000 0.67442 0.67509
96.00000 98.00000 0.50000 0.33333 1.00000 1.00000 0.42169 0.32658 0.18130 1.00000 1.00000 0.70692 0.31818 0.12012 1.00000 0.20238 0.68017 0.23529 0.18939 0.31705 1.00000 0.41667 1.00000 1.00000 0.68217 0.59334
96.00000 99.00000 0.56897 0.16667 1.00000 1.00000 0.36145 0.45062 0.32731 1.00000 1.00000 0.51852 0.22727 0.13336 1.00000 0.21429 0.68870 0.25000 0.15755 0.34898 1.00000 0.33333 1.00000 1.00000 0.75969 0.50414
96.00000 100.00000 0.47701 0.58333 1.00000 1.00000 0.35241 0.36255 0.37762 1.00000 1.00000 0.65700 0.21212 0.16750 1.00000 0.27381 0.60981 0.25000 0.16426 0.40746 1.00000 0.33333 1.00000 1.00000 0.71318 0.61654
96.00000 101.00000 0.56897 0.75000 1.00000 1.00000 0.25904 0.31044 0.30165 1.00000 1.00000 0.78744 0.19697 0.13134 1.00000 0.38690 0.67164 0.23529 0.19801 0.32705 1.00000 0.25000 1.00000 1.00000 0.61240 0.72162
96.00000 102.00000 0.62069 0.75000 1.00000 1.00000 0.40964 0.45585 0.32917 1.00000 1.00000 0.65862 0.22727 0.15463 1.00000 0.26190 0.69083 0.22059 0.17907 0.37861 1.00000 0.33333 1.00000 1.00000 0.56589 0.66252
96.00000 103.00000 0.53448 0.50000 1.00000 1.00000 0.40060 0.32570 0.31921 1.00000 1.00000 0.72142 0.25758 0.16768 1.00000 0.25000 0.68657 0.27941 0.18593 0.38361 1.00000 0.50000 1.00000 1.00000 0.59690 0.77341
96.00000 104.00000 0.44828 0.66667 1.00000 1.00000 0.28614 0.32461 0.19784 1.00000 1.00000 0.62802 0.21212 0.18792 1.00000 0.29167 0.58209 0.32353 0.21870 0.31320 1.00000 0.50000 1.00000 1.00000 0.48837 0.81787
96.00000 105.00000 0.74138 0.75000 1.00000 1.00000 0.25602 0.36778 0.32309 1.00000 1.00000 0.68599 0.28788 0.14265 1.00000 0.29762 0.75480 0.32353 0.17406 0.22932 1.00000 0.33333 1.00000 1.00000 0.58140 0.63836
96.00000 106.00000 0.43103 0.33333 1.00000 1.00000 0.42771 0.35077 0.33390 1.00000 1.00000 0.61031 0.28788 0.12349 1.00000 0.34524 0.69723 0.20588 0.17922 0.38669 1.00000 0.33333 1.00000 1.00000 0.49612 0.67219
96.00000 107.00000 0.41379 0.25000 1.00000 1.00000 0.32530 0.32156 0.38555 1.00000 1.00000 0.74879 0.22727 0.15638 1.00000 0.29167 0.66738 0.32353 0.19584 0.39130 1.00000 0.33333 1.00000 1.00000 0.62016 0.66542
96.00000 108.00000 0.50575 0.75000 1.00000 1.00000 0.42771 0.29322 0.32208 1.00000 1.00000 0.67150 0.33333 0.13264 1.00000 0.29762 0.69510 0.22059 0.17639 0.33590 1.00000 0.41667 1.00000 1.00000 0.49612 0.67550
96.00000 109.00000 0.43103 0.58333 1.00000 1.00000 0.42169 0.36102 0.39686 1.00000 1.00000 0.78100 0.21212 0.16338 1.00000 0.14881 0.73774 0.23529 0.16271 0.35629 1.00000 0.41667 1.00000 1.00000 0.55039 0.62938
96.00000 110.00000 0.70115 0.58333 1.00000 1.00000 0.54819 0.43078 0.33997 1.00000 1.00000 0.71337 0.28788 0.16652 1.00000 0.27381 0.66738 0.27941 0.18433 0.55714 1.00000 0.16667 1.00000 1.00000 0.67442 0.55012
96.00000 111.00000 0.47701 0.75000 1.00000 1.00000 0.42771 0.28581 0.33964 1.00000 1.00000 0.63124 0.22727 0.11990 1.00000 0.29762 0.68443 0.22059 0.15456 0.29165 1.00000 0.41667 1.00000 1.00000 0.48062 0.61419
96.00000 112.00000 0.56897 0.16667 1.00000 1.00000 0.36747 0.33682 0.37795 1.00000 1.00000 0.75845 0.24242 0.15207 1.00000 0.33333 0.79318 0.22059 0.16725 0.34475 1.00000 0.33333 1.00000 1.00000 0.65891 0.67219
96.00000 113.00000 0.58621 0.16667 1.00000 1.00000 0.30120 0.38435 0.20864 1.00000 1.00000 0.62963 0.28788 0.14462 1.00000 0.27381 0.55011 0.30882 0.17530 0.32743 1.00000 0.33333 1.00000 1.00000 0.53488 0.68945
96.00000 114.00000 0.40230 0.66667 1.00000 1.00000 0.26506 0.15631 0.41610 1.00000 1.00000 0.65539 0.21212 0.13336 1.00000 0.25595 0.55224 0.32353 0.16013 0.21662 1.00000 0.50000 1.00000 1.00000 0.70543 0.80254
96.00000 115.00000 0.52874 0.66667 1.00000 1.00000 0.31627 0.32919 0.25304 1.00000 1.00000 0.67955 0.27273 0.17024 1.00000 0.39881 0.73348 0.33824 0.16741 0.46710 1.00000 0.33333 1.00000 1.00000 0.63566 0.55040
96.00000 116.00000 0.51149 0.75000 1.00000 1.00000 0.35843 0.28973 0.36749 1.00000 1.00000 0.70853 0.27273 0.14399 1.00000 0.33929 0.71642 0.39706 0.17350 0.40746 1.00000 0.50000 1.00000 1.00000 0.63566 0.80337
96.00000 117.00000 0.35057 0.41667 1.00000 1.00000 0.55723 0.47591 0.38133 1.00000 1.00000 0.64090 0.24242 0.13385 1.00000 0.20238 0.59701 0.33824 0.18645 0.21277 1.00000 0.41667 1.00000 1.00000 0.58140 0.66901
96.00000 118.00000 0.65517 0.50000 1.00000 1.00000 0.41867 0.47264 0.32866 1.00000 1.00000 0.69243 0.22727 0.13753 1.00000 0.30952 0.65245 0.27941 0.18707 0.28434 1.00000 0.41667 1.00000 1.00000 0.63566 0.61544
96.00000 119.00000 0.51149 0.41667 1.00000 1.00000 0.41265 0.50948 0.33423 1.00000 1.00000 0.60548 0.28788 0.12559 1.00000 0.42262 0.72921 0.29412 0.18516 0.35975 1.00000 0.33333 1.00000 1.00000 0.58140 0.62179
96.00000 120.00000 0.35057 0.75000 1.00000 1.00000 0.19880 0.28494 0.33305 1.00000 1.00000 0.67311 0.28788 0.12533 1.00000 0.29762 0.68443 0.30882 0.18361 0.34129 1.00000 0.41667 1.00000 1.00000 0.72868 0.60605
96.00000 121.00000 0.63793 0.41667 1.00000 1.00000 0.42470 0.42446 0.42066 1.00000 1.00000 0.74557 0.27273 0.15261 1.00000 0.35119 0.70362 0.39706 0.17231 0.36822 1.00000 0.33333 1.00000 1.00000 0.74419 0.65728
96.00000 122.00000 0.35632 0.58333 1.00000 1.00000 0.36747 0.33333 0.40851 1.00000 1.00000 0.59742 0.28788 0.16504 1.00000 0.40476 0.63326 0.29412 0.18867 0.53905 1.00000 0.50000 1.00000 1.00000 0.62016 0.68973
96.00000 123.00000 0.57471 0.16667 1.00000 1.00000 0.28614 0.17659 0.28309 1.00000 1.00000 0.51691 0.30303 0.15575 1.00000 0.20238 0.70362 0.23529 0.15698 0.39053 1.00000 0.33333 1.00000 1.00000 0.49612 0.77713
96.00000 124.00000 0.48851 0.91667 1.00000 1.00000 0.32831 0.38369 0.34453 1.00000 1.00000 0.74235 0.28788 0.13273 1.00000 0.19643 0.73774 0.29412 0.19465 0.27626 1.00000 0.33333 1.00000 1.00000 0.66667 0.66183
96.00000 125.00000 0.46552 0.25000 1.00000 1.00000 0.37349 0.34293 0.27650 1.00000 1.00000 0.62802 0.24242 0.15189 1.00000 0.30952 0.74414 0.23529 0.20389 0.27203 1.00000 0.33333 1.00000 1.00000 0.58140 0.68199
96.00000 126.00000 0.43103 0.66667 1.00000 1.00000 0.43675 0.24286 0.37998 1.00000 1.00000 0.70048 0.31818 0.11352 1.00000 0.24405 0.64179 0.30882 0.16250 0.37630 1.00000 0.33333 1.00000 1.00000 0.56589 0.54502
96.00000 127.00000 0.45402 0.25000 1.00000 1.00000 0.24096 0.36364 0.39855 1.00000 1.00000 0.66667 0.18182 0.10343 1.00000 0.30357 0.80597 0.23529 0.19548 0.39592 1.00000 0.25000 1.00000 1.00000 0.72868 0.65866
96.00000 128.00000 0.32184 0.33333 1.00000 1.00000 0.38253 0.26139 0.38167 1.00000 1.00000 0.72625 0.22727 0.14520 1.00000 0.30952 0.68230 0.26471 0.20317 0.30165 1.00000 0.33333 1.00000 1.00000 0.60465 0.51505
96.00000 129.00000 0.53448 0.58333 1.00000 1.00000 0.15060 0.42599 0.39619 1.00000 1.00000 0.61675 0.25758 0.14552 1.00000 0.31548 0.66311 0.22059 0.16441 0.18161 1.00000 0.33333 1.00000 1.00000 0.80620 0.59776
96.00000 130.00000 0.55172 0.41667 1.00000 1.00000 0.19277 0.20340 0.36141 1.00000 1.00000 0.60870 0.22727 0.13704 1.00000 0.28571 0.61194 0.30882 0.16684 0.29088 1.00000 0.41667 1.00000 1.00000 0.64341 0.71900
96.00000 131.00000 0.50000 0.58333 1.00000 1.00000 0.43373 0.39089 0.27937 1.00000 1.00000 0.66667 0.28788 0.13547 1.00000 0.18452 0.75906 0.29412 0.15167 0.37861 1.00000 0.33333 1.00000 1.00000 0.57364 0.73571
96.00000 132.00000 0.35057 0.83333 1.00000 1.00000 0.24096 0.34227 0.40226 1.00000 1.00000 0.71498 0.22727 0.10643 1.00000 0.24405 0.61407 0.30882 0.18144 0.32820 1.00000 0.33333 1.00000 1.00000 0.58140 0.71058
96.00000 133.00000 0.59770 0.16667 1.00000 1.00000 0.38554 0.18465 0.43467 1.00000 1.00000 0.55233 0.27273 0.14027 1.00000 0.32143 0.69510 0.35294 0.17664 0.27818 1.00000 0.33333 1.00000 1.00000 0.48062 0.57374
96.00000 134.00000 0.50000 0.66667 1.00000 1.00000 0.32229 0.36843 0.45662 1.00000 1.00000 0.76006 0.19697 0.15593 1.00000 0.21429 0.80597 0.20588 0.18975 0.46018 1.00000 0.41667 1.00000 1.00000 0.72868 0.70768
96.00000 135.00000 0.34483 0.33333 1.00000 1.00000 0.35542 0.41574 0.33187 1.00000 1.00000 0.55556 0.31818 0.13762 1.00000 0.39286 0.55224 0.23529 0.15198 0.17507 1.00000 0.25000 1.00000 1.00000 0.52713 0.72784
96.00000 136.00000 0.39655 0.33333 1.00000 1.00000 0.52711 0.43383 0.29288 1.00000 1.00000 0.66506 0.33333 0.12672 1.00000 0.33333 0.71642 0.29412 0.17525 0.24779 1.00000 0.33333 1.00000 1.00000 0.62016 0.56310
96.00000 137.00000 0.55747 0.75000 1.00000 1.00000 0.31024 0.32440 0.45560 1.00000 1.00000 0.61031 0.22727 0.15014 1.00000 0.25595 0.71429 0.19118 0.16766 0.59407 1.00000 0.50000 1.00000 1.00000 0.64341 0.61489
96.00000 138.00000 0.49425 0.58333 1.00000 1.00000 0.36446 0.17855 0.30385 1.00000 1.00000 0.72625 0.36364 0.14300 1.00000 0.32738 0.66098 0.27941 0.14140 0.32705 1.00000 0.41667 1.00000 1.00000 0.66667 0.68835
96.00000 139.00000 0.67241 0.25000 1.00000 1.00000 0.24096 0.14563 0.35196 1.00000 1.00000 0.70853 0.27273 0.15140 1.00000 0.35119 0.71429 0.23529 0.16699 0.29011 1.00000 0.50000 1.00000 1.00000 0.68992 0.66515
96.00000 140.00000 0.49425 0.75000 1.00000 1.00000 0.40060 0.29976 0.34622 1.00000 1.00000 0.69243 0.28788 0.13129 1.00000 0.37500 0.68870 0.22059 0.15925 0.44132 1.00000 0.41667 1.00000 1.00000 0.46512 0.70740
96.00000 141.00000 0.42529 0.91667 1.00000 1.00000 0.48494 0.43689 0.29693 1.00000 1.00000 0.71176 0.19697 0.15768 1.00000 0.40476 0.59275 0.32353 0.17659 0.47557 1.00000 0.33333 1.00000 1.00000 0.55039 0.61571
96.00000 142.00000 0.22989 0.66667 1.00000 1.00000 0.43675 0.29017 0.29102 1.00000 1.00000 0.74074 0.30303 0.14184 1.00000 0.26786 0.63326 0.25000 0.18825 0.41401 1.00000 0.41667 1.00000 1.00000 0.57364 0.74247
96.00000 143.00000 0.50000 0.83333 1.00000 1.00000 0.24398 0.36909 0.33643 1.00000 1.00000 0.66345 0.28788 0.15714 1.00000 0.39286 0.65885 0.27941 0.19594 0.47480 1.00000 0.33333 1.00000 1.00000 0.58915 0.69677
96.00000 144.00000 0.54598 0.25000 1.00000 1.00000 0.43976 0.37497 0.29321 1.00000 1.00000 0.61353 0.22727 0.14480 1.00000 0.33333 0.66738 0.29412 0.16400 0.41631 1.00000 0.50000 1.00000 1.00000 0.64341 0.54598
96.00000 145.00000 0.44828 0.58333 1.00000 1.00000 0.19277 0.31001 0.33001 1.00000 1.00000 0.72303 0.24242 0.14440 1.00000 0.32143 0.57356 0.22059 0.19249 0.41170 1.00000 0.41667 1.00000 1.00000 0.50388 0.61751
96.00000 146.00000 0.40230 0.33333 1.00000 1.00000 0.41566 0.37933 0.32360 1.00000 1.00000 0.64734 0.09091 0.10442 1.00000 0.29762 0.66525 0.26471 0.14816 0.36476 1.00000 0.41667 1.00000 1.00000 0.65116 0.63049
96.00000 147.00000 0.36782 0.75000 1.00000 1.00000 0.32530 0.47591 0.50456 1.00000 1.00000 0.66345 0.24242 0.16737 1.00000 0.33333 0.72068 0.38235 0.19223 0.39015 1.00000 0.50000 1.00000 1.00000 0.51938 0.42903
96.00000 148.00000 0.32759 0.33333 1.00000 1.00000 0.20783 0.32723 0.44733 1.00000 1.00000 0.65378 0.24242 0.15871 1.00000 0.40476 0.73561 0.32353 0.15012 0.32743 1.00000 0.41667 1.00000 1.00000 0.49612 0.57097
96.00000 149.00000 0.67241 0.50000 1.00000 1.00000 0.37651 0.43362 0.40885 1.00000 1.00000 0.67794 0.36364 0.14081 1.00000 0.39881 0.82942 0.27941 0.15296 0.26587 1.00000 0.58333 1.00000 1.00000 0.67442 0.45927
96.00000 150.00000 0.34483 0.58333 1.00000 1.00000 0.37048 0.41923 0.34065 1.00000 1.00000 0.62963 0.19697 0.15328 1.00000 0.32738 0.63539 0.27941 0.19269 0.39669 1.00000 0.50000 1.00000 1.00000 0.53488 0.49171
96.00000 151.00000 0.42529 0.41667 1.00000 1.00000 0.38855 0.48921 0.39061 1.00000 1.00000 0.56522 0.22727 0.13852 1.00000 0.25000 0.68230 0.27941 0.19868 0.43170 1.00000 0.25000 1.00000 1.00000 0.53488 0.62220
96.00000 152.00000 0.35632 0.50000 1.00000 1.00000 0.39759 0.45782 0.30790 1.00000 1.00000 0.68921 0.22727 0.14646 1.00000 0.30357 0.59275 0.30882 0.18748 0.34706 1.00000 0.33333 1.00000 1.00000 0.65116 0.53024
96.00000 153.00000 0.48851 0.33333 1.00000 1.00000 0.25602 0.35928 0.43552 1.00000 1.00000 0.59420 0.24242 0.18061 1.00000 0.23810 0.65885 0.33824 0.18867 0.27318 1.00000 0.33333 1.00000 1.00000 0.61240 0.71969
96.00000 154.00000 0.41954 0.66667 1.00000 1.00000 0.46386 0.41312 0.30571 1.00000 1.00000 0.66506 0.24242 0.12156 1.00000 0.39881 0.68657 0.30882 0.18650 0.30435 1.00000 0.41667 1.00000 1.00000 0.59690 0.68779
96.00000 155.00000 0.51149 0.58333 1.00000 1.00000 0.35241 0.28079 0.41307 1.00000 1.00000 0.76167 0.25758 0.14130 1.00000 0.26786 0.65245 0.27941 0.15998 0.29127 1.00000 0.41667 1.00000 1.00000 0.56589 0.59362
96.00000 156.00000 0.55172 0.75000 1.00000 1.00000 0.34940 0.27251 0.42741 1.00000 1.00000 0.61192 0.28788 0.13013 1.00000 0.30952 0.67804 0.33824 0.20885 0.35206 1.00000 0.33333 1.00000 1.00000 0.65116 0.65355
96.00000 157.00000 0.58621 0.41667 1.00000 1.00000 0.34337 0.41814 0.48126 1.00000 1.00000 0.52496 0.30303 0.15481 1.00000 0.41071 0.63326 0.32353 0.20090 0.42901 1.00000 0.25000 1.00000 1.00000 0.64341 0.69801
96.00000 158.00000 0.47701 0.58333 1.00000 1.00000 0.41566 0.56093 0.33845 1.00000 1.00000 0.68438 0.33333 0.16930 1.00000 0.27976 0.62047 0.36765 0.21684 0.32051 1.00000 0.33333 1.00000 1.00000 0.54264 0.59307
96.00000 159.00000 0.39080 0.91667 1.00000 1.00000 0.10241 0.40266 0.41307 1.00000 1.00000 0.61353 0.22727 0.12299 1.00000 0.46429 0.59275 0.20588 0.17298 0.49519 1.00000 0.41667 1.00000 1.00000 0.37984 0.53286
96.00000 160.00000 0.43678 0.08333 1.00000 1.00000 0.39759 0.41639 0.39298 1.00000 1.00000 0.69565 0.24242 0.14440 1.00000 0.21429 0.65032 0.25000 0.22397 0.33474 1.00000 0.33333 1.00000 1.00000 0.61240 0.59583
96.00000 161.00000 0.43678 0.66667 1.00000 1.00000 0.26506 0.36189 0.26536 1.00000 1.00000 0.60709 0.27273 0.14579 1.00000 0.27976 0.63966 0.29412 0.15409 0.11812 1.00000 0.41667 1.00000 1.00000 0.65116 0.63159
96.00000 162.00000 0.53448 0.41667 1.00000 1.00000 0.48795 0.35361 0.34858 1.00000 1.00000 0.71014 0.24242 0.15422 1.00000 0.26190 0.60554 0.23529 0.19058 0.36629 1.00000 0.33333 1.00000 1.00000 0.63566 0.76263
96.00000 163.00000 0.42529 0.75000 1.00000 1.00000 0.40663 0.51537 0.37947 1.00000 1.00000 0.68277 0.33333 0.11819 1.00000 0.31548 0.58849 0.27941 0.17695 0.47749 1.00000 0.41667 1.00000 1.00000 0.58915 0.51464
96.00000 164.00000 0.25862 0.58333 1.00000 1.00000 0.43373 0.22847 0.31330 1.00000 1.00000 0.73430 0.24242 0.13591 1.00000 0.37500 0.66311 0.26471 0.17004 0.39438 1.00000 0.25000 1.00000 1.00000 0.73643 0.66390
96.00000 165.00000 0.56322 0.66667 1.00000 1.00000 0.35241 0.39045 0.26874 1.00000 1.00000 0.63607 0.30303 0.14956 1.00000 0.26786 0.67377 0.19118 0.21308 0.40400 1.00000 0.50000 1.00000 1.00000 0.64341 0.59859
96.00000 166.00000 0.54598 0.16667 1.00000 1.00000 0.53313 0.37933 0.39399 1.00000 1.00000 0.69082 0.28788 0.15274 1.00000 0.27976 0.59915 0.29412 0.19925 0.39708 1.00000 0.33333 1.00000 1.00000 0.61240 0.43482
96.00000 167.00000 0.28161 0.75000 1.00000 1.00000 0.42169 0.37911 0.49679 1.00000 1.00000 0.65217 0.28788 0.14561 1.00000 0.27381 0.61620 0.32353 0.17468 0.46249 1.00000 0.25000 1.00000 1.00000 0.48062 0.35777
96.00000 168.00000 0.54023 0.75000 1.00000 1.00000 0.21084 0.38108 0.33474 1.00000 1.00000 0.54106 0.27273 0.11267 1.00000 0.35714 0.75693 0.30882 0.17313 0.51289 1.00000 0.50000 1.00000 1.00000 0.73643 0.55220
96.00000 169.00000 0.58046 0.75000 1.00000 1.00000 0.52108 0.40724 0.33862 1.00000 1.00000 0.67794 0.27273 0.16284 1.00000 0.32738 0.49041 0.19118 0.16416 0.36476 1.00000 0.33333 1.00000 1.00000 0.54264 0.58630
96.00000 170.00000 0.46552 0.66667 1.00000 1.00000 0.34940 0.33791 0.37441 1.00000 1.00000 0.62319 0.25758 0.18456 1.00000 0.32143 0.65458 0.20588 0.16524 0.29511 1.00000 0.41667 1.00000 1.00000 0.69767 0.60771
96.00000 171.00000 0.50575 0.58333 1.00000 1.00000 0.41867 0.37999 0.47063 1.00000 1.00000 0.58132 0.21212 0.14915 1.00000 0.42857 0.61620 0.26471 0.16746 0.33975 1.00000 0.41667 1.00000 1.00000 0.55039 0.40279
96.00000 172.00000 0.30460 0.58333 1.00000 1.00000 0.41566 0.34489 0.33238 1.00000 1.00000 0.64895 0.18182 0.17208 1.00000 0.41667 0.66738 0.26471 0.16952 0.43748 1.00000 0.41667 1.00000 1.00000 0.60465 0.58133
96.00000 173.00000 0.57471 0.50000 1.00000 1.00000 0.39759 0.34794 0.46776 1.00000 1.00000 0.58293 0.22727 0.16369 1.00000 0.26190 0.65032 0.23529 0.18918 0.35783 1.00000 0.41667 1.00000 1.00000 0.64341 0.72190
96.00000 174.00000 0.24138 0.33333 1.00000 1.00000 0.49096 0.39874 0.50000 1.00000 1.00000 0.64251 0.28788 0.12667 1.00000 0.36310 0.68017 0.30882 0.17272 0.30165 1.00000 0.41667 1.00000 1.00000 0.58140 0.56932
96.00000 175.00000 0.52299 0.50000 1.00000 1.00000 0.24699 0.31633 0.49578 1.00000 1.00000 0.60870 0.28788 0.13986 1.00000 0.39881 0.62473 0.25000 0.20224 0.30589 1.00000 0.41667 1.00000 1.00000 0.62016 0.61461
96.00000 176.00000 0.47126 0.58333 1.00000 1.00000 0.39157 0.40549 0.35348 1.00000 1.00000 0.66184 0.25758 0.16899 1.00000 0.35119 0.73561 0.26471 0.19347 0.45325 1.00000 0.33333 1.00000 1.00000 0.61240 0.69359
96.00000 177.00000 0.25287 0.50000 1.00000 1.00000 0.55723 0.35753 0.42083 1.00000 1.00000 0.62802 0.24242 0.18110 1.00000 0.33333 0.64819 0.23529 0.18165 0.37399 1.00000 0.50000 1.00000 1.00000 0.42636 0.57291
96.00000 178.00000 0.47701 0.16667 1.00000 1.00000 0.34036 0.41225 0.27009 1.00000 1.00000 0.52174 0.21212 0.13542 1.00000 0.36310 0.64179 0.26471 0.18965 0.33359 1.00000 0.41667 1.00000 1.00000 0.51938 0.45968
96.00000 179.00000 0.71839 0.08333 1.00000 1.00000 0.20482 0.51450 0.28646 1.00000 1.00000 0.64412 0.30303 0.17491 1.00000 0.32143 0.58422 0.29412 0.17829 0.34321 1.00000 0.33333 1.00000 1.00000 0.59690 0.70243
96.00000 180.00000 0.32759 0.50000 1.00000 1.00000 0.42169 0.45782 0.40108 1.00000 1.00000 0.59903 0.34848 0.17154 1.00000 0.33929 0.63326 0.36765 0.18093 0.39746 1.00000 0.41667 1.00000 1.00000 0.68992 0.57208
96.00000 181.00000 0.50000 0.33333 1.00000 1.00000 0.32229 0.51341 0.44531 1.00000 1.00000 0.58454 0.27273 0.14471 1.00000 0.33929 0.74840 0.33824 0.19522 0.48018 1.00000 0.33333 1.00000 1.00000 0.61240 0.55537
96.00000 182.00000 0.57471 0.91667 1.00000 1.00000 0.59337 0.43754 0.45729 1.00000 0.00000 0.54267 0.24242 0.13865 1.00000 0.37500 0.60554 0.26471 0.19393 0.48750 1.00000 0.50000 1.00000 1.00000 0.52713 0.55579
96.00000 183.00000 0.43678 0.75000 1.00000 1.00000 0.34940 0.41945 0.19429 1.00000 1.00000 0.57327 0.22727 0.13636 1.00000 0.26786 0.63753 0.27941 0.16839 0.42401 1.00000 0.50000 1.00000 1.00000 0.59690 0.60329
96.00000 184.00000 0.36782 0.33333 1.00000 1.00000 0.36747 0.43405 0.47924 1.00000 1.00000 0.71337 0.34848 0.15324 1.00000 0.31548 0.71642 0.30882 0.19104 0.31089 1.00000 0.41667 1.00000 1.00000 0.52713 0.60978
96.00000 185.00000 0.40230 0.75000 1.00000 1.00000 0.33735 0.37061 0.46776 1.00000 1.00000 0.61836 0.30303 0.14875 1.00000 0.27976 0.68657 0.33824 0.19383 0.47518 1.00000 0.50000 1.00000 1.00000 0.50388 0.68268
96.00000 186.00000 0.49425 0.33333 1.00000 1.00000 0.43976 0.43296 0.25692 1.00000 1.00000 0.65056 0.24242 0.13201 1.00000 0.48810 0.59488 0.27941 0.20410 0.34513 1.00000 0.50000 1.00000 1.00000 0.62791 0.49144
96.00000 187.00000 0.45977 0.16667 1.00000 1.00000 0.37048 0.40549 0.40378 1.00000 1.00000 0.70692 0.25758 0.14808 1.00000 0.33333 0.54371 0.26471 0.22108 0.44132 1.00000 0.33333 1.00000 1.00000 0.49612 0.60757
96.00000 188.00000 0.60345 0.91667 1.00000 1.00000 0.55422 0.44147 0.29794 1.00000 1.00000 0.57649 0.30303 0.15961 1.00000 0.41667 0.64819 0.29412 0.16488 0.53598 1.00000 0.50000 1.00000 1.00000 0.62791 0.63725
96.00000 189.00000 0.67241 0.91667 1.00000 1.00000 0.17771 0.49466 0.47654 1.00000 1.00000 0.59903 0.22727 0.16225 1.00000 0.39881 0.54797 0.22059 0.20410 0.32820 1.00000 0.33333 1.00000 1.00000 0.54264 0.60329
96.00000 190.00000 0.40230 0.41667 1.00000 1.00000 0.35241 0.45716 0.33204 1.00000 1.00000 0.66023 0.27273 0.15036 1.00000 0.44048 0.59062 0.30882 0.16705 0.24625 1.00000 0.41667 1.00000 1.00000 0.48837 0.48757
96.00000 191.00000 0.77586 0.75000 1.00000 1.00000 0.35241 0.52017 0.39450 1.00000 1.00000 0.59098 0.22727 0.15853 1.00000 0.36310 0.65458 0.32353 0.20136 0.44979 1.00000 0.50000 1.00000 1.00000 0.58915 0.48053
96.00000 192.00000 0.40230 0.75000 1.00000 1.00000 0.36446 0.53935 0.45746 1.00000 1.00000 0.57810 0.25758 0.15216 1.00000 0.27976 0.56077 0.25000 0.18562 0.40708 1.00000 0.50000 1.00000 1.00000 0.61240 0.50152
96.00000 193.00000 0.61494 0.75000 1.00000 1.00000 0.48494 0.40092 0.34993 1.00000 1.00000 0.52496 0.19697 0.12524 1.00000 0.39286 0.55011 0.25000 0.18521 0.37437 1.00000 0.25000 1.00000 1.00000 0.57364 0.65880
96.00000 194.00000 0.42529 0.08333 1.00000 1.00000 0.25301 0.38042 0.39990 1.00000 1.00000 0.58454 0.31818 0.16598 1.00000 0.48810 0.63326 0.27941 0.20343 0.49711 1.00000 0.41667 1.00000 1.00000 0.47287 0.43731
96.00000 195.00000 0.29885 0.83333 1.00000 1.00000 0.43072 0.29453 0.25625 1.00000 1.00000 0.61997 0.28788 0.13645 1.00000 0.35119 0.56716 0.33824 0.19280 0.31127 1.00000 0.33333 1.00000 1.00000 0.53488 0.67329
96.00000 196.00000 0.37931 0.50000 1.00000 1.00000 0.54217 0.43340 0.35837 1.00000 1.00000 0.62641 0.30303 0.15368 1.00000 0.33333 0.63113 0.36765 0.18433 0.37899 1.00000 0.33333 1.00000 1.00000 0.43411 0.58133
96.00000 197.00000 0.48276 0.50000 1.00000 1.00000 0.46386 0.41247 0.39635 1.00000 1.00000 0.66989 0.25758 0.14148 1.00000 0.30357 0.71855 0.29412 0.17391 0.35244 1.00000 0.50000 1.00000 1.00000 0.53488 0.59818
96.00000 198.00000 0.48851 0.75000 1.00000 1.00000 0.51205 0.52278 0.38724 1.00000 1.00000 0.56522 0.28788 0.12497 1.00000 0.47024 0.52026 0.36765 0.20647 0.39900 1.00000 0.25000 1.00000 1.00000 0.47287 0.63850
96.00000 199.00000 0.60345 0.83333 1.00000 1.00000 0.36446 0.32636 0.52330 1.00000 1.00000 0.61514 0.30303 0.18307 1.00000 0.45238 0.65032 0.27941 0.20931 0.48018 1.00000 0.41667 1.00000 1.00000 0.51163 0.51174
96.00000 200.00000 0.50575 0.50000 1.00000 1.00000 0.35241 0.36778 0.45122 1.00000 1.00000 0.63607 0.27273 0.14628 1.00000 0.35714 0.74414 0.29412 0.17700 0.39554 1.00000 0.41667 1.00000 1.00000 0.60465 0.52969
96.00000 201.00000 0.19540 0.66667 1.00000 1.00000 0.33735 0.28428 0.44126 1.00000 1.00000 0.58776 0.30303 0.14063 1.00000 0.45833 0.60554 0.32353 0.17215 0.41554 1.00000 0.33333 1.00000 1.00000 0.55039 0.62165
96.00000 202.00000 0.38506 0.75000 1.00000 1.00000 0.44578 0.33813 0.54237 1.00000 1.00000 0.59420 0.31818 0.16059 1.00000 0.32738 0.68230 0.30882 0.20358 0.40631 1.00000 0.50000 1.00000 1.00000 0.55039 0.73750
96.00000 203.00000 0.57471 0.25000 1.00000 1.00000 0.62048 0.48681 0.45560 1.00000 1.00000 0.59581 0.28788 0.14906 1.00000 0.46429 0.47335 0.27941 0.18862 0.47134 1.00000 0.41667 1.00000 1.00000 0.45736 0.61130
96.00000 204.00000 0.56322 0.58333 1.00000 1.00000 0.38855 0.47831 0.40851 1.00000 1.00000 0.62802 0.36364 0.16867 1.00000 0.37500 0.71002 0.30882 0.17731 0.63255 1.00000 0.41667 1.00000 1.00000 0.52713 0.53949
96.00000 205.00000 0.52874 0.66667 1.00000 1.00000 0.45482 0.47002 0.44835 1.00000 1.00000 0.66023 0.30303 0.12537 1.00000 0.33333 0.59915 0.41176 0.18356 0.42209 1.00000 0.41667 1.00000 1.00000 0.48062 0.52416
96.00000 206.00000 0.43103 0.75000 1.00000 1.00000 0.40060 0.46915 0.35888 1.00000 1.00000 0.59903 0.21212 0.15534 1.00000 0.43452 0.79104 0.38235 0.18784 0.58907 1.00000 0.41667 1.00000 1.00000 0.49612 0.60867
96.00000 207.00000 0.53448 0.33333 1.00000 1.00000 0.25904 0.46261 0.36090 1.00000 1.00000 0.54750 0.27273 0.14947 1.00000 0.53571 0.64392 0.30882 0.18836 0.42478 1.00000 0.50000 1.00000 1.00000 0.48837 0.56007
96.00000 208.00000 0.56322 0.33333 1.00000 1.00000 0.48795 0.37999 0.41475 1.00000 1.00000 0.60386 0.31818 0.16086 1.00000 0.42857 0.57996 0.25000 0.20998 0.49173 1.00000 0.41667 1.00000 1.00000 0.65891 0.66943
96.00000 209.00000 0.75862 0.25000 1.00000 1.00000 0.38855 0.43710 0.45122 1.00000 1.00000 0.66023 0.30303 0.19438 1.00000 0.38095 0.64819 0.25000 0.17355 0.40669 1.00000 0.25000 1.00000 1.00000 0.57364 0.60950
96.00000 210.00000 0.25862 0.25000 1.00000 1.00000 0.44578 0.32112 0.32275 1.00000 1.00000 0.56683 0.28788 0.17275 1.00000 0.25000 0.51812 0.32353 0.16694 0.44940 1.00000 0.41667 1.00000 1.00000 0.51938 0.43938
96.00000 211.00000 0.50000 0.50000 1.00000 1.00000 0.44880 0.43187 0.47400 1.00000 1.00000 0.45411 0.27273 0.14022 1.00000 0.37500 0.59488 0.35294 0.19842 0.42016 1.00000 0.41667 1.00000 1.00000 0.38760 0.57733
96.00000 212.00000 0.55172 0.66667 1.00000 1.00000 0.39759 0.38435 0.36361 1.00000 1.00000 0.64090 0.27273 0.16055 1.00000 0.43452 0.73561 0.29412 0.19852 0.41516 1.00000 0.33333 1.00000 1.00000 0.50388 0.48633
96.00000 213.00000 0.40230 0.33333 1.00000 1.00000 0.45482 0.46915 0.45645 1.00000 1.00000 0.52818 0.45455 0.12017 1.00000 0.36310 0.56077 0.36765 0.17313 0.37014 1.00000 0.41667 1.00000 1.00000 0.68992 0.50166
96.00000 214.00000 0.53448 0.33333 1.00000 1.00000 0.31928 0.51537 0.42725 1.00000 1.00000 0.58615 0.25758 0.16468 1.00000 0.52381 0.53518 0.39706 0.21808 0.36822 1.00000 0.41667 1.00000 1.00000 0.48062 0.68117
96.00000 215.00000 0.45977 0.33333 1.00000 1.00000 0.35241 0.46196 0.38606 1.00000 1.00000 0.57488 0.28788 0.17365 1.00000 0.29762 0.49041 0.32353 0.16333 0.41208 1.00000 0.41667 1.00000 1.00000 0.55039 0.65797
96.00000 216.00000 0.33908 0.75000 1.00000 1.00000 0.36446 0.28668 0.37086 1.00000 1.00000 0.55878 0.39394 0.14803 1.00000 0.45833 0.42431 0.29412 0.17138 0.61447 1.00000 0.41667 1.00000 1.00000 0.52713 0.65438
96.00000 217.00000 0.52874 0.41667 1.00000 1.00000 0.41566 0.35753 0.44649 1.00000 1.00000 0.49275 0.30303 0.17307 1.00000 0.45833 0.70149 0.38235 0.22283 0.44902 1.00000 0.25000 1.00000 1.00000 0.52713 0.63477
96.00000 218.00000 0.35057 0.50000 1.00000 1.00000 0.34940 0.53237 0.42370 1.00000 1.00000 0.62802 0.31818 0.15813 1.00000 0.48810 0.56290 0.27941 0.17922 0.33090 1.00000 0.50000 1.00000 1.00000 0.41085 0.46051
96.00000 219.00000 0.37931 0.66667 1.00000 1.00000 0.31627 0.33944 0.40564 1.00000 1.00000 0.66023 0.40909 0.18613 1.00000 0.45833 0.49893 0.39706 0.18273 0.48365 1.00000 0.50000 1.00000 1.00000 0.50388 0.47017
96.00000 220.00000 0.47126 0.50000 1.00000 1.00000 0.29217 0.40462 0.41813 1.00000 1.00000 0.57649 0.37879 0.16481 1.00000 0.30357 0.63113 0.26471 0.18077 0.42170 1.00000 0.41667 1.00000 1.00000 0.46512 0.44311
96.00000 221.00000 0.54598 0.41667 1.00000 1.00000 0.51506 0.41247 0.44784 1.00000 1.00000 0.56683 0.25758 0.16010 1.00000 0.35714 0.66098 0.33824 0.18924 0.37938 1.00000 0.33333 1.00000 1.00000 0.53488 0.55220
96.00000 222.00000 0.24713 0.25000 1.00000 1.00000 0.41566 0.49335 0.51637 1.00000 1.00000 0.52979 0.25758 0.14700 1.00000 0.34524 0.48827 0.30882 0.20028 0.41670 1.00000 0.41667 1.00000 1.00000 0.51938 0.49158
96.00000 223.00000 0.77011 0.08333 1.00000 1.00000 0.49398 0.31219 0.50490 1.00000 1.00000 0.60709 0.30303 0.17966 1.00000 0.43452 0.55650 0.35294 0.18103 0.55367 1.00000 0.58333 1.00000 1.00000 0.56589 0.60218
96.00000 224.00000 0.62644 0.58333 1.00000 1.00000 0.52711 0.39568 0.42505 1.00000 1.00000 0.47021 0.24242 0.11662 1.00000 0.44643 0.56930 0.32353 0.17215 0.50866 1.00000 0.41667 1.00000 1.00000 0.55814 0.64830
96.00000 225.00000 0.75287 0.33333 1.00000 1.00000 0.45482 0.42511 0.47502 1.00000 1.00000 0.48631 0.28788 0.16961 1.00000 0.42262 0.48401 0.30882 0.19594 0.36091 1.00000 0.50000 1.00000 1.00000 0.49612 0.65134
96.00000 226.00000 0.60345 0.75000 1.00000 1.00000 0.43675 0.37672 0.47637 1.00000 1.00000 0.55556 0.30303 0.16463 1.00000 0.42857 0.52239 0.27941 0.19207 0.50673 1.00000 0.25000 1.00000 1.00000 0.48062 0.76402
96.00000 227.00000 0.45977 0.66667 1.00000 1.00000 0.40663 0.36037 0.42826 1.00000 1.00000 0.53784 0.22727 0.14018 1.00000 0.44643 0.47974 0.32353 0.21457 0.27318 1.00000 0.33333 1.00000 1.00000 0.47287 0.59638
96.00000 228.00000 0.35057 0.50000 1.00000 1.00000 0.34940 0.41596 0.44683 1.00000 1.00000 0.53462 0.33333 0.17392 1.00000 0.28571 0.51386 0.36765 0.17009 0.48634 1.00000 0.50000 1.00000 1.00000 0.41860 0.46217
96.00000 229.00000 0.78161 0.16667 1.00000 1.00000 0.44277 0.47220 0.40142 1.00000 1.00000 0.58293 0.30303 0.17406 1.00000 0.45833 0.62687 0.33824 0.18175 0.46787 1.00000 0.33333 1.00000 1.00000 0.25581 0.54391
96.00000 230.00000 0.52299 0.41667 1.00000 1.00000 0.37952 0.48376 0.48109 1.00000 1.00000 0.50081 0.24242 0.18514 1.00000 0.46429 0.52026 0.39706 0.16658 0.44325 1.00000 0.41667 1.00000 1.00000 0.51938 0.56089
96.00000 231.00000 0.58046 0.91667 1.00000 1.00000 0.51205 0.40353 0.56803 1.00000 1.00000 0.54589 0.39394 0.16360 1.00000 0.36905 0.63753 0.39706 0.18686 0.43517 1.00000 0.33333 1.00000 1.00000 0.59690 0.56877
96.00000 232.00000 0.48851 0.75000 1.00000 1.00000 0.59036 0.46915 0.54153 1.00000 1.00000 0.56844 0.27273 0.14794 1.00000 0.39286 0.52026 0.38235 0.19496 0.45171 1.00000 0.50000 1.00000 1.00000 0.54264 0.57042
96.00000 233.00000 0.56897 0.50000 1.00000 1.00000 0.59940 0.28951 0.41897 1.00000 1.00000 0.60870 0.33333 0.16163 1.00000 0.46429 0.55011 0.30882 0.18304 0.35937 1.00000 0.41667 1.00000 1.00000 0.39535 0.47749
96.00000 234.00000 0.39655 0.66667 1.00000 1.00000 0.59036 0.40135 0.43940 1.00000 1.00000 0.47182 0.36364 0.16495 1.00000 0.42857 0.58422 0.38235 0.20007 0.44440 1.00000 0.50000 1.00000 1.00000 0.55039 0.47998
96.00000 235.00000 0.36782 0.91667 1.00000 1.00000 0.52711 0.44670 0.44041 1.00000 1.00000 0.45572 0.25758 0.13807 1.00000 0.48214 0.57996 0.35294 0.21385 0.46441 1.00000 0.41667 1.00000 1.00000 0.37209 0.56241
96.00000 236.00000 0.52874 0.25000 1.00000 1.00000 0.58735 0.40549 0.54473 1.00000 1.00000 0.50886 0.31818 0.14588 1.00000 0.32143 0.59062 0.35294 0.18046 0.34706 1.00000 0.25000 1.00000 1.00000 0.40310 0.67343
96.00000 237.00000 0.40230 0.41667 1.00000 1.00000 0.41265 0.44866 0.38403 1.00000 1.00000 0.60709 0.31818 0.18527 1.00000 0.48214 0.56077 0.35294 0.20456 0.44440 1.00000 0.58333 1.00000 1.00000 0.57364 0.56932
96.00000 238.00000 0.28161 0.83333 1.00000 1.00000 0.36145 0.49967 0.51199 1.00000 1.00000 0.44122 0.33333 0.20376 1.00000 0.49405 0.55650 0.39706 0.17350 0.41708 1.00000 0.41667 1.00000 1.00000 0.53488 0.72231
96.00000 239.00000 0.49425 0.83333 1.00000 1.00000 0.53012 0.51537 0.48329 1.00000 1.00000 0.49597 0.30303 0.17724 1.00000 0.40476 0.60981 0.35294 0.16968 0.30473 1.00000 0.50000 1.00000 1.00000 0.54264 0.46258
96.00000 240.00000 0.50000 0.91667 1.00000 1.00000 0.50000 0.60061 0.48582 1.00000 1.00000 0.47182 0.27273 0.17374 1.00000 0.41667 0.61194 0.38235 0.17829 0.52751 1.00000 0.50000 1.00000 1.00000 0.40310 0.53535
96.00000 241.00000 0.43103 0.83333 1.00000 1.00000 0.50301 0.36233 0.37610 1.00000 1.00000 0.46216 0.39394 0.14103 1.00000 0.42857 0.51812 0.29412 0.20678 0.41554 1.00000 0.41667 1.00000 1.00000 0.53488 0.62538
96.00000 242.00000 0.66667 0.50000 1.00000 1.00000 0.28916 0.44648 0.53596 1.00000 1.00000 0.73269 0.31818 0.18873 1.00000 0.41667 0.58422 0.29412 0.22649 0.42709 1.00000 0.50000 1.00000 1.00000 0.37984 0.53908
96.00000 243.00000 0.55172 0.41667 1.00000 1.00000 0.31928 0.41901 0.57377 1.00000 1.00000 0.46538 0.31818 0.17773 1.00000 0.55357 0.44989 0.35294 0.18573 0.49634 1.00000 0.58333 1.00000 1.00000 0.45736 0.54129
96.00000 244.00000 0.28161 0.66667 1.00000 1.00000 0.55422 0.41748 0.35550 1.00000 1.00000 0.44767 0.28788 0.17800 1.00000 0.39881 0.66525 0.39706 0.20714 0.48172 1.00000 0.50000 1.00000 1.00000 0.51938 0.41494
96.00000 245.00000 0.39655 0.83333 1.00000 1.00000 0.50301 0.73076 0.54051 1.00000 1.00000 0.50725 0.30303 0.18433 1.00000 0.49405 0.57356 0.35294 0.21514 0.39515 1.00000 0.33333 1.00000 1.00000 0.51938 0.53549
96.00000 246.00000 0.47701 0.41667 1.00000 1.00000 0.54819 0.38086 0.48481 1.00000 1.00000 0.45894 0.37879 0.16513 1.00000 0.48810 0.56503 0.38235 0.17468 0.48057 1.00000 0.33333 1.00000 1.00000 0.55814 0.66929
96.00000 247.00000 0.67241 0.25000 1.00000 1.00000 0.46988 0.49902 0.46877 1.00000 1.00000 0.53945 0.33333 0.17334 1.00000 0.51786 0.52452 0.33824 0.17019 0.59061 1.00000 0.50000 1.00000 1.00000 0.55814 0.47349
96.00000 248.00000 0.61494 0.33333 1.00000 1.00000 0.46988 0.28690 0.43619 1.00000 1.00000 0.58776 0.33333 0.17917 1.00000 0.55357 0.58209 0.38235 0.19409 0.60562 1.00000 0.50000 1.00000 1.00000 0.51163 0.59417
96.00000 249.00000 0.47126 0.25000 1.00000 1.00000 0.59036 0.52126 0.54389 1.00000 1.00000 0.56200 0.43939 0.19380 1.00000 0.41071 0.39872 0.26471 0.23016 0.61908 1.00000 0.41667 1.00000 1.00000 0.62016 0.39519
96.00000 250.00000 0.71839 0.66667 1.00000 1.00000 0.35542 0.42817 0.50084 1.00000 1.00000 0.52979 0.37879 0.17011 1.00000 0.40476 0.45203 0.42647 0.22603 0.53521 1.00000 0.50000 1.00000 1.00000 0.39535 0.39685
96.00000 251.00000 0.56897 0.16667 1.00000 1.00000 0.64157 0.34402 0.58542 1.00000 1.00000 0.48309 0.37879 0.16342 1.00000 0.45238 0.52026 0.35294 0.19966 0.52982 1.00000 0.50000 1.00000 1.00000 0.39535 0.49710
96.00000 252.00000 0.55172 0.58333 1.00000 1.00000 0.64458 0.52300 0.39348 1.00000 1.00000 0.61031 0.34848 0.13129 1.00000 0.39881 0.50107 0.39706 0.19868 0.30012 1.00000 0.41667 1.00000 1.00000 0.39535 0.57056
96.00000 253.00000 0.58046 0.16667 1.00000 1.00000 0.46687 0.52387 0.66121 1.00000 1.00000 0.43800 0.33333 0.17998 1.00000 0.52381 0.48188 0.35294 0.17179 0.55945 1.00000 0.50000 1.00000 1.00000 0.51938 0.46810
96.00000 254.00000 0.58046 0.41667 1.00000 1.00000 0.47590 0.40811 0.53646 1.00000 1.00000 0.61192 0.31818 0.17818 1.00000 0.43452 0.58209 0.38235 0.18356 0.62486 1.00000 0.50000 1.00000 1.00000 0.44961 0.35211
96.00000 255.00000 0.73563 0.41667 1.00000 1.00000 0.52711 0.46588 0.58271 1.00000 1.00000 0.45411 0.33333 0.16737 1.00000 0.54762 0.37100 0.41176 0.20694 0.50481 1.00000 0.50000 1.00000 1.00000 0.39535 0.58547
96.00000 256.00000 0.43678 0.50000 1.00000 1.00000 0.42470 0.57467 0.52481 1.00000 1.00000 0.52818 0.34848 0.18496 1.00000 0.54762 0.47761 0.42647 0.20792 0.47018 1.00000 0.50000 1.00000 1.00000 0.51163 0.51022
96.00000 257.00000 0.37356 0.58333 1.00000 1.00000 0.46084 0.41116 0.49004 1.00000 1.00000 0.59098 0.40909 0.17639 1.00000 0.45833 0.46695 0.47059 0.18206 0.45748 1.00000 0.50000 1.00000 1.00000 0.55814 0.40030
96.00000 258.00000 0.67241 0.41667 1.00000 1.00000 0.35843 0.41465 0.44750 1.00000 1.00000 0.56039 0.33333 0.17459 1.00000 0.42262 0.47761 0.32353 0.17649 0.39669 1.00000 0.50000 1.00000 1.00000 0.44961 0.53659
96.00000 259.00000 0.41954 0.58333 1.00000 1.00000 0.38253 0.24003 0.64332 1.00000 1.00000 0.60870 0.36364 0.14166 1.00000 0.51190 0.62473 0.36765 0.20018 0.60139 1.00000 0.66667 1.00000 1.00000 0.46512 0.43897
96.00000 260.00000 0.60920 0.25000 1.00000 1.00000 0.46084 0.47831 0.53663 1.00000 1.00000 0.50081 0.25758 0.17684 1.00000 0.39286 0.48614 0.27941 0.20410 0.66141 1.00000 0.58333 1.00000 1.00000 0.37209 0.34341
96.00000 261.00000 0.66092 0.66667 1.00000 1.00000 0.38855 0.56726 0.57461 1.00000 1.00000 0.56844 0.31818 0.18841 1.00000 0.40476 0.51173 0.41176 0.19971 0.34975 1.00000 0.58333 1.00000 1.00000 0.49612 0.50552
96.00000 262.00000 0.54023 0.66667 1.00000 1.00000 0.45783 0.62612 0.56431 1.00000 1.00000 0.44928 0.37879 0.21368 1.00000 0.45833 0.55864 0.35294 0.20755 0.50366 1.00000 0.50000 1.00000 1.00000 0.41085 0.47777
96.00000 263.00000 0.29885 0.83333 1.00000 1.00000 0.34940 0.38478 0.54085 1.00000 1.00000 0.45411 0.30303 0.16697 1.00000 0.47024 0.52026 0.39706 0.17768 0.52328 1.00000 0.41667 1.00000 1.00000 0.51163 0.50483
96.00000 264.00000 0.74138 0.41667 1.00000 1.00000 0.40663 0.40876 0.44531 1.00000 1.00000 0.43478 0.37879 0.17320 1.00000 0.54762 0.44563 0.35294 0.19997 0.47826 1.00000 0.50000 1.00000 1.00000 0.45736 0.54502
96.00000 265.00000 0.52874 0.58333 1.00000 1.00000 0.49398 0.43209 0.51891 1.00000 1.00000 0.49758 0.33333 0.15871 1.00000 0.60119 0.47548 0.23529 0.19538 0.58099 1.00000 0.58333 1.00000 1.00000 0.51163 0.50331
96.00000 266.00000 0.60920 0.58333 1.00000 1.00000 0.52711 0.44975 0.55604 1.00000 1.00000 0.50081 0.37879 0.19003 1.00000 0.61310 0.36247 0.42647 0.19873 0.53713 1.00000 0.50000 1.00000 1.00000 0.34109 0.42281
96.00000 267.00000 0.38506 0.33333 1.00000 1.00000 0.46084 0.45346 0.67404 1.00000 1.00000 0.50403 0.31818 0.18366 1.00000 0.47619 0.53518 0.35294 0.19682 0.53213 1.00000 0.50000 1.00000 1.00000 0.31783 0.44408
96.00000 268.00000 0.47701 0.08333 1.00000 1.00000 0.40663 0.51995 0.41526 1.00000 1.00000 0.63607 0.31818 0.17419 1.00000 0.49405 0.50533 0.44118 0.18418 0.43786 1.00000 0.50000 1.00000 1.00000 0.49612 0.43289
96.00000 269.00000 0.49425 0.66667 1.00000 1.00000 0.50301 0.45215 0.50354 1.00000 1.00000 0.49597 0.31818 0.17917 1.00000 0.54762 0.48614 0.38235 0.19852 0.47210 1.00000 0.50000 1.00000 1.00000 0.44186 0.29426
96.00000 270.00000 0.45977 0.75000 1.00000 1.00000 0.61145 0.47002 0.55587 1.00000 1.00000 0.49758 0.37879 0.21009 1.00000 0.45833 0.49041 0.44118 0.18495 0.48326 1.00000 0.33333 1.00000 1.00000 0.35659 0.49572
96.00000 271.00000 0.55172 0.91667 1.00000 1.00000 0.58434 0.47874 0.40260 1.00000 1.00000 0.50886 0.36364 0.17765 1.00000 0.51786 0.48827 0.42647 0.19254 0.66487 1.00000 0.41667 1.00000 1.00000 0.48837 0.30765
96.00000 272.00000 0.47701 0.16667 1.00000 1.00000 0.52711 0.31851 0.53950 1.00000 1.00000 0.41063 0.31818 0.18191 1.00000 0.55357 0.44350 0.35294 0.21437 0.55290 1.00000 0.41667 1.00000 1.00000 0.48062 0.47280
96.00000 273.00000 0.47701 0.66667 1.00000 1.00000 0.63554 0.61980 0.53106 1.00000 1.00000 0.54911 0.37879 0.18128 1.00000 0.45833 0.39232 0.36765 0.21576 0.51520 1.00000 0.58333 1.00000 1.00000 0.55814 0.27244
96.00000 274.00000 0.61494 0.41667 1.00000 1.00000 0.43373 0.52300 0.52988 1.00000 1.00000 0.46860 0.37879 0.22027 1.00000 0.52976 0.44136 0.45588 0.21700 0.56483 1.00000 0.58333 1.00000 1.00000 0.35659 0.35791
96.00000 275.00000 0.51724 0.75000 1.00000 1.00000 0.51205 0.54109 0.47485 1.00000 1.00000 0.39936 0.33333 0.16620 1.00000 0.57738 0.39659 0.35294 0.18000 0.53290 1.00000 0.41667 1.00000 1.00000 0.46512 0.53521
96.00000 276.00000 0.42529 0.75000 1.00000 1.00000 0.50301 0.70438 0.57124 1.00000 1.00000 0.47182 0.45455 0.18864 1.00000 0.48810 0.33689 0.38235 0.22056 0.58792 1.00000 0.50000 1.00000 1.00000 0.36434 0.55399
96.00000 277.00000 0.42529 0.91667 1.00000 1.00000 0.56024 0.46218 0.61681 1.00000 1.00000 0.53945 0.42424 0.17082 1.00000 0.64881 0.36674 0.42647 0.21380 0.63486 1.00000 0.58333 1.00000 1.00000 0.45736 0.55081
96.00000 278.00000 0.41379 0.33333 1.00000 1.00000 0.53012 0.39808 0.54051 1.00000 1.00000 0.45894 0.31818 0.18765 1.00000 0.50595 0.48188 0.32353 0.20652 0.50404 1.00000 0.66667 1.00000 1.00000 0.36434 0.52265
96.00000 279.00000 0.41954 0.66667 1.00000 1.00000 0.49699 0.64944 0.57951 1.00000 1.00000 0.57327 0.34848 0.19331 1.00000 0.52381 0.37100 0.39706 0.18315 0.56445 1.00000 0.50000 1.00000 1.00000 0.46512 0.41038
96.00000 280.00000 0.52874 0.91667 1.00000 1.00000 0.49398 0.48855 0.65024 1.00000 1.00000 0.40419 0.39394 0.17904 1.00000 0.60714 0.39232 0.48529 0.22892 0.57522 1.00000 0.50000 1.00000 1.00000 0.47287 0.56462
96.00000 281.00000 0.62644 0.41667 1.00000 1.00000 0.52711 0.39241 0.46033 1.00000 1.00000 0.39130 0.37879 0.18047 1.00000 0.61310 0.61834 0.35294 0.22102 0.49558 1.00000 0.50000 1.00000 1.00000 0.48062 0.49130
96.00000 282.00000 0.69540 0.75000 1.00000 1.00000 0.45181 0.49597 0.57377 1.00000 1.00000 0.38969 0.28788 0.19434 1.00000 0.59524 0.38593 0.35294 0.20626 0.44863 1.00000 0.58333 1.00000 1.00000 0.43411 0.41259
96.00000 283.00000 0.44828 0.50000 1.00000 1.00000 0.59639 0.48267 0.66087 1.00000 1.00000 0.57005 0.31818 0.21422 1.00000 0.56548 0.33475 0.51471 0.19703 0.64371 1.00000 0.50000 1.00000 1.00000 0.56589 0.40735
96.00000 284.00000 0.36207 0.66667 1.00000 1.00000 0.62952 0.67997 0.53190 1.00000 1.00000 0.36071 0.33333 0.20143 1.00000 0.51786 0.40512 0.33824 0.21390 0.57715 1.00000 0.58333 1.00000 1.00000 0.30233 0.56048
96.00000 285.00000 0.28161 0.58333 1.00000 1.00000 0.39458 0.48223 0.55621 1.00000 1.00000 0.34622 0.45455 0.21063 1.00000 0.54762 0.43710 0.41176 0.23016 0.61870 1.00000 0.50000 1.00000 1.00000 0.45736 0.34618
96.00000 286.00000 0.62069 0.66667 1.00000 1.00000 0.49096 0.65337 0.57292 1.00000 1.00000 0.43639 0.37879 0.20582 1.00000 0.63095 0.31343 0.42647 0.20714 0.68142 1.00000 0.58333 1.00000 1.00000 0.34884 0.41895
96.00000 287.00000 0.70115 0.33333 1.00000 1.00000 0.51506 0.61434 0.61192 1.00000 1.00000 0.46055 0.42424 0.19811 1.00000 0.60119 0.46695 0.35294 0.20910 0.69912 1.00000 0.66667 1.00000 1.00000 0.45736 0.39229
96.00000 288.00000 0.71839 0.41667 1.00000 1.00000 0.56928 0.59451 0.66762 1.00000 1.00000 0.46538 0.33333 0.21260 1.00000 0.51190 0.43070 0.41176 0.20368 0.65756 1.00000 0.66667 1.00000 1.00000 0.55039 0.43993
96.00000 289.00000 0.63793 0.16667 1.00000 1.00000 0.68373 0.41073 0.60061 1.00000 1.00000 0.39614 0.51515 0.16984 1.00000 0.63095 0.42431 0.48529 0.20534 0.47018 1.00000 0.58333 1.00000 1.00000 0.48062 0.15603
96.00000 290.00000 0.48276 0.41667 1.00000 1.00000 0.63554 0.62634 0.66121 1.00000 1.00000 0.55878 0.46970 0.18626 1.00000 0.64286 0.38806 0.36765 0.18273 0.51289 1.00000 0.58333 1.00000 1.00000 0.35659 0.52306
96.00000 291.00000 0.64943 0.25000 1.00000 1.00000 0.37048 0.61652 0.74696 1.00000 1.00000 0.46055 0.42424 0.20403 1.00000 0.61310 0.43497 0.45588 0.20843 0.53521 1.00000 0.75000 1.00000 1.00000 0.31783 0.43206
96.00000 292.00000 0.64368 0.16667 1.00000 1.00000 0.60542 0.62503 0.58778 1.00000 1.00000 0.44283 0.42424 0.20636 1.00000 0.60119 0.37953 0.36765 0.21499 0.53674 1.00000 0.58333 1.00000 1.00000 0.41085 0.35929
96.00000 293.00000 0.40230 0.58333 1.00000 1.00000 0.71084 0.55526 0.66222 1.00000 1.00000 0.28824 0.45455 0.19191 1.00000 0.52976 0.44350 0.33824 0.18015 0.54290 1.00000 0.50000 1.00000 1.00000 0.24806 0.30351
96.00000 294.00000 0.38506 0.75000 1.00000 1.00000 0.74096 0.65511 0.51621 1.00000 1.00000 0.49919 0.36364 0.20632 1.00000 0.64286 0.31130 0.50000 0.23114 0.60139 1.00000 0.50000 1.00000 1.00000 0.33333 0.33306
96.00000 295.00000 0.37931 0.16667 1.00000 1.00000 0.73193 0.65337 0.59554 1.00000 1.00000 0.46538 0.50000 0.20039 1.00000 0.57143 0.37313 0.44118 0.22649 0.55791 1.00000 0.66667 1.00000 1.00000 0.24806 0.54598
96.00000 296.00000 0.54023 0.75000 1.00000 1.00000 0.64157 0.61827 0.75709 1.00000 1.00000 0.35588 0.37879 0.14888 1.00000 0.52381 0.53305 0.45588 0.23470 0.64871 1.00000 0.33333 1.00000 1.00000 0.36434 0.29163
96.00000 297.00000 0.37931 0.66667 1.00000 1.00000 0.58434 0.50447 0.57208 1.00000 1.00000 0.34783 0.42424 0.21920 1.00000 0.61310 0.31130 0.51471 0.18820 0.54406 1.00000 0.66667 1.00000 1.00000 0.23256 0.36026
96.00000 298.00000 0.50575 0.50000 1.00000 1.00000 0.64157 0.67670 0.77633 1.00000 1.00000 0.42029 0.40909 0.20412 1.00000 0.60714 0.48827 0.39706 0.19667 0.61678 1.00000 0.66667 1.00000 1.00000 0.33333 0.36799
96.00000 299.00000 0.47701 0.41667 1.00000 1.00000 0.51205 0.81927 0.61259 1.00000 1.00000 0.36554 0.42424 0.17984 1.00000 0.64286 0.41791 0.42647 0.20085 0.61639 1.00000 0.58333 1.00000 1.00000 0.38760 0.48812
96.00000 300.00000 0.44828 0.41667 1.00000 1.00000 0.62651 0.66514 0.60314 1.00000 1.00000 0.25765 0.45455 0.21350 1.00000 0.55952 0.49680 0.44118 0.21968 0.78723 1.00000 0.58333 1.00000 1.00000 0.43411 0.30737
96.00000 301.00000 0.35632 0.16667 1.00000 1.00000 0.78614 0.65184 0.78140 1.00000 1.00000 0.39775 0.37879 0.22162 1.00000 0.59524 0.45842 0.45588 0.23042 0.73990 1.00000 0.41667 1.00000 1.00000 0.36434 0.36675
96.00000 302.00000 0.54598 0.91667 1.00000 1.00000 0.69277 0.52954 0.53579 1.00000 1.00000 0.35105 0.46970 0.19317 1.00000 0.63690 0.47974 0.42647 0.20915 0.60485 1.00000 0.66667 1.00000 1.00000 0.34109 0.39299
96.00000 303.00000 0.24138 0.66667 1.00000 1.00000 0.66867 0.66536 0.63116 1.00000 1.00000 0.42995 0.46970 0.19299 1.00000 0.70238 0.31343 0.52941 0.20286 0.63063 1.00000 0.66667 1.00000 1.00000 0.34109 0.34590
96.00000 304.00000 0.60345 0.41667 1.00000 1.00000 0.68976 0.63942 0.69311 1.00000 1.00000 0.31884 0.48485 0.21004 1.00000 0.76190 0.37527 0.45588 0.23790 0.68449 1.00000 0.50000 1.00000 1.00000 0.27907 0.46327
96.00000 305.00000 0.42529 0.41667 1.00000 1.00000 0.60241 0.43623 0.73329 1.00000 1.00000 0.42029 0.37879 0.17042 1.00000 0.63095 0.28998 0.48529 0.21173 0.70912 1.00000 0.41667 1.00000 1.00000 0.45736 0.36164
96.00000 306.00000 0.43103 0.25000 1.00000 1.00000 0.75904 0.55025 0.61563 1.00000 1.00000 0.38969 0.42424 0.20870 1.00000 0.65476 0.38166 0.38235 0.19806 0.56137 1.00000 0.50000 1.00000 1.00000 0.43411 0.45554
96.00000 307.00000 0.69540 0.25000 1.00000 1.00000 0.58133 0.42293 0.64703 1.00000 1.00000 0.29469 0.42424 0.19039 1.00000 0.60714 0.24094 0.39706 0.19687 0.70604 1.00000 0.50000 1.00000 1.00000 0.35659 0.45291
96.00000 308.00000 0.50000 0.66667 1.00000 1.00000 0.61747 0.65402 0.72941 1.00000 1.00000 0.40258 0.48485 0.22472 1.00000 0.68452 0.44350 0.45588 0.23671 0.58253 1.00000 0.50000 1.00000 1.00000 0.27907 0.33527
96.00000 309.00000 0.43103 0.75000 1.00000 1.00000 0.60843 0.52365 0.68822 1.00000 1.00000 0.34944 0.53030 0.20973 1.00000 0.68452 0.47335 0.45588 0.20859 0.77722 1.00000 0.66667 1.00000 1.00000 0.26357 0.31386
96.00000 310.00000 0.39655 0.83333 1.00000 1.00000 0.53012 0.46305 0.58693 1.00000 1.00000 0.31079 0.37879 0.24186 1.00000 0.75000 0.30704 0.52941 0.18103 0.65833 1.00000 0.83333 1.00000 1.00000 0.35659 0.29950
96.00000 311.00000 0.66092 0.33333 1.00000 1.00000 0.56024 0.58644 0.65209 1.00000 1.00000 0.40097 0.43939 0.18828 1.00000 0.70238 0.43284 0.50000 0.22391 0.63409 1.00000 0.58333 1.00000 1.00000 0.25581 0.35846
96.00000 312.00000 0.60345 0.91667 1.00000 1.00000 0.71084 0.54894 0.66779 1.00000 1.00000 0.21095 0.48485 0.23270 1.00000 0.67857 0.35394 0.45588 0.18232 0.47057 1.00000 0.66667 1.00000 1.00000 0.20930 0.36482
96.00000 313.00000 0.36207 0.58333 1.00000 1.00000 0.74096 0.61914 0.58761 1.00000 1.00000 0.33172 0.43939 0.19833 1.00000 0.63690 0.33902 0.50000 0.23124 0.69950 1.00000 0.58333 1.00000 1.00000 0.37209 0.29812
96.00000 314.00000 0.67241 0.58333 1.00000 1.00000 0.73795 0.61761 0.72586 1.00000 1.00000 0.37037 0.43939 0.18626 1.00000 0.74405 0.19190 0.50000 0.21225 0.64179 1.00000 0.75000 1.00000 1.00000 0.20930 0.33582
96.00000 315.00000 0.54598 0.58333 1.00000 1.00000 0.80723 0.55548 0.63403 1.00000 1.00000 0.22866 0.54545 0.17787 1.00000 0.61310 0.24094 0.38235 0.22030 0.71835 1.00000 0.50000 1.00000 1.00000 0.30233 0.32961
96.00000 316.00000 0.48851 0.50000 1.00000 1.00000 0.63554 0.51406 0.57579 1.00000 1.00000 0.38164 0.46970 0.20897 1.00000 0.72619 0.40938 0.47059 0.21235 0.65294 1.00000 0.66667 1.00000 1.00000 0.33333 0.23557
96.00000 317.00000 0.45402 0.58333 1.00000 1.00000 0.66867 0.68803 0.69210 1.00000 1.00000 0.28341 0.45455 0.24374 1.00000 0.72619 0.23881 0.45588 0.20467 0.70450 1.00000 0.66667 1.00000 1.00000 0.21705 0.36123
96.00000 318.00000 0.53448 0.75000 1.00000 1.00000 0.54217 0.61260 0.57478 1.00000 1.00000 0.32528 0.39394 0.21484 1.00000 0.69643 0.28358 0.51471 0.22345 0.62178 1.00000 0.75000 1.00000 1.00000 0.33333 0.31207
96.00000 319.00000 0.50575 0.33333 1.00000 1.00000 0.64157 0.47329 0.70206 1.00000 1.00000 0.34783 0.45455 0.21229 1.00000 0.61310 0.28998 0.44118 0.20828 0.57753 1.00000 0.75000 1.00000 1.00000 0.24031 0.25545
96.00000 320.00000 0.54598 0.25000 1.00000 1.00000 0.61145 0.51319 0.78596 1.00000 1.00000 0.27214 0.54545 0.20757 1.00000 0.67857 0.31983 0.54412 0.21395 0.74606 1.00000 0.66667 1.00000 1.00000 0.31783 0.23336
96.00000 321.00000 0.37356 0.33333 1.00000 1.00000 0.68373 0.44125 0.70847 1.00000 1.00000 0.35427 0.43939 0.23194 1.00000 0.67262 0.43497 0.51471 0.22598 0.65410 1.00000 0.58333 1.00000 1.00000 0.27907 0.28266
96.00000 322.00000 0.43103 0.50000 1.00000 1.00000 0.79217 0.46218 0.65176 1.00000 1.00000 0.33816 0.48485 0.19191 1.00000 0.75000 0.33689 0.51471 0.22975 0.68295 1.00000 0.66667 1.00000 1.00000 0.20930 0.31165
96.00000 323.00000 0.30460 0.66667 1.00000 1.00000 0.57831 0.58971 0.78089 1.00000 1.00000 0.30596 0.37879 0.22000 1.00000 0.80952 0.33475 0.52941 0.21545 0.56406 1.00000 0.66667 1.00000 1.00000 0.17829 0.41107
96.00000 324.00000 0.51724 0.50000 1.00000 1.00000 0.79518 0.69697 0.77397 1.00000 1.00000 0.33333 0.56061 0.21345 1.00000 0.71429 0.34328 0.48529 0.22804 0.58176 1.00000 0.58333 1.00000 1.00000 0.25581 0.15341
96.00000 325.00000 0.39080 0.91667 1.00000 1.00000 0.71084 0.68760 0.80284 1.00000 1.00000 0.23188 0.53030 0.21556 1.00000 0.77976 0.21962 0.50000 0.22298 0.91035 1.00000 0.66667 1.00000 1.00000 0.31783 0.00000
96.00000 326.00000 0.55747 0.58333 1.00000 1.00000 0.75602 0.44430 0.73413 1.00000 1.00000 0.24155 0.48485 0.19151 1.00000 0.71429 0.27292 0.51471 0.23718 0.74875 1.00000 0.58333 1.00000 1.00000 0.19380 0.28790
96.00000 327.00000 0.60920 0.50000 1.00000 1.00000 0.74699 0.73447 0.81583 1.00000 1.00000 0.26570 0.51515 0.19281 1.00000 0.67857 0.29851 0.50000 0.21189 0.75375 1.00000 0.58333 1.00000 1.00000 0.20155 0.24579
96.00000 328.00000 0.49425 0.91667 1.00000 1.00000 0.72590 0.59690 0.81313 1.00000 1.00000 0.15620 0.48485 0.21601 1.00000 0.70238 0.09595 0.58824 0.19083 0.72143 1.00000 0.75000 1.00000 1.00000 0.18605 0.35101
96.00000 329.00000 0.64368 0.66667 1.00000 1.00000 0.66867 0.62655 0.75219 1.00000 1.00000 0.26570 0.54545 0.21072 1.00000 0.83929 0.25373 0.50000 0.22144 0.77530 1.00000 0.75000 1.00000 1.00000 0.21705 0.24551
96.00000 330.00000 0.66092 0.33333 1.00000 1.00000 0.84036 0.67953 0.84639 1.00000 1.00000 0.25443 0.50000 0.24145 1.00000 0.76786 0.27719 0.51471 0.23243 0.80300 1.00000 0.58333 1.00000 1.00000 0.27907 0.17592
96.00000 331.00000 0.44253 0.66667 1.00000 1.00000 0.80422 0.66056 0.82562 1.00000 1.00000 0.26892 0.53030 0.22494 1.00000 0.69643 0.32836 0.57353 0.22438 0.69488 1.00000 0.58333 1.00000 1.00000 0.10078 0.26609
96.00000 332.00000 0.30460 0.91667 1.00000 1.00000 0.67470 0.70961 0.85078 1.00000 1.00000 0.24638 0.53030 0.24302 1.00000 0.76190 0.16631 0.54412 0.21746 0.71566 1.00000 0.58333 1.00000 1.00000 0.30233 0.27934
96.00000 333.00000 0.58621 0.83333 1.00000 1.00000 0.90060 0.71594 0.75422 1.00000 1.00000 0.25765 0.46970 0.23189 1.00000 0.73214 0.17058 0.47059 0.21179 0.73451 1.00000 0.66667 1.00000 1.00000 0.12403 0.18876
96.00000 334.00000 0.33908 0.33333 1.00000 1.00000 0.72590 0.61980 0.82427 1.00000 1.00000 0.20773 0.48485 0.25186 1.00000 0.81548 0.16844 0.57353 0.23589 0.73721 1.00000 0.58333 1.00000 1.00000 0.37984 0.29232
96.00000 335.00000 0.50575 0.91667 1.00000 1.00000 0.87952 0.53477 0.81482 1.00000 1.00000 0.28824 0.51515 0.24073 1.00000 0.74405 0.19616 0.54412 0.22603 0.91035 1.00000 0.66667 1.00000 1.00000 0.28682 0.16239
96.00000 336.00000 0.32184 0.08333 1.00000 1.00000 0.76205 0.61391 0.84183 1.00000 1.00000 0.14976 0.57576 0.24190 1.00000 0.78571 0.10448 0.52941 0.22753 0.68219 1.00000 0.75000 1.00000 1.00000 0.17054 0.18172
