243.00000 1.00000 0.83324 0.99762 1.00000 0.06027 0.18928 0.32656 0.25540 0.14659 0.14403 0.13780 0.65073 0.30706 0.24324 0.45114 0.13639 0.99344 0.52985 0.36984 0.00000 0.33333 0.65116 1.00000 0.15569 0.15963
243.00000 2.00000 0.99997 0.99964 1.00000 0.00000 0.12909 0.30494 0.26650 0.00000 0.00063 0.00394 0.62736 0.27305 0.24324 0.49919 0.00226 0.99300 0.55667 0.38188 0.00000 0.29167 0.62791 1.00000 0.01166 0.02198
243.00000 3.00000 0.59509 0.73634 0.00000 0.23809 0.01716 0.04806 0.06366 0.29318 0.20881 0.09231 0.00120 0.02315 0.02703 0.03013 0.09035 0.00160 0.06238 0.95237 0.00000 0.05208 0.00000 0.00000 0.13992 0.14343
243.00000 4.00000 0.59514 0.73634 0.00000 0.23809 0.01395 0.04873 0.07977 0.29318 0.20881 0.09140 0.00127 0.02206 0.02703 0.04235 0.08936 0.00182 0.05693 0.94687 0.00000 0.05208 0.00000 0.00000 0.13615 0.15070
243.00000 5.00000 0.59516 0.73634 0.00000 0.23809 0.00817 0.05058 0.07517 0.29318 0.20881 0.09214 0.00110 0.01997 0.02703 0.04642 0.08898 0.00168 0.06679 0.94695 0.00000 0.04167 0.00000 0.00000 0.14026 0.14778
243.00000 6.00000 0.23810 0.29691 1.00000 0.59794 0.63767 0.71107 0.69186 0.61718 0.61509 0.61374 0.85343 0.64249 0.89189 0.75570 0.61588 0.99374 0.65719 0.12496 1.00000 0.70833 0.85412 1.00000 0.62689 0.63643
243.00000 7.00000 0.47613 0.83135 1.00000 0.62699 0.66089 0.65589 0.54992 0.50794 0.50000 0.47248 0.86415 0.59657 0.40541 0.67590 0.46978 0.99344 0.49812 0.33641 1.00000 0.63542 0.86469 1.00000 0.48388 0.48960
243.00000 8.00000 0.23811 0.29691 1.00000 0.59794 0.63786 0.69747 0.69434 0.61718 0.61509 0.61601 0.85338 0.64339 0.89189 0.76954 0.61481 0.99374 0.66625 0.12020 1.00000 0.68750 0.85412 1.00000 0.62894 0.63275
243.00000 9.00000 0.83325 0.99762 1.00000 0.06027 0.19130 0.33672 0.25357 0.14659 0.14403 0.13663 0.65063 0.29405 0.24324 0.47068 0.13682 0.99319 0.52071 0.36464 0.00000 0.32292 0.65116 1.00000 0.15501 0.15757
243.00000 10.00000 0.99989 0.99857 1.00000 0.00000 0.12781 0.32166 0.22399 0.00000 0.00063 0.00461 0.62736 0.27434 0.24324 0.49593 0.00337 0.99311 0.56829 0.38254 0.00000 0.28125 0.62791 1.00000 0.01543 0.01111
243.00000 11.00000 0.59523 0.73753 0.00000 0.23809 0.01459 0.05353 0.06939 0.29318 0.20881 0.09360 0.00099 0.01887 0.02703 0.04642 0.08923 0.00152 0.05296 0.94036 0.00000 0.05208 0.00000 0.00000 0.13820 0.14794
243.00000 12.00000 0.00003 0.00095 1.00000 1.00000 0.98550 0.94550 0.93648 1.00000 1.00000 0.99406 0.99945 0.86864 1.00000 0.93893 0.99450 0.99347 0.67075 0.04163 1.00000 0.92708 1.00000 1.00000 0.97942 0.98278
243.00000 13.00000 0.99992 0.99762 1.00000 0.00000 0.12836 0.30687 0.24890 0.00000 0.00063 0.00377 0.62715 0.27522 0.24324 0.48371 0.00226 0.99292 0.56569 0.37841 0.00000 0.29167 0.62791 1.00000 0.01132 0.02187
243.00000 14.00000 0.23808 0.29691 1.00000 0.59794 0.63887 0.69595 0.67982 0.61718 0.61509 0.61684 0.85347 0.64452 0.89189 0.76384 0.61405 0.99355 0.66299 0.13174 1.00000 0.68750 0.85412 1.00000 0.63169 0.63177
243.00000 15.00000 0.59516 0.73717 0.00000 0.23809 0.01138 0.04004 0.05259 0.29318 0.20818 0.09305 0.00106 0.02210 0.02703 0.04723 0.08959 0.00160 0.05382 0.94339 0.00000 0.06250 0.00000 0.00000 0.14163 0.14536
243.00000 16.00000 0.99979 0.99822 1.00000 0.00000 0.12478 0.29790 0.24746 0.00000 0.00063 0.00372 0.62732 0.27439 0.24324 0.49186 0.00251 0.99286 0.54727 0.39129 0.00000 0.31250 0.62791 1.00000 0.01372 0.01603
243.00000 17.00000 0.99978 0.99964 1.00000 0.00000 0.12891 0.30370 0.25613 0.00000 0.00063 0.00499 0.62717 0.27309 0.24324 0.47720 0.00353 0.99283 0.55877 0.37676 0.00000 0.29167 0.62791 1.00000 0.01646 0.02407
243.00000 18.00000 0.23817 0.29857 1.00000 0.59794 0.63749 0.70790 0.69143 0.61718 0.61509 0.61637 0.85343 0.64880 0.89189 0.74104 0.61540 0.99361 0.66963 0.13716 1.00000 0.70833 0.85412 1.00000 0.63272 0.63092
243.00000 19.00000 0.99990 0.99964 1.00000 0.00000 0.13322 0.30272 0.24279 0.00000 0.00063 0.00289 0.62730 0.27279 0.24324 0.48371 0.00269 0.99283 0.56779 0.38917 0.00000 0.30208 0.62791 1.00000 0.00926 0.01168
243.00000 20.00000 0.00002 0.00000 1.00000 1.00000 0.98560 0.94525 0.92601 1.00000 1.00000 0.99470 0.99932 0.87355 1.00000 0.92915 0.99536 0.99339 0.68541 0.03098 1.00000 0.94792 1.00000 1.00000 0.97394 0.97921
243.00000 21.00000 0.47628 0.83219 1.00000 0.62699 0.65988 0.65851 0.54106 0.50794 0.50000 0.47368 0.86403 0.59681 0.40541 0.67101 0.46942 0.99361 0.49860 0.33348 0.00000 0.65625 0.86469 1.00000 0.48971 0.48867
243.00000 22.00000 0.83335 0.99881 1.00000 0.06027 0.18974 0.33461 0.25271 0.14659 0.14403 0.13601 0.65075 0.29320 0.24324 0.46824 0.13552 0.99317 0.53689 0.36295 0.00000 0.31250 0.65116 1.00000 0.16084 0.16191
243.00000 23.00000 0.47609 0.83135 1.00000 0.62699 0.66116 0.64789 0.54070 0.50794 0.50000 0.47136 0.86405 0.60119 0.40541 0.67427 0.47135 0.99350 0.50181 0.33370 1.00000 0.64583 0.86469 1.00000 0.49040 0.49349
243.00000 24.00000 0.00006 0.00000 1.00000 1.00000 0.98137 0.95904 0.93925 1.00000 1.00000 0.99334 0.99947 0.86607 1.00000 0.92508 0.99538 0.99344 0.67789 0.03130 1.00000 0.94792 1.00000 1.00000 0.97840 0.98004
243.00000 25.00000 0.47619 0.83135 1.00000 0.62699 0.65868 0.65523 0.55363 0.50794 0.50000 0.47182 0.86400 0.59963 0.40541 0.67997 0.47074 0.99358 0.50029 0.33147 0.00000 0.64583 0.86469 1.00000 0.49451 0.49135
243.00000 26.00000 0.99992 0.99762 1.00000 0.00000 0.13038 0.29687 0.24118 0.00000 0.00000 0.00413 0.62725 0.27434 0.24324 0.48453 0.00315 0.99317 0.56812 0.37928 0.00000 0.29167 0.62791 1.00000 0.01200 0.01879
243.00000 27.00000 0.83327 0.99762 1.00000 0.06027 0.18644 0.33837 0.27661 0.14659 0.14403 0.13830 0.65063 0.29886 0.24324 0.46824 0.13814 0.99325 0.52023 0.36852 0.00000 0.32292 0.65116 1.00000 0.15981 0.16342
243.00000 28.00000 0.99981 0.99964 1.00000 0.00000 0.12964 0.29758 0.24233 0.00000 0.00063 0.00508 0.62723 0.27391 0.24324 0.47150 0.00525 0.99297 0.57031 0.37731 0.00000 0.29167 0.62791 1.00000 0.01749 0.01869
243.00000 29.00000 0.99983 0.99762 1.00000 0.00000 0.13267 0.29828 0.25276 0.00000 0.00063 0.00327 0.62713 0.27447 0.24324 0.47638 0.00355 0.99295 0.55384 0.39287 0.00000 0.30208 0.62791 1.00000 0.02160 0.01953
243.00000 30.00000 0.99982 0.99762 1.00000 0.00000 0.13423 0.30394 0.25834 0.00000 0.00000 0.00284 0.62738 0.27639 0.24324 0.48860 0.00276 0.99306 0.54798 0.37251 0.00000 0.30208 0.62791 1.00000 0.01818 0.01627
243.00000 31.00000 0.99993 0.99798 1.00000 0.00000 0.13065 0.30289 0.25146 0.00000 0.00000 0.00611 0.62709 0.27694 0.24324 0.47720 0.00386 0.99289 0.57060 0.38280 0.00000 0.29167 0.62791 1.00000 0.01235 0.02033
243.00000 32.00000 0.59525 0.73634 0.00000 0.23809 0.01523 0.05602 0.06455 0.29318 0.20818 0.08938 0.00116 0.02376 0.02703 0.06596 0.08941 0.00176 0.05900 0.94164 0.00000 0.04167 0.00000 0.00000 0.14506 0.14497
243.00000 33.00000 0.59530 0.73753 0.00000 0.23809 0.01110 0.06789 0.05753 0.29318 0.20881 0.09226 0.00112 0.02364 0.02703 0.05130 0.09020 0.00171 0.06281 0.96434 0.00000 0.05208 0.00000 0.00000 0.14095 0.15422
243.00000 34.00000 0.59520 0.73741 0.00000 0.23809 0.01707 0.05144 0.07770 0.29318 0.20881 0.09138 0.00106 0.02252 0.02703 0.05293 0.09060 0.00163 0.05991 0.94911 0.00000 0.05208 0.00000 0.00000 0.14506 0.14775
243.00000 35.00000 0.23813 0.29691 1.00000 0.59794 0.63960 0.69235 0.69482 0.61718 0.61572 0.61214 0.85349 0.64666 0.89189 0.74919 0.61438 0.99366 0.67958 0.12310 1.00000 0.70833 0.85412 1.00000 0.62654 0.62841
243.00000 36.00000 0.59518 0.73789 0.00000 0.23809 0.01459 0.05702 0.06022 0.29318 0.20881 0.09305 0.00122 0.02203 0.02703 0.04153 0.08949 0.00165 0.06691 0.94947 0.00000 0.04167 0.00000 0.00000 0.14060 0.14986
243.00000 37.00000 0.23810 0.29691 1.00000 0.59794 0.63015 0.68476 0.69176 0.61718 0.61509 0.61326 0.85341 0.64464 0.89189 0.74267 0.61393 0.99355 0.66804 0.12196 1.00000 0.68750 0.85412 1.00000 0.62997 0.62749
243.00000 38.00000 0.47608 0.83183 1.00000 0.62699 0.66391 0.67953 0.57498 0.50794 0.50000 0.47112 0.86400 0.59789 0.37838 0.66612 0.46978 0.99350 0.49348 0.34472 0.00000 0.65625 0.86469 1.00000 0.48765 0.49772
243.00000 39.00000 0.99995 0.99762 1.00000 0.00000 0.13148 0.31377 0.25863 0.00000 0.00063 0.00530 0.62713 0.27769 0.24324 0.48534 0.00249 0.99292 0.55522 0.38251 0.00000 0.29167 0.62791 1.00000 0.01063 0.02448
243.00000 40.00000 0.99990 0.99762 1.00000 0.00000 0.12763 0.30481 0.24411 0.00000 0.00000 0.00315 0.62734 0.27412 0.24324 0.49104 0.00347 0.99292 0.56476 0.37936 0.00000 0.29167 0.62791 1.00000 0.01337 0.01995
243.00000 41.00000 0.99987 0.99869 1.00000 0.00000 0.13130 0.30058 0.25791 0.00000 0.00063 0.00382 0.62715 0.27601 0.24324 0.49837 0.00302 0.99292 0.56350 0.38298 0.00000 0.29167 0.62791 1.00000 0.01029 0.02246
243.00000 42.00000 0.47618 0.83290 1.00000 0.62699 0.65960 0.63925 0.55173 0.50794 0.50000 0.47069 0.86411 0.59843 0.40541 0.67671 0.47064 0.99350 0.49752 0.32978 0.00000 0.65625 0.86469 1.00000 0.49005 0.49608
243.00000 43.00000 0.47607 0.83135 1.00000 0.62699 0.66281 0.67008 0.55322 0.50794 0.50000 0.47072 0.86409 0.60542 0.40541 0.67345 0.47039 0.99361 0.50954 0.32056 1.00000 0.64583 0.86469 1.00000 0.49383 0.49617
243.00000 44.00000 0.47605 0.83147 1.00000 0.62699 0.66135 0.64914 0.56193 0.50794 0.50000 0.47105 0.86409 0.59563 0.37838 0.67671 0.47097 0.99361 0.49726 0.33337 0.00000 0.65625 0.86469 1.00000 0.49040 0.48203
243.00000 45.00000 0.23803 0.29869 1.00000 0.59794 0.63896 0.72038 0.68365 0.61718 0.61572 0.61474 0.85353 0.64820 0.89189 0.75977 0.61415 0.99369 0.66847 0.12734 1.00000 0.69792 0.85412 1.00000 0.63683 0.62629
243.00000 46.00000 0.23802 0.29917 1.00000 0.59794 0.63859 0.70370 0.70611 0.61718 0.61509 0.61391 0.85351 0.64803 0.89189 0.75081 0.61423 0.99358 0.67016 0.13053 1.00000 0.68750 0.85412 1.00000 0.62449 0.63596
243.00000 47.00000 0.83327 0.99857 1.00000 0.06027 0.18681 0.34680 0.27266 0.14659 0.14403 0.13806 0.65077 0.29468 0.24324 0.46906 0.13611 0.99330 0.52740 0.37108 0.00000 0.32292 0.65116 1.00000 0.16152 0.16397
243.00000 48.00000 0.23811 0.29703 1.00000 0.59794 0.63786 0.69267 0.71143 0.61718 0.61572 0.61575 0.85341 0.65333 0.89189 0.75163 0.61532 0.99377 0.66537 0.11482 1.00000 0.71875 0.85412 1.00000 0.62894 0.63119
243.00000 49.00000 0.59517 0.73670 0.00000 0.23809 0.01000 0.06342 0.05957 0.29318 0.20881 0.09350 0.00118 0.02412 0.02703 0.05293 0.09081 0.00154 0.05443 0.93256 0.00000 0.04167 0.00000 0.00000 0.13855 0.14866
243.00000 50.00000 0.23816 0.29691 1.00000 0.59794 0.63776 0.70191 0.68806 0.61718 0.61572 0.61396 0.85343 0.64468 0.89189 0.77362 0.61375 0.99380 0.67090 0.12108 1.00000 0.69792 0.85412 1.00000 0.62826 0.63522
243.00000 51.00000 0.99984 0.99976 1.00000 0.00000 0.12442 0.29546 0.25627 0.00000 0.00063 0.00422 0.62725 0.27560 0.24324 0.48046 0.00299 0.99292 0.56719 0.38650 0.00000 0.29167 0.62791 1.00000 0.02023 0.02162
243.00000 52.00000 0.00003 0.00000 1.00000 1.00000 0.98284 0.94609 0.91564 1.00000 1.00000 0.99298 0.99941 0.87370 1.00000 0.91857 0.99508 0.99355 0.69272 0.03962 1.00000 0.94792 1.00000 1.00000 0.97805 0.98062
243.00000 53.00000 0.99984 0.99798 1.00000 0.00000 0.12928 0.29438 0.25519 0.00000 0.00063 0.00523 0.62728 0.26538 0.24324 0.48453 0.00335 0.99308 0.55503 0.38335 0.00000 0.29167 0.62791 1.00000 0.01475 0.01415
243.00000 54.00000 0.47625 0.83135 1.00000 0.62699 0.66749 0.66566 0.55293 0.50794 0.50000 0.47062 0.86400 0.59828 0.40541 0.67834 0.47026 0.99361 0.49267 0.31872 0.00000 0.64583 0.86469 1.00000 0.48731 0.49494
243.00000 55.00000 0.99987 0.99917 1.00000 0.00000 0.12873 0.29603 0.25555 0.00000 0.00000 0.00329 0.62730 0.27450 0.24324 0.47231 0.00266 0.99297 0.55541 0.38635 0.00000 0.29167 0.62791 1.00000 0.01475 0.02110
243.00000 56.00000 0.99987 0.99762 1.00000 0.00000 0.13065 0.31204 0.26354 0.00000 0.00063 0.00368 0.62728 0.27766 0.24324 0.48453 0.00424 0.99308 0.56124 0.38738 0.00000 0.29167 0.62791 1.00000 0.01440 0.00882
243.00000 57.00000 0.23821 0.29691 1.00000 0.59794 0.63621 0.69392 0.68074 0.61718 0.61509 0.61422 0.85343 0.64878 0.89189 0.75244 0.61489 0.99366 0.67142 0.10962 1.00000 0.70833 0.85412 1.00000 0.62826 0.63285
243.00000 58.00000 0.47611 0.83242 1.00000 0.62699 0.66474 0.66520 0.55057 0.50794 0.50000 0.47196 0.86407 0.60870 0.40541 0.67345 0.46980 0.99366 0.51192 0.33227 0.00000 0.65625 0.86469 1.00000 0.49486 0.48753
243.00000 59.00000 0.47627 0.83373 1.00000 0.62699 0.65584 0.64965 0.56277 0.50794 0.50000 0.47248 0.86411 0.60294 0.37838 0.66450 0.47067 0.99358 0.50405 0.34435 0.00000 0.64583 0.86469 1.00000 0.49451 0.48863
243.00000 60.00000 0.59524 0.73694 0.00000 0.23809 0.02046 0.05597 0.06588 0.29318 0.20881 0.09057 0.00108 0.01867 0.02703 0.05130 0.09037 0.00160 0.07419 0.94944 0.00000 0.03125 0.00000 0.00000 0.13374 0.14619
243.00000 61.00000 0.59520 0.73789 0.00000 0.23809 0.01055 0.06101 0.06345 0.29318 0.20818 0.09183 0.00125 0.02588 0.02703 0.04397 0.09027 0.00174 0.06819 0.94958 0.00000 0.05208 0.00000 0.00000 0.14060 0.14179
243.00000 62.00000 0.99998 0.99822 1.00000 0.00000 0.13157 0.31667 0.25446 0.00000 0.00000 0.00427 0.62719 0.27778 0.24324 0.47720 0.00315 0.99297 0.56705 0.38221 0.00000 0.30208 0.62791 1.00000 0.00754 0.01483
243.00000 63.00000 0.47610 0.83278 1.00000 0.62699 0.66355 0.65491 0.55076 0.50794 0.50000 0.47177 0.86400 0.60192 0.40541 0.67752 0.46985 0.99347 0.50348 0.32623 0.00000 0.65625 0.86469 1.00000 0.48628 0.49106
243.00000 64.00000 0.59528 0.73741 0.00000 0.23809 0.00872 0.05188 0.06978 0.29318 0.20818 0.09350 0.00125 0.02235 0.02703 0.04723 0.08878 0.00165 0.06155 0.94984 0.00000 0.05208 0.00000 0.00000 0.14232 0.14073
243.00000 65.00000 0.00001 0.00166 1.00000 1.00000 0.97981 0.92510 0.92375 1.00000 1.00000 0.99370 0.99956 0.86866 1.00000 0.93241 0.99419 0.99363 0.69386 0.03376 1.00000 0.94792 1.00000 1.00000 0.99211 0.98354
243.00000 66.00000 0.99991 0.99976 1.00000 0.00000 0.13084 0.30223 0.26508 0.00000 0.00063 0.00530 0.62728 0.27390 0.24324 0.48860 0.00479 0.99297 0.54706 0.39492 0.00000 0.29167 0.62791 1.00000 0.00789 0.02125
243.00000 67.00000 0.23822 0.29691 1.00000 0.59794 0.64171 0.69397 0.69328 0.61718 0.61509 0.61348 0.85336 0.64765 0.89189 0.76303 0.61456 0.99372 0.66640 0.12214 1.00000 0.69792 0.85412 1.00000 0.62826 0.63229
243.00000 68.00000 0.00000 0.00238 1.00000 1.00000 0.98303 0.96468 0.93696 1.00000 1.00000 0.99308 0.99951 0.87113 1.00000 0.91857 0.99457 0.99330 0.68627 0.03482 1.00000 0.94792 1.00000 1.00000 0.98320 0.98482
243.00000 69.00000 0.23805 0.29786 1.00000 0.59794 0.64254 0.68536 0.69581 0.61718 0.61572 0.61460 0.85347 0.65233 0.89189 0.75326 0.61415 0.99369 0.67661 0.11658 1.00000 0.68750 0.85412 1.00000 0.62963 0.63439
243.00000 70.00000 0.00002 0.00036 1.00000 1.00000 0.98422 0.94444 0.92685 1.00000 1.00000 0.99246 0.99943 0.86814 1.00000 0.92834 0.99488 0.99347 0.67766 0.03987 1.00000 0.91667 1.00000 1.00000 0.98080 0.98662
243.00000 71.00000 0.83318 0.99762 1.00000 0.06027 0.18525 0.31548 0.25090 0.14659 0.14403 0.13653 0.65069 0.30076 0.24324 0.45358 0.13636 0.99341 0.51638 0.35933 0.00000 0.33333 0.65116 1.00000 0.16392 0.16432
243.00000 72.00000 0.83334 0.99762 1.00000 0.06027 0.18653 0.35094 0.27572 0.14659 0.14403 0.13689 0.65071 0.29550 0.24324 0.47883 0.13768 0.99328 0.53582 0.37833 0.00000 0.33333 0.65116 1.00000 0.15981 0.16688
243.00000 73.00000 0.23811 0.29691 1.00000 0.59794 0.63547 0.71513 0.69749 0.61718 0.61509 0.61396 0.85349 0.64901 0.89189 0.75407 0.61390 0.99361 0.68153 0.12657 1.00000 0.70833 0.85412 1.00000 0.62620 0.63206
243.00000 74.00000 0.47609 0.83135 1.00000 0.62699 0.66327 0.65369 0.54325 0.50794 0.50000 0.47086 0.86413 0.60548 0.40541 0.67427 0.46975 0.99350 0.52404 0.33553 0.00000 0.64583 0.86469 1.00000 0.48457 0.49197
243.00000 75.00000 0.83316 0.99762 1.00000 0.06027 0.18314 0.33875 0.26667 0.14659 0.14403 0.13761 0.65077 0.29915 0.24324 0.46580 0.13793 0.99333 0.52026 0.37694 0.00000 0.33333 0.65116 1.00000 0.16049 0.16753
243.00000 76.00000 0.99995 0.99762 1.00000 0.00000 0.12983 0.32155 0.26624 0.00000 0.00063 0.00351 0.62736 0.27508 0.24324 0.48127 0.00317 0.99319 0.57521 0.39181 0.00000 0.29167 0.62791 1.00000 0.01337 0.01734
243.00000 77.00000 0.59517 0.73634 0.00000 0.23809 0.01505 0.05808 0.07173 0.29318 0.20881 0.09169 0.00131 0.02810 0.02703 0.05130 0.09070 0.00157 0.06912 0.94929 0.00000 0.05208 0.00000 0.00000 0.14609 0.14575
243.00000 78.00000 0.83313 0.99762 1.00000 0.06027 0.18681 0.30990 0.25227 0.14659 0.14403 0.13730 0.65075 0.29472 0.24324 0.46091 0.13748 0.99322 0.51045 0.35508 0.00000 0.32292 0.65116 1.00000 0.16461 0.16436
243.00000 79.00000 0.00004 0.00083 1.00000 1.00000 0.98147 0.94858 0.93176 1.00000 1.00000 0.99408 0.99941 0.87520 1.00000 0.92590 0.99379 0.99352 0.68967 0.04496 1.00000 0.95833 1.00000 1.00000 0.97840 0.98302
243.00000 80.00000 0.00004 0.00000 1.00000 1.00000 0.98321 0.96226 0.92262 1.00000 1.00000 0.99255 0.99945 0.87612 1.00000 0.92590 0.99305 0.99361 0.68713 0.06272 1.00000 0.94792 1.00000 1.00000 0.97942 0.98234
243.00000 81.00000 0.00005 0.00000 1.00000 1.00000 0.98504 0.93788 0.94074 1.00000 1.00000 0.99396 0.99951 0.87764 1.00000 0.92264 0.99541 0.99355 0.68418 0.04020 1.00000 0.96875 1.00000 1.00000 0.97497 0.97603
243.00000 82.00000 0.99993 0.99762 1.00000 0.00000 0.13313 0.29722 0.25925 0.00000 0.00063 0.00465 0.62738 0.27253 0.24324 0.48208 0.00424 0.99317 0.55889 0.38833 0.00000 0.30208 0.62791 1.00000 0.01818 0.01426
243.00000 83.00000 0.99999 0.99762 1.00000 0.00000 0.12919 0.30600 0.25834 0.00000 0.00063 0.00439 0.62736 0.28333 0.24324 0.47883 0.00312 0.99306 0.55808 0.37456 0.00000 0.29167 0.62791 1.00000 0.02160 0.01874
243.00000 84.00000 0.23820 0.29762 1.00000 0.59794 0.63868 0.69904 0.68912 0.61718 0.61509 0.61322 0.85330 0.64739 0.89189 0.76059 0.61446 0.99347 0.65290 0.11826 1.00000 0.68750 0.85412 1.00000 0.62551 0.63108
243.00000 85.00000 0.47619 0.83337 1.00000 0.62699 0.65722 0.65740 0.54877 0.50794 0.50000 0.47179 0.86405 0.59750 0.40541 0.67101 0.46947 0.99363 0.50464 0.32663 1.00000 0.65625 0.86469 1.00000 0.49314 0.49614
243.00000 86.00000 0.00000 0.00143 1.00000 1.00000 0.98816 0.93897 0.92753 1.00000 1.00000 0.99306 0.99939 0.87796 1.00000 0.92427 0.99343 0.99355 0.67625 0.03354 1.00000 0.93750 1.00000 1.00000 0.98560 0.98059
243.00000 87.00000 0.83329 0.99762 1.00000 0.06027 0.18726 0.35565 0.26756 0.14659 0.14403 0.13720 0.65084 0.29425 0.24324 0.47964 0.13669 0.99330 0.51147 0.36936 0.00000 0.33333 0.65116 1.00000 0.15844 0.16080
243.00000 88.00000 0.99998 0.99762 1.00000 0.00000 0.13194 0.29432 0.25110 0.00000 0.00000 0.00368 0.62740 0.27597 0.24324 0.48697 0.00299 0.99322 0.57814 0.39008 0.00000 0.30208 0.62791 1.00000 0.01097 0.02349
243.00000 89.00000 0.47618 0.83325 1.00000 0.62699 0.66309 0.66209 0.56049 0.50794 0.50000 0.47191 0.86403 0.60515 0.40541 0.68078 0.47105 0.99361 0.52609 0.33516 0.00000 0.66667 0.86469 1.00000 0.48560 0.49509
243.00000 90.00000 0.59529 0.73765 0.00000 0.23809 0.01229 0.05605 0.06836 0.29318 0.20881 0.09117 0.00125 0.02488 0.02703 0.05130 0.09015 0.00176 0.07226 0.93937 0.00000 0.05208 0.00000 0.00000 0.14540 0.14206
243.00000 91.00000 0.59512 0.73682 0.00000 0.23809 0.01523 0.04776 0.06918 0.29318 0.20881 0.09148 0.00133 0.02079 0.02703 0.04560 0.09042 0.00190 0.07647 0.95178 0.00000 0.04167 0.00000 0.00000 0.13855 0.14366
243.00000 92.00000 0.23815 0.29869 1.00000 0.59794 0.63758 0.69554 0.69150 0.61718 0.61572 0.61391 0.85351 0.65217 0.89189 0.76384 0.61491 0.99374 0.66887 0.12559 1.00000 0.69792 0.85412 1.00000 0.62449 0.63171
243.00000 93.00000 0.23808 0.29691 1.00000 0.59794 0.63565 0.71377 0.67737 0.61718 0.61572 0.61448 0.85347 0.64700 0.89189 0.75896 0.61491 0.99377 0.66404 0.11889 1.00000 0.68750 0.85412 1.00000 0.62963 0.63029
243.00000 94.00000 0.47620 0.83337 1.00000 0.62699 0.66300 0.66233 0.56874 0.50794 0.50000 0.47282 0.86407 0.60654 0.37838 0.66775 0.47120 0.99355 0.52528 0.33590 0.00000 0.65625 0.86469 1.00000 0.48868 0.49825
243.00000 95.00000 0.00000 0.00000 1.00000 1.00000 0.98312 0.93073 0.94589 1.00000 1.00000 0.99365 0.99956 0.87519 1.00000 0.92101 0.99564 0.99352 0.67323 0.03237 1.00000 0.93750 1.00000 1.00000 0.97977 0.97960
243.00000 96.00000 0.23805 0.29917 1.00000 0.59794 0.63776 0.69489 0.70813 0.61718 0.61572 0.61439 0.85351 0.64125 0.89189 0.76140 0.61441 0.99361 0.68215 0.12654 1.00000 0.70833 0.85412 1.00000 0.62654 0.62829
243.00000 97.00000 0.23821 0.29857 1.00000 0.59794 0.63446 0.71361 0.69104 0.61718 0.61509 0.61529 0.85347 0.64857 0.89189 0.75733 0.61428 0.99352 0.67875 0.12390 1.00000 0.69792 0.85412 1.00000 0.63169 0.63004
243.00000 98.00000 0.83316 0.99762 1.00000 0.06027 0.18919 0.33626 0.27976 0.14659 0.14403 0.13682 0.65086 0.30174 0.24324 0.48371 0.13535 0.99350 0.51357 0.37185 0.00000 0.32292 0.65116 1.00000 0.15569 0.16125
243.00000 99.00000 0.83324 0.99762 1.00000 0.06027 0.18066 0.32133 0.25947 0.14659 0.14403 0.13680 0.65071 0.30090 0.24324 0.48046 0.13702 0.99330 0.52678 0.38686 0.00000 0.34375 0.65116 1.00000 0.15501 0.15967
243.00000 100.00000 0.83314 0.99964 1.00000 0.06027 0.19011 0.32580 0.27322 0.14659 0.14403 0.13610 0.65086 0.30500 0.24324 0.48290 0.13677 0.99325 0.53149 0.35779 0.00000 0.33333 0.65116 1.00000 0.16324 0.16643
243.00000 101.00000 0.23821 0.29691 1.00000 0.59794 0.63859 0.69319 0.69140 0.61718 0.61509 0.61343 0.85336 0.65024 0.89189 0.76303 0.61578 0.99363 0.67237 0.11123 1.00000 0.70833 0.85412 1.00000 0.62929 0.62589
243.00000 102.00000 0.59522 0.73634 0.00000 0.23809 0.01303 0.06198 0.06889 0.29318 0.20881 0.09088 0.00131 0.01775 0.02703 0.05782 0.09020 0.00182 0.06541 0.94775 0.00000 0.03125 0.00000 0.00000 0.14266 0.13991
243.00000 103.00000 0.00002 0.00000 1.00000 1.00000 0.98587 0.94691 0.94064 1.00000 1.00000 0.99215 0.99945 0.87534 1.00000 0.92752 0.99399 0.99352 0.68506 0.04976 1.00000 0.93750 1.00000 1.00000 0.97805 0.97907
243.00000 104.00000 0.47606 0.83254 1.00000 0.62699 0.66557 0.66870 0.55654 0.50794 0.50000 0.47184 0.86426 0.60650 0.37838 0.67752 0.47143 0.99369 0.51247 0.32378 0.00000 0.65625 0.86469 1.00000 0.49108 0.48485
243.00000 105.00000 0.23814 0.29846 1.00000 0.59794 0.63969 0.70931 0.69754 0.61718 0.61509 0.61388 0.85345 0.64850 0.89189 0.76303 0.61453 0.99377 0.67354 0.11775 1.00000 0.70833 0.85412 1.00000 0.62654 0.63714
243.00000 106.00000 0.59513 0.73634 0.00000 0.23809 0.01037 0.06431 0.06869 0.29318 0.20881 0.09193 0.00131 0.02490 0.02703 0.04805 0.08893 0.00187 0.07655 0.94025 0.00000 0.03125 0.00000 0.00000 0.13615 0.14168
243.00000 107.00000 0.00003 0.00000 1.00000 1.00000 0.98927 0.95454 0.92690 1.00000 1.00000 0.99253 0.99943 0.87568 1.00000 0.93648 0.99439 0.99350 0.69422 0.04943 1.00000 0.93750 1.00000 1.00000 0.98285 0.98034
243.00000 108.00000 0.99992 0.99762 1.00000 0.00000 0.13341 0.29497 0.26506 0.00000 0.00063 0.00506 0.62751 0.28182 0.24324 0.48697 0.00360 0.99317 0.58016 0.38533 0.00000 0.29167 0.62791 1.00000 0.01440 0.01664
243.00000 109.00000 0.99984 0.99762 1.00000 0.00000 0.13607 0.30451 0.26917 0.00000 0.00063 0.00475 0.62749 0.28221 0.24324 0.49104 0.00231 0.99317 0.56876 0.38803 0.00000 0.29167 0.62791 1.00000 0.01200 0.01352
243.00000 110.00000 0.99983 0.99774 1.00000 0.00000 0.13533 0.31629 0.26354 0.00000 0.00063 0.00530 0.62768 0.28603 0.24324 0.48208 0.00297 0.99336 0.57586 0.39349 0.00000 0.30208 0.62791 1.00000 0.01063 0.01804
243.00000 111.00000 0.00003 0.00059 1.00000 1.00000 0.98624 0.96386 0.94202 1.00000 1.00000 0.99365 0.99945 0.87884 1.00000 0.92915 0.99247 0.99347 0.70831 0.03866 1.00000 0.93750 1.00000 1.00000 0.97668 0.98342
243.00000 112.00000 0.99979 0.99762 1.00000 0.00000 0.13047 0.31096 0.26542 0.00000 0.00063 0.00513 0.62732 0.28016 0.24324 0.48046 0.00398 0.99317 0.57179 0.40440 0.00000 0.28125 0.62791 1.00000 0.00892 0.02049
243.00000 113.00000 0.59516 0.73634 0.00000 0.23809 0.01422 0.04749 0.07762 0.29318 0.20881 0.09257 0.00133 0.02638 0.02703 0.04479 0.09002 0.00196 0.08761 0.95108 0.00000 0.04167 0.00000 0.00000 0.14403 0.13966
243.00000 114.00000 0.59525 0.73634 0.00000 0.23809 0.01496 0.06580 0.06922 0.29318 0.20881 0.09150 0.00125 0.01888 0.02703 0.05782 0.08855 0.00193 0.08780 0.94058 0.00000 0.05208 0.00000 0.00000 0.14163 0.14708
243.00000 115.00000 0.59514 0.73694 0.00000 0.23809 0.01459 0.06252 0.08480 0.29318 0.20818 0.09198 0.00137 0.02065 0.02703 0.05293 0.08982 0.00190 0.06436 0.95061 0.00000 0.04167 0.00000 0.00000 0.14095 0.15004
243.00000 116.00000 0.59530 0.73634 0.00000 0.23809 0.01413 0.05561 0.05842 0.29318 0.20881 0.09264 0.00135 0.02370 0.02703 0.05293 0.08999 0.00201 0.07916 0.94750 0.00000 0.04167 0.00000 0.00000 0.14266 0.14579
243.00000 117.00000 0.99996 0.99774 1.00000 0.00000 0.13221 0.30066 0.24934 0.00000 0.00000 0.00518 0.62740 0.27911 0.24324 0.49349 0.00322 0.99311 0.57650 0.38866 0.00000 0.31250 0.62791 1.00000 0.01029 0.01815
243.00000 118.00000 0.99988 0.99762 1.00000 0.00000 0.13065 0.31564 0.24626 0.00000 0.00063 0.00535 0.62749 0.27950 0.24324 0.48941 0.00350 0.99344 0.57155 0.38492 0.00000 0.30208 0.62791 1.00000 0.01715 0.02344
243.00000 119.00000 0.99989 0.99869 1.00000 0.00000 0.12983 0.29392 0.26611 0.00000 0.00000 0.00465 0.62753 0.28124 0.24324 0.48534 0.00512 0.99336 0.59116 0.39232 0.00000 0.30208 0.62791 1.00000 0.00960 0.02465
243.00000 120.00000 0.99984 0.99762 1.00000 0.00000 0.12854 0.30413 0.25858 0.00000 0.00063 0.00384 0.62749 0.28151 0.24324 0.48453 0.00408 0.99333 0.57728 0.38251 0.00000 0.30208 0.62791 1.00000 0.01166 0.01903
243.00000 121.00000 0.99990 0.99774 1.00000 0.00000 0.13405 0.31036 0.23834 0.00000 0.00000 0.00346 0.62749 0.27940 0.24324 0.50326 0.00408 0.99330 0.57243 0.38705 0.00000 0.32292 0.62791 1.00000 0.01200 0.01778
243.00000 122.00000 0.23814 0.29810 1.00000 0.59794 0.64052 0.73745 0.70339 0.61718 0.61572 0.61298 0.85360 0.65074 0.89189 0.75977 0.61385 0.99383 0.68365 0.13609 1.00000 0.70833 0.85412 1.00000 0.62826 0.63083
243.00000 123.00000 0.83330 0.99929 1.00000 0.06027 0.19093 0.35102 0.25735 0.14659 0.14403 0.13627 0.65084 0.30335 0.24324 0.48127 0.13588 0.99355 0.54122 0.36760 0.00000 0.31250 0.65116 1.00000 0.15706 0.16201
243.00000 124.00000 0.99989 0.99952 1.00000 0.00000 0.12983 0.30123 0.25057 0.00000 0.00063 0.00384 0.62759 0.27901 0.24324 0.48779 0.00419 0.99350 0.56826 0.39364 0.00000 0.31250 0.62791 1.00000 0.01132 0.01419
243.00000 125.00000 0.47607 0.83135 1.00000 0.62699 0.65942 0.66499 0.56708 0.50794 0.50000 0.47158 0.86422 0.60148 0.40541 0.67671 0.46973 0.99372 0.52204 0.33242 0.00000 0.64583 0.86469 1.00000 0.48080 0.48218
243.00000 126.00000 0.83313 0.99834 1.00000 0.06027 0.18736 0.35132 0.25909 0.14659 0.14403 0.13816 0.65099 0.30188 0.24324 0.47068 0.13552 0.99372 0.54268 0.37112 0.00000 0.32292 0.65116 1.00000 0.16187 0.16850
243.00000 127.00000 0.83327 0.99964 1.00000 0.06027 0.18919 0.33008 0.26494 0.14659 0.14403 0.13851 0.65088 0.29807 0.24324 0.47720 0.13626 0.99361 0.54620 0.36508 0.00000 0.33333 0.65116 1.00000 0.15535 0.16388
243.00000 128.00000 0.59509 0.73705 0.00000 0.23809 0.01119 0.07054 0.06889 0.29318 0.20881 0.09181 0.00152 0.02228 0.02703 0.06352 0.08954 0.00190 0.08085 0.94329 0.00000 0.05208 0.00000 0.00000 0.14026 0.14855
243.00000 129.00000 0.23821 0.29691 1.00000 0.59794 0.63565 0.69381 0.70438 0.61718 0.61509 0.61272 0.85349 0.64955 0.89189 0.78339 0.61441 0.99372 0.68015 0.12701 1.00000 0.69792 0.85412 1.00000 0.63134 0.62977
243.00000 130.00000 0.59511 0.73705 0.00000 0.23809 0.01422 0.06184 0.07568 0.29318 0.20881 0.09317 0.00146 0.02805 0.02703 0.03990 0.08949 0.00204 0.08797 0.97140 0.00000 0.03125 0.00000 0.00000 0.13615 0.14781
243.00000 131.00000 0.59522 0.73634 0.00000 0.23809 0.01119 0.06943 0.06720 0.29318 0.20881 0.09233 0.00150 0.02601 0.02703 0.05945 0.08906 0.00209 0.07005 0.97206 0.00000 0.06250 0.00000 0.00000 0.13786 0.14701
243.00000 132.00000 0.23802 0.29691 1.00000 0.59794 0.63694 0.71548 0.71713 0.61718 0.61509 0.61427 0.85355 0.65480 0.89189 0.76954 0.61540 0.99377 0.67999 0.12196 1.00000 0.69792 0.85412 1.00000 0.62449 0.63339
243.00000 133.00000 0.00004 0.00000 1.00000 1.00000 0.99046 0.93515 0.91645 1.00000 1.00000 0.99148 0.99947 0.87694 1.00000 0.92101 0.99264 0.99350 0.70231 0.04214 1.00000 0.95833 1.00000 1.00000 0.98114 0.97966
243.00000 134.00000 0.59513 0.73634 0.00000 0.23809 0.01697 0.07092 0.07618 0.29318 0.20881 0.09183 0.00150 0.02665 0.02703 0.04479 0.08997 0.00204 0.07459 0.94021 0.00000 0.03125 0.00000 0.00000 0.13786 0.14085
243.00000 135.00000 0.83332 0.99762 1.00000 0.06027 0.19222 0.36259 0.27030 0.14659 0.14403 0.13701 0.65109 0.30499 0.24324 0.47720 0.13682 0.99372 0.55151 0.37383 0.00000 0.32292 0.65116 1.00000 0.15912 0.16546
243.00000 136.00000 0.83323 0.99952 1.00000 0.06027 0.18763 0.33523 0.27651 0.14659 0.14403 0.13749 0.65101 0.30130 0.24324 0.48371 0.13684 0.99380 0.55077 0.36175 0.00000 0.34375 0.65116 1.00000 0.15912 0.15974
243.00000 137.00000 0.23823 0.29917 1.00000 0.59794 0.64410 0.72141 0.71764 0.61718 0.61509 0.61436 0.85349 0.65677 0.89189 0.75326 0.61418 0.99385 0.68870 0.12965 1.00000 0.67708 0.85412 1.00000 0.62414 0.63322
243.00000 138.00000 0.00004 0.00000 1.00000 1.00000 0.98165 0.95316 0.93971 1.00000 1.00000 0.99253 0.99945 0.87502 1.00000 0.92997 0.99320 0.99341 0.70834 0.02911 1.00000 0.95833 1.00000 1.00000 0.97394 0.98441
243.00000 139.00000 0.99985 0.99941 1.00000 0.00000 0.13387 0.29571 0.25408 0.00000 0.00000 0.00339 0.62768 0.28055 0.24324 0.48127 0.00378 0.99336 0.58802 0.38620 0.00000 0.29167 0.62791 1.00000 0.01818 0.01717
243.00000 140.00000 0.00005 0.00095 1.00000 1.00000 0.98670 0.94552 0.93992 1.00000 1.00000 0.99396 0.99939 0.88137 1.00000 0.92508 0.99541 0.99355 0.70336 0.04767 1.00000 0.93750 1.00000 1.00000 0.97668 0.98081
243.00000 141.00000 0.47625 0.83135 1.00000 0.62699 0.66630 0.66082 0.56706 0.50794 0.50000 0.47034 0.86405 0.61497 0.37838 0.68485 0.47072 0.99380 0.53387 0.33637 0.00000 0.66667 0.86469 1.00000 0.49108 0.49423
243.00000 142.00000 0.99994 0.99988 1.00000 0.00000 0.12818 0.30936 0.25731 0.00000 0.00000 0.00442 0.62776 0.28424 0.24324 0.49104 0.00396 0.99358 0.58676 0.38591 0.00000 0.30208 0.62791 1.00000 0.01475 0.01391
243.00000 143.00000 0.83321 0.99762 1.00000 0.06027 0.19185 0.34200 0.25699 0.14659 0.14403 0.13675 0.65109 0.30552 0.24324 0.46906 0.13583 0.99383 0.52992 0.36640 0.00000 0.33333 0.65116 1.00000 0.15501 0.16174
243.00000 144.00000 0.83318 0.99762 1.00000 0.06027 0.18387 0.34046 0.27596 0.14659 0.14403 0.13754 0.65105 0.30261 0.24324 0.46661 0.13633 0.99399 0.54494 0.36043 0.00000 0.32292 0.65116 1.00000 0.15878 0.16718
243.00000 145.00000 0.23804 0.29893 1.00000 0.59794 0.63951 0.68950 0.70601 0.61718 0.61509 0.61396 0.85345 0.66209 0.89189 0.77036 0.61532 0.99366 0.68960 0.12105 1.00000 0.69792 0.85412 1.00000 0.62586 0.63067
243.00000 146.00000 0.00004 0.00000 1.00000 1.00000 0.98477 0.95807 0.93470 1.00000 1.00000 0.99236 0.99937 0.88425 1.00000 0.94137 0.99439 0.99350 0.69727 0.05188 1.00000 0.94792 1.00000 1.00000 0.97702 0.98406
243.00000 147.00000 0.83336 0.99857 1.00000 0.06027 0.19002 0.36356 0.28171 0.14659 0.14403 0.13754 0.65105 0.30532 0.24324 0.48453 0.13654 0.99383 0.53332 0.38152 0.00000 0.34375 0.65116 1.00000 0.15569 0.16261
243.00000 148.00000 1.00000 0.99941 1.00000 0.00000 0.13249 0.32125 0.26785 0.00000 0.00063 0.00513 0.62761 0.28428 0.24324 0.49349 0.00467 0.99377 0.58878 0.38470 0.00000 0.29167 0.62791 1.00000 0.01406 0.02194
243.00000 149.00000 0.99984 0.99762 1.00000 0.00000 0.13203 0.31199 0.26664 0.00000 0.00063 0.00568 0.62780 0.28627 0.24324 0.49674 0.00292 0.99358 0.58776 0.38617 0.00000 0.30208 0.62791 1.00000 0.01372 0.02132
243.00000 150.00000 0.23802 0.29739 1.00000 0.59794 0.64309 0.72713 0.70322 0.61718 0.61572 0.61422 0.85357 0.65315 0.89189 0.76059 0.61390 0.99366 0.70305 0.12947 1.00000 0.68750 0.85412 1.00000 0.62723 0.62467
243.00000 151.00000 0.99982 0.99762 1.00000 0.00000 0.13341 0.29357 0.27456 0.00000 0.00063 0.00384 0.62776 0.28837 0.24324 0.49674 0.00345 0.99383 0.59402 0.38075 0.00000 0.29167 0.62791 1.00000 0.01269 0.01511
243.00000 152.00000 0.00002 0.00000 1.00000 1.00000 0.98514 0.95435 0.94440 1.00000 1.00000 0.99091 0.99943 0.87829 1.00000 0.92671 0.99264 0.99350 0.71826 0.06422 1.00000 0.94792 1.00000 1.00000 0.98080 0.97274
243.00000 153.00000 0.99981 0.99762 1.00000 0.00000 0.13368 0.29584 0.24789 0.00000 0.00063 0.00265 0.62780 0.28533 0.24324 0.50326 0.00241 0.99358 0.59552 0.38280 0.00000 0.30208 0.62791 1.00000 0.00892 0.01728
243.00000 154.00000 0.83330 0.99762 1.00000 0.06027 0.18772 0.34290 0.28787 0.14659 0.14403 0.13856 0.65122 0.31268 0.24324 0.49919 0.13732 0.99399 0.54360 0.36731 0.00000 0.33333 0.65116 1.00000 0.14952 0.16153
243.00000 155.00000 0.83329 0.99798 1.00000 0.06027 0.18919 0.32786 0.26715 0.14659 0.14403 0.13715 0.65113 0.30998 0.24324 0.48616 0.13699 0.99369 0.54111 0.36929 0.00000 0.33333 0.65116 1.00000 0.15809 0.16370
243.00000 156.00000 0.99983 0.99762 1.00000 0.00000 0.13295 0.32632 0.26193 0.00000 0.00063 0.00442 0.62776 0.28416 0.24324 0.49104 0.00236 0.99363 0.60230 0.38412 0.00000 0.31250 0.62791 1.00000 0.01818 0.02077
243.00000 157.00000 0.83322 0.99857 1.00000 0.06027 0.19103 0.33610 0.26640 0.14659 0.14403 0.13823 0.65130 0.30910 0.24324 0.48127 0.13699 0.99410 0.54972 0.36544 0.00000 0.33333 0.65116 1.00000 0.16358 0.16384
243.00000 158.00000 0.83333 0.99869 1.00000 0.06027 0.18148 0.34211 0.28467 0.14659 0.14403 0.13734 0.65124 0.31837 0.24324 0.49511 0.13603 0.99410 0.56260 0.37064 0.00000 0.34375 0.65116 1.00000 0.16221 0.16450
243.00000 159.00000 0.59520 0.73860 0.00000 0.23809 0.01578 0.04150 0.07707 0.29318 0.20881 0.09088 0.00158 0.03243 0.02703 0.04723 0.08946 0.00240 0.08100 0.96181 0.00000 0.04167 0.00000 0.00000 0.13957 0.14552
243.00000 160.00000 0.23822 0.29691 1.00000 0.59794 0.63593 0.71602 0.72108 0.61718 0.61572 0.61307 0.85349 0.65582 0.89189 0.77117 0.61461 0.99369 0.70748 0.12991 1.00000 0.68750 0.85412 1.00000 0.62174 0.63038
243.00000 161.00000 0.47606 0.83135 1.00000 0.62699 0.66171 0.65886 0.58104 0.50794 0.50000 0.47167 0.86432 0.61167 0.40541 0.66531 0.46978 0.99391 0.54013 0.33081 0.00000 0.66667 0.86469 1.00000 0.48422 0.49279
243.00000 162.00000 0.99988 0.99846 1.00000 0.00000 0.13093 0.30280 0.27006 0.00000 0.00063 0.00442 0.62797 0.28959 0.24324 0.48616 0.00256 0.99419 0.60159 0.38133 0.00000 0.30208 0.62791 1.00000 0.01509 0.02204
243.00000 163.00000 0.83330 0.99869 1.00000 0.06027 0.18855 0.35479 0.28140 0.14659 0.14403 0.13658 0.65139 0.31351 0.24324 0.49919 0.13722 0.99402 0.56305 0.38188 0.00000 0.34375 0.65116 1.00000 0.15295 0.16144
243.00000 164.00000 0.59518 0.73741 0.00000 0.23809 0.01505 0.03858 0.09238 0.29318 0.20881 0.09109 0.00186 0.03388 0.02703 0.06270 0.09083 0.00256 0.10923 0.95852 0.00000 0.06250 0.00000 0.00000 0.12997 0.15088
243.00000 165.00000 0.83336 0.99822 1.00000 0.06027 0.18809 0.33117 0.27069 0.14659 0.14403 0.13754 0.65132 0.31504 0.24324 0.48779 0.13595 0.99405 0.56336 0.38002 0.00000 0.32292 0.65116 1.00000 0.16015 0.16507
243.00000 166.00000 0.23801 0.29691 1.00000 0.59794 0.63905 0.70782 0.68177 0.61718 0.61572 0.61281 0.85357 0.65978 0.89189 0.77606 0.61370 0.99380 0.69703 0.12163 1.00000 0.70833 0.85412 1.00000 0.62449 0.63309
243.00000 167.00000 0.23821 0.29929 1.00000 0.59794 0.63997 0.70914 0.70919 0.61718 0.61572 0.61319 0.85357 0.66617 0.89189 0.77443 0.61266 0.99380 0.70826 0.13335 1.00000 0.69792 0.85412 1.00000 0.62517 0.62569
243.00000 168.00000 0.47623 0.83242 1.00000 0.62699 0.66281 0.67059 0.55883 0.50794 0.50000 0.47003 0.86426 0.61881 0.37838 0.69218 0.47029 0.99388 0.54779 0.34677 1.00000 0.65625 0.86469 1.00000 0.48800 0.48479
243.00000 169.00000 0.83330 0.99762 1.00000 0.06027 0.19185 0.34455 0.26790 0.14659 0.14403 0.13694 0.65134 0.31732 0.24324 0.49023 0.13578 0.99435 0.56645 0.37119 0.00000 0.33333 0.65116 1.00000 0.15706 0.15947
243.00000 170.00000 0.47628 0.83266 1.00000 0.62699 0.66263 0.66610 0.57438 0.50794 0.50000 0.47115 0.86441 0.61443 0.37838 0.67915 0.47029 0.99374 0.55153 0.34483 0.00000 0.66667 0.86469 1.00000 0.49211 0.49040
243.00000 171.00000 0.83326 0.99762 1.00000 0.06027 0.19323 0.33875 0.27322 0.14659 0.14403 0.13806 0.65132 0.32281 0.24324 0.48616 0.13661 0.99430 0.57105 0.38880 0.00000 0.34375 0.65116 1.00000 0.15398 0.16491
243.00000 172.00000 0.00000 0.00048 1.00000 1.00000 0.98734 0.95132 0.96250 1.00000 1.00000 0.99289 0.99951 0.89139 1.00000 0.94788 0.99483 0.99352 0.73157 0.06001 1.00000 0.93750 1.00000 1.00000 0.97497 0.98309
243.00000 173.00000 0.00002 0.00048 1.00000 1.00000 0.98991 0.94523 0.96195 1.00000 1.00000 0.99289 0.99951 0.89350 1.00000 0.94544 0.99272 0.99355 0.73418 0.06601 1.00000 0.94792 1.00000 1.00000 0.97737 0.97950
243.00000 174.00000 0.83324 0.99762 1.00000 0.06027 0.19259 0.36611 0.26636 0.14659 0.14403 0.13620 0.65147 0.31471 0.24324 0.50163 0.13679 0.99410 0.56914 0.38866 0.00000 0.34375 0.65116 1.00000 0.16221 0.16044
243.00000 175.00000 0.99985 0.99762 1.00000 0.00000 0.13093 0.31613 0.24698 0.00000 0.00063 0.00399 0.62810 0.29807 0.24324 0.50081 0.00421 0.99421 0.60413 0.38481 0.00000 0.30208 0.62791 1.00000 0.00892 0.02108
243.00000 176.00000 0.00001 0.00036 1.00000 1.00000 0.98394 0.94948 0.95167 1.00000 1.00000 0.99191 0.99951 0.88791 1.00000 0.94951 0.99429 0.99358 0.73747 0.04936 1.00000 0.94792 1.00000 1.00000 0.98080 0.97817
243.00000 177.00000 0.83333 0.99762 1.00000 0.06027 0.19139 0.33054 0.27035 0.14659 0.14403 0.13668 0.65158 0.31736 0.24324 0.50163 0.13545 0.99452 0.58357 0.37855 0.00000 0.35417 0.65116 1.00000 0.15878 0.15813
243.00000 178.00000 0.00004 0.00000 1.00000 1.00000 0.98569 0.96356 0.95725 1.00000 1.00000 0.99150 0.99947 0.88945 1.00000 0.92020 0.99419 0.99352 0.73395 0.04698 1.00000 0.95833 1.00000 1.00000 0.97840 0.98193
243.00000 179.00000 0.23820 0.29822 1.00000 0.59794 0.63914 0.71145 0.69995 0.61718 0.61572 0.61255 0.85366 0.66423 0.89189 0.78909 0.61395 0.99380 0.71555 0.13016 1.00000 0.71875 0.85412 1.00000 0.62517 0.63223
243.00000 180.00000 0.59527 0.73824 0.00000 0.23809 0.01285 0.06209 0.10008 0.29318 0.20881 0.09155 0.00196 0.03992 0.02703 0.06678 0.08918 0.00284 0.11839 0.95672 0.00000 0.03125 0.00000 0.00000 0.14232 0.14445
243.00000 181.00000 0.23824 0.29691 1.00000 0.59794 0.64511 0.71145 0.71463 0.61718 0.61572 0.61310 0.85370 0.67345 0.89189 0.76873 0.61309 0.99377 0.72726 0.13295 1.00000 0.70833 0.85412 1.00000 0.62586 0.62487
243.00000 182.00000 0.47617 0.83254 1.00000 0.62699 0.66676 0.67290 0.56910 0.50794 0.50000 0.47155 0.86449 0.62393 0.37838 0.68893 0.46823 0.99410 0.56265 0.34461 1.00000 0.65625 0.86469 1.00000 0.49040 0.48762
243.00000 183.00000 0.00002 0.00083 1.00000 1.00000 0.98734 0.94471 0.95752 1.00000 1.00000 0.99179 0.99945 0.89682 1.00000 0.94625 0.99267 0.99352 0.74156 0.06470 1.00000 0.96875 1.00000 1.00000 0.98080 0.97901
243.00000 184.00000 0.23803 0.29691 1.00000 0.59794 0.64153 0.72412 0.70941 0.61718 0.61572 0.61283 0.85376 0.66694 0.89189 0.78502 0.61268 0.99380 0.72038 0.12753 1.00000 0.71875 0.85412 1.00000 0.62140 0.63446
243.00000 185.00000 0.59516 0.73634 0.00000 0.23809 0.02000 0.06155 0.08658 0.29318 0.20881 0.09238 0.00209 0.03793 0.02703 0.06352 0.08860 0.00298 0.11765 0.96646 0.00000 0.06250 0.00000 0.00000 0.14575 0.14071
243.00000 186.00000 0.23820 0.29715 1.00000 0.59794 0.63978 0.69852 0.72012 0.61718 0.61572 0.61307 0.85360 0.67433 0.89189 0.75896 0.61276 0.99380 0.73542 0.13965 1.00000 0.69792 0.85412 1.00000 0.61968 0.62523
243.00000 187.00000 0.00002 0.00107 1.00000 1.00000 0.98660 0.95788 0.95444 1.00000 1.00000 0.99251 0.99947 0.89776 1.00000 0.94625 0.99262 0.99361 0.74013 0.05635 1.00000 0.94792 1.00000 1.00000 0.96811 0.97115
243.00000 188.00000 0.99990 0.99798 1.00000 0.00000 0.13680 0.31467 0.26655 0.00000 0.00063 0.00370 0.62837 0.29742 0.24324 0.49593 0.00279 0.99463 0.64095 0.39389 0.00000 0.31250 0.62791 1.00000 0.01372 0.02082
243.00000 189.00000 0.83330 0.99929 1.00000 0.06027 0.18910 0.34206 0.26660 0.14659 0.14403 0.13565 0.65183 0.32407 0.24324 0.50000 0.13606 0.99485 0.58297 0.36702 0.00000 0.36458 0.65116 1.00000 0.14883 0.16129
243.00000 190.00000 0.99978 0.99905 1.00000 0.00000 0.13543 0.30928 0.28227 0.00000 0.00063 0.00258 0.62842 0.30098 0.24324 0.48860 0.00396 0.99465 0.64329 0.39327 0.00000 0.30208 0.62791 1.00000 0.00617 0.01603
243.00000 191.00000 0.83318 0.99869 1.00000 0.06027 0.18928 0.34095 0.28477 0.14659 0.14403 0.13796 0.65187 0.32772 0.24324 0.49186 0.13697 0.99490 0.60884 0.37683 0.00000 0.34375 0.65116 1.00000 0.15741 0.16094
243.00000 192.00000 0.99985 0.99762 1.00000 0.00000 0.13442 0.29397 0.25923 0.00000 0.00063 0.00463 0.62848 0.30689 0.24324 0.51710 0.00388 0.99468 0.64388 0.38511 0.00000 0.31250 0.62791 1.00000 0.01097 0.01668
243.00000 193.00000 0.47626 0.83135 1.00000 0.62699 0.66217 0.67236 0.56436 0.50794 0.50000 0.47131 0.86449 0.62814 0.37838 0.69055 0.46904 0.99427 0.57107 0.33634 1.00000 0.66667 0.86469 1.00000 0.48594 0.49105
243.00000 194.00000 0.00007 0.00048 1.00000 1.00000 0.98642 0.93899 0.95997 1.00000 1.00000 0.99294 0.99937 0.90719 1.00000 0.93730 0.99252 0.99352 0.76691 0.05188 1.00000 0.95833 1.00000 1.00000 0.97805 0.97692
243.00000 195.00000 0.99987 0.99822 1.00000 0.00000 0.13478 0.30649 0.26542 0.00000 0.00063 0.00313 0.62871 0.30775 0.24324 0.50244 0.00355 0.99485 0.64914 0.39415 0.00000 0.29167 0.62791 1.00000 0.01200 0.02059
243.00000 196.00000 0.83332 0.99762 1.00000 0.06027 0.19011 0.35966 0.28012 0.14659 0.14403 0.13796 0.65198 0.33155 0.24324 0.49186 0.13598 0.99529 0.60059 0.38558 0.00000 0.34375 0.65116 1.00000 0.15501 0.16011
243.00000 197.00000 0.99981 0.99822 1.00000 0.00000 0.13598 0.32304 0.26477 0.00000 0.00063 0.00410 0.62865 0.30585 0.24324 0.50896 0.00373 0.99498 0.64369 0.39151 0.00000 0.31250 0.62791 1.00000 0.00892 0.02244
243.00000 198.00000 0.23820 0.29691 1.00000 0.59794 0.64419 0.73620 0.71622 0.61718 0.61572 0.61462 0.85368 0.67863 0.89189 0.79072 0.61360 0.99405 0.76198 0.14188 1.00000 0.71875 0.85412 1.00000 0.62929 0.62675
243.00000 199.00000 0.99986 0.99762 1.00000 0.00000 0.13772 0.30941 0.27748 0.00000 0.00063 0.00515 0.62875 0.31475 0.24324 0.50651 0.00467 0.99501 0.64431 0.39327 0.00000 0.31250 0.62791 1.00000 0.01920 0.01747
243.00000 200.00000 0.99995 0.99762 1.00000 0.00000 0.13781 0.31792 0.26888 0.00000 0.00063 0.00456 0.62877 0.30748 0.24324 0.50896 0.00403 0.99507 0.65557 0.38166 0.00000 0.30208 0.62791 1.00000 0.01029 0.01686
243.00000 201.00000 0.00007 0.00000 1.00000 1.00000 0.98908 0.97665 0.97535 1.00000 1.00000 0.99212 0.99951 0.90906 1.00000 0.96091 0.99193 0.99366 0.77319 0.05192 1.00000 0.95833 1.00000 1.00000 0.97359 0.97355
243.00000 202.00000 0.47619 0.83290 1.00000 0.62699 0.66364 0.67333 0.58677 0.50794 0.50000 0.47146 0.86468 0.63336 0.40541 0.70277 0.47145 0.99438 0.60306 0.35966 1.00000 0.65625 0.86469 1.00000 0.48937 0.48720
243.00000 203.00000 0.59527 0.73634 0.00000 0.23809 0.01404 0.06485 0.08619 0.29318 0.20881 0.09210 0.00255 0.05423 0.02703 0.07410 0.08900 0.00367 0.15064 0.97540 0.00000 0.07292 0.00000 0.00000 0.13923 0.14768
243.00000 204.00000 0.47615 0.83254 1.00000 0.62699 0.66116 0.67718 0.57878 0.50794 0.50000 0.47096 0.86477 0.64030 0.37838 0.69300 0.47011 0.99457 0.59863 0.34725 1.00000 0.66667 0.86469 1.00000 0.48080 0.48580
243.00000 205.00000 1.00000 0.99762 1.00000 0.00000 0.13607 0.33932 0.29206 0.00000 0.00063 0.00382 0.62901 0.31093 0.27027 0.51629 0.00358 0.99540 0.67309 0.39356 0.00000 0.29167 0.62791 1.00000 0.01097 0.02195
243.00000 206.00000 0.99998 0.99762 1.00000 0.00000 0.13359 0.33274 0.28282 0.00000 0.00063 0.00368 0.62896 0.31232 0.24324 0.51466 0.00259 0.99540 0.65983 0.37716 0.00000 0.31250 0.62791 1.00000 0.00720 0.01777
243.00000 207.00000 0.00006 0.00000 1.00000 1.00000 0.98917 0.95598 0.95932 1.00000 1.00000 0.98988 0.99947 0.91310 1.00000 0.95765 0.99178 0.99347 0.77945 0.04939 1.00000 0.95833 1.00000 1.00000 0.97394 0.97611
243.00000 208.00000 0.83313 0.99762 1.00000 0.06027 0.18892 0.35777 0.28253 0.14659 0.14465 0.13694 0.65253 0.34324 0.24324 0.49430 0.13646 0.99565 0.63222 0.38565 0.00000 0.32292 0.65116 1.00000 0.15535 0.16252
243.00000 209.00000 0.23801 0.29846 1.00000 0.59794 0.64079 0.73794 0.72724 0.61718 0.61572 0.61331 0.85381 0.69289 0.89189 0.78909 0.61380 0.99410 0.78305 0.14986 1.00000 0.72917 0.85412 1.00000 0.62174 0.62730
243.00000 210.00000 0.83313 0.99905 1.00000 0.06027 0.19470 0.35666 0.27341 0.14659 0.14403 0.13699 0.65246 0.34257 0.24324 0.51221 0.13578 0.99600 0.62270 0.38803 0.00000 0.33333 0.65116 1.00000 0.15123 0.16181
243.00000 211.00000 0.00005 0.00083 1.00000 1.00000 0.99092 0.95018 0.96710 1.00000 1.00000 0.99258 0.99949 0.91890 1.00000 0.94625 0.99039 0.99366 0.79645 0.06001 1.00000 0.95833 1.00000 1.00000 0.97462 0.97395
243.00000 212.00000 0.23811 0.29715 1.00000 0.59794 0.64428 0.73352 0.73165 0.61718 0.61572 0.61054 0.85366 0.69201 0.89189 0.80945 0.61278 0.99405 0.79638 0.14389 1.00000 0.71875 0.85412 1.00000 0.61866 0.63300
243.00000 213.00000 0.83334 0.99762 1.00000 0.06027 0.19653 0.35823 0.28104 0.14659 0.14465 0.13754 0.65278 0.34749 0.24324 0.49104 0.13575 0.99609 0.63957 0.38196 0.00000 0.35417 0.65116 1.00000 0.16187 0.16362
243.00000 214.00000 0.99981 0.99881 1.00000 0.00000 0.13267 0.31201 0.28227 0.00000 0.00063 0.00489 0.62928 0.32245 0.24324 0.52280 0.00396 0.99576 0.68608 0.39642 0.00000 0.30208 0.62791 1.00000 0.00926 0.02214
243.00000 215.00000 0.59512 0.73777 0.00000 0.23809 0.01560 0.07222 0.11156 0.29318 0.20881 0.08983 0.00298 0.05752 0.02703 0.08388 0.08890 0.00424 0.16118 0.98565 0.00000 0.06250 0.00000 0.00000 0.14335 0.14032
243.00000 216.00000 0.59516 0.73634 0.00000 0.23809 0.02019 0.06553 0.08829 0.29318 0.20881 0.09040 0.00308 0.06508 0.02703 0.06922 0.08885 0.00441 0.16518 0.98294 0.00000 0.06250 0.00000 0.00000 0.13409 0.14150
243.00000 217.00000 0.23817 0.29762 1.00000 0.59794 0.64391 0.74501 0.73704 0.61718 0.61572 0.61059 0.85379 0.69907 0.89189 0.78827 0.61223 0.99410 0.79612 0.14316 1.00000 0.71875 0.85412 1.00000 0.62654 0.62252
243.00000 218.00000 0.99982 0.99762 1.00000 0.00000 0.13744 0.33753 0.26376 0.00000 0.00063 0.00453 0.62947 0.33383 0.27027 0.51629 0.00446 0.99592 0.69527 0.37928 0.00000 0.32292 0.62791 1.00000 0.01509 0.01802
243.00000 219.00000 0.83316 0.99786 1.00000 0.06027 0.18983 0.36183 0.27232 0.14659 0.14465 0.13706 0.65310 0.34443 0.24324 0.50570 0.13471 0.99645 0.65976 0.39547 0.00000 0.34375 0.65116 1.00000 0.15364 0.16218
243.00000 220.00000 0.23807 0.29846 1.00000 0.59794 0.64722 0.71868 0.72433 0.61718 0.61572 0.61097 0.85374 0.70380 0.89189 0.79967 0.61162 0.99421 0.81142 0.15089 1.00000 0.72917 0.85412 1.00000 0.61797 0.62326
243.00000 221.00000 0.23810 0.29774 1.00000 0.59794 0.63868 0.72358 0.73415 0.61718 0.61572 0.61288 0.85389 0.70325 0.89189 0.79316 0.61283 0.99413 0.82077 0.14898 1.00000 0.71875 0.85412 1.00000 0.62929 0.62740
243.00000 222.00000 0.47613 0.83135 1.00000 0.62699 0.66740 0.68793 0.58619 0.50794 0.50000 0.47265 0.86529 0.66032 0.37838 0.71336 0.46889 0.99504 0.66071 0.36314 1.00000 0.67708 0.86469 1.00000 0.48560 0.49279
243.00000 223.00000 0.47619 0.83135 1.00000 0.62699 0.66777 0.69671 0.58201 0.50794 0.50000 0.46976 0.86508 0.65852 0.40541 0.70603 0.46950 0.99512 0.64583 0.34260 1.00000 0.67708 0.86469 1.00000 0.48217 0.48556
243.00000 224.00000 0.00001 0.00000 1.00000 1.00000 0.99046 0.97871 0.98691 1.00000 1.00000 0.98919 0.99960 0.93593 1.00000 0.96091 0.99264 0.99369 0.83996 0.06433 1.00000 0.96875 1.00000 1.00000 0.97085 0.97202
243.00000 225.00000 0.59509 0.73634 0.00000 0.23809 0.02055 0.09484 0.09897 0.29318 0.20881 0.09143 0.00359 0.06690 0.02703 0.07980 0.08964 0.00496 0.19715 0.97452 0.00000 0.07292 0.00000 0.00000 0.13855 0.13725
243.00000 226.00000 1.00000 0.99822 1.00000 0.00000 0.14056 0.33266 0.27923 0.00000 0.00063 0.00310 0.62985 0.34069 0.27027 0.52280 0.00391 0.99672 0.74225 0.39199 0.00000 0.33333 0.62791 1.00000 0.01269 0.02519
243.00000 227.00000 0.23823 0.29798 1.00000 0.59794 0.64235 0.72827 0.73692 0.61718 0.61572 0.61272 0.85381 0.71323 0.89189 0.79805 0.61202 0.99416 0.82946 0.15524 1.00000 0.71875 0.85412 1.00000 0.60974 0.62020
243.00000 228.00000 0.47606 0.83135 1.00000 0.62699 0.67199 0.68631 0.59464 0.50794 0.50000 0.46821 0.86548 0.66164 0.37838 0.70440 0.46897 0.99526 0.66490 0.36581 1.00000 0.67708 0.86469 1.00000 0.47188 0.48425
243.00000 229.00000 0.47622 0.83325 1.00000 0.62699 0.67346 0.68912 0.60242 0.50794 0.50000 0.46983 0.86546 0.66953 0.37838 0.70358 0.46686 0.99543 0.66721 0.35735 1.00000 0.69792 0.86469 1.00000 0.48388 0.48702
243.00000 230.00000 0.99985 0.99941 1.00000 0.00000 0.13341 0.35243 0.28202 0.00000 0.00063 0.00683 0.63008 0.34121 0.27027 0.53990 0.00365 0.99664 0.75037 0.39528 0.00000 0.32292 0.62791 1.00000 0.00754 0.01254
