120.00000 1.00000 0.59512 0.73705 0.00000 0.23809 0.01616 0.03910 0.06391 0.29318 0.21079 0.09070 0.00131 0.01857 0.02564 0.02841 0.08915 0.00174 0.06947 0.93676 0.00000 0.06186 0.00000 0.00000 0.13623 0.13954
120.00000 2.00000 0.00005 0.00166 1.00000 1.00000 0.97797 0.94848 0.90460 1.00000 1.00000 0.96146 0.99865 0.87804 0.94872 0.91071 0.96356 0.99317 0.70902 0.07261 1.00000 0.92784 1.00000 1.00000 0.96535 0.97336
120.00000 3.00000 0.83327 0.99774 1.00000 0.06027 0.18377 0.33694 0.24515 0.14659 0.14617 0.13524 0.65034 0.31027 0.23077 0.46916 0.13476 0.99333 0.53995 0.38968 0.00000 0.31959 0.65116 1.00000 0.15809 0.15940
120.00000 4.00000 0.59519 0.73812 0.00000 0.23809 0.00872 0.04131 0.03922 0.29318 0.21016 0.09053 0.00141 0.02195 0.02564 0.04464 0.08842 0.00201 0.06779 0.92572 0.00000 0.04124 0.00000 0.00000 0.13253 0.14654
120.00000 5.00000 0.00005 0.00214 1.00000 1.00000 0.97742 0.91502 0.90650 1.00000 1.00000 0.96293 0.99869 0.88683 0.94872 0.91640 0.96297 0.99311 0.70464 0.08808 1.00000 0.92784 1.00000 1.00000 0.97107 0.97515
120.00000 6.00000 0.23802 0.29822 1.00000 0.59794 0.63283 0.66838 0.67465 0.61718 0.61606 0.59465 0.85274 0.65892 0.84615 0.74107 0.59607 0.99325 0.69524 0.16363 1.00000 0.69072 0.85412 1.00000 0.61621 0.62454
120.00000 7.00000 0.99987 0.99762 1.00000 0.00000 0.12612 0.28866 0.23543 0.00000 0.00314 0.00686 0.62730 0.28163 0.23077 0.48377 0.00535 0.99328 0.58350 0.40590 0.00000 0.29897 0.62791 1.00000 0.01211 0.01636
120.00000 8.00000 0.00001 0.00000 1.00000 1.00000 0.97779 0.92728 0.90506 1.00000 1.00000 0.96224 0.99871 0.88166 0.94872 0.89854 0.96212 0.99330 0.70561 0.08036 1.00000 0.92784 1.00000 1.00000 0.97242 0.97010
120.00000 9.00000 0.00003 0.00000 1.00000 1.00000 0.97439 0.93182 0.88642 1.00000 1.00000 0.96335 0.99880 0.88175 0.94872 0.91721 0.96151 0.99330 0.71770 0.07985 1.00000 0.91753 1.00000 1.00000 0.96502 0.97598
120.00000 10.00000 0.47619 0.83219 1.00000 0.62699 0.66055 0.63657 0.53522 0.50794 0.50063 0.45700 0.86342 0.60624 0.38462 0.66721 0.45701 0.99325 0.51913 0.33685 0.00000 0.64948 0.86469 1.00000 0.48705 0.48751
120.00000 11.00000 0.23811 0.29691 1.00000 0.59794 0.63475 0.70461 0.65265 0.61718 0.61606 0.59484 0.85270 0.65710 0.84615 0.74594 0.59536 0.99339 0.70056 0.15561 1.00000 0.68041 0.85412 1.00000 0.62059 0.62096
120.00000 12.00000 0.23805 0.29703 1.00000 0.59794 0.63255 0.67502 0.66175 0.61718 0.61606 0.59691 0.85280 0.65820 0.84615 0.73214 0.59534 0.99333 0.67552 0.13710 1.00000 0.68041 0.85412 1.00000 0.61722 0.62054
120.00000 13.00000 0.99997 0.99762 1.00000 0.00000 0.12585 0.28407 0.23151 0.00000 0.00314 0.00653 0.62722 0.28175 0.23077 0.46429 0.00516 0.99336 0.57475 0.40978 0.00000 0.28866 0.62791 1.00000 0.01177 0.01804
120.00000 14.00000 0.47612 0.83302 1.00000 0.62699 0.65669 0.64370 0.52367 0.50794 0.50063 0.45677 0.86354 0.61070 0.38462 0.66558 0.45708 0.99322 0.52574 0.36038 0.00000 0.63918 0.86469 1.00000 0.48402 0.48186
120.00000 15.00000 0.99983 0.99941 1.00000 0.00000 0.12842 0.29736 0.24391 0.00000 0.00251 0.00755 0.62709 0.27628 0.23077 0.47484 0.00521 0.99325 0.57407 0.39784 0.00000 0.28866 0.62791 1.00000 0.01144 0.01314
120.00000 16.00000 0.23816 0.29691 1.00000 0.59794 0.63558 0.68712 0.66819 0.61718 0.61606 0.59739 0.85276 0.66006 0.84615 0.73864 0.59583 0.99330 0.68432 0.16581 1.00000 0.69072 0.85412 1.00000 0.62025 0.62714
120.00000 17.00000 0.23820 0.29857 1.00000 0.59794 0.63595 0.67875 0.65906 0.61718 0.61606 0.59647 0.85272 0.65284 0.84615 0.74513 0.59507 0.99333 0.69502 0.15865 1.00000 0.70103 0.85412 1.00000 0.62361 0.62592
120.00000 18.00000 0.99978 0.99988 1.00000 0.00000 0.12383 0.27716 0.22495 0.00000 0.00314 0.00545 0.62707 0.27135 0.23077 0.47159 0.00511 0.99311 0.57888 0.40628 0.00000 0.28866 0.62791 1.00000 0.01345 0.02407
120.00000 19.00000 0.47613 0.83230 1.00000 0.62699 0.66174 0.65706 0.52465 0.50794 0.50063 0.45790 0.86352 0.61325 0.38462 0.66721 0.45694 0.99330 0.52096 0.35353 0.00000 0.63918 0.86469 1.00000 0.48840 0.48309
120.00000 20.00000 0.23811 0.29691 1.00000 0.59794 0.63273 0.67659 0.66362 0.61718 0.61606 0.59592 0.85293 0.64968 0.84615 0.73214 0.59563 0.99336 0.68255 0.16841 1.00000 0.68041 0.85412 1.00000 0.62933 0.61868
120.00000 21.00000 0.47623 0.83135 1.00000 0.62699 0.65476 0.64375 0.52895 0.50794 0.50063 0.45815 0.86348 0.61316 0.38462 0.67614 0.45618 0.99314 0.51526 0.35913 0.00000 0.63918 0.86469 1.00000 0.48436 0.48307
120.00000 22.00000 0.99981 0.99762 1.00000 0.00000 0.12163 0.29044 0.23098 0.00000 0.00314 0.00624 0.62728 0.27837 0.23077 0.47890 0.00633 0.99330 0.58626 0.40317 0.00000 0.28866 0.62791 1.00000 0.01715 0.01452
120.00000 23.00000 0.59528 0.73789 0.00000 0.23809 0.00826 0.05603 0.04950 0.29318 0.21079 0.09166 0.00129 0.02447 0.02564 0.04302 0.08869 0.00198 0.07146 0.93780 0.00000 0.04124 0.00000 0.00000 0.13791 0.14476
120.00000 24.00000 0.59530 0.73682 0.00000 0.23809 0.01303 0.06176 0.04657 0.29318 0.21016 0.09095 0.00143 0.02596 0.02564 0.04951 0.08835 0.00187 0.07322 0.93112 0.00000 0.05155 0.00000 0.00000 0.13724 0.14571
120.00000 25.00000 0.59523 0.73812 0.00000 0.23809 0.00734 0.05349 0.05181 0.29318 0.21079 0.09037 0.00127 0.02421 0.02564 0.04058 0.08994 0.00196 0.06033 0.92745 0.00000 0.05155 0.00000 0.00000 0.13757 0.14307
120.00000 26.00000 0.00003 0.00000 1.00000 1.00000 0.98265 0.94713 0.90578 1.00000 1.00000 0.96238 0.99878 0.88721 0.94872 0.91964 0.96266 0.99333 0.70753 0.09154 1.00000 0.91753 1.00000 1.00000 0.96233 0.97222
120.00000 27.00000 0.99996 0.99762 1.00000 0.00000 0.12796 0.30349 0.24996 0.00000 0.00251 0.00803 0.62709 0.28072 0.23077 0.48377 0.00601 0.99325 0.57944 0.39151 0.00000 0.29897 0.62791 1.00000 0.01245 0.01366
120.00000 28.00000 0.83330 0.99762 1.00000 0.06027 0.18763 0.33362 0.25121 0.14659 0.14617 0.13441 0.65041 0.30488 0.25641 0.47808 0.13520 0.99325 0.53745 0.37819 0.00000 0.31959 0.65116 1.00000 0.15775 0.16467
120.00000 29.00000 0.00003 0.00190 1.00000 1.00000 0.97788 0.92982 0.90162 1.00000 1.00000 0.96254 0.99876 0.88198 0.94872 0.90422 0.96151 0.99330 0.71085 0.07154 1.00000 0.93814 1.00000 1.00000 0.96737 0.97461
120.00000 30.00000 0.99997 0.99976 1.00000 0.00000 0.12998 0.29522 0.23295 0.00000 0.00251 0.00653 0.62705 0.28369 0.23077 0.47484 0.00687 0.99303 0.58797 0.40165 0.00000 0.29897 0.62791 1.00000 0.01547 0.01299
120.00000 31.00000 0.00005 0.00071 1.00000 1.00000 0.97724 0.90730 0.91233 1.00000 1.00000 0.95999 0.99878 0.88355 0.94872 0.91315 0.96275 0.99319 0.70755 0.08227 1.00000 0.92784 1.00000 1.00000 0.97175 0.97430
120.00000 32.00000 0.59527 0.73634 0.00000 0.23809 0.01065 0.04040 0.04681 0.29318 0.21016 0.09189 0.00141 0.02381 0.02564 0.05114 0.08867 0.00207 0.06589 0.94593 0.00000 0.06186 0.00000 0.00000 0.13858 0.13668
120.00000 33.00000 0.99984 0.99976 1.00000 0.00000 0.13117 0.28577 0.21708 0.00000 0.00314 0.00467 0.62715 0.26933 0.23077 0.46916 0.00491 0.99314 0.56318 0.39722 0.00000 0.28866 0.62791 1.00000 0.01682 0.01359
120.00000 34.00000 0.99984 0.99762 1.00000 0.00000 0.12713 0.31899 0.23528 0.00000 0.00314 0.00803 0.62724 0.28043 0.23077 0.47890 0.00714 0.99306 0.57871 0.40701 0.00000 0.28866 0.62791 1.00000 0.01985 0.01469
120.00000 35.00000 0.47609 0.83135 1.00000 0.62699 0.65844 0.63587 0.52881 0.50794 0.50063 0.45668 0.86348 0.61686 0.35897 0.67776 0.45628 0.99336 0.52149 0.35567 0.00000 0.64948 0.86469 1.00000 0.48032 0.48545
120.00000 36.00000 0.00005 0.00000 1.00000 1.00000 0.97696 0.92274 0.89362 1.00000 1.00000 0.96121 0.99871 0.87903 0.94872 0.90584 0.96278 0.99325 0.70096 0.08791 1.00000 0.92784 1.00000 1.00000 0.96973 0.96995
120.00000 37.00000 0.99997 0.99762 1.00000 0.00000 0.12658 0.28785 0.24098 0.00000 0.00314 0.00504 0.62724 0.27666 0.23077 0.47890 0.00484 0.99322 0.56890 0.39909 0.00000 0.29897 0.62791 1.00000 0.01312 0.01738
120.00000 38.00000 0.99994 0.99762 1.00000 0.00000 0.12567 0.29112 0.21362 0.00000 0.00251 0.00663 0.62715 0.28264 0.23077 0.47727 0.00601 0.99317 0.57124 0.39843 0.00000 0.27835 0.62791 1.00000 0.01581 0.00894
120.00000 39.00000 0.23806 0.29691 1.00000 0.59794 0.63292 0.69430 0.66307 0.61718 0.61606 0.59516 0.85274 0.65233 0.84615 0.74675 0.59468 0.99328 0.68572 0.15844 1.00000 0.69072 0.85412 1.00000 0.62933 0.62444
120.00000 40.00000 0.47607 0.83135 1.00000 0.62699 0.66165 0.64172 0.51891 0.50794 0.50063 0.45895 0.86354 0.61250 0.38462 0.68263 0.45716 0.99333 0.51968 0.34775 0.00000 0.63918 0.86469 1.00000 0.48301 0.48432
120.00000 41.00000 0.59511 0.73765 0.00000 0.23809 0.00532 0.05012 0.03415 0.29318 0.21079 0.09284 0.00143 0.01569 0.02564 0.04221 0.08859 0.00204 0.06555 0.93299 0.00000 0.04124 0.00000 0.00000 0.13421 0.14069
120.00000 42.00000 0.59514 0.73634 0.00000 0.23809 0.00652 0.04620 0.06065 0.29318 0.21016 0.09127 0.00137 0.01980 0.02564 0.03653 0.08935 0.00193 0.06408 0.92483 0.00000 0.04124 0.00000 0.00000 0.13959 0.14172
120.00000 43.00000 0.83328 0.99762 1.00000 0.06027 0.18496 0.33478 0.23065 0.14659 0.14617 0.13317 0.65038 0.29936 0.23077 0.46510 0.13422 0.99322 0.52779 0.39417 0.00000 0.31959 0.65116 1.00000 0.16145 0.15827
120.00000 44.00000 0.00006 0.00000 1.00000 1.00000 0.98100 0.91875 0.90097 1.00000 1.00000 0.96050 0.99871 0.88561 0.94872 0.90747 0.96246 0.99308 0.70734 0.07784 1.00000 0.93814 1.00000 1.00000 0.97006 0.97174
120.00000 45.00000 0.23811 0.29869 1.00000 0.59794 0.63567 0.69252 0.67254 0.61718 0.61606 0.59405 0.85280 0.65914 0.84615 0.74675 0.59561 0.99322 0.68899 0.14585 1.00000 0.67010 0.85412 1.00000 0.61655 0.62677
120.00000 46.00000 0.23816 0.29739 1.00000 0.59794 0.63338 0.67891 0.67763 0.61718 0.61606 0.59550 0.85287 0.65489 0.84615 0.73701 0.59504 0.99319 0.67550 0.16239 1.00000 0.68041 0.85412 1.00000 0.62294 0.62338
120.00000 47.00000 0.99997 0.99893 1.00000 0.00000 0.12567 0.27719 0.24282 0.00000 0.00314 0.00508 0.62717 0.28333 0.23077 0.47971 0.00496 0.99319 0.57932 0.40542 0.00000 0.28866 0.62791 1.00000 0.01682 0.02131
120.00000 48.00000 0.47617 0.83337 1.00000 0.62699 0.66247 0.65560 0.53119 0.50794 0.50063 0.45734 0.86356 0.60701 0.35897 0.67127 0.45657 0.99350 0.52377 0.36847 0.00000 0.63918 0.86469 1.00000 0.48200 0.48800
120.00000 49.00000 0.00002 0.00000 1.00000 1.00000 0.97935 0.92744 0.90321 1.00000 1.00000 0.96293 0.99869 0.89281 0.94872 0.92289 0.96312 0.99325 0.71669 0.08600 1.00000 0.93814 1.00000 1.00000 0.97074 0.97112
120.00000 50.00000 0.83321 0.99857 1.00000 0.06027 0.18432 0.31966 0.24371 0.14659 0.14617 0.13565 0.65041 0.30533 0.23077 0.46347 0.13442 0.99339 0.53216 0.39573 0.00000 0.34021 0.65116 1.00000 0.16078 0.15542
120.00000 51.00000 0.83333 0.99762 1.00000 0.06027 0.18441 0.32738 0.24379 0.14659 0.14617 0.13287 0.65045 0.30423 0.23077 0.44643 0.13417 0.99336 0.53425 0.39058 0.00000 0.32990 0.65116 1.00000 0.16515 0.15662
120.00000 52.00000 0.00006 0.00000 1.00000 1.00000 0.97549 0.91851 0.90727 1.00000 1.00000 0.96149 0.99882 0.89134 0.94872 0.91071 0.96114 0.99336 0.70924 0.09060 1.00000 0.93814 1.00000 1.00000 0.96939 0.97200
120.00000 53.00000 0.47612 0.83290 1.00000 0.62699 0.66404 0.64893 0.52225 0.50794 0.50063 0.45707 0.86348 0.61020 0.38462 0.65097 0.45677 0.99330 0.52557 0.36840 0.00000 0.63918 0.86469 1.00000 0.48234 0.48575
120.00000 54.00000 0.47626 0.83135 1.00000 0.62699 0.65678 0.64167 0.53438 0.50794 0.50063 0.45734 0.86358 0.61161 0.38462 0.66558 0.45826 0.99328 0.53849 0.35781 0.00000 0.63918 0.86469 1.00000 0.48638 0.48633
120.00000 55.00000 0.23821 0.29774 1.00000 0.59794 0.63347 0.68396 0.68546 0.61718 0.61606 0.59396 0.85270 0.65545 0.84615 0.73701 0.59553 0.99330 0.69724 0.14931 1.00000 0.68041 0.85412 1.00000 0.62563 0.62267
120.00000 56.00000 0.23816 0.29739 1.00000 0.59794 0.63283 0.69832 0.66759 0.61718 0.61606 0.59449 0.85272 0.66324 0.84615 0.75974 0.59436 0.99328 0.69298 0.14903 1.00000 0.68041 0.85412 1.00000 0.62664 0.62392
120.00000 57.00000 0.83326 0.99762 1.00000 0.06027 0.18194 0.31172 0.25575 0.14659 0.14617 0.13531 0.65041 0.30136 0.23077 0.46834 0.13407 0.99322 0.52593 0.38584 0.00000 0.30928 0.65116 1.00000 0.15809 0.15872
120.00000 58.00000 0.59526 0.73634 0.00000 0.23809 0.01313 0.02012 0.03658 0.29318 0.21079 0.09159 0.00137 0.02164 0.02564 0.05601 0.08940 0.00190 0.07529 0.93403 0.00000 0.05155 0.00000 0.00000 0.14060 0.13992
120.00000 59.00000 0.59522 0.73634 0.00000 0.23809 0.00982 0.03257 0.07268 0.29318 0.21016 0.09212 0.00127 0.02334 0.02564 0.05195 0.08901 0.00179 0.07966 0.94032 0.00000 0.04124 0.00000 0.00000 0.14295 0.13563
120.00000 60.00000 0.83320 0.99762 1.00000 0.06027 0.18506 0.32385 0.24890 0.14659 0.14617 0.13411 0.65051 0.30146 0.23077 0.48133 0.13261 0.99317 0.53901 0.39487 0.00000 0.31959 0.65116 1.00000 0.16313 0.15496
120.00000 61.00000 0.99999 0.99786 1.00000 0.00000 0.12612 0.30370 0.23809 0.00000 0.00251 0.00534 0.62715 0.28068 0.23077 0.48377 0.00450 0.99319 0.58021 0.40483 0.00000 0.30928 0.62791 1.00000 0.01480 0.01341
120.00000 62.00000 0.83317 0.99762 1.00000 0.06027 0.18460 0.31917 0.22640 0.14659 0.14617 0.13554 0.65032 0.29922 0.23077 0.47403 0.13512 0.99319 0.52608 0.39566 0.00000 0.31959 0.65116 1.00000 0.15372 0.16042
120.00000 63.00000 0.47622 0.83325 1.00000 0.62699 0.66091 0.63975 0.53196 0.50794 0.50063 0.45785 0.86354 0.60776 0.38462 0.65909 0.45608 0.99333 0.54137 0.35529 0.00000 0.62887 0.86469 1.00000 0.48570 0.48482
120.00000 64.00000 0.23820 0.29691 1.00000 0.59794 0.63962 0.68012 0.68411 0.61718 0.61606 0.59445 0.85284 0.65965 0.84615 0.74675 0.59600 0.99328 0.69231 0.16024 1.00000 0.69072 0.85412 1.00000 0.61890 0.62184
120.00000 65.00000 0.23823 0.29691 1.00000 0.59794 0.63255 0.69214 0.67758 0.61718 0.61606 0.59412 0.85278 0.66129 0.84615 0.74675 0.59473 0.99347 0.68149 0.16225 1.00000 0.68041 0.85412 1.00000 0.62092 0.62234
120.00000 66.00000 0.83327 0.99762 1.00000 0.06027 0.18138 0.33700 0.24465 0.14659 0.14617 0.13556 0.65034 0.29918 0.23077 0.45373 0.13363 0.99322 0.53916 0.38982 0.00000 0.31959 0.65116 1.00000 0.15809 0.15532
120.00000 67.00000 0.00000 0.00131 1.00000 1.00000 0.98063 0.92833 0.89245 1.00000 1.00000 0.96082 0.99865 0.88624 0.94872 0.91396 0.96192 0.99314 0.70698 0.06857 1.00000 0.94845 1.00000 1.00000 0.97444 0.96902
120.00000 68.00000 0.00004 0.00000 1.00000 1.00000 0.98302 0.92860 0.91836 1.00000 1.00000 0.96128 0.99882 0.88797 0.94872 0.91396 0.96307 0.99341 0.68973 0.08479 1.00000 0.93814 1.00000 1.00000 0.96636 0.97016
120.00000 69.00000 0.99984 0.99762 1.00000 0.00000 0.12631 0.30521 0.23125 0.00000 0.00251 0.00610 0.62717 0.27765 0.23077 0.47646 0.00525 0.99325 0.58521 0.38836 0.00000 0.28866 0.62791 1.00000 0.01144 0.01366
120.00000 70.00000 0.99996 0.99762 1.00000 0.00000 0.12842 0.28866 0.21475 0.00000 0.00251 0.00626 0.62709 0.27780 0.23077 0.47808 0.00631 0.99319 0.57006 0.40715 0.00000 0.28866 0.62791 1.00000 0.01076 0.01829
120.00000 71.00000 0.47619 0.83135 1.00000 0.62699 0.65761 0.65155 0.53827 0.50794 0.50125 0.45587 0.86339 0.61356 0.38462 0.66396 0.45528 0.99314 0.53322 0.35097 0.00000 0.62887 0.86469 1.00000 0.48638 0.48186
120.00000 72.00000 0.23808 0.29691 1.00000 0.59794 0.62970 0.68966 0.67914 0.61718 0.61606 0.59534 0.85274 0.65467 0.84615 0.74756 0.59387 0.99333 0.69964 0.15710 1.00000 0.68041 0.85412 1.00000 0.62630 0.62254
120.00000 73.00000 0.83330 0.99881 1.00000 0.06027 0.18249 0.33162 0.23752 0.14659 0.14617 0.13462 0.65041 0.30308 0.23077 0.46185 0.13510 0.99328 0.54880 0.37580 0.00000 0.31959 0.65116 1.00000 0.15473 0.15780
120.00000 74.00000 0.83318 0.99762 1.00000 0.06027 0.18340 0.30719 0.24741 0.14659 0.14617 0.13455 0.65045 0.29976 0.23077 0.45779 0.13366 0.99336 0.53656 0.39366 0.00000 0.30928 0.65116 1.00000 0.15809 0.16166
120.00000 75.00000 0.00004 0.00000 1.00000 1.00000 0.97788 0.92555 0.92377 1.00000 1.00000 0.96123 0.99888 0.88504 0.94872 0.91721 0.96068 0.99336 0.71366 0.08130 1.00000 0.91753 1.00000 1.00000 0.96535 0.97123
120.00000 76.00000 0.99987 0.99893 1.00000 0.00000 0.12686 0.27943 0.23653 0.00000 0.00251 0.00644 0.62713 0.27951 0.23077 0.48377 0.00499 0.99311 0.58059 0.41379 0.00000 0.27835 0.62791 1.00000 0.01043 0.01636
120.00000 77.00000 0.23822 0.29869 1.00000 0.59794 0.63980 0.69943 0.66579 0.61718 0.61606 0.59633 0.85284 0.64790 0.84615 0.74432 0.59583 0.99339 0.67007 0.15381 1.00000 0.69072 0.85412 1.00000 0.61857 0.62621
120.00000 78.00000 0.99991 0.99762 1.00000 0.00000 0.12805 0.28791 0.23985 0.00000 0.00314 0.00552 0.62707 0.27316 0.23077 0.46347 0.00618 0.99308 0.57203 0.40199 0.00000 0.28866 0.62791 1.00000 0.01682 0.01321
120.00000 79.00000 0.23807 0.29786 1.00000 0.59794 0.63292 0.66705 0.67453 0.61718 0.61606 0.59389 0.85280 0.66106 0.84615 0.75812 0.59502 0.99336 0.70289 0.16837 1.00000 0.70103 0.85412 1.00000 0.61924 0.62071
120.00000 80.00000 0.83320 0.99846 1.00000 0.06027 0.18157 0.32557 0.24006 0.14659 0.14617 0.13568 0.65032 0.29758 0.23077 0.47403 0.13292 0.99333 0.54767 0.39459 0.00000 0.30928 0.65116 1.00000 0.15943 0.16076
120.00000 81.00000 0.00003 0.00000 1.00000 1.00000 0.97990 0.93033 0.89362 1.00000 1.00000 0.96123 0.99882 0.89016 0.94872 0.93019 0.96214 0.99336 0.70510 0.08656 1.00000 0.92784 1.00000 1.00000 0.96300 0.97002
120.00000 82.00000 0.23803 0.29691 1.00000 0.59794 0.63879 0.67448 0.67551 0.61718 0.61606 0.59498 0.85280 0.66069 0.84615 0.73701 0.59434 0.99339 0.68625 0.14966 1.00000 0.68041 0.85412 1.00000 0.61924 0.62713
120.00000 83.00000 0.99980 0.99762 1.00000 0.00000 0.12631 0.29487 0.22140 0.00000 0.00251 0.00433 0.62711 0.27983 0.23077 0.48133 0.00557 0.99317 0.57128 0.41130 0.00000 0.27835 0.62791 1.00000 0.01749 0.01448
120.00000 84.00000 0.23805 0.29893 1.00000 0.59794 0.63411 0.70607 0.67559 0.61718 0.61606 0.59318 0.85284 0.64743 0.84615 0.74594 0.59487 0.99350 0.67533 0.15803 1.00000 0.70103 0.85412 1.00000 0.61588 0.62084
120.00000 85.00000 0.99978 0.99762 1.00000 0.00000 0.12585 0.30130 0.24345 0.00000 0.00314 0.00713 0.62700 0.27447 0.23077 0.48782 0.00738 0.99295 0.57179 0.40144 0.00000 0.29897 0.62791 1.00000 0.01951 0.01310
120.00000 86.00000 0.83322 0.99786 1.00000 0.06027 0.18451 0.33540 0.24537 0.14659 0.14617 0.13687 0.65043 0.29884 0.23077 0.47646 0.13366 0.99314 0.54053 0.38850 0.00000 0.31959 0.65116 1.00000 0.16179 0.15893
120.00000 87.00000 0.00003 0.00000 1.00000 1.00000 0.98137 0.92720 0.90897 1.00000 1.00000 0.96293 0.99878 0.88091 0.94872 0.90503 0.96283 0.99336 0.70404 0.09431 1.00000 0.92784 1.00000 1.00000 0.97309 0.96642
120.00000 88.00000 0.47625 0.83314 1.00000 0.62699 0.65990 0.65787 0.53599 0.50794 0.50063 0.45709 0.86346 0.60673 0.38462 0.67127 0.45672 0.99322 0.52476 0.35218 0.00000 0.64948 0.86469 1.00000 0.48167 0.48357
120.00000 89.00000 0.47618 0.83314 1.00000 0.62699 0.66073 0.65817 0.54757 0.50794 0.50063 0.45583 0.86346 0.61300 0.35897 0.66558 0.45730 0.99347 0.52120 0.35941 0.00000 0.63918 0.86469 1.00000 0.48369 0.48197
120.00000 90.00000 0.00007 0.00024 1.00000 1.00000 0.98394 0.93498 0.90948 1.00000 1.00000 0.96068 0.99880 0.88736 0.94872 0.92045 0.96170 0.99336 0.70395 0.07621 1.00000 0.93814 1.00000 1.00000 0.97040 0.96651
120.00000 91.00000 0.99982 0.99976 1.00000 0.00000 0.13108 0.30794 0.25930 0.00000 0.00314 0.00449 0.62713 0.28288 0.23077 0.48377 0.00521 0.99303 0.58506 0.40099 0.00000 0.30928 0.62791 1.00000 0.01446 0.01874
120.00000 92.00000 0.99995 0.99762 1.00000 0.00000 0.12851 0.30702 0.24869 0.00000 0.00251 0.00506 0.62703 0.27558 0.23077 0.48945 0.00645 0.99300 0.58427 0.41085 0.00000 0.29897 0.62791 1.00000 0.01615 0.01177
120.00000 93.00000 0.59520 0.73634 0.00000 0.23809 0.01212 0.03686 0.06293 0.29318 0.21016 0.08948 0.00141 0.02733 0.02564 0.04870 0.08896 0.00185 0.07668 0.93859 0.00000 0.05155 0.00000 0.00000 0.14026 0.14475
120.00000 94.00000 0.47625 0.83135 1.00000 0.62699 0.66119 0.65250 0.53424 0.50794 0.50125 0.45741 0.86358 0.60258 0.38462 0.66640 0.45635 0.99333 0.53048 0.35397 0.00000 0.65979 0.86469 1.00000 0.48638 0.48346
120.00000 95.00000 0.59531 0.73705 0.00000 0.23809 0.00890 0.03432 0.04881 0.29318 0.21079 0.09196 0.00133 0.01866 0.02564 0.04464 0.08937 0.00196 0.05069 0.94444 0.00000 0.05155 0.00000 0.00000 0.13993 0.13973
120.00000 96.00000 0.59517 0.73634 0.00000 0.23809 0.00670 0.05282 0.04950 0.29318 0.21016 0.08685 0.00124 0.01855 0.02564 0.06006 0.08906 0.00165 0.07185 0.94143 0.00000 0.06186 0.00000 0.00000 0.13623 0.13846
120.00000 97.00000 0.00005 0.00000 1.00000 1.00000 0.97880 0.93184 0.92288 1.00000 1.00000 0.96057 0.99888 0.88625 0.94872 0.90097 0.96219 0.99336 0.69238 0.08739 1.00000 0.92784 1.00000 1.00000 0.97006 0.96416
120.00000 98.00000 0.83313 0.99857 1.00000 0.06027 0.18753 0.32703 0.25908 0.14659 0.14617 0.13413 0.65047 0.29952 0.23077 0.47808 0.13329 0.99314 0.53000 0.39155 0.00000 0.32990 0.65116 1.00000 0.15910 0.16032
120.00000 99.00000 0.59509 0.73634 0.00000 0.23809 0.01065 0.02711 0.05827 0.29318 0.21079 0.09065 0.00129 0.02408 0.02564 0.04627 0.08752 0.00174 0.06815 0.93797 0.00000 0.05155 0.00000 0.00000 0.13993 0.13279
120.00000 100.00000 0.99980 0.99762 1.00000 0.00000 0.13246 0.31853 0.24345 0.00000 0.00251 0.00693 0.62684 0.28214 0.23077 0.50000 0.00533 0.99295 0.57819 0.41863 0.00000 0.28866 0.62791 1.00000 0.00807 0.01737
120.00000 101.00000 0.59512 0.73800 0.00000 0.23809 0.01625 0.01960 0.04403 0.29318 0.21079 0.09185 0.00118 0.02175 0.02564 0.05195 0.08876 0.00182 0.05449 0.94264 0.00000 0.04124 0.00000 0.00000 0.13993 0.14171
120.00000 102.00000 0.99985 0.99964 1.00000 0.00000 0.12906 0.30605 0.24422 0.00000 0.00314 0.00515 0.62713 0.27730 0.23077 0.49594 0.00565 0.99303 0.58752 0.41047 0.00000 0.29897 0.62791 1.00000 0.01884 0.01563
120.00000 103.00000 0.83321 0.99798 1.00000 0.06027 0.18625 0.33419 0.24328 0.14659 0.14617 0.13427 0.65036 0.29549 0.23077 0.46753 0.13341 0.99325 0.53481 0.41064 0.00000 0.34021 0.65116 1.00000 0.16112 0.16157
120.00000 104.00000 0.83320 0.99762 1.00000 0.06027 0.18331 0.32730 0.25020 0.14659 0.14617 0.13418 0.65038 0.29748 0.23077 0.45779 0.13378 0.99314 0.52117 0.39812 0.00000 0.31959 0.65116 1.00000 0.16179 0.15788
120.00000 105.00000 0.23815 0.29834 1.00000 0.59794 0.63953 0.68585 0.67876 0.61718 0.61606 0.59274 0.85291 0.64964 0.84615 0.77597 0.59490 0.99339 0.66958 0.17118 1.00000 0.69072 0.85412 1.00000 0.61756 0.61870
120.00000 106.00000 0.00004 0.00107 1.00000 1.00000 0.98485 0.93633 0.92583 1.00000 1.00000 0.95992 0.99878 0.87807 0.94872 0.92614 0.96163 0.99341 0.69921 0.08645 1.00000 0.93814 1.00000 1.00000 0.96502 0.97017
120.00000 107.00000 0.47615 0.83278 1.00000 0.62699 0.65697 0.65285 0.54123 0.50794 0.50063 0.45527 0.86356 0.61211 0.35897 0.66396 0.45515 0.99333 0.51341 0.35719 0.00000 0.64948 0.86469 1.00000 0.48402 0.48800
120.00000 108.00000 0.99986 0.99762 1.00000 0.00000 0.12567 0.31369 0.23884 0.00000 0.00251 0.00633 0.62711 0.27892 0.23077 0.49026 0.00511 0.99308 0.58932 0.40621 0.00000 0.28866 0.62791 1.00000 0.01177 0.01374
120.00000 109.00000 0.59526 0.73634 0.00000 0.23809 0.00771 0.02438 0.07162 0.29318 0.21079 0.08950 0.00129 0.02772 0.02564 0.05195 0.08908 0.00176 0.06966 0.94911 0.00000 0.05155 0.00000 0.00000 0.13959 0.14390
120.00000 110.00000 0.47616 0.83314 1.00000 0.62699 0.65320 0.64208 0.55216 0.50794 0.50125 0.45564 0.86358 0.61043 0.38462 0.67451 0.45669 0.99336 0.53360 0.36543 0.00000 0.64948 0.86469 1.00000 0.47629 0.47927
120.00000 111.00000 0.47625 0.83135 1.00000 0.62699 0.66091 0.64904 0.54968 0.50794 0.50125 0.45681 0.86350 0.61293 0.38462 0.68019 0.45613 0.99330 0.51451 0.35411 0.00000 0.64948 0.86469 1.00000 0.47797 0.48703
120.00000 112.00000 0.83331 0.99941 1.00000 0.06027 0.18487 0.32663 0.25044 0.14659 0.14617 0.13312 0.65038 0.29878 0.23077 0.47565 0.13273 0.99325 0.53649 0.39954 0.00000 0.32990 0.65116 1.00000 0.15775 0.16205
120.00000 113.00000 0.99986 0.99774 1.00000 0.00000 0.13374 0.30173 0.22719 0.00000 0.00314 0.00499 0.62696 0.27997 0.23077 0.49269 0.00604 0.99292 0.57316 0.40476 0.00000 0.29897 0.62791 1.00000 0.00673 0.01632
120.00000 114.00000 0.59522 0.73646 0.00000 0.23809 0.00826 0.05854 0.05289 0.29318 0.21016 0.08881 0.00131 0.02065 0.02564 0.06250 0.08911 0.00174 0.05418 0.94489 0.00000 0.05155 0.00000 0.00000 0.13757 0.13432
120.00000 115.00000 0.23806 0.29881 1.00000 0.59794 0.63999 0.70151 0.71406 0.61718 0.61606 0.59297 0.85297 0.65666 0.84615 0.76786 0.59382 0.99333 0.67610 0.17398 1.00000 0.70103 0.85412 1.00000 0.62059 0.62164
120.00000 116.00000 0.83331 0.99988 1.00000 0.06027 0.18845 0.35544 0.24537 0.14659 0.14617 0.13402 0.65030 0.29997 0.23077 0.48295 0.13234 0.99319 0.53510 0.40016 0.00000 0.31959 0.65116 1.00000 0.15473 0.15768
120.00000 117.00000 0.59508 0.73741 0.00000 0.23809 0.01175 0.05457 0.07482 0.29318 0.21079 0.08980 0.00133 0.02142 0.02564 0.06656 0.08781 0.00179 0.06673 0.93479 0.00000 0.06186 0.00000 0.00000 0.13925 0.13957
120.00000 118.00000 0.99977 0.99976 1.00000 0.00000 0.12952 0.28791 0.24093 0.00000 0.00314 0.00502 0.62692 0.27186 0.23077 0.49269 0.00552 0.99295 0.55368 0.41839 0.00000 0.29897 0.62791 1.00000 0.01615 0.01447
120.00000 119.00000 0.59524 0.73634 0.00000 0.23809 0.01368 0.06346 0.05159 0.29318 0.21016 0.08839 0.00112 0.02169 0.02564 0.06169 0.08881 0.00165 0.05610 0.93870 0.00000 0.05155 0.00000 0.00000 0.13320 0.14170
120.00000 120.00000 0.99996 0.99762 1.00000 0.00000 0.12594 0.31261 0.26134 0.00000 0.00251 0.00552 0.62696 0.27996 0.23077 0.48701 0.00496 0.99297 0.57338 0.41735 0.00000 0.31959 0.62791 1.00000 0.01144 0.01558
120.00000 121.00000 0.47606 0.83135 1.00000 0.62699 0.66119 0.64488 0.55254 0.50794 0.50125 0.45767 0.86356 0.60450 0.38462 0.67938 0.45589 0.99350 0.50725 0.36193 0.00000 0.65979 0.86469 1.00000 0.48604 0.48937
120.00000 122.00000 0.83327 0.99893 1.00000 0.06027 0.18753 0.33554 0.25832 0.14659 0.14617 0.13430 0.65024 0.29747 0.23077 0.48458 0.13341 0.99300 0.52646 0.40812 0.00000 0.32990 0.65116 1.00000 0.15674 0.15439
120.00000 123.00000 0.00000 0.00000 1.00000 1.00000 0.99064 0.93511 0.92333 1.00000 1.00000 0.95751 0.99882 0.88055 0.94872 0.93425 0.95997 0.99341 0.69373 0.09341 1.00000 0.92784 1.00000 1.00000 0.96334 0.96390
120.00000 124.00000 0.00007 0.00190 1.00000 1.00000 0.98761 0.90465 0.91827 1.00000 1.00000 0.96054 0.99888 0.88291 0.94872 0.93425 0.96060 0.99350 0.70082 0.08818 1.00000 0.93814 1.00000 1.00000 0.96165 0.97107
120.00000 125.00000 0.00004 0.00000 1.00000 1.00000 0.98394 0.94283 0.91978 1.00000 1.00000 0.95962 0.99890 0.88557 0.94872 0.93750 0.96053 0.99358 0.68649 0.09060 1.00000 0.94845 1.00000 1.00000 0.95930 0.96168
120.00000 126.00000 0.23819 0.29691 1.00000 0.59794 0.63503 0.68334 0.68584 0.61718 0.61606 0.59396 0.85295 0.66183 0.84615 0.77841 0.59477 0.99352 0.66675 0.17021 1.00000 0.70103 0.85412 1.00000 0.61520 0.62078
120.00000 127.00000 0.23822 0.29691 1.00000 0.59794 0.63898 0.70818 0.67609 0.61718 0.61606 0.59219 0.85293 0.65606 0.84615 0.76299 0.59306 0.99366 0.66817 0.17522 1.00000 0.69072 0.85412 1.00000 0.61386 0.61752
120.00000 128.00000 0.99995 0.99762 1.00000 0.00000 0.12833 0.28504 0.25452 0.00000 0.00314 0.00557 0.62692 0.27940 0.23077 0.49919 0.00457 0.99270 0.56698 0.42659 0.00000 0.30928 0.62791 1.00000 0.01379 0.01292
120.00000 129.00000 0.59527 0.73634 0.00000 0.23809 0.01772 0.04823 0.07100 0.29318 0.21016 0.09120 0.00120 0.01958 0.02564 0.06494 0.08725 0.00165 0.05648 0.94679 0.00000 0.05155 0.00000 0.00000 0.13690 0.14243
120.00000 130.00000 0.23815 0.29691 1.00000 0.59794 0.63108 0.67750 0.69718 0.61718 0.61669 0.59373 0.85299 0.65417 0.84615 0.76380 0.59284 0.99361 0.67004 0.17214 1.00000 0.70103 0.85412 1.00000 0.62395 0.62569
120.00000 131.00000 0.47611 0.83135 1.00000 0.62699 0.66633 0.65903 0.53515 0.50794 0.50125 0.45700 0.86356 0.60707 0.38462 0.68019 0.45535 0.99352 0.51389 0.36425 0.00000 0.63918 0.86469 1.00000 0.47830 0.49409
120.00000 132.00000 0.23824 0.29691 1.00000 0.59794 0.63760 0.71401 0.69264 0.61718 0.61669 0.59346 0.85293 0.65022 0.84615 0.77435 0.59421 0.99366 0.68341 0.16983 1.00000 0.71134 0.85412 1.00000 0.60848 0.61558
120.00000 133.00000 0.99978 0.99762 1.00000 0.00000 0.12860 0.31232 0.23492 0.00000 0.00251 0.00506 0.62688 0.26668 0.23077 0.50081 0.00472 0.99256 0.56732 0.42095 0.00000 0.31959 0.62791 1.00000 0.01480 0.01881
120.00000 134.00000 0.47609 0.83349 1.00000 0.62699 0.65871 0.65733 0.55708 0.50794 0.50125 0.45603 0.86363 0.60478 0.38462 0.70536 0.45513 0.99355 0.50756 0.37840 0.00000 0.67010 0.86469 1.00000 0.48369 0.48310
120.00000 135.00000 0.47627 0.83135 1.00000 0.62699 0.66743 0.65860 0.57490 0.50794 0.50125 0.45532 0.86363 0.60551 0.38462 0.68831 0.45596 0.99347 0.50511 0.35176 0.00000 0.65979 0.86469 1.00000 0.46990 0.47727
120.00000 136.00000 0.59530 0.73658 0.00000 0.23809 0.01524 0.06046 0.06824 0.29318 0.21079 0.09192 0.00099 0.02309 0.02564 0.05682 0.08896 0.00146 0.05692 0.95451 0.00000 0.06186 0.00000 0.00000 0.13185 0.14123
120.00000 137.00000 0.00001 0.00083 1.00000 1.00000 0.99155 0.94940 0.91968 1.00000 1.00000 0.95767 0.99890 0.87765 0.94872 0.94399 0.95975 0.99355 0.67288 0.09448 1.00000 0.95876 1.00000 1.00000 0.96065 0.96497
120.00000 138.00000 0.47618 0.83278 1.00000 0.62699 0.66550 0.65884 0.54005 0.50794 0.50125 0.45530 0.86361 0.60554 0.35897 0.70373 0.45584 0.99361 0.50232 0.37342 0.00000 0.64948 0.86469 1.00000 0.48100 0.47918
120.00000 139.00000 0.00004 0.00000 1.00000 1.00000 0.99027 0.95685 0.94870 1.00000 1.00000 0.95769 0.99897 0.88165 0.94872 0.95617 0.96092 0.99366 0.68154 0.09451 1.00000 0.93814 1.00000 1.00000 0.95997 0.96701
120.00000 140.00000 0.00004 0.00000 1.00000 1.00000 0.98632 0.93851 0.94497 1.00000 1.00000 0.95925 0.99905 0.87865 0.94872 0.96510 0.95965 0.99347 0.70255 0.09967 1.00000 0.94845 1.00000 1.00000 0.96266 0.96213
120.00000 141.00000 0.99986 0.99810 1.00000 0.00000 0.12695 0.29433 0.25923 0.00000 0.00314 0.00571 0.62679 0.27764 0.23077 0.49188 0.00604 0.99264 0.54531 0.42348 0.00000 0.30928 0.62791 1.00000 0.01413 0.01574
120.00000 142.00000 0.00003 0.00000 1.00000 1.00000 0.98283 0.95785 0.94243 1.00000 1.00000 0.95803 0.99905 0.88200 0.94872 0.95211 0.95960 0.99369 0.68086 0.10482 1.00000 0.94845 1.00000 1.00000 0.95795 0.96555
120.00000 143.00000 0.59521 0.73634 0.00000 0.23809 0.01524 0.05771 0.06970 0.29318 0.21079 0.08899 0.00112 0.02095 0.02564 0.07630 0.08840 0.00141 0.04653 0.94122 0.00000 0.06186 0.00000 0.00000 0.13791 0.12918
120.00000 144.00000 0.47609 0.83135 1.00000 0.62699 0.66082 0.64875 0.54293 0.50794 0.50125 0.45470 0.86356 0.60706 0.38462 0.70211 0.45484 0.99330 0.50713 0.37044 0.00000 0.67010 0.86469 1.00000 0.47931 0.47749
120.00000 145.00000 0.47614 0.83135 1.00000 0.62699 0.66440 0.64988 0.55446 0.50794 0.50125 0.45585 0.86356 0.60749 0.38462 0.68750 0.45621 0.99361 0.50081 0.37349 1.00000 0.64948 0.86469 1.00000 0.48268 0.48267
120.00000 146.00000 0.99985 0.99762 1.00000 0.00000 0.13283 0.30511 0.25724 0.00000 0.00251 0.00462 0.62667 0.27728 0.23077 0.50406 0.00555 0.99237 0.54846 0.40189 0.00000 0.30928 0.62791 1.00000 0.01648 0.01545
120.00000 147.00000 0.99977 0.99988 1.00000 0.00000 0.12961 0.32517 0.25942 0.00000 0.00251 0.00518 0.62650 0.27417 0.23077 0.49838 0.00587 0.99245 0.55486 0.42171 0.00000 0.28866 0.62791 1.00000 0.00875 0.01405
120.00000 148.00000 0.59517 0.73634 0.00000 0.23809 0.01487 0.06732 0.10383 0.29318 0.21079 0.08911 0.00101 0.01450 0.02564 0.07955 0.08891 0.00154 0.06456 0.95755 0.00000 0.05155 0.00000 0.00000 0.14194 0.13500
120.00000 149.00000 0.23820 0.29739 1.00000 0.59794 0.64384 0.71887 0.69576 0.61718 0.61669 0.59254 0.85325 0.64849 0.84615 0.78815 0.59372 0.99391 0.64729 0.18162 1.00000 0.71134 0.85412 1.00000 0.61251 0.61717
120.00000 150.00000 0.23801 0.29691 1.00000 0.59794 0.64127 0.70607 0.71567 0.61718 0.61669 0.59263 0.85316 0.64736 0.84615 0.78003 0.59272 0.99377 0.65513 0.17816 1.00000 0.70103 0.85412 1.00000 0.61251 0.61605
120.00000 151.00000 0.23817 0.29881 1.00000 0.59794 0.64228 0.71366 0.70030 0.61718 0.61669 0.59339 0.85316 0.64924 0.84615 0.78166 0.59363 0.99388 0.66761 0.18418 1.00000 0.70103 0.85412 1.00000 0.60814 0.61733
120.00000 152.00000 0.59527 0.73682 0.00000 0.23809 0.01212 0.05636 0.07948 0.29318 0.21016 0.08904 0.00095 0.01443 0.02564 0.09010 0.08808 0.00135 0.04961 0.95828 0.00000 0.05155 0.00000 0.00000 0.12513 0.13429
120.00000 153.00000 0.00005 0.00000 1.00000 1.00000 0.98366 0.93168 0.93035 1.00000 1.00000 0.95658 0.99901 0.87611 0.94872 0.96510 0.95950 0.99361 0.67074 0.10569 1.00000 0.96907 1.00000 1.00000 0.96165 0.95810
120.00000 154.00000 0.59526 0.73634 0.00000 0.23809 0.01340 0.06618 0.07383 0.29318 0.21079 0.08982 0.00084 0.02285 0.02564 0.08766 0.08749 0.00118 0.06423 0.97333 0.00000 0.07216 0.00000 0.00000 0.13589 0.13472
120.00000 155.00000 0.59513 0.73848 0.00000 0.23809 0.01698 0.03845 0.08363 0.29318 0.21016 0.08920 0.00093 0.02235 0.02564 0.07468 0.08774 0.00141 0.04136 0.96620 0.00000 0.05155 0.00000 0.00000 0.13892 0.13987
120.00000 156.00000 0.99990 0.99762 1.00000 0.00000 0.13338 0.32479 0.26936 0.00000 0.00251 0.00504 0.62652 0.26985 0.23077 0.52029 0.00499 0.99223 0.54772 0.42147 0.00000 0.29897 0.62791 1.00000 0.01211 0.01200
120.00000 157.00000 0.47617 0.83302 1.00000 0.62699 0.66651 0.67019 0.58182 0.50794 0.50125 0.45493 0.86371 0.60412 0.38462 0.71347 0.45462 0.99350 0.50145 0.37241 1.00000 0.65979 0.86469 1.00000 0.48200 0.48037
120.00000 158.00000 0.23822 0.29881 1.00000 0.59794 0.64301 0.70027 0.72694 0.61718 0.61669 0.59217 0.85310 0.64723 0.84615 0.80032 0.59363 0.99402 0.65448 0.18595 1.00000 0.70103 0.85412 1.00000 0.61588 0.61707
120.00000 159.00000 0.59513 0.73634 0.00000 0.23809 0.01423 0.08317 0.08683 0.29318 0.21016 0.08994 0.00089 0.01533 0.02564 0.08766 0.08725 0.00118 0.05961 0.95575 0.00000 0.07216 0.00000 0.00000 0.14228 0.13343
120.00000 160.00000 0.83317 0.99762 1.00000 0.06027 0.18827 0.34278 0.29552 0.14659 0.14617 0.13296 0.64998 0.29367 0.23077 0.50812 0.13322 0.99275 0.50586 0.42922 0.00000 0.32990 0.65116 1.00000 0.16112 0.15489
120.00000 161.00000 0.00007 0.00178 1.00000 1.00000 0.98715 0.95761 0.94555 1.00000 1.00000 0.95803 0.99903 0.87501 0.94872 0.94805 0.95770 0.99369 0.67076 0.11638 1.00000 0.94845 1.00000 1.00000 0.95325 0.95556
120.00000 162.00000 0.23804 0.29917 1.00000 0.59794 0.64145 0.70823 0.70393 0.61718 0.61669 0.59293 0.85331 0.64823 0.84615 0.78084 0.59321 0.99399 0.66102 0.17958 1.00000 0.72165 0.85412 1.00000 0.60780 0.61688
120.00000 163.00000 0.23821 0.29691 1.00000 0.59794 0.64237 0.72894 0.72506 0.61718 0.61669 0.59194 0.85335 0.64595 0.84615 0.80925 0.59287 0.99405 0.65725 0.18546 1.00000 0.71134 0.85412 1.00000 0.61823 0.61122
120.00000 164.00000 0.83327 0.99762 1.00000 0.06027 0.18873 0.35620 0.26535 0.14659 0.14617 0.13358 0.65009 0.29559 0.23077 0.52273 0.13310 0.99281 0.50944 0.42012 0.00000 0.36082 0.65116 1.00000 0.15103 0.14646
120.00000 165.00000 0.59526 0.73765 0.00000 0.23809 0.01524 0.07377 0.09910 0.29318 0.21079 0.09099 0.00091 0.01713 0.02564 0.09497 0.08857 0.00124 0.05663 0.96170 0.00000 0.05155 0.00000 0.00000 0.13286 0.14253
120.00000 166.00000 0.47624 0.83361 1.00000 0.62699 0.66633 0.68280 0.58465 0.50794 0.50125 0.45231 0.86365 0.60299 0.38462 0.72565 0.45459 0.99355 0.48474 0.38867 1.00000 0.67010 0.86469 1.00000 0.47158 0.47829
120.00000 167.00000 0.99996 0.99834 1.00000 0.00000 0.13365 0.31421 0.27520 0.00000 0.00314 0.00403 0.62641 0.26695 0.23077 0.53490 0.00508 0.99193 0.53690 0.44122 0.00000 0.31959 0.62791 1.00000 0.01177 0.01394
120.00000 168.00000 0.83331 0.99762 1.00000 0.06027 0.19488 0.37026 0.28474 0.14659 0.14617 0.13149 0.64986 0.29039 0.23077 0.51542 0.13244 0.99242 0.49780 0.43299 0.00000 0.34021 0.65116 1.00000 0.15439 0.15864
120.00000 169.00000 0.99993 0.99762 1.00000 0.00000 0.14035 0.31974 0.27112 0.00000 0.00314 0.00538 0.62631 0.26889 0.23077 0.53247 0.00359 0.99198 0.53940 0.43510 0.00000 0.31959 0.62791 1.00000 0.00875 0.01487
120.00000 170.00000 0.83317 0.99905 1.00000 0.06027 0.19570 0.36673 0.27847 0.14659 0.14617 0.13167 0.65003 0.29925 0.23077 0.51542 0.13226 0.99251 0.49554 0.42330 0.00000 0.37113 0.65116 1.00000 0.15304 0.15553
120.00000 171.00000 0.47621 0.83135 1.00000 0.62699 0.67294 0.67254 0.57380 0.50794 0.50125 0.45341 0.86377 0.59956 0.35897 0.72971 0.45310 0.99372 0.48729 0.38279 1.00000 0.68041 0.86469 1.00000 0.46956 0.47105
120.00000 172.00000 0.23805 0.29691 1.00000 0.59794 0.64696 0.72414 0.72658 0.61718 0.61669 0.59086 0.85341 0.64873 0.84615 0.82468 0.59187 0.99419 0.63236 0.18481 1.00000 0.72165 0.85412 1.00000 0.60713 0.61297
120.00000 173.00000 0.99996 0.99762 1.00000 0.00000 0.13604 0.31199 0.27446 0.00000 0.00251 0.00396 0.62624 0.27181 0.23077 0.53653 0.00423 0.99184 0.53986 0.44797 0.00000 0.30928 0.62791 1.00000 0.01110 0.01068
120.00000 174.00000 0.99984 0.99762 1.00000 0.00000 0.14164 0.33230 0.31200 0.00000 0.00314 0.00407 0.62610 0.26233 0.23077 0.54708 0.00308 0.99140 0.52411 0.44960 0.00000 0.29897 0.62791 1.00000 0.00942 0.01504
120.00000 175.00000 0.59527 0.73634 0.00000 0.23809 0.01496 0.08884 0.10902 0.29318 0.21079 0.08787 0.00059 0.01100 0.00000 0.11364 0.08700 0.00094 0.04432 0.97108 0.00000 0.09278 0.00000 0.00000 0.13354 0.13159
120.00000 176.00000 0.83321 0.99762 1.00000 0.06027 0.19286 0.35663 0.30035 0.14659 0.14617 0.13245 0.64962 0.29602 0.23077 0.53490 0.13302 0.99242 0.47741 0.43773 0.00000 0.36082 0.65116 1.00000 0.15035 0.15126
120.00000 177.00000 0.99981 0.99762 1.00000 0.00000 0.13402 0.31429 0.30563 0.00000 0.00251 0.00359 0.62597 0.26784 0.23077 0.55357 0.00362 0.99149 0.52235 0.45430 0.00000 0.35052 0.62791 1.00000 0.01144 0.01051
