234.00000 1.00000 0.00007 0.00000 1.00000 1.00000 0.98540 0.93373 0.92441 1.00000 1.00000 0.95944 0.99880 0.88237 0.94872 0.92127 0.96202 0.99339 0.67663 0.08877 1.00000 0.94845 1.00000 1.00000 0.97376 0.96583
234.00000 2.00000 0.59525 0.73777 0.00000 0.23809 0.00532 0.06189 0.05046 0.29318 0.21079 0.09134 0.00097 0.01560 0.02564 0.04708 0.08940 0.00141 0.04941 0.93728 0.00000 0.06186 0.00000 0.00000 0.13858 0.13431
234.00000 3.00000 0.99985 0.99762 1.00000 0.00000 0.13163 0.29385 0.24566 0.00000 0.00251 0.00745 0.62662 0.27172 0.23077 0.49351 0.00562 0.99270 0.56212 0.41822 0.00000 0.28866 0.62791 1.00000 0.01917 0.01711
234.00000 4.00000 0.99986 0.99810 1.00000 0.00000 0.12585 0.30484 0.24691 0.00000 0.00251 0.00481 0.62662 0.26819 0.23077 0.50244 0.00516 0.99264 0.55238 0.41344 0.00000 0.27835 0.62791 1.00000 0.01884 0.01221
234.00000 5.00000 0.23816 0.29834 1.00000 0.59794 0.63347 0.69919 0.67659 0.61718 0.61606 0.59557 0.85295 0.64957 0.84615 0.75731 0.59414 0.99350 0.67545 0.16011 1.00000 0.69072 0.85412 1.00000 0.61823 0.62360
234.00000 6.00000 0.99987 0.99762 1.00000 0.00000 0.12282 0.28526 0.24720 0.00000 0.00251 0.00561 0.62671 0.26921 0.23077 0.49188 0.00445 0.99245 0.54839 0.41538 0.00000 0.28866 0.62791 1.00000 0.01615 0.01790
234.00000 7.00000 0.99985 0.99762 1.00000 0.00000 0.13319 0.30327 0.24009 0.00000 0.00251 0.00683 0.62675 0.27213 0.23077 0.49432 0.00560 0.99286 0.55789 0.42199 0.00000 0.26804 0.62791 1.00000 0.00740 0.01738
234.00000 8.00000 0.00007 0.00000 1.00000 1.00000 0.97870 0.94616 0.92338 1.00000 1.00000 0.96206 0.99873 0.87491 0.94872 0.91071 0.96053 0.99347 0.66540 0.08230 1.00000 0.93814 1.00000 1.00000 0.96401 0.97039
234.00000 9.00000 0.47618 0.83135 1.00000 0.62699 0.66174 0.67194 0.54536 0.50794 0.50063 0.45658 0.86344 0.60312 0.38462 0.68019 0.45628 0.99325 0.49636 0.34892 0.00000 0.62887 0.86469 1.00000 0.48066 0.48451
234.00000 10.00000 0.99990 0.99941 1.00000 0.00000 0.13081 0.29452 0.24674 0.00000 0.00251 0.00667 0.62671 0.26980 0.23077 0.49838 0.00391 0.99270 0.55145 0.41182 0.00000 0.30928 0.62791 1.00000 0.01076 0.00940
234.00000 11.00000 0.00002 0.00000 1.00000 1.00000 0.98421 0.92715 0.92048 1.00000 1.00000 0.96091 0.99873 0.87895 0.94872 0.93912 0.96095 0.99344 0.67524 0.08763 1.00000 0.93814 1.00000 1.00000 0.97175 0.97205
234.00000 12.00000 0.00003 0.00000 1.00000 1.00000 0.98513 0.93533 0.92833 1.00000 1.00000 0.96190 0.99880 0.88114 0.94872 0.91964 0.96192 0.99350 0.66877 0.09365 1.00000 0.93814 1.00000 1.00000 0.95930 0.96960
234.00000 13.00000 0.47609 0.83135 1.00000 0.62699 0.65789 0.66152 0.55955 0.50794 0.50125 0.45688 0.86350 0.60385 0.38462 0.67045 0.45574 0.99330 0.50213 0.36550 0.00000 0.63918 0.86469 1.00000 0.47898 0.47899
234.00000 14.00000 0.47629 0.83135 1.00000 0.62699 0.66312 0.65612 0.54625 0.50794 0.50125 0.45681 0.86344 0.60586 0.38462 0.67857 0.45787 0.99317 0.50145 0.36024 0.00000 0.65979 0.86469 1.00000 0.48100 0.48094
234.00000 15.00000 0.59513 0.73753 0.00000 0.23809 0.00744 0.04434 0.05181 0.29318 0.21016 0.08936 0.00112 0.01620 0.02564 0.05601 0.08947 0.00135 0.06293 0.93825 0.00000 0.04124 0.00000 0.00000 0.13589 0.13693
234.00000 16.00000 0.00005 0.00071 1.00000 1.00000 0.97852 0.91526 0.90815 1.00000 1.00000 0.95916 0.99894 0.88038 0.94872 0.93425 0.96075 0.99344 0.68560 0.09998 1.00000 0.92784 1.00000 1.00000 0.96233 0.96620
234.00000 17.00000 0.99986 0.99762 1.00000 0.00000 0.12502 0.30586 0.24717 0.00000 0.00314 0.00577 0.62665 0.27598 0.23077 0.48620 0.00631 0.99259 0.55212 0.39680 0.00000 0.29897 0.62791 1.00000 0.01581 0.01809
234.00000 18.00000 0.23811 0.29691 1.00000 0.59794 0.63668 0.67669 0.67799 0.61718 0.61606 0.59445 0.85291 0.64768 0.84615 0.76542 0.59368 0.99366 0.67033 0.16232 1.00000 0.69072 0.85412 1.00000 0.61655 0.62331
234.00000 19.00000 0.23810 0.29715 1.00000 0.59794 0.63824 0.70218 0.69057 0.61718 0.61606 0.59491 0.85284 0.63901 0.84615 0.75325 0.59399 0.99366 0.66401 0.15422 1.00000 0.69072 0.85412 1.00000 0.62126 0.62288
234.00000 20.00000 0.00002 0.00107 1.00000 1.00000 0.98082 0.92094 0.90868 1.00000 1.00000 0.95914 0.99897 0.87481 0.94872 0.92451 0.96185 0.99330 0.67798 0.07732 1.00000 0.92784 1.00000 1.00000 0.96535 0.96348
234.00000 21.00000 0.23804 0.29822 1.00000 0.59794 0.63540 0.67731 0.67280 0.61718 0.61606 0.59511 0.85299 0.64176 0.84615 0.75974 0.59419 0.99361 0.66136 0.16021 1.00000 0.69072 0.85412 1.00000 0.61756 0.62688
234.00000 22.00000 0.99980 0.99917 1.00000 0.00000 0.12897 0.29962 0.24655 0.00000 0.00314 0.00513 0.62681 0.26742 0.23077 0.48945 0.00457 0.99251 0.54180 0.42912 0.00000 0.27835 0.62791 1.00000 0.01480 0.02155
234.00000 23.00000 0.99992 0.99810 1.00000 0.00000 0.12814 0.28731 0.26180 0.00000 0.00251 0.00594 0.62669 0.26783 0.23077 0.48377 0.00572 0.99262 0.55960 0.41528 0.00000 0.28866 0.62791 1.00000 0.01076 0.00960
234.00000 24.00000 0.99982 0.99941 1.00000 0.00000 0.13026 0.31099 0.25764 0.00000 0.00251 0.00573 0.62688 0.27042 0.23077 0.48782 0.00640 0.99267 0.55602 0.41057 0.00000 0.29897 0.62791 1.00000 0.01076 0.01284
234.00000 25.00000 0.47614 0.83135 1.00000 0.62699 0.66284 0.65150 0.54015 0.50794 0.50125 0.45566 0.86348 0.60379 0.38462 0.68344 0.45647 0.99325 0.50499 0.37079 0.00000 0.65979 0.86469 1.00000 0.48268 0.48300
234.00000 26.00000 0.47628 0.83290 1.00000 0.62699 0.65660 0.66119 0.54144 0.50794 0.50063 0.45583 0.86342 0.59451 0.38462 0.68101 0.45748 0.99333 0.50711 0.34585 0.00000 0.63918 0.86469 1.00000 0.47999 0.48011
234.00000 27.00000 0.83315 0.99762 1.00000 0.06027 0.18359 0.31853 0.27105 0.14659 0.14617 0.13515 0.65000 0.29377 0.23077 0.48052 0.13449 0.99267 0.49665 0.40057 0.00000 0.32990 0.65116 1.00000 0.16078 0.16252
234.00000 28.00000 0.23812 0.29751 1.00000 0.59794 0.63429 0.68803 0.68723 0.61718 0.61606 0.59357 0.85287 0.64812 0.84615 0.76461 0.59392 0.99341 0.66343 0.16488 1.00000 0.67010 0.85412 1.00000 0.61487 0.62337
234.00000 29.00000 0.47618 0.83135 1.00000 0.62699 0.66339 0.63406 0.55144 0.50794 0.50125 0.45626 0.86339 0.60612 0.38462 0.66802 0.45511 0.99317 0.50554 0.35117 0.00000 0.63918 0.86469 1.00000 0.47864 0.48028
234.00000 30.00000 0.99995 0.99893 1.00000 0.00000 0.12612 0.28458 0.23958 0.00000 0.00251 0.00522 0.62671 0.26834 0.23077 0.49838 0.00587 0.99251 0.55606 0.40670 0.00000 0.29897 0.62791 1.00000 0.01009 0.01585
234.00000 31.00000 0.23815 0.29691 1.00000 0.59794 0.63668 0.70151 0.69182 0.61718 0.61606 0.59523 0.85293 0.64450 0.84615 0.76786 0.59409 0.99344 0.65747 0.16543 1.00000 0.69072 0.85412 1.00000 0.61722 0.62235
234.00000 32.00000 0.23806 0.29691 1.00000 0.59794 0.63659 0.67397 0.68296 0.61718 0.61606 0.59380 0.85284 0.64574 0.84615 0.77029 0.59492 0.99352 0.66449 0.16204 1.00000 0.65979 0.85412 1.00000 0.61689 0.62246
234.00000 33.00000 0.47627 0.83230 1.00000 0.62699 0.65990 0.63754 0.54053 0.50794 0.50063 0.45709 0.86352 0.60158 0.38462 0.67776 0.45623 0.99333 0.50319 0.36691 0.00000 0.64948 0.86469 1.00000 0.48100 0.48319
234.00000 34.00000 0.99980 0.99834 1.00000 0.00000 0.12768 0.29620 0.24340 0.00000 0.00251 0.00506 0.62673 0.26988 0.23077 0.49107 0.00538 0.99259 0.56537 0.41258 0.00000 0.28866 0.62791 1.00000 0.01379 0.01959
234.00000 35.00000 0.59511 0.73634 0.00000 0.23809 0.01120 0.04296 0.04220 0.29318 0.21016 0.09242 0.00101 0.01263 0.02564 0.05357 0.08935 0.00130 0.05499 0.93334 0.00000 0.04124 0.00000 0.00000 0.14194 0.13445
234.00000 36.00000 0.83315 0.99762 1.00000 0.06027 0.18340 0.32782 0.26041 0.14659 0.14617 0.13425 0.65000 0.29485 0.23077 0.46591 0.13319 0.99278 0.50908 0.40566 0.00000 0.32990 0.65116 1.00000 0.15809 0.15901
234.00000 37.00000 0.00006 0.00012 1.00000 1.00000 0.98182 0.93274 0.92494 1.00000 1.00000 0.96084 0.99894 0.87674 0.94872 0.94237 0.96114 0.99347 0.67778 0.09738 1.00000 0.92784 1.00000 1.00000 0.97343 0.97188
234.00000 38.00000 0.83320 0.99762 1.00000 0.06027 0.18524 0.32368 0.23905 0.14659 0.14617 0.13515 0.65000 0.29268 0.23077 0.47240 0.13319 0.99275 0.51632 0.40590 0.00000 0.32990 0.65116 1.00000 0.15439 0.16185
234.00000 39.00000 0.00007 0.00000 1.00000 1.00000 0.98192 0.93387 0.91140 1.00000 1.00000 0.96091 0.99892 0.87710 0.94872 0.93019 0.96148 0.99350 0.68550 0.08970 1.00000 0.92784 1.00000 1.00000 0.96468 0.95974
234.00000 40.00000 0.99980 0.99774 1.00000 0.00000 0.12603 0.30235 0.23908 0.00000 0.00314 0.00502 0.62671 0.27153 0.23077 0.47727 0.00445 0.99262 0.55811 0.40936 0.00000 0.29897 0.62791 1.00000 0.01110 0.01090
234.00000 41.00000 0.00007 0.00131 1.00000 1.00000 0.98963 0.92696 0.91704 1.00000 1.00000 0.95925 0.99873 0.88026 0.94872 0.93425 0.96124 0.99339 0.67100 0.09119 1.00000 0.94845 1.00000 1.00000 0.96502 0.97068
234.00000 42.00000 0.99994 0.99786 1.00000 0.00000 0.12842 0.29836 0.23156 0.00000 0.00251 0.00591 0.62673 0.26992 0.23077 0.50162 0.00577 0.99253 0.55541 0.40981 0.00000 0.29897 0.62791 1.00000 0.01278 0.01566
234.00000 43.00000 0.99988 0.99762 1.00000 0.00000 0.12576 0.29536 0.25421 0.00000 0.00251 0.00423 0.62654 0.26378 0.23077 0.47971 0.00618 0.99253 0.55267 0.42036 0.00000 0.29897 0.62791 1.00000 0.02254 0.01780
234.00000 44.00000 0.59523 0.73634 0.00000 0.23809 0.00863 0.05487 0.04090 0.29318 0.21079 0.09113 0.00101 0.01147 0.02564 0.05032 0.08857 0.00141 0.04516 0.93199 0.00000 0.07216 0.00000 0.00000 0.14295 0.13964
234.00000 45.00000 0.59526 0.73634 0.00000 0.23809 0.01441 0.05141 0.04069 0.29318 0.21079 0.09086 0.00097 0.01232 0.02564 0.04545 0.08871 0.00127 0.04999 0.93489 0.00000 0.05155 0.00000 0.00000 0.14396 0.13848
234.00000 46.00000 0.59526 0.73646 0.00000 0.23809 0.01028 0.05598 0.06660 0.29318 0.21016 0.08881 0.00106 0.01671 0.02564 0.06088 0.08881 0.00146 0.05576 0.93707 0.00000 0.05155 0.00000 0.00000 0.13858 0.13816
234.00000 47.00000 0.99980 0.99762 1.00000 0.00000 0.13163 0.30073 0.25169 0.00000 0.00314 0.00488 0.62665 0.27045 0.23077 0.50406 0.00618 0.99267 0.55895 0.41161 0.00000 0.28866 0.62791 1.00000 0.01581 0.01724
234.00000 48.00000 0.99983 0.99762 1.00000 0.00000 0.13081 0.31842 0.24748 0.00000 0.00314 0.00647 0.62671 0.27018 0.23077 0.50325 0.00623 0.99264 0.55157 0.42787 0.00000 0.27835 0.62791 1.00000 0.01245 0.01675
234.00000 49.00000 0.59528 0.73800 0.00000 0.23809 0.01285 0.04834 0.06742 0.29318 0.21079 0.09079 0.00097 0.01467 0.02564 0.05925 0.08945 0.00132 0.05675 0.94070 0.00000 0.03093 0.00000 0.00000 0.14396 0.13815
234.00000 50.00000 0.47624 0.83135 1.00000 0.62699 0.65550 0.63335 0.55566 0.50794 0.50125 0.45734 0.86348 0.60375 0.38462 0.67938 0.45586 0.99330 0.49114 0.35806 0.00000 0.65979 0.86469 1.00000 0.48772 0.48354
234.00000 51.00000 0.47619 0.83230 1.00000 0.62699 0.65816 0.66565 0.55268 0.50794 0.50125 0.45612 0.86348 0.60058 0.38462 0.68182 0.45684 0.99333 0.51591 0.36449 0.00000 0.67010 0.86469 1.00000 0.48133 0.48432
234.00000 52.00000 0.59523 0.73634 0.00000 0.23809 0.01735 0.05249 0.06461 0.29318 0.21079 0.08943 0.00103 0.01831 0.02564 0.05438 0.08832 0.00143 0.04400 0.95101 0.00000 0.05155 0.00000 0.00000 0.13824 0.14440
234.00000 53.00000 0.00005 0.00000 1.00000 1.00000 0.98449 0.93460 0.93369 1.00000 1.00000 0.96027 0.99888 0.87853 0.94872 0.92370 0.96070 0.99347 0.67851 0.08445 1.00000 0.92784 1.00000 1.00000 0.96670 0.96529
234.00000 54.00000 0.59508 0.73777 0.00000 0.23809 0.01671 0.06343 0.05452 0.29318 0.21016 0.09044 0.00093 0.01690 0.02564 0.05195 0.08835 0.00135 0.05978 0.94994 0.00000 0.05155 0.00000 0.00000 0.13421 0.14053
234.00000 55.00000 0.47611 0.83135 1.00000 0.62699 0.65137 0.64488 0.54673 0.50794 0.50063 0.45718 0.86350 0.60334 0.38462 0.68263 0.45479 0.99339 0.49994 0.34924 0.00000 0.68041 0.86469 1.00000 0.48301 0.48216
234.00000 56.00000 0.59520 0.73765 0.00000 0.23809 0.01395 0.05176 0.06093 0.29318 0.21079 0.08982 0.00101 0.01436 0.02564 0.05601 0.08932 0.00152 0.04473 0.93157 0.00000 0.04124 0.00000 0.00000 0.13791 0.14118
234.00000 57.00000 0.83322 0.99762 1.00000 0.06027 0.18873 0.32849 0.24885 0.14659 0.14617 0.13455 0.64994 0.29790 0.23077 0.47727 0.13434 0.99264 0.51579 0.38905 0.00000 0.32990 0.65116 1.00000 0.15540 0.15724
234.00000 58.00000 0.99986 0.99786 1.00000 0.00000 0.13576 0.29787 0.25113 0.00000 0.00251 0.00442 0.62665 0.27104 0.23077 0.48945 0.00440 0.99256 0.55094 0.40538 0.00000 0.29897 0.62791 1.00000 0.01985 0.01314
234.00000 59.00000 0.00003 0.00048 1.00000 1.00000 0.98329 0.92118 0.91565 1.00000 1.00000 0.96206 0.99892 0.87565 0.94872 0.93344 0.96082 0.99352 0.69264 0.08791 1.00000 0.93814 1.00000 1.00000 0.96603 0.96726
234.00000 60.00000 0.00006 0.00000 1.00000 1.00000 0.98798 0.93557 0.92482 1.00000 1.00000 0.96109 0.99892 0.87882 0.94872 0.94399 0.96019 0.99355 0.69084 0.08445 1.00000 0.92784 1.00000 1.00000 0.96065 0.95893
234.00000 61.00000 0.83328 0.99905 1.00000 0.06027 0.18551 0.32385 0.25656 0.14659 0.14617 0.13413 0.65013 0.29209 0.23077 0.48214 0.13280 0.99289 0.50658 0.39573 0.00000 0.32990 0.65116 1.00000 0.15876 0.15909
234.00000 62.00000 0.23816 0.29751 1.00000 0.59794 0.63751 0.70572 0.69333 0.61718 0.61606 0.59472 0.85289 0.64866 0.84615 0.76380 0.59280 0.99347 0.65973 0.16132 1.00000 0.70103 0.85412 1.00000 0.62395 0.61903
234.00000 63.00000 0.23808 0.29691 1.00000 0.59794 0.63742 0.69065 0.68402 0.61718 0.61606 0.59454 0.85287 0.64797 0.84615 0.76948 0.59412 0.99352 0.66985 0.17249 1.00000 0.70103 0.85412 1.00000 0.62092 0.61527
234.00000 64.00000 0.83326 0.99762 1.00000 0.06027 0.18680 0.33038 0.25056 0.14659 0.14617 0.13287 0.65000 0.29369 0.23077 0.46753 0.13400 0.99278 0.53392 0.39812 0.00000 0.34021 0.65116 1.00000 0.15943 0.15453
234.00000 65.00000 0.83334 0.99810 1.00000 0.06027 0.18460 0.33089 0.25637 0.14659 0.14617 0.13344 0.65011 0.30171 0.23077 0.48945 0.13349 0.99284 0.51463 0.39933 0.00000 0.31959 0.65116 1.00000 0.15943 0.15948
234.00000 66.00000 0.47616 0.83219 1.00000 0.62699 0.66358 0.65644 0.56128 0.50794 0.50125 0.45732 0.86344 0.60506 0.38462 0.68669 0.45601 0.99328 0.49068 0.35896 1.00000 0.64948 0.86469 1.00000 0.47864 0.49049
234.00000 67.00000 0.59526 0.73634 0.00000 0.23809 0.01028 0.05220 0.05923 0.29318 0.21016 0.09116 0.00110 0.01346 0.02564 0.05682 0.08757 0.00146 0.05018 0.95665 0.00000 0.05155 0.00000 0.00000 0.14161 0.14104
234.00000 68.00000 0.99988 0.99762 1.00000 0.00000 0.12851 0.29196 0.24936 0.00000 0.00314 0.00543 0.62671 0.27513 0.23077 0.51380 0.00384 0.99267 0.54635 0.40884 0.00000 0.27835 0.62791 1.00000 0.01514 0.01959
234.00000 69.00000 0.83313 0.99905 1.00000 0.06027 0.18625 0.32377 0.26245 0.14659 0.14617 0.13434 0.65022 0.29595 0.23077 0.48782 0.13420 0.99295 0.51317 0.39494 0.00000 0.34021 0.65116 1.00000 0.16280 0.16305
234.00000 70.00000 0.83334 0.99917 1.00000 0.06027 0.18405 0.34415 0.24198 0.14659 0.14617 0.13499 0.65013 0.29569 0.23077 0.49026 0.13371 0.99292 0.52173 0.38729 0.00000 0.32990 0.65116 1.00000 0.15170 0.15955
234.00000 71.00000 0.00002 0.00000 1.00000 1.00000 0.98660 0.94130 0.92518 1.00000 1.00000 0.95930 0.99897 0.87532 0.94872 0.92045 0.96014 0.99328 0.68428 0.10122 1.00000 0.93814 1.00000 1.00000 0.96266 0.96627
234.00000 72.00000 0.47629 0.83195 1.00000 0.62699 0.66247 0.64121 0.53597 0.50794 0.50125 0.45647 0.86344 0.60215 0.38462 0.67776 0.45664 0.99330 0.51283 0.36103 0.00000 0.64948 0.86469 1.00000 0.48234 0.48339
234.00000 73.00000 0.83324 0.99774 1.00000 0.06027 0.19176 0.34899 0.24239 0.14659 0.14617 0.13308 0.65003 0.29317 0.23077 0.48377 0.13468 0.99275 0.51802 0.39587 0.00000 0.34021 0.65116 1.00000 0.16145 0.16036
234.00000 74.00000 0.00006 0.00190 1.00000 1.00000 0.98348 0.94248 0.91036 1.00000 1.00000 0.95928 0.99901 0.87717 0.94872 0.92614 0.96043 0.99347 0.66800 0.09216 1.00000 0.94845 1.00000 1.00000 0.96502 0.97395
234.00000 75.00000 0.59529 0.73800 0.00000 0.23809 0.01303 0.06273 0.07174 0.29318 0.21079 0.09099 0.00099 0.01656 0.02564 0.06169 0.08801 0.00135 0.03965 0.94122 0.00000 0.04124 0.00000 0.00000 0.13858 0.13571
234.00000 76.00000 0.83335 0.99941 1.00000 0.06027 0.18120 0.34018 0.27282 0.14659 0.14617 0.13545 0.65013 0.29097 0.23077 0.48701 0.13358 0.99286 0.52271 0.40341 0.00000 0.32990 0.65116 1.00000 0.15742 0.16271
234.00000 77.00000 0.83334 0.99869 1.00000 0.06027 0.18753 0.33165 0.24544 0.14659 0.14617 0.13266 0.65015 0.29087 0.23077 0.47971 0.13236 0.99278 0.51593 0.39743 0.00000 0.31959 0.65116 1.00000 0.15203 0.16190
234.00000 78.00000 0.00005 0.00000 1.00000 1.00000 0.98127 0.92261 0.92396 1.00000 1.00000 0.95953 0.99888 0.87953 0.94872 0.94562 0.96129 0.99344 0.67019 0.09105 1.00000 0.92784 1.00000 1.00000 0.96704 0.97049
234.00000 79.00000 0.47628 0.83195 1.00000 0.62699 0.66202 0.64872 0.54399 0.50794 0.50125 0.45771 0.86342 0.60043 0.38462 0.69237 0.45555 0.99339 0.50999 0.35218 0.00000 0.64948 0.86469 1.00000 0.48436 0.48395
234.00000 80.00000 1.00000 0.99762 1.00000 0.00000 0.13237 0.28701 0.23723 0.00000 0.00314 0.00508 0.62669 0.26818 0.23077 0.49919 0.00477 0.99253 0.54806 0.40386 0.00000 0.29897 0.62791 1.00000 0.01615 0.02049
234.00000 81.00000 0.00001 0.00048 1.00000 1.00000 0.98357 0.94448 0.92355 1.00000 1.00000 0.96162 0.99884 0.87996 0.94872 0.92045 0.96217 0.99355 0.68738 0.07908 1.00000 0.93814 1.00000 1.00000 0.96031 0.96224
234.00000 82.00000 0.59522 0.73634 0.00000 0.23809 0.01505 0.06913 0.05001 0.29318 0.21079 0.09097 0.00106 0.01309 0.02564 0.05682 0.08898 0.00143 0.05312 0.93884 0.00000 0.06186 0.00000 0.00000 0.13858 0.14672
234.00000 83.00000 0.23821 0.29691 1.00000 0.59794 0.64127 0.69970 0.70530 0.61718 0.61606 0.59369 0.85293 0.64497 0.84615 0.76299 0.59436 0.99355 0.67612 0.16491 1.00000 0.70103 0.85412 1.00000 0.61554 0.61845
234.00000 84.00000 0.47605 0.83135 1.00000 0.62699 0.66247 0.64821 0.56340 0.50794 0.50063 0.45516 0.86346 0.60200 0.35897 0.68101 0.45506 0.99330 0.49754 0.37238 0.00000 0.64948 0.86469 1.00000 0.47427 0.48194
234.00000 85.00000 0.47612 0.83135 1.00000 0.62699 0.66358 0.66395 0.55564 0.50794 0.50125 0.45580 0.86339 0.61095 0.38462 0.68344 0.45586 0.99341 0.49313 0.36487 0.00000 0.64948 0.86469 1.00000 0.47898 0.48814
234.00000 86.00000 0.83329 0.99810 1.00000 0.06027 0.18138 0.33497 0.24847 0.14659 0.14617 0.13556 0.65015 0.29366 0.23077 0.48214 0.13363 0.99275 0.51401 0.39929 0.00000 0.31959 0.65116 1.00000 0.15641 0.15849
234.00000 87.00000 0.83335 0.99917 1.00000 0.06027 0.18763 0.32611 0.25683 0.14659 0.14617 0.13489 0.64996 0.29145 0.23077 0.48539 0.13344 0.99281 0.49816 0.39563 0.00000 0.31959 0.65116 1.00000 0.16313 0.15630
234.00000 88.00000 0.47610 0.83135 1.00000 0.62699 0.66202 0.65234 0.53736 0.50794 0.50125 0.45707 0.86344 0.59997 0.38462 0.68994 0.45537 0.99336 0.49756 0.36404 0.00000 0.62887 0.86469 1.00000 0.48200 0.47784
234.00000 89.00000 0.83327 0.99905 1.00000 0.06027 0.18551 0.34845 0.24198 0.14659 0.14617 0.13303 0.65005 0.29779 0.23077 0.48458 0.13442 0.99297 0.50598 0.39020 0.00000 0.32990 0.65116 1.00000 0.16448 0.15390
234.00000 90.00000 0.99984 0.99762 1.00000 0.00000 0.12952 0.30386 0.25930 0.00000 0.00314 0.00288 0.62662 0.27055 0.23077 0.49838 0.00528 0.99248 0.54657 0.42417 0.00000 0.29897 0.62791 1.00000 0.01749 0.01338
234.00000 91.00000 0.59512 0.73634 0.00000 0.23809 0.01221 0.05122 0.06552 0.29318 0.21016 0.09049 0.00099 0.01655 0.02564 0.07305 0.08710 0.00132 0.03573 0.95115 0.00000 0.05155 0.00000 0.00000 0.13623 0.13898
234.00000 92.00000 0.59518 0.73634 0.00000 0.23809 0.01221 0.04707 0.07621 0.29318 0.21079 0.08989 0.00103 0.01264 0.02564 0.06656 0.08901 0.00143 0.05427 0.94579 0.00000 0.06186 0.00000 0.00000 0.14363 0.14113
234.00000 93.00000 0.83335 0.99988 1.00000 0.06027 0.18469 0.35844 0.23511 0.14659 0.14617 0.13453 0.64994 0.29800 0.23077 0.48052 0.13363 0.99286 0.51333 0.40289 0.00000 0.34021 0.65116 1.00000 0.16179 0.15759
234.00000 94.00000 0.99981 0.99762 1.00000 0.00000 0.13099 0.29636 0.26007 0.00000 0.00251 0.00469 0.62662 0.27327 0.23077 0.49919 0.00538 0.99240 0.55570 0.42379 0.00000 0.31959 0.62791 1.00000 0.01850 0.01363
234.00000 95.00000 0.99997 0.99798 1.00000 0.00000 0.13117 0.29776 0.24736 0.00000 0.00251 0.00520 0.62667 0.26908 0.23077 0.49675 0.00462 0.99248 0.55467 0.41905 0.00000 0.29897 0.62791 1.00000 0.01144 0.01599
234.00000 96.00000 0.59529 0.73634 0.00000 0.23809 0.00817 0.04196 0.06115 0.29318 0.21079 0.09118 0.00091 0.01609 0.02564 0.05682 0.08859 0.00141 0.05980 0.93496 0.00000 0.06186 0.00000 0.00000 0.14161 0.13861
234.00000 97.00000 0.23810 0.29691 1.00000 0.59794 0.64063 0.69981 0.68856 0.61718 0.61606 0.59571 0.85291 0.64363 0.84615 0.76461 0.59487 0.99358 0.66908 0.16398 1.00000 0.70103 0.85412 1.00000 0.61386 0.62045
234.00000 98.00000 0.83327 0.99762 1.00000 0.06027 0.18533 0.34969 0.26079 0.14659 0.14617 0.13411 0.64998 0.29543 0.23077 0.47240 0.13417 0.99259 0.51093 0.40109 0.00000 0.34021 0.65116 1.00000 0.15170 0.15907
234.00000 99.00000 0.59509 0.73634 0.00000 0.23809 0.01450 0.04823 0.06891 0.29318 0.21079 0.09063 0.00108 0.01508 0.02564 0.06088 0.09013 0.00138 0.04516 0.95901 0.00000 0.05155 0.00000 0.00000 0.13993 0.13510
234.00000 100.00000 0.23807 0.29691 1.00000 0.59794 0.63521 0.71247 0.69783 0.61718 0.61606 0.59355 0.85299 0.64340 0.84615 0.77273 0.59453 0.99366 0.69079 0.18505 1.00000 0.70103 0.85412 1.00000 0.61621 0.61617
234.00000 101.00000 0.83328 0.99834 1.00000 0.06027 0.18919 0.32539 0.26497 0.14659 0.14617 0.13425 0.65009 0.29243 0.23077 0.50162 0.13295 0.99284 0.50357 0.41099 0.00000 0.32990 0.65116 1.00000 0.15809 0.15857
234.00000 102.00000 0.00005 0.00000 1.00000 1.00000 0.98522 0.93476 0.91658 1.00000 1.00000 0.95987 0.99894 0.87843 0.94872 0.93019 0.95968 0.99366 0.67377 0.09427 1.00000 0.93814 1.00000 1.00000 0.95964 0.96310
234.00000 103.00000 0.99996 0.99762 1.00000 0.00000 0.13393 0.32919 0.24172 0.00000 0.00314 0.00630 0.62654 0.26596 0.23077 0.49269 0.00538 0.99245 0.54854 0.41825 0.00000 0.31959 0.62791 1.00000 0.01480 0.01940
234.00000 104.00000 0.59527 0.73634 0.00000 0.23809 0.00505 0.06413 0.03427 0.29318 0.21079 0.09042 0.00080 0.01350 0.02564 0.05844 0.08867 0.00149 0.06117 0.95672 0.00000 0.07216 0.00000 0.00000 0.13993 0.13839
234.00000 105.00000 0.83324 0.99762 1.00000 0.06027 0.18955 0.33905 0.24977 0.14659 0.14617 0.13314 0.64994 0.29729 0.23077 0.49107 0.13336 0.99270 0.49669 0.40767 0.00000 0.32990 0.65116 1.00000 0.15775 0.15758
234.00000 106.00000 0.99996 0.99762 1.00000 0.00000 0.12869 0.32231 0.25536 0.00000 0.00251 0.00600 0.62667 0.27075 0.23077 0.51055 0.00528 0.99259 0.53971 0.40967 0.00000 0.28866 0.62791 1.00000 0.01110 0.00894
234.00000 107.00000 0.99986 0.99762 1.00000 0.00000 0.13191 0.31088 0.24869 0.00000 0.00251 0.00591 0.62669 0.27313 0.23077 0.49513 0.00579 0.99245 0.54296 0.41732 0.00000 0.31959 0.62791 1.00000 0.01480 0.01598
234.00000 108.00000 0.47619 0.83135 1.00000 0.62699 0.65908 0.65077 0.55545 0.50794 0.50125 0.45472 0.86356 0.60210 0.38462 0.67614 0.45513 0.99325 0.50251 0.35349 0.00000 0.65979 0.86469 1.00000 0.48167 0.48114
234.00000 109.00000 0.00000 0.00000 1.00000 1.00000 0.98522 0.92482 0.92439 1.00000 1.00000 0.96096 0.99890 0.87196 0.94872 0.94886 0.96034 0.99352 0.67759 0.10257 1.00000 0.93814 1.00000 1.00000 0.96973 0.96838
234.00000 110.00000 0.99989 0.99762 1.00000 0.00000 0.13154 0.30300 0.23259 0.00000 0.00251 0.00642 0.62660 0.27341 0.23077 0.50162 0.00496 0.99242 0.54760 0.41580 0.00000 0.30928 0.62791 1.00000 0.01043 0.01411
234.00000 111.00000 0.47614 0.83207 1.00000 0.62699 0.66238 0.65020 0.55545 0.50794 0.50125 0.45583 0.86356 0.60190 0.38462 0.68912 0.45630 0.99352 0.48950 0.37141 0.00000 0.64948 0.86469 1.00000 0.47830 0.48528
234.00000 112.00000 0.59522 0.73694 0.00000 0.23809 0.00762 0.04315 0.06134 0.29318 0.21079 0.08943 0.00097 0.01462 0.02564 0.05763 0.08942 0.00130 0.05886 0.94714 0.00000 0.05155 0.00000 0.00000 0.13892 0.13989
234.00000 113.00000 0.99981 0.99988 1.00000 0.00000 0.12906 0.30287 0.23007 0.00000 0.00314 0.00396 0.62650 0.26670 0.23077 0.49919 0.00567 0.99237 0.56054 0.41746 0.00000 0.29897 0.62791 1.00000 0.01749 0.01670
234.00000 114.00000 0.59511 0.73670 0.00000 0.23809 0.01120 0.06049 0.05248 0.29318 0.21079 0.08904 0.00101 0.02017 0.02564 0.05438 0.08986 0.00132 0.04562 0.95046 0.00000 0.06186 0.00000 0.00000 0.13454 0.13988
234.00000 115.00000 0.83326 0.99762 1.00000 0.06027 0.19653 0.32212 0.26792 0.14659 0.14617 0.13381 0.65003 0.29616 0.23077 0.49269 0.13339 0.99264 0.51367 0.38978 0.00000 0.32990 0.65116 1.00000 0.15674 0.15142
234.00000 116.00000 0.23816 0.29822 1.00000 0.59794 0.63622 0.68498 0.67150 0.61718 0.61669 0.59323 0.85303 0.64676 0.84615 0.78084 0.59468 0.99358 0.64660 0.16685 1.00000 0.69072 0.85412 1.00000 0.61789 0.61960
234.00000 117.00000 0.99983 0.99822 1.00000 0.00000 0.12346 0.29647 0.24873 0.00000 0.00314 0.00603 0.62654 0.27357 0.23077 0.50081 0.00567 0.99245 0.55508 0.41860 0.00000 0.28866 0.62791 1.00000 0.01682 0.01075
234.00000 118.00000 0.47611 0.83337 1.00000 0.62699 0.66156 0.64640 0.54687 0.50794 0.50125 0.45642 0.86352 0.60223 0.35897 0.68019 0.45694 0.99344 0.49503 0.36401 0.00000 0.65979 0.86469 1.00000 0.47561 0.47367
234.00000 119.00000 0.83316 0.99762 1.00000 0.06027 0.19148 0.34475 0.26031 0.14659 0.14617 0.13308 0.65007 0.29669 0.23077 0.49675 0.13351 0.99273 0.50636 0.39943 0.00000 0.31959 0.65116 1.00000 0.15607 0.16458
234.00000 120.00000 0.00001 0.00000 1.00000 1.00000 0.98485 0.93970 0.93388 1.00000 1.00000 0.95969 0.99892 0.87863 0.94872 0.93994 0.96007 0.99339 0.68173 0.09292 1.00000 0.94845 1.00000 1.00000 0.96065 0.96619
234.00000 121.00000 0.23822 0.29881 1.00000 0.59794 0.63888 0.71015 0.70126 0.61718 0.61669 0.59178 0.85299 0.65034 0.84615 0.77029 0.59397 0.99369 0.67158 0.16305 1.00000 0.71134 0.85412 1.00000 0.61453 0.61192
234.00000 122.00000 0.83313 0.99774 1.00000 0.06027 0.19222 0.34413 0.26917 0.14659 0.14617 0.13301 0.64988 0.29357 0.23077 0.49107 0.13339 0.99267 0.50489 0.40940 0.00000 0.32990 0.65116 1.00000 0.15540 0.16365
234.00000 123.00000 0.23818 0.29691 1.00000 0.59794 0.63833 0.70316 0.68173 0.61718 0.61606 0.59281 0.85297 0.64264 0.84615 0.77679 0.59446 0.99366 0.65766 0.16543 1.00000 0.69072 0.85412 1.00000 0.61655 0.61558
234.00000 124.00000 0.83320 0.99976 1.00000 0.06027 0.18708 0.32528 0.25246 0.14659 0.14617 0.13395 0.65011 0.29877 0.23077 0.48701 0.13219 0.99270 0.50376 0.39680 0.00000 0.32990 0.65116 1.00000 0.15304 0.16121
234.00000 125.00000 0.99998 0.99798 1.00000 0.00000 0.12915 0.29158 0.26384 0.00000 0.00314 0.00458 0.62652 0.26969 0.23077 0.50162 0.00626 0.99220 0.54779 0.42756 0.00000 0.29897 0.62791 1.00000 0.01648 0.00582
234.00000 126.00000 0.59531 0.73860 0.00000 0.23809 0.01487 0.03726 0.04835 0.29318 0.21016 0.09118 0.00097 0.01708 0.02564 0.04789 0.08700 0.00149 0.04348 0.94157 0.00000 0.05155 0.00000 0.00000 0.13623 0.13728
234.00000 127.00000 0.23820 0.29810 1.00000 0.59794 0.63916 0.70316 0.69355 0.61718 0.61669 0.59325 0.85308 0.64516 0.84615 0.77516 0.59358 0.99375 0.65186 0.17768 1.00000 0.70103 0.85412 1.00000 0.61823 0.61799
234.00000 128.00000 0.59517 0.73741 0.00000 0.23809 0.01019 0.06362 0.05697 0.29318 0.21079 0.09040 0.00103 0.01571 0.02564 0.06169 0.08969 0.00135 0.04424 0.95862 0.00000 0.06186 0.00000 0.00000 0.13757 0.14645
234.00000 129.00000 1.00000 0.99976 1.00000 0.00000 0.13723 0.31742 0.23682 0.00000 0.00251 0.00416 0.62660 0.28214 0.23077 0.50162 0.00445 0.99231 0.55032 0.43313 0.00000 0.29897 0.62791 1.00000 0.01144 0.01389
234.00000 130.00000 0.23801 0.29691 1.00000 0.59794 0.64292 0.70715 0.68892 0.61718 0.61606 0.59325 0.85306 0.64581 0.84615 0.77922 0.59451 0.99369 0.65232 0.16301 1.00000 0.69072 0.85412 1.00000 0.62429 0.61589
234.00000 131.00000 0.83334 0.99869 1.00000 0.06027 0.19286 0.34623 0.27724 0.14659 0.14617 0.13296 0.64990 0.29643 0.23077 0.48782 0.13231 0.99275 0.50355 0.40656 0.00000 0.34021 0.65116 1.00000 0.15876 0.15949
234.00000 132.00000 0.99984 0.99774 1.00000 0.00000 0.13402 0.31129 0.26110 0.00000 0.00251 0.00617 0.62650 0.27068 0.23077 0.50162 0.00408 0.99231 0.54421 0.41448 0.00000 0.29897 0.62791 1.00000 0.01648 0.01289
234.00000 133.00000 0.83324 0.99905 1.00000 0.06027 0.18542 0.32212 0.26639 0.14659 0.14617 0.13404 0.64994 0.28707 0.23077 0.48864 0.13461 0.99281 0.50408 0.40037 0.00000 0.34021 0.65116 1.00000 0.14968 0.16086
234.00000 134.00000 0.83315 0.99762 1.00000 0.06027 0.18845 0.34099 0.27021 0.14659 0.14617 0.13349 0.64994 0.29597 0.23077 0.50162 0.13427 0.99273 0.50016 0.40331 0.00000 0.32990 0.65116 1.00000 0.15540 0.16637
234.00000 135.00000 0.99978 0.99762 1.00000 0.00000 0.12943 0.30316 0.25524 0.00000 0.00251 0.00566 0.62660 0.27162 0.23077 0.50244 0.00494 0.99220 0.55705 0.41244 0.00000 0.31959 0.62791 1.00000 0.00807 0.00708
234.00000 136.00000 0.59529 0.73634 0.00000 0.23809 0.01496 0.04979 0.05459 0.29318 0.21079 0.08984 0.00082 0.01783 0.02564 0.06412 0.08823 0.00130 0.06115 0.95700 0.00000 0.05155 0.00000 0.00000 0.13320 0.13886
234.00000 137.00000 0.00006 0.00143 1.00000 1.00000 0.98540 0.95202 0.92622 1.00000 1.00000 0.95815 0.99903 0.87482 0.94872 0.94724 0.96082 0.99361 0.66600 0.09514 1.00000 0.93814 1.00000 1.00000 0.96872 0.96523
234.00000 138.00000 0.83322 0.99762 1.00000 0.06027 0.18873 0.32552 0.25649 0.14659 0.14617 0.13347 0.64998 0.29217 0.23077 0.48782 0.13402 0.99275 0.49051 0.39694 0.00000 0.32990 0.65116 1.00000 0.15304 0.15745
234.00000 139.00000 0.00001 0.00154 1.00000 1.00000 0.99055 0.93573 0.92598 1.00000 1.00000 0.95854 0.99894 0.86840 0.94872 0.95292 0.96007 0.99366 0.67156 0.09783 1.00000 0.95876 1.00000 1.00000 0.95829 0.96187
234.00000 140.00000 0.99996 0.99762 1.00000 0.00000 0.13172 0.30827 0.24977 0.00000 0.00314 0.00520 0.62650 0.27188 0.23077 0.50325 0.00714 0.99215 0.55125 0.41939 0.00000 0.30928 0.62791 1.00000 0.00942 0.01502
234.00000 141.00000 0.00006 0.00000 1.00000 1.00000 0.98935 0.95023 0.92088 1.00000 1.00000 0.95751 0.99892 0.87600 0.94872 0.93588 0.95999 0.99363 0.66723 0.09742 1.00000 0.93814 1.00000 1.00000 0.96502 0.95651
234.00000 142.00000 0.23802 0.29691 1.00000 0.59794 0.63815 0.71053 0.68695 0.61718 0.61669 0.59286 0.85314 0.64889 0.84615 0.77354 0.59314 0.99397 0.66110 0.17588 1.00000 0.72165 0.85412 1.00000 0.61554 0.61792
234.00000 143.00000 0.99977 0.99941 1.00000 0.00000 0.13246 0.31488 0.26245 0.00000 0.00251 0.00506 0.62654 0.26928 0.23077 0.50244 0.00362 0.99228 0.55349 0.43022 0.00000 0.29897 0.62791 1.00000 0.01413 0.01419
234.00000 144.00000 0.23821 0.29691 1.00000 0.59794 0.63732 0.69352 0.70650 0.61718 0.61606 0.59180 0.85312 0.64927 0.84615 0.77435 0.59250 0.99399 0.64862 0.17104 1.00000 0.72165 0.85412 1.00000 0.61386 0.61641
234.00000 145.00000 0.47626 0.83361 1.00000 0.62699 0.67009 0.66705 0.56515 0.50794 0.50125 0.45555 0.86348 0.59743 0.35897 0.69886 0.45491 0.99355 0.49249 0.36283 1.00000 0.65979 0.86469 1.00000 0.47696 0.47985
234.00000 146.00000 0.83318 0.99881 1.00000 0.06027 0.18432 0.31704 0.27126 0.14659 0.14617 0.13340 0.65000 0.29603 0.23077 0.48620 0.13429 0.99262 0.51028 0.41576 0.00000 0.32990 0.65116 1.00000 0.15843 0.15837
234.00000 147.00000 0.59520 0.73634 0.00000 0.23809 0.01579 0.08336 0.06295 0.29318 0.21079 0.09014 0.00089 0.01321 0.02564 0.07792 0.08835 0.00113 0.05016 0.94932 0.00000 0.05155 0.00000 0.00000 0.13858 0.13862
234.00000 148.00000 0.59521 0.73634 0.00000 0.23809 0.01340 0.05808 0.08161 0.29318 0.21079 0.09042 0.00091 0.01483 0.02564 0.07305 0.08854 0.00130 0.04398 0.94198 0.00000 0.07216 0.00000 0.00000 0.13555 0.13889
234.00000 149.00000 0.23822 0.29691 1.00000 0.59794 0.64100 0.70807 0.68690 0.61718 0.61669 0.59362 0.85314 0.64699 0.84615 0.77273 0.59311 0.99366 0.65448 0.17630 1.00000 0.70103 0.85412 1.00000 0.61083 0.61902
234.00000 150.00000 0.00005 0.00166 1.00000 1.00000 0.98871 0.93500 0.92898 1.00000 1.00000 0.95891 0.99903 0.86816 0.94872 0.95455 0.95799 0.99375 0.67649 0.11032 1.00000 0.95876 1.00000 1.00000 0.95997 0.96251
234.00000 151.00000 0.99990 0.99952 1.00000 0.00000 0.13191 0.30016 0.26718 0.00000 0.00314 0.00573 0.62648 0.26760 0.23077 0.50325 0.00499 0.99217 0.54255 0.41545 0.00000 0.30928 0.62791 1.00000 0.00975 0.01574
234.00000 152.00000 0.99991 0.99822 1.00000 0.00000 0.12952 0.32117 0.25065 0.00000 0.00314 0.00552 0.62641 0.27254 0.23077 0.50406 0.00469 0.99223 0.54659 0.42711 0.00000 0.29897 0.62791 1.00000 0.01345 0.02009
234.00000 153.00000 0.00000 0.00000 1.00000 1.00000 0.98779 0.94467 0.95871 1.00000 1.00000 0.95753 0.99905 0.87299 0.94872 0.94968 0.95889 0.99375 0.66689 0.09265 1.00000 0.94845 1.00000 1.00000 0.96401 0.95962
234.00000 154.00000 0.99992 0.99762 1.00000 0.00000 0.13365 0.31456 0.27458 0.00000 0.00314 0.00587 0.62646 0.26946 0.23077 0.51136 0.00435 0.99215 0.55060 0.43178 0.00000 0.30928 0.62791 1.00000 0.01312 0.00960
234.00000 155.00000 0.83320 0.99941 1.00000 0.06027 0.18965 0.34167 0.26728 0.14659 0.14617 0.13466 0.65000 0.29606 0.23077 0.48620 0.13349 0.99264 0.50672 0.41711 0.00000 0.32990 0.65116 1.00000 0.15641 0.15814
234.00000 156.00000 0.47607 0.83135 1.00000 0.62699 0.66459 0.67097 0.55295 0.50794 0.50125 0.45451 0.86354 0.60319 0.38462 0.70373 0.45535 0.99350 0.49078 0.37895 1.00000 0.67010 0.86469 1.00000 0.47931 0.48228
234.00000 157.00000 0.99981 0.99941 1.00000 0.00000 0.13503 0.28491 0.27124 0.00000 0.00251 0.00281 0.62639 0.26885 0.23077 0.50812 0.00403 0.99209 0.53774 0.42524 0.00000 0.29897 0.62791 1.00000 0.01446 0.01102
234.00000 158.00000 0.99989 0.99893 1.00000 0.00000 0.13200 0.32185 0.24914 0.00000 0.00251 0.00681 0.62646 0.27358 0.23077 0.50812 0.00530 0.99206 0.54762 0.42182 0.00000 0.31959 0.62791 1.00000 0.01783 0.01871
234.00000 159.00000 0.83331 0.99762 1.00000 0.06027 0.18845 0.34086 0.27823 0.14659 0.14617 0.13285 0.64994 0.29532 0.23077 0.50406 0.13217 0.99259 0.50052 0.40715 0.00000 0.34021 0.65116 1.00000 0.15876 0.15559
234.00000 160.00000 0.83329 0.99881 1.00000 0.06027 0.18680 0.35655 0.26113 0.14659 0.14617 0.13089 0.64998 0.29450 0.23077 0.50325 0.13141 0.99267 0.50970 0.41026 0.00000 0.36082 0.65116 1.00000 0.15439 0.15818
234.00000 161.00000 0.99984 0.99762 1.00000 0.00000 0.13154 0.31542 0.24974 0.00000 0.00314 0.00419 0.62637 0.27119 0.23077 0.49675 0.00496 0.99201 0.54051 0.42576 0.00000 0.29897 0.62791 1.00000 0.01682 0.01231
234.00000 162.00000 0.47625 0.83171 1.00000 0.62699 0.66504 0.66889 0.57490 0.50794 0.50125 0.45484 0.86363 0.60171 0.35897 0.69562 0.45511 0.99336 0.49648 0.38079 0.00000 0.67010 0.86469 1.00000 0.47629 0.48089
234.00000 163.00000 0.23805 0.29751 1.00000 0.59794 0.63934 0.70224 0.71486 0.61718 0.61669 0.59286 0.85318 0.65118 0.84615 0.80601 0.59280 0.99391 0.66172 0.18242 1.00000 0.71134 0.85412 1.00000 0.61857 0.61442
234.00000 164.00000 0.99978 0.99929 1.00000 0.00000 0.13191 0.30403 0.27251 0.00000 0.00314 0.00483 0.62635 0.26907 0.23077 0.51867 0.00484 0.99204 0.54565 0.42956 0.00000 0.29897 0.62791 1.00000 0.01144 0.01828
234.00000 165.00000 0.99986 0.99762 1.00000 0.00000 0.13081 0.28693 0.27986 0.00000 0.00314 0.00550 0.62637 0.27035 0.23077 0.50974 0.00618 0.99198 0.53178 0.42472 0.00000 0.30928 0.62791 1.00000 0.01043 0.01203
234.00000 166.00000 0.23816 0.29822 1.00000 0.59794 0.64412 0.71137 0.71579 0.61718 0.61669 0.59017 0.85316 0.64555 0.84615 0.80114 0.59199 0.99394 0.65710 0.17515 1.00000 0.71134 0.85412 1.00000 0.61588 0.61957
234.00000 167.00000 0.99983 0.99762 1.00000 0.00000 0.12934 0.31124 0.25863 0.00000 0.00251 0.00702 0.62650 0.26302 0.23077 0.52841 0.00494 0.99209 0.53137 0.43552 0.00000 0.28866 0.62791 1.00000 0.01312 0.01411
234.00000 168.00000 0.23808 0.29857 1.00000 0.59794 0.63925 0.72190 0.71207 0.61718 0.61669 0.59267 0.85322 0.64608 0.84615 0.78166 0.59248 0.99388 0.65852 0.18242 1.00000 0.70103 0.85412 1.00000 0.61453 0.61526
234.00000 169.00000 0.47623 0.83135 1.00000 0.62699 0.66771 0.67337 0.57272 0.50794 0.50125 0.45389 0.86358 0.59958 0.35897 0.70536 0.45537 0.99355 0.47832 0.37563 1.00000 0.67010 0.86469 1.00000 0.47763 0.47632
234.00000 170.00000 0.59509 0.73729 0.00000 0.23809 0.01671 0.05787 0.08286 0.29318 0.21079 0.08814 0.00084 0.01090 0.02564 0.06331 0.08864 0.00113 0.05574 0.96139 0.00000 0.05155 0.00000 0.00000 0.13320 0.14189
234.00000 171.00000 0.99999 0.99810 1.00000 0.00000 0.13200 0.29601 0.24465 0.00000 0.00251 0.00433 0.62620 0.27046 0.23077 0.52354 0.00511 0.99201 0.53885 0.43520 0.00000 0.32990 0.62791 1.00000 0.01211 0.01276
234.00000 172.00000 0.23803 0.29810 1.00000 0.59794 0.64210 0.70975 0.72852 0.61718 0.61669 0.59242 0.85329 0.64217 0.84615 0.79058 0.59302 0.99391 0.64568 0.17809 1.00000 0.70103 0.85412 1.00000 0.61789 0.61646
234.00000 173.00000 0.23815 0.29834 1.00000 0.59794 0.64136 0.69627 0.73227 0.61718 0.61669 0.59192 0.85318 0.64449 0.84615 0.78490 0.59228 0.99386 0.64287 0.19200 1.00000 0.71134 0.85412 1.00000 0.61453 0.62153
234.00000 174.00000 0.59529 0.73717 0.00000 0.23809 0.01368 0.07239 0.08899 0.29318 0.21079 0.08902 0.00082 0.01096 0.02564 0.07468 0.08835 0.00116 0.06033 0.96734 0.00000 0.07216 0.00000 0.00000 0.13253 0.13714
234.00000 175.00000 0.99978 0.99846 1.00000 0.00000 0.13567 0.30557 0.26639 0.00000 0.00314 0.00345 0.62620 0.27011 0.23077 0.51786 0.00418 0.99190 0.53269 0.43282 0.00000 0.30928 0.62791 1.00000 0.01245 0.01333
234.00000 176.00000 0.99988 0.99929 1.00000 0.00000 0.13035 0.31958 0.26516 0.00000 0.00251 0.00766 0.62633 0.27393 0.23077 0.53328 0.00464 0.99206 0.54329 0.43700 0.00000 0.30928 0.62791 1.00000 0.01312 0.01721
234.00000 177.00000 0.23809 0.29727 1.00000 0.59794 0.64347 0.71893 0.72069 0.61718 0.61669 0.59106 0.85329 0.64617 0.84615 0.79464 0.59184 0.99397 0.64895 0.16820 1.00000 0.72165 0.85412 1.00000 0.61386 0.60976
234.00000 178.00000 0.23814 0.29929 1.00000 0.59794 0.64292 0.69481 0.71889 0.61718 0.61669 0.59072 0.85333 0.64859 0.84615 0.78653 0.59174 0.99383 0.64150 0.17602 1.00000 0.72165 0.85412 1.00000 0.61789 0.61444
234.00000 179.00000 0.83329 0.99774 1.00000 0.06027 0.19433 0.34245 0.26965 0.14659 0.14617 0.13308 0.64988 0.28975 0.23077 0.51461 0.13236 0.99256 0.51280 0.41358 0.00000 0.32990 0.65116 1.00000 0.14867 0.15378
234.00000 180.00000 0.23805 0.29691 1.00000 0.59794 0.64182 0.72284 0.69994 0.61718 0.61669 0.59221 0.85331 0.64074 0.84615 0.80438 0.59258 0.99408 0.65016 0.18173 1.00000 0.72165 0.85412 1.00000 0.61453 0.60709
234.00000 181.00000 0.47614 0.83266 1.00000 0.62699 0.67321 0.68069 0.57735 0.50794 0.50125 0.45364 0.86358 0.59968 0.38462 0.70698 0.45611 0.99355 0.49443 0.37221 1.00000 0.68041 0.86469 1.00000 0.47830 0.47653
234.00000 182.00000 0.47613 0.83325 1.00000 0.62699 0.66642 0.66281 0.57288 0.50794 0.50125 0.45442 0.86367 0.60321 0.38462 0.71347 0.45432 0.99358 0.48792 0.38428 1.00000 0.65979 0.86469 1.00000 0.47730 0.47177
234.00000 183.00000 0.47609 0.83314 1.00000 0.62699 0.66872 0.68701 0.58468 0.50794 0.50125 0.45205 0.86356 0.59781 0.35897 0.72321 0.45344 0.99361 0.48106 0.38411 1.00000 0.65979 0.86469 1.00000 0.47427 0.47660
234.00000 184.00000 0.99978 0.99869 1.00000 0.00000 0.13962 0.31491 0.28176 0.00000 0.00314 0.00476 0.62627 0.26558 0.23077 0.53247 0.00462 0.99176 0.54308 0.45773 0.00000 0.30928 0.62791 1.00000 0.01211 0.01290
234.00000 185.00000 0.47623 0.83135 1.00000 0.62699 0.66661 0.67532 0.58967 0.50794 0.50125 0.45387 0.86361 0.60692 0.35897 0.70942 0.45467 0.99358 0.49513 0.38397 1.00000 0.70103 0.86469 1.00000 0.47662 0.47673
234.00000 186.00000 0.00006 0.00000 1.00000 1.00000 0.99266 0.96752 0.96568 1.00000 1.00000 0.95718 0.99911 0.86977 0.94872 0.97078 0.95684 0.99402 0.66581 0.11904 1.00000 0.96907 1.00000 1.00000 0.95795 0.96264
234.00000 187.00000 0.99981 0.99762 1.00000 0.00000 0.13328 0.31764 0.27093 0.00000 0.00251 0.00497 0.62610 0.26608 0.23077 0.52922 0.00357 0.99176 0.52399 0.43385 0.00000 0.32990 0.62791 1.00000 0.01043 0.01740
234.00000 188.00000 0.59509 0.73717 0.00000 0.23809 0.01625 0.05819 0.07972 0.29318 0.21016 0.09065 0.00084 0.01684 0.02564 0.08847 0.08730 0.00110 0.03951 0.98395 0.00000 0.05155 0.00000 0.00000 0.13118 0.13744
234.00000 189.00000 0.99985 0.99952 1.00000 0.00000 0.13026 0.31942 0.26069 0.00000 0.00251 0.00283 0.62597 0.26413 0.23077 0.52597 0.00420 0.99171 0.52124 0.44057 0.00000 0.31959 0.62791 1.00000 0.00975 0.01593
234.00000 190.00000 0.99991 0.99762 1.00000 0.00000 0.13714 0.30770 0.29590 0.00000 0.00251 0.00670 0.62610 0.26917 0.23077 0.53166 0.00425 0.99151 0.52521 0.44115 0.00000 0.31959 0.62791 1.00000 0.01312 0.01941
234.00000 191.00000 0.83332 0.99762 1.00000 0.06027 0.19093 0.34575 0.29341 0.14659 0.14617 0.13365 0.64973 0.29068 0.23077 0.51623 0.13324 0.99248 0.48775 0.42164 0.00000 0.36082 0.65116 1.00000 0.15405 0.14928
234.00000 192.00000 0.00006 0.00119 1.00000 1.00000 0.98853 0.97148 0.95107 1.00000 1.00000 0.95543 0.99932 0.87402 0.94872 0.97078 0.95682 0.99391 0.64852 0.11562 1.00000 0.95876 1.00000 1.00000 0.95997 0.95347
234.00000 193.00000 0.23806 0.29691 1.00000 0.59794 0.64558 0.72055 0.72552 0.61718 0.61669 0.59162 0.85333 0.63902 0.84615 0.80276 0.59258 0.99410 0.63580 0.19017 1.00000 0.70103 0.85412 1.00000 0.60982 0.61362
234.00000 194.00000 0.23801 0.29727 1.00000 0.59794 0.64118 0.70167 0.73981 0.61718 0.61669 0.59215 0.85335 0.64272 0.84615 0.81737 0.59160 0.99410 0.63123 0.19788 1.00000 0.72165 0.85412 1.00000 0.60713 0.61016
234.00000 195.00000 0.47622 0.83135 1.00000 0.62699 0.66762 0.66298 0.59135 0.50794 0.50125 0.45371 0.86358 0.59569 0.35897 0.72808 0.45391 0.99352 0.48537 0.39078 1.00000 0.67010 0.86469 1.00000 0.47124 0.47661
234.00000 196.00000 0.59521 0.73634 0.00000 0.23809 0.02075 0.08236 0.08118 0.29318 0.21079 0.08876 0.00074 0.00565 0.02564 0.08929 0.08737 0.00099 0.03980 0.96457 0.00000 0.06186 0.00000 0.00000 0.13623 0.13740
234.00000 197.00000 0.99982 0.99798 1.00000 0.00000 0.13595 0.33538 0.28015 0.00000 0.00251 0.00387 0.62597 0.26627 0.23077 0.52354 0.00384 0.99146 0.53481 0.43289 0.00000 0.32990 0.62791 1.00000 0.01211 0.00845
234.00000 198.00000 0.83336 0.99810 1.00000 0.06027 0.19414 0.35131 0.29552 0.14659 0.14617 0.13273 0.64975 0.28721 0.23077 0.53003 0.13151 0.99234 0.48277 0.41856 0.00000 0.35052 0.65116 1.00000 0.15069 0.15335
234.00000 199.00000 0.00003 0.00000 1.00000 1.00000 0.99009 0.97616 0.97101 1.00000 1.00000 0.95514 0.99930 0.86724 0.94872 0.97078 0.95589 0.99391 0.64191 0.12610 1.00000 0.95876 1.00000 1.00000 0.94854 0.95509
234.00000 200.00000 0.99998 0.99917 1.00000 0.00000 0.13989 0.31199 0.27227 0.00000 0.00251 0.00513 0.62595 0.26895 0.23077 0.52435 0.00516 0.99160 0.52500 0.45081 0.00000 0.29897 0.62791 1.00000 0.01682 0.01579
234.00000 201.00000 0.99987 0.99762 1.00000 0.00000 0.13980 0.32525 0.28882 0.00000 0.00314 0.00384 0.62599 0.26313 0.23077 0.54302 0.00325 0.99160 0.53257 0.44918 0.00000 0.31959 0.62791 1.00000 0.01009 0.01007
234.00000 202.00000 0.47611 0.83290 1.00000 0.62699 0.66835 0.67826 0.59832 0.50794 0.50125 0.45435 0.86373 0.59835 0.35897 0.73214 0.45401 0.99369 0.46175 0.38764 1.00000 0.67010 0.86469 1.00000 0.47124 0.47361
234.00000 203.00000 0.47611 0.83135 1.00000 0.62699 0.66789 0.68471 0.60648 0.50794 0.50125 0.45313 0.86365 0.60028 0.38462 0.73945 0.45330 0.99363 0.47570 0.39698 1.00000 0.68041 0.86469 1.00000 0.47494 0.47461
234.00000 204.00000 0.99994 0.99762 1.00000 0.00000 0.13980 0.32636 0.27892 0.00000 0.00314 0.00610 0.62589 0.26434 0.23077 0.55114 0.00371 0.99138 0.52704 0.44468 0.00000 0.34021 0.62791 1.00000 0.01884 0.01463
234.00000 205.00000 0.00007 0.00083 1.00000 1.00000 0.99165 0.96236 0.97303 1.00000 1.00000 0.95461 0.99922 0.86510 0.94872 0.97565 0.95530 0.99399 0.65314 0.11454 1.00000 0.95876 1.00000 1.00000 0.94955 0.95952
234.00000 206.00000 0.83313 1.00000 1.00000 0.06027 0.19121 0.36141 0.30311 0.14659 0.14617 0.13183 0.64965 0.28570 0.23077 0.53977 0.13256 0.99217 0.48732 0.43524 0.00000 0.35052 0.65116 1.00000 0.15372 0.15278
234.00000 207.00000 0.99998 0.99762 1.00000 0.00000 0.13833 0.33308 0.30474 0.00000 0.00314 0.00571 0.62582 0.26387 0.23077 0.54383 0.00450 0.99149 0.51242 0.44378 0.00000 0.31959 0.62791 1.00000 0.00807 0.01207
