32.00000 1.00000 0.51149 0.91667 1.00000 1.00000 0.54819 0.38827 0.39922 1.00000 1.00000 0.56844 0.40909 0.11716 1.00000 0.49405 0.50959 0.38235 0.12638 0.56483 1.00000 0.41667 1.00000 1.00000 0.50388 0.59196
32.00000 2.00000 0.32184 0.58333 1.00000 1.00000 0.44578 0.36189 0.34689 1.00000 1.00000 0.57971 0.28788 0.15166 1.00000 0.45238 0.63753 0.39706 0.16343 0.44748 1.00000 0.50000 1.00000 1.00000 0.50388 0.65838
32.00000 3.00000 0.36207 0.33333 1.00000 1.00000 0.40663 0.42969 0.35533 1.00000 1.00000 0.47343 0.30303 0.14480 1.00000 0.41071 0.57143 0.35294 0.16782 0.35668 1.00000 0.50000 1.00000 1.00000 0.56589 0.62068
32.00000 4.00000 0.44828 0.41667 1.00000 1.00000 0.33735 0.36080 0.47147 1.00000 1.00000 0.61514 0.34848 0.10222 1.00000 0.37500 0.63966 0.44118 0.16297 0.33244 1.00000 0.41667 1.00000 1.00000 0.45736 0.52996
32.00000 5.00000 0.67241 0.66667 1.00000 1.00000 0.45181 0.43035 0.42235 1.00000 1.00000 0.63929 0.37879 0.13452 1.00000 0.36905 0.61194 0.36765 0.14532 0.40323 1.00000 0.50000 1.00000 1.00000 0.49612 0.48633
32.00000 6.00000 0.48851 0.50000 1.00000 1.00000 0.40361 0.46675 0.34791 1.00000 1.00000 0.48631 0.28788 0.10626 1.00000 0.39881 0.57996 0.29412 0.13051 0.46749 1.00000 0.41667 1.00000 1.00000 0.55039 0.52030
32.00000 7.00000 0.32184 0.16667 1.00000 1.00000 0.44578 0.46196 0.42201 1.00000 1.00000 0.49275 0.33333 0.14184 1.00000 0.50000 0.55864 0.33824 0.13330 0.48403 1.00000 0.41667 1.00000 1.00000 0.32558 0.52196
32.00000 8.00000 0.82184 0.25000 1.00000 1.00000 0.50602 0.42686 0.46219 1.00000 1.00000 0.49114 0.34848 0.14601 1.00000 0.48214 0.56716 0.42647 0.16849 0.35937 1.00000 0.50000 1.00000 1.00000 0.62791 0.53659
32.00000 9.00000 0.45402 0.75000 1.00000 1.00000 0.50904 0.33769 0.47502 1.00000 1.00000 0.52657 0.33333 0.10011 1.00000 0.38690 0.59701 0.41176 0.12633 0.50327 1.00000 0.50000 1.00000 1.00000 0.36434 0.61958
32.00000 10.00000 0.79885 0.25000 1.00000 1.00000 0.43373 0.49815 0.45206 1.00000 1.00000 0.60386 0.31818 0.15575 1.00000 0.55357 0.53731 0.32353 0.13742 0.50558 1.00000 0.50000 1.00000 1.00000 0.52713 0.62497
32.00000 11.00000 0.52299 0.66667 1.00000 1.00000 0.55120 0.39634 0.39551 1.00000 1.00000 0.57649 0.30303 0.13367 1.00000 0.52976 0.51812 0.38235 0.14604 0.35629 1.00000 0.58333 1.00000 1.00000 0.58140 0.67164
32.00000 12.00000 0.35057 0.91667 1.00000 1.00000 0.45181 0.40789 0.34149 1.00000 1.00000 0.55556 0.36364 0.13174 1.00000 0.35714 0.48188 0.32353 0.16911 0.53059 1.00000 0.41667 1.00000 1.00000 0.55814 0.58989
32.00000 13.00000 0.48276 0.66667 1.00000 1.00000 0.59036 0.45367 0.48633 1.00000 1.00000 0.52818 0.34848 0.12622 1.00000 0.35119 0.51386 0.38235 0.13619 0.37899 1.00000 0.33333 1.00000 1.00000 0.44186 0.47722
32.00000 14.00000 0.53448 0.41667 1.00000 1.00000 0.45181 0.39612 0.46269 1.00000 1.00000 0.46699 0.27273 0.11182 1.00000 0.29762 0.61407 0.36765 0.16870 0.52289 1.00000 0.50000 1.00000 1.00000 0.32558 0.56766
32.00000 15.00000 0.48851 0.25000 1.00000 1.00000 0.59639 0.34685 0.55368 1.00000 1.00000 0.55717 0.39394 0.13883 1.00000 0.39881 0.59701 0.38235 0.17262 0.30435 1.00000 0.50000 1.00000 1.00000 0.45736 0.55454
32.00000 16.00000 0.79310 0.58333 1.00000 1.00000 0.42169 0.30674 0.39433 1.00000 1.00000 0.52657 0.33333 0.14063 1.00000 0.36310 0.49041 0.29412 0.16488 0.35206 1.00000 0.50000 1.00000 1.00000 0.61240 0.62414
32.00000 17.00000 0.45402 0.41667 1.00000 1.00000 0.52108 0.42206 0.48025 1.00000 1.00000 0.69887 0.40909 0.12815 1.00000 0.46429 0.58635 0.33824 0.15776 0.54944 1.00000 0.50000 1.00000 1.00000 0.48837 0.44173
32.00000 18.00000 0.46552 0.33333 1.00000 1.00000 0.56325 0.36909 0.47316 1.00000 1.00000 0.53140 0.34848 0.11254 1.00000 0.39881 0.60768 0.32353 0.16632 0.49750 1.00000 0.50000 1.00000 1.00000 0.55039 0.70353
32.00000 19.00000 0.59195 0.50000 1.00000 1.00000 0.32229 0.39002 0.41036 1.00000 1.00000 0.64412 0.40909 0.11245 1.00000 0.33333 0.65672 0.30882 0.15693 0.42401 1.00000 0.33333 1.00000 1.00000 0.49612 0.41522
32.00000 20.00000 0.43103 0.58333 1.00000 1.00000 0.45783 0.35034 0.64754 1.00000 1.00000 0.62963 0.25758 0.12927 1.00000 0.36905 0.55437 0.42647 0.18191 0.60716 1.00000 0.41667 1.00000 1.00000 0.60465 0.47584
32.00000 21.00000 0.44253 0.41667 1.00000 1.00000 0.64458 0.57096 0.55993 1.00000 1.00000 0.46699 0.36364 0.13901 1.00000 0.31548 0.60128 0.35294 0.14465 0.28088 1.00000 0.58333 1.00000 1.00000 0.42636 0.62952
32.00000 22.00000 0.56322 0.16667 1.00000 1.00000 0.33133 0.44670 0.38319 1.00000 1.00000 0.55072 0.36364 0.11447 1.00000 0.40476 0.48401 0.26471 0.14253 0.40862 1.00000 0.33333 1.00000 1.00000 0.48062 0.71168
32.00000 23.00000 0.36207 0.16667 1.00000 1.00000 0.44880 0.51123 0.32056 1.00000 1.00000 0.50564 0.40909 0.14646 1.00000 0.33929 0.62260 0.35294 0.15729 0.48826 1.00000 0.41667 1.00000 1.00000 0.51163 0.46078
32.00000 24.00000 0.55172 0.25000 1.00000 1.00000 0.38855 0.43144 0.40463 1.00000 1.00000 0.49275 0.39394 0.14341 1.00000 0.34524 0.60554 0.33824 0.17123 0.40977 1.00000 0.50000 1.00000 1.00000 0.56589 0.60177
32.00000 25.00000 0.48276 0.66667 1.00000 1.00000 0.50904 0.37955 0.54895 1.00000 1.00000 0.59098 0.27273 0.13587 1.00000 0.38690 0.57143 0.32353 0.18015 0.51828 1.00000 0.50000 1.00000 1.00000 0.56589 0.56062
32.00000 26.00000 0.51724 0.66667 1.00000 1.00000 0.35542 0.67233 0.47772 1.00000 1.00000 0.44444 0.24242 0.13381 1.00000 0.37500 0.60554 0.36765 0.15600 0.51058 1.00000 0.33333 1.00000 1.00000 0.54264 0.32905
32.00000 27.00000 0.39655 0.50000 1.00000 1.00000 0.64458 0.50796 0.50169 1.00000 1.00000 0.62158 0.36364 0.13093 1.00000 0.41071 0.47548 0.30882 0.12664 0.48288 1.00000 0.41667 1.00000 1.00000 0.48062 0.39395
32.00000 28.00000 0.54023 0.58333 1.00000 1.00000 0.45482 0.39634 0.40935 1.00000 1.00000 0.36876 0.30303 0.13179 1.00000 0.41071 0.64606 0.36765 0.13809 0.43093 1.00000 0.33333 1.00000 1.00000 0.52713 0.52085
32.00000 29.00000 0.60920 0.66667 1.00000 1.00000 0.41265 0.40397 0.47704 1.00000 1.00000 0.57327 0.31818 0.12595 1.00000 0.42857 0.53731 0.39706 0.15832 0.40746 1.00000 0.41667 1.00000 1.00000 0.48062 0.54281
32.00000 30.00000 0.49425 0.16667 1.00000 1.00000 0.48193 0.18836 0.40952 1.00000 1.00000 0.53945 0.33333 0.14444 1.00000 0.46429 0.44136 0.35294 0.13608 0.42055 1.00000 0.41667 1.00000 1.00000 0.48062 0.46493
32.00000 31.00000 0.63793 0.50000 1.00000 1.00000 0.58434 0.37584 0.42083 1.00000 1.00000 0.51530 0.37879 0.11904 1.00000 0.35714 0.61194 0.29412 0.12643 0.55406 1.00000 0.41667 1.00000 1.00000 0.57364 0.52044
32.00000 32.00000 0.62069 0.91667 1.00000 1.00000 0.52711 0.41138 0.52313 1.00000 1.00000 0.59098 0.34848 0.12838 1.00000 0.32143 0.54797 0.38235 0.14697 0.65679 1.00000 0.50000 1.00000 1.00000 0.48062 0.59238
32.00000 33.00000 0.31034 0.41667 1.00000 1.00000 0.63855 0.36429 0.42201 1.00000 1.00000 0.59742 0.33333 0.15584 1.00000 0.34524 0.58849 0.32353 0.15471 0.47942 1.00000 0.25000 1.00000 1.00000 0.62016 0.58796
32.00000 34.00000 0.47701 0.25000 1.00000 1.00000 0.47289 0.48725 0.41087 1.00000 1.00000 0.55233 0.30303 0.11819 1.00000 0.39881 0.52026 0.33824 0.14398 0.50673 1.00000 0.50000 1.00000 1.00000 0.44186 0.48799
32.00000 35.00000 0.72414 0.25000 1.00000 1.00000 0.41867 0.48528 0.51722 1.00000 1.00000 0.56200 0.39394 0.12663 1.00000 0.42262 0.61194 0.33824 0.17623 0.43671 1.00000 0.33333 1.00000 1.00000 0.51938 0.48564
32.00000 36.00000 0.47126 0.58333 1.00000 1.00000 0.40060 0.10595 0.34031 1.00000 1.00000 0.53301 0.36364 0.09203 1.00000 0.46429 0.61834 0.47059 0.15884 0.47210 1.00000 0.41667 1.00000 1.00000 0.49612 0.49213
32.00000 37.00000 0.33333 0.66667 1.00000 1.00000 0.54217 0.49095 0.35179 1.00000 1.00000 0.53462 0.37879 0.13322 1.00000 0.47024 0.46695 0.36765 0.13226 0.40900 1.00000 0.41667 1.00000 1.00000 0.53488 0.54653
32.00000 38.00000 0.63218 0.08333 1.00000 1.00000 0.46988 0.40767 0.44362 1.00000 1.00000 0.63446 0.34848 0.12892 1.00000 0.46429 0.46055 0.39706 0.14052 0.34436 1.00000 0.58333 1.00000 1.00000 0.52713 0.55537
32.00000 39.00000 0.29310 0.25000 1.00000 1.00000 0.50602 0.37519 0.34031 1.00000 1.00000 0.45250 0.37879 0.09427 1.00000 0.42262 0.59701 0.33824 0.12463 0.52905 1.00000 0.25000 1.00000 1.00000 0.42636 0.52817
32.00000 40.00000 0.58046 0.16667 1.00000 1.00000 0.45482 0.46109 0.44413 1.00000 1.00000 0.52335 0.27273 0.13340 1.00000 0.41667 0.48827 0.35294 0.11590 0.39477 1.00000 0.33333 1.00000 1.00000 0.51938 0.51933
32.00000 41.00000 0.53448 0.41667 1.00000 1.00000 0.46084 0.48223 0.47704 1.00000 1.00000 0.65862 0.28788 0.15799 1.00000 0.40476 0.55437 0.29412 0.17535 0.52982 1.00000 0.50000 1.00000 1.00000 0.57364 0.58506
32.00000 42.00000 0.47126 0.83333 1.00000 1.00000 0.36747 0.44801 0.56246 1.00000 1.00000 0.58293 0.36364 0.15216 1.00000 0.46429 0.52665 0.32353 0.13567 0.43863 1.00000 0.41667 1.00000 1.00000 0.44961 0.49986
32.00000 43.00000 0.40805 0.66667 1.00000 1.00000 0.37952 0.47460 0.46742 1.00000 1.00000 0.48792 0.30303 0.14215 1.00000 0.44048 0.62900 0.30882 0.17190 0.48095 1.00000 0.41667 1.00000 1.00000 0.58140 0.36606
32.00000 44.00000 0.52299 0.75000 1.00000 1.00000 0.47892 0.60410 0.52296 1.00000 1.00000 0.64251 0.28788 0.10105 1.00000 0.41667 0.56930 0.33824 0.14873 0.46441 1.00000 0.41667 1.00000 1.00000 0.41085 0.36067
32.00000 45.00000 0.53448 0.25000 1.00000 1.00000 0.46084 0.31022 0.48801 1.00000 1.00000 0.42190 0.28788 0.11604 1.00000 0.38690 0.62687 0.44118 0.13299 0.33282 1.00000 0.41667 1.00000 1.00000 0.46512 0.60066
32.00000 46.00000 0.48851 0.58333 1.00000 1.00000 0.39157 0.50709 0.46590 1.00000 1.00000 0.54589 0.33333 0.14911 1.00000 0.41071 0.62687 0.36765 0.18258 0.48519 1.00000 0.50000 1.00000 1.00000 0.66667 0.50331
32.00000 47.00000 0.37356 0.66667 1.00000 1.00000 0.41265 0.46981 0.55554 1.00000 1.00000 0.67955 0.31818 0.11285 1.00000 0.38095 0.50533 0.32353 0.13851 0.46556 1.00000 0.41667 1.00000 1.00000 0.42636 0.52486
32.00000 48.00000 0.56322 0.50000 1.00000 1.00000 0.39759 0.39481 0.36242 1.00000 1.00000 0.51208 0.40909 0.10536 1.00000 0.40476 0.62260 0.38235 0.17195 0.37630 1.00000 0.41667 1.00000 1.00000 0.56589 0.56600
32.00000 49.00000 0.38506 0.16667 1.00000 1.00000 0.57229 0.49161 0.55604 1.00000 1.00000 0.49114 0.30303 0.14076 1.00000 0.47024 0.53518 0.39706 0.16028 0.50827 1.00000 0.58333 1.00000 1.00000 0.52713 0.52624
32.00000 50.00000 0.64943 0.83333 1.00000 1.00000 0.31627 0.34205 0.37677 1.00000 1.00000 0.58776 0.39394 0.14633 1.00000 0.41071 0.46695 0.27941 0.15662 0.50596 1.00000 0.33333 1.00000 1.00000 0.43411 0.48067
32.00000 51.00000 0.37356 0.91667 1.00000 1.00000 0.47892 0.33617 0.45831 1.00000 1.00000 0.56039 0.36364 0.10092 1.00000 0.41667 0.58209 0.32353 0.13453 0.43055 1.00000 0.50000 1.00000 1.00000 0.59690 0.60411
32.00000 52.00000 0.39080 0.50000 1.00000 1.00000 0.48494 0.42163 0.54912 1.00000 1.00000 0.53784 0.31818 0.11689 1.00000 0.47024 0.55437 0.33824 0.16684 0.39361 1.00000 0.50000 1.00000 1.00000 0.44961 0.33775
32.00000 53.00000 0.48276 0.66667 1.00000 1.00000 0.67470 0.50098 0.50422 1.00000 1.00000 0.51208 0.33333 0.10935 1.00000 0.39881 0.48188 0.32353 0.13840 0.49019 1.00000 0.25000 1.00000 1.00000 0.50388 0.50428
32.00000 54.00000 0.36207 0.41667 1.00000 1.00000 0.43072 0.40985 0.35331 1.00000 1.00000 0.55717 0.33333 0.14668 1.00000 0.38095 0.57569 0.38235 0.14197 0.40131 1.00000 0.41667 1.00000 1.00000 0.43411 0.52265
32.00000 55.00000 0.50575 0.83333 1.00000 1.00000 0.46687 0.36364 0.46995 1.00000 1.00000 0.46055 0.33333 0.09199 1.00000 0.39881 0.59701 0.29412 0.16276 0.40862 1.00000 0.58333 1.00000 1.00000 0.58915 0.45678
32.00000 56.00000 0.41379 0.16667 1.00000 1.00000 0.50000 0.38282 0.45223 1.00000 1.00000 0.47504 0.37879 0.10863 1.00000 0.50595 0.56077 0.38235 0.13201 0.44940 1.00000 0.41667 1.00000 1.00000 0.39535 0.69829
32.00000 57.00000 0.55747 0.25000 1.00000 1.00000 0.55120 0.41073 0.50270 1.00000 1.00000 0.54428 0.24242 0.11936 1.00000 0.42262 0.66951 0.39706 0.17221 0.41862 1.00000 0.41667 1.00000 1.00000 0.48837 0.45857
32.00000 58.00000 0.55172 0.25000 1.00000 1.00000 0.42169 0.43798 0.47519 1.00000 1.00000 0.47987 0.42424 0.14673 1.00000 0.44048 0.56716 0.41176 0.14955 0.47134 1.00000 0.50000 1.00000 1.00000 0.48837 0.58064
32.00000 59.00000 0.54023 0.66667 1.00000 1.00000 0.53916 0.56617 0.50844 1.00000 1.00000 0.44122 0.34848 0.14659 1.00000 0.47024 0.61194 0.38235 0.17138 0.54944 1.00000 0.41667 1.00000 1.00000 0.65891 0.60398
32.00000 60.00000 0.45977 0.25000 1.00000 1.00000 0.41867 0.39656 0.54828 1.00000 1.00000 0.57810 0.34848 0.12025 1.00000 0.44048 0.64179 0.30882 0.16978 0.43632 1.00000 0.50000 1.00000 1.00000 0.46512 0.48523
32.00000 61.00000 0.36782 0.41667 1.00000 1.00000 0.60241 0.41312 0.44902 1.00000 1.00000 0.46699 0.33333 0.12236 1.00000 0.32738 0.60341 0.27941 0.14991 0.44710 1.00000 0.58333 1.00000 1.00000 0.62016 0.56600
32.00000 62.00000 0.75287 0.83333 1.00000 1.00000 0.26807 0.53259 0.50152 1.00000 1.00000 0.49597 0.34848 0.12627 1.00000 0.47024 0.60981 0.35294 0.16044 0.58946 1.00000 0.41667 1.00000 1.00000 0.51938 0.47059
32.00000 63.00000 0.42529 0.33333 1.00000 1.00000 0.41867 0.48027 0.48548 1.00000 1.00000 0.56039 0.31818 0.10890 1.00000 0.56548 0.58422 0.36765 0.19718 0.40746 1.00000 0.33333 1.00000 1.00000 0.44186 0.51519
32.00000 64.00000 0.29310 0.91667 1.00000 1.00000 0.46988 0.52736 0.61428 1.00000 1.00000 0.49436 0.34848 0.12694 1.00000 0.50595 0.55011 0.38235 0.17014 0.36245 1.00000 0.41667 1.00000 1.00000 0.63566 0.56987
32.00000 65.00000 0.62644 0.66667 1.00000 1.00000 0.58133 0.24199 0.40344 1.00000 1.00000 0.46538 0.34848 0.11828 1.00000 0.52976 0.58635 0.32353 0.13768 0.41054 1.00000 0.50000 1.00000 1.00000 0.40310 0.50856
32.00000 66.00000 0.60345 0.91667 1.00000 1.00000 0.60241 0.36952 0.61816 1.00000 1.00000 0.54589 0.33333 0.13991 1.00000 0.42262 0.42004 0.39706 0.11503 0.44286 1.00000 0.50000 1.00000 1.00000 0.51163 0.46948
32.00000 67.00000 0.72414 0.66667 1.00000 1.00000 0.55120 0.55919 0.39180 1.00000 1.00000 0.52818 0.34848 0.13574 1.00000 0.49405 0.53305 0.35294 0.13154 0.37053 1.00000 0.41667 1.00000 1.00000 0.49612 0.54888
32.00000 68.00000 0.69540 0.75000 1.00000 1.00000 0.50602 0.37497 0.48970 1.00000 1.00000 0.54428 0.42424 0.15171 1.00000 0.47619 0.54158 0.27941 0.14713 0.36899 1.00000 0.58333 1.00000 1.00000 0.53488 0.47887
32.00000 69.00000 0.53448 0.08333 1.00000 1.00000 0.45482 0.46523 0.52110 1.00000 1.00000 0.50403 0.33333 0.14148 1.00000 0.39286 0.58209 0.35294 0.15213 0.32936 1.00000 0.25000 1.00000 1.00000 0.55039 0.53922
32.00000 70.00000 0.39655 0.58333 1.00000 1.00000 0.46988 0.39002 0.53005 1.00000 1.00000 0.55556 0.34848 0.11788 1.00000 0.30952 0.55650 0.35294 0.15967 0.52636 1.00000 0.33333 1.00000 1.00000 0.60465 0.60108
32.00000 71.00000 0.60920 0.75000 1.00000 1.00000 0.36747 0.51210 0.28190 1.00000 1.00000 0.50725 0.27273 0.13390 1.00000 0.39286 0.55224 0.36765 0.14795 0.61177 1.00000 0.50000 1.00000 1.00000 0.54264 0.45761
32.00000 72.00000 0.50575 0.91667 1.00000 1.00000 0.43675 0.51886 0.47924 1.00000 1.00000 0.47343 0.42424 0.15463 1.00000 0.45238 0.48827 0.44118 0.17210 0.22970 1.00000 0.41667 1.00000 1.00000 0.63566 0.47929
32.00000 73.00000 0.38506 0.58333 1.00000 1.00000 0.59639 0.44037 0.49072 1.00000 1.00000 0.53945 0.36364 0.12214 1.00000 0.50000 0.57996 0.39706 0.11745 0.50981 1.00000 0.50000 1.00000 1.00000 0.54264 0.56545
32.00000 74.00000 0.41379 0.41667 1.00000 1.00000 0.47289 0.39023 0.48346 1.00000 1.00000 0.51369 0.37879 0.14076 1.00000 0.37500 0.49467 0.41176 0.17381 0.33244 1.00000 0.41667 1.00000 1.00000 0.56589 0.73184
32.00000 75.00000 0.61494 0.66667 1.00000 1.00000 0.55723 0.42642 0.52363 1.00000 1.00000 0.60548 0.30303 0.17356 1.00000 0.43452 0.59488 0.36765 0.20673 0.36899 1.00000 0.50000 1.00000 1.00000 0.38760 0.64609
32.00000 76.00000 0.52874 0.58333 1.00000 1.00000 0.28614 0.39111 0.37627 1.00000 1.00000 0.54428 0.33333 0.12775 1.00000 0.44643 0.57783 0.35294 0.16617 0.53521 1.00000 0.41667 1.00000 1.00000 0.34884 0.51132
32.00000 77.00000 0.68966 0.58333 1.00000 1.00000 0.40060 0.36952 0.45932 1.00000 1.00000 0.48470 0.37879 0.13681 1.00000 0.36905 0.52452 0.36765 0.14630 0.50943 1.00000 0.50000 1.00000 1.00000 0.57364 0.52403
32.00000 78.00000 0.40230 0.33333 1.00000 1.00000 0.37349 0.40942 0.46962 1.00000 1.00000 0.53945 0.37879 0.16194 1.00000 0.44048 0.47548 0.36765 0.18547 0.45248 1.00000 0.33333 1.00000 1.00000 0.54264 0.32201
32.00000 79.00000 0.54598 0.25000 1.00000 1.00000 0.45181 0.41007 0.44024 1.00000 1.00000 0.51369 0.33333 0.11317 1.00000 0.54167 0.62687 0.38235 0.14909 0.36783 1.00000 0.58333 1.00000 1.00000 0.46512 0.44311
32.00000 80.00000 0.66667 0.16667 1.00000 1.00000 0.53313 0.31437 0.45712 1.00000 1.00000 0.49758 0.30303 0.12959 1.00000 0.47619 0.49680 0.38235 0.18686 0.45441 1.00000 0.58333 1.00000 1.00000 0.62791 0.47004
32.00000 81.00000 0.55747 0.66667 1.00000 1.00000 0.45181 0.43645 0.53646 1.00000 1.00000 0.54428 0.30303 0.15189 1.00000 0.38690 0.56503 0.39706 0.15213 0.46210 1.00000 0.58333 1.00000 1.00000 0.43411 0.62524
32.00000 82.00000 0.58621 0.83333 1.00000 1.00000 0.57530 0.37083 0.49679 1.00000 1.00000 0.59420 0.31818 0.13349 1.00000 0.47619 0.56077 0.29412 0.17458 0.52405 1.00000 0.41667 1.00000 1.00000 0.37209 0.62897
32.00000 83.00000 0.24138 0.83333 1.00000 1.00000 0.62048 0.46872 0.39534 1.00000 1.00000 0.51208 0.28788 0.15279 1.00000 0.48214 0.62260 0.38235 0.16142 0.46133 1.00000 0.41667 1.00000 1.00000 0.54264 0.41853
32.00000 84.00000 0.40805 0.91667 1.00000 1.00000 0.43976 0.35317 0.52802 1.00000 1.00000 0.50081 0.30303 0.15108 1.00000 0.39881 0.49467 0.47059 0.16395 0.35591 1.00000 0.41667 1.00000 1.00000 0.60465 0.51698
32.00000 85.00000 0.51149 0.41667 1.00000 1.00000 0.49398 0.59058 0.49595 1.00000 1.00000 0.39130 0.33333 0.14722 1.00000 0.41667 0.53518 0.38235 0.18278 0.47711 1.00000 0.41667 1.00000 1.00000 0.43411 0.56683
32.00000 86.00000 0.36782 0.83333 1.00000 1.00000 0.55723 0.31938 0.44362 1.00000 1.00000 0.53301 0.37879 0.14888 1.00000 0.52381 0.61407 0.39706 0.17246 0.37130 1.00000 0.50000 1.00000 1.00000 0.38760 0.45070
32.00000 87.00000 0.18391 0.50000 1.00000 1.00000 0.42169 0.53019 0.47890 1.00000 1.00000 0.51047 0.31818 0.14529 1.00000 0.42857 0.53945 0.39706 0.15208 0.50404 1.00000 0.58333 1.00000 1.00000 0.44961 0.42088
32.00000 88.00000 0.51149 0.25000 1.00000 1.00000 0.47289 0.55069 0.50084 1.00000 1.00000 0.44767 0.33333 0.15831 1.00000 0.60714 0.53092 0.38235 0.19636 0.46556 1.00000 0.50000 1.00000 1.00000 0.45736 0.63836
32.00000 89.00000 0.69540 0.75000 1.00000 1.00000 0.50602 0.50338 0.42353 1.00000 1.00000 0.55717 0.42424 0.12362 1.00000 0.52381 0.45203 0.36765 0.15027 0.32897 1.00000 0.41667 1.00000 1.00000 0.50388 0.54405
32.00000 90.00000 0.48276 0.66667 1.00000 1.00000 0.26506 0.32636 0.54760 1.00000 1.00000 0.55395 0.31818 0.13538 1.00000 0.37500 0.56503 0.36765 0.18015 0.45325 1.00000 0.33333 1.00000 1.00000 0.54264 0.62317
32.00000 91.00000 0.62069 0.33333 1.00000 1.00000 0.46988 0.54938 0.52346 1.00000 1.00000 0.42834 0.30303 0.15579 1.00000 0.42857 0.48188 0.39706 0.19243 0.56060 1.00000 0.33333 1.00000 1.00000 0.45736 0.39105
32.00000 92.00000 0.40230 0.58333 1.00000 1.00000 0.65361 0.40266 0.41188 1.00000 1.00000 0.54106 0.30303 0.12528 1.00000 0.39881 0.58209 0.47059 0.17014 0.57291 1.00000 0.41667 1.00000 1.00000 0.51163 0.50635
32.00000 93.00000 0.67816 0.50000 1.00000 1.00000 0.65663 0.51472 0.55149 1.00000 1.00000 0.46377 0.34848 0.19936 1.00000 0.35119 0.54584 0.30882 0.15518 0.54752 1.00000 0.33333 1.00000 1.00000 0.55039 0.40279
32.00000 94.00000 0.41379 0.16667 1.00000 1.00000 0.46988 0.44735 0.44227 1.00000 1.00000 0.51369 0.37879 0.14718 1.00000 0.40476 0.45416 0.36765 0.15838 0.49327 1.00000 0.41667 1.00000 1.00000 0.43411 0.38995
32.00000 95.00000 0.54023 0.41667 1.00000 1.00000 0.55723 0.46087 0.54760 1.00000 1.00000 0.49597 0.42424 0.15162 1.00000 0.52976 0.52878 0.36765 0.17520 0.46518 1.00000 0.50000 1.00000 1.00000 0.55814 0.49627
32.00000 96.00000 0.41954 0.75000 1.00000 1.00000 0.56024 0.39132 0.49814 1.00000 1.00000 0.55072 0.37879 0.15768 1.00000 0.56548 0.46695 0.36765 0.19966 0.54290 1.00000 0.33333 1.00000 1.00000 0.41085 0.45540
32.00000 97.00000 0.37931 0.66667 1.00000 1.00000 0.46687 0.39067 0.45122 1.00000 1.00000 0.49275 0.36364 0.16387 1.00000 0.55357 0.56290 0.38235 0.20797 0.52212 1.00000 0.41667 1.00000 1.00000 0.47287 0.52099
32.00000 98.00000 0.29885 0.91667 1.00000 1.00000 0.59940 0.35056 0.44767 1.00000 1.00000 0.46216 0.37879 0.12681 1.00000 0.52976 0.56716 0.42647 0.17221 0.46210 1.00000 0.58333 1.00000 1.00000 0.37984 0.50414
32.00000 99.00000 0.59195 0.58333 1.00000 1.00000 0.66265 0.42511 0.36901 1.00000 1.00000 0.54106 0.28788 0.15961 1.00000 0.45833 0.50320 0.33824 0.16529 0.44863 1.00000 0.41667 1.00000 1.00000 0.34884 0.47155
32.00000 100.00000 0.64943 0.58333 1.00000 1.00000 0.59940 0.45062 0.48734 1.00000 1.00000 0.52496 0.37879 0.12227 1.00000 0.53571 0.59915 0.38235 0.16968 0.51174 1.00000 0.50000 1.00000 1.00000 0.45736 0.42654
32.00000 101.00000 0.38506 0.16667 1.00000 1.00000 0.41867 0.47722 0.55284 1.00000 1.00000 0.59098 0.39394 0.14099 1.00000 0.47024 0.50320 0.32353 0.14191 0.49442 1.00000 0.50000 1.00000 1.00000 0.39535 0.64402
32.00000 102.00000 0.58046 0.91667 1.00000 1.00000 0.41566 0.37301 0.45307 1.00000 1.00000 0.57327 0.43939 0.15723 1.00000 0.51786 0.46482 0.39706 0.17819 0.44017 1.00000 0.50000 1.00000 1.00000 0.45736 0.56752
32.00000 103.00000 0.41379 0.66667 1.00000 1.00000 0.55723 0.52758 0.59875 1.00000 1.00000 0.40741 0.43939 0.16356 1.00000 0.49405 0.58422 0.33824 0.19429 0.50481 1.00000 0.50000 1.00000 1.00000 0.49612 0.43179
32.00000 104.00000 0.57471 0.91667 1.00000 1.00000 0.40060 0.58513 0.64889 1.00000 1.00000 0.45250 0.30303 0.18285 1.00000 0.52976 0.49893 0.42647 0.16431 0.47942 1.00000 0.41667 1.00000 1.00000 0.54264 0.45996
32.00000 105.00000 0.46552 0.58333 1.00000 1.00000 0.59940 0.44626 0.61732 1.00000 1.00000 0.49436 0.34848 0.18963 1.00000 0.60119 0.54584 0.41176 0.16039 0.48634 1.00000 0.50000 1.00000 1.00000 0.37984 0.41439
32.00000 106.00000 0.50000 0.33333 1.00000 1.00000 0.37349 0.52562 0.45392 1.00000 1.00000 0.50081 0.37879 0.16396 1.00000 0.44643 0.47548 0.42647 0.18996 0.46710 1.00000 0.41667 1.00000 1.00000 0.40310 0.54212
32.00000 107.00000 0.50575 0.83333 1.00000 1.00000 0.41566 0.58230 0.57292 1.00000 1.00000 0.44283 0.31818 0.14776 1.00000 0.44048 0.48401 0.41176 0.20121 0.58253 1.00000 0.50000 1.00000 1.00000 0.48062 0.50221
32.00000 108.00000 0.52874 0.16667 1.00000 1.00000 0.42169 0.23414 0.55621 1.00000 1.00000 0.50886 0.34848 0.15310 1.00000 0.48810 0.48614 0.38235 0.17886 0.55483 1.00000 0.50000 1.00000 1.00000 0.58915 0.63270
32.00000 109.00000 0.56322 0.75000 1.00000 1.00000 0.29217 0.44779 0.58947 1.00000 1.00000 0.56683 0.33333 0.15669 1.00000 0.51786 0.48827 0.36765 0.17453 0.32320 1.00000 0.33333 1.00000 1.00000 0.47287 0.52610
32.00000 110.00000 0.56322 0.25000 1.00000 1.00000 0.50000 0.41291 0.51891 1.00000 1.00000 0.50403 0.45455 0.16872 1.00000 0.49405 0.48188 0.44118 0.18924 0.46787 1.00000 0.41667 1.00000 1.00000 0.35659 0.30102
32.00000 111.00000 0.56322 0.66667 1.00000 1.00000 0.36145 0.31001 0.59875 1.00000 1.00000 0.35427 0.37879 0.14018 1.00000 0.41071 0.56716 0.38235 0.17092 0.59561 1.00000 0.50000 1.00000 1.00000 0.44186 0.51077
32.00000 112.00000 0.51724 0.33333 1.00000 1.00000 0.44277 0.48943 0.55452 1.00000 1.00000 0.52174 0.42424 0.14475 1.00000 0.39286 0.50107 0.38235 0.18211 0.42209 1.00000 0.41667 1.00000 1.00000 0.49612 0.48039
32.00000 113.00000 0.63218 0.58333 1.00000 1.00000 0.54819 0.45476 0.55503 1.00000 1.00000 0.50725 0.33333 0.13394 1.00000 0.51786 0.48188 0.42647 0.17365 0.54136 1.00000 0.50000 1.00000 1.00000 0.46512 0.46548
32.00000 114.00000 0.33908 0.16667 1.00000 1.00000 0.59036 0.35339 0.52768 1.00000 1.00000 0.45089 0.34848 0.14000 1.00000 0.45833 0.49254 0.32353 0.21060 0.46326 1.00000 0.50000 1.00000 1.00000 0.53488 0.52499
32.00000 115.00000 0.81034 0.41667 1.00000 1.00000 0.56024 0.48441 0.57731 1.00000 1.00000 0.50564 0.34848 0.14825 1.00000 0.56548 0.53518 0.39706 0.16715 0.65333 1.00000 0.41667 1.00000 1.00000 0.37984 0.43786
32.00000 116.00000 0.54023 0.50000 1.00000 1.00000 0.71084 0.56791 0.45763 1.00000 1.00000 0.52335 0.37879 0.15346 1.00000 0.60714 0.49893 0.39706 0.17066 0.43247 1.00000 0.41667 1.00000 1.00000 0.47287 0.44808
32.00000 117.00000 0.53448 0.83333 1.00000 1.00000 0.39458 0.48855 0.55638 1.00000 1.00000 0.56522 0.39394 0.19160 1.00000 0.51190 0.51386 0.47059 0.16436 0.52597 1.00000 0.50000 1.00000 1.00000 0.55814 0.45830
32.00000 118.00000 0.67241 0.91667 1.00000 1.00000 0.57229 0.48049 0.54946 1.00000 1.00000 0.38969 0.40909 0.16925 1.00000 0.69048 0.55224 0.30882 0.17541 0.63409 1.00000 0.41667 1.00000 1.00000 0.43411 0.54101
32.00000 119.00000 0.56322 0.16667 1.00000 1.00000 0.54217 0.43231 0.57140 1.00000 1.00000 0.52496 0.36364 0.16064 1.00000 0.45833 0.51173 0.39706 0.19553 0.59946 1.00000 0.58333 1.00000 1.00000 0.44961 0.54267
32.00000 120.00000 0.37356 0.66667 1.00000 1.00000 0.50904 0.43885 0.52988 1.00000 1.00000 0.49758 0.30303 0.13336 1.00000 0.52976 0.44989 0.45588 0.17432 0.57599 1.00000 0.50000 1.00000 1.00000 0.41860 0.34590
32.00000 121.00000 0.29885 0.66667 1.00000 1.00000 0.59639 0.72095 0.51266 1.00000 1.00000 0.58454 0.30303 0.13143 1.00000 0.43452 0.49041 0.35294 0.18129 0.66487 1.00000 0.41667 1.00000 1.00000 0.48062 0.40099
32.00000 122.00000 0.62069 0.08333 1.00000 1.00000 0.52711 0.57031 0.53477 1.00000 1.00000 0.52657 0.42424 0.18698 1.00000 0.47619 0.43710 0.42647 0.18170 0.56098 1.00000 0.41667 1.00000 1.00000 0.44961 0.44780
32.00000 123.00000 0.49425 0.75000 1.00000 1.00000 0.57831 0.44059 0.51874 1.00000 1.00000 0.39614 0.37879 0.15144 1.00000 0.51190 0.43923 0.45588 0.18924 0.52443 1.00000 0.66667 1.00000 1.00000 0.44186 0.37655
32.00000 124.00000 0.43678 0.58333 1.00000 1.00000 0.46687 0.45825 0.46320 1.00000 1.00000 0.47826 0.34848 0.16863 1.00000 0.52976 0.45416 0.42647 0.19367 0.55791 1.00000 0.58333 1.00000 1.00000 0.47287 0.53314
32.00000 125.00000 0.31609 0.50000 1.00000 1.00000 0.52410 0.52801 0.51772 1.00000 1.00000 0.52013 0.37879 0.16006 1.00000 0.41667 0.51386 0.38235 0.17881 0.62024 1.00000 0.50000 1.00000 1.00000 0.34884 0.38801
32.00000 126.00000 0.54023 0.75000 1.00000 1.00000 0.52410 0.51951 0.48498 1.00000 1.00000 0.47987 0.33333 0.17141 1.00000 0.52381 0.58422 0.33824 0.19945 0.57638 1.00000 0.58333 1.00000 1.00000 0.54264 0.46838
32.00000 127.00000 0.50575 0.58333 1.00000 1.00000 0.49699 0.54197 0.41847 1.00000 1.00000 0.57971 0.40909 0.19362 1.00000 0.39286 0.41365 0.44118 0.17365 0.47364 1.00000 0.41667 1.00000 1.00000 0.43411 0.45747
32.00000 128.00000 0.61494 0.83333 1.00000 1.00000 0.39458 0.52300 0.55469 1.00000 1.00000 0.49436 0.39394 0.16288 1.00000 0.48810 0.44563 0.38235 0.18397 0.53828 1.00000 0.41667 1.00000 1.00000 0.24031 0.38636
32.00000 129.00000 0.23563 0.83333 1.00000 1.00000 0.58434 0.50621 0.53528 1.00000 1.00000 0.47987 0.37879 0.17248 1.00000 0.57143 0.43497 0.35294 0.17504 0.53328 1.00000 0.41667 1.00000 1.00000 0.29457 0.52734
32.00000 130.00000 0.54598 0.50000 1.00000 1.00000 0.54819 0.43165 0.50068 1.00000 1.00000 0.58293 0.33333 0.19182 1.00000 0.50595 0.42644 0.39706 0.19950 0.46672 1.00000 0.41667 1.00000 1.00000 0.54264 0.32919
32.00000 131.00000 0.37931 0.16667 1.00000 1.00000 0.50904 0.45019 0.64686 1.00000 1.00000 0.50242 0.34848 0.15642 1.00000 0.57143 0.43070 0.27941 0.19254 0.75529 1.00000 0.50000 1.00000 1.00000 0.38760 0.43993
32.00000 132.00000 0.31034 0.83333 1.00000 1.00000 0.53012 0.42054 0.56904 1.00000 1.00000 0.42995 0.37879 0.20587 1.00000 0.52976 0.45842 0.44118 0.19228 0.59446 1.00000 0.50000 1.00000 1.00000 0.38760 0.45719
32.00000 133.00000 0.43678 0.16667 1.00000 1.00000 0.60241 0.47155 0.64028 1.00000 1.00000 0.49758 0.34848 0.20363 1.00000 0.56548 0.51599 0.39706 0.19238 0.54752 1.00000 0.41667 1.00000 1.00000 0.25581 0.58506
32.00000 134.00000 0.43678 0.25000 1.00000 1.00000 0.60542 0.49313 0.72046 1.00000 1.00000 0.43478 0.39394 0.18316 1.00000 0.60714 0.45629 0.39706 0.21509 0.35668 1.00000 0.66667 1.00000 1.00000 0.48062 0.56324
32.00000 135.00000 0.51149 0.66667 1.00000 1.00000 0.70482 0.48572 0.54372 1.00000 1.00000 0.57327 0.33333 0.18990 1.00000 0.69643 0.47761 0.42647 0.20064 0.66372 1.00000 0.41667 1.00000 1.00000 0.43411 0.38581
32.00000 136.00000 0.56897 0.58333 1.00000 1.00000 0.43675 0.52060 0.66357 1.00000 1.00000 0.35266 0.43939 0.18976 1.00000 0.50000 0.43497 0.42647 0.20461 0.52713 1.00000 0.66667 1.00000 1.00000 0.44961 0.26981
32.00000 137.00000 0.52299 0.41667 1.00000 1.00000 0.46386 0.49989 0.59824 1.00000 1.00000 0.47987 0.34848 0.20798 1.00000 0.50595 0.40725 0.42647 0.17912 0.46787 1.00000 0.58333 1.00000 1.00000 0.45736 0.42309
32.00000 138.00000 0.50575 0.16667 1.00000 1.00000 0.39157 0.56006 0.52549 1.00000 1.00000 0.41707 0.42424 0.17190 1.00000 0.55952 0.54158 0.38235 0.18526 0.58869 1.00000 0.66667 1.00000 1.00000 0.29457 0.37227
32.00000 139.00000 0.43678 0.50000 1.00000 1.00000 0.50602 0.52387 0.63504 1.00000 1.00000 0.45894 0.42424 0.18218 1.00000 0.58333 0.54371 0.42647 0.21741 0.56137 1.00000 0.50000 1.00000 1.00000 0.37984 0.33527
32.00000 140.00000 0.48276 0.41667 1.00000 1.00000 0.42470 0.53063 0.64872 1.00000 1.00000 0.42834 0.39394 0.18595 1.00000 0.57738 0.49893 0.47059 0.20714 0.51443 1.00000 0.50000 1.00000 1.00000 0.37209 0.41342
32.00000 141.00000 0.50000 0.75000 1.00000 1.00000 0.61145 0.36364 0.70729 1.00000 1.00000 0.48631 0.42424 0.18927 1.00000 0.58333 0.44563 0.39706 0.17917 0.64563 1.00000 0.41667 1.00000 1.00000 0.44961 0.39948
32.00000 142.00000 0.41954 0.25000 1.00000 1.00000 0.67169 0.60105 0.62492 1.00000 1.00000 0.31079 0.45455 0.21372 1.00000 0.42857 0.49041 0.51471 0.24182 0.68449 1.00000 0.58333 1.00000 1.00000 0.40310 0.42281
32.00000 143.00000 0.59770 0.41667 1.00000 1.00000 0.72590 0.52431 0.51165 1.00000 1.00000 0.42029 0.39394 0.18640 1.00000 0.67262 0.44776 0.35294 0.25044 0.58676 1.00000 0.66667 1.00000 1.00000 0.44186 0.46686
32.00000 144.00000 0.82184 0.91667 1.00000 1.00000 0.48494 0.57619 0.50422 1.00000 1.00000 0.44122 0.34848 0.19227 1.00000 0.59524 0.49893 0.47059 0.18727 0.47134 1.00000 0.58333 1.00000 1.00000 0.34884 0.52113
32.00000 145.00000 0.52874 0.16667 1.00000 1.00000 0.57831 0.59211 0.73413 1.00000 1.00000 0.36071 0.36364 0.20412 1.00000 0.60119 0.50107 0.42647 0.20539 0.57022 1.00000 0.58333 1.00000 1.00000 0.31783 0.34065
32.00000 146.00000 0.43103 0.91667 1.00000 1.00000 0.62349 0.33246 0.53579 1.00000 1.00000 0.32850 0.31818 0.17141 1.00000 0.59524 0.42217 0.41176 0.20807 0.60947 1.00000 0.58333 1.00000 1.00000 0.42636 0.52472
32.00000 147.00000 0.36782 0.25000 1.00000 1.00000 0.57831 0.57968 0.51705 1.00000 1.00000 0.51852 0.43939 0.19555 1.00000 0.60119 0.52452 0.45588 0.20451 0.60639 1.00000 0.50000 1.00000 1.00000 0.42636 0.52996
32.00000 148.00000 0.64368 0.41667 1.00000 1.00000 0.55723 0.46981 0.56364 1.00000 1.00000 0.41707 0.39394 0.21269 1.00000 0.51786 0.41151 0.42647 0.22768 0.58792 1.00000 0.58333 1.00000 1.00000 0.36434 0.44615
32.00000 149.00000 0.43103 0.33333 1.00000 1.00000 0.56024 0.61325 0.56381 1.00000 1.00000 0.40097 0.39394 0.21623 1.00000 0.45238 0.34755 0.35294 0.21540 0.63063 1.00000 0.58333 1.00000 1.00000 0.34109 0.49613
32.00000 150.00000 0.55172 0.41667 1.00000 1.00000 0.57530 0.43732 0.54051 1.00000 1.00000 0.39936 0.39394 0.18810 1.00000 0.61310 0.42217 0.47059 0.19914 0.58061 1.00000 0.41667 1.00000 1.00000 0.36434 0.43690
32.00000 151.00000 0.40805 0.50000 1.00000 1.00000 0.43072 0.50294 0.58103 1.00000 1.00000 0.42995 0.34848 0.20264 1.00000 0.64286 0.36247 0.45588 0.22753 0.53944 1.00000 0.58333 1.00000 1.00000 0.30233 0.39671
32.00000 152.00000 0.62069 0.50000 1.00000 1.00000 0.68976 0.54197 0.60719 1.00000 1.00000 0.49275 0.48485 0.21695 1.00000 0.55357 0.44776 0.39706 0.21664 0.61293 1.00000 0.58333 1.00000 1.00000 0.39535 0.33085
32.00000 153.00000 0.27011 0.66667 1.00000 1.00000 0.66867 0.52431 0.53764 1.00000 1.00000 0.44122 0.40909 0.23840 1.00000 0.54167 0.32836 0.48529 0.20869 0.63717 1.00000 0.58333 1.00000 1.00000 0.21705 0.28155
32.00000 154.00000 0.52874 0.75000 1.00000 1.00000 0.54518 0.61587 0.63369 1.00000 1.00000 0.32689 0.43939 0.17787 1.00000 0.61310 0.30064 0.38235 0.19584 0.58561 1.00000 0.58333 1.00000 1.00000 0.41085 0.32532
32.00000 155.00000 0.47126 0.25000 1.00000 1.00000 0.52108 0.42838 0.69986 1.00000 1.00000 0.40258 0.39394 0.18671 1.00000 0.51190 0.36034 0.44118 0.20492 0.50904 1.00000 0.58333 1.00000 1.00000 0.26357 0.47487
32.00000 156.00000 0.17816 0.16667 1.00000 1.00000 0.55723 0.64639 0.58930 1.00000 1.00000 0.39291 0.36364 0.19043 1.00000 0.62500 0.43710 0.33824 0.23475 0.66025 1.00000 0.58333 1.00000 1.00000 0.39535 0.36040
32.00000 157.00000 0.46552 0.16667 1.00000 1.00000 0.56325 0.48943 0.68906 1.00000 1.00000 0.43317 0.39394 0.20206 1.00000 0.57738 0.36461 0.42647 0.21746 0.55060 1.00000 0.41667 1.00000 1.00000 0.38760 0.46327
32.00000 158.00000 0.52299 0.58333 1.00000 1.00000 0.53012 0.72902 0.69210 1.00000 1.00000 0.40902 0.46970 0.20520 1.00000 0.64286 0.39019 0.44118 0.21767 0.69835 1.00000 0.66667 1.00000 1.00000 0.32558 0.28777
32.00000 159.00000 0.40805 0.16667 1.00000 1.00000 0.61446 0.70765 0.70476 1.00000 1.00000 0.29630 0.37879 0.23284 1.00000 0.64881 0.21322 0.42647 0.21762 0.62139 1.00000 0.66667 1.00000 1.00000 0.24806 0.37490
32.00000 160.00000 0.47701 0.66667 1.00000 1.00000 0.53012 0.46784 0.54878 1.00000 1.00000 0.43156 0.43939 0.25150 1.00000 0.60119 0.33049 0.42647 0.24223 0.60793 1.00000 0.58333 1.00000 1.00000 0.25581 0.24745
32.00000 161.00000 0.61494 0.41667 1.00000 1.00000 0.60843 0.30674 0.76418 1.00000 1.00000 0.32045 0.45455 0.23598 1.00000 0.75595 0.30277 0.44118 0.25880 0.59484 1.00000 0.75000 1.00000 1.00000 0.36434 0.38857
32.00000 162.00000 0.54598 0.75000 1.00000 1.00000 0.59036 0.58971 0.57681 1.00000 1.00000 0.36232 0.40909 0.21255 1.00000 0.64881 0.51599 0.48529 0.25353 0.64486 1.00000 0.50000 1.00000 1.00000 0.25581 0.48854
32.00000 163.00000 0.45977 0.08333 1.00000 1.00000 0.71687 0.53586 0.72265 1.00000 1.00000 0.43800 0.51515 0.22014 1.00000 0.61310 0.30917 0.48529 0.19868 0.63794 1.00000 0.66667 1.00000 1.00000 0.48837 0.15824
32.00000 164.00000 0.51149 0.25000 1.00000 1.00000 0.61446 0.64160 0.58525 1.00000 1.00000 0.36071 0.50000 0.25729 1.00000 0.67857 0.40938 0.42647 0.23031 0.76145 1.00000 0.58333 1.00000 1.00000 0.44186 0.49710
32.00000 165.00000 0.43678 0.58333 1.00000 1.00000 0.65060 0.66231 0.65294 1.00000 1.00000 0.33011 0.39394 0.20762 1.00000 0.71429 0.41578 0.48529 0.24487 0.68065 1.00000 0.58333 1.00000 1.00000 0.36434 0.25877
32.00000 166.00000 0.55172 0.33333 1.00000 1.00000 0.56024 0.61260 0.74949 1.00000 1.00000 0.30596 0.43939 0.24720 1.00000 0.65476 0.27505 0.52941 0.26948 0.69950 1.00000 0.58333 1.00000 1.00000 0.41085 0.23723
32.00000 167.00000 0.42529 0.25000 1.00000 1.00000 0.72892 0.63636 0.71151 1.00000 1.00000 0.25443 0.48485 0.23414 1.00000 0.65476 0.29851 0.45588 0.24347 0.65102 1.00000 0.66667 1.00000 1.00000 0.27132 0.29798
32.00000 168.00000 0.53448 0.58333 1.00000 1.00000 0.77711 0.60301 0.63876 1.00000 1.00000 0.38164 0.50000 0.22480 1.00000 0.74405 0.32409 0.45588 0.24445 0.61254 1.00000 0.58333 1.00000 1.00000 0.42636 0.23226
32.00000 169.00000 0.56897 0.58333 1.00000 1.00000 0.75301 0.68999 0.69109 1.00000 1.00000 0.20934 0.43939 0.20784 1.00000 0.54167 0.30704 0.45588 0.25477 0.77799 1.00000 0.58333 1.00000 1.00000 0.33333 0.36275
32.00000 170.00000 0.48276 0.66667 1.00000 1.00000 0.70181 0.56486 0.57360 1.00000 1.00000 0.40741 0.37879 0.24612 1.00000 0.75000 0.45203 0.48529 0.26117 0.65487 1.00000 0.58333 1.00000 1.00000 0.33333 0.34369
32.00000 171.00000 0.26437 0.08333 1.00000 1.00000 0.62651 0.52649 0.67556 1.00000 1.00000 0.31401 0.42424 0.23782 1.00000 0.69643 0.32409 0.45588 0.23248 0.57868 1.00000 0.66667 1.00000 1.00000 0.31008 0.46147
32.00000 172.00000 0.40805 0.16667 1.00000 1.00000 0.61145 0.61086 0.72147 1.00000 1.00000 0.36071 0.42424 0.24589 1.00000 0.71429 0.26013 0.47059 0.25864 0.73875 1.00000 0.58333 1.00000 1.00000 0.23256 0.19456
32.00000 173.00000 0.56322 0.41667 1.00000 1.00000 0.75904 0.69414 0.69818 1.00000 1.00000 0.20451 0.48485 0.27156 1.00000 0.78571 0.30704 0.48529 0.25534 0.64179 1.00000 0.66667 1.00000 1.00000 0.24806 0.24786
32.00000 174.00000 0.60920 0.58333 1.00000 1.00000 0.65361 0.62241 0.60854 1.00000 1.00000 0.24155 0.53030 0.25595 1.00000 0.67857 0.25800 0.50000 0.26024 0.86379 1.00000 0.58333 1.00000 1.00000 0.38760 0.30047
32.00000 175.00000 0.43103 0.91667 1.00000 1.00000 0.70181 0.58186 0.60246 1.00000 1.00000 0.23510 0.51515 0.26613 1.00000 0.70833 0.37100 0.42647 0.26525 0.54829 1.00000 0.66667 1.00000 1.00000 0.31008 0.38539
32.00000 176.00000 0.58046 0.83333 1.00000 1.00000 0.70783 0.53957 0.76030 1.00000 1.00000 0.24477 0.42424 0.25285 1.00000 0.64286 0.27932 0.47059 0.26685 0.66872 1.00000 0.58333 1.00000 1.00000 0.34884 0.36150
32.00000 177.00000 0.48276 0.33333 1.00000 1.00000 0.65964 0.57619 0.78393 1.00000 1.00000 0.38164 0.50000 0.28220 1.00000 0.77381 0.24733 0.45588 0.26179 0.61293 1.00000 0.75000 1.00000 1.00000 0.27132 0.13684
32.00000 178.00000 0.46552 0.75000 1.00000 1.00000 0.64157 0.58426 0.81837 1.00000 1.00000 0.37037 0.45455 0.27861 1.00000 0.76786 0.24307 0.55882 0.25844 0.75067 1.00000 0.75000 1.00000 1.00000 0.28682 0.20036
32.00000 179.00000 0.50000 0.08333 1.00000 1.00000 0.75301 0.73643 0.68704 1.00000 1.00000 0.14654 0.45455 0.26972 1.00000 0.73810 0.28998 0.58824 0.26220 0.63524 1.00000 0.66667 1.00000 1.00000 0.22481 0.27285
32.00000 180.00000 0.53448 0.75000 1.00000 1.00000 0.57229 0.73905 0.69345 1.00000 1.00000 0.30113 0.40909 0.26115 1.00000 0.74405 0.36674 0.44118 0.27872 0.68680 1.00000 0.75000 1.00000 1.00000 0.36434 0.37379
32.00000 181.00000 0.66667 0.91667 1.00000 1.00000 0.78614 0.75365 0.76097 1.00000 1.00000 0.30596 0.46970 0.24751 1.00000 0.68452 0.26439 0.41176 0.26143 0.81185 1.00000 0.83333 1.00000 1.00000 0.24806 0.26333
32.00000 182.00000 0.65517 0.16667 1.00000 1.00000 0.64458 0.64748 0.66577 1.00000 1.00000 0.23349 0.42424 0.29202 1.00000 0.62500 0.26439 0.42647 0.27980 0.62755 1.00000 0.58333 1.00000 1.00000 0.31008 0.20989
32.00000 183.00000 0.52299 0.16667 1.00000 1.00000 0.63855 0.62961 0.76350 1.00000 1.00000 0.38969 0.42424 0.26748 1.00000 0.82143 0.29851 0.52941 0.28089 0.71143 1.00000 0.58333 1.00000 1.00000 0.37209 0.30986
32.00000 184.00000 0.61494 0.33333 1.00000 1.00000 0.77108 0.46566 0.79034 1.00000 1.00000 0.24799 0.46970 0.30360 1.00000 0.86310 0.35821 0.51471 0.29126 0.57368 1.00000 0.58333 1.00000 1.00000 0.25581 0.43662
32.00000 185.00000 0.64368 0.08333 1.00000 1.00000 0.72892 0.72357 0.77549 1.00000 1.00000 0.23994 0.48485 0.30849 1.00000 0.72619 0.37740 0.52941 0.28625 0.63294 1.00000 0.66667 1.00000 1.00000 0.26357 0.24040
32.00000 186.00000 0.65517 0.58333 1.00000 1.00000 0.55120 0.63963 0.76148 1.00000 1.00000 0.23027 0.56061 0.31710 1.00000 0.79167 0.28358 0.48529 0.27284 0.75952 1.00000 0.75000 1.00000 1.00000 0.19380 0.26360
32.00000 187.00000 0.39655 0.16667 1.00000 1.00000 0.73795 0.58186 0.83896 1.00000 1.00000 0.24799 0.46970 0.30073 1.00000 0.69643 0.34115 0.48529 0.27521 0.75183 1.00000 0.58333 1.00000 1.00000 0.29457 0.21762
32.00000 188.00000 0.56897 0.83333 1.00000 1.00000 0.59337 0.71245 0.86192 1.00000 1.00000 0.22866 0.48485 0.28803 1.00000 0.74405 0.21962 0.48529 0.29389 0.77992 1.00000 0.66667 1.00000 1.00000 0.34109 0.24427
32.00000 189.00000 0.59195 0.25000 1.00000 1.00000 0.68675 0.68912 0.79625 1.00000 1.00000 0.30113 0.40909 0.29404 1.00000 0.82143 0.28571 0.47059 0.28140 0.73028 1.00000 0.75000 1.00000 1.00000 0.25581 0.36371
32.00000 190.00000 0.43103 0.58333 1.00000 1.00000 0.80422 0.80772 0.81111 1.00000 1.00000 0.28180 0.56061 0.32886 1.00000 0.76786 0.21962 0.48529 0.30127 0.86225 1.00000 0.75000 1.00000 1.00000 0.26357 0.23488
32.00000 191.00000 0.57471 0.25000 1.00000 1.00000 0.64458 0.74886 0.89298 1.00000 1.00000 0.25765 0.42424 0.30589 1.00000 1.00000 0.20469 0.48529 0.29017 0.81685 1.00000 0.66667 1.00000 1.00000 0.12403 0.31524
