116.00000 1.00000 0.99998 0.99762 1.00000 0.00000 0.12172 0.27168 0.21768 0.00000 0.00125 0.00251 0.62707 0.26808 0.20513 0.45942 0.00269 0.99317 0.54397 0.41690 0.00000 0.25773 0.62791 1.00000 0.01211 0.02054
116.00000 2.00000 0.99978 0.99952 1.00000 0.00000 0.12108 0.26109 0.21054 0.00000 0.00125 0.00472 0.62703 0.26908 0.20513 0.43831 0.00308 0.99314 0.55012 0.40691 0.00000 0.28866 0.62791 1.00000 0.01076 0.01563
116.00000 3.00000 0.99978 0.99762 1.00000 0.00000 0.12291 0.27405 0.22006 0.00000 0.00125 0.00352 0.62715 0.26451 0.20513 0.46916 0.00303 0.99322 0.55789 0.42123 0.00000 0.25773 0.62791 1.00000 0.00841 0.01383
116.00000 4.00000 0.99977 0.99762 1.00000 0.00000 0.12631 0.28223 0.20471 0.00000 0.00125 0.00393 0.62711 0.27350 0.23077 0.45617 0.00283 0.99300 0.54806 0.40704 0.00000 0.26804 0.62791 1.00000 0.01312 0.01504
116.00000 5.00000 0.23818 0.29691 1.00000 0.59794 0.63347 0.68293 0.66848 0.61718 0.61418 0.59396 0.85240 0.64206 0.84615 0.72890 0.59145 0.99286 0.65052 0.15063 1.00000 0.67010 0.85412 1.00000 0.62429 0.62554
116.00000 6.00000 0.47623 0.83135 1.00000 0.62699 0.65421 0.64186 0.52139 0.50794 0.49749 0.45316 0.86291 0.59932 0.35897 0.64367 0.45195 0.99253 0.49056 0.36868 0.00000 0.63918 0.86469 1.00000 0.47629 0.48792
116.00000 7.00000 0.59521 0.73658 0.00000 0.23809 0.00835 0.00948 0.03653 0.29318 0.20891 0.08800 0.00118 0.01443 0.00000 0.02922 0.08676 0.00160 0.06079 0.93749 0.00000 0.04124 0.00000 0.00000 0.14262 0.13827
116.00000 8.00000 0.59514 0.73634 0.00000 0.23809 0.01111 0.01623 0.04037 0.29318 0.20891 0.08701 0.00112 0.01064 0.00000 0.02841 0.08475 0.00154 0.05211 0.93292 0.00000 0.03093 0.00000 0.00000 0.13724 0.13600
116.00000 9.00000 0.59511 0.73634 0.00000 0.23809 0.00771 0.02843 0.04333 0.29318 0.20891 0.09007 0.00118 0.01045 0.02564 0.03490 0.08639 0.00160 0.05256 0.93638 0.00000 0.03093 0.00000 0.00000 0.13656 0.13891
116.00000 10.00000 0.83327 0.99822 1.00000 0.06027 0.18083 0.30554 0.21155 0.14659 0.14429 0.13149 0.65015 0.29225 0.23077 0.44481 0.13082 0.99267 0.51920 0.39435 0.00000 0.29897 0.65116 1.00000 0.15338 0.15585
116.00000 11.00000 0.47629 0.83183 1.00000 0.62699 0.65265 0.63573 0.50825 0.50794 0.49749 0.45300 0.86308 0.59520 0.35897 0.65097 0.45229 0.99248 0.49708 0.35487 0.00000 0.62887 0.86469 1.00000 0.48470 0.49420
116.00000 12.00000 0.23805 0.29691 1.00000 0.59794 0.63044 0.66430 0.66833 0.61718 0.61418 0.59058 0.85225 0.64451 0.84615 0.71672 0.59206 0.99270 0.66617 0.16464 1.00000 0.65979 0.85412 1.00000 0.62361 0.62469
116.00000 13.00000 0.47607 0.83290 1.00000 0.62699 0.65761 0.62504 0.52295 0.50794 0.49749 0.45267 0.86295 0.60291 0.35897 0.64529 0.45317 0.99273 0.49318 0.34958 0.00000 0.62887 0.86469 1.00000 0.47999 0.48712
116.00000 14.00000 0.47629 0.83254 1.00000 0.62699 0.65559 0.62542 0.52026 0.50794 0.49749 0.45120 0.86285 0.59819 0.35897 0.64773 0.45044 0.99264 0.49638 0.35283 0.00000 0.62887 0.86469 1.00000 0.47999 0.48550
116.00000 15.00000 0.99982 0.99762 1.00000 0.00000 0.12209 0.26317 0.21326 0.00000 0.00125 0.00423 0.62719 0.27476 0.20513 0.44075 0.00396 0.99330 0.54705 0.42067 0.00000 0.26804 0.62791 1.00000 0.01615 0.00996
116.00000 16.00000 0.00002 0.00226 1.00000 1.00000 0.98247 0.91848 0.87794 1.00000 0.99749 0.95640 0.99846 0.87007 0.94872 0.90179 0.95804 0.99289 0.66783 0.08272 1.00000 0.90722 1.00000 1.00000 0.96502 0.97397
116.00000 17.00000 0.99996 0.99762 1.00000 0.00000 0.12401 0.30116 0.21919 0.00000 0.00125 0.00453 0.62724 0.26809 0.20513 0.46104 0.00364 0.99319 0.54630 0.42368 0.00000 0.28866 0.62791 1.00000 0.01312 0.01344
116.00000 18.00000 0.99990 0.99762 1.00000 0.00000 0.12539 0.28153 0.19827 0.00000 0.00125 0.00327 0.62711 0.26658 0.23077 0.45130 0.00283 0.99322 0.54986 0.41431 0.00000 0.27835 0.62791 1.00000 0.01985 0.01657
116.00000 19.00000 0.47618 0.83195 1.00000 0.62699 0.65256 0.62434 0.50008 0.50794 0.49749 0.45256 0.86297 0.59705 0.35897 0.64692 0.44944 0.99270 0.49398 0.34546 0.00000 0.62887 0.86469 1.00000 0.48470 0.47914
116.00000 20.00000 0.47619 0.83337 1.00000 0.62699 0.65109 0.63419 0.50659 0.50794 0.49749 0.45178 0.86293 0.59897 0.35897 0.65016 0.45327 0.99275 0.49689 0.35069 0.00000 0.61856 0.86469 1.00000 0.48671 0.48377
116.00000 21.00000 0.83333 0.99762 1.00000 0.06027 0.18194 0.29463 0.21333 0.14659 0.14429 0.13031 0.65007 0.29139 0.23077 0.42938 0.13182 0.99297 0.50917 0.40445 0.00000 0.29897 0.65116 1.00000 0.15506 0.16492
116.00000 22.00000 0.59516 0.73634 0.00000 0.23809 0.00523 0.03756 0.02575 0.29318 0.20891 0.09017 0.00110 0.01372 0.02564 0.04302 0.08727 0.00157 0.05593 0.94499 0.00000 0.04124 0.00000 0.00000 0.14228 0.13857
116.00000 23.00000 0.59527 0.73634 0.00000 0.23809 0.00477 0.03473 0.04931 0.29318 0.20891 0.08833 0.00108 0.01127 0.02564 0.03815 0.08703 0.00165 0.05403 0.92867 0.00000 0.03093 0.00000 0.00000 0.14329 0.14161
116.00000 24.00000 0.47620 0.83171 1.00000 0.62699 0.65238 0.63684 0.51469 0.50794 0.49749 0.45410 0.86301 0.59918 0.35897 0.65990 0.45176 0.99262 0.50465 0.36771 0.00000 0.61856 0.86469 1.00000 0.47931 0.48005
116.00000 25.00000 0.83324 0.99857 1.00000 0.06027 0.17707 0.30719 0.21607 0.14659 0.14429 0.13149 0.65005 0.29213 0.23077 0.46266 0.13163 0.99284 0.51319 0.38559 0.00000 0.30928 0.65116 1.00000 0.15742 0.15414
116.00000 26.00000 0.23813 0.29834 1.00000 0.59794 0.62980 0.66184 0.64321 0.61718 0.61418 0.59217 0.85230 0.65389 0.82051 0.72971 0.59064 0.99286 0.66557 0.14948 1.00000 0.68041 0.85412 1.00000 0.62193 0.62099
116.00000 27.00000 0.00002 0.00202 1.00000 1.00000 0.97751 0.91869 0.88476 1.00000 0.99749 0.95898 0.99842 0.87496 0.94872 0.89367 0.95774 0.99311 0.68187 0.07978 1.00000 0.91753 1.00000 1.00000 0.97444 0.97436
116.00000 28.00000 0.59509 0.73634 0.00000 0.23809 0.01285 0.04369 0.04196 0.29318 0.20891 0.08713 0.00122 0.01057 0.00000 0.01867 0.08786 0.00157 0.04776 0.93420 0.00000 0.04124 0.00000 0.00000 0.14598 0.14235
116.00000 29.00000 0.59531 0.73717 0.00000 0.23809 0.01331 0.03367 0.03562 0.29318 0.20891 0.08837 0.00116 0.01358 0.02564 0.03084 0.08568 0.00168 0.04667 0.93503 0.00000 0.04124 0.00000 0.00000 0.13488 0.14220
116.00000 30.00000 0.59528 0.73765 0.00000 0.23809 0.00633 0.04137 0.03483 0.29318 0.20891 0.08750 0.00114 0.01222 0.00000 0.03490 0.08666 0.00152 0.04968 0.93455 0.00000 0.05155 0.00000 0.00000 0.13925 0.14064
116.00000 31.00000 0.99988 0.99762 1.00000 0.00000 0.11997 0.27338 0.19335 0.00000 0.00125 0.00294 0.62719 0.26979 0.20513 0.44886 0.00332 0.99322 0.53978 0.40791 0.00000 0.27835 0.62791 1.00000 0.01783 0.01344
116.00000 32.00000 0.23804 0.29739 1.00000 0.59794 0.63172 0.69746 0.65426 0.61718 0.61418 0.59196 0.85236 0.64171 0.84615 0.72646 0.59035 0.99270 0.66232 0.15263 1.00000 0.68041 0.85412 1.00000 0.61386 0.62213
116.00000 33.00000 0.23817 0.29691 1.00000 0.59794 0.63484 0.66233 0.64395 0.61718 0.61418 0.59304 0.85242 0.64814 0.84615 0.72890 0.59284 0.99281 0.66292 0.15371 1.00000 0.65979 0.85412 1.00000 0.62126 0.62180
116.00000 34.00000 0.99995 0.99857 1.00000 0.00000 0.12475 0.27897 0.22034 0.00000 0.00125 0.00428 0.62715 0.26700 0.20513 0.46185 0.00401 0.99311 0.56342 0.41178 0.00000 0.26804 0.62791 1.00000 0.01816 0.01245
116.00000 35.00000 0.99984 0.99762 1.00000 0.00000 0.12466 0.26854 0.20435 0.00000 0.00125 0.00304 0.62705 0.26602 0.23077 0.45455 0.00347 0.99330 0.55058 0.41697 0.00000 0.27835 0.62791 1.00000 0.00673 0.01861
116.00000 36.00000 0.59527 0.73634 0.00000 0.23809 0.01193 0.05538 0.05603 0.29318 0.20891 0.08823 0.00112 0.01715 0.02564 0.02760 0.08610 0.00146 0.05930 0.94015 0.00000 0.02062 0.00000 0.00000 0.13959 0.14526
116.00000 37.00000 0.83330 0.99762 1.00000 0.06027 0.18212 0.31332 0.22887 0.14659 0.14429 0.13048 0.65009 0.29430 0.23077 0.44318 0.13014 0.99281 0.52136 0.40057 0.00000 0.31959 0.65116 1.00000 0.15573 0.16025
116.00000 38.00000 0.99978 0.99762 1.00000 0.00000 0.11915 0.26020 0.20250 0.00000 0.00125 0.00235 0.62726 0.26414 0.20513 0.44724 0.00345 0.99322 0.53853 0.40767 0.00000 0.26804 0.62791 1.00000 0.00942 0.01525
116.00000 39.00000 0.83334 0.99786 1.00000 0.06027 0.17560 0.31774 0.22193 0.14659 0.14429 0.13156 0.65005 0.28495 0.23077 0.44724 0.13036 0.99284 0.52538 0.38594 0.00000 0.30928 0.65116 1.00000 0.16011 0.15633
116.00000 40.00000 0.23821 0.29691 1.00000 0.59794 0.62925 0.69260 0.65488 0.61718 0.61418 0.59065 0.85244 0.65178 0.84615 0.72484 0.59123 0.99284 0.66879 0.16273 1.00000 0.67010 0.85412 1.00000 0.62159 0.62384
116.00000 41.00000 0.59529 0.73634 0.00000 0.23809 0.00330 0.04828 0.03257 0.29318 0.20891 0.08890 0.00124 0.01006 0.02564 0.03653 0.08813 0.00163 0.04576 0.92725 0.00000 0.03093 0.00000 0.00000 0.13454 0.13593
116.00000 42.00000 0.83315 0.99964 1.00000 0.06027 0.18056 0.30754 0.22541 0.14659 0.14429 0.13147 0.65005 0.28780 0.23077 0.44886 0.12919 0.99284 0.50162 0.37632 0.00000 0.29897 0.65116 1.00000 0.15708 0.15994
116.00000 43.00000 0.00007 0.00166 1.00000 1.00000 0.97283 0.93619 0.88683 1.00000 0.99749 0.95589 0.99854 0.87126 0.94872 0.88474 0.95931 0.99295 0.68776 0.08455 1.00000 0.91753 1.00000 1.00000 0.96670 0.96873
116.00000 44.00000 0.83321 0.99810 1.00000 0.06027 0.18148 0.30143 0.22721 0.14659 0.14429 0.13220 0.65005 0.29104 0.23077 0.45130 0.13053 0.99278 0.51381 0.39476 0.00000 0.30928 0.65116 1.00000 0.15843 0.15453
116.00000 45.00000 0.23816 0.29846 1.00000 0.59794 0.63136 0.67848 0.65262 0.61718 0.61418 0.59364 0.85242 0.64549 0.84615 0.73214 0.59250 0.99284 0.67026 0.15270 1.00000 0.67010 0.85412 1.00000 0.61857 0.61760
116.00000 46.00000 0.99979 0.99810 1.00000 0.00000 0.12622 0.27435 0.20159 0.00000 0.00125 0.00451 0.62717 0.26685 0.20513 0.45373 0.00318 0.99319 0.55900 0.41538 0.00000 0.26804 0.62791 1.00000 0.01446 0.01528
116.00000 47.00000 0.99989 0.99929 1.00000 0.00000 0.12466 0.27014 0.19942 0.00000 0.00125 0.00439 0.62711 0.26229 0.23077 0.44724 0.00489 0.99325 0.56568 0.41784 0.00000 0.27835 0.62791 1.00000 0.01682 0.01227
116.00000 48.00000 0.59529 0.73634 0.00000 0.23809 0.00945 0.03413 0.03749 0.29318 0.20891 0.08918 0.00112 0.01693 0.00000 0.01623 0.08732 0.00157 0.05151 0.92572 0.00000 0.04124 0.00000 0.00000 0.14464 0.14135
116.00000 49.00000 0.83314 0.99905 1.00000 0.06027 0.17955 0.31580 0.22666 0.14659 0.14429 0.13066 0.65005 0.29130 0.23077 0.43425 0.13119 0.99278 0.52158 0.39428 0.00000 0.29897 0.65116 1.00000 0.15809 0.15389
116.00000 50.00000 0.83320 0.99893 1.00000 0.06027 0.17624 0.30162 0.22270 0.14659 0.14429 0.13181 0.65000 0.29248 0.23077 0.44724 0.12999 0.99278 0.49855 0.39525 0.00000 0.30928 0.65116 1.00000 0.15372 0.15532
116.00000 51.00000 0.23815 0.29810 1.00000 0.59794 0.63237 0.68744 0.65856 0.61718 0.61355 0.59132 0.85238 0.64899 0.82051 0.71347 0.59231 0.99273 0.67245 0.16841 1.00000 0.68041 0.85412 1.00000 0.61890 0.62046
116.00000 52.00000 0.47606 0.83219 1.00000 0.62699 0.65109 0.62423 0.52151 0.50794 0.49749 0.45235 0.86293 0.59724 0.35897 0.64529 0.45185 0.99267 0.50244 0.35678 0.00000 0.62887 0.86469 1.00000 0.47999 0.48220
116.00000 53.00000 0.00006 0.00143 1.00000 1.00000 0.97843 0.89539 0.88438 1.00000 0.99749 0.95730 0.99838 0.87593 0.94872 0.87825 0.95875 0.99278 0.68105 0.08625 1.00000 0.92784 1.00000 1.00000 0.96973 0.96980
116.00000 54.00000 0.47612 0.83159 1.00000 0.62699 0.65385 0.62374 0.49014 0.50794 0.49749 0.45122 0.86291 0.60122 0.35897 0.63149 0.45085 0.99256 0.48775 0.37023 0.00000 0.62887 0.86469 1.00000 0.48436 0.47950
116.00000 55.00000 0.59526 0.73634 0.00000 0.23809 0.00936 0.00894 0.02479 0.29318 0.20891 0.08784 0.00114 0.01199 0.02564 0.02922 0.08593 0.00157 0.04485 0.92507 0.00000 0.02062 0.00000 0.00000 0.13993 0.13617
116.00000 56.00000 0.23804 0.29834 1.00000 0.59794 0.62833 0.68128 0.65973 0.61718 0.61418 0.59111 0.85242 0.65110 0.84615 0.73620 0.59260 0.99284 0.68634 0.15523 1.00000 0.69072 0.85412 1.00000 0.61958 0.62820
116.00000 57.00000 0.00005 0.00154 1.00000 1.00000 0.98265 0.90414 0.89110 1.00000 0.99749 0.95780 0.99846 0.88002 0.94872 0.89042 0.95772 0.99284 0.69493 0.07569 1.00000 0.91753 1.00000 1.00000 0.96670 0.97008
116.00000 58.00000 0.47613 0.83195 1.00000 0.62699 0.65137 0.63214 0.51094 0.50794 0.49749 0.45357 0.86299 0.60297 0.35897 0.62906 0.45286 0.99270 0.49852 0.35342 0.00000 0.62887 0.86469 1.00000 0.47864 0.48426
116.00000 59.00000 0.00001 0.00083 1.00000 1.00000 0.97870 0.91224 0.88668 1.00000 0.99812 0.95999 0.99854 0.87739 0.94872 0.89854 0.95848 0.99284 0.69478 0.07912 1.00000 0.91753 1.00000 1.00000 0.96939 0.96855
116.00000 60.00000 0.99984 0.99762 1.00000 0.00000 0.12750 0.27062 0.22740 0.00000 0.00125 0.00251 0.62726 0.26432 0.20513 0.46753 0.00313 0.99339 0.54546 0.41932 0.00000 0.28866 0.62791 1.00000 0.01480 0.01793
116.00000 61.00000 0.23815 0.29727 1.00000 0.59794 0.62805 0.65668 0.67042 0.61718 0.61418 0.59162 0.85230 0.64389 0.84615 0.73539 0.59265 0.99278 0.67223 0.14537 1.00000 0.68041 0.85412 1.00000 0.62092 0.62896
116.00000 62.00000 0.99995 0.99762 1.00000 0.00000 0.12530 0.28623 0.19287 0.00000 0.00125 0.00559 0.62717 0.26034 0.20513 0.44805 0.00261 0.99311 0.55238 0.40639 0.00000 0.25773 0.62791 1.00000 0.01951 0.01401
116.00000 63.00000 0.23814 0.29751 1.00000 0.59794 0.62438 0.67521 0.65918 0.61718 0.61355 0.59106 0.85240 0.64683 0.84615 0.73377 0.59106 0.99270 0.66838 0.16318 1.00000 0.67010 0.85412 1.00000 0.61958 0.62056
116.00000 64.00000 0.47628 0.83325 1.00000 0.62699 0.64880 0.63387 0.53124 0.50794 0.49749 0.45122 0.86293 0.59626 0.35897 0.65666 0.45171 0.99262 0.49809 0.35048 0.00000 0.60825 0.86469 1.00000 0.47629 0.48125
116.00000 65.00000 0.99995 0.99762 1.00000 0.00000 0.12511 0.28577 0.21379 0.00000 0.00125 0.00368 0.62719 0.26381 0.20513 0.45698 0.00332 0.99322 0.54976 0.39656 0.00000 0.30928 0.62791 1.00000 0.01648 0.01453
116.00000 66.00000 0.59525 0.73777 0.00000 0.23809 0.01065 0.02560 0.02791 0.29318 0.20891 0.08674 0.00108 0.01333 0.02564 0.03166 0.08705 0.00160 0.05028 0.93690 0.00000 0.05155 0.00000 0.00000 0.13488 0.14297
116.00000 67.00000 0.59513 0.73634 0.00000 0.23809 0.01102 0.04796 0.02589 0.29318 0.20891 0.08731 0.00116 0.01627 0.02564 0.03328 0.08779 0.00160 0.04626 0.93998 0.00000 0.01031 0.00000 0.00000 0.14026 0.13264
116.00000 68.00000 0.00006 0.00000 1.00000 1.00000 0.97494 0.92409 0.88404 1.00000 0.99749 0.95817 0.99854 0.87939 0.94872 0.90503 0.95906 0.99297 0.69226 0.08154 1.00000 0.90722 1.00000 1.00000 0.96502 0.96985
116.00000 69.00000 0.23802 0.29691 1.00000 0.59794 0.63026 0.67829 0.64323 0.61718 0.61355 0.59134 0.85230 0.65095 0.84615 0.73052 0.59192 0.99278 0.67071 0.14599 1.00000 0.68041 0.85412 1.00000 0.61890 0.61943
116.00000 70.00000 0.00002 0.00178 1.00000 1.00000 0.97824 0.89350 0.90770 1.00000 0.99749 0.95843 0.99844 0.87106 0.94872 0.90909 0.95906 0.99306 0.68582 0.07030 1.00000 0.90722 1.00000 1.00000 0.97040 0.97139
116.00000 71.00000 0.83334 0.99881 1.00000 0.06027 0.18230 0.31766 0.24383 0.14659 0.14429 0.13310 0.65024 0.29117 0.23077 0.44562 0.13182 0.99297 0.52235 0.40012 0.00000 0.30928 0.65116 1.00000 0.15540 0.15518
116.00000 72.00000 0.23804 0.29810 1.00000 0.59794 0.62897 0.68361 0.64667 0.61718 0.61418 0.59088 0.85238 0.64171 0.84615 0.73133 0.59104 0.99270 0.65532 0.15976 1.00000 0.67010 0.85412 1.00000 0.61958 0.62659
116.00000 73.00000 0.83318 0.99762 1.00000 0.06027 0.18395 0.30127 0.22397 0.14659 0.14429 0.13190 0.65003 0.29439 0.23077 0.43588 0.13129 0.99275 0.51105 0.38615 0.00000 0.29897 0.65116 1.00000 0.15607 0.15768
116.00000 74.00000 0.59521 0.73634 0.00000 0.23809 0.00450 0.02398 0.04914 0.29318 0.20891 0.09053 0.00120 0.01149 0.02564 0.01380 0.08607 0.00160 0.05615 0.92887 0.00000 0.04124 0.00000 0.00000 0.13757 0.14368
116.00000 75.00000 0.47619 0.83135 1.00000 0.62699 0.65100 0.61958 0.51373 0.50794 0.49749 0.45249 0.86293 0.59578 0.35897 0.62256 0.45259 0.99273 0.50107 0.35259 0.00000 0.61856 0.86469 1.00000 0.48268 0.48489
116.00000 76.00000 0.83313 0.99988 1.00000 0.06027 0.17891 0.32042 0.21540 0.14659 0.14429 0.13234 0.65022 0.29451 0.23077 0.45779 0.13090 0.99289 0.51766 0.39047 0.00000 0.29897 0.65116 1.00000 0.15506 0.15831
116.00000 77.00000 0.83324 0.99976 1.00000 0.06027 0.18019 0.31026 0.24126 0.14659 0.14429 0.13291 0.65011 0.29663 0.23077 0.43425 0.13121 0.99292 0.51146 0.39175 0.00000 0.29897 0.65116 1.00000 0.16313 0.15778
116.00000 78.00000 0.83326 0.99762 1.00000 0.06027 0.17992 0.31226 0.22647 0.14659 0.14429 0.13100 0.65003 0.29198 0.23077 0.43588 0.13065 0.99281 0.51610 0.38722 0.00000 0.30928 0.65116 1.00000 0.15843 0.15755
116.00000 79.00000 0.99985 0.99762 1.00000 0.00000 0.12759 0.27392 0.20841 0.00000 0.00125 0.00419 0.62711 0.26660 0.23077 0.45373 0.00401 0.99317 0.55681 0.40507 0.00000 0.28866 0.62791 1.00000 0.00875 0.01530
116.00000 80.00000 0.99988 0.99929 1.00000 0.00000 0.12328 0.26071 0.22003 0.00000 0.00125 0.00350 0.62715 0.26296 0.20513 0.44481 0.00257 0.99325 0.55217 0.40756 0.00000 0.26804 0.62791 1.00000 0.01009 0.01135
116.00000 81.00000 0.99981 0.99762 1.00000 0.00000 0.12300 0.26228 0.19642 0.00000 0.00125 0.00421 0.62707 0.26345 0.23077 0.46023 0.00323 0.99322 0.56818 0.39172 0.00000 0.25773 0.62791 1.00000 0.01278 0.01434
116.00000 82.00000 0.47615 0.83135 1.00000 0.62699 0.65531 0.63392 0.51017 0.50794 0.49749 0.45237 0.86301 0.59920 0.35897 0.64610 0.45100 0.99259 0.50194 0.36456 0.00000 0.63918 0.86469 1.00000 0.48234 0.48326
116.00000 83.00000 0.00004 0.00000 1.00000 1.00000 0.97522 0.93082 0.86891 1.00000 0.99749 0.95843 0.99844 0.87368 0.94872 0.90016 0.95916 0.99292 0.70094 0.07746 1.00000 0.91753 1.00000 1.00000 0.96502 0.97433
116.00000 84.00000 0.83327 0.99798 1.00000 0.06027 0.17891 0.32676 0.20375 0.14659 0.14366 0.13174 0.65007 0.28961 0.23077 0.46429 0.13026 0.99270 0.50987 0.39030 0.00000 0.29897 0.65116 1.00000 0.15641 0.15963
116.00000 85.00000 0.59509 0.73777 0.00000 0.23809 0.00523 0.02565 0.03632 0.29318 0.20891 0.08821 0.00120 0.01712 0.00000 0.01461 0.08691 0.00152 0.05466 0.92946 0.00000 0.02062 0.00000 0.00000 0.13690 0.13944
116.00000 86.00000 0.59510 0.73705 0.00000 0.23809 0.00643 0.01026 0.04357 0.29318 0.20891 0.08729 0.00120 0.01424 0.02564 0.01623 0.08708 0.00160 0.05930 0.92572 0.00000 0.02062 0.00000 0.00000 0.14497 0.13651
116.00000 87.00000 0.23817 0.29762 1.00000 0.59794 0.63227 0.66840 0.63908 0.61718 0.61355 0.59192 0.85240 0.64244 0.84615 0.71916 0.59148 0.99270 0.66723 0.14869 1.00000 0.68041 0.85412 1.00000 0.61419 0.62293
116.00000 88.00000 0.99989 0.99798 1.00000 0.00000 0.12475 0.25888 0.22558 0.00000 0.00125 0.00359 0.62722 0.26759 0.23077 0.44562 0.00411 0.99322 0.55801 0.40784 0.00000 0.27835 0.62791 1.00000 0.01547 0.01659
116.00000 89.00000 0.00006 0.00166 1.00000 1.00000 0.98026 0.90206 0.89504 1.00000 0.99749 0.95822 0.99857 0.87607 0.94872 0.89610 0.95804 0.99308 0.68781 0.07414 1.00000 0.92784 1.00000 1.00000 0.96939 0.97556
116.00000 90.00000 0.00006 0.00059 1.00000 1.00000 0.97696 0.91238 0.87100 1.00000 0.99749 0.95831 0.99861 0.87436 0.94872 0.89935 0.95828 0.99300 0.68668 0.07590 1.00000 0.91753 1.00000 1.00000 0.96805 0.97376
116.00000 91.00000 0.83324 0.99762 1.00000 0.06027 0.18138 0.30524 0.21405 0.14659 0.14429 0.13335 0.65009 0.29330 0.23077 0.43182 0.12999 0.99284 0.52603 0.37982 0.00000 0.31959 0.65116 1.00000 0.15876 0.15500
116.00000 92.00000 0.83316 0.99798 1.00000 0.06027 0.17459 0.30332 0.21969 0.14659 0.14429 0.13220 0.65009 0.29202 0.23077 0.44156 0.13173 0.99278 0.50316 0.39580 0.00000 0.30928 0.65116 1.00000 0.15506 0.15332
116.00000 93.00000 0.23818 0.29691 1.00000 0.59794 0.63273 0.68317 0.66290 0.61718 0.61355 0.59258 0.85240 0.64409 0.84615 0.71916 0.59177 0.99278 0.66566 0.14993 1.00000 0.68041 0.85412 1.00000 0.61924 0.62237
116.00000 94.00000 0.99994 0.99762 1.00000 0.00000 0.12723 0.26363 0.22133 0.00000 0.00125 0.00453 0.62719 0.27101 0.20513 0.46429 0.00389 0.99336 0.54543 0.41497 0.00000 0.27835 0.62791 1.00000 0.01245 0.01106
116.00000 95.00000 0.99984 0.99917 1.00000 0.00000 0.12695 0.27289 0.19556 0.00000 0.00125 0.00403 0.62724 0.26497 0.20513 0.45130 0.00477 0.99325 0.54856 0.40448 0.00000 0.27835 0.62791 1.00000 0.01446 0.01640
116.00000 96.00000 0.99982 0.99762 1.00000 0.00000 0.12429 0.28369 0.22080 0.00000 0.00125 0.00483 0.62711 0.26601 0.23077 0.45860 0.00415 0.99322 0.56333 0.40607 0.00000 0.26804 0.62791 1.00000 0.01446 0.01894
116.00000 97.00000 0.23820 0.29691 1.00000 0.59794 0.63035 0.69265 0.66672 0.61718 0.61418 0.59145 0.85240 0.64629 0.84615 0.73539 0.59399 0.99275 0.67716 0.13928 1.00000 0.69072 0.85412 1.00000 0.61958 0.61877
116.00000 98.00000 0.59517 0.73634 0.00000 0.23809 0.01037 0.05217 0.04575 0.29318 0.20891 0.08828 0.00112 0.01322 0.02564 0.03896 0.08634 0.00160 0.04523 0.93548 0.00000 0.04124 0.00000 0.00000 0.13757 0.13744
116.00000 99.00000 0.83324 0.99846 1.00000 0.06027 0.17422 0.30665 0.22853 0.14659 0.14429 0.13163 0.65003 0.29249 0.23077 0.42614 0.13041 0.99273 0.51430 0.37591 0.00000 0.30928 0.65116 1.00000 0.15977 0.15512
116.00000 100.00000 0.00005 0.00238 1.00000 1.00000 0.97724 0.90195 0.90047 1.00000 0.99749 0.95764 0.99844 0.87407 0.94872 0.88231 0.95855 0.99303 0.69820 0.07486 1.00000 0.90722 1.00000 1.00000 0.96367 0.97591
116.00000 101.00000 0.59531 0.73682 0.00000 0.23809 0.00789 0.04499 0.04071 0.29318 0.20891 0.08830 0.00114 0.01090 0.02564 0.02922 0.08654 0.00146 0.05035 0.92766 0.00000 0.03093 0.00000 0.00000 0.13555 0.13865
116.00000 102.00000 0.99997 0.99762 1.00000 0.00000 0.12273 0.27268 0.21199 0.00000 0.00125 0.00479 0.62722 0.26644 0.23077 0.45860 0.00342 0.99311 0.55051 0.41465 0.00000 0.26804 0.62791 1.00000 0.01245 0.01741
116.00000 103.00000 0.59519 0.73860 0.00000 0.23809 0.01487 0.03743 0.03586 0.29318 0.20828 0.08803 0.00120 0.01380 0.02564 0.03977 0.08666 0.00157 0.03679 0.93192 0.00000 0.02062 0.00000 0.00000 0.14060 0.13729
116.00000 104.00000 0.59514 0.73634 0.00000 0.23809 0.01102 0.04950 0.04515 0.29318 0.20828 0.08886 0.00108 0.00861 0.02564 0.03003 0.08783 0.00160 0.05778 0.92503 0.00000 0.03093 0.00000 0.00000 0.12849 0.14543
116.00000 105.00000 0.00006 0.00000 1.00000 1.00000 0.97595 0.89706 0.87926 1.00000 0.99749 0.95755 0.99852 0.87071 0.94872 0.88799 0.95909 0.99284 0.69221 0.08164 1.00000 0.90722 1.00000 1.00000 0.97578 0.97629
116.00000 106.00000 0.59529 0.73753 0.00000 0.23809 0.01157 0.05522 0.02428 0.29318 0.20891 0.08881 0.00116 0.00966 0.02564 0.02841 0.08788 0.00163 0.05194 0.93655 0.00000 0.05155 0.00000 0.00000 0.14464 0.13725
116.00000 107.00000 0.83316 0.99941 1.00000 0.06027 0.18230 0.30238 0.23953 0.14659 0.14429 0.13117 0.65011 0.29211 0.23077 0.44968 0.13231 0.99286 0.52375 0.38701 0.00000 0.30928 0.65116 1.00000 0.15876 0.16422
116.00000 108.00000 0.23801 0.29691 1.00000 0.59794 0.62484 0.69244 0.66168 0.61718 0.61418 0.59242 0.85234 0.64633 0.84615 0.70860 0.59199 0.99275 0.67865 0.15599 1.00000 0.68041 0.85412 1.00000 0.62496 0.62616
116.00000 109.00000 0.00006 0.00202 1.00000 1.00000 0.97733 0.92620 0.87837 1.00000 0.99749 0.95974 0.99859 0.87627 0.94872 0.90584 0.95963 0.99303 0.69846 0.06902 1.00000 0.91753 1.00000 1.00000 0.96771 0.97109
116.00000 110.00000 0.00004 0.00000 1.00000 1.00000 0.97788 0.88996 0.89987 1.00000 0.99686 0.95762 0.99852 0.87624 0.94872 0.88961 0.95735 0.99281 0.68966 0.08815 1.00000 0.90722 1.00000 1.00000 0.96401 0.97191
116.00000 111.00000 0.83336 0.99762 1.00000 0.06027 0.18294 0.30097 0.22921 0.14659 0.14429 0.13220 0.65013 0.29372 0.23077 0.44562 0.13160 0.99275 0.51963 0.39625 0.00000 0.34021 0.65116 1.00000 0.15439 0.16033
116.00000 112.00000 0.47619 0.83135 1.00000 0.62699 0.65274 0.64740 0.53215 0.50794 0.49749 0.45297 0.86310 0.60427 0.35897 0.64123 0.45271 0.99270 0.49568 0.35311 0.00000 0.61856 0.86469 1.00000 0.48570 0.48261
116.00000 113.00000 0.47617 0.83254 1.00000 0.62699 0.65541 0.60519 0.52269 0.50794 0.49749 0.45320 0.86312 0.60106 0.35897 0.65503 0.45300 0.99264 0.50980 0.34484 0.00000 0.63918 0.86469 1.00000 0.48301 0.48845
116.00000 114.00000 0.47608 0.83242 1.00000 0.62699 0.65642 0.61961 0.50280 0.50794 0.49686 0.45040 0.86299 0.59744 0.35897 0.65422 0.45056 0.99264 0.50701 0.35553 0.00000 0.62887 0.86469 1.00000 0.47427 0.47395
116.00000 115.00000 0.83331 0.99952 1.00000 0.06027 0.17927 0.30278 0.24837 0.14659 0.14429 0.13250 0.65013 0.29407 0.23077 0.44968 0.13104 0.99297 0.52706 0.38587 0.00000 0.30928 0.65116 1.00000 0.16044 0.15826
116.00000 116.00000 0.00002 0.00154 1.00000 1.00000 0.97916 0.93179 0.89290 1.00000 0.99749 0.95884 0.99857 0.88093 0.94872 0.90503 0.96012 0.99284 0.68998 0.07594 1.00000 0.91753 1.00000 1.00000 0.97040 0.97370
116.00000 117.00000 0.23808 0.29691 1.00000 0.59794 0.63246 0.65347 0.66636 0.61718 0.61418 0.59164 0.85255 0.64727 0.84615 0.72890 0.59170 0.99284 0.67884 0.14187 1.00000 0.68041 0.85412 1.00000 0.62159 0.62527
116.00000 118.00000 0.47617 0.83135 1.00000 0.62699 0.65587 0.65255 0.52232 0.50794 0.49749 0.45111 0.86314 0.60464 0.35897 0.64773 0.45364 0.99281 0.51680 0.35487 0.00000 0.62887 0.86469 1.00000 0.47931 0.48541
116.00000 119.00000 0.47608 0.83135 1.00000 0.62699 0.65274 0.62261 0.51983 0.50794 0.49686 0.45208 0.86297 0.59875 0.35897 0.64935 0.45124 0.99275 0.51369 0.35249 0.00000 0.63918 0.86469 1.00000 0.47494 0.48644
116.00000 120.00000 0.00006 0.00000 1.00000 1.00000 0.98017 0.91197 0.88005 1.00000 0.99749 0.95831 0.99833 0.87139 0.94872 0.89286 0.95677 0.99286 0.69074 0.07213 1.00000 0.91753 1.00000 1.00000 0.97275 0.96387
116.00000 121.00000 0.59531 0.73634 0.00000 0.23809 0.00707 0.02422 0.03939 0.29318 0.20891 0.08883 0.00114 0.01193 0.02564 0.02679 0.08759 0.00143 0.04629 0.92227 0.00000 0.03093 0.00000 0.00000 0.13623 0.14475
116.00000 122.00000 0.59520 0.73694 0.00000 0.23809 0.00863 0.06448 0.04537 0.29318 0.20891 0.08913 0.00114 0.01370 0.02564 0.02597 0.08774 0.00165 0.05107 0.93493 0.00000 0.05155 0.00000 0.00000 0.13791 0.13544
116.00000 123.00000 0.83328 0.99762 1.00000 0.06027 0.17533 0.31359 0.22577 0.14659 0.14366 0.13234 0.65015 0.29108 0.23077 0.44724 0.13163 0.99284 0.51490 0.39424 0.00000 0.30928 0.65116 1.00000 0.16044 0.15939
116.00000 124.00000 0.99996 0.99952 1.00000 0.00000 0.12796 0.26282 0.21705 0.00000 0.00125 0.00400 0.62711 0.26626 0.23077 0.45860 0.00447 0.99333 0.55027 0.38802 0.00000 0.28866 0.62791 1.00000 0.01144 0.01659
116.00000 125.00000 0.23822 0.29691 1.00000 0.59794 0.62805 0.66919 0.65178 0.61718 0.61355 0.59456 0.85238 0.64807 0.84615 0.73539 0.59438 0.99286 0.68918 0.15692 1.00000 0.67010 0.85412 1.00000 0.62496 0.62047
116.00000 126.00000 0.59515 0.73634 0.00000 0.23809 0.00826 0.01145 0.02868 0.29318 0.20828 0.08738 0.00120 0.01198 0.02564 0.03003 0.08598 0.00154 0.04994 0.92026 0.00000 0.05155 0.00000 0.00000 0.14026 0.13890
116.00000 127.00000 0.59530 0.73634 0.00000 0.23809 0.00716 0.05271 0.01794 0.29318 0.20891 0.08839 0.00120 0.01208 0.02564 0.01867 0.08681 0.00179 0.04973 0.92119 0.00000 0.03093 0.00000 0.00000 0.13354 0.13717
116.00000 128.00000 0.00004 0.00000 1.00000 1.00000 0.97375 0.92023 0.89028 1.00000 0.99749 0.95907 0.99846 0.88165 0.94872 0.90422 0.95911 0.99297 0.68767 0.07462 1.00000 0.90722 1.00000 1.00000 0.96838 0.97528
116.00000 129.00000 0.47629 0.83135 1.00000 0.62699 0.65385 0.62112 0.50097 0.50794 0.49749 0.45060 0.86299 0.60160 0.35897 0.64123 0.45183 0.99264 0.50482 0.34851 0.00000 0.61856 0.86469 1.00000 0.48200 0.48838
116.00000 130.00000 0.23818 0.29691 1.00000 0.59794 0.63347 0.66916 0.64787 0.61718 0.61418 0.59431 0.85251 0.64794 0.84615 0.72078 0.59319 0.99284 0.66550 0.14620 1.00000 0.67010 0.85412 1.00000 0.62159 0.61887
116.00000 131.00000 0.23822 0.29691 1.00000 0.59794 0.63062 0.69430 0.66598 0.61718 0.61418 0.59251 0.85255 0.65142 0.84615 0.72078 0.59314 0.99284 0.68026 0.14564 1.00000 0.67010 0.85412 1.00000 0.62361 0.62352
116.00000 132.00000 0.00007 0.00143 1.00000 1.00000 0.97880 0.91454 0.87705 1.00000 0.99686 0.95833 0.99846 0.87408 0.94872 0.89448 0.95875 0.99300 0.68481 0.06535 1.00000 0.90722 1.00000 1.00000 0.96838 0.97135
116.00000 133.00000 0.47609 0.83314 1.00000 0.62699 0.65577 0.62871 0.50446 0.50794 0.49686 0.45175 0.86299 0.59674 0.35897 0.65179 0.45203 0.99262 0.49210 0.35287 0.00000 0.61856 0.86469 1.00000 0.47259 0.48872
116.00000 134.00000 0.99991 0.99857 1.00000 0.00000 0.12548 0.25237 0.20665 0.00000 0.00125 0.00359 0.62711 0.27033 0.23077 0.46185 0.00291 0.99317 0.55791 0.40459 0.00000 0.26804 0.62791 1.00000 0.01480 0.01970
116.00000 135.00000 0.59516 0.73634 0.00000 0.23809 0.00744 0.03451 0.02873 0.29318 0.20891 0.08902 0.00120 0.02164 0.02564 0.03084 0.08651 0.00179 0.04672 0.93818 0.00000 0.03093 0.00000 0.00000 0.13993 0.14493
116.00000 136.00000 0.23805 0.29691 1.00000 0.59794 0.62980 0.66668 0.66218 0.61718 0.61355 0.59219 0.85234 0.64940 0.84615 0.73377 0.59140 0.99270 0.66708 0.14966 1.00000 0.67010 0.85412 1.00000 0.61823 0.61976
116.00000 137.00000 0.23817 0.29691 1.00000 0.59794 0.63475 0.66565 0.65330 0.61718 0.61355 0.59173 0.85236 0.64758 0.84615 0.71916 0.59280 0.99262 0.66615 0.15073 1.00000 0.67010 0.85412 1.00000 0.61924 0.62347
116.00000 138.00000 0.99976 0.99762 1.00000 0.00000 0.12447 0.26379 0.20560 0.00000 0.00125 0.00492 0.62707 0.27065 0.23077 0.46023 0.00430 0.99317 0.56210 0.39210 0.00000 0.28866 0.62791 1.00000 0.01312 0.01300
116.00000 139.00000 0.23819 0.29691 1.00000 0.59794 0.62649 0.65245 0.65435 0.61718 0.61418 0.59272 0.85251 0.65485 0.84615 0.73377 0.59321 0.99281 0.66886 0.14789 1.00000 0.67010 0.85412 1.00000 0.61722 0.62479
116.00000 140.00000 0.47628 0.83207 1.00000 0.62699 0.65724 0.62812 0.51944 0.50794 0.49686 0.45168 0.86304 0.60280 0.35897 0.65097 0.45163 0.99270 0.50263 0.35574 0.00000 0.62887 0.86469 1.00000 0.47931 0.48148
116.00000 141.00000 0.99996 0.99941 1.00000 0.00000 0.12153 0.28539 0.21756 0.00000 0.00125 0.00688 0.62722 0.27431 0.23077 0.45455 0.00411 0.99336 0.56140 0.40134 0.00000 0.27835 0.62791 1.00000 0.01648 0.01792
116.00000 142.00000 0.99997 0.99905 1.00000 0.00000 0.12594 0.27097 0.20740 0.00000 0.00125 0.00301 0.62711 0.27032 0.20513 0.45292 0.00266 0.99317 0.55469 0.41057 0.00000 0.27835 0.62791 1.00000 0.01715 0.01336
116.00000 143.00000 0.83326 0.99929 1.00000 0.06027 0.17753 0.30084 0.23209 0.14659 0.14429 0.13202 0.65026 0.29415 0.23077 0.44643 0.13019 0.99284 0.52254 0.38615 0.00000 0.30928 0.65116 1.00000 0.16347 0.15895
116.00000 144.00000 0.99981 0.99762 1.00000 0.00000 0.12860 0.27878 0.19693 0.00000 0.00125 0.00377 0.62700 0.27167 0.23077 0.44481 0.00374 0.99330 0.55222 0.40594 0.00000 0.27835 0.62791 1.00000 0.01312 0.01411
116.00000 145.00000 0.59526 0.73634 0.00000 0.23809 0.01285 0.02158 0.01472 0.29318 0.20891 0.08932 0.00118 0.01728 0.02564 0.02435 0.08654 0.00157 0.05300 0.93462 0.00000 0.04124 0.00000 0.00000 0.13555 0.14078
116.00000 146.00000 0.00003 0.00000 1.00000 1.00000 0.98137 0.90930 0.88500 1.00000 0.99686 0.95891 0.99859 0.87481 0.94872 0.88555 0.95941 0.99284 0.67177 0.08088 1.00000 0.90722 1.00000 1.00000 0.96872 0.96948
116.00000 147.00000 0.83330 0.99774 1.00000 0.06027 0.18129 0.31620 0.23084 0.14659 0.14366 0.13077 0.65007 0.29023 0.23077 0.44318 0.13151 0.99292 0.51492 0.38705 0.00000 0.30928 0.65116 1.00000 0.15203 0.15714
116.00000 148.00000 0.99987 0.99834 1.00000 0.00000 0.12915 0.28431 0.21208 0.00000 0.00125 0.00456 0.62722 0.26453 0.23077 0.46916 0.00305 0.99333 0.55219 0.41030 0.00000 0.26804 0.62791 1.00000 0.01547 0.02019
116.00000 149.00000 0.23802 0.29691 1.00000 0.59794 0.63292 0.67626 0.65162 0.61718 0.61355 0.59145 0.85244 0.64394 0.84615 0.72403 0.59209 0.99281 0.67656 0.13886 1.00000 0.68041 0.85412 1.00000 0.62126 0.62600
116.00000 150.00000 0.59525 0.73860 0.00000 0.23809 0.00597 0.03424 0.04323 0.29318 0.20891 0.08846 0.00124 0.01731 0.02564 0.04221 0.08769 0.00154 0.06031 0.92659 0.00000 0.05155 0.00000 0.00000 0.13253 0.14063
116.00000 151.00000 0.99995 0.99798 1.00000 0.00000 0.12594 0.28394 0.21026 0.00000 0.00125 0.00474 0.62722 0.26892 0.23077 0.46347 0.00442 0.99325 0.56407 0.39791 0.00000 0.26804 0.62791 1.00000 0.01615 0.01140
116.00000 152.00000 0.83327 0.99964 1.00000 0.06027 0.17716 0.32150 0.20204 0.14659 0.14429 0.13061 0.65017 0.29895 0.23077 0.44724 0.13175 0.99286 0.52293 0.37643 0.00000 0.30928 0.65116 1.00000 0.16280 0.15937
116.00000 153.00000 0.99989 0.99762 1.00000 0.00000 0.12328 0.28847 0.22294 0.00000 0.00063 0.00497 0.62715 0.26364 0.23077 0.44562 0.00298 0.99328 0.54770 0.41137 0.00000 0.26804 0.62791 1.00000 0.01144 0.01602
116.00000 154.00000 0.99994 0.99846 1.00000 0.00000 0.12374 0.28969 0.21773 0.00000 0.00125 0.00476 0.62726 0.26719 0.23077 0.44075 0.00452 0.99322 0.56284 0.39888 0.00000 0.26804 0.62791 1.00000 0.01514 0.02036
116.00000 155.00000 0.59527 0.73800 0.00000 0.23809 0.01074 0.03038 0.02678 0.29318 0.20891 0.08734 0.00127 0.01537 0.02564 0.02435 0.08600 0.00182 0.05456 0.92835 0.00000 0.04124 0.00000 0.00000 0.14564 0.13869
116.00000 156.00000 0.59523 0.73634 0.00000 0.23809 0.00780 0.02249 0.01292 0.29318 0.20891 0.08952 0.00116 0.01462 0.00000 0.03734 0.08810 0.00174 0.05939 0.93154 0.00000 0.03093 0.00000 0.00000 0.13656 0.13610
116.00000 157.00000 0.00003 0.00000 1.00000 1.00000 0.98054 0.92896 0.88815 1.00000 0.99749 0.95990 0.99859 0.87435 0.94872 0.89935 0.95965 0.99303 0.68803 0.08178 1.00000 0.90722 1.00000 1.00000 0.96737 0.97745
116.00000 158.00000 0.00006 0.00000 1.00000 1.00000 0.97531 0.92931 0.89463 1.00000 0.99749 0.96006 0.99873 0.87935 0.94872 0.89448 0.95968 0.99297 0.69553 0.07019 1.00000 0.90722 1.00000 1.00000 0.96939 0.97441
116.00000 159.00000 0.59509 0.73848 0.00000 0.23809 0.00413 0.02239 0.03989 0.29318 0.20828 0.08936 0.00112 0.01485 0.02564 0.03490 0.08654 0.00168 0.05290 0.92697 0.00000 0.04124 0.00000 0.00000 0.13623 0.13976
116.00000 160.00000 0.83330 0.99762 1.00000 0.06027 0.18175 0.29636 0.23379 0.14659 0.14429 0.13206 0.65015 0.29012 0.23077 0.45373 0.13217 0.99295 0.51487 0.38809 0.00000 0.31959 0.65116 1.00000 0.16011 0.16026
116.00000 161.00000 0.00007 0.00000 1.00000 1.00000 0.97641 0.92280 0.88582 1.00000 0.99749 0.95964 0.99861 0.88467 0.94872 0.90584 0.96087 0.99303 0.69647 0.07023 1.00000 0.91753 1.00000 1.00000 0.97006 0.97354
116.00000 162.00000 0.59531 0.73634 0.00000 0.23809 0.01147 0.02217 0.04227 0.29318 0.20828 0.08872 0.00112 0.01669 0.02564 0.03166 0.08600 0.00176 0.05701 0.92451 0.00000 0.03093 0.00000 0.00000 0.13993 0.13844
116.00000 163.00000 0.47611 0.83135 1.00000 0.62699 0.65330 0.64364 0.52074 0.50794 0.49686 0.45191 0.86308 0.60245 0.35897 0.64529 0.45251 0.99273 0.51078 0.35269 0.00000 0.62887 0.86469 1.00000 0.48470 0.47843
116.00000 164.00000 0.83314 0.99952 1.00000 0.06027 0.17927 0.31404 0.22637 0.14659 0.14366 0.13130 0.65015 0.29357 0.23077 0.46672 0.13173 0.99300 0.51632 0.38086 0.00000 0.31959 0.65116 1.00000 0.15876 0.15685
116.00000 165.00000 0.59512 0.73634 0.00000 0.23809 0.01046 0.03548 0.03735 0.29318 0.20828 0.08667 0.00122 0.01208 0.02564 0.02273 0.08527 0.00154 0.05463 0.93437 0.00000 0.05155 0.00000 0.00000 0.13454 0.13192
116.00000 166.00000 0.23819 0.29691 1.00000 0.59794 0.63007 0.67453 0.66504 0.61718 0.61355 0.59325 0.85244 0.64896 0.84615 0.72727 0.59429 0.99284 0.67961 0.15090 1.00000 0.68041 0.85412 1.00000 0.62496 0.62578
116.00000 167.00000 0.47612 0.83349 1.00000 0.62699 0.64953 0.63284 0.53376 0.50794 0.49686 0.45327 0.86318 0.59825 0.35897 0.64205 0.45298 0.99286 0.51821 0.34726 0.00000 0.63918 0.86469 1.00000 0.47931 0.48545
116.00000 168.00000 0.59528 0.73634 0.00000 0.23809 0.00487 0.02619 0.03831 0.29318 0.20891 0.08991 0.00124 0.01497 0.02564 0.03977 0.08647 0.00168 0.04889 0.92649 0.00000 0.03093 0.00000 0.00000 0.14026 0.13931
116.00000 169.00000 0.23807 0.29727 1.00000 0.59794 0.63246 0.67470 0.64698 0.61718 0.61355 0.59286 0.85251 0.64861 0.84615 0.73782 0.59314 0.99295 0.67783 0.14616 1.00000 0.68041 0.85412 1.00000 0.62664 0.62223
116.00000 170.00000 0.23819 0.29727 1.00000 0.59794 0.62869 0.69511 0.65664 0.61718 0.61418 0.59343 0.85257 0.65335 0.84615 0.74107 0.59294 0.99308 0.66175 0.15215 1.00000 0.67010 0.85412 1.00000 0.61991 0.62267
116.00000 171.00000 0.99985 0.99762 1.00000 0.00000 0.12640 0.28399 0.19392 0.00000 0.00125 0.00269 0.62738 0.26828 0.23077 0.45617 0.00235 0.99325 0.55933 0.41576 0.00000 0.26804 0.62791 1.00000 0.01615 0.01282
116.00000 172.00000 0.23815 0.29691 1.00000 0.59794 0.62980 0.67656 0.66886 0.61718 0.61355 0.59277 0.85249 0.64706 0.84615 0.73701 0.59299 0.99306 0.67233 0.14447 1.00000 0.68041 0.85412 1.00000 0.62328 0.62342
116.00000 173.00000 0.47611 0.83349 1.00000 0.62699 0.65642 0.63357 0.53414 0.50794 0.49686 0.45244 0.86304 0.60618 0.35897 0.64854 0.45229 0.99270 0.51196 0.33758 0.00000 0.62887 0.86469 1.00000 0.48739 0.48224
116.00000 174.00000 0.99985 0.99964 1.00000 0.00000 0.12713 0.29034 0.22616 0.00000 0.00125 0.00534 0.62728 0.26885 0.23077 0.45373 0.00481 0.99333 0.56068 0.39628 0.00000 0.27835 0.62791 1.00000 0.00942 0.01640
116.00000 175.00000 0.99991 0.99762 1.00000 0.00000 0.12649 0.26603 0.23348 0.00000 0.00125 0.00554 0.62728 0.26847 0.23077 0.47565 0.00362 0.99336 0.56357 0.39711 0.00000 0.26804 0.62791 1.00000 0.01413 0.01516
116.00000 176.00000 0.99983 0.99762 1.00000 0.00000 0.12824 0.27165 0.20348 0.00000 0.00125 0.00334 0.62713 0.27303 0.23077 0.44968 0.00415 0.99317 0.55991 0.40888 0.00000 0.26804 0.62791 1.00000 0.01312 0.01768
116.00000 177.00000 0.00002 0.00143 1.00000 1.00000 0.97861 0.92798 0.89346 1.00000 0.99686 0.96017 0.99865 0.87313 0.94872 0.89529 0.96112 0.99292 0.70770 0.07908 1.00000 0.91753 1.00000 1.00000 0.96737 0.96743
116.00000 178.00000 0.99976 0.99881 1.00000 0.00000 0.12236 0.26687 0.20663 0.00000 0.00125 0.00354 0.62722 0.26483 0.20513 0.46347 0.00379 0.99350 0.55897 0.40642 0.00000 0.27835 0.62791 1.00000 0.01648 0.01576
116.00000 179.00000 0.23804 0.29905 1.00000 0.59794 0.63512 0.67613 0.67059 0.61718 0.61355 0.59364 0.85253 0.65488 0.84615 0.73133 0.59492 0.99278 0.68382 0.13426 1.00000 0.67010 0.85412 1.00000 0.61991 0.63079
116.00000 180.00000 0.59510 0.73741 0.00000 0.23809 0.01001 0.02433 0.02918 0.29318 0.20891 0.08980 0.00127 0.01646 0.02564 0.03003 0.08666 0.00171 0.05672 0.92503 0.00000 0.03093 0.00000 0.00000 0.13690 0.13805
116.00000 181.00000 0.99993 0.99917 1.00000 0.00000 0.12438 0.28102 0.19596 0.00000 0.00125 0.00559 0.62722 0.26912 0.23077 0.46591 0.00364 0.99328 0.55844 0.38892 0.00000 0.27835 0.62791 1.00000 0.01345 0.01279
116.00000 182.00000 0.23823 0.29905 1.00000 0.59794 0.63319 0.67623 0.66283 0.61718 0.61355 0.59235 0.85242 0.65341 0.84615 0.73295 0.59397 0.99286 0.68262 0.14219 1.00000 0.65979 0.85412 1.00000 0.61789 0.62168
116.00000 183.00000 0.00006 0.00000 1.00000 1.00000 0.97769 0.91194 0.88149 1.00000 0.99686 0.96089 0.99857 0.88349 0.94872 0.90097 0.96014 0.99303 0.69171 0.08403 1.00000 0.89691 1.00000 1.00000 0.97208 0.98135
116.00000 184.00000 0.00003 0.00000 1.00000 1.00000 0.97999 0.90903 0.88524 1.00000 0.99686 0.96109 0.99867 0.87265 0.94872 0.89610 0.96056 0.99300 0.68293 0.07483 1.00000 0.92784 1.00000 1.00000 0.96704 0.97064
116.00000 185.00000 0.47617 0.83135 1.00000 0.62699 0.65605 0.63211 0.52547 0.50794 0.49686 0.45302 0.86323 0.59913 0.35897 0.65097 0.45467 0.99292 0.51302 0.36031 0.00000 0.64948 0.86469 1.00000 0.47561 0.48273
116.00000 186.00000 0.23803 0.29691 1.00000 0.59794 0.63218 0.69044 0.66398 0.61718 0.61355 0.59458 0.85263 0.65423 0.84615 0.74756 0.59529 0.99314 0.69067 0.14987 1.00000 0.68041 0.85412 1.00000 0.61991 0.62472
116.00000 187.00000 0.99997 0.99762 1.00000 0.00000 0.12805 0.28394 0.19817 0.00000 0.00125 0.00442 0.62728 0.27139 0.23077 0.46429 0.00484 0.99341 0.56003 0.39801 0.00000 0.26804 0.62791 1.00000 0.01345 0.01200
116.00000 188.00000 0.99978 0.99893 1.00000 0.00000 0.12493 0.27446 0.21674 0.00000 0.00125 0.00389 0.62726 0.26719 0.23077 0.46347 0.00398 0.99341 0.55777 0.39971 0.00000 0.25773 0.62791 1.00000 0.01144 0.01644
116.00000 189.00000 0.23804 0.29810 1.00000 0.59794 0.63521 0.69230 0.65940 0.61718 0.61355 0.59293 0.85249 0.65334 0.84615 0.72971 0.59275 0.99284 0.68394 0.14731 1.00000 0.69072 0.85412 1.00000 0.62328 0.61604
116.00000 190.00000 0.59515 0.73634 0.00000 0.23809 0.01239 0.04072 0.03106 0.29318 0.20828 0.08826 0.00129 0.02120 0.02564 0.01461 0.08898 0.00174 0.06800 0.92223 0.00000 0.03093 0.00000 0.00000 0.14295 0.13800
116.00000 191.00000 0.99978 0.99762 1.00000 0.00000 0.12447 0.27724 0.23264 0.00000 0.00125 0.00327 0.62713 0.26808 0.23077 0.47646 0.00472 0.99339 0.55424 0.40960 0.00000 0.27835 0.62791 1.00000 0.01379 0.01973
116.00000 192.00000 0.83321 0.99762 1.00000 0.06027 0.18276 0.31072 0.23363 0.14659 0.14366 0.13423 0.65038 0.29649 0.23077 0.46023 0.13324 0.99292 0.51413 0.38625 0.00000 0.31959 0.65116 1.00000 0.15742 0.16029
116.00000 193.00000 0.83333 0.99762 1.00000 0.06027 0.17615 0.31809 0.22118 0.14659 0.14366 0.13245 0.65022 0.29582 0.23077 0.44724 0.13351 0.99314 0.53591 0.37913 0.00000 0.31959 0.65116 1.00000 0.15977 0.16034
116.00000 194.00000 0.59510 0.73634 0.00000 0.23809 0.00872 0.05816 0.04768 0.29318 0.20828 0.08934 0.00137 0.02235 0.02564 0.04140 0.08761 0.00187 0.05939 0.92099 0.00000 0.04124 0.00000 0.00000 0.14060 0.13856
116.00000 195.00000 0.83336 0.99762 1.00000 0.06027 0.17790 0.31599 0.24525 0.14659 0.14366 0.13216 0.65026 0.29560 0.23077 0.43750 0.13092 0.99300 0.52298 0.38719 0.00000 0.29897 0.65116 1.00000 0.15405 0.16409
116.00000 196.00000 0.59530 0.73634 0.00000 0.23809 0.00863 0.03189 0.04006 0.29318 0.20891 0.09014 0.00127 0.01548 0.02564 0.04627 0.08705 0.00179 0.06807 0.92510 0.00000 0.03093 0.00000 0.00000 0.14329 0.14250
116.00000 197.00000 0.99991 0.99846 1.00000 0.00000 0.12383 0.28839 0.20442 0.00000 0.00125 0.00380 0.62713 0.26913 0.23077 0.45617 0.00484 0.99347 0.57398 0.39390 0.00000 0.26804 0.62791 1.00000 0.01816 0.01397
116.00000 198.00000 0.59522 0.73634 0.00000 0.23809 0.00606 0.04909 0.04338 0.29318 0.20828 0.09164 0.00118 0.01797 0.02564 0.03734 0.08686 0.00176 0.05093 0.91960 0.00000 0.03093 0.00000 0.00000 0.13791 0.13959
116.00000 199.00000 0.99994 0.99857 1.00000 0.00000 0.12548 0.27189 0.20877 0.00000 0.00125 0.00499 0.62726 0.27561 0.23077 0.46266 0.00252 0.99339 0.58434 0.38220 0.00000 0.28866 0.62791 1.00000 0.01682 0.01039
116.00000 200.00000 1.00000 0.99964 1.00000 0.00000 0.12658 0.29185 0.22282 0.00000 0.00125 0.00665 0.62728 0.27348 0.23077 0.48133 0.00423 0.99336 0.55635 0.39144 0.00000 0.27835 0.62791 1.00000 0.01581 0.01296
116.00000 201.00000 0.00002 0.00000 1.00000 1.00000 0.98026 0.90808 0.89826 1.00000 0.99686 0.96201 0.99859 0.87747 0.94872 0.90260 0.96119 0.99308 0.69911 0.06369 1.00000 0.90722 1.00000 1.00000 0.97343 0.97987
116.00000 202.00000 0.23816 0.29691 1.00000 0.59794 0.63347 0.67602 0.66002 0.61718 0.61355 0.59615 0.85257 0.65622 0.84615 0.74432 0.59529 0.99303 0.68716 0.14627 1.00000 0.67010 0.85412 1.00000 0.62630 0.61758
116.00000 203.00000 0.99982 0.99846 1.00000 0.00000 0.12374 0.28367 0.22325 0.00000 0.00125 0.00318 0.62728 0.27101 0.23077 0.46510 0.00474 0.99330 0.56599 0.40594 0.00000 0.28866 0.62791 1.00000 0.02321 0.01825
116.00000 204.00000 0.47618 0.83195 1.00000 0.62699 0.65063 0.63495 0.51798 0.50794 0.49686 0.45428 0.86320 0.60667 0.35897 0.64854 0.45308 0.99297 0.51550 0.34443 0.00000 0.65979 0.86469 1.00000 0.47830 0.48007
116.00000 205.00000 0.00004 0.00000 1.00000 1.00000 0.97742 0.90341 0.89912 1.00000 0.99686 0.96190 0.99861 0.88407 0.94872 0.89773 0.96153 0.99314 0.70332 0.06891 1.00000 0.92784 1.00000 1.00000 0.96670 0.97196
116.00000 206.00000 0.47611 0.83135 1.00000 0.62699 0.65210 0.65131 0.51096 0.50794 0.49686 0.45408 0.86318 0.60736 0.35897 0.64935 0.45425 0.99295 0.52742 0.33720 0.00000 0.63918 0.86469 1.00000 0.48537 0.48114
116.00000 207.00000 0.83331 0.99762 1.00000 0.06027 0.18239 0.31299 0.23072 0.14659 0.14366 0.13241 0.65036 0.30011 0.23077 0.42857 0.13273 0.99303 0.53118 0.39082 0.00000 0.30928 0.65116 1.00000 0.15977 0.15674
116.00000 208.00000 0.23801 0.29822 1.00000 0.59794 0.63292 0.67208 0.67595 0.61718 0.61355 0.59343 0.85259 0.65617 0.84615 0.72321 0.59477 0.99303 0.67997 0.14903 1.00000 0.65979 0.85412 1.00000 0.62025 0.61829
116.00000 209.00000 0.83318 0.99762 1.00000 0.06027 0.18533 0.31901 0.22164 0.14659 0.14366 0.13245 0.65034 0.30093 0.23077 0.44805 0.13295 0.99303 0.52901 0.37719 0.00000 0.31959 0.65116 1.00000 0.16515 0.15628
116.00000 210.00000 0.23812 0.29691 1.00000 0.59794 0.63328 0.68047 0.66812 0.61718 0.61355 0.59470 0.85246 0.65316 0.84615 0.73701 0.59451 0.99292 0.68319 0.13437 1.00000 0.68041 0.85412 1.00000 0.61991 0.62601
116.00000 211.00000 0.00007 0.00000 1.00000 1.00000 0.97880 0.91937 0.88620 1.00000 0.99686 0.96201 0.99857 0.87956 0.94872 0.90422 0.96258 0.99328 0.71157 0.06075 1.00000 0.91753 1.00000 1.00000 0.97208 0.97449
116.00000 212.00000 0.00006 0.00000 1.00000 1.00000 0.98238 0.91300 0.89891 1.00000 0.99686 0.96448 0.99863 0.88624 0.94872 0.91153 0.96271 0.99325 0.70772 0.06673 1.00000 0.92784 1.00000 1.00000 0.97477 0.97186
116.00000 213.00000 0.23816 0.29810 1.00000 0.59794 0.62768 0.70602 0.66965 0.61718 0.61355 0.59555 0.85268 0.65608 0.84615 0.73133 0.59590 0.99311 0.68230 0.14250 1.00000 0.67010 0.85412 1.00000 0.61823 0.61954
116.00000 214.00000 0.83328 0.99881 1.00000 0.06027 0.17836 0.32252 0.22969 0.14659 0.14366 0.13181 0.65024 0.29709 0.23077 0.45130 0.13288 0.99319 0.53598 0.39103 0.00000 0.31959 0.65116 1.00000 0.16213 0.16235
116.00000 215.00000 0.59519 0.73741 0.00000 0.23809 0.00569 0.03756 0.04542 0.29318 0.20891 0.08814 0.00133 0.01767 0.02564 0.03896 0.08737 0.00187 0.05858 0.91531 0.00000 0.06186 0.00000 0.00000 0.13286 0.14453
116.00000 216.00000 0.59508 0.73658 0.00000 0.23809 0.00753 0.02900 0.04729 0.29318 0.20828 0.08961 0.00137 0.01680 0.02564 0.03003 0.08651 0.00174 0.05329 0.90981 0.00000 0.04124 0.00000 0.00000 0.13757 0.14108
116.00000 217.00000 0.47615 0.83135 1.00000 0.62699 0.65146 0.63398 0.51879 0.50794 0.49686 0.45550 0.86327 0.61314 0.35897 0.65097 0.45503 0.99292 0.52372 0.34619 0.00000 0.62887 0.86469 1.00000 0.47965 0.48622
116.00000 218.00000 0.99993 0.99762 1.00000 0.00000 0.12319 0.28718 0.21211 0.00000 0.00063 0.00387 0.62726 0.27600 0.23077 0.46347 0.00371 0.99350 0.55666 0.38992 0.00000 0.27835 0.62791 1.00000 0.01379 0.01677
116.00000 219.00000 0.99996 0.99952 1.00000 0.00000 0.12888 0.28477 0.21962 0.00000 0.00125 0.00557 0.62732 0.27354 0.23077 0.46591 0.00435 0.99344 0.56970 0.40656 0.00000 0.27835 0.62791 1.00000 0.01278 0.01248
116.00000 220.00000 0.99982 0.99762 1.00000 0.00000 0.12466 0.29684 0.23024 0.00000 0.00125 0.00453 0.62738 0.27720 0.23077 0.45049 0.00633 0.99341 0.58470 0.40040 0.00000 0.27835 0.62791 1.00000 0.01917 0.01604
116.00000 221.00000 0.47617 0.83207 1.00000 0.62699 0.65743 0.64172 0.52213 0.50794 0.49624 0.45428 0.86312 0.60273 0.35897 0.64286 0.45305 0.99286 0.52759 0.33104 0.00000 0.61856 0.86469 1.00000 0.47696 0.48317
116.00000 222.00000 0.23808 0.29691 1.00000 0.59794 0.63283 0.67810 0.66562 0.61718 0.61355 0.59734 0.85253 0.66189 0.84615 0.74513 0.59512 0.99314 0.69151 0.13983 1.00000 0.68041 0.85412 1.00000 0.62260 0.63313
116.00000 223.00000 0.99991 0.99762 1.00000 0.00000 0.12814 0.29228 0.22354 0.00000 0.00125 0.00469 0.62719 0.28060 0.23077 0.47321 0.00518 0.99352 0.57417 0.38009 0.00000 0.28866 0.62791 1.00000 0.01648 0.01619
116.00000 224.00000 0.59508 0.73812 0.00000 0.23809 0.00688 0.03918 0.03175 0.29318 0.20828 0.09028 0.00122 0.02282 0.02564 0.04383 0.08744 0.00196 0.06372 0.91829 0.00000 0.06186 0.00000 0.00000 0.14161 0.14177
116.00000 225.00000 0.59525 0.73634 0.00000 0.23809 0.00587 0.03972 0.03288 0.29318 0.20828 0.08984 0.00141 0.01797 0.02564 0.02922 0.08732 0.00196 0.06351 0.92700 0.00000 0.05155 0.00000 0.00000 0.13959 0.13945
116.00000 226.00000 0.99996 0.99762 1.00000 0.00000 0.12612 0.30989 0.23334 0.00000 0.00125 0.00709 0.62741 0.27752 0.23077 0.45292 0.00540 0.99358 0.57934 0.39234 0.00000 0.27835 0.62791 1.00000 0.01446 0.01586
116.00000 227.00000 0.59508 0.73634 0.00000 0.23809 0.01083 0.03653 0.02116 0.29318 0.20828 0.09106 0.00141 0.02251 0.02564 0.02679 0.08891 0.00187 0.06358 0.91272 0.00000 0.04124 0.00000 0.00000 0.14060 0.14539
116.00000 228.00000 0.99985 0.99798 1.00000 0.00000 0.12897 0.25407 0.23351 0.00000 0.00063 0.00508 0.62722 0.28077 0.23077 0.46510 0.00320 0.99350 0.57338 0.40237 0.00000 0.25773 0.62791 1.00000 0.01682 0.01197
116.00000 229.00000 0.83319 0.99941 1.00000 0.06027 0.18184 0.31769 0.23850 0.14659 0.14366 0.13319 0.65036 0.29927 0.23077 0.46591 0.13327 0.99339 0.53738 0.38874 0.00000 0.30928 0.65116 1.00000 0.16011 0.15802
116.00000 230.00000 0.23823 0.29857 1.00000 0.59794 0.63062 0.66711 0.67695 0.61718 0.61355 0.59601 0.85257 0.66146 0.84615 0.75406 0.59553 0.99308 0.70541 0.14917 1.00000 0.68041 0.85412 1.00000 0.62059 0.62176
116.00000 231.00000 0.99990 0.99762 1.00000 0.00000 0.12466 0.27303 0.22817 0.00000 0.00125 0.00495 0.62732 0.27770 0.23077 0.48458 0.00552 0.99352 0.59081 0.39535 0.00000 0.28866 0.62791 1.00000 0.01480 0.01676
116.00000 232.00000 0.23806 0.29774 1.00000 0.59794 0.63402 0.67235 0.66744 0.61718 0.61355 0.59468 0.85272 0.66652 0.84615 0.73214 0.59602 0.99322 0.68324 0.14295 1.00000 0.68041 0.85412 1.00000 0.62832 0.62546
116.00000 233.00000 0.47615 0.83135 1.00000 0.62699 0.65421 0.63406 0.52170 0.50794 0.49624 0.45495 0.86329 0.60566 0.38462 0.65584 0.45547 0.99311 0.51254 0.34495 0.00000 0.63918 0.86469 1.00000 0.48570 0.48838
116.00000 234.00000 0.99980 0.99762 1.00000 0.00000 0.12768 0.28961 0.25152 0.00000 0.00125 0.00421 0.62730 0.27294 0.23077 0.46753 0.00447 0.99352 0.57826 0.39303 0.00000 0.28866 0.62791 1.00000 0.01278 0.02015
116.00000 235.00000 0.00005 0.00143 1.00000 1.00000 0.98247 0.92058 0.89336 1.00000 0.99686 0.96413 0.99863 0.88279 0.94872 0.91558 0.96473 0.99319 0.71306 0.07666 1.00000 0.92784 1.00000 1.00000 0.97948 0.98225
116.00000 236.00000 0.23807 0.29774 1.00000 0.59794 0.63319 0.68226 0.65361 0.61718 0.61355 0.59532 0.85265 0.66077 0.84615 0.74188 0.59658 0.99317 0.70914 0.13440 1.00000 0.67010 0.85412 1.00000 0.62328 0.62545
116.00000 237.00000 0.99979 0.99762 1.00000 0.00000 0.12612 0.28310 0.20382 0.00000 0.00063 0.00428 0.62747 0.27867 0.23077 0.47890 0.00525 0.99352 0.58049 0.39590 0.00000 0.28866 0.62791 1.00000 0.00841 0.00851
116.00000 238.00000 0.47624 0.83278 1.00000 0.62699 0.65972 0.64100 0.52211 0.50794 0.49686 0.45560 0.86329 0.60545 0.35897 0.66071 0.45440 0.99325 0.52622 0.35093 0.00000 0.63918 0.86469 1.00000 0.48369 0.48404
116.00000 239.00000 0.99992 0.99762 1.00000 0.00000 0.12897 0.29131 0.21991 0.00000 0.00125 0.00318 0.62749 0.28016 0.23077 0.46185 0.00540 0.99352 0.57383 0.38006 0.00000 0.29897 0.62791 1.00000 0.01245 0.01958
116.00000 240.00000 0.99990 0.99846 1.00000 0.00000 0.12291 0.28782 0.22630 0.00000 0.00125 0.00686 0.62732 0.28311 0.23077 0.47321 0.00552 0.99352 0.57792 0.38663 0.00000 0.28866 0.62791 1.00000 0.01211 0.01545
116.00000 241.00000 0.99998 0.99857 1.00000 0.00000 0.12190 0.29096 0.22140 0.00000 0.00125 0.00670 0.62734 0.28287 0.23077 0.47484 0.00596 0.99358 0.58949 0.39404 0.00000 0.29897 0.62791 1.00000 0.01917 0.01539
116.00000 242.00000 0.47615 0.83254 1.00000 0.62699 0.65568 0.63684 0.53902 0.50794 0.49624 0.45661 0.86325 0.61368 0.38462 0.66396 0.45508 0.99314 0.51922 0.33522 0.00000 0.64948 0.86469 1.00000 0.48402 0.48375
116.00000 243.00000 0.23815 0.29762 1.00000 0.59794 0.63540 0.69187 0.67885 0.61718 0.61355 0.59649 0.85276 0.66314 0.84615 0.74675 0.59734 0.99330 0.68464 0.14232 1.00000 0.71134 0.85412 1.00000 0.61655 0.61891
116.00000 244.00000 0.83325 0.99941 1.00000 0.06027 0.18689 0.32574 0.25056 0.14659 0.14366 0.13453 0.65051 0.30462 0.23077 0.44805 0.13508 0.99352 0.54885 0.38646 0.00000 0.32990 0.65116 1.00000 0.15506 0.16289
116.00000 245.00000 0.99981 0.99762 1.00000 0.00000 0.12897 0.26971 0.22954 0.00000 0.00063 0.00626 0.62747 0.28219 0.23077 0.47403 0.00518 0.99358 0.59466 0.39130 0.00000 0.29897 0.62791 1.00000 0.01345 0.01245
116.00000 246.00000 0.00003 0.00000 1.00000 1.00000 0.98201 0.93673 0.91613 1.00000 0.99686 0.96503 0.99876 0.88416 0.94872 0.92208 0.96535 0.99347 0.71703 0.07210 1.00000 0.91753 1.00000 1.00000 0.97343 0.97682
116.00000 247.00000 0.99990 0.99762 1.00000 0.00000 0.12796 0.27794 0.21604 0.00000 0.00063 0.00536 0.62755 0.28573 0.23077 0.47727 0.00508 0.99361 0.58136 0.39857 0.00000 0.27835 0.62791 1.00000 0.01783 0.01481
116.00000 248.00000 0.83313 0.99905 1.00000 0.06027 0.18386 0.34102 0.23259 0.14659 0.14366 0.13466 0.65043 0.30295 0.23077 0.46834 0.13429 0.99352 0.55063 0.37515 0.00000 0.32990 0.65116 1.00000 0.15977 0.16035
116.00000 249.00000 0.59514 0.73634 0.00000 0.23809 0.01138 0.05946 0.03447 0.29318 0.20828 0.08964 0.00150 0.02389 0.02564 0.03490 0.08991 0.00198 0.07050 0.90753 0.00000 0.03093 0.00000 0.00000 0.14094 0.13623
116.00000 250.00000 0.59527 0.73634 0.00000 0.23809 0.00854 0.03497 0.03471 0.29318 0.20828 0.08994 0.00156 0.02242 0.02564 0.04464 0.08923 0.00204 0.06401 0.91621 0.00000 0.03093 0.00000 0.00000 0.13522 0.14178
116.00000 251.00000 0.00002 0.00000 1.00000 1.00000 0.98467 0.93725 0.90328 1.00000 0.99686 0.96648 0.99876 0.89782 0.94872 0.89367 0.96669 0.99339 0.71414 0.06618 1.00000 0.94845 1.00000 1.00000 0.97242 0.97482
116.00000 252.00000 0.59517 0.73705 0.00000 0.23809 0.00927 0.04374 0.03358 0.29318 0.20828 0.09157 0.00150 0.02467 0.02564 0.03896 0.09038 0.00204 0.07089 0.91151 0.00000 0.04124 0.00000 0.00000 0.14161 0.13830
116.00000 253.00000 0.23815 0.29846 1.00000 0.59794 0.63494 0.70197 0.66958 0.61718 0.61355 0.59741 0.85282 0.65715 0.84615 0.75325 0.59700 0.99336 0.70666 0.14571 1.00000 0.65979 0.85412 1.00000 0.62059 0.62505
116.00000 254.00000 0.83332 0.99762 1.00000 0.06027 0.18561 0.32034 0.26134 0.14659 0.14366 0.13432 0.65062 0.30497 0.23077 0.45779 0.13368 0.99355 0.54409 0.38840 0.00000 0.32990 0.65116 1.00000 0.16078 0.16605
116.00000 255.00000 0.99979 0.99762 1.00000 0.00000 0.12833 0.29263 0.22767 0.00000 0.00063 0.00693 0.62751 0.28128 0.23077 0.47484 0.00638 0.99355 0.58557 0.38822 0.00000 0.29897 0.62791 1.00000 0.01648 0.01261
116.00000 256.00000 0.47617 0.83337 1.00000 0.62699 0.66018 0.64021 0.52737 0.50794 0.49624 0.45806 0.86342 0.60765 0.38462 0.67695 0.45716 0.99325 0.52562 0.34017 0.00000 0.64948 0.86469 1.00000 0.49277 0.49096
116.00000 257.00000 0.47623 0.83325 1.00000 0.62699 0.65550 0.63354 0.52734 0.50794 0.49686 0.45838 0.86354 0.60906 0.38462 0.66477 0.45748 0.99330 0.54334 0.33093 0.00000 0.62887 0.86469 1.00000 0.48772 0.48948
116.00000 258.00000 0.59511 0.73765 0.00000 0.23809 0.01230 0.04753 0.04412 0.29318 0.20828 0.09056 0.00143 0.02109 0.02564 0.03734 0.08796 0.00207 0.07425 0.92171 0.00000 0.05155 0.00000 0.00000 0.13555 0.14487
116.00000 259.00000 0.23807 0.29762 1.00000 0.59794 0.62952 0.69654 0.66300 0.61718 0.61355 0.59776 0.85280 0.65588 0.84615 0.74513 0.59776 0.99347 0.72547 0.12413 1.00000 0.69072 0.85412 1.00000 0.62260 0.62405
116.00000 260.00000 0.00005 0.00036 1.00000 1.00000 0.98348 0.93541 0.91056 1.00000 0.99686 0.96767 0.99882 0.89367 0.94872 0.91234 0.96901 0.99328 0.73415 0.05943 1.00000 0.93814 1.00000 1.00000 0.97410 0.97500
116.00000 261.00000 0.00001 0.00000 1.00000 1.00000 0.98283 0.93490 0.92036 1.00000 0.99749 0.96818 0.99888 0.89894 0.94872 0.91802 0.96945 0.99336 0.73049 0.05490 1.00000 0.92784 1.00000 1.00000 0.97477 0.98116
116.00000 262.00000 0.83328 0.99762 1.00000 0.06027 0.18469 0.31661 0.26487 0.14659 0.14366 0.13568 0.65066 0.31122 0.25641 0.47159 0.13454 0.99358 0.55402 0.37172 0.00000 0.32990 0.65116 1.00000 0.16044 0.15948
116.00000 263.00000 0.47626 0.83135 1.00000 0.62699 0.66247 0.66317 0.53700 0.50794 0.49686 0.45884 0.86367 0.61454 0.38462 0.68912 0.45872 0.99339 0.54067 0.32609 0.00000 0.64948 0.86469 1.00000 0.48234 0.48015
116.00000 264.00000 0.59523 0.73634 0.00000 0.23809 0.00900 0.03572 0.05159 0.29318 0.20828 0.09122 0.00156 0.01978 0.02564 0.04383 0.08852 0.00215 0.08996 0.90936 0.00000 0.05155 0.00000 0.00000 0.13858 0.14061
116.00000 265.00000 0.00007 0.00000 1.00000 1.00000 0.98568 0.93249 0.89939 1.00000 0.99686 0.96889 0.99888 0.89542 0.94872 0.92614 0.96955 0.99311 0.71835 0.06621 1.00000 0.92784 1.00000 1.00000 0.97578 0.97869
116.00000 266.00000 0.23804 0.29691 1.00000 0.59794 0.63475 0.70742 0.68618 0.61718 0.61355 0.59907 0.85291 0.66354 0.84615 0.75487 0.59922 0.99352 0.71532 0.12202 1.00000 0.70103 0.85412 1.00000 0.63068 0.62584
116.00000 267.00000 0.99983 0.99762 1.00000 0.00000 0.12668 0.30138 0.24323 0.00000 0.00063 0.00541 0.62757 0.28596 0.23077 0.47808 0.00611 0.99388 0.59865 0.37954 0.00000 0.29897 0.62791 1.00000 0.01278 0.01533
116.00000 268.00000 0.00005 0.00024 1.00000 1.00000 0.98651 0.95237 0.91870 1.00000 0.99749 0.96912 0.99890 0.89505 0.94872 0.93101 0.97094 0.99347 0.72919 0.05764 1.00000 0.94845 1.00000 1.00000 0.97713 0.98628
116.00000 269.00000 0.83335 0.99917 1.00000 0.06027 0.18212 0.32077 0.24073 0.14659 0.14366 0.13526 0.65072 0.30916 0.25641 0.47646 0.13617 0.99366 0.54984 0.36819 0.00000 0.31959 0.65116 1.00000 0.16313 0.16044
116.00000 270.00000 0.47606 0.83135 1.00000 0.62699 0.65440 0.63948 0.53277 0.50794 0.49624 0.45849 0.86358 0.61872 0.38462 0.65341 0.45838 0.99344 0.53950 0.32675 0.00000 0.63918 0.86469 1.00000 0.48638 0.48617
116.00000 271.00000 0.99998 0.99762 1.00000 0.00000 0.13035 0.29614 0.23420 0.00000 0.00063 0.00594 0.62762 0.28830 0.23077 0.46591 0.00552 0.99377 0.58631 0.38445 0.00000 0.28866 0.62791 1.00000 0.01076 0.01926
116.00000 272.00000 0.47622 0.83135 1.00000 0.62699 0.66018 0.64478 0.53527 0.50794 0.49624 0.45843 0.86352 0.61525 0.38462 0.67857 0.45804 0.99355 0.54380 0.33498 0.00000 0.63918 0.86469 1.00000 0.48604 0.48495
116.00000 273.00000 0.47623 0.83135 1.00000 0.62699 0.65917 0.63746 0.51976 0.50794 0.49624 0.45794 0.86365 0.62009 0.38462 0.65909 0.45840 0.99361 0.55342 0.32865 0.00000 0.63918 0.86469 1.00000 0.48840 0.48698
116.00000 274.00000 0.59517 0.73634 0.00000 0.23809 0.01028 0.03510 0.03454 0.29318 0.20828 0.09309 0.00160 0.02932 0.02564 0.04951 0.08950 0.00229 0.08176 0.90521 0.00000 0.05155 0.00000 0.00000 0.14161 0.14390
116.00000 275.00000 0.83335 0.99941 1.00000 0.06027 0.18102 0.34639 0.25455 0.14659 0.14366 0.13595 0.65076 0.31207 0.25641 0.48052 0.13593 0.99383 0.55977 0.36134 0.00000 0.32990 0.65116 1.00000 0.16011 0.16125
116.00000 276.00000 0.23809 0.29691 1.00000 0.59794 0.63540 0.69967 0.67530 0.61718 0.61355 0.59914 0.85303 0.66990 0.84615 0.74919 0.60066 0.99369 0.70977 0.13686 1.00000 0.68041 0.85412 1.00000 0.62765 0.62625
116.00000 277.00000 0.99985 0.99762 1.00000 0.00000 0.12961 0.28353 0.25505 0.00000 0.00125 0.00525 0.62764 0.28618 0.25641 0.49188 0.00633 0.99375 0.62137 0.37881 0.00000 0.29897 0.62791 1.00000 0.02186 0.01825
116.00000 278.00000 0.99983 0.99762 1.00000 0.00000 0.12768 0.28680 0.24194 0.00000 0.00125 0.00819 0.62757 0.29063 0.25641 0.47078 0.00682 0.99397 0.61772 0.36771 0.00000 0.27835 0.62791 1.00000 0.01413 0.02362
116.00000 279.00000 1.00000 0.99762 1.00000 0.00000 0.13200 0.30195 0.22289 0.00000 0.00063 0.00732 0.62776 0.28189 0.25641 0.48782 0.00784 0.99383 0.60355 0.37425 0.00000 0.27835 0.62791 1.00000 0.02590 0.01946
116.00000 280.00000 0.99995 0.99774 1.00000 0.00000 0.12181 0.31942 0.23408 0.00000 0.00063 0.00773 0.62770 0.29081 0.25641 0.47971 0.00692 0.99394 0.60334 0.38663 0.00000 0.29897 0.62791 1.00000 0.01514 0.01567
116.00000 281.00000 0.83319 0.99798 1.00000 0.06027 0.18359 0.33802 0.24953 0.14659 0.14366 0.13844 0.65081 0.31281 0.25641 0.46753 0.13551 0.99391 0.56741 0.36785 0.00000 0.32990 0.65116 1.00000 0.16179 0.16072
116.00000 282.00000 0.99995 0.99857 1.00000 0.00000 0.12732 0.28726 0.23646 0.00000 0.00125 0.00699 0.62762 0.28979 0.25641 0.49026 0.00789 0.99391 0.62479 0.37023 0.00000 0.28866 0.62791 1.00000 0.01110 0.01187
116.00000 283.00000 0.23808 0.29691 1.00000 0.59794 0.63723 0.69114 0.67357 0.61718 0.61355 0.60139 0.85310 0.67078 0.84615 0.76542 0.60108 0.99363 0.72148 0.13125 1.00000 0.69072 0.85412 1.00000 0.62731 0.62660
116.00000 284.00000 0.23802 0.29691 1.00000 0.59794 0.64127 0.68812 0.68260 0.61718 0.61355 0.60121 0.85312 0.66894 0.84615 0.74351 0.60252 0.99363 0.72429 0.13098 1.00000 0.70103 0.85412 1.00000 0.63000 0.63160
116.00000 285.00000 0.23802 0.29881 1.00000 0.59794 0.63338 0.70572 0.67302 0.61718 0.61355 0.60156 0.85308 0.67043 0.84615 0.75893 0.60145 0.99366 0.72960 0.11786 1.00000 0.67010 0.85412 1.00000 0.63068 0.63007
116.00000 286.00000 0.99983 0.99774 1.00000 0.00000 0.12778 0.30449 0.25827 0.00000 0.00063 0.00814 0.62772 0.29073 0.25641 0.48701 0.00714 0.99408 0.61993 0.38034 0.00000 0.29897 0.62791 1.00000 0.01884 0.01576
116.00000 287.00000 0.83329 0.99762 1.00000 0.06027 0.18671 0.31931 0.27386 0.14659 0.14366 0.13770 0.65091 0.31331 0.25641 0.48539 0.13625 0.99410 0.57006 0.35442 0.00000 0.34021 0.65116 1.00000 0.16179 0.15900
116.00000 288.00000 0.99983 0.99762 1.00000 0.00000 0.12732 0.27994 0.25390 0.00000 0.00125 0.00782 0.62766 0.29284 0.25641 0.48701 0.00828 0.99397 0.62750 0.36802 0.00000 0.29897 0.62791 1.00000 0.01547 0.01867
116.00000 289.00000 0.99984 0.99881 1.00000 0.00000 0.12879 0.28348 0.25908 0.00000 0.00063 0.00969 0.62766 0.28628 0.25641 0.47890 0.00777 0.99391 0.61767 0.37584 0.00000 0.26804 0.62791 1.00000 0.01043 0.01345
116.00000 290.00000 0.00006 0.00154 1.00000 1.00000 0.98054 0.93382 0.90071 1.00000 0.99686 0.97329 0.99901 0.90506 0.94872 0.92695 0.97378 0.99347 0.75887 0.05632 1.00000 0.94845 1.00000 1.00000 0.97881 0.97660
116.00000 291.00000 0.99980 0.99762 1.00000 0.00000 0.12915 0.30119 0.25029 0.00000 0.00063 0.00890 0.62770 0.29232 0.25641 0.49351 0.00748 0.99388 0.62570 0.38117 0.00000 0.29897 0.62791 1.00000 0.01850 0.01739
116.00000 292.00000 0.00002 0.00083 1.00000 1.00000 0.98164 0.94351 0.93674 1.00000 0.99686 0.97343 0.99918 0.90708 0.97436 0.94481 0.97705 0.99363 0.74458 0.04933 1.00000 0.93814 1.00000 1.00000 0.98587 0.98482
116.00000 293.00000 0.47617 0.83183 1.00000 0.62699 0.66055 0.65717 0.54392 0.50794 0.49686 0.46303 0.86386 0.62444 0.38462 0.66153 0.46236 0.99388 0.56340 0.30828 0.00000 0.64948 0.86469 1.00000 0.48537 0.48267
116.00000 294.00000 0.00007 0.00083 1.00000 1.00000 0.98724 0.94937 0.91406 1.00000 0.99686 0.97435 0.99903 0.90537 0.97436 0.93831 0.97605 0.99369 0.75192 0.05871 1.00000 0.94845 1.00000 1.00000 0.97847 0.98264
116.00000 295.00000 0.47626 0.83135 1.00000 0.62699 0.65935 0.65509 0.53782 0.50794 0.49624 0.46478 0.86390 0.63047 0.38462 0.67695 0.46217 0.99399 0.57292 0.31333 0.00000 0.65979 0.86469 1.00000 0.49142 0.48560
116.00000 296.00000 0.47614 0.83183 1.00000 0.62699 0.65770 0.66757 0.53859 0.50794 0.49624 0.46245 0.86401 0.62993 0.38462 0.68263 0.46251 0.99386 0.55904 0.31983 0.00000 0.64948 0.86469 1.00000 0.48974 0.48971
116.00000 297.00000 0.83330 0.99917 1.00000 0.06027 0.18662 0.33041 0.26245 0.14659 0.14366 0.13986 0.65108 0.31493 0.25641 0.46753 0.13705 0.99405 0.57386 0.35671 0.00000 0.35052 0.65116 1.00000 0.16549 0.15976
116.00000 298.00000 0.47615 0.83266 1.00000 0.62699 0.65651 0.64518 0.55252 0.50794 0.49624 0.46379 0.86388 0.62837 0.38462 0.67532 0.46239 0.99394 0.56111 0.31101 0.00000 0.65979 0.86469 1.00000 0.48840 0.49048
116.00000 299.00000 0.59509 0.73800 0.00000 0.23809 0.01065 0.05525 0.06504 0.29318 0.20828 0.09419 0.00184 0.02522 0.02564 0.05032 0.09262 0.00253 0.09306 0.88836 0.00000 0.05155 0.00000 0.00000 0.14295 0.13564
116.00000 300.00000 0.83319 0.99857 1.00000 0.06027 0.18643 0.33651 0.26026 0.14659 0.14366 0.13917 0.65119 0.32088 0.25641 0.49594 0.13657 0.99424 0.59502 0.34467 0.00000 0.34021 0.65116 1.00000 0.16448 0.16664
116.00000 301.00000 0.99999 0.99857 1.00000 0.00000 0.13402 0.30311 0.24318 0.00000 0.00063 0.00642 0.62779 0.30068 0.25641 0.48782 0.00934 0.99421 0.62962 0.37740 0.00000 0.29897 0.62791 1.00000 0.01480 0.02029
116.00000 302.00000 0.99977 0.99762 1.00000 0.00000 0.12447 0.30794 0.23901 0.00000 0.00063 0.00982 0.62774 0.29485 0.25641 0.48214 0.00811 0.99416 0.63118 0.36252 0.00000 0.31959 0.62791 1.00000 0.01547 0.01465
116.00000 303.00000 0.99980 0.99762 1.00000 0.00000 0.12943 0.30268 0.24148 0.00000 0.00063 0.00791 0.62766 0.29511 0.25641 0.51218 0.00836 0.99408 0.63633 0.36435 0.00000 0.29897 0.62791 1.00000 0.01581 0.01909
116.00000 304.00000 0.59516 0.73634 0.00000 0.23809 0.01037 0.03918 0.06442 0.29318 0.20828 0.09256 0.00198 0.03549 0.02564 0.05357 0.09336 0.00256 0.09616 0.88034 0.00000 0.04124 0.00000 0.00000 0.14396 0.14045
116.00000 305.00000 0.47616 0.83135 1.00000 0.62699 0.65513 0.67056 0.53630 0.50794 0.49686 0.46438 0.86413 0.63913 0.38462 0.69399 0.46366 0.99419 0.58761 0.31907 0.00000 0.64948 0.86469 1.00000 0.49075 0.49298
116.00000 306.00000 0.99982 0.99893 1.00000 0.00000 0.12567 0.31332 0.24040 0.00000 0.00063 0.00936 0.62787 0.30148 0.25641 0.49432 0.01066 0.99424 0.65597 0.35456 0.00000 0.29897 0.62791 1.00000 0.02287 0.01894
116.00000 307.00000 0.83329 0.99762 1.00000 0.06027 0.18680 0.33459 0.25872 0.14659 0.14366 0.13984 0.65102 0.32481 0.25641 0.48295 0.13879 0.99435 0.60699 0.35010 0.00000 0.32990 0.65116 1.00000 0.16381 0.16172
116.00000 308.00000 0.83323 0.99762 1.00000 0.06027 0.18827 0.32695 0.26670 0.14659 0.14366 0.13689 0.65121 0.32515 0.25641 0.49756 0.13906 0.99435 0.59740 0.35214 0.00000 0.32990 0.65116 1.00000 0.15809 0.16665
116.00000 309.00000 0.23803 0.29691 1.00000 0.59794 0.63365 0.69133 0.68683 0.61718 0.61355 0.60701 0.85331 0.67757 0.87179 0.77029 0.60607 0.99424 0.75459 0.12087 1.00000 0.70103 0.85412 1.00000 0.62967 0.63492
116.00000 310.00000 0.83327 0.99798 1.00000 0.06027 0.18607 0.34410 0.26473 0.14659 0.14366 0.13936 0.65121 0.32929 0.25641 0.48133 0.13874 0.99446 0.59379 0.34778 0.00000 0.32990 0.65116 1.00000 0.15977 0.16258
116.00000 311.00000 0.83328 0.99762 1.00000 0.06027 0.18157 0.34680 0.24796 0.14659 0.14366 0.14062 0.65125 0.32718 0.25641 0.49675 0.13842 0.99432 0.60399 0.33298 0.00000 0.35052 0.65116 1.00000 0.15708 0.16219
116.00000 312.00000 0.99977 0.99762 1.00000 0.00000 0.13172 0.31272 0.23985 0.00000 0.00063 0.00932 0.62804 0.30729 0.25641 0.50325 0.00877 0.99427 0.65773 0.36774 0.00000 0.29897 0.62791 1.00000 0.01850 0.02125
116.00000 313.00000 0.00004 0.00000 1.00000 1.00000 0.98733 0.94597 0.92461 1.00000 0.99686 0.98026 0.99926 0.91729 0.97436 0.92045 0.98008 0.99399 0.77207 0.04276 1.00000 0.94845 1.00000 1.00000 0.98015 0.98466
116.00000 314.00000 0.99987 0.99905 1.00000 0.00000 0.13439 0.30408 0.27443 0.00000 0.00063 0.01070 0.62795 0.30463 0.25641 0.51867 0.00958 0.99435 0.65184 0.34778 0.00000 0.29897 0.62791 1.00000 0.01715 0.01633
116.00000 315.00000 0.00004 0.00000 1.00000 1.00000 0.98531 0.95469 0.95055 1.00000 0.99686 0.98261 0.99922 0.91632 0.97436 0.94805 0.98301 0.99397 0.76877 0.03266 1.00000 0.93814 1.00000 1.00000 0.98621 0.98606
116.00000 316.00000 0.99985 0.99822 1.00000 0.00000 0.13090 0.30808 0.25880 0.00000 0.00063 0.01074 0.62798 0.31016 0.25641 0.51299 0.00978 0.99430 0.64830 0.34726 0.00000 0.30928 0.62791 1.00000 0.01917 0.02032
116.00000 317.00000 0.99987 0.99941 1.00000 0.00000 0.12337 0.31215 0.25676 0.00000 0.00063 0.01210 0.62804 0.30522 0.25641 0.51623 0.01053 0.99432 0.64960 0.34623 0.00000 0.31959 0.62791 1.00000 0.01514 0.02307
116.00000 318.00000 0.99982 0.99762 1.00000 0.00000 0.13007 0.30227 0.26862 0.00000 0.00063 0.01109 0.62798 0.31124 0.28205 0.50568 0.01136 0.99443 0.66867 0.35477 0.00000 0.32990 0.62791 1.00000 0.02186 0.01915
116.00000 319.00000 0.47606 0.83135 1.00000 0.62699 0.66477 0.67426 0.56364 0.50794 0.49624 0.46712 0.86447 0.63568 0.41026 0.69968 0.46713 0.99465 0.59887 0.30392 0.00000 0.67010 0.86469 1.00000 0.48335 0.49305
116.00000 320.00000 0.00005 0.00048 1.00000 1.00000 0.98412 0.94961 0.91918 1.00000 0.99686 0.98224 0.99935 0.91804 0.97436 0.94318 0.98407 0.99399 0.78032 0.03532 1.00000 0.95876 1.00000 1.00000 0.98352 0.98319
116.00000 321.00000 0.47612 0.83349 1.00000 0.62699 0.66615 0.66219 0.56208 0.50794 0.49686 0.47080 0.86458 0.64143 0.41026 0.69643 0.46999 0.99499 0.58812 0.28904 1.00000 0.67010 0.86469 1.00000 0.49378 0.49628
116.00000 322.00000 0.23810 0.29691 1.00000 0.59794 0.64265 0.72025 0.71202 0.61718 0.61355 0.60935 0.85381 0.69195 0.87179 0.79140 0.61088 0.99465 0.76632 0.11786 1.00000 0.72165 0.85412 1.00000 0.62933 0.63959
116.00000 323.00000 0.23819 0.29774 1.00000 0.59794 0.63916 0.71974 0.72324 0.61718 0.61355 0.60866 0.85384 0.69686 0.87179 0.78328 0.61049 0.99468 0.78003 0.11631 1.00000 0.71134 0.85412 1.00000 0.63169 0.63357
116.00000 324.00000 0.99998 0.99762 1.00000 0.00000 0.12493 0.30025 0.26720 0.00000 0.00063 0.01005 0.62812 0.31207 0.28205 0.50406 0.01083 0.99476 0.68856 0.34308 0.00000 0.31959 0.62791 1.00000 0.01917 0.02604
116.00000 325.00000 0.83318 0.99762 1.00000 0.06027 0.18460 0.34326 0.27470 0.14659 0.14366 0.14152 0.65150 0.34068 0.28205 0.50244 0.14106 0.99479 0.63068 0.34301 0.00000 0.36082 0.65116 1.00000 0.16515 0.16075
116.00000 326.00000 0.23812 0.29691 1.00000 0.59794 0.63659 0.70488 0.70787 0.61718 0.61355 0.61016 0.85377 0.68689 0.87179 0.79789 0.61186 0.99487 0.76625 0.12544 1.00000 0.72165 0.85412 1.00000 0.63202 0.63428
116.00000 327.00000 0.47625 0.83135 1.00000 0.62699 0.65844 0.67524 0.57406 0.50794 0.49624 0.46963 0.86466 0.64604 0.41026 0.69886 0.47072 0.99476 0.61223 0.29430 1.00000 0.65979 0.86469 1.00000 0.49008 0.49429
116.00000 328.00000 0.47618 0.83207 1.00000 0.62699 0.66651 0.68793 0.56897 0.50794 0.49624 0.46813 0.86468 0.64541 0.41026 0.70779 0.46935 0.99474 0.61459 0.29139 0.00000 0.68041 0.86469 1.00000 0.48873 0.49464
116.00000 329.00000 0.59524 0.73658 0.00000 0.23809 0.01505 0.07674 0.05378 0.29318 0.20828 0.09682 0.00230 0.05010 0.02564 0.07305 0.09509 0.00328 0.11922 0.86722 0.00000 0.07216 0.00000 0.00000 0.14464 0.14793
116.00000 330.00000 0.23824 0.29774 1.00000 0.59794 0.63659 0.72392 0.72218 0.61718 0.61355 0.61159 0.85405 0.69608 0.87179 0.79302 0.61376 0.99493 0.78933 0.11458 1.00000 0.71134 0.85412 1.00000 0.63269 0.63383
116.00000 331.00000 0.47609 0.83373 1.00000 0.62699 0.65642 0.67416 0.57240 0.50794 0.49624 0.47165 0.86483 0.65275 0.41026 0.72403 0.47165 0.99510 0.62320 0.31059 1.00000 0.67010 0.86469 1.00000 0.50185 0.49876
116.00000 332.00000 0.99980 0.99762 1.00000 0.00000 0.12833 0.32266 0.25894 0.00000 0.00063 0.01173 0.62831 0.31352 0.28205 0.52192 0.01251 0.99476 0.68024 0.32882 0.00000 0.30928 0.62791 1.00000 0.02422 0.01349
116.00000 333.00000 0.47621 0.83135 1.00000 0.62699 0.66358 0.67432 0.57171 0.50794 0.49624 0.46998 0.86475 0.64330 0.41026 0.71591 0.47128 0.99499 0.62568 0.29655 1.00000 0.69072 0.86469 1.00000 0.49176 0.49184
116.00000 334.00000 0.99984 0.99762 1.00000 0.00000 0.13191 0.33470 0.27748 0.00000 0.00063 0.01348 0.62823 0.32211 0.28205 0.53409 0.01205 0.99479 0.70219 0.33004 0.00000 0.31959 0.62791 1.00000 0.01648 0.02036
116.00000 335.00000 0.99981 0.99762 1.00000 0.00000 0.13246 0.31826 0.27590 0.00000 0.00063 0.01208 0.62831 0.31769 0.28205 0.51948 0.01327 0.99479 0.69017 0.33021 0.00000 0.32990 0.62791 1.00000 0.02085 0.01879
116.00000 336.00000 0.47619 0.83135 1.00000 0.62699 0.66358 0.69268 0.58689 0.50794 0.49624 0.47177 0.86483 0.65585 0.41026 0.72078 0.47150 0.99515 0.61418 0.30354 1.00000 0.69072 0.86469 1.00000 0.49647 0.49385
116.00000 337.00000 0.00006 0.00214 1.00000 1.00000 0.98816 0.98226 0.94003 1.00000 0.99686 0.99227 0.99964 0.93410 0.97436 0.97646 0.99140 0.99432 0.82600 0.01325 1.00000 0.96907 1.00000 1.00000 0.98587 0.99746
116.00000 338.00000 0.59522 0.73682 0.00000 0.23809 0.01533 0.05023 0.07093 0.29318 0.20828 0.09847 0.00234 0.05082 0.02564 0.06412 0.09668 0.00306 0.13810 0.86155 0.00000 0.08247 0.00000 0.00000 0.14262 0.14161
116.00000 339.00000 0.00006 0.00024 1.00000 1.00000 0.99321 0.96695 0.95163 1.00000 0.99686 0.99004 0.99962 0.93901 0.97436 0.97646 0.99186 0.99435 0.81557 0.02373 1.00000 0.96907 1.00000 1.00000 0.98655 0.99346
116.00000 340.00000 0.59527 0.73634 0.00000 0.23809 0.01505 0.06435 0.05808 0.29318 0.20828 0.09804 0.00243 0.04816 0.02564 0.08847 0.09658 0.00333 0.15029 0.86667 0.00000 0.07216 0.00000 0.00000 0.14464 0.14158
116.00000 341.00000 0.23809 0.29893 1.00000 0.59794 0.64017 0.72346 0.72578 0.61718 0.61355 0.61594 0.85428 0.69983 0.87179 0.80032 0.61804 0.99543 0.80963 0.09175 1.00000 0.71134 0.85412 1.00000 0.63471 0.63901
116.00000 342.00000 0.00001 0.00000 1.00000 1.00000 0.99605 0.95064 0.96354 1.00000 0.99686 0.99264 0.99981 0.93540 0.97436 0.98539 0.99352 0.99443 0.83976 0.01560 1.00000 0.95876 1.00000 1.00000 0.98789 0.98792
116.00000 343.00000 0.99983 0.99941 1.00000 0.00000 0.13044 0.33624 0.28490 0.00000 0.00063 0.01282 0.62842 0.32728 0.30769 0.53409 0.01444 0.99487 0.70592 0.31665 0.00000 0.34021 0.62791 1.00000 0.02321 0.02559
116.00000 344.00000 0.99985 0.99905 1.00000 0.00000 0.12961 0.32474 0.28942 0.00000 0.00063 0.01429 0.62838 0.33087 0.30769 0.54627 0.01422 0.99490 0.71881 0.31544 0.00000 0.31959 0.62791 1.00000 0.02455 0.01846
