103.00000 1.00000 0.00001 0.00000 1.00000 1.00000 0.98320 0.92347 0.93304 1.00000 1.00000 0.96010 0.99894 0.87181 0.94872 0.93831 0.96090 0.99358 0.67016 0.09431 1.00000 0.92784 1.00000 1.00000 0.96603 0.96272
103.00000 2.00000 0.47620 0.83135 1.00000 0.62699 0.66091 0.65749 0.57284 0.50794 0.50125 0.45507 0.86337 0.60340 0.38462 0.68912 0.45716 0.99330 0.48510 0.37387 0.00000 0.65979 0.86469 1.00000 0.48570 0.48502
103.00000 3.00000 0.23818 0.29691 1.00000 0.59794 0.63989 0.71309 0.68707 0.61718 0.61606 0.59399 0.85301 0.64176 0.84615 0.75406 0.59416 0.99366 0.64816 0.17197 1.00000 0.70103 0.85412 1.00000 0.60982 0.62061
103.00000 4.00000 0.00003 0.00024 1.00000 1.00000 0.98513 0.95720 0.93407 1.00000 1.00000 0.95946 0.99897 0.87112 0.94872 0.92045 0.96009 0.99336 0.68043 0.09375 1.00000 0.94845 1.00000 1.00000 0.96737 0.96478
103.00000 5.00000 0.23804 0.29691 1.00000 0.59794 0.63705 0.69749 0.67736 0.61718 0.61606 0.59288 0.85295 0.64337 0.84615 0.77192 0.59314 0.99372 0.66239 0.17031 1.00000 0.71134 0.85412 1.00000 0.61150 0.61548
103.00000 6.00000 0.23822 0.29751 1.00000 0.59794 0.63576 0.69565 0.68596 0.61718 0.61606 0.59452 0.85303 0.64715 0.84615 0.76542 0.59348 0.99366 0.65398 0.16467 1.00000 0.70103 0.85412 1.00000 0.61453 0.62223
103.00000 7.00000 0.00004 0.00000 1.00000 1.00000 0.98293 0.94391 0.91137 1.00000 1.00000 0.95930 0.99897 0.87609 0.94872 0.93101 0.96021 0.99352 0.66420 0.09185 1.00000 0.93814 1.00000 1.00000 0.96569 0.96202
103.00000 8.00000 0.59520 0.73634 0.00000 0.23809 0.01193 0.05333 0.07674 0.29318 0.21016 0.09083 0.00078 0.01373 0.02564 0.07873 0.08617 0.00118 0.04280 0.93576 0.00000 0.04124 0.00000 0.00000 0.13623 0.14354
103.00000 9.00000 0.47626 0.83147 1.00000 0.62699 0.66468 0.65806 0.54930 0.50794 0.50125 0.45771 0.86356 0.60238 0.38462 0.69643 0.45484 0.99325 0.49768 0.35525 0.00000 0.63918 0.86469 1.00000 0.48907 0.48259
103.00000 10.00000 0.00004 0.00119 1.00000 1.00000 0.98476 0.94200 0.91101 1.00000 1.00000 0.95898 0.99892 0.87016 0.94872 0.92776 0.96102 0.99350 0.66535 0.08801 1.00000 0.94845 1.00000 1.00000 0.96401 0.96205
103.00000 11.00000 0.47621 0.83290 1.00000 0.62699 0.65504 0.64756 0.55235 0.50794 0.50125 0.45668 0.86339 0.60280 0.35897 0.69156 0.45564 0.99322 0.48696 0.36134 0.00000 0.64948 0.86469 1.00000 0.48200 0.48283
103.00000 12.00000 0.47621 0.83135 1.00000 0.62699 0.66541 0.66335 0.54879 0.50794 0.50125 0.45610 0.86344 0.60280 0.38462 0.68344 0.45645 0.99330 0.49763 0.36404 0.00000 0.65979 0.86469 1.00000 0.47292 0.49058
103.00000 13.00000 0.99983 0.99762 1.00000 0.00000 0.13154 0.29252 0.24873 0.00000 0.00314 0.00658 0.62633 0.26582 0.23077 0.48945 0.00359 0.99215 0.53584 0.41382 0.00000 0.28866 0.62791 1.00000 0.01076 0.01547
103.00000 14.00000 0.23809 0.29691 1.00000 0.59794 0.64145 0.71074 0.66605 0.61718 0.61606 0.59300 0.85293 0.64687 0.84615 0.76542 0.59480 0.99366 0.64770 0.16491 1.00000 0.70103 0.85412 1.00000 0.61655 0.62313
103.00000 15.00000 0.99977 0.99762 1.00000 0.00000 0.13255 0.29582 0.26091 0.00000 0.00251 0.00467 0.62639 0.26687 0.23077 0.50162 0.00442 0.99212 0.53555 0.42545 0.00000 0.30928 0.62791 1.00000 0.01379 0.01957
103.00000 16.00000 0.59517 0.73777 0.00000 0.23809 0.01037 0.03421 0.06209 0.29318 0.21079 0.09049 0.00093 0.00737 0.02564 0.07062 0.08871 0.00121 0.03662 0.94164 0.00000 0.06186 0.00000 0.00000 0.13690 0.13300
103.00000 17.00000 0.00005 0.00000 1.00000 1.00000 0.98201 0.94726 0.91269 1.00000 1.00000 0.95833 0.99897 0.86974 0.94872 0.92370 0.96041 0.99352 0.67362 0.09105 1.00000 0.94845 1.00000 1.00000 0.96704 0.96788
103.00000 18.00000 0.83331 0.99762 1.00000 0.06027 0.18561 0.35557 0.26752 0.14659 0.14617 0.13340 0.64990 0.29197 0.23077 0.48458 0.13429 0.99264 0.49948 0.41216 0.00000 0.31959 0.65116 1.00000 0.15775 0.15550
103.00000 19.00000 0.83336 0.99857 1.00000 0.06027 0.18138 0.31958 0.26372 0.14659 0.14617 0.13450 0.64986 0.28919 0.23077 0.48864 0.13273 0.99264 0.51273 0.40383 0.00000 0.32990 0.65116 1.00000 0.16179 0.15856
103.00000 20.00000 0.23809 0.29715 1.00000 0.59794 0.63833 0.69133 0.68889 0.61718 0.61669 0.59387 0.85297 0.64063 0.84615 0.77192 0.59365 0.99375 0.66194 0.16879 1.00000 0.70103 0.85412 1.00000 0.61655 0.62683
103.00000 21.00000 0.99998 0.99952 1.00000 0.00000 0.13494 0.27138 0.23132 0.00000 0.00251 0.00506 0.62658 0.26846 0.23077 0.49594 0.00560 0.99220 0.52810 0.41507 0.00000 0.29897 0.62791 1.00000 0.02388 0.01802
103.00000 22.00000 0.83317 0.99929 1.00000 0.06027 0.18120 0.33773 0.26511 0.14659 0.14617 0.13280 0.64981 0.28783 0.23077 0.48539 0.13395 0.99259 0.48897 0.39871 0.00000 0.32990 0.65116 1.00000 0.15338 0.15416
103.00000 23.00000 0.99980 0.99976 1.00000 0.00000 0.12787 0.30370 0.23511 0.00000 0.00251 0.00412 0.62648 0.26901 0.23077 0.48701 0.00660 0.99217 0.54560 0.41666 0.00000 0.30928 0.62791 1.00000 0.01682 0.01548
103.00000 24.00000 0.23812 0.29857 1.00000 0.59794 0.63934 0.67769 0.69516 0.61718 0.61669 0.59426 0.85295 0.64088 0.84615 0.75244 0.59570 0.99358 0.63799 0.17460 1.00000 0.70103 0.85412 1.00000 0.60915 0.61903
103.00000 25.00000 0.99986 0.99762 1.00000 0.00000 0.13457 0.30789 0.24580 0.00000 0.00251 0.00433 0.62637 0.26504 0.23077 0.49188 0.00440 0.99209 0.53447 0.40995 0.00000 0.29897 0.62791 1.00000 0.01345 0.01653
103.00000 26.00000 0.00006 0.00131 1.00000 1.00000 0.98449 0.94000 0.92494 1.00000 1.00000 0.95932 0.99888 0.87524 0.94872 0.93588 0.96180 0.99355 0.66150 0.10417 1.00000 0.91753 1.00000 1.00000 0.96334 0.96410
103.00000 27.00000 0.83332 0.99762 1.00000 0.06027 0.18652 0.32368 0.27542 0.14659 0.14617 0.13480 0.64984 0.29429 0.23077 0.46997 0.13434 0.99248 0.49309 0.40421 0.00000 0.34021 0.65116 1.00000 0.15910 0.15522
103.00000 28.00000 0.47624 0.83230 1.00000 0.62699 0.65889 0.65679 0.55278 0.50794 0.50063 0.45645 0.86348 0.59713 0.35897 0.69399 0.45672 0.99322 0.49619 0.37331 0.00000 0.65979 0.86469 1.00000 0.48234 0.48259
103.00000 29.00000 0.83333 0.99762 1.00000 0.06027 0.18451 0.33208 0.24919 0.14659 0.14617 0.13395 0.64990 0.28890 0.23077 0.48133 0.13390 0.99251 0.49994 0.40258 0.00000 0.32990 0.65116 1.00000 0.16078 0.15417
103.00000 30.00000 0.99996 0.99893 1.00000 0.00000 0.13218 0.32007 0.25279 0.00000 0.00251 0.00384 0.62631 0.26174 0.23077 0.48377 0.00501 0.99215 0.55392 0.40967 0.00000 0.28866 0.62791 1.00000 0.01648 0.01315
103.00000 31.00000 0.99986 0.99762 1.00000 0.00000 0.13310 0.30386 0.23648 0.00000 0.00314 0.00548 0.62658 0.27058 0.23077 0.50081 0.00672 0.99223 0.54188 0.41614 0.00000 0.28866 0.62791 1.00000 0.01379 0.01446
103.00000 32.00000 0.99994 0.99762 1.00000 0.00000 0.12686 0.29228 0.24494 0.00000 0.00314 0.00462 0.62646 0.26749 0.23077 0.49351 0.00699 0.99209 0.54844 0.41358 0.00000 0.28866 0.62791 1.00000 0.01312 0.01020
103.00000 33.00000 0.99995 0.99762 1.00000 0.00000 0.12723 0.29684 0.23528 0.00000 0.00251 0.00518 0.62643 0.25691 0.23077 0.49513 0.00489 0.99228 0.53707 0.42043 0.00000 0.29897 0.62791 1.00000 0.01682 0.01585
103.00000 34.00000 0.99985 0.99786 1.00000 0.00000 0.12980 0.31037 0.23819 0.00000 0.00251 0.00467 0.62656 0.26964 0.23077 0.48864 0.00606 0.99212 0.54488 0.41763 0.00000 0.29897 0.62791 1.00000 0.01446 0.01424
103.00000 35.00000 0.23812 0.29881 1.00000 0.59794 0.63824 0.69908 0.69960 0.61718 0.61606 0.59231 0.85297 0.64122 0.84615 0.78247 0.59390 0.99355 0.65494 0.16239 1.00000 0.70103 0.85412 1.00000 0.61756 0.61777
103.00000 36.00000 0.99979 0.99988 1.00000 0.00000 0.12759 0.30721 0.25354 0.00000 0.00251 0.00596 0.62654 0.27440 0.23077 0.50325 0.00523 0.99220 0.54385 0.41908 0.00000 0.28866 0.62791 1.00000 0.01446 0.01290
103.00000 37.00000 0.47625 0.83314 1.00000 0.62699 0.66247 0.65571 0.55533 0.50794 0.50063 0.45755 0.86350 0.59886 0.38462 0.68019 0.45530 0.99319 0.50497 0.36449 0.00000 0.64948 0.86469 1.00000 0.47830 0.48128
103.00000 38.00000 0.99987 0.99881 1.00000 0.00000 0.13071 0.29949 0.23946 0.00000 0.00251 0.00667 0.62648 0.26710 0.23077 0.50649 0.00543 0.99234 0.54082 0.40902 0.00000 0.29897 0.62791 1.00000 0.01514 0.01670
103.00000 39.00000 0.83315 0.99893 1.00000 0.06027 0.18506 0.34107 0.26031 0.14659 0.14617 0.13430 0.64988 0.28933 0.23077 0.49594 0.13344 0.99245 0.49792 0.39518 0.00000 0.34021 0.65116 1.00000 0.15439 0.15716
103.00000 40.00000 0.83336 0.99762 1.00000 0.06027 0.18451 0.32069 0.26069 0.14659 0.14617 0.13455 0.64990 0.28715 0.23077 0.48864 0.13160 0.99248 0.49987 0.40019 0.00000 0.32990 0.65116 1.00000 0.15843 0.15573
103.00000 41.00000 0.83335 0.99762 1.00000 0.06027 0.18460 0.33557 0.26038 0.14659 0.14617 0.13377 0.64994 0.29202 0.23077 0.47484 0.13373 0.99248 0.51329 0.40424 0.00000 0.34021 0.65116 1.00000 0.15170 0.15310
103.00000 42.00000 0.83328 0.99762 1.00000 0.06027 0.18643 0.32566 0.25993 0.14659 0.14617 0.13349 0.64984 0.29043 0.23077 0.47890 0.13344 0.99262 0.50650 0.39995 0.00000 0.32990 0.65116 1.00000 0.15304 0.15091
103.00000 43.00000 0.83329 0.99762 1.00000 0.06027 0.18652 0.34815 0.24811 0.14659 0.14617 0.13402 0.64998 0.29069 0.23077 0.48458 0.13520 0.99262 0.50453 0.40507 0.00000 0.32990 0.65116 1.00000 0.15641 0.16063
103.00000 44.00000 0.47627 0.83314 1.00000 0.62699 0.66036 0.64218 0.54589 0.50794 0.50063 0.45836 0.86337 0.59545 0.38462 0.68831 0.45564 0.99336 0.50278 0.36819 0.00000 0.65979 0.86469 1.00000 0.47999 0.48215
103.00000 45.00000 0.99990 0.99762 1.00000 0.00000 0.12622 0.28067 0.24472 0.00000 0.00251 0.00536 0.62646 0.27218 0.23077 0.49513 0.00528 0.99220 0.53526 0.41932 0.00000 0.27835 0.62791 1.00000 0.01581 0.01369
103.00000 46.00000 0.59514 0.73753 0.00000 0.23809 0.01661 0.07275 0.05858 0.29318 0.21079 0.09125 0.00091 0.01078 0.02564 0.07062 0.08952 0.00127 0.03655 0.92403 0.00000 0.05155 0.00000 0.00000 0.14228 0.14436
103.00000 47.00000 0.47611 0.83135 1.00000 0.62699 0.66055 0.64696 0.56969 0.50794 0.50125 0.45419 0.86344 0.59786 0.35897 0.68344 0.45476 0.99333 0.47606 0.35200 0.00000 0.65979 0.86469 1.00000 0.48402 0.47862
103.00000 48.00000 0.23820 0.29703 1.00000 0.59794 0.62970 0.70856 0.69350 0.61718 0.61669 0.59327 0.85308 0.63892 0.84615 0.77273 0.59385 0.99352 0.65181 0.16782 1.00000 0.70103 0.85412 1.00000 0.61520 0.61611
103.00000 49.00000 0.00001 0.00190 1.00000 1.00000 0.98440 0.94737 0.92905 1.00000 1.00000 0.95916 0.99894 0.86969 0.94872 0.93912 0.96002 0.99352 0.67002 0.09458 1.00000 0.92784 1.00000 1.00000 0.96098 0.96496
103.00000 50.00000 0.99992 0.99762 1.00000 0.00000 0.12980 0.29263 0.25495 0.00000 0.00314 0.00488 0.62641 0.26324 0.23077 0.49675 0.00457 0.99220 0.53760 0.42500 0.00000 0.28866 0.62791 1.00000 0.01345 0.01955
103.00000 51.00000 0.00001 0.00000 1.00000 1.00000 0.99376 0.93954 0.92538 1.00000 1.00000 0.95962 0.99901 0.86997 0.94872 0.93506 0.96058 0.99347 0.66956 0.09472 1.00000 0.94845 1.00000 1.00000 0.96535 0.96814
103.00000 52.00000 0.23800 0.29798 1.00000 0.59794 0.63384 0.68423 0.69031 0.61718 0.61606 0.59318 0.85308 0.64477 0.84615 0.77192 0.59409 0.99355 0.65975 0.16920 1.00000 0.70103 0.85412 1.00000 0.61319 0.62374
103.00000 53.00000 0.99988 0.99762 1.00000 0.00000 0.12824 0.28737 0.24681 0.00000 0.00251 0.00587 0.62652 0.27091 0.23077 0.49594 0.00711 0.99245 0.52901 0.41538 0.00000 0.29897 0.62791 1.00000 0.01211 0.01215
103.00000 54.00000 0.47627 0.83325 1.00000 0.62699 0.65917 0.65836 0.54308 0.50794 0.50125 0.45665 0.86346 0.60294 0.38462 0.68506 0.45515 0.99336 0.47613 0.35508 0.00000 0.67010 0.86469 1.00000 0.48234 0.47498
103.00000 55.00000 0.99992 0.99762 1.00000 0.00000 0.12704 0.28448 0.25015 0.00000 0.00251 0.00557 0.62652 0.26480 0.23077 0.50325 0.00582 0.99231 0.54731 0.41728 0.00000 0.27835 0.62791 1.00000 0.00774 0.01176
103.00000 56.00000 0.99995 0.99762 1.00000 0.00000 0.12511 0.29331 0.25049 0.00000 0.00251 0.00511 0.62639 0.26422 0.23077 0.50893 0.00469 0.99209 0.55525 0.41815 0.00000 0.29897 0.62791 1.00000 0.01648 0.01131
103.00000 57.00000 0.99992 0.99762 1.00000 0.00000 0.13503 0.31934 0.22897 0.00000 0.00251 0.00624 0.62643 0.26799 0.23077 0.49188 0.00523 0.99240 0.55274 0.41168 0.00000 0.29897 0.62791 1.00000 0.01615 0.00951
103.00000 58.00000 0.23823 0.29881 1.00000 0.59794 0.64035 0.70032 0.69458 0.61718 0.61606 0.59313 0.85297 0.64623 0.84615 0.78328 0.59451 0.99369 0.65417 0.16561 1.00000 0.70103 0.85412 1.00000 0.61857 0.62341
103.00000 59.00000 0.99979 0.99762 1.00000 0.00000 0.12622 0.31720 0.25085 0.00000 0.00251 0.00453 0.62643 0.26521 0.23077 0.49432 0.00555 0.99215 0.54433 0.42171 0.00000 0.30928 0.62791 1.00000 0.01413 0.01452
103.00000 60.00000 0.00006 0.00000 1.00000 1.00000 0.98302 0.95172 0.93561 1.00000 1.00000 0.95849 0.99903 0.87480 0.94872 0.93182 0.96048 0.99369 0.66612 0.08503 1.00000 0.94845 1.00000 1.00000 0.96636 0.96728
103.00000 61.00000 0.00005 0.00071 1.00000 1.00000 0.98623 0.94632 0.93926 1.00000 1.00000 0.96107 0.99905 0.87480 0.94872 0.94399 0.96100 0.99347 0.65953 0.08974 1.00000 0.92784 1.00000 1.00000 0.96435 0.96870
103.00000 62.00000 0.99986 0.99929 1.00000 0.00000 0.12723 0.32123 0.25068 0.00000 0.00251 0.00557 0.62639 0.26319 0.23077 0.50162 0.00523 0.99206 0.55993 0.42199 0.00000 0.29897 0.62791 1.00000 0.01581 0.01915
103.00000 63.00000 0.59514 0.73634 0.00000 0.23809 0.01634 0.03203 0.05923 0.29318 0.21016 0.08787 0.00093 0.00714 0.02564 0.05519 0.08903 0.00130 0.05413 0.94513 0.00000 0.06186 0.00000 0.00000 0.13118 0.14180
103.00000 64.00000 0.59520 0.73705 0.00000 0.23809 0.01515 0.03924 0.05800 0.29318 0.21016 0.09014 0.00087 0.01293 0.02564 0.04951 0.08847 0.00099 0.03350 0.94216 0.00000 0.06186 0.00000 0.00000 0.13454 0.13652
103.00000 65.00000 0.59521 0.73634 0.00000 0.23809 0.01395 0.05301 0.05911 0.29318 0.21079 0.09074 0.00099 0.01035 0.02564 0.06412 0.08815 0.00096 0.04278 0.93849 0.00000 0.06186 0.00000 0.00000 0.13623 0.13723
103.00000 66.00000 0.83333 0.99762 1.00000 0.06027 0.18680 0.33945 0.25875 0.14659 0.14617 0.13298 0.64994 0.29935 0.23077 0.48620 0.13442 0.99259 0.49121 0.40012 0.00000 0.32990 0.65116 1.00000 0.15843 0.15776
103.00000 67.00000 0.83326 0.99762 1.00000 0.06027 0.18753 0.34356 0.26199 0.14659 0.14617 0.13257 0.64990 0.28827 0.23077 0.48214 0.13283 0.99248 0.49364 0.40635 0.00000 0.32990 0.65116 1.00000 0.15708 0.15746
103.00000 68.00000 0.23824 0.29846 1.00000 0.59794 0.63815 0.71053 0.69706 0.61718 0.61606 0.59313 0.85301 0.64839 0.84615 0.75487 0.59358 0.99355 0.65439 0.15464 1.00000 0.69072 0.85412 1.00000 0.61924 0.61345
103.00000 69.00000 0.59510 0.73670 0.00000 0.23809 0.00872 0.05206 0.04736 0.29318 0.21016 0.08745 0.00087 0.01191 0.02564 0.06088 0.08857 0.00135 0.04278 0.95029 0.00000 0.07216 0.00000 0.00000 0.13892 0.13514
103.00000 70.00000 0.99979 0.99857 1.00000 0.00000 0.12622 0.30762 0.24696 0.00000 0.00251 0.00495 0.62667 0.26721 0.23077 0.49351 0.00445 0.99242 0.53861 0.41192 0.00000 0.28866 0.62791 1.00000 0.01480 0.01297
103.00000 71.00000 0.99980 0.99786 1.00000 0.00000 0.13126 0.29560 0.24170 0.00000 0.00251 0.00596 0.62656 0.27119 0.23077 0.49675 0.00572 0.99228 0.53921 0.41417 0.00000 0.28866 0.62791 1.00000 0.01345 0.01286
103.00000 72.00000 0.99982 0.99762 1.00000 0.00000 0.13016 0.28769 0.24566 0.00000 0.00314 0.00665 0.62643 0.26182 0.23077 0.49594 0.00415 0.99220 0.54498 0.43053 0.00000 0.28866 0.62791 1.00000 0.01816 0.01231
103.00000 73.00000 0.59512 0.73824 0.00000 0.23809 0.00413 0.05357 0.05719 0.29318 0.21079 0.08989 0.00091 0.01213 0.02564 0.04870 0.08825 0.00130 0.03157 0.94693 0.00000 0.06186 0.00000 0.00000 0.14363 0.14301
103.00000 74.00000 0.47617 0.83171 1.00000 0.62699 0.66220 0.66211 0.53796 0.50794 0.50125 0.45518 0.86352 0.60150 0.38462 0.68506 0.45672 0.99328 0.49607 0.36318 0.00000 0.64948 0.86469 1.00000 0.47931 0.48789
103.00000 75.00000 0.59517 0.73634 0.00000 0.23809 0.01294 0.06019 0.06800 0.29318 0.21079 0.09134 0.00091 0.01410 0.02564 0.06169 0.08830 0.00124 0.04275 0.96630 0.00000 0.07216 0.00000 0.00000 0.14396 0.14318
103.00000 76.00000 0.47625 0.83302 1.00000 0.62699 0.66312 0.67186 0.54416 0.50794 0.50125 0.45571 0.86344 0.59630 0.38462 0.68831 0.45581 0.99339 0.49217 0.36806 0.00000 0.64948 0.86469 1.00000 0.47797 0.48316
103.00000 77.00000 0.83322 0.99762 1.00000 0.06027 0.18625 0.35304 0.27155 0.14659 0.14617 0.13400 0.65011 0.29179 0.23077 0.48133 0.13417 0.99253 0.50328 0.40563 0.00000 0.32990 0.65116 1.00000 0.16213 0.16126
103.00000 78.00000 0.23805 0.29691 1.00000 0.59794 0.63833 0.67975 0.69442 0.61718 0.61606 0.59399 0.85308 0.64147 0.84615 0.77760 0.59619 0.99361 0.65908 0.16682 1.00000 0.68041 0.85412 1.00000 0.62193 0.62213
103.00000 79.00000 0.83322 0.99762 1.00000 0.06027 0.18671 0.33910 0.26946 0.14659 0.14617 0.13358 0.64996 0.29847 0.23077 0.49269 0.13322 0.99264 0.49917 0.41486 0.00000 0.32990 0.65116 1.00000 0.15069 0.16118
103.00000 80.00000 0.83331 0.99762 1.00000 0.06027 0.18689 0.33125 0.27376 0.14659 0.14617 0.13480 0.65000 0.29074 0.23077 0.49513 0.13307 0.99264 0.50838 0.42541 0.00000 0.34021 0.65116 1.00000 0.15876 0.16143
103.00000 81.00000 0.23801 0.29715 1.00000 0.59794 0.63686 0.70437 0.68486 0.61718 0.61606 0.59355 0.85299 0.64906 0.84615 0.77110 0.59368 0.99361 0.66841 0.16837 1.00000 0.71134 0.85412 1.00000 0.61958 0.61807
103.00000 82.00000 0.23818 0.29739 1.00000 0.59794 0.64448 0.71199 0.69052 0.61718 0.61669 0.59385 0.85303 0.64481 0.84615 0.76542 0.59453 0.99366 0.66074 0.18398 1.00000 0.68041 0.85412 1.00000 0.61386 0.61834
103.00000 83.00000 0.23802 0.29691 1.00000 0.59794 0.63879 0.69570 0.70184 0.61718 0.61669 0.59369 0.85297 0.64760 0.84615 0.77273 0.59326 0.99361 0.67192 0.16439 1.00000 0.70103 0.85412 1.00000 0.61352 0.62448
103.00000 84.00000 0.99987 0.99952 1.00000 0.00000 0.13347 0.29304 0.26012 0.00000 0.00251 0.00571 0.62658 0.26962 0.23077 0.50568 0.00528 0.99223 0.55262 0.42548 0.00000 0.30928 0.62791 1.00000 0.01278 0.01368
103.00000 85.00000 0.23804 0.29703 1.00000 0.59794 0.63696 0.69713 0.70217 0.61718 0.61606 0.59422 0.85312 0.64435 0.84615 0.77597 0.59324 0.99361 0.65203 0.15415 1.00000 0.70103 0.85412 1.00000 0.61756 0.62277
103.00000 86.00000 0.59520 0.73658 0.00000 0.23809 0.01606 0.03786 0.07150 0.29318 0.21079 0.08978 0.00093 0.00938 0.02564 0.07062 0.08823 0.00152 0.03734 0.94171 0.00000 0.06186 0.00000 0.00000 0.13690 0.14005
103.00000 87.00000 0.59531 0.73812 0.00000 0.23809 0.00927 0.05663 0.07645 0.29318 0.21016 0.09040 0.00097 0.01232 0.02564 0.07549 0.08889 0.00113 0.04975 0.95364 0.00000 0.05155 0.00000 0.00000 0.13320 0.13759
103.00000 88.00000 0.59529 0.73646 0.00000 0.23809 0.01010 0.04974 0.07160 0.29318 0.21079 0.08961 0.00097 0.01610 0.02564 0.06818 0.08898 0.00135 0.04143 0.94015 0.00000 0.06186 0.00000 0.00000 0.13623 0.13714
103.00000 89.00000 0.99995 0.99798 1.00000 0.00000 0.12915 0.29868 0.25013 0.00000 0.00251 0.00651 0.62656 0.26658 0.23077 0.49188 0.00596 0.99231 0.54707 0.41929 0.00000 0.29897 0.62791 1.00000 0.01480 0.01966
103.00000 90.00000 0.99989 0.99762 1.00000 0.00000 0.13631 0.30368 0.26459 0.00000 0.00251 0.00591 0.62648 0.26842 0.23077 0.49188 0.00401 0.99217 0.53396 0.42123 0.00000 0.30928 0.62791 1.00000 0.01312 0.01318
103.00000 91.00000 0.83331 0.99762 1.00000 0.06027 0.18689 0.35350 0.25709 0.14659 0.14617 0.13289 0.65000 0.29180 0.23077 0.49269 0.13197 0.99253 0.50636 0.40524 0.00000 0.32990 0.65116 1.00000 0.15708 0.16196
103.00000 92.00000 0.00006 0.00000 1.00000 1.00000 0.98504 0.95169 0.94346 1.00000 1.00000 0.95824 0.99899 0.87098 0.94872 0.95536 0.95933 0.99363 0.66071 0.10039 1.00000 0.93814 1.00000 1.00000 0.96199 0.96709
103.00000 93.00000 0.47616 0.83254 1.00000 0.62699 0.66468 0.65458 0.55636 0.50794 0.50125 0.45718 0.86352 0.60125 0.35897 0.69724 0.45567 0.99319 0.49414 0.36041 0.00000 0.65979 0.86469 1.00000 0.47494 0.47995
103.00000 94.00000 0.00003 0.00190 1.00000 1.00000 0.98485 0.91996 0.94224 1.00000 1.00000 0.95886 0.99901 0.87195 0.94872 0.94481 0.96021 0.99363 0.65903 0.08268 1.00000 0.94845 1.00000 1.00000 0.96065 0.96414
103.00000 95.00000 0.23812 0.29798 1.00000 0.59794 0.64182 0.70945 0.69146 0.61718 0.61606 0.59261 0.85310 0.64380 0.84615 0.77516 0.59302 0.99375 0.64085 0.16817 1.00000 0.69072 0.85412 1.00000 0.61386 0.61468
103.00000 96.00000 0.23813 0.29691 1.00000 0.59794 0.63540 0.69360 0.68430 0.61718 0.61606 0.59221 0.85308 0.64920 0.84615 0.78247 0.59441 0.99369 0.66701 0.17332 1.00000 0.70103 0.85412 1.00000 0.61991 0.62048
103.00000 97.00000 0.99985 0.99762 1.00000 0.00000 0.13585 0.28593 0.26502 0.00000 0.00251 0.00699 0.62650 0.26638 0.23077 0.50162 0.00550 0.99220 0.55308 0.41856 0.00000 0.28866 0.62791 1.00000 0.01783 0.01493
103.00000 98.00000 0.23814 0.29691 1.00000 0.59794 0.64173 0.70723 0.69586 0.61718 0.61606 0.59247 0.85303 0.64372 0.84615 0.76380 0.59253 0.99380 0.65008 0.16004 1.00000 0.69072 0.85412 1.00000 0.61991 0.61273
103.00000 99.00000 0.99998 0.99846 1.00000 0.00000 0.13081 0.31583 0.24662 0.00000 0.00314 0.00469 0.62658 0.27145 0.23077 0.50406 0.00587 0.99245 0.55152 0.41912 0.00000 0.29897 0.62791 1.00000 0.01581 0.01562
103.00000 100.00000 0.47607 0.83207 1.00000 0.62699 0.66284 0.66192 0.57051 0.50794 0.50125 0.45587 0.86358 0.60615 0.38462 0.69968 0.45537 0.99344 0.49540 0.37262 0.00000 0.64948 0.86469 1.00000 0.48671 0.48269
103.00000 101.00000 0.99983 0.99762 1.00000 0.00000 0.13338 0.30702 0.24888 0.00000 0.00251 0.00499 0.62643 0.27464 0.23077 0.51867 0.00538 0.99223 0.53935 0.40853 0.00000 0.31959 0.62791 1.00000 0.01884 0.01183
103.00000 102.00000 0.99988 0.99762 1.00000 0.00000 0.13448 0.31550 0.24912 0.00000 0.00251 0.00488 0.62646 0.26762 0.23077 0.50000 0.00677 0.99228 0.55089 0.41964 0.00000 0.29897 0.62791 1.00000 0.01009 0.01635
103.00000 103.00000 0.47613 0.83219 1.00000 0.62699 0.66257 0.66416 0.55862 0.50794 0.50125 0.45780 0.86350 0.60287 0.38462 0.70536 0.45574 0.99336 0.49138 0.36598 0.00000 0.67010 0.86469 1.00000 0.48570 0.48307
103.00000 104.00000 0.99997 0.99762 1.00000 0.00000 0.13448 0.29214 0.24811 0.00000 0.00251 0.00711 0.62652 0.27148 0.23077 0.50731 0.00577 0.99240 0.54144 0.41420 0.00000 0.29897 0.62791 1.00000 0.01379 0.00945
103.00000 105.00000 0.59514 0.73765 0.00000 0.23809 0.01202 0.04345 0.07109 0.29318 0.21079 0.08915 0.00091 0.01529 0.02564 0.07143 0.08889 0.00138 0.04990 0.95229 0.00000 0.05155 0.00000 0.00000 0.14127 0.14337
103.00000 106.00000 0.59512 0.73860 0.00000 0.23809 0.01184 0.05149 0.05207 0.29318 0.21079 0.08918 0.00095 0.01781 0.02564 0.07062 0.08840 0.00146 0.02948 0.94662 0.00000 0.07216 0.00000 0.00000 0.13219 0.13947
103.00000 107.00000 0.00006 0.00154 1.00000 1.00000 0.98430 0.92488 0.92136 1.00000 1.00000 0.95843 0.99913 0.87490 0.94872 0.94481 0.96004 0.99369 0.65068 0.09420 1.00000 0.94845 1.00000 1.00000 0.96535 0.96886
103.00000 108.00000 0.00006 0.00000 1.00000 1.00000 0.98596 0.95131 0.93268 1.00000 1.00000 0.95981 0.99888 0.87851 0.94872 0.94481 0.95870 0.99355 0.66586 0.09853 1.00000 0.95876 1.00000 1.00000 0.96132 0.96875
103.00000 109.00000 0.00002 0.00095 1.00000 1.00000 0.98770 0.92445 0.92626 1.00000 1.00000 0.95932 0.99892 0.87751 0.94872 0.94156 0.95965 0.99372 0.67160 0.09714 1.00000 0.95876 1.00000 1.00000 0.95997 0.96387
103.00000 110.00000 0.83332 0.99964 1.00000 0.06027 0.18377 0.31866 0.25940 0.14659 0.14617 0.13319 0.64990 0.28849 0.23077 0.47890 0.13339 0.99267 0.50124 0.40445 0.00000 0.32990 0.65116 1.00000 0.15843 0.15772
103.00000 111.00000 0.83317 0.99857 1.00000 0.06027 0.19185 0.32614 0.27681 0.14659 0.14617 0.13542 0.64998 0.29770 0.23077 0.48377 0.13346 0.99262 0.50475 0.40154 0.00000 0.35052 0.65116 1.00000 0.15473 0.14896
103.00000 112.00000 0.83322 0.99762 1.00000 0.06027 0.18882 0.32811 0.28659 0.14659 0.14617 0.13239 0.65007 0.29646 0.23077 0.49026 0.13388 0.99286 0.50059 0.39850 0.00000 0.32990 0.65116 1.00000 0.15910 0.16076
103.00000 113.00000 0.83331 0.99822 1.00000 0.06027 0.18010 0.33735 0.26502 0.14659 0.14617 0.13312 0.64994 0.29359 0.23077 0.48458 0.13395 0.99245 0.50076 0.39317 0.00000 0.31959 0.65116 1.00000 0.16044 0.15781
103.00000 114.00000 0.00003 0.00000 1.00000 1.00000 0.98375 0.93095 0.92386 1.00000 1.00000 0.96033 0.99897 0.86992 0.94872 0.95130 0.95833 0.99352 0.67639 0.10327 1.00000 0.94845 1.00000 1.00000 0.96334 0.96382
103.00000 115.00000 0.00000 0.00000 1.00000 1.00000 0.99247 0.94551 0.92410 1.00000 1.00000 0.95932 0.99890 0.86966 0.94872 0.94481 0.95999 0.99363 0.67211 0.10060 1.00000 0.94845 1.00000 1.00000 0.96502 0.96169
103.00000 116.00000 0.59530 0.73634 0.00000 0.23809 0.01478 0.05992 0.05318 0.29318 0.21079 0.08955 0.00084 0.01652 0.02564 0.06575 0.08942 0.00110 0.05689 0.95606 0.00000 0.05155 0.00000 0.00000 0.13555 0.13569
103.00000 117.00000 0.47618 0.83135 1.00000 0.62699 0.66431 0.64966 0.54877 0.50794 0.50125 0.45392 0.86354 0.60533 0.35897 0.69886 0.45506 0.99333 0.49602 0.36193 0.00000 0.67010 0.86469 1.00000 0.48436 0.48754
103.00000 118.00000 0.99989 0.99762 1.00000 0.00000 0.13595 0.29512 0.23384 0.00000 0.00314 0.00626 0.62656 0.27070 0.23077 0.49594 0.00469 0.99223 0.55000 0.43358 0.00000 0.29897 0.62791 1.00000 0.01144 0.01726
103.00000 119.00000 0.83324 0.99762 1.00000 0.06027 0.18469 0.34140 0.27474 0.14659 0.14617 0.13317 0.65003 0.29237 0.23077 0.49432 0.13341 0.99275 0.51030 0.40552 0.00000 0.32990 0.65116 1.00000 0.14733 0.15618
103.00000 120.00000 0.83320 0.99881 1.00000 0.06027 0.18726 0.31593 0.23692 0.14659 0.14617 0.13579 0.65003 0.29425 0.23077 0.49675 0.13380 0.99264 0.49672 0.41237 0.00000 0.34021 0.65116 1.00000 0.15876 0.15716
103.00000 121.00000 0.47614 0.83135 1.00000 0.62699 0.66578 0.67551 0.56313 0.50794 0.50125 0.45652 0.86346 0.60110 0.38462 0.68588 0.45430 0.99336 0.50634 0.37048 1.00000 0.64948 0.86469 1.00000 0.47864 0.48683
103.00000 122.00000 0.59516 0.73634 0.00000 0.23809 0.01606 0.05274 0.07662 0.29318 0.21079 0.09007 0.00091 0.01845 0.02564 0.08198 0.08825 0.00121 0.04727 0.95748 0.00000 0.05155 0.00000 0.00000 0.13959 0.13748
103.00000 123.00000 0.83326 0.99762 1.00000 0.06027 0.19130 0.33368 0.26067 0.14659 0.14617 0.13301 0.64990 0.29494 0.23077 0.49675 0.13363 0.99248 0.50595 0.40725 0.00000 0.34021 0.65116 1.00000 0.15607 0.15729
103.00000 124.00000 0.23811 0.29810 1.00000 0.59794 0.63448 0.69716 0.69422 0.61718 0.61606 0.59320 0.85314 0.64741 0.84615 0.76380 0.59358 0.99383 0.66276 0.18228 1.00000 0.69072 0.85412 1.00000 0.61419 0.61925
103.00000 125.00000 0.59529 0.73741 0.00000 0.23809 0.01616 0.06834 0.06677 0.29318 0.21079 0.08991 0.00097 0.01437 0.02564 0.07468 0.08634 0.00113 0.05300 0.95686 0.00000 0.08247 0.00000 0.00000 0.13656 0.13573
103.00000 126.00000 0.59530 0.73800 0.00000 0.23809 0.01588 0.04685 0.07777 0.29318 0.21016 0.09010 0.00095 0.01407 0.02564 0.07062 0.08854 0.00135 0.04537 0.94382 0.00000 0.04124 0.00000 0.00000 0.13253 0.13940
103.00000 127.00000 0.83329 0.99762 1.00000 0.06027 0.19001 0.34664 0.26446 0.14659 0.14617 0.13331 0.64998 0.29396 0.23077 0.48945 0.13310 0.99267 0.51090 0.40189 0.00000 0.34021 0.65116 1.00000 0.15136 0.15597
103.00000 128.00000 0.59509 0.73634 0.00000 0.23809 0.01377 0.07161 0.06413 0.29318 0.21079 0.09205 0.00091 0.01546 0.02564 0.07062 0.08893 0.00135 0.04499 0.95205 0.00000 0.05155 0.00000 0.00000 0.13656 0.14145
103.00000 129.00000 0.99980 0.99762 1.00000 0.00000 0.12925 0.29952 0.25829 0.00000 0.00314 0.00649 0.62660 0.27157 0.23077 0.50244 0.00521 0.99231 0.55065 0.42811 0.00000 0.30928 0.62791 1.00000 0.00807 0.01322
103.00000 130.00000 0.00003 0.00202 1.00000 1.00000 0.98742 0.93746 0.93971 1.00000 1.00000 0.95856 0.99899 0.87996 0.94872 0.94886 0.96009 0.99369 0.66429 0.09441 1.00000 0.93814 1.00000 1.00000 0.95896 0.96131
103.00000 131.00000 0.99990 0.99762 1.00000 0.00000 0.13338 0.29833 0.26353 0.00000 0.00251 0.00329 0.62665 0.27284 0.23077 0.50487 0.00513 0.99245 0.54510 0.43493 0.00000 0.30928 0.62791 1.00000 0.01547 0.02063
103.00000 132.00000 0.83316 0.99929 1.00000 0.06027 0.19167 0.33962 0.25099 0.14659 0.14617 0.13257 0.64986 0.29447 0.23077 0.48458 0.13393 0.99273 0.50670 0.41683 0.00000 0.34021 0.65116 1.00000 0.15607 0.15727
103.00000 133.00000 0.00005 0.00000 1.00000 1.00000 0.98568 0.94359 0.94260 1.00000 1.00000 0.95870 0.99899 0.87870 0.94872 0.94562 0.95958 0.99355 0.67675 0.11098 1.00000 0.94845 1.00000 1.00000 0.95560 0.95712
103.00000 134.00000 0.23819 0.29691 1.00000 0.59794 0.63613 0.68326 0.68476 0.61718 0.61669 0.59215 0.85306 0.64973 0.84615 0.77841 0.59309 0.99383 0.66470 0.17481 1.00000 0.71134 0.85412 1.00000 0.61924 0.61746
103.00000 135.00000 0.99998 0.99762 1.00000 0.00000 0.13402 0.30178 0.25901 0.00000 0.00251 0.00598 0.62673 0.27060 0.23077 0.49188 0.00560 0.99228 0.54770 0.42393 0.00000 0.30928 0.62791 1.00000 0.01379 0.01631
103.00000 136.00000 0.99980 0.99762 1.00000 0.00000 0.13402 0.30902 0.25649 0.00000 0.00314 0.00536 0.62667 0.27460 0.23077 0.50487 0.00408 0.99234 0.54926 0.42628 0.00000 0.29897 0.62791 1.00000 0.00975 0.01583
103.00000 137.00000 0.00006 0.00000 1.00000 1.00000 0.98825 0.95391 0.93664 1.00000 1.00000 0.95815 0.99903 0.87580 0.94872 0.94805 0.96041 0.99358 0.68089 0.08919 1.00000 0.92784 1.00000 1.00000 0.96401 0.96438
103.00000 138.00000 0.23809 0.29691 1.00000 0.59794 0.64384 0.71120 0.70580 0.61718 0.61669 0.59293 0.85318 0.64849 0.84615 0.77841 0.59309 0.99375 0.65278 0.17152 1.00000 0.70103 0.85412 1.00000 0.60881 0.61891
103.00000 139.00000 0.83334 0.99762 1.00000 0.06027 0.18680 0.34715 0.25089 0.14659 0.14617 0.13195 0.65009 0.30164 0.23077 0.48782 0.13317 0.99275 0.50350 0.40085 0.00000 0.34021 0.65116 1.00000 0.15136 0.16380
103.00000 140.00000 0.23821 0.29691 1.00000 0.59794 0.63475 0.71339 0.67755 0.61718 0.61669 0.59359 0.85314 0.64882 0.84615 0.77354 0.59270 0.99388 0.65879 0.17872 1.00000 0.70103 0.85412 1.00000 0.61655 0.61889
103.00000 141.00000 0.00004 0.00000 1.00000 1.00000 0.98449 0.93627 0.94781 1.00000 1.00000 0.95937 0.99892 0.88238 0.94872 0.93263 0.95826 0.99358 0.66684 0.09327 1.00000 0.94845 1.00000 1.00000 0.96098 0.96685
103.00000 142.00000 0.59520 0.73872 0.00000 0.23809 0.01625 0.07064 0.06497 0.29318 0.21079 0.08978 0.00101 0.01515 0.02564 0.06656 0.08820 0.00141 0.04802 0.94717 0.00000 0.06186 0.00000 0.00000 0.13858 0.13861
103.00000 143.00000 0.83326 0.99762 1.00000 0.06027 0.18662 0.36635 0.26223 0.14659 0.14617 0.13314 0.65011 0.28981 0.23077 0.48945 0.13248 0.99281 0.50665 0.41154 0.00000 0.32990 0.65116 1.00000 0.15742 0.15552
103.00000 144.00000 0.59529 0.73634 0.00000 0.23809 0.01258 0.06392 0.06795 0.29318 0.21079 0.09083 0.00110 0.01656 0.02564 0.06981 0.08884 0.00132 0.04081 0.94492 0.00000 0.05155 0.00000 0.00000 0.13858 0.12749
103.00000 145.00000 0.23808 0.29739 1.00000 0.59794 0.64100 0.70407 0.69756 0.61718 0.61669 0.59373 0.85308 0.64727 0.84615 0.77679 0.59419 0.99380 0.66211 0.18069 1.00000 0.71134 0.85412 1.00000 0.61218 0.61539
103.00000 146.00000 0.99989 0.99857 1.00000 0.00000 0.13512 0.31183 0.25445 0.00000 0.00314 0.00525 0.62646 0.27482 0.23077 0.50974 0.00591 0.99217 0.54313 0.43963 0.00000 0.31959 0.62791 1.00000 0.01245 0.01467
103.00000 147.00000 0.23819 0.29691 1.00000 0.59794 0.64136 0.70494 0.71385 0.61718 0.61669 0.59286 0.85314 0.64793 0.84615 0.77679 0.59277 0.99372 0.65318 0.18311 1.00000 0.71134 0.85412 1.00000 0.61756 0.62238
103.00000 148.00000 0.59523 0.73765 0.00000 0.23809 0.01469 0.05330 0.08426 0.29318 0.21079 0.09217 0.00099 0.01993 0.02564 0.07468 0.08783 0.00135 0.04379 0.95973 0.00000 0.06186 0.00000 0.00000 0.13757 0.13250
103.00000 149.00000 0.47626 0.83135 1.00000 0.62699 0.66596 0.67440 0.57351 0.50794 0.50125 0.45461 0.86367 0.60634 0.35897 0.67532 0.45489 0.99347 0.48883 0.38511 0.00000 0.63918 0.86469 1.00000 0.47696 0.48520
103.00000 150.00000 0.23811 0.29691 1.00000 0.59794 0.63760 0.70821 0.69523 0.61718 0.61669 0.59196 0.85314 0.64700 0.84615 0.77192 0.59255 0.99388 0.66612 0.18595 1.00000 0.72165 0.85412 1.00000 0.61218 0.61613
103.00000 151.00000 0.59524 0.73670 0.00000 0.23809 0.01285 0.08290 0.06699 0.29318 0.21079 0.08984 0.00093 0.01903 0.02564 0.07305 0.08864 0.00149 0.05728 0.95541 0.00000 0.06186 0.00000 0.00000 0.13690 0.13702
103.00000 152.00000 0.23818 0.29691 1.00000 0.59794 0.63962 0.71058 0.70698 0.61718 0.61669 0.59284 0.85308 0.64522 0.84615 0.78409 0.59363 0.99402 0.66167 0.18294 1.00000 0.71134 0.85412 1.00000 0.60881 0.61372
103.00000 153.00000 0.47615 0.83135 1.00000 0.62699 0.66752 0.66935 0.56825 0.50794 0.50125 0.45295 0.86371 0.60303 0.38462 0.69481 0.45486 0.99350 0.49631 0.37823 0.00000 0.67010 0.86469 1.00000 0.48066 0.48618
103.00000 154.00000 0.99995 0.99846 1.00000 0.00000 0.13227 0.30427 0.25954 0.00000 0.00314 0.00525 0.62665 0.27144 0.23077 0.51380 0.00481 0.99226 0.55056 0.42725 0.00000 0.31959 0.62791 1.00000 0.01615 0.01416
103.00000 155.00000 0.00006 0.00119 1.00000 1.00000 0.98807 0.94321 0.94862 1.00000 1.00000 0.95868 0.99899 0.88269 0.94872 0.96185 0.95887 0.99375 0.66906 0.08497 1.00000 0.92784 1.00000 1.00000 0.96435 0.96506
103.00000 156.00000 0.00002 0.00000 1.00000 1.00000 0.98412 0.95145 0.94555 1.00000 1.00000 0.95822 0.99903 0.87718 0.94872 0.95211 0.95880 0.99361 0.68307 0.10320 1.00000 0.93814 1.00000 1.00000 0.96334 0.97077
103.00000 157.00000 0.23807 0.29857 1.00000 0.59794 0.63668 0.70564 0.70727 0.61718 0.61669 0.59408 0.85318 0.65410 0.84615 0.78084 0.59350 0.99394 0.65073 0.18339 1.00000 0.70103 0.85412 1.00000 0.60915 0.61891
103.00000 158.00000 0.00006 0.00000 1.00000 1.00000 0.98880 0.95069 0.93520 1.00000 1.00000 0.95891 0.99903 0.88038 0.94872 0.95211 0.95960 0.99372 0.67685 0.11012 1.00000 0.94845 1.00000 1.00000 0.96300 0.96010
103.00000 159.00000 0.00005 0.00000 1.00000 1.00000 0.98706 0.96881 0.94212 1.00000 1.00000 0.95820 0.99903 0.88356 0.94872 0.94724 0.96021 0.99386 0.67742 0.09707 1.00000 0.93814 1.00000 1.00000 0.96266 0.96728
103.00000 160.00000 0.47627 0.83147 1.00000 0.62699 0.66514 0.66317 0.55895 0.50794 0.50125 0.45530 0.86365 0.60563 0.38462 0.70536 0.45555 0.99358 0.50451 0.37418 0.00000 0.65979 0.86469 1.00000 0.48369 0.48059
103.00000 161.00000 0.23812 0.29691 1.00000 0.59794 0.64347 0.69967 0.71291 0.61718 0.61606 0.59169 0.85325 0.64883 0.84615 0.76948 0.59294 0.99383 0.66812 0.18878 1.00000 0.70103 0.85412 1.00000 0.61184 0.61492
103.00000 162.00000 0.99990 0.99762 1.00000 0.00000 0.13338 0.30586 0.26591 0.00000 0.00314 0.00492 0.62669 0.27159 0.23077 0.52273 0.00501 0.99242 0.56022 0.42745 0.00000 0.30928 0.62791 1.00000 0.01749 0.01309
103.00000 163.00000 0.47621 0.83325 1.00000 0.62699 0.66064 0.66973 0.55754 0.50794 0.50125 0.45555 0.86373 0.60489 0.38462 0.69237 0.45481 0.99352 0.49544 0.37868 1.00000 0.67010 0.86469 1.00000 0.47561 0.47443
103.00000 164.00000 0.99992 0.99810 1.00000 0.00000 0.13420 0.29814 0.26629 0.00000 0.00314 0.00504 0.62660 0.28065 0.23077 0.51786 0.00433 0.99234 0.55219 0.41991 0.00000 0.30928 0.62791 1.00000 0.01245 0.01998
103.00000 165.00000 0.83331 0.99952 1.00000 0.06027 0.18763 0.34745 0.29254 0.14659 0.14617 0.13324 0.65022 0.30063 0.23077 0.49351 0.13422 0.99297 0.52954 0.40971 0.00000 0.35052 0.65116 1.00000 0.15674 0.15532
103.00000 166.00000 0.59514 0.73765 0.00000 0.23809 0.01184 0.08004 0.06852 0.29318 0.21079 0.09033 0.00110 0.01770 0.02564 0.06656 0.08940 0.00135 0.05514 0.96385 0.00000 0.07216 0.00000 0.00000 0.13185 0.13863
103.00000 167.00000 0.23819 0.29691 1.00000 0.59794 0.64109 0.70459 0.69062 0.61718 0.61669 0.59233 0.85325 0.64826 0.84615 0.78977 0.59346 0.99380 0.67600 0.18321 1.00000 0.71134 0.85412 1.00000 0.62294 0.62001
103.00000 168.00000 0.00005 0.00226 1.00000 1.00000 0.98559 0.94683 0.94620 1.00000 1.00000 0.95764 0.99909 0.87674 0.94872 0.95373 0.95850 0.99377 0.68228 0.11067 1.00000 0.93814 1.00000 1.00000 0.95661 0.96047
103.00000 169.00000 0.23807 0.29691 1.00000 0.59794 0.63769 0.69576 0.70621 0.61718 0.61669 0.59313 0.85331 0.65438 0.84615 0.79221 0.59218 0.99380 0.67382 0.17927 1.00000 0.71134 0.85412 1.00000 0.61689 0.61257
103.00000 170.00000 0.23801 0.29691 1.00000 0.59794 0.63677 0.71650 0.71183 0.61718 0.61669 0.59274 0.85335 0.64593 0.84615 0.78653 0.59394 0.99388 0.66538 0.17152 1.00000 0.72165 0.85412 1.00000 0.61049 0.61250
103.00000 171.00000 0.47607 0.83135 1.00000 0.62699 0.66532 0.67680 0.56073 0.50794 0.50125 0.45684 0.86367 0.60590 0.35897 0.70617 0.45513 0.99358 0.48780 0.37390 1.00000 0.65979 0.86469 1.00000 0.47830 0.48110
103.00000 172.00000 0.99980 0.99917 1.00000 0.00000 0.13402 0.32147 0.26862 0.00000 0.00251 0.00387 0.62662 0.27258 0.23077 0.51786 0.00535 0.99245 0.55123 0.41600 0.00000 0.30928 0.62791 1.00000 0.01547 0.01536
103.00000 173.00000 0.83327 0.99762 1.00000 0.06027 0.18974 0.33929 0.26752 0.14659 0.14617 0.13455 0.65011 0.30296 0.23077 0.49351 0.13285 0.99289 0.51040 0.42178 0.00000 0.34021 0.65116 1.00000 0.15641 0.15643
103.00000 174.00000 0.83316 0.99952 1.00000 0.06027 0.19001 0.35506 0.28344 0.14659 0.14617 0.13310 0.65015 0.29648 0.23077 0.50568 0.13239 0.99308 0.51855 0.41192 0.00000 0.34021 0.65116 1.00000 0.15573 0.15255
103.00000 175.00000 0.83331 0.99905 1.00000 0.06027 0.18900 0.35698 0.26879 0.14659 0.14617 0.13388 0.65017 0.29837 0.23077 0.51136 0.13373 0.99297 0.51809 0.40248 0.00000 0.36082 0.65116 1.00000 0.15136 0.15343
103.00000 176.00000 0.47615 0.83314 1.00000 0.62699 0.66596 0.65979 0.56623 0.50794 0.50125 0.45472 0.86365 0.61111 0.38462 0.70698 0.45371 0.99358 0.50626 0.36722 0.00000 0.65979 0.86469 1.00000 0.47662 0.48000
103.00000 177.00000 0.99992 0.99881 1.00000 0.00000 0.13374 0.30422 0.27734 0.00000 0.00251 0.00430 0.62669 0.27911 0.23077 0.50893 0.00503 0.99242 0.56823 0.42448 0.00000 0.31959 0.62791 1.00000 0.01749 0.01735
103.00000 178.00000 0.83326 0.99762 1.00000 0.06027 0.18928 0.35350 0.27707 0.14659 0.14617 0.13181 0.65013 0.30307 0.23077 0.51218 0.13283 0.99295 0.52156 0.41241 0.00000 0.34021 0.65116 1.00000 0.15641 0.15285
103.00000 179.00000 0.99999 0.99762 1.00000 0.00000 0.13567 0.32409 0.27371 0.00000 0.00314 0.00704 0.62665 0.27492 0.23077 0.51380 0.00479 0.99240 0.56020 0.42503 0.00000 0.30928 0.62791 1.00000 0.01446 0.01198
103.00000 180.00000 0.59519 0.73634 0.00000 0.23809 0.01450 0.06772 0.07727 0.29318 0.21079 0.09120 0.00108 0.01875 0.02564 0.08604 0.08847 0.00154 0.05781 0.96599 0.00000 0.07216 0.00000 0.00000 0.13925 0.13831
103.00000 181.00000 0.00006 0.00226 1.00000 1.00000 0.98807 0.94815 0.94010 1.00000 1.00000 0.95983 0.99916 0.88462 0.94872 0.96429 0.95792 0.99361 0.68435 0.10634 1.00000 0.95876 1.00000 1.00000 0.95627 0.96161
103.00000 182.00000 0.23802 0.29691 1.00000 0.59794 0.64604 0.71793 0.72607 0.61718 0.61669 0.59122 0.85322 0.64800 0.84615 0.78653 0.59294 0.99394 0.67557 0.18591 1.00000 0.71134 0.85412 1.00000 0.61117 0.61333
103.00000 183.00000 0.59528 0.73658 0.00000 0.23809 0.01625 0.07545 0.08637 0.29318 0.21079 0.09049 0.00120 0.02278 0.02564 0.08198 0.08820 0.00163 0.06324 0.95077 0.00000 0.07216 0.00000 0.00000 0.13656 0.13401
103.00000 184.00000 1.00000 0.99786 1.00000 0.00000 0.13081 0.28367 0.26175 0.00000 0.00251 0.00536 0.62667 0.27144 0.23077 0.52841 0.00501 0.99248 0.56770 0.44181 0.00000 0.30928 0.62791 1.00000 0.00572 0.01370
103.00000 185.00000 0.99979 0.99762 1.00000 0.00000 0.13641 0.32965 0.25719 0.00000 0.00251 0.00483 0.62665 0.26968 0.23077 0.52435 0.00623 0.99242 0.56563 0.43524 0.00000 0.30928 0.62791 1.00000 0.01850 0.01644
103.00000 186.00000 0.99983 0.99762 1.00000 0.00000 0.13264 0.30791 0.27314 0.00000 0.00251 0.00474 0.62665 0.27803 0.23077 0.51867 0.00545 0.99262 0.57237 0.44295 0.00000 0.30928 0.62791 1.00000 0.01480 0.01257
103.00000 187.00000 0.47620 0.83135 1.00000 0.62699 0.66716 0.68226 0.56416 0.50794 0.50125 0.45396 0.86382 0.61261 0.35897 0.70779 0.45511 0.99366 0.50860 0.38124 1.00000 0.68041 0.86469 1.00000 0.47427 0.48190
103.00000 188.00000 0.47606 0.83135 1.00000 0.62699 0.66596 0.67310 0.56222 0.50794 0.50125 0.45704 0.86371 0.60888 0.38462 0.72321 0.45537 0.99372 0.51855 0.37850 1.00000 0.67010 0.86469 1.00000 0.47158 0.47780
103.00000 189.00000 0.99995 0.99798 1.00000 0.00000 0.13512 0.33994 0.28145 0.00000 0.00251 0.00423 0.62658 0.28395 0.23077 0.51136 0.00486 0.99253 0.56114 0.42410 0.00000 0.30928 0.62791 1.00000 0.01648 0.01617
103.00000 190.00000 0.00005 0.00119 1.00000 1.00000 0.98990 0.95939 0.96378 1.00000 1.00000 0.95663 0.99905 0.88243 0.94872 0.96104 0.95686 0.99375 0.69007 0.10932 1.00000 0.94845 1.00000 1.00000 0.95795 0.96156
103.00000 191.00000 0.00006 0.00000 1.00000 1.00000 0.99045 0.95955 0.96546 1.00000 1.00000 0.95771 0.99903 0.88729 0.94872 0.96672 0.95777 0.99380 0.69928 0.12572 1.00000 0.95876 1.00000 1.00000 0.95795 0.95859
103.00000 192.00000 0.47619 0.83230 1.00000 0.62699 0.66348 0.67713 0.58059 0.50794 0.50125 0.45500 0.86371 0.60997 0.35897 0.70860 0.45435 0.99369 0.50384 0.39376 1.00000 0.67010 0.86469 1.00000 0.47797 0.47575
103.00000 193.00000 0.47606 0.83135 1.00000 0.62699 0.67193 0.67623 0.57786 0.50794 0.50125 0.45527 0.86380 0.60759 0.38462 0.69562 0.45347 0.99366 0.50352 0.39040 1.00000 0.65979 0.86469 1.00000 0.47797 0.47854
103.00000 194.00000 0.00007 0.00000 1.00000 1.00000 0.98871 0.96263 0.95982 1.00000 1.00000 0.95757 0.99909 0.88059 0.94872 0.97565 0.95801 0.99380 0.70217 0.11288 1.00000 0.95876 1.00000 1.00000 0.95997 0.95704
103.00000 195.00000 0.59514 0.73646 0.00000 0.23809 0.01469 0.06645 0.07912 0.29318 0.21079 0.08948 0.00116 0.02439 0.02564 0.08117 0.08832 0.00154 0.06310 0.97402 0.00000 0.07216 0.00000 0.00000 0.13993 0.13655
103.00000 196.00000 0.47622 0.83135 1.00000 0.62699 0.66605 0.69695 0.56635 0.50794 0.50125 0.45491 0.86365 0.60902 0.35897 0.70860 0.45584 0.99363 0.51764 0.38137 1.00000 0.65979 0.86469 1.00000 0.48167 0.47489
103.00000 197.00000 0.59520 0.73634 0.00000 0.23809 0.01726 0.08004 0.07924 0.29318 0.21079 0.08706 0.00103 0.01967 0.02564 0.08198 0.08742 0.00160 0.08245 0.97021 0.00000 0.08247 0.00000 0.00000 0.13892 0.13885
103.00000 198.00000 0.83314 0.99762 1.00000 0.06027 0.19121 0.35647 0.29538 0.14659 0.14617 0.13199 0.65036 0.30740 0.23077 0.51461 0.13202 0.99306 0.53276 0.42472 0.00000 0.35052 0.65116 1.00000 0.15069 0.15142
103.00000 199.00000 0.00003 0.00000 1.00000 1.00000 0.98880 0.96930 0.97031 1.00000 1.00000 0.95541 0.99916 0.88423 0.94872 0.97078 0.95774 0.99397 0.69789 0.10762 1.00000 0.94845 1.00000 1.00000 0.94786 0.95502
103.00000 200.00000 0.23805 0.29691 1.00000 0.59794 0.64705 0.72846 0.71879 0.61718 0.61669 0.59072 0.85318 0.65515 0.84615 0.80601 0.59157 0.99413 0.67199 0.18519 1.00000 0.72165 0.85412 1.00000 0.60511 0.61633
103.00000 201.00000 0.99985 0.99846 1.00000 0.00000 0.13512 0.30629 0.26855 0.00000 0.00251 0.00338 0.62662 0.28401 0.23077 0.52597 0.00584 0.99256 0.55573 0.44230 0.00000 0.32990 0.62791 1.00000 0.01379 0.01403
103.00000 202.00000 0.99977 0.99786 1.00000 0.00000 0.14448 0.32061 0.27705 0.00000 0.00314 0.00458 0.62677 0.28538 0.23077 0.51542 0.00342 0.99267 0.58703 0.43565 0.00000 0.31959 0.62791 1.00000 0.01312 0.01298
103.00000 203.00000 0.99995 0.99857 1.00000 0.00000 0.13787 0.32728 0.25433 0.00000 0.00314 0.00596 0.62684 0.27642 0.23077 0.52679 0.00555 0.99273 0.54902 0.44050 0.00000 0.30928 0.62791 1.00000 0.01345 0.01421
103.00000 204.00000 0.83334 0.99774 1.00000 0.06027 0.19424 0.34677 0.29593 0.14659 0.14617 0.13533 0.65032 0.31212 0.23077 0.52354 0.13488 0.99328 0.53507 0.41815 0.00000 0.35052 0.65116 1.00000 0.14564 0.15451
103.00000 205.00000 1.00000 0.99762 1.00000 0.00000 0.13521 0.32503 0.28721 0.00000 0.00251 0.00377 0.62675 0.28293 0.23077 0.52597 0.00560 0.99270 0.56609 0.44254 0.00000 0.31959 0.62791 1.00000 0.01211 0.00986
103.00000 206.00000 0.59510 0.73717 0.00000 0.23809 0.01386 0.06319 0.08868 0.29318 0.21079 0.08823 0.00120 0.02348 0.02564 0.08604 0.08754 0.00174 0.06656 0.96918 0.00000 0.08247 0.00000 0.00000 0.13421 0.13426
103.00000 207.00000 0.99997 0.99762 1.00000 0.00000 0.13641 0.31791 0.28611 0.00000 0.00251 0.00265 0.62698 0.27760 0.23077 0.52516 0.00428 0.99284 0.56753 0.44147 0.00000 0.34021 0.62791 1.00000 0.01245 0.01412
103.00000 208.00000 0.47616 0.83230 1.00000 0.62699 0.67211 0.69573 0.58520 0.50794 0.50125 0.45382 0.86386 0.61530 0.35897 0.71347 0.45462 0.99386 0.52055 0.40265 1.00000 0.67010 0.86469 1.00000 0.47730 0.47740
103.00000 209.00000 0.59530 0.73634 0.00000 0.23809 0.01799 0.05757 0.08627 0.29318 0.21079 0.08897 0.00143 0.02768 0.02564 0.08604 0.08830 0.00193 0.06536 0.97008 0.00000 0.07216 0.00000 0.00000 0.13858 0.13145
103.00000 210.00000 1.00000 0.99762 1.00000 0.00000 0.13797 0.31477 0.25899 0.00000 0.00314 0.00444 0.62698 0.28556 0.23077 0.51948 0.00481 0.99289 0.57660 0.43967 0.00000 0.30928 0.62791 1.00000 0.01177 0.01550
103.00000 211.00000 0.00006 0.00000 1.00000 1.00000 0.98733 0.96152 0.94829 1.00000 1.00000 0.95629 0.99916 0.89023 0.94872 0.97565 0.95726 0.99366 0.69854 0.11202 1.00000 0.96907 1.00000 1.00000 0.95863 0.95460
103.00000 212.00000 1.00000 0.99762 1.00000 0.00000 0.13778 0.31661 0.27045 0.00000 0.00314 0.00525 0.62688 0.28288 0.23077 0.52760 0.00469 0.99270 0.55724 0.43372 0.00000 0.32990 0.62791 1.00000 0.01211 0.00816
103.00000 213.00000 1.00000 0.99762 1.00000 0.00000 0.13815 0.30538 0.27940 0.00000 0.00314 0.00458 0.62688 0.28615 0.23077 0.53571 0.00611 0.99295 0.57694 0.44205 0.00000 0.31959 0.62791 1.00000 0.01076 0.00912
103.00000 214.00000 0.99995 0.99881 1.00000 0.00000 0.13870 0.33673 0.28990 0.00000 0.00314 0.00426 0.62692 0.27482 0.23077 0.53409 0.00489 0.99284 0.57480 0.44994 0.00000 0.31959 0.62791 1.00000 0.00975 0.01106
103.00000 215.00000 0.83321 0.99941 1.00000 0.06027 0.19323 0.37291 0.30585 0.14659 0.14617 0.13216 0.65053 0.31057 0.23077 0.51623 0.13251 0.99355 0.53647 0.42974 0.00000 0.35052 0.65116 1.00000 0.15304 0.14962
103.00000 216.00000 0.83324 0.99762 1.00000 0.06027 0.19469 0.34839 0.30938 0.14659 0.14617 0.13335 0.65057 0.30656 0.23077 0.51867 0.13212 0.99350 0.54457 0.41811 0.00000 0.34021 0.65116 1.00000 0.15170 0.14867
103.00000 217.00000 0.99979 0.99869 1.00000 0.00000 0.13622 0.32744 0.27902 0.00000 0.00314 0.00433 0.62705 0.28846 0.23077 0.53815 0.00467 0.99297 0.57645 0.43565 0.00000 0.32990 0.62791 1.00000 0.00942 0.01116
103.00000 218.00000 0.00004 0.00190 1.00000 1.00000 0.99174 0.94624 0.97048 1.00000 1.00000 0.95612 0.99907 0.89253 0.94872 0.98620 0.95552 0.99361 0.70048 0.10628 1.00000 0.95876 1.00000 1.00000 0.95325 0.95499
103.00000 219.00000 0.23814 0.29810 1.00000 0.59794 0.64145 0.72800 0.73671 0.61718 0.61669 0.59173 0.85331 0.66828 0.84615 0.81412 0.59199 0.99419 0.68435 0.18788 1.00000 0.73196 0.85412 1.00000 0.61117 0.60714
103.00000 220.00000 1.00000 0.99988 1.00000 0.00000 0.13374 0.33970 0.29713 0.00000 0.00314 0.00428 0.62692 0.28306 0.23077 0.53328 0.00540 0.99284 0.57883 0.45299 0.00000 0.34021 0.62791 1.00000 0.00942 0.01379
103.00000 221.00000 0.47612 0.83230 1.00000 0.62699 0.67165 0.67518 0.57384 0.50794 0.50125 0.45541 0.86386 0.62329 0.38462 0.72890 0.45330 0.99399 0.54231 0.39940 1.00000 0.69072 0.86469 1.00000 0.47360 0.47713
103.00000 222.00000 0.59523 0.73634 0.00000 0.23809 0.01588 0.08125 0.10513 0.29318 0.21079 0.08883 0.00135 0.02938 0.02564 0.09091 0.08783 0.00207 0.09532 0.97641 0.00000 0.08247 0.00000 0.00000 0.13555 0.13380
103.00000 223.00000 0.00004 0.00024 1.00000 1.00000 0.98834 0.97154 0.96537 1.00000 1.00000 0.95520 0.99930 0.89864 0.94872 0.98701 0.95779 0.99402 0.71198 0.11171 1.00000 0.97938 1.00000 1.00000 0.95863 0.95517
103.00000 224.00000 0.99985 0.99762 1.00000 0.00000 0.13806 0.33346 0.30357 0.00000 0.00314 0.00255 0.62707 0.28407 0.23077 0.53815 0.00445 0.99292 0.58821 0.44167 0.00000 0.30928 0.62791 1.00000 0.01211 0.00721
