231.00000 1.00000 0.99994 0.99964 1.00000 0.00000 0.12622 0.29879 0.22479 0.00000 0.00251 0.00589 0.62692 0.27943 0.23077 0.46266 0.00565 0.99300 0.56318 0.40563 0.00000 0.28866 0.62791 1.00000 0.02422 0.01267
231.00000 2.00000 0.00007 0.00000 1.00000 1.00000 0.97283 0.91524 0.90306 1.00000 1.00000 0.96204 0.99865 0.87707 0.94872 0.91640 0.96437 0.99322 0.69481 0.06684 1.00000 0.90722 1.00000 1.00000 0.97511 0.97355
231.00000 3.00000 0.47616 0.83266 1.00000 0.62699 0.65669 0.65091 0.52033 0.50794 0.50063 0.45898 0.86337 0.60782 0.38462 0.67451 0.45765 0.99319 0.52127 0.36076 0.00000 0.64948 0.86469 1.00000 0.48402 0.48477
231.00000 4.00000 0.47627 0.83135 1.00000 0.62699 0.66027 0.64845 0.52905 0.50794 0.50063 0.45631 0.86337 0.60360 0.38462 0.65503 0.45721 0.99317 0.49354 0.35034 0.00000 0.67010 0.86469 1.00000 0.48032 0.49276
231.00000 5.00000 0.00006 0.00000 1.00000 1.00000 0.98109 0.91354 0.89610 1.00000 1.00000 0.96066 0.99878 0.87645 0.94872 0.91234 0.96388 0.99314 0.68957 0.08396 1.00000 0.93814 1.00000 1.00000 0.97074 0.97965
231.00000 6.00000 0.59524 0.73658 0.00000 0.23809 0.00780 0.04323 0.04443 0.29318 0.21016 0.09261 0.00118 0.02003 0.02564 0.03328 0.08996 0.00157 0.05230 0.93206 0.00000 0.04124 0.00000 0.00000 0.14127 0.13976
231.00000 7.00000 0.59525 0.73789 0.00000 0.23809 0.00431 0.04256 0.05551 0.29318 0.21016 0.09155 0.00110 0.01839 0.02564 0.03409 0.08932 0.00171 0.05117 0.93001 0.00000 0.03093 0.00000 0.00000 0.14026 0.13723
231.00000 8.00000 0.00004 0.00214 1.00000 1.00000 0.97531 0.90274 0.89057 1.00000 1.00000 0.96365 0.99876 0.87882 0.94872 0.90341 0.96302 0.99328 0.69955 0.08680 1.00000 0.91753 1.00000 1.00000 0.97343 0.97527
231.00000 9.00000 0.00000 0.00000 1.00000 1.00000 0.97834 0.93209 0.90128 1.00000 0.99937 0.96204 0.99876 0.87712 0.94872 0.91883 0.96283 0.99314 0.70342 0.08998 1.00000 0.91753 1.00000 1.00000 0.97141 0.97431
231.00000 10.00000 0.23818 0.29739 1.00000 0.59794 0.62824 0.69209 0.66703 0.61718 0.61606 0.59569 0.85278 0.64690 0.84615 0.74351 0.59685 0.99322 0.67086 0.16121 1.00000 0.69072 0.85412 1.00000 0.62866 0.62453
231.00000 11.00000 0.99981 0.99917 1.00000 0.00000 0.12117 0.30151 0.23216 0.00000 0.00314 0.00686 0.62698 0.27165 0.23077 0.48539 0.00574 0.99292 0.57015 0.40348 0.00000 0.28866 0.62791 1.00000 0.01514 0.01570
231.00000 12.00000 0.00001 0.00000 1.00000 1.00000 0.97485 0.91505 0.91574 1.00000 1.00000 0.96252 0.99876 0.88473 0.94872 0.90990 0.96283 0.99325 0.71299 0.07760 1.00000 0.92784 1.00000 1.00000 0.97040 0.97543
231.00000 13.00000 0.23809 0.29881 1.00000 0.59794 0.63384 0.67961 0.64073 0.61718 0.61606 0.59573 0.85265 0.65112 0.84615 0.74269 0.59570 0.99328 0.66374 0.15966 1.00000 0.69072 0.85412 1.00000 0.62361 0.61965
231.00000 14.00000 0.23807 0.29691 1.00000 0.59794 0.63457 0.69090 0.67025 0.61718 0.61606 0.59539 0.85270 0.65001 0.84615 0.74675 0.59546 0.99333 0.67278 0.15405 1.00000 0.68041 0.85412 1.00000 0.62328 0.62511
231.00000 15.00000 0.99985 0.99846 1.00000 0.00000 0.12466 0.29236 0.21821 0.00000 0.00251 0.00587 0.62705 0.26984 0.23077 0.46429 0.00689 0.99292 0.56340 0.40095 0.00000 0.29897 0.62791 1.00000 0.02153 0.01358
231.00000 16.00000 0.83324 0.99762 1.00000 0.06027 0.17744 0.32039 0.23701 0.14659 0.14617 0.13420 0.65024 0.29699 0.23077 0.46104 0.13407 0.99300 0.52930 0.37044 0.00000 0.32990 0.65116 1.00000 0.15473 0.16118
231.00000 17.00000 0.00006 0.00202 1.00000 1.00000 0.97843 0.92129 0.89622 1.00000 1.00000 0.96310 0.99880 0.87925 0.94872 0.91558 0.96224 0.99336 0.69767 0.08071 1.00000 0.90722 1.00000 1.00000 0.96670 0.97730
231.00000 18.00000 0.99983 0.99762 1.00000 0.00000 0.12970 0.28809 0.23677 0.00000 0.00314 0.00614 0.62698 0.27599 0.23077 0.47321 0.00477 0.99297 0.57114 0.40272 0.00000 0.29897 0.62791 1.00000 0.01581 0.01485
231.00000 19.00000 0.47614 0.83135 1.00000 0.62699 0.65990 0.64108 0.53208 0.50794 0.50063 0.45681 0.86348 0.60486 0.38462 0.65584 0.45845 0.99311 0.50941 0.35754 0.00000 0.65979 0.86469 1.00000 0.48200 0.47900
231.00000 20.00000 0.99981 0.99798 1.00000 0.00000 0.13062 0.27257 0.22236 0.00000 0.00314 0.00681 0.62698 0.27536 0.23077 0.47078 0.00565 0.99289 0.57364 0.38961 0.00000 0.27835 0.62791 1.00000 0.01648 0.01127
231.00000 21.00000 0.59527 0.73634 0.00000 0.23809 0.01395 0.05590 0.05476 0.29318 0.21016 0.09024 0.00110 0.01637 0.02564 0.03815 0.09001 0.00160 0.05990 0.94112 0.00000 0.04124 0.00000 0.00000 0.14598 0.14105
231.00000 22.00000 0.47622 0.83135 1.00000 0.62699 0.65871 0.65131 0.53541 0.50794 0.50125 0.45642 0.86344 0.60250 0.38462 0.66883 0.45696 0.99311 0.51321 0.34491 0.00000 0.63918 0.86469 1.00000 0.48066 0.49241
231.00000 23.00000 0.23803 0.29739 1.00000 0.59794 0.63384 0.67931 0.65214 0.61718 0.61606 0.59537 0.85272 0.65230 0.84615 0.73377 0.59529 0.99328 0.68885 0.14938 1.00000 0.69072 0.85412 1.00000 0.61991 0.62381
231.00000 24.00000 0.83326 0.99964 1.00000 0.06027 0.17992 0.32201 0.24093 0.14659 0.14617 0.13556 0.65019 0.29466 0.23077 0.47971 0.13498 0.99300 0.50965 0.37221 0.00000 0.32990 0.65116 1.00000 0.16078 0.15780
231.00000 25.00000 0.00001 0.00154 1.00000 1.00000 0.97733 0.91964 0.90037 1.00000 1.00000 0.96250 0.99869 0.88168 0.94872 0.90990 0.96251 0.99325 0.69002 0.08375 1.00000 0.93814 1.00000 1.00000 0.97242 0.97424
231.00000 26.00000 0.83315 0.99762 1.00000 0.06027 0.18542 0.29349 0.24451 0.14659 0.14617 0.13510 0.65032 0.29114 0.23077 0.45292 0.13378 0.99303 0.52803 0.37421 0.00000 0.31959 0.65116 1.00000 0.15809 0.16109
231.00000 27.00000 0.83331 0.99810 1.00000 0.06027 0.18607 0.32025 0.22556 0.14659 0.14617 0.13572 0.65022 0.30067 0.23077 0.46347 0.13478 0.99317 0.53488 0.38559 0.00000 0.30928 0.65116 1.00000 0.16246 0.16945
231.00000 28.00000 0.99986 0.99964 1.00000 0.00000 0.12925 0.30241 0.23980 0.00000 0.00251 0.00584 0.62690 0.26999 0.23077 0.48620 0.00616 0.99275 0.56106 0.39618 0.00000 0.27835 0.62791 1.00000 0.02052 0.01322
231.00000 29.00000 0.47606 0.83135 1.00000 0.62699 0.65724 0.64197 0.54382 0.50794 0.50063 0.45688 0.86346 0.59766 0.38462 0.65828 0.45740 0.99319 0.50958 0.34360 0.00000 0.63918 0.86469 1.00000 0.48537 0.48956
231.00000 30.00000 0.59523 0.73682 0.00000 0.23809 0.00523 0.03329 0.05582 0.29318 0.21079 0.09169 0.00112 0.01561 0.02564 0.04464 0.08923 0.00163 0.06526 0.93251 0.00000 0.03093 0.00000 0.00000 0.13421 0.14470
231.00000 31.00000 0.23819 0.29869 1.00000 0.59794 0.62970 0.67691 0.65738 0.61718 0.61606 0.59578 0.85270 0.65250 0.84615 0.73133 0.59543 0.99314 0.67206 0.14443 1.00000 0.67010 0.85412 1.00000 0.61924 0.62952
231.00000 32.00000 0.99985 0.99762 1.00000 0.00000 0.13026 0.29868 0.22164 0.00000 0.00251 0.00541 0.62709 0.27190 0.23077 0.47890 0.00565 0.99306 0.56734 0.40556 0.00000 0.28866 0.62791 1.00000 0.01413 0.01956
231.00000 33.00000 0.23804 0.29691 1.00000 0.59794 0.63227 0.69608 0.66069 0.61718 0.61606 0.59504 0.85278 0.64868 0.84615 0.75162 0.59636 0.99325 0.67959 0.15516 1.00000 0.68041 0.85412 1.00000 0.62227 0.62229
231.00000 34.00000 0.47612 0.83135 1.00000 0.62699 0.65972 0.65820 0.54363 0.50794 0.50063 0.45769 0.86335 0.60412 0.38462 0.66396 0.45765 0.99322 0.51540 0.36179 0.00000 0.63918 0.86469 1.00000 0.48335 0.48195
231.00000 35.00000 0.47628 0.83135 1.00000 0.62699 0.65990 0.64694 0.52379 0.50794 0.50063 0.45661 0.86333 0.60436 0.38462 0.65260 0.45684 0.99325 0.51769 0.35930 0.00000 0.63918 0.86469 1.00000 0.49075 0.48601
231.00000 36.00000 0.59518 0.73694 0.00000 0.23809 0.00606 0.04118 0.03154 0.29318 0.21079 0.09228 0.00114 0.01613 0.02564 0.04302 0.08942 0.00165 0.05971 0.93053 0.00000 0.03093 0.00000 0.00000 0.13522 0.13636
231.00000 37.00000 0.47625 0.83135 1.00000 0.62699 0.65715 0.65658 0.53517 0.50794 0.50063 0.45840 0.86333 0.60345 0.38462 0.65503 0.45664 0.99322 0.52788 0.35173 0.00000 0.62887 0.86469 1.00000 0.48436 0.48983
231.00000 38.00000 0.99985 0.99786 1.00000 0.00000 0.12484 0.28245 0.23965 0.00000 0.00251 0.00605 0.62711 0.27326 0.23077 0.47403 0.00655 0.99289 0.56472 0.40829 0.00000 0.28866 0.62791 1.00000 0.01951 0.01743
231.00000 39.00000 0.99987 0.99762 1.00000 0.00000 0.12557 0.27937 0.22219 0.00000 0.00251 0.00490 0.62703 0.27605 0.23077 0.46997 0.00579 0.99311 0.57051 0.40535 0.00000 0.28866 0.62791 1.00000 0.01547 0.01684
231.00000 40.00000 0.00004 0.00059 1.00000 1.00000 0.97668 0.92015 0.90765 1.00000 1.00000 0.96160 0.99869 0.87854 0.94872 0.91721 0.96256 0.99328 0.69709 0.07594 1.00000 0.92784 1.00000 1.00000 0.96805 0.96865
231.00000 41.00000 0.59532 0.73812 0.00000 0.23809 0.01147 0.03113 0.04275 0.29318 0.21016 0.09053 0.00133 0.02214 0.02564 0.04383 0.08781 0.00168 0.05814 0.92922 0.00000 0.05155 0.00000 0.00000 0.13993 0.14669
231.00000 42.00000 0.00000 0.00071 1.00000 1.00000 0.97476 0.91950 0.90974 1.00000 1.00000 0.96197 0.99873 0.88084 0.94872 0.91721 0.96175 0.99336 0.69154 0.08652 1.00000 0.93814 1.00000 1.00000 0.96603 0.97073
231.00000 43.00000 0.99991 0.99762 1.00000 0.00000 0.12686 0.29422 0.22656 0.00000 0.00314 0.00649 0.62694 0.26978 0.23077 0.47078 0.00640 0.99275 0.56094 0.40822 0.00000 0.27835 0.62791 1.00000 0.01547 0.01433
231.00000 44.00000 0.47625 0.83219 1.00000 0.62699 0.65917 0.63611 0.53433 0.50794 0.50125 0.45845 0.86339 0.60925 0.38462 0.66315 0.45840 0.99322 0.51677 0.35737 0.00000 0.63918 0.86469 1.00000 0.48100 0.48753
231.00000 45.00000 0.47608 0.83135 1.00000 0.62699 0.65770 0.65482 0.51824 0.50794 0.50063 0.45670 0.86339 0.60748 0.38462 0.66315 0.45711 0.99322 0.52093 0.35837 0.00000 0.64948 0.86469 1.00000 0.48100 0.48264
231.00000 46.00000 0.99980 0.99846 1.00000 0.00000 0.12952 0.30635 0.21088 0.00000 0.00251 0.00621 0.62711 0.27757 0.23077 0.49351 0.00601 0.99306 0.56044 0.39791 0.00000 0.28866 0.62791 1.00000 0.01043 0.01553
231.00000 47.00000 0.99993 0.99762 1.00000 0.00000 0.12732 0.29374 0.22755 0.00000 0.00314 0.00582 0.62700 0.27393 0.23077 0.46266 0.00606 0.99292 0.57213 0.40998 0.00000 0.29897 0.62791 1.00000 0.01379 0.01806
231.00000 48.00000 0.83326 0.99762 1.00000 0.06027 0.18900 0.32895 0.24172 0.14659 0.14617 0.13432 0.65022 0.29808 0.23077 0.46023 0.13551 0.99308 0.52394 0.38061 0.00000 0.32990 0.65116 1.00000 0.15775 0.15990
231.00000 49.00000 0.99985 0.99762 1.00000 0.00000 0.12824 0.29209 0.21897 0.00000 0.00314 0.00582 0.62694 0.27421 0.23077 0.48782 0.00433 0.99278 0.56688 0.41227 0.00000 0.28866 0.62791 1.00000 0.01312 0.01461
231.00000 50.00000 0.00005 0.00131 1.00000 1.00000 0.98210 0.92080 0.88683 1.00000 1.00000 0.96310 0.99876 0.87460 0.94872 0.89935 0.96261 0.99319 0.68555 0.07068 1.00000 0.91753 1.00000 1.00000 0.97242 0.97170
231.00000 51.00000 0.59525 0.73824 0.00000 0.23809 0.01111 0.02792 0.04662 0.29318 0.21079 0.09180 0.00135 0.02498 0.02564 0.03166 0.08911 0.00174 0.05259 0.92773 0.00000 0.03093 0.00000 0.00000 0.14531 0.14018
231.00000 52.00000 0.23815 0.29762 1.00000 0.59794 0.63429 0.68477 0.67938 0.61718 0.61606 0.59387 0.85270 0.65502 0.84615 0.74513 0.59507 0.99339 0.68663 0.15827 1.00000 0.70103 0.85412 1.00000 0.62462 0.62197
231.00000 53.00000 0.23814 0.29857 1.00000 0.59794 0.62814 0.69176 0.65700 0.61718 0.61606 0.59495 0.85280 0.64671 0.84615 0.73945 0.59543 0.99328 0.67952 0.16187 1.00000 0.68041 0.85412 1.00000 0.61823 0.62398
231.00000 54.00000 0.23813 0.29691 1.00000 0.59794 0.63466 0.68876 0.65226 0.61718 0.61606 0.59431 0.85289 0.64878 0.84615 0.74351 0.59502 0.99336 0.66713 0.16363 1.00000 0.69072 0.85412 1.00000 0.61487 0.62756
231.00000 55.00000 0.99988 0.99762 1.00000 0.00000 0.12668 0.27419 0.23300 0.00000 0.00251 0.00600 0.62705 0.27382 0.23077 0.47727 0.00635 0.99289 0.55443 0.40860 0.00000 0.27835 0.62791 1.00000 0.01413 0.01422
231.00000 56.00000 0.83325 0.99762 1.00000 0.06027 0.18451 0.33594 0.23973 0.14659 0.14617 0.13524 0.65032 0.29383 0.23077 0.46591 0.13356 0.99292 0.52653 0.38587 0.00000 0.30928 0.65116 1.00000 0.16112 0.16069
231.00000 57.00000 0.00000 0.00071 1.00000 1.00000 0.98192 0.93101 0.89028 1.00000 1.00000 0.96314 0.99878 0.88603 0.94872 0.91234 0.96395 0.99330 0.69534 0.07296 1.00000 0.94845 1.00000 1.00000 0.97074 0.96903
231.00000 58.00000 0.83314 0.99762 1.00000 0.06027 0.18698 0.32512 0.24515 0.14659 0.14617 0.13522 0.65022 0.29775 0.23077 0.46834 0.13483 0.99303 0.52384 0.38006 0.00000 0.30928 0.65116 1.00000 0.16280 0.16310
231.00000 59.00000 0.23819 0.29691 1.00000 0.59794 0.63035 0.69446 0.66439 0.61718 0.61606 0.59442 0.85282 0.65089 0.84615 0.74432 0.59617 0.99322 0.67040 0.16156 1.00000 0.67010 0.85412 1.00000 0.61958 0.62518
231.00000 60.00000 0.59515 0.73836 0.00000 0.23809 0.01175 0.05028 0.03658 0.29318 0.21016 0.09155 0.00116 0.02320 0.02564 0.03896 0.08945 0.00163 0.04691 0.93361 0.00000 0.05155 0.00000 0.00000 0.14564 0.14228
231.00000 61.00000 0.59520 0.73634 0.00000 0.23809 0.01386 0.03745 0.07078 0.29318 0.21016 0.09035 0.00129 0.01632 0.02564 0.05114 0.08972 0.00171 0.05074 0.92258 0.00000 0.06186 0.00000 0.00000 0.13589 0.14364
231.00000 62.00000 0.59514 0.73634 0.00000 0.23809 0.00753 0.03219 0.04001 0.29318 0.21016 0.09035 0.00124 0.01825 0.02564 0.04627 0.08891 0.00179 0.06596 0.91922 0.00000 0.02062 0.00000 0.00000 0.13690 0.14214
231.00000 63.00000 0.99986 0.99917 1.00000 0.00000 0.12557 0.28799 0.24249 0.00000 0.00251 0.00538 0.62690 0.27605 0.23077 0.47890 0.00557 0.99300 0.56633 0.40604 0.00000 0.29897 0.62791 1.00000 0.01850 0.01579
231.00000 64.00000 0.59531 0.73658 0.00000 0.23809 0.01386 0.04790 0.04602 0.29318 0.21016 0.09113 0.00129 0.01642 0.02564 0.05195 0.09003 0.00165 0.05490 0.94607 0.00000 0.04124 0.00000 0.00000 0.13959 0.14713
231.00000 65.00000 0.59519 0.73812 0.00000 0.23809 0.01248 0.04256 0.05846 0.29318 0.21016 0.09093 0.00122 0.02442 0.02564 0.04789 0.09001 0.00160 0.05112 0.93638 0.00000 0.06186 0.00000 0.00000 0.13656 0.14052
231.00000 66.00000 0.23810 0.29846 1.00000 0.59794 0.63558 0.67518 0.66691 0.61718 0.61606 0.59594 0.85278 0.65021 0.84615 0.73701 0.59404 0.99319 0.68043 0.15201 1.00000 0.67010 0.85412 1.00000 0.61655 0.62604
231.00000 67.00000 0.47608 0.83230 1.00000 0.62699 0.65871 0.66036 0.52768 0.50794 0.50063 0.45649 0.86348 0.60341 0.38462 0.67208 0.45655 0.99306 0.52528 0.35584 0.00000 0.64948 0.86469 1.00000 0.48974 0.48549
231.00000 68.00000 0.83314 0.99762 1.00000 0.06027 0.18451 0.31990 0.23591 0.14659 0.14617 0.13505 0.65026 0.29302 0.25641 0.46510 0.13385 0.99311 0.52175 0.38601 0.00000 0.30928 0.65116 1.00000 0.15876 0.16218
231.00000 69.00000 0.99981 0.99762 1.00000 0.00000 0.12713 0.26587 0.20970 0.00000 0.00251 0.00584 0.62692 0.27912 0.23077 0.48295 0.00604 0.99297 0.56150 0.39148 0.00000 0.28866 0.62791 1.00000 0.01850 0.01698
231.00000 70.00000 0.23818 0.29822 1.00000 0.59794 0.63705 0.69152 0.66190 0.61718 0.61606 0.59502 0.85289 0.64530 0.84615 0.75244 0.59546 0.99328 0.67103 0.16443 1.00000 0.68041 0.85412 1.00000 0.61890 0.62548
231.00000 71.00000 0.00005 0.00000 1.00000 1.00000 0.97925 0.93260 0.91171 1.00000 1.00000 0.96070 0.99882 0.88269 0.94872 0.92208 0.96346 0.99336 0.68935 0.07756 1.00000 0.94845 1.00000 1.00000 0.96771 0.97161
231.00000 72.00000 0.99997 0.99762 1.00000 0.00000 0.12695 0.26266 0.23074 0.00000 0.00251 0.00690 0.62707 0.27558 0.23077 0.48782 0.00599 0.99311 0.57095 0.40825 0.00000 0.29897 0.62791 1.00000 0.01547 0.01189
231.00000 73.00000 0.99980 0.99786 1.00000 0.00000 0.13145 0.29017 0.24222 0.00000 0.00251 0.00665 0.62709 0.27692 0.23077 0.47646 0.00621 0.99292 0.55575 0.39255 0.00000 0.29897 0.62791 1.00000 0.01211 0.01633
231.00000 74.00000 0.47614 0.83325 1.00000 0.62699 0.65807 0.64124 0.54166 0.50794 0.50063 0.45741 0.86346 0.61147 0.38462 0.65584 0.45660 0.99325 0.52305 0.34623 0.00000 0.63918 0.86469 1.00000 0.48436 0.48417
231.00000 75.00000 0.47611 0.83302 1.00000 0.62699 0.65926 0.64297 0.52835 0.50794 0.50063 0.45774 0.86335 0.60761 0.35897 0.67614 0.45713 0.99333 0.50090 0.34986 0.00000 0.64948 0.86469 1.00000 0.48503 0.48897
231.00000 76.00000 0.83332 0.99774 1.00000 0.06027 0.18157 0.33187 0.25327 0.14659 0.14617 0.13522 0.65022 0.29308 0.23077 0.46347 0.13371 0.99300 0.52894 0.38777 0.00000 0.32990 0.65116 1.00000 0.15876 0.15289
231.00000 77.00000 0.99978 0.99762 1.00000 0.00000 0.13246 0.27989 0.24429 0.00000 0.00314 0.00559 0.62703 0.27149 0.23077 0.48214 0.00579 0.99295 0.56607 0.40383 0.00000 0.29897 0.62791 1.00000 0.01581 0.01734
231.00000 78.00000 0.23812 0.29893 1.00000 0.59794 0.63806 0.70086 0.68856 0.61718 0.61606 0.59546 0.85276 0.64690 0.84615 0.74594 0.59380 0.99333 0.66617 0.15585 1.00000 0.68041 0.85412 1.00000 0.61857 0.61992
231.00000 79.00000 0.00003 0.00024 1.00000 1.00000 0.98540 0.90857 0.89002 1.00000 1.00000 0.96280 0.99871 0.87965 0.94872 0.91721 0.96134 0.99344 0.69291 0.09137 1.00000 0.91753 1.00000 1.00000 0.96535 0.96500
231.00000 80.00000 0.00004 0.00000 1.00000 1.00000 0.98210 0.91605 0.89602 1.00000 1.00000 0.96139 0.99880 0.87833 0.94872 0.90909 0.96109 0.99341 0.70277 0.08614 1.00000 0.92784 1.00000 1.00000 0.96771 0.96837
231.00000 81.00000 0.99988 0.99929 1.00000 0.00000 0.12750 0.29096 0.22940 0.00000 0.00314 0.00828 0.62694 0.27510 0.23077 0.46916 0.00596 0.99297 0.56691 0.40978 0.00000 0.28866 0.62791 1.00000 0.01749 0.01511
231.00000 82.00000 0.59512 0.73634 0.00000 0.23809 0.00560 0.04931 0.03973 0.29318 0.21016 0.09143 0.00127 0.01543 0.02564 0.04951 0.08984 0.00149 0.04535 0.94299 0.00000 0.04124 0.00000 0.00000 0.14329 0.14155
231.00000 83.00000 0.99998 0.99762 1.00000 0.00000 0.12622 0.30254 0.23980 0.00000 0.00251 0.00764 0.62696 0.27744 0.23077 0.47727 0.00552 0.99300 0.56349 0.40089 0.00000 0.29897 0.62791 1.00000 0.01345 0.00848
231.00000 84.00000 0.00002 0.00190 1.00000 1.00000 0.98467 0.92139 0.89768 1.00000 1.00000 0.96238 0.99871 0.88382 0.94872 0.91721 0.96151 0.99328 0.70753 0.08064 1.00000 0.93814 1.00000 1.00000 0.96704 0.97419
231.00000 85.00000 0.00005 0.00000 1.00000 1.00000 0.98384 0.94124 0.89756 1.00000 1.00000 0.96243 0.99884 0.88517 0.94872 0.91558 0.96163 0.99333 0.68791 0.08389 1.00000 0.91753 1.00000 1.00000 0.97006 0.96753
231.00000 86.00000 0.00000 0.00154 1.00000 1.00000 0.97641 0.92558 0.88800 1.00000 1.00000 0.96158 0.99876 0.87352 0.94872 0.93019 0.96144 0.99328 0.69738 0.08099 1.00000 0.91753 1.00000 1.00000 0.96838 0.97416
231.00000 87.00000 0.23822 0.29691 1.00000 0.59794 0.63714 0.66827 0.67160 0.61718 0.61606 0.59410 0.85282 0.65382 0.84615 0.74351 0.59609 0.99347 0.67689 0.16305 1.00000 0.69072 0.85412 1.00000 0.61689 0.62726
231.00000 88.00000 0.83328 0.99929 1.00000 0.06027 0.18138 0.33073 0.23732 0.14659 0.14617 0.13413 0.65032 0.30296 0.23077 0.46672 0.13495 0.99308 0.53423 0.38798 0.00000 0.32990 0.65116 1.00000 0.15540 0.16763
231.00000 89.00000 0.47627 0.83290 1.00000 0.62699 0.65844 0.66327 0.52903 0.50794 0.50063 0.45681 0.86344 0.61232 0.38462 0.67614 0.45699 0.99325 0.51290 0.35543 0.00000 0.63918 0.86469 1.00000 0.47797 0.48804
231.00000 90.00000 0.83330 0.99834 1.00000 0.06027 0.17679 0.31421 0.25286 0.14659 0.14617 0.13568 0.65032 0.29607 0.23077 0.46672 0.13522 0.99314 0.52459 0.38656 0.00000 0.30928 0.65116 1.00000 0.16011 0.16756
231.00000 91.00000 0.83320 0.99762 1.00000 0.06027 0.18405 0.33557 0.23689 0.14659 0.14617 0.13669 0.65034 0.30393 0.23077 0.46510 0.13415 0.99314 0.52899 0.37587 0.00000 0.32990 0.65116 1.00000 0.15372 0.15478
231.00000 92.00000 0.00007 0.00131 1.00000 1.00000 0.98164 0.93860 0.91279 1.00000 1.00000 0.96305 0.99880 0.87388 0.94872 0.93101 0.96302 0.99344 0.68286 0.09199 1.00000 0.91753 1.00000 1.00000 0.96401 0.96915
231.00000 93.00000 0.23807 0.29691 1.00000 0.59794 0.63356 0.68304 0.66975 0.61718 0.61606 0.59608 0.85284 0.65136 0.84615 0.76786 0.59565 0.99330 0.69072 0.14295 1.00000 0.70103 0.85412 1.00000 0.62260 0.62420
231.00000 94.00000 0.47608 0.83325 1.00000 0.62699 0.65513 0.65317 0.54000 0.50794 0.50063 0.45905 0.86339 0.60693 0.38462 0.66315 0.45635 0.99328 0.49410 0.36221 0.00000 0.63918 0.86469 1.00000 0.49344 0.48471
231.00000 95.00000 0.23809 0.29846 1.00000 0.59794 0.63549 0.68034 0.69048 0.61718 0.61606 0.59596 0.85280 0.64984 0.84615 0.75649 0.59375 0.99339 0.66869 0.15633 1.00000 0.69072 0.85412 1.00000 0.62361 0.62436
231.00000 96.00000 0.59518 0.73634 0.00000 0.23809 0.01441 0.06467 0.05017 0.29318 0.21079 0.09042 0.00118 0.01821 0.02564 0.05519 0.09079 0.00160 0.05771 0.93164 0.00000 0.05155 0.00000 0.00000 0.13858 0.13705
231.00000 97.00000 0.99986 0.99762 1.00000 0.00000 0.13163 0.28488 0.23913 0.00000 0.00251 0.00511 0.62681 0.27731 0.23077 0.46510 0.00516 0.99289 0.56455 0.41012 0.00000 0.29897 0.62791 1.00000 0.01312 0.01398
231.00000 98.00000 0.99981 0.99952 1.00000 0.00000 0.12998 0.29960 0.23454 0.00000 0.00314 0.00594 0.62686 0.26990 0.23077 0.48214 0.00474 0.99284 0.56763 0.41189 0.00000 0.30928 0.62791 1.00000 0.01345 0.01003
231.00000 99.00000 0.00006 0.00095 1.00000 1.00000 0.98384 0.93617 0.92432 1.00000 1.00000 0.96128 0.99865 0.87307 0.94872 0.91071 0.96173 0.99333 0.68432 0.08379 1.00000 0.92784 1.00000 1.00000 0.96367 0.97174
231.00000 100.00000 0.23818 0.29905 1.00000 0.59794 0.63246 0.67931 0.68502 0.61718 0.61606 0.59465 0.85284 0.65410 0.84615 0.76623 0.59509 0.99341 0.67581 0.16159 1.00000 0.70103 0.85412 1.00000 0.61722 0.62686
231.00000 101.00000 0.99985 0.99964 1.00000 0.00000 0.12640 0.27505 0.24143 0.00000 0.00251 0.00736 0.62692 0.27151 0.23077 0.48945 0.00587 0.99286 0.56354 0.41818 0.00000 0.29897 0.62791 1.00000 0.02119 0.01697
231.00000 102.00000 0.23823 0.29691 1.00000 0.59794 0.63622 0.69673 0.66989 0.61718 0.61606 0.59440 0.85282 0.65628 0.84615 0.75649 0.59465 0.99341 0.69050 0.17024 1.00000 0.70103 0.85412 1.00000 0.62294 0.61805
231.00000 103.00000 0.59530 0.73634 0.00000 0.23809 0.01221 0.04909 0.04148 0.29318 0.21079 0.09056 0.00112 0.01940 0.02564 0.04627 0.08874 0.00165 0.05997 0.94717 0.00000 0.05155 0.00000 0.00000 0.14766 0.14266
231.00000 104.00000 0.23811 0.29691 1.00000 0.59794 0.63457 0.68331 0.68356 0.61718 0.61606 0.59472 0.85276 0.64915 0.84615 0.74269 0.59441 0.99330 0.67526 0.15215 1.00000 0.69072 0.85412 1.00000 0.61621 0.62352
231.00000 105.00000 0.00001 0.00000 1.00000 1.00000 0.98577 0.93903 0.90128 1.00000 1.00000 0.96245 0.99882 0.87556 0.94872 0.91802 0.96227 0.99336 0.69327 0.08223 1.00000 0.93814 1.00000 1.00000 0.96771 0.97726
231.00000 106.00000 0.83322 0.99762 1.00000 0.06027 0.18533 0.33135 0.25824 0.14659 0.14617 0.13374 0.65022 0.29628 0.23077 0.45130 0.13503 0.99292 0.51963 0.39327 0.00000 0.32990 0.65116 1.00000 0.15203 0.15854
231.00000 107.00000 0.83320 0.99762 1.00000 0.06027 0.18395 0.33489 0.23118 0.14659 0.14617 0.13528 0.65026 0.29925 0.25641 0.47078 0.13334 0.99303 0.50908 0.39705 0.00000 0.31959 0.65116 1.00000 0.15674 0.15625
231.00000 108.00000 1.00000 0.99893 1.00000 0.00000 0.12227 0.31458 0.23932 0.00000 0.00251 0.00633 0.62700 0.27372 0.23077 0.47484 0.00582 0.99292 0.57020 0.39033 0.00000 0.28866 0.62791 1.00000 0.02018 0.01167
231.00000 109.00000 0.83318 0.99762 1.00000 0.06027 0.18350 0.33427 0.25198 0.14659 0.14617 0.13499 0.65026 0.29778 0.23077 0.47321 0.13527 0.99306 0.51872 0.39974 0.00000 0.32990 0.65116 1.00000 0.15372 0.15856
231.00000 110.00000 0.47627 0.83135 1.00000 0.62699 0.66247 0.64397 0.53076 0.50794 0.50125 0.45629 0.86333 0.59939 0.38462 0.67776 0.45740 0.99303 0.50922 0.35916 0.00000 0.64948 0.86469 1.00000 0.48335 0.48202
231.00000 111.00000 0.00004 0.00012 1.00000 1.00000 0.98697 0.92034 0.90460 1.00000 1.00000 0.96153 0.99882 0.87873 0.94872 0.93669 0.96144 0.99341 0.68154 0.08725 1.00000 0.93814 1.00000 1.00000 0.96737 0.96461
231.00000 112.00000 0.23804 0.29739 1.00000 0.59794 0.63714 0.69141 0.68666 0.61718 0.61606 0.59507 0.85289 0.65319 0.84615 0.75162 0.59556 0.99352 0.68449 0.16571 1.00000 0.70103 0.85412 1.00000 0.62294 0.62306
231.00000 113.00000 0.23814 0.29691 1.00000 0.59794 0.63374 0.70105 0.66814 0.61718 0.61606 0.59440 0.85284 0.65249 0.84615 0.74838 0.59404 0.99347 0.66908 0.17744 1.00000 0.69072 0.85412 1.00000 0.62294 0.62532
231.00000 114.00000 0.23821 0.29691 1.00000 0.59794 0.63769 0.69822 0.67525 0.61718 0.61606 0.59527 0.85284 0.64892 0.84615 0.76218 0.59509 0.99341 0.67177 0.15948 1.00000 0.69072 0.85412 1.00000 0.62496 0.61978
231.00000 115.00000 0.00001 0.00190 1.00000 1.00000 0.98788 0.93319 0.89826 1.00000 1.00000 0.95918 0.99888 0.87807 0.94872 0.93101 0.96180 0.99344 0.67588 0.08832 1.00000 0.94845 1.00000 1.00000 0.97006 0.97311
231.00000 116.00000 0.83328 0.99762 1.00000 0.06027 0.18377 0.32215 0.25543 0.14659 0.14617 0.13273 0.65030 0.30135 0.23077 0.48214 0.13212 0.99306 0.51552 0.39352 0.00000 0.32990 0.65116 1.00000 0.15203 0.16231
231.00000 117.00000 0.99997 0.99762 1.00000 0.00000 0.12420 0.28691 0.25063 0.00000 0.00314 0.00564 0.62686 0.27123 0.23077 0.49107 0.00445 0.99286 0.55924 0.41379 0.00000 0.29897 0.62791 1.00000 0.01547 0.01702
231.00000 118.00000 0.23824 0.29739 1.00000 0.59794 0.63787 0.70340 0.67873 0.61718 0.61606 0.59472 0.85280 0.65311 0.84615 0.76299 0.59536 0.99352 0.67372 0.16429 1.00000 0.71134 0.85412 1.00000 0.61857 0.62575
231.00000 119.00000 0.00003 0.00000 1.00000 1.00000 0.98458 0.93703 0.92168 1.00000 1.00000 0.96024 0.99884 0.87841 0.94872 0.92776 0.96207 0.99350 0.69344 0.08348 1.00000 0.93814 1.00000 1.00000 0.96502 0.97214
231.00000 120.00000 0.47610 0.83135 1.00000 0.62699 0.66495 0.63965 0.53959 0.50794 0.50063 0.45493 0.86361 0.60433 0.38462 0.68506 0.45774 0.99330 0.50497 0.35474 0.00000 0.62887 0.86469 1.00000 0.48570 0.48899
231.00000 121.00000 0.47618 0.83266 1.00000 0.62699 0.65899 0.63854 0.54478 0.50794 0.50063 0.45677 0.86350 0.60494 0.35897 0.67127 0.45726 0.99339 0.51629 0.35325 0.00000 0.64948 0.86469 1.00000 0.48335 0.49151
231.00000 122.00000 0.83325 0.99762 1.00000 0.06027 0.18698 0.31693 0.24386 0.14659 0.14617 0.13305 0.65030 0.29785 0.23077 0.48052 0.13434 0.99297 0.52875 0.39172 0.00000 0.31959 0.65116 1.00000 0.15540 0.15527
231.00000 123.00000 0.23814 0.29691 1.00000 0.59794 0.63787 0.69168 0.68827 0.61718 0.61606 0.59221 0.85276 0.64402 0.84615 0.75406 0.59443 0.99347 0.68137 0.17104 1.00000 0.68041 0.85412 1.00000 0.62429 0.61500
231.00000 124.00000 0.59527 0.73634 0.00000 0.23809 0.01083 0.04420 0.03329 0.29318 0.21016 0.08971 0.00114 0.02293 0.02564 0.06006 0.08896 0.00160 0.06603 0.93171 0.00000 0.04124 0.00000 0.00000 0.14026 0.14330
231.00000 125.00000 0.99991 1.00000 1.00000 0.00000 0.12759 0.29809 0.23288 0.00000 0.00251 0.00502 0.62675 0.26479 0.23077 0.49838 0.00557 0.99262 0.55589 0.41625 0.00000 0.29897 0.62791 1.00000 0.00538 0.01424
231.00000 126.00000 0.99977 0.99762 1.00000 0.00000 0.12970 0.30543 0.24861 0.00000 0.00314 0.00619 0.62681 0.27088 0.23077 0.49188 0.00572 0.99284 0.55642 0.41369 0.00000 0.29897 0.62791 1.00000 0.01480 0.02091
231.00000 127.00000 0.99998 0.99762 1.00000 0.00000 0.12879 0.31572 0.23970 0.00000 0.00251 0.00384 0.62686 0.27105 0.23077 0.47808 0.00486 0.99267 0.55332 0.42130 0.00000 0.27835 0.62791 1.00000 0.01615 0.01443
231.00000 128.00000 0.00005 0.00083 1.00000 1.00000 0.98210 0.92253 0.89850 1.00000 1.00000 0.95866 0.99890 0.87871 0.94872 0.92614 0.96109 0.99336 0.68137 0.08656 1.00000 0.94845 1.00000 1.00000 0.97141 0.96458
231.00000 129.00000 0.59529 0.73634 0.00000 0.23809 0.00771 0.04850 0.04669 0.29318 0.21079 0.09111 0.00108 0.01848 0.02564 0.04708 0.08832 0.00149 0.04037 0.93863 0.00000 0.05155 0.00000 0.00000 0.13791 0.14316
231.00000 130.00000 0.47616 0.83135 1.00000 0.62699 0.66459 0.65928 0.54195 0.50794 0.50125 0.45679 0.86356 0.60741 0.38462 0.67370 0.45711 0.99325 0.51348 0.36716 0.00000 0.65979 0.86469 1.00000 0.48301 0.48208
231.00000 131.00000 0.23803 0.29691 1.00000 0.59794 0.63898 0.71118 0.66526 0.61718 0.61606 0.59412 0.85303 0.65060 0.84615 0.76218 0.59575 0.99347 0.67639 0.18366 1.00000 0.70103 0.85412 1.00000 0.61823 0.61973
231.00000 132.00000 0.23801 0.29703 1.00000 0.59794 0.63650 0.68539 0.66326 0.61718 0.61606 0.59403 0.85293 0.65214 0.84615 0.76623 0.59460 0.99347 0.67461 0.15914 1.00000 0.69072 0.85412 1.00000 0.61419 0.61831
231.00000 133.00000 0.23822 0.29691 1.00000 0.59794 0.63622 0.69614 0.69533 0.61718 0.61606 0.59500 0.85297 0.64775 0.84615 0.77192 0.59499 0.99363 0.66814 0.16986 1.00000 0.70103 0.85412 1.00000 0.61386 0.61986
231.00000 134.00000 0.59519 0.73658 0.00000 0.23809 0.01193 0.03167 0.04530 0.29318 0.21079 0.09143 0.00116 0.02028 0.02564 0.05925 0.08737 0.00160 0.05761 0.93686 0.00000 0.03093 0.00000 0.00000 0.13858 0.13694
231.00000 135.00000 0.99977 0.99762 1.00000 0.00000 0.13751 0.30176 0.23617 0.00000 0.00314 0.00649 0.62671 0.27615 0.23077 0.47565 0.00447 0.99275 0.55262 0.41697 0.00000 0.28866 0.62791 1.00000 0.01110 0.00783
231.00000 136.00000 0.83314 0.99786 1.00000 0.06027 0.18267 0.33716 0.26322 0.14659 0.14617 0.13432 0.65011 0.30331 0.23077 0.49269 0.13297 0.99289 0.51163 0.40576 0.00000 0.31959 0.65116 1.00000 0.15775 0.15791
231.00000 137.00000 0.23803 0.29691 1.00000 0.59794 0.63218 0.72182 0.67969 0.61718 0.61606 0.59353 0.85301 0.64754 0.84615 0.75893 0.59404 0.99363 0.66232 0.16792 1.00000 0.69072 0.85412 1.00000 0.61924 0.61816
231.00000 138.00000 0.00006 0.00000 1.00000 1.00000 0.98311 0.94216 0.92076 1.00000 1.00000 0.95895 0.99884 0.88048 0.94872 0.93588 0.96051 0.99350 0.68449 0.09600 1.00000 0.94845 1.00000 1.00000 0.95930 0.96036
231.00000 139.00000 0.99998 0.99834 1.00000 0.00000 0.13521 0.29671 0.26802 0.00000 0.00314 0.00479 0.62677 0.28068 0.23077 0.49351 0.00626 0.99270 0.56566 0.41569 0.00000 0.27835 0.62791 1.00000 0.01480 0.01849
231.00000 140.00000 0.47627 0.83373 1.00000 0.62699 0.66064 0.65517 0.55465 0.50794 0.50125 0.45794 0.86358 0.60564 0.38462 0.68019 0.45506 0.99339 0.50489 0.37127 1.00000 0.65979 0.86469 1.00000 0.48335 0.48127
231.00000 141.00000 0.83315 0.99822 1.00000 0.06027 0.18460 0.32020 0.27088 0.14659 0.14617 0.13448 0.65019 0.29169 0.23077 0.47971 0.13402 0.99286 0.51593 0.38687 0.00000 0.31959 0.65116 1.00000 0.15843 0.15616
231.00000 142.00000 0.99993 0.99798 1.00000 0.00000 0.12814 0.29984 0.24458 0.00000 0.00314 0.00729 0.62669 0.27148 0.23077 0.49351 0.00574 0.99270 0.56753 0.41753 0.00000 0.29897 0.62791 1.00000 0.01985 0.01465
231.00000 143.00000 0.99984 0.99762 1.00000 0.00000 0.12934 0.29687 0.25087 0.00000 0.00251 0.00451 0.62686 0.27581 0.23077 0.49756 0.00591 0.99267 0.55125 0.41479 0.00000 0.29897 0.62791 1.00000 0.01783 0.01374
231.00000 144.00000 0.99996 0.99917 1.00000 0.00000 0.13668 0.30800 0.24905 0.00000 0.00251 0.00630 0.62662 0.27596 0.23077 0.49432 0.00582 0.99245 0.55207 0.42621 0.00000 0.30928 0.62791 1.00000 0.01917 0.01983
231.00000 145.00000 0.23801 0.29715 1.00000 0.59794 0.63797 0.70386 0.69016 0.61718 0.61606 0.59364 0.85314 0.65704 0.84615 0.77516 0.59419 0.99361 0.66497 0.17512 1.00000 0.71134 0.85412 1.00000 0.60848 0.62456
231.00000 146.00000 0.83328 0.99964 1.00000 0.06027 0.18652 0.32617 0.27165 0.14659 0.14617 0.13420 0.65015 0.29897 0.23077 0.49107 0.13314 0.99289 0.51235 0.40310 0.00000 0.30928 0.65116 1.00000 0.15271 0.15673
231.00000 147.00000 0.99992 0.99762 1.00000 0.00000 0.12869 0.30735 0.24268 0.00000 0.00314 0.00456 0.62675 0.27299 0.23077 0.50974 0.00604 0.99256 0.55919 0.42925 0.00000 0.29897 0.62791 1.00000 0.01312 0.01165
231.00000 148.00000 0.47612 0.83159 1.00000 0.62699 0.66165 0.64845 0.55139 0.50794 0.50125 0.45734 0.86354 0.60420 0.38462 0.69237 0.45735 0.99347 0.50756 0.36861 0.00000 0.67010 0.86469 1.00000 0.48335 0.48940
231.00000 149.00000 0.59508 0.73634 0.00000 0.23809 0.01221 0.04086 0.06780 0.29318 0.21079 0.09019 0.00093 0.01892 0.02564 0.06169 0.08989 0.00152 0.06009 0.94492 0.00000 0.05155 0.00000 0.00000 0.13724 0.13943
231.00000 150.00000 0.23819 0.29869 1.00000 0.59794 0.63677 0.70075 0.70143 0.61718 0.61669 0.59394 0.85306 0.64451 0.84615 0.78815 0.59338 0.99363 0.66578 0.17370 1.00000 0.69072 0.85412 1.00000 0.61857 0.61622
231.00000 151.00000 0.00004 0.00000 1.00000 1.00000 0.98752 0.92966 0.92026 1.00000 1.00000 0.95905 0.99899 0.88104 0.94872 0.94481 0.96156 0.99355 0.68401 0.09303 1.00000 0.93814 1.00000 1.00000 0.96065 0.96615
231.00000 152.00000 0.83330 0.99762 1.00000 0.06027 0.19066 0.34372 0.25870 0.14659 0.14617 0.13545 0.65015 0.29837 0.23077 0.49107 0.13495 0.99303 0.52245 0.40462 0.00000 0.35052 0.65116 1.00000 0.15103 0.15325
231.00000 153.00000 0.99979 0.99774 1.00000 0.00000 0.13090 0.30851 0.25784 0.00000 0.00314 0.00874 0.62677 0.26880 0.23077 0.50731 0.00604 0.99251 0.54856 0.42427 0.00000 0.31959 0.62791 1.00000 0.01211 0.01511
231.00000 154.00000 0.23820 0.29691 1.00000 0.59794 0.64008 0.71263 0.68769 0.61718 0.61606 0.59534 0.85303 0.64543 0.84615 0.77354 0.59397 0.99380 0.66276 0.18394 1.00000 0.69072 0.85412 1.00000 0.61924 0.62786
231.00000 155.00000 0.23801 0.29810 1.00000 0.59794 0.63852 0.69989 0.69446 0.61718 0.61669 0.59307 0.85306 0.65111 0.84615 0.78166 0.59331 0.99388 0.66867 0.18425 1.00000 0.70103 0.85412 1.00000 0.61655 0.62122
231.00000 156.00000 0.47610 0.83135 1.00000 0.62699 0.66633 0.66025 0.56465 0.50794 0.50125 0.45691 0.86350 0.60634 0.38462 0.69562 0.45542 0.99347 0.49734 0.36781 1.00000 0.65979 0.86469 1.00000 0.48167 0.47620
231.00000 157.00000 0.83332 0.99941 1.00000 0.06027 0.18451 0.34718 0.25267 0.14659 0.14617 0.13278 0.65013 0.30277 0.23077 0.49513 0.13307 0.99292 0.51867 0.41721 0.00000 0.34021 0.65116 1.00000 0.15439 0.16014
231.00000 158.00000 0.23813 0.29691 1.00000 0.59794 0.63641 0.70235 0.71277 0.61718 0.61606 0.59307 0.85303 0.64926 0.84615 0.77922 0.59397 0.99375 0.65013 0.17844 1.00000 0.70103 0.85412 1.00000 0.61588 0.61775
231.00000 159.00000 0.83322 0.99988 1.00000 0.06027 0.18680 0.33689 0.28116 0.14659 0.14617 0.13388 0.65017 0.29990 0.23077 0.48620 0.13322 0.99281 0.51545 0.40715 0.00000 0.34021 0.65116 1.00000 0.15573 0.15526
231.00000 160.00000 0.59516 0.73634 0.00000 0.23809 0.01680 0.06240 0.05829 0.29318 0.21079 0.08819 0.00093 0.01845 0.02564 0.07955 0.08798 0.00118 0.05107 0.94773 0.00000 0.07216 0.00000 0.00000 0.13925 0.13920
231.00000 161.00000 0.99996 0.99822 1.00000 0.00000 0.13319 0.27816 0.27126 0.00000 0.00314 0.00575 0.62658 0.27610 0.23077 0.51542 0.00440 0.99248 0.54459 0.42555 0.00000 0.30928 0.62791 1.00000 0.01581 0.00940
231.00000 162.00000 0.83335 0.99762 1.00000 0.06027 0.18395 0.35031 0.27196 0.14659 0.14617 0.13379 0.65003 0.29891 0.23077 0.50162 0.13280 0.99278 0.53118 0.41552 0.00000 0.34021 0.65116 1.00000 0.16078 0.15495
231.00000 163.00000 0.00005 0.00238 1.00000 1.00000 0.98908 0.95774 0.93921 1.00000 1.00000 0.95831 0.99901 0.86977 0.94872 0.95211 0.96024 0.99372 0.67516 0.09735 1.00000 0.93814 1.00000 1.00000 0.95291 0.96390
231.00000 164.00000 0.99983 0.99762 1.00000 0.00000 0.13163 0.32501 0.26612 0.00000 0.00251 0.00538 0.62665 0.27280 0.23077 0.50162 0.00506 0.99248 0.54669 0.42739 0.00000 0.28866 0.62791 1.00000 0.01480 0.01613
231.00000 165.00000 0.99995 0.99762 1.00000 0.00000 0.13604 0.33154 0.26884 0.00000 0.00251 0.00506 0.62650 0.27314 0.23077 0.51705 0.00403 0.99228 0.55284 0.41843 0.00000 0.31959 0.62791 1.00000 0.00975 0.01643
231.00000 166.00000 0.47623 0.83135 1.00000 0.62699 0.66459 0.66349 0.55893 0.50794 0.50125 0.45421 0.86354 0.60342 0.38462 0.69562 0.45452 0.99361 0.51636 0.38937 1.00000 0.67010 0.86469 1.00000 0.47528 0.48467
231.00000 167.00000 0.99976 0.99929 1.00000 0.00000 0.13595 0.33125 0.26055 0.00000 0.00314 0.00545 0.62643 0.27382 0.23077 0.49756 0.00486 0.99226 0.56292 0.42047 0.00000 0.30928 0.62791 1.00000 0.01312 0.01863
231.00000 168.00000 0.59530 0.73741 0.00000 0.23809 0.00991 0.06505 0.06593 0.29318 0.21079 0.08971 0.00089 0.00725 0.02564 0.07549 0.08835 0.00118 0.04735 0.95243 0.00000 0.06186 0.00000 0.00000 0.13421 0.13835
231.00000 169.00000 0.00004 0.00000 1.00000 1.00000 0.98935 0.93854 0.94971 1.00000 1.00000 0.95898 0.99890 0.87508 0.94872 0.95455 0.95968 0.99372 0.65999 0.10434 1.00000 0.95876 1.00000 1.00000 0.96165 0.96438
231.00000 170.00000 0.99991 0.99905 1.00000 0.00000 0.13292 0.30376 0.27037 0.00000 0.00314 0.00497 0.62648 0.27534 0.23077 0.51136 0.00521 0.99209 0.54592 0.43261 0.00000 0.31959 0.62791 1.00000 0.01379 0.02049
231.00000 171.00000 0.00003 0.00000 1.00000 1.00000 0.98219 0.95677 0.95468 1.00000 1.00000 0.95810 0.99903 0.87473 0.94872 0.96591 0.95760 0.99369 0.66049 0.10465 1.00000 0.94845 1.00000 1.00000 0.94887 0.96310
231.00000 172.00000 0.83320 0.99857 1.00000 0.06027 0.19515 0.33181 0.27794 0.14659 0.14617 0.13351 0.64998 0.29718 0.23077 0.50568 0.13256 0.99267 0.50477 0.40486 0.00000 0.36082 0.65116 1.00000 0.15473 0.15712
231.00000 173.00000 0.99978 0.99893 1.00000 0.00000 0.13650 0.30786 0.26326 0.00000 0.00251 0.00421 0.62650 0.27157 0.23077 0.52354 0.00550 0.99223 0.54748 0.44005 0.00000 0.30928 0.62791 1.00000 0.01480 0.01994
231.00000 174.00000 0.59509 0.73634 0.00000 0.23809 0.01551 0.03762 0.08731 0.29318 0.21079 0.08869 0.00091 0.01745 0.02564 0.09416 0.08903 0.00127 0.05028 0.96157 0.00000 0.05155 0.00000 0.00000 0.13084 0.13658
231.00000 175.00000 0.47627 0.83135 1.00000 0.62699 0.66560 0.66713 0.55857 0.50794 0.50125 0.45440 0.86367 0.60146 0.35897 0.71266 0.45415 0.99355 0.50028 0.37999 1.00000 0.67010 0.86469 1.00000 0.47629 0.47616
231.00000 176.00000 0.83324 0.99846 1.00000 0.06027 0.18689 0.35957 0.28887 0.14659 0.14617 0.13305 0.65000 0.30082 0.23077 0.50812 0.13295 0.99275 0.50855 0.41023 0.00000 0.34021 0.65116 1.00000 0.15674 0.15212
231.00000 177.00000 0.23802 0.29691 1.00000 0.59794 0.64256 0.72335 0.72655 0.61718 0.61669 0.59145 0.85333 0.64726 0.84615 0.79464 0.59179 0.99408 0.64612 0.18851 1.00000 0.71134 0.85412 1.00000 0.60545 0.61585
231.00000 178.00000 0.00006 0.00000 1.00000 1.00000 0.98981 0.96365 0.96813 1.00000 1.00000 0.95893 0.99905 0.87890 0.94872 0.97159 0.95740 0.99386 0.66263 0.11025 1.00000 0.95876 1.00000 1.00000 0.95695 0.95525
231.00000 179.00000 0.83328 0.99798 1.00000 0.06027 0.19167 0.35633 0.29254 0.14659 0.14617 0.13324 0.64975 0.29191 0.23077 0.51786 0.13280 0.99234 0.51256 0.42327 0.00000 0.35052 0.65116 1.00000 0.15809 0.15614
231.00000 180.00000 0.47627 0.83135 1.00000 0.62699 0.66752 0.65596 0.58777 0.50794 0.50125 0.45484 0.86363 0.60148 0.35897 0.72727 0.45518 0.99358 0.48554 0.38514 1.00000 0.67010 0.86469 1.00000 0.47763 0.47996
231.00000 181.00000 0.99994 0.99798 1.00000 0.00000 0.14035 0.32520 0.27885 0.00000 0.00314 0.00492 0.62622 0.27295 0.23077 0.53084 0.00386 0.99190 0.53546 0.44582 0.00000 0.31959 0.62791 1.00000 0.00908 0.01148
231.00000 182.00000 0.00005 0.00000 1.00000 1.00000 0.99357 0.96287 0.94923 1.00000 1.00000 0.95704 0.99924 0.87167 0.94872 0.98052 0.95716 0.99380 0.66444 0.11873 1.00000 0.96907 1.00000 1.00000 0.96031 0.95988
231.00000 183.00000 0.99991 0.99762 1.00000 0.00000 0.13071 0.33573 0.27270 0.00000 0.00314 0.00465 0.62637 0.26453 0.23077 0.53084 0.00547 0.99195 0.53661 0.43316 0.00000 0.31959 0.62791 1.00000 0.00706 0.00736
231.00000 184.00000 0.47611 0.83230 1.00000 0.62699 0.66881 0.68029 0.58746 0.50794 0.50125 0.45364 0.86377 0.60263 0.38462 0.71753 0.45415 0.99361 0.46940 0.39244 1.00000 0.67010 0.86469 1.00000 0.47360 0.48006
231.00000 185.00000 0.83319 0.99881 1.00000 0.06027 0.19139 0.35698 0.27633 0.14659 0.14617 0.13252 0.64975 0.29558 0.23077 0.51055 0.13368 0.99264 0.49453 0.41690 0.00000 0.35052 0.65116 1.00000 0.15136 0.15705
231.00000 186.00000 0.99987 0.99774 1.00000 0.00000 0.13356 0.31704 0.27575 0.00000 0.00314 0.00548 0.62635 0.26986 0.23077 0.53166 0.00494 0.99195 0.53202 0.45568 0.00000 0.31959 0.62791 1.00000 0.01177 0.01392
231.00000 187.00000 0.99982 0.99762 1.00000 0.00000 0.13163 0.31874 0.28558 0.00000 0.00251 0.00481 0.62616 0.27283 0.23077 0.51542 0.00452 0.99190 0.53279 0.44333 0.00000 0.31959 0.62791 1.00000 0.01144 0.02175
231.00000 188.00000 0.99981 0.99774 1.00000 0.00000 0.13604 0.34375 0.27237 0.00000 0.00314 0.00449 0.62610 0.26477 0.23077 0.54221 0.00501 0.99184 0.54231 0.43987 0.00000 0.32990 0.62791 1.00000 0.00740 0.01618
231.00000 189.00000 0.23817 0.29917 1.00000 0.59794 0.64173 0.72516 0.73172 0.61718 0.61669 0.59155 0.85344 0.64019 0.84615 0.81981 0.59174 0.99435 0.63265 0.18906 1.00000 0.71134 0.85412 1.00000 0.60747 0.60758
231.00000 190.00000 0.00005 0.00000 1.00000 1.00000 0.99220 0.98701 0.98826 1.00000 1.00000 0.95599 0.99916 0.86499 0.94872 0.97646 0.95545 0.99391 0.65698 0.11513 1.00000 0.95876 1.00000 1.00000 0.95762 0.95865
231.00000 191.00000 0.59523 0.73634 0.00000 0.23809 0.01432 0.07339 0.08959 0.29318 0.21079 0.08904 0.00068 0.01447 0.02564 0.12581 0.08864 0.00083 0.05201 0.97475 0.00000 0.08247 0.00000 0.00000 0.12782 0.13963
231.00000 192.00000 0.59519 0.73634 0.00000 0.23809 0.01974 0.08627 0.09096 0.29318 0.21079 0.08863 0.00074 0.01437 0.02564 0.10390 0.08766 0.00077 0.05175 0.97744 0.00000 0.09278 0.00000 0.00000 0.13589 0.13638
231.00000 193.00000 0.47619 0.83135 1.00000 0.62699 0.66826 0.69138 0.60199 0.50794 0.50125 0.45201 0.86384 0.60158 0.35897 0.73782 0.45415 0.99375 0.47248 0.41514 1.00000 0.68041 0.86469 1.00000 0.47460 0.47225
231.00000 194.00000 0.99981 0.99762 1.00000 0.00000 0.14008 0.33297 0.29607 0.00000 0.00314 0.00437 0.62603 0.26941 0.23077 0.54058 0.00381 0.99151 0.53308 0.44306 0.00000 0.30928 0.62791 1.00000 0.01043 0.00375
