174.00000 1.00000 0.23808 0.29691 1.00000 0.59794 0.63923 0.70868 0.68887 0.61718 0.61509 0.61484 0.85347 0.63431 0.89189 0.75733 0.61314 0.99344 0.64797 0.11907 1.00000 0.69792 0.85412 1.00000 0.63272 0.63282
174.00000 2.00000 0.83322 0.99798 1.00000 0.06027 0.18433 0.33669 0.26352 0.14659 0.14403 0.13880 0.65029 0.28814 0.24324 0.46091 0.13679 0.99272 0.48750 0.37445 0.00000 0.32292 0.65116 1.00000 0.16118 0.16464
174.00000 3.00000 0.99995 0.99762 1.00000 0.00000 0.12772 0.29519 0.24279 0.00000 0.00000 0.00554 0.62685 0.26074 0.24324 0.46824 0.00216 0.99242 0.52880 0.39195 0.00000 0.29167 0.62791 1.00000 0.01337 0.02631
174.00000 4.00000 0.59510 0.73634 0.00000 0.23809 0.01541 0.04310 0.05806 0.29318 0.20881 0.09136 0.00080 0.02083 0.02703 0.04316 0.08997 0.00107 0.03444 0.95288 0.00000 0.04167 0.00000 0.00000 0.13923 0.14509
174.00000 5.00000 0.59510 0.73634 0.00000 0.23809 0.01211 0.05629 0.05866 0.29318 0.20818 0.09090 0.00076 0.01219 0.02703 0.03502 0.09032 0.00130 0.04241 0.94508 0.00000 0.05208 0.00000 0.00000 0.13374 0.13996
174.00000 6.00000 0.99977 0.99905 1.00000 0.00000 0.13157 0.29795 0.25170 0.00000 0.00000 0.00506 0.62685 0.26013 0.24324 0.47394 0.00441 0.99234 0.54301 0.38946 0.00000 0.29167 0.62791 1.00000 0.01063 0.02292
174.00000 7.00000 0.99980 0.99786 1.00000 0.00000 0.12919 0.28807 0.23543 0.00000 0.00000 0.00391 0.62679 0.26355 0.24324 0.49104 0.00393 0.99242 0.52597 0.38877 0.00000 0.29167 0.62791 1.00000 0.01337 0.01879
174.00000 8.00000 0.47624 0.83337 1.00000 0.62699 0.66327 0.65559 0.54621 0.50794 0.49937 0.47263 0.86396 0.58867 0.37838 0.67101 0.47166 0.99344 0.47660 0.32389 0.00000 0.63542 0.86469 1.00000 0.48937 0.49246
174.00000 9.00000 0.83325 0.99762 1.00000 0.06027 0.18726 0.32122 0.25706 0.14659 0.14403 0.13842 0.65016 0.28767 0.24324 0.46173 0.13633 0.99253 0.50067 0.36911 0.00000 0.34375 0.65116 1.00000 0.16152 0.16139
174.00000 10.00000 0.83326 0.99834 1.00000 0.06027 0.18873 0.32727 0.26599 0.14659 0.14403 0.13732 0.65018 0.28393 0.24324 0.47394 0.13595 0.99256 0.48558 0.36889 0.00000 0.31250 0.65116 1.00000 0.16015 0.16862
174.00000 11.00000 0.99995 0.99952 1.00000 0.00000 0.13176 0.31036 0.24931 0.00000 0.00000 0.00391 0.62670 0.26325 0.24324 0.47883 0.00276 0.99220 0.52483 0.38763 0.00000 0.30208 0.62791 1.00000 0.01372 0.01484
174.00000 12.00000 0.23817 0.29691 1.00000 0.59794 0.63850 0.68926 0.70103 0.61718 0.61509 0.61334 0.85349 0.63427 0.89189 0.75489 0.61375 0.99369 0.64638 0.12225 1.00000 0.69792 0.85412 1.00000 0.62826 0.63549
174.00000 13.00000 0.00003 0.00000 1.00000 1.00000 0.97963 0.94715 0.92411 1.00000 1.00000 0.99363 0.99947 0.86455 1.00000 0.92345 0.99549 0.99361 0.63943 0.04167 1.00000 0.94792 1.00000 1.00000 0.98628 0.98506
174.00000 14.00000 0.99995 0.99762 1.00000 0.00000 0.13001 0.30345 0.25345 0.00000 0.00000 0.00327 0.62675 0.26496 0.24324 0.47720 0.00274 0.99226 0.53282 0.38386 0.00000 0.29167 0.62791 1.00000 0.01406 0.02460
174.00000 15.00000 0.59526 0.73670 0.00000 0.23809 0.01486 0.05012 0.05981 0.29318 0.20818 0.09164 0.00082 0.01635 0.02703 0.06026 0.09037 0.00107 0.04639 0.93871 0.00000 0.04167 0.00000 0.00000 0.13580 0.14352
174.00000 16.00000 0.00005 0.00000 1.00000 1.00000 0.97825 0.90435 0.92553 1.00000 1.00000 0.99332 0.99935 0.85635 1.00000 0.93567 0.99480 0.99352 0.64909 0.04701 1.00000 0.93750 1.00000 1.00000 0.97874 0.98003
174.00000 17.00000 0.99996 0.99762 1.00000 0.00000 0.13506 0.30711 0.25750 0.00000 0.00063 0.00399 0.62685 0.26823 0.24324 0.49919 0.00474 0.99228 0.53958 0.37357 0.00000 0.29167 0.62791 1.00000 0.01063 0.01711
174.00000 18.00000 0.47607 0.83135 1.00000 0.62699 0.66079 0.66333 0.54655 0.50794 0.50000 0.47182 0.86396 0.58518 0.40541 0.68485 0.47100 0.99341 0.47053 0.33088 0.00000 0.65625 0.86469 1.00000 0.49348 0.49083
174.00000 19.00000 0.23801 0.29691 1.00000 0.59794 0.63859 0.70354 0.68298 0.61718 0.61509 0.61529 0.85355 0.63076 0.89189 0.75651 0.61321 0.99380 0.62865 0.12299 1.00000 0.68750 0.85412 1.00000 0.63272 0.63280
174.00000 20.00000 0.59527 0.73670 0.00000 0.23809 0.00936 0.04773 0.05815 0.29318 0.20818 0.09214 0.00076 0.01123 0.02703 0.04235 0.08989 0.00105 0.03294 0.94936 0.00000 0.03125 0.00000 0.00000 0.14472 0.14556
174.00000 21.00000 0.00004 0.00024 1.00000 1.00000 0.98312 0.93547 0.91402 1.00000 1.00000 0.99446 0.99954 0.85538 1.00000 0.93241 0.99480 0.99358 0.65328 0.03489 1.00000 0.94792 1.00000 1.00000 0.98560 0.98569
174.00000 22.00000 0.83332 0.99905 1.00000 0.06027 0.18626 0.32483 0.25398 0.14659 0.14403 0.13606 0.65010 0.29074 0.24324 0.46743 0.13664 0.99267 0.49410 0.36229 0.00000 0.31250 0.65116 1.00000 0.16289 0.17086
174.00000 23.00000 0.83319 0.99762 1.00000 0.06027 0.18598 0.32404 0.25317 0.14659 0.14403 0.13722 0.65023 0.28293 0.24324 0.47150 0.13562 0.99253 0.50776 0.36585 0.00000 0.33333 0.65116 1.00000 0.15535 0.16158
174.00000 24.00000 0.83314 0.99964 1.00000 0.06027 0.18598 0.33285 0.27184 0.14659 0.14403 0.13868 0.65012 0.28779 0.24324 0.46824 0.13656 0.99250 0.48427 0.36292 0.00000 0.33333 0.65116 1.00000 0.15638 0.16658
174.00000 25.00000 0.23803 0.29691 1.00000 0.59794 0.63529 0.70018 0.71003 0.61718 0.61509 0.61295 0.85351 0.63705 0.89189 0.75407 0.61621 0.99361 0.65212 0.13273 1.00000 0.68750 0.85412 1.00000 0.63066 0.63496
174.00000 26.00000 0.23820 0.29881 1.00000 0.59794 0.63703 0.71405 0.70353 0.61718 0.61572 0.61484 0.85349 0.63674 0.89189 0.75326 0.61415 0.99352 0.65254 0.12258 1.00000 0.69792 0.85412 1.00000 0.62791 0.63113
174.00000 27.00000 0.23807 0.29691 1.00000 0.59794 0.63354 0.70047 0.69557 0.61718 0.61509 0.61322 0.85341 0.63612 0.89189 0.76384 0.61385 0.99374 0.63312 0.12247 1.00000 0.67708 0.85412 1.00000 0.63100 0.63112
174.00000 28.00000 0.47606 0.83135 1.00000 0.62699 0.66309 0.64323 0.55767 0.50794 0.50000 0.47124 0.86388 0.59422 0.37838 0.68160 0.47183 0.99339 0.47872 0.31082 1.00000 0.62500 0.86469 1.00000 0.48525 0.49391
174.00000 29.00000 0.99985 0.99762 1.00000 0.00000 0.12836 0.31258 0.24185 0.00000 0.00000 0.00508 0.62687 0.26132 0.24324 0.48941 0.00406 0.99231 0.53589 0.36841 0.00000 0.29167 0.62791 1.00000 0.01337 0.01693
174.00000 30.00000 0.23814 0.29798 1.00000 0.59794 0.63263 0.68593 0.68784 0.61718 0.61509 0.61525 0.85357 0.63297 0.89189 0.76059 0.61438 0.99347 0.63826 0.12588 1.00000 0.70833 0.85412 1.00000 0.62791 0.63385
174.00000 31.00000 0.00005 0.00000 1.00000 1.00000 0.98991 0.95506 0.94023 1.00000 1.00000 0.99401 0.99954 0.85374 1.00000 0.92264 0.99386 0.99350 0.64731 0.04075 1.00000 0.95833 1.00000 1.00000 0.98525 0.98113
174.00000 32.00000 0.00006 0.00000 1.00000 1.00000 0.98514 0.96641 0.93737 1.00000 1.00000 0.99401 0.99951 0.86231 1.00000 0.92671 0.99427 0.99347 0.66204 0.03757 1.00000 0.93750 1.00000 1.00000 0.98903 0.98437
174.00000 33.00000 0.59511 0.73824 0.00000 0.23809 0.00982 0.03909 0.05339 0.29318 0.20881 0.09324 0.00089 0.00966 0.02703 0.05456 0.08898 0.00121 0.04384 0.93615 0.00000 0.03125 0.00000 0.00000 0.14026 0.14437
174.00000 34.00000 0.23819 0.29762 1.00000 0.59794 0.63721 0.69842 0.68553 0.61718 0.61572 0.61343 0.85355 0.63560 0.89189 0.75733 0.61507 0.99369 0.64000 0.12943 1.00000 0.70833 0.85412 1.00000 0.63409 0.62832
174.00000 35.00000 0.00004 0.00119 1.00000 1.00000 0.98000 0.93515 0.93768 1.00000 1.00000 0.99241 0.99947 0.86093 1.00000 0.92345 0.99510 0.99366 0.66347 0.04606 1.00000 0.93750 1.00000 1.00000 0.97634 0.97877
174.00000 36.00000 0.99984 0.99952 1.00000 0.00000 0.13368 0.30589 0.26395 0.00000 0.00000 0.00313 0.62679 0.26199 0.24324 0.47231 0.00368 0.99239 0.53437 0.38719 0.00000 0.30208 0.62791 1.00000 0.01235 0.02206
174.00000 37.00000 0.47610 0.83135 1.00000 0.62699 0.65914 0.65494 0.56776 0.50794 0.50000 0.47244 0.86390 0.58881 0.40541 0.67345 0.47036 0.99336 0.47398 0.34080 1.00000 0.66667 0.86469 1.00000 0.49108 0.48998
174.00000 38.00000 0.00003 0.00000 1.00000 1.00000 0.98284 0.92829 0.92957 1.00000 1.00000 0.99377 0.99949 0.86095 1.00000 0.92020 0.99335 0.99366 0.65688 0.03207 1.00000 0.95833 1.00000 1.00000 0.98217 0.98255
174.00000 39.00000 0.00005 0.00071 1.00000 1.00000 0.98192 0.96432 0.92721 1.00000 1.00000 0.99317 0.99949 0.85950 1.00000 0.91938 0.99424 0.99358 0.65561 0.05390 1.00000 0.93750 1.00000 1.00000 0.98491 0.98907
174.00000 40.00000 0.83325 0.99774 1.00000 0.06027 0.18736 0.33818 0.26787 0.14659 0.14403 0.13713 0.65012 0.29082 0.24324 0.47883 0.13595 0.99278 0.49967 0.37189 0.00000 0.31250 0.65116 1.00000 0.16049 0.16775
174.00000 41.00000 0.99990 0.99762 1.00000 0.00000 0.13240 0.30129 0.27124 0.00000 0.00000 0.00504 0.62679 0.25720 0.24324 0.48371 0.00388 0.99239 0.53477 0.39356 0.00000 0.29167 0.62791 1.00000 0.01989 0.01945
174.00000 42.00000 0.23801 0.29774 1.00000 0.59794 0.63786 0.70974 0.69865 0.61718 0.61509 0.61260 0.85349 0.63305 0.89189 0.76303 0.61491 0.99363 0.64038 0.11845 1.00000 0.70833 0.85412 1.00000 0.63306 0.63521
174.00000 43.00000 0.59519 0.73634 0.00000 0.23809 0.01734 0.04356 0.05765 0.29318 0.20881 0.09279 0.00072 0.01199 0.02703 0.05456 0.08987 0.00127 0.03754 0.94391 0.00000 0.04167 0.00000 0.00000 0.14232 0.14070
174.00000 44.00000 0.83332 0.99857 1.00000 0.06027 0.17965 0.34035 0.26768 0.14659 0.14403 0.13613 0.65016 0.28585 0.24324 0.46824 0.13684 0.99253 0.50569 0.36980 0.00000 0.31250 0.65116 1.00000 0.15226 0.16160
174.00000 45.00000 0.00003 0.00000 1.00000 1.00000 0.98128 0.93382 0.91017 1.00000 1.00000 0.99217 0.99956 0.85806 1.00000 0.91531 0.99328 0.99355 0.66161 0.02665 1.00000 0.95833 1.00000 1.00000 0.98011 0.97683
174.00000 46.00000 0.23813 0.29691 1.00000 0.59794 0.63905 0.69162 0.69951 0.61718 0.61572 0.61618 0.85349 0.63551 0.89189 0.74349 0.61342 0.99377 0.65159 0.10559 1.00000 0.69792 0.85412 1.00000 0.63340 0.62833
174.00000 47.00000 0.47608 0.83254 1.00000 0.62699 0.65795 0.64732 0.56143 0.50794 0.50000 0.47127 0.86386 0.58760 0.40541 0.67508 0.47130 0.99336 0.48788 0.33579 0.00000 0.65625 0.86469 1.00000 0.49211 0.49421
174.00000 48.00000 0.59531 0.73634 0.00000 0.23809 0.01450 0.05128 0.07445 0.29318 0.20818 0.09193 0.00080 0.01228 0.02703 0.04397 0.09045 0.00121 0.02763 0.95716 0.00000 0.03125 0.00000 0.00000 0.13409 0.14474
174.00000 49.00000 0.59528 0.73789 0.00000 0.23809 0.00853 0.05616 0.06643 0.29318 0.20881 0.09224 0.00084 0.01332 0.02703 0.04560 0.08928 0.00118 0.03884 0.94171 0.00000 0.04167 0.00000 0.00000 0.14129 0.14487
174.00000 50.00000 0.23805 0.29691 1.00000 0.59794 0.63538 0.70608 0.68009 0.61718 0.61509 0.61525 0.85336 0.64131 0.89189 0.75407 0.61466 0.99369 0.62791 0.14001 1.00000 0.69792 0.85412 1.00000 0.62414 0.62924
174.00000 51.00000 0.83314 0.99762 1.00000 0.06027 0.18185 0.33599 0.26462 0.14659 0.14403 0.13694 0.65025 0.29517 0.24324 0.47231 0.13806 0.99281 0.48991 0.36109 0.00000 0.33333 0.65116 1.00000 0.15604 0.16675
174.00000 52.00000 0.47621 0.83254 1.00000 0.62699 0.66089 0.65843 0.54229 0.50794 0.50000 0.47296 0.86396 0.58632 0.40541 0.67101 0.47003 0.99336 0.48836 0.32136 0.00000 0.65625 0.86469 1.00000 0.48800 0.49121
174.00000 53.00000 0.47617 0.83171 1.00000 0.62699 0.66116 0.63784 0.54508 0.50794 0.50000 0.47065 0.86384 0.59614 0.40541 0.66938 0.47072 0.99358 0.47941 0.33714 0.00000 0.62500 0.86469 1.00000 0.49451 0.49936
174.00000 54.00000 0.00004 0.00131 1.00000 1.00000 0.98092 0.92911 0.93573 1.00000 1.00000 0.99360 0.99939 0.86732 1.00000 0.92915 0.99341 0.99361 0.65409 0.05873 1.00000 0.93750 1.00000 1.00000 0.97977 0.98496
174.00000 55.00000 0.23804 0.29881 1.00000 0.59794 0.63520 0.70624 0.68481 0.61718 0.61509 0.61443 0.85351 0.63501 0.89189 0.75651 0.61489 0.99383 0.64940 0.10845 1.00000 0.68750 0.85412 1.00000 0.63340 0.63107
174.00000 56.00000 0.59516 0.73705 0.00000 0.23809 0.01046 0.05207 0.08075 0.29318 0.20881 0.09012 0.00082 0.01528 0.02703 0.06433 0.08951 0.00130 0.03739 0.93402 0.00000 0.05208 0.00000 0.00000 0.13889 0.14556
174.00000 57.00000 0.59522 0.73705 0.00000 0.23809 0.01468 0.05274 0.05861 0.29318 0.20818 0.09346 0.00084 0.01455 0.02703 0.04316 0.08888 0.00124 0.04061 0.94127 0.00000 0.05208 0.00000 0.00000 0.13992 0.14730
174.00000 58.00000 0.47613 0.83135 1.00000 0.62699 0.66153 0.66209 0.55854 0.50794 0.49937 0.47069 0.86384 0.59006 0.40541 0.67101 0.46988 0.99336 0.47579 0.32601 0.00000 0.65625 0.86469 1.00000 0.49520 0.49560
174.00000 59.00000 0.47621 0.83147 1.00000 0.62699 0.66602 0.65572 0.53254 0.50794 0.50000 0.47086 0.86398 0.59001 0.37838 0.66612 0.46886 0.99350 0.47998 0.31539 0.00000 0.64583 0.86469 1.00000 0.49108 0.49588
174.00000 60.00000 0.00003 0.00012 1.00000 1.00000 0.98156 0.93515 0.93581 1.00000 1.00000 0.99296 0.99949 0.85784 1.00000 0.92345 0.99427 0.99363 0.68037 0.03460 1.00000 0.93750 1.00000 1.00000 0.98491 0.97973
174.00000 61.00000 0.23802 0.29691 1.00000 0.59794 0.63694 0.70754 0.69227 0.61718 0.61572 0.61479 0.85349 0.64170 0.89189 0.74267 0.61458 0.99369 0.64457 0.11153 1.00000 0.69792 0.85412 1.00000 0.62620 0.62639
174.00000 62.00000 0.59527 0.73634 0.00000 0.23809 0.01404 0.05748 0.05331 0.29318 0.20881 0.09348 0.00078 0.01219 0.02703 0.05049 0.08979 0.00124 0.04113 0.93651 0.00000 0.03125 0.00000 0.00000 0.13683 0.13912
174.00000 63.00000 0.99993 0.99798 1.00000 0.00000 0.12744 0.28961 0.23759 0.00000 0.00063 0.00415 0.62685 0.26649 0.24324 0.48371 0.00175 0.99239 0.54570 0.38492 0.00000 0.29167 0.62791 1.00000 0.00789 0.01699
174.00000 64.00000 0.23804 0.29762 1.00000 0.59794 0.63520 0.68379 0.68168 0.61718 0.61509 0.61455 0.85347 0.63728 0.89189 0.75407 0.61507 0.99372 0.65209 0.13119 1.00000 0.68750 0.85412 1.00000 0.62380 0.63130
174.00000 65.00000 0.00004 0.00000 1.00000 1.00000 0.98312 0.94877 0.95119 1.00000 1.00000 0.99339 0.99945 0.86558 1.00000 0.90391 0.99401 0.99369 0.64807 0.03368 1.00000 0.94792 1.00000 1.00000 0.98388 0.98060
174.00000 66.00000 0.23811 0.29691 1.00000 0.59794 0.63877 0.69893 0.72414 0.61718 0.61572 0.61522 0.85341 0.63350 0.89189 0.76710 0.61332 0.99377 0.64838 0.13401 1.00000 0.69792 0.85412 1.00000 0.63237 0.63419
174.00000 67.00000 0.83332 0.99952 1.00000 0.06027 0.18892 0.33214 0.24761 0.14659 0.14403 0.13856 0.65031 0.28078 0.24324 0.46661 0.13517 0.99270 0.48743 0.37423 0.00000 0.32292 0.65116 1.00000 0.15981 0.16312
174.00000 68.00000 0.99980 0.99762 1.00000 0.00000 0.12845 0.30660 0.25312 0.00000 0.00000 0.00389 0.62685 0.26835 0.24324 0.48453 0.00449 0.99239 0.53456 0.38360 0.00000 0.30208 0.62791 1.00000 0.01543 0.01645
174.00000 69.00000 0.99981 0.99798 1.00000 0.00000 0.12726 0.29316 0.24513 0.00000 0.00000 0.00377 0.62687 0.26881 0.24324 0.47150 0.00441 0.99242 0.54006 0.37877 0.00000 0.29167 0.62791 1.00000 0.00892 0.02000
174.00000 70.00000 0.99980 0.99762 1.00000 0.00000 0.13065 0.29053 0.24664 0.00000 0.00000 0.00580 0.62696 0.26469 0.24324 0.48453 0.00350 0.99259 0.52859 0.38316 0.00000 0.31250 0.62791 1.00000 0.01680 0.02074
174.00000 71.00000 0.47620 0.83135 1.00000 0.62699 0.66758 0.66761 0.56658 0.50794 0.50000 0.47060 0.86398 0.59321 0.40541 0.67264 0.47127 0.99347 0.48446 0.32326 0.00000 0.65625 0.86469 1.00000 0.49314 0.49117
174.00000 72.00000 0.83317 0.99857 1.00000 0.06027 0.18983 0.33821 0.25514 0.14659 0.14403 0.13823 0.65046 0.29681 0.24324 0.47394 0.13725 0.99278 0.50550 0.36306 0.00000 0.31250 0.65116 1.00000 0.16084 0.16515
174.00000 73.00000 0.59530 0.73777 0.00000 0.23809 0.01697 0.05469 0.08800 0.29318 0.20881 0.09076 0.00089 0.01785 0.02703 0.04397 0.08850 0.00138 0.06260 0.93461 0.00000 0.05208 0.00000 0.00000 0.13855 0.14238
174.00000 74.00000 0.23821 0.29691 1.00000 0.59794 0.63621 0.71513 0.71090 0.61718 0.61509 0.61493 0.85349 0.63830 0.89189 0.75896 0.61507 0.99363 0.63726 0.14060 1.00000 0.70833 0.85412 1.00000 0.63340 0.63577
174.00000 75.00000 0.59514 0.73824 0.00000 0.23809 0.00963 0.03459 0.06345 0.29318 0.20881 0.09193 0.00099 0.02103 0.02703 0.05456 0.08971 0.00138 0.04456 0.94398 0.00000 0.03125 0.00000 0.00000 0.14163 0.14375
174.00000 76.00000 0.59527 0.73824 0.00000 0.23809 0.01468 0.05263 0.07649 0.29318 0.20881 0.09212 0.00084 0.01193 0.02703 0.03339 0.08870 0.00135 0.04634 0.95892 0.00000 0.04167 0.00000 0.00000 0.14095 0.14783
174.00000 77.00000 0.99996 0.99810 1.00000 0.00000 0.13065 0.28658 0.27302 0.00000 0.00063 0.00427 0.62679 0.26835 0.24324 0.49186 0.00271 0.99261 0.54330 0.37994 0.00000 0.28125 0.62791 1.00000 0.01166 0.01896
174.00000 78.00000 0.23812 0.29703 1.00000 0.59794 0.64538 0.68281 0.69422 0.61718 0.61572 0.61491 0.85351 0.63816 0.89189 0.77199 0.61489 0.99372 0.65371 0.12771 1.00000 0.70833 0.85412 1.00000 0.62654 0.63262
174.00000 79.00000 0.59513 0.73634 0.00000 0.23809 0.01340 0.04830 0.05904 0.29318 0.20818 0.09331 0.00097 0.01618 0.02703 0.03990 0.08936 0.00132 0.05158 0.94786 0.00000 0.04167 0.00000 0.00000 0.13923 0.14144
174.00000 80.00000 0.00000 0.00226 1.00000 1.00000 0.98826 0.93946 0.92452 1.00000 1.00000 0.99351 0.99947 0.85945 1.00000 0.92752 0.99551 0.99372 0.66540 0.03833 1.00000 0.93750 1.00000 1.00000 0.98491 0.98920
174.00000 81.00000 0.23819 0.29691 1.00000 0.59794 0.63694 0.70863 0.71410 0.61718 0.61572 0.61317 0.85345 0.63603 0.89189 0.74756 0.61393 0.99372 0.64250 0.13137 1.00000 0.70833 0.85412 1.00000 0.63409 0.63027
174.00000 82.00000 0.47619 0.83219 1.00000 0.62699 0.66245 0.65775 0.55849 0.50794 0.50000 0.47115 0.86388 0.59617 0.40541 0.68648 0.47112 0.99333 0.47513 0.32546 0.00000 0.65625 0.86469 1.00000 0.48422 0.49134
174.00000 83.00000 0.99991 0.99762 1.00000 0.00000 0.12992 0.31188 0.24655 0.00000 0.00000 0.00508 0.62694 0.27094 0.24324 0.47231 0.00431 0.99250 0.54720 0.38273 0.00000 0.29167 0.62791 1.00000 0.01372 0.01317
174.00000 84.00000 0.99992 0.99822 1.00000 0.00000 0.12570 0.29262 0.26958 0.00000 0.00063 0.00430 0.62696 0.26701 0.24324 0.48534 0.00472 0.99245 0.54522 0.37584 0.00000 0.30208 0.62791 1.00000 0.01269 0.02254
174.00000 85.00000 0.99990 0.99762 1.00000 0.00000 0.13029 0.31740 0.25812 0.00000 0.00000 0.00258 0.62698 0.26588 0.24324 0.50326 0.00282 0.99256 0.53927 0.38518 0.00000 0.28125 0.62791 1.00000 0.01475 0.02228
174.00000 86.00000 0.23821 0.29691 1.00000 0.59794 0.63088 0.70218 0.70113 0.61718 0.61572 0.61310 0.85341 0.64279 0.89189 0.75244 0.61367 0.99377 0.66737 0.11936 1.00000 0.67708 0.85412 1.00000 0.62963 0.63291
174.00000 87.00000 0.83314 0.99786 1.00000 0.06027 0.18726 0.33813 0.27050 0.14659 0.14403 0.13560 0.65027 0.28925 0.24324 0.47231 0.13750 0.99283 0.51150 0.37291 0.00000 0.33333 0.65116 1.00000 0.15741 0.16431
174.00000 88.00000 0.23819 0.29691 1.00000 0.59794 0.63336 0.70540 0.70341 0.61718 0.61509 0.61448 0.85349 0.64033 0.89189 0.75977 0.61425 0.99369 0.66871 0.10380 1.00000 0.68750 0.85412 1.00000 0.61900 0.63580
174.00000 89.00000 0.83332 0.99762 1.00000 0.06027 0.18818 0.32997 0.26154 0.14659 0.14403 0.13746 0.65033 0.29165 0.24324 0.47638 0.13649 0.99275 0.50412 0.36984 0.00000 0.32292 0.65116 1.00000 0.16255 0.16109
174.00000 90.00000 0.59519 0.73634 0.00000 0.23809 0.01220 0.04007 0.05074 0.29318 0.20881 0.09307 0.00101 0.01428 0.02703 0.04479 0.08989 0.00152 0.05263 0.94468 0.00000 0.05208 0.00000 0.00000 0.13615 0.14165
174.00000 91.00000 0.00004 0.00178 1.00000 1.00000 0.98715 0.93883 0.92067 1.00000 1.00000 0.99468 0.99947 0.86372 1.00000 0.92264 0.99503 0.99352 0.67835 0.03837 1.00000 0.93750 1.00000 1.00000 0.98285 0.98169
174.00000 92.00000 0.00000 0.00000 1.00000 1.00000 0.98642 0.95568 0.93236 1.00000 1.00000 0.99465 0.99954 0.87095 1.00000 0.92020 0.99488 0.99355 0.67244 0.04086 1.00000 0.95833 1.00000 1.00000 0.97394 0.98303
174.00000 93.00000 0.47608 0.83147 1.00000 0.62699 0.66300 0.66184 0.53933 0.50794 0.50000 0.47346 0.86405 0.59533 0.40541 0.68322 0.47092 0.99336 0.49612 0.33634 0.00000 0.64583 0.86469 1.00000 0.48834 0.49301
174.00000 94.00000 0.23810 0.29822 1.00000 0.59794 0.63611 0.70516 0.67963 0.61718 0.61572 0.61439 0.85338 0.64594 0.89189 0.77036 0.61400 0.99372 0.64609 0.11262 1.00000 0.68750 0.85412 1.00000 0.62997 0.62698
174.00000 95.00000 0.00007 0.00166 1.00000 1.00000 0.98376 0.93453 0.94084 1.00000 1.00000 0.99222 0.99964 0.86390 1.00000 0.92590 0.99485 0.99358 0.66059 0.04474 1.00000 0.95833 1.00000 1.00000 0.98663 0.98433
174.00000 96.00000 0.83335 0.99762 1.00000 0.06027 0.18332 0.34197 0.27151 0.14659 0.14403 0.13649 0.65054 0.29215 0.24324 0.47313 0.13694 0.99292 0.49929 0.36416 0.00000 0.32292 0.65116 1.00000 0.15981 0.17226
174.00000 97.00000 0.47618 0.83135 1.00000 0.62699 0.66309 0.64643 0.57929 0.50794 0.49937 0.47088 0.86394 0.59557 0.40541 0.67345 0.47008 0.99361 0.49514 0.33242 1.00000 0.66667 0.86469 1.00000 0.49314 0.48684
174.00000 98.00000 0.23816 0.29810 1.00000 0.59794 0.63914 0.69067 0.69843 0.61718 0.61572 0.61477 0.85351 0.63399 0.89189 0.76140 0.61514 0.99374 0.64362 0.12672 1.00000 0.67708 0.85412 1.00000 0.63100 0.63155
174.00000 99.00000 0.47615 0.83254 1.00000 0.62699 0.66300 0.64974 0.55134 0.50794 0.50000 0.47167 0.86398 0.59568 0.40541 0.66938 0.47087 0.99347 0.50107 0.33143 1.00000 0.64583 0.86469 1.00000 0.48834 0.48750
174.00000 100.00000 0.99986 0.99929 1.00000 0.00000 0.13377 0.29812 0.26356 0.00000 0.00063 0.00453 0.62696 0.26890 0.24324 0.48046 0.00190 0.99272 0.54863 0.38921 0.00000 0.28125 0.62791 1.00000 0.01303 0.02267
174.00000 101.00000 0.59531 0.73634 0.00000 0.23809 0.00872 0.06331 0.06691 0.29318 0.20881 0.09307 0.00114 0.01384 0.02703 0.06352 0.08895 0.00146 0.06141 0.95284 0.00000 0.04167 0.00000 0.00000 0.13512 0.14039
174.00000 102.00000 0.23821 0.29691 1.00000 0.59794 0.63978 0.71369 0.70134 0.61718 0.61572 0.61429 0.85345 0.64171 0.89189 0.75163 0.61413 0.99361 0.65802 0.12906 1.00000 0.69792 0.85412 1.00000 0.62517 0.62831
174.00000 103.00000 0.59509 0.73729 0.00000 0.23809 0.01275 0.05857 0.07252 0.29318 0.20881 0.09121 0.00116 0.01861 0.02703 0.05293 0.09017 0.00154 0.05303 0.94468 0.00000 0.03125 0.00000 0.00000 0.13752 0.14583
174.00000 104.00000 0.00005 0.00000 1.00000 1.00000 0.98266 0.95966 0.92890 1.00000 1.00000 0.99370 0.99943 0.86686 1.00000 0.92590 0.99455 0.99352 0.67280 0.04602 1.00000 0.94792 1.00000 1.00000 0.98388 0.98064
174.00000 105.00000 0.23814 0.29822 1.00000 0.59794 0.64336 0.70643 0.70921 0.61718 0.61572 0.61396 0.85345 0.64399 0.89189 0.76303 0.61448 0.99366 0.66318 0.13587 1.00000 0.68750 0.85412 1.00000 0.62929 0.63034
174.00000 106.00000 0.99977 0.99834 1.00000 0.00000 0.12937 0.31787 0.25796 0.00000 0.00000 0.00387 0.62721 0.27601 0.24324 0.49023 0.00309 0.99281 0.54886 0.38668 0.00000 0.31250 0.62791 1.00000 0.01612 0.02528
174.00000 107.00000 0.83322 0.99893 1.00000 0.06027 0.18543 0.35300 0.26282 0.14659 0.14403 0.13899 0.65056 0.29356 0.24324 0.47801 0.13598 0.99297 0.50000 0.36475 0.00000 0.33333 0.65116 1.00000 0.16084 0.16834
174.00000 108.00000 0.99982 0.99798 1.00000 0.00000 0.12983 0.29468 0.24481 0.00000 0.00000 0.00360 0.62713 0.26858 0.24324 0.49023 0.00373 0.99261 0.54827 0.38635 0.00000 0.29167 0.62791 1.00000 0.01166 0.02247
174.00000 109.00000 0.99981 0.99941 1.00000 0.00000 0.13240 0.32540 0.26778 0.00000 0.00000 0.00301 0.62711 0.26974 0.24324 0.49430 0.00419 0.99283 0.56200 0.38979 0.00000 0.28125 0.62791 1.00000 0.00857 0.02113
174.00000 110.00000 0.23816 0.29834 1.00000 0.59794 0.63776 0.72074 0.70279 0.61718 0.61509 0.61496 0.85347 0.64712 0.89189 0.77362 0.61319 0.99396 0.64721 0.13079 1.00000 0.70833 0.85412 1.00000 0.63512 0.63016
174.00000 111.00000 0.00007 0.00095 1.00000 1.00000 0.98413 0.94382 0.93046 1.00000 1.00000 0.99446 0.99949 0.86824 1.00000 0.93322 0.99460 0.99358 0.68023 0.03907 1.00000 0.94792 1.00000 1.00000 0.97565 0.98408
174.00000 112.00000 0.83318 0.99762 1.00000 0.06027 0.18892 0.33358 0.25434 0.14659 0.14403 0.13708 0.65056 0.29658 0.24324 0.46824 0.13519 0.99311 0.52104 0.35845 0.00000 0.32292 0.65116 1.00000 0.15775 0.15888
174.00000 113.00000 0.47618 0.83254 1.00000 0.62699 0.66263 0.66363 0.55423 0.50794 0.50000 0.47153 0.86403 0.60355 0.40541 0.67101 0.47013 0.99352 0.51573 0.33710 0.00000 0.65625 0.86469 1.00000 0.49246 0.48977
174.00000 114.00000 0.59522 0.73634 0.00000 0.23809 0.01000 0.06195 0.07341 0.29318 0.20881 0.09179 0.00108 0.01615 0.02703 0.05130 0.08867 0.00154 0.07126 0.95171 0.00000 0.04167 0.00000 0.00000 0.13615 0.14588
174.00000 115.00000 0.59520 0.73634 0.00000 0.23809 0.01028 0.07211 0.07416 0.29318 0.20881 0.09188 0.00114 0.02073 0.02703 0.04723 0.09055 0.00176 0.06681 0.95614 0.00000 0.06250 0.00000 0.00000 0.13786 0.14292
174.00000 116.00000 0.59521 0.73634 0.00000 0.23809 0.01147 0.06092 0.09508 0.29318 0.20881 0.09348 0.00106 0.01404 0.02703 0.04479 0.08822 0.00157 0.07828 0.95723 0.00000 0.03125 0.00000 0.00000 0.14335 0.15135
174.00000 117.00000 0.99985 0.99762 1.00000 0.00000 0.13166 0.30540 0.26152 0.00000 0.00000 0.00310 0.62721 0.27406 0.24324 0.48860 0.00325 0.99300 0.56115 0.38445 0.00000 0.31250 0.62791 1.00000 0.01166 0.02102
174.00000 118.00000 0.99998 0.99762 1.00000 0.00000 0.13267 0.28555 0.26084 0.00000 0.00000 0.00208 0.62723 0.27466 0.24324 0.49919 0.00322 0.99292 0.56127 0.37127 0.00000 0.27083 0.62791 1.00000 0.01646 0.02798
174.00000 119.00000 0.00001 0.00000 1.00000 1.00000 0.98578 0.92968 0.93660 1.00000 1.00000 0.99351 0.99935 0.87419 1.00000 0.92101 0.99450 0.99350 0.69082 0.05781 1.00000 0.93750 1.00000 1.00000 0.98182 0.97614
174.00000 120.00000 0.59508 0.73634 0.00000 0.23809 0.01431 0.04768 0.07488 0.29318 0.20881 0.09119 0.00131 0.02585 0.02703 0.05049 0.08994 0.00185 0.07240 0.95691 0.00000 0.04167 0.00000 0.00000 0.13992 0.14683
174.00000 121.00000 0.83316 0.99762 1.00000 0.06027 0.18717 0.33263 0.26289 0.14659 0.14403 0.13694 0.65056 0.29518 0.24324 0.47231 0.13679 0.99308 0.51992 0.37518 0.00000 0.32292 0.65116 1.00000 0.16187 0.16180
174.00000 122.00000 0.00001 0.00154 1.00000 1.00000 0.98449 0.95200 0.93595 1.00000 1.00000 0.99487 0.99939 0.86796 1.00000 0.93322 0.99470 0.99366 0.69272 0.04837 1.00000 0.92708 1.00000 1.00000 0.97702 0.98080
174.00000 123.00000 0.99987 0.99762 1.00000 0.00000 0.13588 0.30177 0.25196 0.00000 0.00063 0.00394 0.62721 0.27603 0.24324 0.49837 0.00378 0.99306 0.58019 0.39115 0.00000 0.28125 0.62791 1.00000 0.01235 0.01619
174.00000 124.00000 0.99983 0.99893 1.00000 0.00000 0.13322 0.30549 0.25487 0.00000 0.00000 0.00430 0.62734 0.27474 0.24324 0.49593 0.00335 0.99303 0.56412 0.39217 0.00000 0.30208 0.62791 1.00000 0.01166 0.01554
174.00000 125.00000 0.99982 0.99762 1.00000 0.00000 0.13864 0.30960 0.26024 0.00000 0.00000 0.00501 0.62734 0.27550 0.24324 0.50081 0.00327 0.99297 0.55650 0.37156 0.00000 0.30208 0.62791 1.00000 0.01852 0.01342
174.00000 126.00000 0.00005 0.00000 1.00000 1.00000 0.98679 0.94260 0.93987 1.00000 1.00000 0.99348 0.99947 0.87290 1.00000 0.93241 0.99455 0.99358 0.69567 0.04500 1.00000 0.94792 1.00000 1.00000 0.98457 0.98689
174.00000 127.00000 0.23813 0.29822 1.00000 0.59794 0.63565 0.70475 0.69126 0.61718 0.61572 0.61527 0.85366 0.64489 0.89189 0.75733 0.61418 0.99363 0.66832 0.13598 1.00000 0.70833 0.85412 1.00000 0.62929 0.62924
174.00000 128.00000 0.99979 0.99881 1.00000 0.00000 0.13212 0.30573 0.24792 0.00000 0.00063 0.00451 0.62721 0.27127 0.24324 0.48697 0.00325 0.99297 0.56924 0.40645 0.00000 0.31250 0.62791 1.00000 0.01578 0.01208
174.00000 129.00000 0.00003 0.00000 1.00000 1.00000 0.97963 0.96178 0.94799 1.00000 1.00000 0.99329 0.99949 0.87712 1.00000 0.93404 0.99518 0.99336 0.68744 0.04277 1.00000 0.96875 1.00000 1.00000 0.98011 0.97408
174.00000 130.00000 0.83332 0.99762 1.00000 0.06027 0.18084 0.33618 0.27413 0.14659 0.14403 0.13572 0.65086 0.30452 0.24324 0.47557 0.13547 0.99347 0.54253 0.36193 0.00000 0.33333 0.65116 1.00000 0.16084 0.16898
174.00000 131.00000 0.47612 0.83135 1.00000 0.62699 0.66135 0.65897 0.55878 0.50794 0.50000 0.47196 0.86422 0.60421 0.40541 0.67915 0.47079 0.99372 0.52918 0.33981 0.00000 0.65625 0.86469 1.00000 0.48628 0.48372
174.00000 132.00000 0.00005 0.00000 1.00000 1.00000 0.98422 0.94999 0.93167 1.00000 1.00000 0.99260 0.99941 0.87966 1.00000 0.93811 0.99437 0.99339 0.69058 0.03947 1.00000 0.93750 1.00000 1.00000 0.98045 0.98009
174.00000 133.00000 0.99978 0.99762 1.00000 0.00000 0.12891 0.29560 0.26814 0.00000 0.00063 0.00456 0.62749 0.27851 0.24324 0.50814 0.00292 0.99330 0.57788 0.39744 0.00000 0.30208 0.62791 1.00000 0.01680 0.02247
174.00000 134.00000 0.00003 0.00000 1.00000 1.00000 0.98917 0.96243 0.94589 1.00000 1.00000 0.99320 0.99951 0.87738 1.00000 0.93974 0.99310 0.99366 0.68627 0.04544 1.00000 0.96875 1.00000 1.00000 0.97565 0.98254
174.00000 135.00000 0.83328 0.99952 1.00000 0.06027 0.18882 0.33496 0.27432 0.14659 0.14403 0.13804 0.65088 0.30558 0.24324 0.46498 0.13547 0.99366 0.54463 0.38057 0.00000 0.33333 0.65116 1.00000 0.16084 0.16329
174.00000 136.00000 0.00002 0.00131 1.00000 1.00000 0.98523 0.93385 0.93364 1.00000 1.00000 0.99272 0.99951 0.88518 1.00000 0.94300 0.99406 0.99358 0.69908 0.05412 1.00000 0.93750 1.00000 1.00000 0.98114 0.98126
174.00000 137.00000 0.47627 0.83135 1.00000 0.62699 0.66336 0.65453 0.55575 0.50794 0.50000 0.47139 0.86417 0.60645 0.40541 0.68404 0.47173 0.99372 0.52064 0.34432 0.00000 0.66667 0.86469 1.00000 0.48560 0.49196
174.00000 138.00000 0.99990 0.99762 1.00000 0.00000 0.12827 0.32965 0.26462 0.00000 0.00000 0.00365 0.62751 0.27996 0.24324 0.49919 0.00264 0.99330 0.57262 0.39301 0.00000 0.28125 0.62791 1.00000 0.01509 0.01606
174.00000 139.00000 0.59526 0.73705 0.00000 0.23809 0.01009 0.06407 0.07972 0.29318 0.20881 0.09267 0.00141 0.03024 0.02703 0.05945 0.09027 0.00198 0.07640 0.95540 0.00000 0.06250 0.00000 0.00000 0.14198 0.13550
174.00000 140.00000 0.99990 0.99762 1.00000 0.00000 0.13313 0.28574 0.25771 0.00000 0.00000 0.00432 0.62776 0.28050 0.24324 0.50081 0.00353 0.99333 0.57100 0.38928 0.00000 0.31250 0.62791 1.00000 0.01440 0.01831
174.00000 141.00000 0.99979 0.99893 1.00000 0.00000 0.13377 0.30297 0.25957 0.00000 0.00000 0.00329 0.62768 0.28225 0.24324 0.49919 0.00302 0.99347 0.58638 0.38595 0.00000 0.28125 0.62791 1.00000 0.00754 0.01746
174.00000 142.00000 0.00005 0.00000 1.00000 1.00000 0.98624 0.94793 0.95593 1.00000 1.00000 0.99334 0.99935 0.88178 1.00000 0.93078 0.99414 0.99344 0.71231 0.05225 1.00000 0.94792 1.00000 1.00000 0.98011 0.98159
174.00000 143.00000 0.83331 0.99929 1.00000 0.06027 0.18745 0.33463 0.28920 0.14659 0.14403 0.13658 0.65107 0.31606 0.24324 0.48371 0.13593 0.99388 0.54213 0.37895 0.00000 0.34375 0.65116 1.00000 0.16015 0.15866
174.00000 144.00000 0.47615 0.83135 1.00000 0.62699 0.66612 0.66000 0.56111 0.50794 0.50000 0.46943 0.86428 0.60385 0.40541 0.67101 0.47034 0.99402 0.53030 0.33469 0.00000 0.66667 0.86469 1.00000 0.48800 0.48832
174.00000 145.00000 0.59520 0.73634 0.00000 0.23809 0.01633 0.06634 0.08210 0.29318 0.20881 0.09097 0.00152 0.03042 0.02703 0.06026 0.08977 0.00223 0.08600 0.96558 0.00000 0.04167 0.00000 0.00000 0.13615 0.14528
174.00000 146.00000 0.59531 0.73800 0.00000 0.23809 0.00853 0.06650 0.07490 0.29318 0.20881 0.09193 0.00160 0.03075 0.02703 0.06189 0.08918 0.00209 0.08864 0.95588 0.00000 0.05208 0.00000 0.00000 0.14232 0.13740
174.00000 147.00000 0.23815 0.29691 1.00000 0.59794 0.63776 0.72271 0.71903 0.61718 0.61572 0.61338 0.85353 0.65522 0.89189 0.76303 0.61294 0.99372 0.69820 0.12987 1.00000 0.70833 0.85412 1.00000 0.63100 0.62684
174.00000 148.00000 0.99996 0.99917 1.00000 0.00000 0.13423 0.30340 0.26106 0.00000 0.00063 0.00272 0.62787 0.28680 0.24324 0.48941 0.00505 0.99380 0.59806 0.38474 0.00000 0.29167 0.62791 1.00000 0.01612 0.01997
174.00000 149.00000 0.99978 0.99762 1.00000 0.00000 0.12864 0.30754 0.26388 0.00000 0.00063 0.00384 0.62791 0.29065 0.24324 0.48779 0.00332 0.99372 0.59987 0.39349 0.00000 0.31250 0.62791 1.00000 0.01749 0.02148
174.00000 150.00000 0.47622 0.83349 1.00000 0.62699 0.66878 0.67433 0.56939 0.50794 0.50000 0.46962 0.86419 0.61465 0.40541 0.70277 0.47029 0.99405 0.53475 0.34289 0.00000 0.65625 0.86469 1.00000 0.49211 0.48923
174.00000 151.00000 0.23822 0.29691 1.00000 0.59794 0.64079 0.70188 0.70488 0.61718 0.61572 0.61379 0.85349 0.66124 0.89189 0.77443 0.61263 0.99380 0.70531 0.11925 1.00000 0.70833 0.85412 1.00000 0.62929 0.62785
174.00000 152.00000 0.99976 0.99762 1.00000 0.00000 0.12974 0.32499 0.26438 0.00000 0.00063 0.00308 0.62787 0.28019 0.24324 0.50326 0.00434 0.99383 0.61496 0.39733 0.00000 0.30208 0.62791 1.00000 0.01680 0.02110
174.00000 153.00000 0.00006 0.00059 1.00000 1.00000 0.98871 0.94617 0.94493 1.00000 1.00000 0.99270 0.99949 0.88458 1.00000 0.95928 0.99404 0.99369 0.72711 0.05316 1.00000 0.95833 1.00000 1.00000 0.97497 0.97557
174.00000 154.00000 0.99996 0.99762 1.00000 0.00000 0.13625 0.31819 0.26308 0.00000 0.00063 0.00637 0.62801 0.29132 0.24324 0.50651 0.00287 0.99388 0.61020 0.39770 0.00000 0.30208 0.62791 1.00000 0.01269 0.01732
174.00000 155.00000 0.83328 0.99786 1.00000 0.06027 0.19038 0.34791 0.28251 0.14659 0.14403 0.13804 0.65130 0.31454 0.24324 0.48453 0.13710 0.99427 0.56234 0.37489 0.00000 0.34375 0.65116 1.00000 0.15981 0.16898
174.00000 156.00000 0.99985 0.99976 1.00000 0.00000 0.13295 0.31348 0.26070 0.00000 0.00063 0.00372 0.62795 0.28952 0.24324 0.51792 0.00200 0.99388 0.59509 0.39638 0.00000 0.30208 0.62791 1.00000 0.01269 0.01654
174.00000 157.00000 0.99982 0.99941 1.00000 0.00000 0.13221 0.32133 0.28000 0.00000 0.00063 0.00499 0.62816 0.29240 0.24324 0.50326 0.00289 0.99410 0.60875 0.38562 0.00000 0.31250 0.62791 1.00000 0.00995 0.01404
174.00000 158.00000 0.47627 0.83135 1.00000 0.62699 0.66428 0.68349 0.57625 0.50794 0.50000 0.47060 0.86443 0.61974 0.40541 0.69055 0.47011 0.99402 0.55022 0.33696 0.00000 0.65625 0.86469 1.00000 0.48491 0.48292
174.00000 159.00000 0.99980 0.99762 1.00000 0.00000 0.13497 0.30492 0.25827 0.00000 0.00063 0.00458 0.62823 0.29615 0.24324 0.49837 0.00375 0.99413 0.61358 0.39397 0.00000 0.30208 0.62791 1.00000 0.00926 0.01638
174.00000 160.00000 0.99993 0.99762 1.00000 0.00000 0.13515 0.32014 0.26520 0.00000 0.00000 0.00291 0.62810 0.29885 0.24324 0.49186 0.00342 0.99419 0.60708 0.39389 0.00000 0.29167 0.62791 1.00000 0.01886 0.01395
174.00000 161.00000 0.47609 0.83337 1.00000 0.62699 0.66722 0.68262 0.56667 0.50794 0.50000 0.46979 0.86443 0.62226 0.40541 0.68893 0.46947 0.99394 0.54451 0.33959 0.00000 0.65625 0.86469 1.00000 0.48354 0.48676
174.00000 162.00000 0.23815 0.29786 1.00000 0.59794 0.63795 0.70126 0.71540 0.61718 0.61572 0.61121 0.85360 0.67493 0.89189 0.78176 0.61319 0.99394 0.72509 0.13778 1.00000 0.71875 0.85412 1.00000 0.62414 0.62404
174.00000 163.00000 0.99982 0.99774 1.00000 0.00000 0.13662 0.30500 0.26917 0.00000 0.00063 0.00372 0.62827 0.29499 0.24324 0.50570 0.00353 0.99443 0.62027 0.39257 0.00000 0.31250 0.62791 1.00000 0.00926 0.01439
174.00000 164.00000 0.47621 0.83171 1.00000 0.62699 0.66951 0.66222 0.58152 0.50794 0.50000 0.47162 0.86451 0.62995 0.37838 0.68404 0.46980 0.99408 0.55862 0.33337 0.00000 0.65625 0.86469 1.00000 0.48594 0.48949
174.00000 165.00000 0.47621 0.83278 1.00000 0.62699 0.66547 0.66312 0.58412 0.50794 0.50000 0.46940 0.86455 0.62598 0.40541 0.69300 0.47105 0.99413 0.57333 0.33612 1.00000 0.67708 0.86469 1.00000 0.48320 0.49248
174.00000 166.00000 0.00006 0.00178 1.00000 1.00000 0.98266 0.95503 0.95468 1.00000 1.00000 0.99236 0.99951 0.90248 1.00000 0.93974 0.99267 0.99358 0.74318 0.05141 1.00000 0.96875 1.00000 1.00000 0.97565 0.98448
174.00000 167.00000 0.59523 0.73705 0.00000 0.23809 0.01248 0.06545 0.10766 0.29318 0.20881 0.09169 0.00234 0.04562 0.02703 0.06433 0.08847 0.00314 0.12608 0.97781 0.00000 0.07292 0.00000 0.00000 0.14163 0.14234
174.00000 168.00000 0.99985 0.99762 1.00000 0.00000 0.12900 0.31516 0.26568 0.00000 0.00063 0.00363 0.62842 0.29914 0.24324 0.50733 0.00388 0.99471 0.64119 0.38672 0.00000 0.30208 0.62791 1.00000 0.01166 0.01979
174.00000 169.00000 0.23804 0.29798 1.00000 0.59794 0.64006 0.71884 0.70507 0.61718 0.61572 0.61350 0.85362 0.67777 0.89189 0.78420 0.61268 0.99380 0.73409 0.13426 1.00000 0.70833 0.85412 1.00000 0.62346 0.62587
174.00000 170.00000 0.00003 0.00000 1.00000 1.00000 0.99009 0.95698 0.95754 1.00000 1.00000 0.99294 0.99949 0.90293 1.00000 0.95277 0.99351 0.99358 0.75534 0.06276 1.00000 0.94792 1.00000 1.00000 0.96948 0.97858
174.00000 171.00000 0.83334 0.99762 1.00000 0.06027 0.19112 0.36002 0.28417 0.14659 0.14403 0.13706 0.65202 0.32437 0.24324 0.48941 0.13550 0.99520 0.59409 0.38423 0.00000 0.33333 0.65116 1.00000 0.16152 0.16139
174.00000 172.00000 0.47622 0.83135 1.00000 0.62699 0.66602 0.66087 0.57630 0.50794 0.50000 0.46924 0.86472 0.64005 0.37838 0.69788 0.47003 0.99427 0.57938 0.35559 1.00000 0.66667 0.86469 1.00000 0.48560 0.48749
174.00000 173.00000 0.47620 0.83135 1.00000 0.62699 0.66511 0.67038 0.56099 0.50794 0.50000 0.46969 0.86470 0.63612 0.37838 0.69055 0.47029 0.99427 0.58937 0.35860 1.00000 0.67708 0.86469 1.00000 0.48560 0.48779
174.00000 174.00000 0.99991 0.99762 1.00000 0.00000 0.13267 0.32718 0.29683 0.00000 0.00063 0.00456 0.62873 0.31555 0.24324 0.50163 0.00274 0.99512 0.66999 0.38397 0.00000 0.31250 0.62791 1.00000 0.01166 0.01848
174.00000 175.00000 0.47616 0.83135 1.00000 0.62699 0.66896 0.69145 0.56595 0.50794 0.50000 0.47105 0.86470 0.64048 0.37838 0.70033 0.47013 0.99441 0.58492 0.34263 1.00000 0.67708 0.86469 1.00000 0.48080 0.48467
174.00000 176.00000 0.23804 0.29893 1.00000 0.59794 0.64189 0.72480 0.71988 0.61718 0.61572 0.61434 0.85372 0.67941 0.89189 0.78746 0.61294 0.99399 0.77400 0.14188 1.00000 0.71875 0.85412 1.00000 0.62654 0.62580
174.00000 177.00000 0.59509 0.73646 0.00000 0.23809 0.01028 0.07011 0.08032 0.29318 0.20881 0.09064 0.00272 0.05167 0.02703 0.07736 0.08867 0.00369 0.15033 0.97012 0.00000 0.05208 0.00000 0.00000 0.13683 0.13926
174.00000 178.00000 0.99985 0.99762 1.00000 0.00000 0.13267 0.31925 0.27786 0.00000 0.00063 0.00348 0.62890 0.31195 0.24324 0.50163 0.00391 0.99532 0.65988 0.39942 0.00000 0.31250 0.62791 1.00000 0.01337 0.01201
174.00000 179.00000 0.00005 0.00000 1.00000 1.00000 0.98165 0.95335 0.95932 1.00000 1.00000 0.99181 0.99939 0.91322 1.00000 0.95847 0.99176 0.99347 0.78886 0.06759 1.00000 0.96875 1.00000 1.00000 0.97462 0.97498
174.00000 180.00000 0.59512 0.73634 0.00000 0.23809 0.01395 0.08056 0.08506 0.29318 0.20881 0.09117 0.00281 0.05498 0.02703 0.06270 0.08908 0.00389 0.15212 0.97825 0.00000 0.07292 0.00000 0.00000 0.13374 0.14789
174.00000 181.00000 0.00002 0.00000 1.00000 1.00000 0.99009 0.94867 0.97976 1.00000 1.00000 0.99201 0.99939 0.91586 1.00000 0.95358 0.99143 0.99358 0.79864 0.06158 1.00000 0.95833 1.00000 1.00000 0.97257 0.97023
174.00000 182.00000 0.47624 0.83135 1.00000 0.62699 0.66703 0.67141 0.57714 0.50794 0.50000 0.47055 0.86496 0.65418 0.37838 0.71091 0.46975 0.99454 0.62251 0.35611 1.00000 0.66667 0.86469 1.00000 0.48731 0.48598
174.00000 183.00000 0.00003 0.00000 1.00000 1.00000 0.98835 0.97689 0.96175 1.00000 1.00000 0.99143 0.99951 0.92138 1.00000 0.95521 0.99275 0.99380 0.80737 0.06008 1.00000 0.94792 1.00000 1.00000 0.97497 0.97520
174.00000 184.00000 0.99989 0.99786 1.00000 0.00000 0.13754 0.32591 0.26994 0.00000 0.00063 0.00408 0.62926 0.32303 0.24324 0.51466 0.00340 0.99567 0.69046 0.39664 0.00000 0.32292 0.62791 1.00000 0.01166 0.01762
174.00000 185.00000 0.83325 0.99834 1.00000 0.06027 0.19305 0.34970 0.30684 0.14659 0.14465 0.13751 0.65284 0.34667 0.24324 0.49674 0.13705 0.99628 0.66197 0.39602 0.00000 0.34375 0.65116 1.00000 0.15878 0.15490
174.00000 186.00000 0.99990 0.99952 1.00000 0.00000 0.13845 0.32797 0.29485 0.00000 0.00063 0.00391 0.62932 0.32624 0.27027 0.51466 0.00383 0.99592 0.69358 0.39367 0.00000 0.32292 0.62791 1.00000 0.00857 0.01730
174.00000 187.00000 0.23802 0.29691 1.00000 0.59794 0.64391 0.74788 0.73331 0.61718 0.61572 0.61193 0.85370 0.69920 0.89189 0.78827 0.61329 0.99413 0.80502 0.14173 1.00000 0.71875 0.85412 1.00000 0.61866 0.62531
174.00000 188.00000 0.83333 0.99762 1.00000 0.06027 0.19066 0.37131 0.29837 0.14659 0.14465 0.13761 0.65295 0.35253 0.24324 0.49837 0.13580 0.99645 0.65012 0.40118 0.00000 0.34375 0.65116 1.00000 0.15775 0.16289
174.00000 189.00000 0.99996 0.99762 1.00000 0.00000 0.13460 0.32626 0.29907 0.00000 0.00063 0.00515 0.62949 0.33103 0.24324 0.51303 0.00249 0.99622 0.71050 0.39316 0.00000 0.31250 0.62791 1.00000 0.01097 0.01589
174.00000 190.00000 0.59515 0.73634 0.00000 0.23809 0.01725 0.07422 0.09317 0.29318 0.20881 0.09043 0.00340 0.06699 0.02703 0.08062 0.09012 0.00468 0.17813 0.97331 0.00000 0.05208 0.00000 0.00000 0.13957 0.14181
174.00000 191.00000 0.83323 0.99893 1.00000 0.06027 0.19433 0.38689 0.28840 0.14659 0.14465 0.13567 0.65337 0.36617 0.24324 0.51221 0.13443 0.99678 0.68734 0.38236 0.00000 0.36458 0.65116 1.00000 0.15192 0.15930
174.00000 192.00000 0.83333 0.99964 1.00000 0.06027 0.19516 0.36403 0.29755 0.14659 0.14465 0.13515 0.65344 0.35586 0.24324 0.49430 0.13524 0.99702 0.68011 0.39774 0.00000 0.35417 0.65116 1.00000 0.15706 0.16040
174.00000 193.00000 0.99992 0.99762 1.00000 0.00000 0.13552 0.33195 0.30094 0.00000 0.00063 0.00351 0.62977 0.33863 0.27027 0.51629 0.00373 0.99650 0.71291 0.40539 0.00000 0.32292 0.62791 1.00000 0.00823 0.01355
