254.00000 1.00000 0.99984 0.99941 1.00000 0.00000 0.12799 0.28100 0.22563 0.00000 0.00063 0.00473 0.62698 0.26534 0.24324 0.45847 0.00292 0.99267 0.53694 0.37061 0.00000 0.29167 0.62791 1.00000 0.01680 0.02618
254.00000 2.00000 0.59525 0.73717 0.00000 0.23809 0.01321 0.04099 0.04075 0.29318 0.20818 0.09248 0.00093 0.01045 0.02703 0.03257 0.08974 0.00130 0.05605 0.93662 0.00000 0.04167 0.00000 0.00000 0.14198 0.14710
254.00000 3.00000 0.83334 0.99857 1.00000 0.06027 0.18396 0.32461 0.25357 0.14659 0.14403 0.13835 0.65044 0.29002 0.24324 0.46498 0.13606 0.99272 0.49576 0.36175 0.00000 0.32292 0.65116 1.00000 0.15638 0.16622
254.00000 4.00000 0.00005 0.00178 1.00000 1.00000 0.98018 0.94598 0.91568 1.00000 1.00000 0.99597 0.99926 0.87123 1.00000 0.89902 0.99731 0.99341 0.66392 0.02933 1.00000 0.91667 1.00000 1.00000 0.98422 0.98879
254.00000 5.00000 0.99985 0.99964 1.00000 0.00000 0.12469 0.28189 0.21533 0.00000 0.00000 0.00473 0.62702 0.26157 0.24324 0.48208 0.00568 0.99264 0.53023 0.36932 0.00000 0.27083 0.62791 1.00000 0.01920 0.01970
254.00000 6.00000 0.23804 0.29869 1.00000 0.59794 0.63134 0.68593 0.67258 0.61718 0.61509 0.61532 0.85328 0.63014 0.89189 0.73860 0.61535 0.99355 0.65352 0.10882 1.00000 0.69792 0.85412 1.00000 0.63306 0.63943
254.00000 7.00000 0.83333 0.99762 1.00000 0.06027 0.18249 0.31914 0.25126 0.14659 0.14403 0.13732 0.65035 0.28539 0.24324 0.45358 0.13618 0.99286 0.49990 0.35955 0.00000 0.32292 0.65116 1.00000 0.16049 0.16575
254.00000 8.00000 0.59529 0.73634 0.00000 0.23809 0.00872 0.02465 0.05514 0.29318 0.20881 0.09276 0.00082 0.01221 0.02703 0.05130 0.08994 0.00121 0.05239 0.92586 0.00000 0.04167 0.00000 0.00000 0.13752 0.14619
254.00000 9.00000 0.59513 0.73777 0.00000 0.23809 0.01248 0.06049 0.03707 0.29318 0.20881 0.09284 0.00080 0.01591 0.02703 0.03990 0.09174 0.00138 0.04618 0.93307 0.00000 0.03125 0.00000 0.00000 0.14540 0.14652
254.00000 10.00000 0.00004 0.00000 1.00000 1.00000 0.97899 0.93948 0.93085 1.00000 1.00000 0.99735 0.99937 0.86174 1.00000 0.91042 0.99696 0.99325 0.65783 0.02779 1.00000 0.91667 1.00000 1.00000 0.98765 0.98901
254.00000 11.00000 0.99995 0.99810 1.00000 0.00000 0.13093 0.28517 0.23174 0.00000 0.00000 0.00587 0.62698 0.26678 0.24324 0.46580 0.00413 0.99261 0.55372 0.37141 0.00000 0.27083 0.62791 1.00000 0.01955 0.01959
254.00000 12.00000 0.59515 0.73741 0.00000 0.23809 0.00762 0.06518 0.04484 0.29318 0.20818 0.09193 0.00099 0.01074 0.02703 0.02117 0.08971 0.00146 0.04556 0.94332 0.00000 0.03125 0.00000 0.00000 0.14300 0.14555
254.00000 13.00000 0.99998 0.99762 1.00000 0.00000 0.12781 0.29275 0.24852 0.00000 0.00000 0.00453 0.62700 0.26466 0.24324 0.47150 0.00459 0.99253 0.53513 0.37738 0.00000 0.27083 0.62791 1.00000 0.00857 0.01976
254.00000 14.00000 0.23810 0.29691 1.00000 0.59794 0.63042 0.68146 0.66225 0.61718 0.61509 0.61672 0.85330 0.63792 0.89189 0.72883 0.61649 0.99336 0.64902 0.11138 1.00000 0.68750 0.85412 1.00000 0.63272 0.63757
254.00000 15.00000 0.23821 0.29727 1.00000 0.59794 0.63180 0.69091 0.67229 0.61718 0.61509 0.61637 0.85322 0.63679 0.89189 0.73779 0.61524 0.99339 0.64736 0.11131 1.00000 0.68750 0.85412 1.00000 0.63340 0.62850
254.00000 16.00000 0.59517 0.73634 0.00000 0.23809 0.01468 0.04537 0.06256 0.29318 0.20818 0.09257 0.00095 0.01250 0.02703 0.03502 0.09065 0.00149 0.05029 0.93399 0.00000 0.03125 0.00000 0.00000 0.14163 0.14267
254.00000 17.00000 0.83331 0.99964 1.00000 0.06027 0.18396 0.31987 0.24279 0.14659 0.14403 0.13737 0.65037 0.29289 0.24324 0.45277 0.13760 0.99295 0.49050 0.35640 0.00000 0.32292 0.65116 1.00000 0.16358 0.16600
254.00000 18.00000 0.99978 0.99952 1.00000 0.00000 0.12487 0.26894 0.24366 0.00000 0.00063 0.00430 0.62704 0.26873 0.24324 0.47231 0.00378 0.99261 0.53761 0.37412 0.00000 0.27083 0.62791 1.00000 0.02126 0.02086
254.00000 19.00000 0.00004 0.00036 1.00000 1.00000 0.97706 0.92391 0.92206 1.00000 1.00000 0.99482 0.99939 0.86391 1.00000 0.90879 0.99521 0.99336 0.66490 0.04522 1.00000 0.92708 1.00000 1.00000 0.98594 0.98722
254.00000 20.00000 0.99987 0.99762 1.00000 0.00000 0.12763 0.29782 0.23451 0.00000 0.00000 0.00434 0.62715 0.27282 0.24324 0.45847 0.00378 0.99267 0.55505 0.37321 0.00000 0.28125 0.62791 1.00000 0.01132 0.02539
254.00000 21.00000 0.99982 0.99762 1.00000 0.00000 0.13084 0.30882 0.23064 0.00000 0.00000 0.00389 0.62711 0.26593 0.24324 0.48860 0.00467 0.99283 0.54310 0.36720 0.00000 0.27083 0.62791 1.00000 0.01509 0.02112
254.00000 22.00000 0.59519 0.73860 0.00000 0.23809 0.00762 0.04825 0.03225 0.29318 0.20818 0.09322 0.00095 0.01393 0.02703 0.02280 0.09169 0.00132 0.04613 0.92505 0.00000 0.02083 0.00000 0.00000 0.14095 0.15235
254.00000 23.00000 0.23817 0.29691 1.00000 0.59794 0.63731 0.68826 0.69511 0.61718 0.61509 0.61424 0.85336 0.63925 0.89189 0.71906 0.61532 0.99347 0.64764 0.10256 1.00000 0.67708 0.85412 1.00000 0.63203 0.63011
254.00000 24.00000 0.83326 0.99762 1.00000 0.06027 0.18369 0.31329 0.24368 0.14659 0.14403 0.13808 0.65031 0.28538 0.24324 0.45521 0.13755 0.99278 0.49031 0.36248 0.00000 0.31250 0.65116 1.00000 0.16529 0.16656
254.00000 25.00000 0.83326 0.99762 1.00000 0.06027 0.17992 0.31223 0.24513 0.14659 0.14403 0.13761 0.65031 0.28685 0.24324 0.45033 0.13697 0.99259 0.49557 0.35589 0.00000 0.31250 0.65116 1.00000 0.16529 0.16858
254.00000 26.00000 0.00007 0.00000 1.00000 1.00000 0.98046 0.94287 0.91944 1.00000 1.00000 0.99523 0.99924 0.86369 1.00000 0.90147 0.99521 0.99339 0.67318 0.02014 1.00000 0.93750 1.00000 1.00000 0.98080 0.98499
254.00000 27.00000 0.99987 0.99869 1.00000 0.00000 0.12992 0.29373 0.26530 0.00000 0.00000 0.00458 0.62702 0.26590 0.24324 0.47557 0.00358 0.99264 0.54213 0.38229 0.00000 0.28125 0.62791 1.00000 0.00960 0.02300
254.00000 28.00000 0.99997 0.99810 1.00000 0.00000 0.12579 0.29424 0.22861 0.00000 0.00000 0.00422 0.62702 0.26890 0.24324 0.47313 0.00391 0.99253 0.55101 0.36687 0.00000 0.27083 0.62791 1.00000 0.01440 0.02213
254.00000 29.00000 0.00002 0.00131 1.00000 1.00000 0.98697 0.91900 0.90971 1.00000 1.00000 0.99563 0.99939 0.86178 1.00000 0.91612 0.99701 0.99350 0.65147 0.04178 1.00000 0.92708 1.00000 1.00000 0.98251 0.98860
254.00000 30.00000 0.00006 0.00071 1.00000 1.00000 0.97743 0.92686 0.92317 1.00000 1.00000 0.99527 0.99935 0.86219 1.00000 0.92020 0.99625 0.99344 0.67311 0.03434 1.00000 0.92708 1.00000 1.00000 0.98903 0.98423
254.00000 31.00000 0.59523 0.73848 0.00000 0.23809 0.00927 0.02105 0.04515 0.29318 0.20818 0.09386 0.00084 0.01673 0.02703 0.03176 0.09007 0.00141 0.04458 0.93461 0.00000 0.04167 0.00000 0.00000 0.14232 0.14434
254.00000 32.00000 0.00001 0.00000 1.00000 1.00000 0.97862 0.93306 0.90442 1.00000 1.00000 0.99544 0.99941 0.86271 1.00000 0.91531 0.99653 0.99339 0.65666 0.03248 1.00000 0.94792 1.00000 1.00000 0.98148 0.98805
254.00000 33.00000 0.83330 0.99762 1.00000 0.06027 0.18378 0.32328 0.23497 0.14659 0.14403 0.13746 0.65039 0.29331 0.24324 0.46906 0.13651 0.99283 0.50619 0.34835 0.00000 0.30208 0.65116 1.00000 0.15638 0.16521
254.00000 34.00000 0.83331 0.99976 1.00000 0.06027 0.17965 0.32158 0.25459 0.14659 0.14403 0.13579 0.65046 0.29211 0.24324 0.45033 0.13737 0.99281 0.50148 0.35794 0.00000 0.30208 0.65116 1.00000 0.16427 0.16696
254.00000 35.00000 0.47608 0.83361 1.00000 0.62699 0.65703 0.65746 0.52173 0.50794 0.49937 0.47282 0.86377 0.59667 0.40541 0.64821 0.47176 0.99317 0.48634 0.32110 0.00000 0.64583 0.86469 1.00000 0.49108 0.49484
254.00000 36.00000 0.83334 0.99893 1.00000 0.06027 0.18259 0.34078 0.25752 0.14659 0.14403 0.13699 0.65042 0.28885 0.24324 0.44951 0.13758 0.99286 0.50788 0.35398 0.00000 0.31250 0.65116 1.00000 0.16152 0.16145
254.00000 37.00000 0.23821 0.29786 1.00000 0.59794 0.63923 0.69563 0.67600 0.61718 0.61509 0.61501 0.85326 0.63120 0.89189 0.73453 0.61621 0.99352 0.63850 0.11790 1.00000 0.68750 0.85412 1.00000 0.62963 0.63647
254.00000 38.00000 0.00002 0.00000 1.00000 1.00000 0.97908 0.93756 0.92762 1.00000 1.00000 0.99446 0.99932 0.86034 1.00000 0.91205 0.99620 0.99328 0.65709 0.04079 1.00000 0.94792 1.00000 1.00000 0.97874 0.98829
254.00000 39.00000 0.59520 0.73753 0.00000 0.23809 0.01294 0.03007 0.03678 0.29318 0.20818 0.09241 0.00089 0.01419 0.02703 0.04153 0.09111 0.00132 0.04496 0.92644 0.00000 0.04167 0.00000 0.00000 0.13992 0.14596
254.00000 40.00000 0.47625 0.83219 1.00000 0.62699 0.65859 0.64684 0.54402 0.50794 0.50000 0.47475 0.86379 0.58885 0.40541 0.64332 0.47084 0.99319 0.48441 0.32356 0.00000 0.63542 0.86469 1.00000 0.49314 0.49378
254.00000 41.00000 0.00004 0.00059 1.00000 1.00000 0.98009 0.93336 0.89289 1.00000 1.00000 0.99391 0.99935 0.85914 1.00000 0.90635 0.99513 0.99328 0.67251 0.03724 1.00000 0.90625 1.00000 1.00000 0.98148 0.98579
254.00000 42.00000 0.00005 0.00036 1.00000 1.00000 0.98073 0.91998 0.92560 1.00000 1.00000 0.99489 0.99928 0.86510 1.00000 0.90635 0.99622 0.99314 0.67692 0.01988 1.00000 0.93750 1.00000 1.00000 0.98114 0.98347
254.00000 43.00000 0.99997 0.99762 1.00000 0.00000 0.12790 0.30348 0.26400 0.00000 0.00063 0.00458 0.62700 0.26330 0.24324 0.47150 0.00317 0.99275 0.53884 0.37390 0.00000 0.29167 0.62791 1.00000 0.01475 0.01732
254.00000 44.00000 0.99990 0.99917 1.00000 0.00000 0.12460 0.29809 0.23788 0.00000 0.00063 0.00566 0.62711 0.25981 0.24324 0.47068 0.00368 0.99264 0.54215 0.37416 0.00000 0.26042 0.62791 1.00000 0.02298 0.02131
254.00000 45.00000 0.59508 0.73634 0.00000 0.23809 0.00927 0.04489 0.03153 0.29318 0.20818 0.09174 0.00091 0.01116 0.02703 0.02606 0.09086 0.00127 0.06157 0.91956 0.00000 0.03125 0.00000 0.00000 0.14129 0.14453
254.00000 46.00000 0.83337 0.99762 1.00000 0.06027 0.18277 0.33003 0.24816 0.14659 0.14403 0.13837 0.65039 0.29286 0.24324 0.45847 0.13649 0.99270 0.49519 0.33410 0.00000 0.30208 0.65116 1.00000 0.15981 0.16942
254.00000 47.00000 0.00002 0.00143 1.00000 1.00000 0.97871 0.93807 0.92921 1.00000 1.00000 0.99737 0.99932 0.85809 1.00000 0.91694 0.99635 0.99341 0.68049 0.01443 1.00000 0.91667 1.00000 1.00000 0.97874 0.98561
254.00000 48.00000 0.23803 0.29727 1.00000 0.59794 0.63455 0.68284 0.67051 0.61718 0.61509 0.61730 0.85330 0.63501 0.89189 0.73941 0.61497 0.99330 0.65590 0.12284 1.00000 0.67708 0.85412 1.00000 0.63409 0.63706
254.00000 49.00000 0.00002 0.00000 1.00000 1.00000 0.98046 0.92391 0.90659 1.00000 1.00000 0.99527 0.99928 0.86295 1.00000 0.89495 0.99510 0.99325 0.66675 0.04145 1.00000 0.94792 1.00000 1.00000 0.98560 0.98338
254.00000 50.00000 0.23801 0.29691 1.00000 0.59794 0.63520 0.68677 0.66430 0.61718 0.61509 0.61603 0.85334 0.63066 0.89189 0.73290 0.61611 0.99347 0.63962 0.12075 1.00000 0.67708 0.85412 1.00000 0.62517 0.63371
254.00000 51.00000 0.47627 0.83135 1.00000 0.62699 0.65878 0.64283 0.54104 0.50794 0.50000 0.47139 0.86377 0.59056 0.40541 0.68404 0.47084 0.99333 0.49348 0.32857 0.00000 0.63542 0.86469 1.00000 0.49314 0.49152
254.00000 52.00000 0.00003 0.00119 1.00000 1.00000 0.97468 0.92469 0.91229 1.00000 1.00000 0.99628 0.99943 0.86291 1.00000 0.91287 0.99635 0.99347 0.65264 0.02852 1.00000 0.93750 1.00000 1.00000 0.98491 0.98907
254.00000 53.00000 0.99996 0.99810 1.00000 0.00000 0.12708 0.29221 0.23519 0.00000 0.00000 0.00358 0.62715 0.26225 0.24324 0.46580 0.00221 0.99264 0.54906 0.38031 0.00000 0.28125 0.62791 1.00000 0.01200 0.02231
254.00000 54.00000 0.47606 0.83135 1.00000 0.62699 0.65703 0.65364 0.53543 0.50794 0.49937 0.47380 0.86386 0.59055 0.40541 0.65879 0.47006 0.99336 0.48217 0.30888 0.00000 0.63542 0.86469 1.00000 0.49520 0.49462
254.00000 55.00000 0.99979 0.99762 1.00000 0.00000 0.12662 0.30562 0.24197 0.00000 0.00000 0.00427 0.62698 0.26048 0.24324 0.47068 0.00398 0.99245 0.54087 0.38046 0.00000 0.28125 0.62791 1.00000 0.01372 0.01922
254.00000 56.00000 0.23813 0.29857 1.00000 0.59794 0.63290 0.68097 0.66668 0.61718 0.61572 0.61322 0.85334 0.63102 0.89189 0.74023 0.61497 0.99352 0.65899 0.10585 1.00000 0.66667 0.85412 1.00000 0.63032 0.63263
254.00000 57.00000 0.83325 0.99762 1.00000 0.06027 0.18635 0.32564 0.24007 0.14659 0.14403 0.13882 0.65050 0.28971 0.24324 0.46661 0.13864 0.99319 0.50828 0.36347 0.00000 0.30208 0.65116 1.00000 0.15466 0.16147
254.00000 58.00000 0.99991 0.99762 1.00000 0.00000 0.12983 0.28148 0.23480 0.00000 0.00000 0.00501 0.62719 0.26526 0.24324 0.46743 0.00507 0.99256 0.54979 0.37031 0.00000 0.29167 0.62791 1.00000 0.01029 0.01612
254.00000 59.00000 0.83314 0.99869 1.00000 0.06027 0.18515 0.31383 0.24794 0.14659 0.14403 0.13847 0.65031 0.29221 0.24324 0.46091 0.13748 0.99286 0.50312 0.34875 0.00000 0.29167 0.65116 1.00000 0.16118 0.16170
254.00000 60.00000 1.00000 0.99988 1.00000 0.00000 0.12414 0.29422 0.22777 0.00000 0.00000 0.00430 0.62704 0.26446 0.24324 0.46824 0.00238 0.99264 0.54384 0.37676 0.00000 0.28125 0.62791 1.00000 0.01818 0.02311
254.00000 61.00000 0.59520 0.73717 0.00000 0.23809 0.00835 0.06978 0.06027 0.29318 0.20818 0.09193 0.00093 0.00968 0.02703 0.02850 0.09164 0.00138 0.04341 0.92849 0.00000 0.04167 0.00000 0.00000 0.14335 0.14897
254.00000 62.00000 0.47608 0.83135 1.00000 0.62699 0.65630 0.64012 0.54335 0.50794 0.49937 0.47315 0.86388 0.59185 0.40541 0.65635 0.47135 0.99339 0.49272 0.32916 0.00000 0.63542 0.86469 1.00000 0.48800 0.49680
254.00000 63.00000 0.83314 0.99762 1.00000 0.06027 0.18791 0.33428 0.23295 0.14659 0.14403 0.13782 0.65035 0.29093 0.24324 0.47720 0.13679 0.99295 0.50762 0.35406 0.00000 0.33333 0.65116 1.00000 0.16324 0.16994
254.00000 64.00000 0.47626 0.83337 1.00000 0.62699 0.66052 0.64857 0.52662 0.50794 0.50000 0.47096 0.86381 0.59104 0.40541 0.66531 0.47056 0.99341 0.49481 0.31118 0.00000 0.66667 0.86469 1.00000 0.49143 0.49206
254.00000 65.00000 0.59528 0.73800 0.00000 0.23809 0.00862 0.03822 0.04590 0.29318 0.20818 0.09424 0.00093 0.01567 0.02703 0.03339 0.09045 0.00138 0.04156 0.94870 0.00000 0.04167 0.00000 0.00000 0.14300 0.14777
254.00000 66.00000 0.47612 0.83195 1.00000 0.62699 0.65868 0.65131 0.54056 0.50794 0.49937 0.47337 0.86388 0.58850 0.40541 0.66775 0.47173 0.99319 0.49793 0.32572 0.00000 0.62500 0.86469 1.00000 0.49383 0.49491
254.00000 67.00000 0.99983 0.99762 1.00000 0.00000 0.12708 0.28116 0.24501 0.00000 0.00000 0.00458 0.62698 0.26297 0.24324 0.46173 0.00398 0.99261 0.54472 0.37474 0.00000 0.29167 0.62791 1.00000 0.01303 0.01798
254.00000 68.00000 0.59529 0.73670 0.00000 0.23809 0.01119 0.03858 0.04626 0.29318 0.20881 0.09300 0.00087 0.01241 0.02703 0.02932 0.09025 0.00124 0.04775 0.93157 0.00000 0.04167 0.00000 0.00000 0.14198 0.14513
254.00000 69.00000 0.23821 0.29691 1.00000 0.59794 0.63281 0.68235 0.67571 0.61718 0.61509 0.61579 0.85336 0.63816 0.89189 0.75896 0.61474 0.99341 0.65257 0.10944 1.00000 0.70833 0.85412 1.00000 0.63272 0.63101
254.00000 70.00000 0.47611 0.83290 1.00000 0.62699 0.66254 0.66705 0.53957 0.50794 0.49937 0.47291 0.86386 0.58775 0.40541 0.65961 0.47181 0.99333 0.48312 0.31462 0.00000 0.63542 0.86469 1.00000 0.49520 0.49861
254.00000 71.00000 0.00002 0.00071 1.00000 1.00000 0.98303 0.92404 0.91419 1.00000 1.00000 0.99578 0.99920 0.85974 1.00000 0.91938 0.99673 0.99325 0.65909 0.02237 1.00000 0.91667 1.00000 1.00000 0.98663 0.98564
254.00000 72.00000 0.47627 0.83159 1.00000 0.62699 0.65712 0.65098 0.55512 0.50794 0.49937 0.47306 0.86394 0.59603 0.40541 0.66368 0.47064 0.99306 0.48503 0.31927 0.00000 0.62500 0.86469 1.00000 0.48937 0.49374
254.00000 73.00000 0.23823 0.29774 1.00000 0.59794 0.63749 0.69847 0.67807 0.61718 0.61509 0.61558 0.85326 0.63679 0.89189 0.74674 0.61545 0.99352 0.64498 0.12061 1.00000 0.69792 0.85412 1.00000 0.63580 0.63475
254.00000 74.00000 0.47621 0.83266 1.00000 0.62699 0.65969 0.64657 0.54607 0.50794 0.49937 0.47158 0.86381 0.58956 0.40541 0.66938 0.47325 0.99333 0.49557 0.32542 0.00000 0.63542 0.86469 1.00000 0.48731 0.49874
254.00000 75.00000 0.83330 0.99762 1.00000 0.06027 0.18552 0.30370 0.24397 0.14659 0.14403 0.13744 0.65044 0.29127 0.24324 0.44463 0.13694 0.99283 0.50055 0.34952 0.00000 0.32292 0.65116 1.00000 0.15844 0.16846
254.00000 76.00000 0.59515 0.73634 0.00000 0.23809 0.00798 0.05296 0.03286 0.29318 0.20881 0.09365 0.00087 0.01549 0.02703 0.04316 0.08951 0.00124 0.05869 0.91513 0.00000 0.05208 0.00000 0.00000 0.14335 0.14943
254.00000 77.00000 0.23813 0.29751 1.00000 0.59794 0.63492 0.68563 0.69244 0.61718 0.61509 0.61560 0.85326 0.64112 0.89189 0.74023 0.61651 0.99328 0.63593 0.11427 1.00000 0.66667 0.85412 1.00000 0.62894 0.63462
254.00000 78.00000 0.99979 0.99976 1.00000 0.00000 0.13029 0.27718 0.23598 0.00000 0.00000 0.00353 0.62692 0.26532 0.24324 0.45765 0.00276 0.99259 0.54494 0.37588 0.00000 0.29167 0.62791 1.00000 0.01509 0.02407
254.00000 79.00000 0.00006 0.00000 1.00000 1.00000 0.97954 0.93122 0.90618 1.00000 1.00000 0.99640 0.99932 0.86261 1.00000 0.92671 0.99759 0.99347 0.67351 0.03760 1.00000 0.92708 1.00000 1.00000 0.99074 0.98516
254.00000 80.00000 0.99979 0.99762 1.00000 0.00000 0.13001 0.29725 0.22512 0.00000 0.00063 0.00554 0.62706 0.26826 0.24324 0.46824 0.00555 0.99250 0.55089 0.38181 0.00000 0.29167 0.62791 1.00000 0.01680 0.02051
254.00000 81.00000 0.99984 0.99762 1.00000 0.00000 0.12873 0.29646 0.25892 0.00000 0.00000 0.00413 0.62702 0.26384 0.24324 0.46254 0.00403 0.99253 0.55034 0.37544 0.00000 0.28125 0.62791 1.00000 0.01749 0.02090
254.00000 82.00000 0.83322 0.99846 1.00000 0.06027 0.17974 0.30958 0.24929 0.14659 0.14403 0.13768 0.65035 0.28894 0.24324 0.46580 0.13583 0.99272 0.50676 0.36317 0.00000 0.30208 0.65116 1.00000 0.16255 0.16507
254.00000 83.00000 0.00007 0.00000 1.00000 1.00000 0.98780 0.92518 0.91366 1.00000 1.00000 0.99511 0.99937 0.86579 1.00000 0.89332 0.99642 0.99339 0.65735 0.02746 1.00000 0.93750 1.00000 1.00000 0.98457 0.98208
254.00000 84.00000 0.23810 0.29691 1.00000 0.59794 0.63776 0.68712 0.67070 0.61718 0.61509 0.61443 0.85334 0.63593 0.89189 0.74593 0.61545 0.99352 0.64426 0.10508 1.00000 0.67708 0.85412 1.00000 0.63820 0.63650
254.00000 85.00000 0.99993 0.99929 1.00000 0.00000 0.12579 0.29993 0.24289 0.00000 0.00063 0.00587 0.62715 0.27413 0.24324 0.45928 0.00416 0.99278 0.54677 0.37526 0.00000 0.26042 0.62791 1.00000 0.01269 0.01438
254.00000 86.00000 0.47611 0.83135 1.00000 0.62699 0.65345 0.64727 0.53870 0.50794 0.49937 0.47153 0.86390 0.59401 0.40541 0.65879 0.47112 0.99325 0.49633 0.32436 0.00000 0.64583 0.86469 1.00000 0.49143 0.49109
254.00000 87.00000 0.00005 0.00143 1.00000 1.00000 0.98174 0.94138 0.91802 1.00000 1.00000 0.99480 0.99930 0.86281 1.00000 0.90554 0.99658 0.99347 0.66811 0.02548 1.00000 0.92708 1.00000 1.00000 0.98320 0.97977
254.00000 88.00000 0.59529 0.73634 0.00000 0.23809 0.00615 0.03776 0.05671 0.29318 0.20818 0.09284 0.00084 0.01236 0.02703 0.02362 0.08936 0.00130 0.05234 0.94292 0.00000 0.03125 0.00000 0.00000 0.14232 0.14177
254.00000 89.00000 0.47627 0.83135 1.00000 0.62699 0.66180 0.66225 0.54607 0.50794 0.49937 0.47306 0.86396 0.59986 0.37838 0.66612 0.47211 0.99341 0.48163 0.31777 0.00000 0.63542 0.86469 1.00000 0.49314 0.49410
254.00000 90.00000 0.47607 0.83278 1.00000 0.62699 0.65657 0.65242 0.53858 0.50794 0.49937 0.47131 0.86392 0.59210 0.40541 0.65554 0.47148 0.99339 0.48284 0.32290 0.00000 0.63542 0.86469 1.00000 0.48937 0.49419
254.00000 91.00000 0.00005 0.00036 1.00000 1.00000 0.98367 0.93466 0.90567 1.00000 1.00000 0.99420 0.99939 0.86542 1.00000 0.91042 0.99490 0.99352 0.67282 0.04042 1.00000 0.92708 1.00000 1.00000 0.98045 0.98760
254.00000 92.00000 0.59527 0.73634 0.00000 0.23809 0.01229 0.04245 0.06393 0.29318 0.20818 0.09076 0.00095 0.01467 0.02703 0.03990 0.08974 0.00132 0.04575 0.93567 0.00000 0.02083 0.00000 0.00000 0.14643 0.14745
254.00000 93.00000 0.00004 0.00048 1.00000 1.00000 0.98596 0.93862 0.92948 1.00000 1.00000 0.99446 0.99939 0.86836 1.00000 0.90065 0.99460 0.99350 0.66921 0.03046 1.00000 0.93750 1.00000 1.00000 0.98320 0.98250
254.00000 94.00000 0.83317 0.99869 1.00000 0.06027 0.18268 0.33379 0.24561 0.14659 0.14403 0.14002 0.65037 0.28710 0.24324 0.46091 0.13776 0.99281 0.49355 0.36219 0.00000 0.31250 0.65116 1.00000 0.16015 0.16699
254.00000 95.00000 0.23804 0.29691 1.00000 0.59794 0.63666 0.71253 0.68808 0.61718 0.61509 0.61458 0.85330 0.64166 0.89189 0.74919 0.61479 0.99352 0.65409 0.10717 1.00000 0.69792 0.85412 1.00000 0.62654 0.62881
254.00000 96.00000 0.23819 0.29703 1.00000 0.59794 0.63804 0.68790 0.68796 0.61718 0.61509 0.61670 0.85338 0.64833 0.89189 0.74349 0.61471 0.99350 0.64617 0.09212 1.00000 0.67708 0.85412 1.00000 0.63340 0.63198
254.00000 97.00000 0.00005 0.00071 1.00000 1.00000 0.98220 0.92217 0.93159 1.00000 1.00000 0.99592 0.99943 0.86044 1.00000 0.91612 0.99526 0.99333 0.65738 0.03284 1.00000 0.94792 1.00000 1.00000 0.98731 0.98479
254.00000 98.00000 0.99984 1.00000 1.00000 0.00000 0.13038 0.28666 0.22508 0.00000 0.00063 0.00482 0.62689 0.26754 0.24324 0.46743 0.00322 0.99259 0.53746 0.38166 0.00000 0.28125 0.62791 1.00000 0.00995 0.01279
254.00000 99.00000 0.00000 0.00059 1.00000 1.00000 0.97853 0.93653 0.91872 1.00000 1.00000 0.99563 0.99939 0.86232 1.00000 0.92915 0.99536 0.99344 0.67642 0.02332 1.00000 0.92708 1.00000 1.00000 0.99211 0.98035
254.00000 100.00000 0.83325 0.99976 1.00000 0.06027 0.18359 0.33339 0.25844 0.14659 0.14403 0.13703 0.65031 0.28918 0.24324 0.45765 0.13628 0.99292 0.50740 0.35772 0.00000 0.29167 0.65116 1.00000 0.15844 0.16271
254.00000 101.00000 0.99978 0.99952 1.00000 0.00000 0.13212 0.28986 0.25309 0.00000 0.00000 0.00375 0.62698 0.26828 0.24324 0.47476 0.00510 0.99261 0.53082 0.39049 0.00000 0.29167 0.62791 1.00000 0.01406 0.01759
254.00000 102.00000 0.99996 1.00000 1.00000 0.00000 0.12909 0.30589 0.21968 0.00000 0.00063 0.00339 0.62702 0.26425 0.24324 0.47394 0.00327 0.99248 0.54375 0.36995 0.00000 0.26042 0.62791 1.00000 0.01097 0.02509
254.00000 103.00000 0.83327 0.99929 1.00000 0.06027 0.18598 0.33054 0.23564 0.14659 0.14403 0.13801 0.65044 0.28859 0.24324 0.46417 0.13755 0.99292 0.51452 0.36515 0.00000 0.34375 0.65116 1.00000 0.15844 0.16995
254.00000 104.00000 0.83317 0.99762 1.00000 0.06027 0.18350 0.30681 0.25682 0.14659 0.14403 0.13713 0.65037 0.29019 0.24324 0.45928 0.13666 0.99283 0.50324 0.35574 0.00000 0.32292 0.65116 1.00000 0.16358 0.16798
254.00000 105.00000 0.83318 0.99976 1.00000 0.06027 0.18479 0.33463 0.24385 0.14659 0.14403 0.13711 0.65044 0.28954 0.24324 0.44788 0.13732 0.99303 0.50709 0.35750 0.00000 0.32292 0.65116 1.00000 0.16289 0.16753
254.00000 106.00000 0.23804 0.29893 1.00000 0.59794 0.63437 0.69877 0.66745 0.61718 0.61509 0.61422 0.85326 0.63254 0.89189 0.76384 0.61585 0.99339 0.65076 0.12299 1.00000 0.69792 0.85412 1.00000 0.63203 0.63499
254.00000 107.00000 0.59514 0.73634 0.00000 0.23809 0.01119 0.05304 0.06400 0.29318 0.20881 0.09143 0.00095 0.00997 0.02703 0.03257 0.09119 0.00138 0.04765 0.93475 0.00000 0.04167 0.00000 0.00000 0.14849 0.14767
254.00000 108.00000 0.83317 0.99952 1.00000 0.06027 0.18130 0.33352 0.24720 0.14659 0.14403 0.13861 0.65027 0.28776 0.24324 0.45765 0.13727 0.99281 0.51759 0.34794 0.00000 0.31250 0.65116 1.00000 0.15158 0.16181
254.00000 109.00000 1.00000 0.99881 1.00000 0.00000 0.12772 0.29874 0.23918 0.00000 0.00000 0.00587 0.62702 0.26828 0.24324 0.46824 0.00457 0.99259 0.53927 0.38683 0.00000 0.29167 0.62791 1.00000 0.01680 0.02057
254.00000 110.00000 0.83314 0.99762 1.00000 0.06027 0.18396 0.30064 0.26965 0.14659 0.14403 0.13718 0.65039 0.29113 0.24324 0.46254 0.13687 0.99289 0.50524 0.37064 0.00000 0.32292 0.65116 1.00000 0.16255 0.15991
254.00000 111.00000 0.99998 0.99774 1.00000 0.00000 0.12974 0.28595 0.24809 0.00000 0.00000 0.00580 0.62706 0.26589 0.24324 0.47150 0.00462 0.99250 0.54913 0.38089 0.00000 0.28125 0.62791 1.00000 0.01612 0.02489
254.00000 112.00000 0.99987 0.99762 1.00000 0.00000 0.12974 0.27588 0.25191 0.00000 0.00063 0.00506 0.62694 0.26016 0.24324 0.48371 0.00446 0.99259 0.54522 0.36676 0.00000 0.29167 0.62791 1.00000 0.01646 0.02702
254.00000 113.00000 0.00005 0.00000 1.00000 1.00000 0.98183 0.91489 0.93263 1.00000 1.00000 0.99465 0.99943 0.86526 1.00000 0.92508 0.99592 0.99341 0.66656 0.03460 1.00000 0.92708 1.00000 1.00000 0.98560 0.98001
254.00000 114.00000 0.59525 0.73634 0.00000 0.23809 0.01193 0.04023 0.07921 0.29318 0.20818 0.09260 0.00082 0.01497 0.02703 0.05375 0.08989 0.00118 0.04172 0.94383 0.00000 0.03125 0.00000 0.00000 0.14060 0.14697
254.00000 115.00000 0.59520 0.73836 0.00000 0.23809 0.01220 0.05475 0.07057 0.29318 0.20881 0.09398 0.00095 0.01526 0.02703 0.05537 0.08906 0.00121 0.05815 0.93739 0.00000 0.02083 0.00000 0.00000 0.13477 0.15429
254.00000 116.00000 1.00000 0.99762 1.00000 0.00000 0.13075 0.28062 0.23066 0.00000 0.00000 0.00561 0.62694 0.26721 0.24324 0.47557 0.00530 0.99248 0.53401 0.38598 0.00000 0.29167 0.62791 1.00000 0.01166 0.02385
254.00000 117.00000 0.99993 0.99976 1.00000 0.00000 0.13313 0.29525 0.24489 0.00000 0.00000 0.00487 0.62702 0.26850 0.24324 0.47231 0.00345 0.99267 0.53537 0.38276 0.00000 0.29167 0.62791 1.00000 0.01818 0.01893
254.00000 118.00000 0.23822 0.29893 1.00000 0.59794 0.63336 0.67563 0.67749 0.61718 0.61509 0.61439 0.85336 0.63643 0.89189 0.74023 0.61433 0.99350 0.65285 0.11321 1.00000 0.67708 0.85412 1.00000 0.64026 0.63045
254.00000 119.00000 0.59516 0.73634 0.00000 0.23809 0.01239 0.02704 0.05238 0.29318 0.20818 0.09276 0.00091 0.01847 0.02703 0.04072 0.08994 0.00138 0.04791 0.95346 0.00000 0.04167 0.00000 0.00000 0.14438 0.15011
254.00000 120.00000 0.59517 0.73634 0.00000 0.23809 0.00890 0.05123 0.06720 0.29318 0.20881 0.09284 0.00097 0.01575 0.02703 0.02850 0.08959 0.00113 0.05008 0.92747 0.00000 0.05208 0.00000 0.00000 0.13717 0.14637
254.00000 121.00000 0.59517 0.73634 0.00000 0.23809 0.00991 0.04183 0.05363 0.29318 0.20818 0.09236 0.00091 0.01848 0.02703 0.03990 0.08873 0.00118 0.04532 0.93215 0.00000 0.06250 0.00000 0.00000 0.14198 0.14348
254.00000 122.00000 0.00000 0.00000 1.00000 1.00000 0.98192 0.93664 0.92211 1.00000 1.00000 0.99306 0.99932 0.86339 1.00000 0.89739 0.99693 0.99339 0.65876 0.03903 1.00000 0.94792 1.00000 1.00000 0.98491 0.98851
254.00000 123.00000 0.59526 0.73705 0.00000 0.23809 0.00927 0.04001 0.04939 0.29318 0.20881 0.09205 0.00089 0.01306 0.02703 0.04316 0.08845 0.00132 0.04644 0.93362 0.00000 0.03125 0.00000 0.00000 0.13923 0.14736
254.00000 124.00000 0.99993 0.99834 1.00000 0.00000 0.12442 0.30391 0.23807 0.00000 0.00000 0.00379 0.62687 0.25964 0.24324 0.48208 0.00309 0.99275 0.53561 0.37522 0.00000 0.27083 0.62791 1.00000 0.01646 0.01638
254.00000 125.00000 0.83319 0.99762 1.00000 0.06027 0.18415 0.31608 0.26291 0.14659 0.14403 0.13770 0.65025 0.28268 0.24324 0.47476 0.13793 0.99278 0.50900 0.36870 0.00000 0.31250 0.65116 1.00000 0.16187 0.16722
254.00000 126.00000 0.99983 0.99976 1.00000 0.00000 0.12368 0.30432 0.24188 0.00000 0.00000 0.00456 0.62687 0.26493 0.24324 0.46743 0.00347 0.99248 0.54491 0.38463 0.00000 0.28125 0.62791 1.00000 0.01235 0.02274
254.00000 127.00000 0.83327 0.99762 1.00000 0.06027 0.18690 0.32629 0.25692 0.14659 0.14403 0.13825 0.65042 0.29050 0.24324 0.47720 0.13702 0.99278 0.49645 0.37211 0.00000 0.32292 0.65116 1.00000 0.15912 0.16702
254.00000 128.00000 0.99988 0.99762 1.00000 0.00000 0.13148 0.30939 0.24195 0.00000 0.00063 0.00437 0.62700 0.26535 0.24324 0.47883 0.00413 0.99261 0.54153 0.38470 0.00000 0.28125 0.62791 1.00000 0.00789 0.01386
254.00000 129.00000 0.99982 0.99786 1.00000 0.00000 0.12763 0.29557 0.24226 0.00000 0.00000 0.00527 0.62696 0.26678 0.24324 0.47394 0.00266 0.99239 0.53892 0.36112 0.00000 0.27083 0.62791 1.00000 0.01475 0.02454
254.00000 130.00000 0.00000 0.00000 1.00000 1.00000 0.97816 0.93385 0.90074 1.00000 1.00000 0.99382 0.99932 0.86740 1.00000 0.92508 0.99401 0.99352 0.67627 0.02852 1.00000 0.92708 1.00000 1.00000 0.98560 0.98082
254.00000 131.00000 0.00005 0.00000 1.00000 1.00000 0.98358 0.93241 0.92437 1.00000 1.00000 0.99666 0.99937 0.86583 1.00000 0.91694 0.99472 0.99350 0.66306 0.03434 1.00000 0.92708 1.00000 1.00000 0.97497 0.98947
254.00000 132.00000 0.99978 0.99822 1.00000 0.00000 0.12937 0.28858 0.24703 0.00000 0.00063 0.00274 0.62702 0.26921 0.24324 0.46417 0.00162 0.99256 0.54072 0.38163 0.00000 0.28125 0.62791 1.00000 0.01440 0.01601
254.00000 133.00000 0.47610 0.83314 1.00000 0.62699 0.65887 0.65586 0.54412 0.50794 0.49937 0.47043 0.86390 0.59489 0.40541 0.65635 0.47196 0.99347 0.48739 0.32861 0.00000 0.66667 0.86469 1.00000 0.48834 0.49283
254.00000 134.00000 0.23814 0.29691 1.00000 0.59794 0.63932 0.68839 0.68510 0.61718 0.61572 0.61563 0.85328 0.63844 0.89189 0.74674 0.61398 0.99369 0.64893 0.10904 1.00000 0.67708 0.85412 1.00000 0.62791 0.63037
254.00000 135.00000 0.47611 0.83349 1.00000 0.62699 0.66061 0.64892 0.54200 0.50794 0.50000 0.47289 0.86388 0.59316 0.37838 0.66287 0.47069 0.99355 0.47977 0.33000 0.00000 0.67708 0.86469 1.00000 0.48868 0.49456
254.00000 136.00000 0.59516 0.73634 0.00000 0.23809 0.01138 0.03830 0.05206 0.29318 0.20881 0.09159 0.00089 0.01478 0.02703 0.04886 0.09010 0.00113 0.05384 0.94545 0.00000 0.05208 0.00000 0.00000 0.13923 0.14528
254.00000 137.00000 0.23818 0.29751 1.00000 0.59794 0.63657 0.69879 0.69634 0.61718 0.61509 0.61525 0.85328 0.64075 0.89189 0.76303 0.61484 0.99369 0.64528 0.11039 1.00000 0.69792 0.85412 1.00000 0.63443 0.63588
254.00000 138.00000 0.59518 0.73634 0.00000 0.23809 0.00973 0.05962 0.06297 0.29318 0.20881 0.09307 0.00093 0.01393 0.02703 0.03502 0.09045 0.00132 0.04208 0.93680 0.00000 0.05208 0.00000 0.00000 0.14060 0.14987
254.00000 139.00000 0.23802 0.29691 1.00000 0.59794 0.63419 0.69378 0.67638 0.61718 0.61572 0.61491 0.85351 0.64020 0.89189 0.74837 0.61560 0.99366 0.64231 0.11497 1.00000 0.69792 0.85412 1.00000 0.63169 0.63143
254.00000 140.00000 0.59529 0.73836 0.00000 0.23809 0.01312 0.03557 0.04824 0.29318 0.20818 0.09255 0.00091 0.00958 0.02703 0.03664 0.08992 0.00138 0.04936 0.93344 0.00000 0.04167 0.00000 0.00000 0.13889 0.14620
254.00000 141.00000 0.59515 0.73634 0.00000 0.23809 0.01174 0.04816 0.05096 0.29318 0.20818 0.09219 0.00082 0.01924 0.02703 0.03420 0.08992 0.00124 0.04282 0.93490 0.00000 0.04167 0.00000 0.00000 0.13683 0.14463
254.00000 142.00000 0.59513 0.73634 0.00000 0.23809 0.01321 0.03573 0.04619 0.29318 0.20881 0.09288 0.00082 0.01202 0.02703 0.04560 0.09012 0.00127 0.04853 0.94482 0.00000 0.05208 0.00000 0.00000 0.14060 0.14722
254.00000 143.00000 0.59528 0.73634 0.00000 0.23809 0.01165 0.05426 0.06313 0.29318 0.20818 0.09503 0.00082 0.01336 0.02703 0.04235 0.08997 0.00127 0.05217 0.94629 0.00000 0.05208 0.00000 0.00000 0.14129 0.14871
254.00000 144.00000 0.83329 0.99762 1.00000 0.06027 0.18616 0.32491 0.27293 0.14659 0.14403 0.13677 0.65039 0.28957 0.24324 0.45358 0.13651 0.99270 0.49950 0.36837 0.00000 0.34375 0.65116 1.00000 0.15981 0.16458
254.00000 145.00000 0.83335 0.99917 1.00000 0.06027 0.18415 0.33661 0.25150 0.14659 0.14403 0.13677 0.65031 0.28955 0.24324 0.47394 0.13750 0.99281 0.49829 0.35113 0.00000 0.32292 0.65116 1.00000 0.15741 0.16478
254.00000 146.00000 0.83334 0.99786 1.00000 0.06027 0.18451 0.32870 0.27370 0.14659 0.14403 0.13787 0.65029 0.28625 0.24324 0.46336 0.13578 0.99275 0.50243 0.36969 0.00000 0.32292 0.65116 1.00000 0.16221 0.16428
254.00000 147.00000 0.00000 0.00000 1.00000 1.00000 0.97862 0.92873 0.93785 1.00000 1.00000 0.99241 0.99943 0.85595 1.00000 0.93160 0.99432 0.99363 0.67442 0.04888 1.00000 0.93750 1.00000 1.00000 0.98320 0.98607
254.00000 148.00000 0.99996 0.99941 1.00000 0.00000 0.12588 0.29400 0.24460 0.00000 0.00063 0.00286 0.62696 0.26498 0.24324 0.47720 0.00454 0.99256 0.53744 0.38218 0.00000 0.27083 0.62791 1.00000 0.01063 0.01831
254.00000 149.00000 0.47607 0.83135 1.00000 0.62699 0.65758 0.65385 0.54614 0.50794 0.49937 0.47224 0.86396 0.59676 0.40541 0.67590 0.47176 0.99336 0.48208 0.32993 0.00000 0.64583 0.86469 1.00000 0.48800 0.49401
254.00000 150.00000 0.00001 0.00154 1.00000 1.00000 0.98101 0.94103 0.93622 1.00000 1.00000 0.99399 0.99943 0.87078 1.00000 0.91287 0.99513 0.99352 0.65074 0.03182 1.00000 0.92708 1.00000 1.00000 0.98422 0.98109
254.00000 151.00000 0.00004 0.00214 1.00000 1.00000 0.97991 0.93317 0.92165 1.00000 1.00000 0.99322 0.99943 0.86341 1.00000 0.92671 0.99417 0.99341 0.66973 0.03680 1.00000 0.92708 1.00000 1.00000 0.98114 0.98459
254.00000 152.00000 0.00001 0.00000 1.00000 1.00000 0.98569 0.93680 0.92676 1.00000 1.00000 0.99496 0.99945 0.86046 1.00000 0.91042 0.99401 0.99352 0.66328 0.02592 1.00000 0.93750 1.00000 1.00000 0.98388 0.98352
254.00000 153.00000 0.99985 0.99917 1.00000 0.00000 0.13166 0.30589 0.26070 0.00000 0.00063 0.00473 0.62689 0.26147 0.24324 0.47638 0.00299 0.99253 0.54503 0.37720 0.00000 0.30208 0.62791 1.00000 0.01303 0.01836
254.00000 154.00000 0.83317 0.99786 1.00000 0.06027 0.18598 0.34203 0.23918 0.14659 0.14403 0.13601 0.65046 0.29202 0.24324 0.45928 0.13621 0.99270 0.50409 0.36306 0.00000 0.31250 0.65116 1.00000 0.16049 0.15612
254.00000 155.00000 0.47609 0.83337 1.00000 0.62699 0.66061 0.64082 0.54973 0.50794 0.49937 0.47172 0.86392 0.59211 0.40541 0.68322 0.47163 0.99336 0.48474 0.34344 0.00000 0.64583 0.86469 1.00000 0.48903 0.49175
254.00000 156.00000 0.47607 0.83135 1.00000 0.62699 0.65997 0.65927 0.55194 0.50794 0.50000 0.47124 0.86379 0.59517 0.40541 0.65961 0.47133 0.99336 0.47396 0.32447 0.00000 0.65625 0.86469 1.00000 0.48457 0.49643
254.00000 157.00000 0.99998 0.99762 1.00000 0.00000 0.12992 0.30153 0.24602 0.00000 0.00063 0.00322 0.62694 0.26931 0.24324 0.49349 0.00419 0.99261 0.55332 0.38562 0.00000 0.29167 0.62791 1.00000 0.01578 0.01495
254.00000 158.00000 0.99982 0.99941 1.00000 0.00000 0.12597 0.31036 0.24732 0.00000 0.00000 0.00437 0.62702 0.27486 0.24324 0.47964 0.00282 0.99239 0.52909 0.38324 0.00000 0.29167 0.62791 1.00000 0.01440 0.01271
254.00000 159.00000 0.99996 0.99762 1.00000 0.00000 0.13130 0.29400 0.24787 0.00000 0.00000 0.00449 0.62683 0.26517 0.24324 0.47394 0.00408 0.99239 0.53373 0.38459 0.00000 0.29167 0.62791 1.00000 0.01680 0.02301
254.00000 160.00000 0.83317 0.99917 1.00000 0.06027 0.18424 0.31963 0.26108 0.14659 0.14403 0.13754 0.65018 0.28223 0.24324 0.47231 0.13727 0.99270 0.49829 0.35534 0.00000 0.31250 0.65116 1.00000 0.15741 0.15753
254.00000 161.00000 0.47616 0.83314 1.00000 0.62699 0.66254 0.66025 0.56590 0.50794 0.49937 0.47158 0.86386 0.59050 0.40541 0.67345 0.47097 0.99347 0.48167 0.32898 0.00000 0.65625 0.86469 1.00000 0.48697 0.49036
254.00000 162.00000 0.23820 0.29881 1.00000 0.59794 0.63299 0.68912 0.69605 0.61718 0.61509 0.61434 0.85347 0.63557 0.89189 0.76873 0.61535 0.99350 0.65769 0.11947 1.00000 0.70833 0.85412 1.00000 0.62449 0.62940
254.00000 163.00000 0.23813 0.29810 1.00000 0.59794 0.64162 0.70922 0.69768 0.61718 0.61572 0.61434 0.85341 0.63607 0.89189 0.75651 0.61514 0.99355 0.64850 0.10797 1.00000 0.69792 0.85412 1.00000 0.62997 0.63341
254.00000 164.00000 0.23801 0.29762 1.00000 0.59794 0.63988 0.69422 0.68129 0.61718 0.61572 0.61338 0.85351 0.63319 0.89189 0.74267 0.61529 0.99372 0.64329 0.12595 1.00000 0.69792 0.85412 1.00000 0.62929 0.63573
254.00000 165.00000 0.23807 0.29893 1.00000 0.59794 0.63951 0.70971 0.69017 0.61718 0.61509 0.61443 0.85347 0.63683 0.89189 0.75814 0.61327 0.99366 0.65097 0.11845 1.00000 0.69792 0.85412 1.00000 0.63512 0.63135
254.00000 166.00000 0.99980 0.99762 1.00000 0.00000 0.12919 0.30191 0.24888 0.00000 0.00000 0.00313 0.62687 0.26658 0.24324 0.49430 0.00221 0.99250 0.54291 0.38946 0.00000 0.28125 0.62791 1.00000 0.01715 0.02658
254.00000 167.00000 0.00006 0.00154 1.00000 1.00000 0.97963 0.92261 0.92274 1.00000 1.00000 0.99549 0.99945 0.86333 1.00000 0.92020 0.99480 0.99358 0.66654 0.02618 1.00000 0.93750 1.00000 1.00000 0.98045 0.97916
254.00000 168.00000 0.23802 0.29691 1.00000 0.59794 0.63988 0.70456 0.70187 0.61718 0.61572 0.61348 0.85336 0.63330 0.89189 0.75651 0.61443 0.99372 0.64000 0.11665 1.00000 0.68750 0.85412 1.00000 0.63032 0.63377
254.00000 169.00000 0.99979 0.99762 1.00000 0.00000 0.13368 0.31792 0.24428 0.00000 0.00000 0.00255 0.62687 0.26576 0.24324 0.48290 0.00507 0.99259 0.55055 0.37599 0.00000 0.28125 0.62791 1.00000 0.00514 0.02159
254.00000 170.00000 0.59521 0.73729 0.00000 0.23809 0.01578 0.05629 0.05702 0.29318 0.20818 0.09133 0.00076 0.01750 0.02703 0.04723 0.09020 0.00113 0.02435 0.93604 0.00000 0.03125 0.00000 0.00000 0.13786 0.14793
254.00000 171.00000 0.47625 0.83135 1.00000 0.62699 0.66116 0.65431 0.54058 0.50794 0.50000 0.47005 0.86394 0.59159 0.40541 0.66938 0.46945 0.99336 0.47584 0.33355 0.00000 0.65625 0.86469 1.00000 0.48731 0.48917
254.00000 172.00000 0.47616 0.83159 1.00000 0.62699 0.66190 0.66390 0.54475 0.50794 0.49937 0.47201 0.86392 0.58864 0.40541 0.68322 0.47110 0.99350 0.48881 0.32777 0.00000 0.65625 0.86469 1.00000 0.48731 0.48784
254.00000 173.00000 0.47611 0.83349 1.00000 0.62699 0.65795 0.64933 0.55298 0.50794 0.49937 0.47193 0.86390 0.59228 0.40541 0.66450 0.47122 0.99336 0.48124 0.33103 0.00000 0.63542 0.86469 1.00000 0.48765 0.48883
254.00000 174.00000 0.99987 0.99834 1.00000 0.00000 0.12928 0.30167 0.26171 0.00000 0.00000 0.00317 0.62696 0.26275 0.24324 0.49186 0.00335 0.99239 0.52218 0.38430 0.00000 0.29167 0.62791 1.00000 0.02058 0.01911
254.00000 175.00000 0.83323 0.99964 1.00000 0.06027 0.18589 0.32461 0.25711 0.14659 0.14403 0.13622 0.65029 0.28663 0.24324 0.46580 0.13639 0.99270 0.49027 0.37068 0.00000 0.31250 0.65116 1.00000 0.15706 0.16314
254.00000 176.00000 0.99993 0.99857 1.00000 0.00000 0.12717 0.29349 0.24354 0.00000 0.00063 0.00599 0.62687 0.26318 0.24324 0.49756 0.00332 0.99226 0.51285 0.38291 0.00000 0.28125 0.62791 1.00000 0.01372 0.01332
254.00000 177.00000 0.83314 0.99762 1.00000 0.06027 0.18295 0.33629 0.25531 0.14659 0.14403 0.13706 0.65035 0.29026 0.24324 0.46987 0.13535 0.99270 0.48915 0.35666 0.00000 0.31250 0.65116 1.00000 0.16598 0.16412
254.00000 178.00000 0.59513 0.73741 0.00000 0.23809 0.00844 0.04329 0.07194 0.29318 0.20881 0.09121 0.00082 0.01392 0.02703 0.04072 0.08921 0.00121 0.03611 0.95039 0.00000 0.04167 0.00000 0.00000 0.13340 0.14015
254.00000 179.00000 0.23821 0.29691 1.00000 0.59794 0.63822 0.71654 0.70943 0.61718 0.61509 0.61329 0.85336 0.62861 0.89189 0.76384 0.61357 0.99374 0.63584 0.12592 1.00000 0.67708 0.85412 1.00000 0.62243 0.63121
254.00000 180.00000 0.83317 0.99893 1.00000 0.06027 0.18112 0.31990 0.27435 0.14659 0.14403 0.13947 0.65029 0.28715 0.24324 0.47638 0.13560 0.99261 0.50231 0.36585 0.00000 0.32292 0.65116 1.00000 0.16187 0.16414
254.00000 181.00000 0.59530 0.73789 0.00000 0.23809 0.00881 0.04946 0.05791 0.29318 0.20818 0.09050 0.00063 0.01259 0.02703 0.04560 0.08959 0.00121 0.05191 0.93501 0.00000 0.04167 0.00000 0.00000 0.14712 0.14490
254.00000 182.00000 0.23814 0.29917 1.00000 0.59794 0.63639 0.69766 0.69157 0.61718 0.61572 0.61262 0.85345 0.63863 0.89189 0.76221 0.61456 0.99374 0.63974 0.11973 1.00000 0.70833 0.85412 1.00000 0.62586 0.62788
254.00000 183.00000 0.00003 0.00000 1.00000 1.00000 0.98248 0.91808 0.91845 1.00000 1.00000 0.99480 0.99947 0.85937 1.00000 0.91612 0.99396 0.99355 0.67951 0.05258 1.00000 0.94792 1.00000 1.00000 0.98045 0.99003
254.00000 184.00000 0.99992 0.99762 1.00000 0.00000 0.13368 0.30603 0.23454 0.00000 0.00063 0.00489 0.62677 0.26332 0.24324 0.47964 0.00419 0.99223 0.52899 0.39690 0.00000 0.30208 0.62791 1.00000 0.00857 0.01202
254.00000 185.00000 0.83331 0.99881 1.00000 0.06027 0.19048 0.34750 0.25666 0.14659 0.14403 0.13761 0.65027 0.29253 0.24324 0.45847 0.13669 0.99275 0.49555 0.37225 0.00000 0.31250 0.65116 1.00000 0.15912 0.16062
254.00000 186.00000 0.23823 0.29917 1.00000 0.59794 0.63510 0.70792 0.71949 0.61718 0.61572 0.61314 0.85357 0.63489 0.89189 0.77117 0.61390 0.99383 0.64724 0.12006 1.00000 0.68750 0.85412 1.00000 0.62414 0.62781
254.00000 187.00000 0.83317 1.00000 1.00000 0.06027 0.18662 0.33016 0.26118 0.14659 0.14403 0.13670 0.65023 0.28652 0.24324 0.46824 0.13545 0.99272 0.48750 0.36760 0.00000 0.34375 0.65116 1.00000 0.15672 0.16369
254.00000 188.00000 0.99981 0.99929 1.00000 0.00000 0.13460 0.29091 0.23925 0.00000 0.00000 0.00415 0.62685 0.26977 0.24324 0.47801 0.00297 0.99231 0.53708 0.37987 0.00000 0.30208 0.62791 1.00000 0.01235 0.02089
254.00000 189.00000 0.99993 0.99988 1.00000 0.00000 0.13084 0.29552 0.25620 0.00000 0.00000 0.00513 0.62689 0.26102 0.24324 0.48941 0.00325 0.99234 0.53449 0.39206 0.00000 0.29167 0.62791 1.00000 0.01063 0.01543
254.00000 190.00000 0.99981 0.99762 1.00000 0.00000 0.13267 0.30031 0.23877 0.00000 0.00000 0.00475 0.62675 0.26061 0.24324 0.49186 0.00264 0.99237 0.53934 0.38500 0.00000 0.28125 0.62791 1.00000 0.01852 0.02235
254.00000 191.00000 0.23805 0.29881 1.00000 0.59794 0.63850 0.71524 0.70377 0.61718 0.61572 0.61403 0.85351 0.63948 0.89189 0.77443 0.61441 0.99391 0.63591 0.12577 1.00000 0.70833 0.85412 1.00000 0.63169 0.63008
254.00000 192.00000 0.59527 0.73800 0.00000 0.23809 0.01486 0.06566 0.06311 0.29318 0.20881 0.09174 0.00078 0.01494 0.02703 0.04723 0.09030 0.00096 0.03932 0.95280 0.00000 0.06250 0.00000 0.00000 0.13820 0.14729
254.00000 193.00000 0.99989 0.99917 1.00000 0.00000 0.12919 0.32090 0.23381 0.00000 0.00063 0.00294 0.62685 0.26737 0.24324 0.49430 0.00289 0.99239 0.51799 0.39862 0.00000 0.31250 0.62791 1.00000 0.00480 0.01651
254.00000 194.00000 0.99987 0.99762 1.00000 0.00000 0.12570 0.28774 0.26106 0.00000 0.00000 0.00482 0.62679 0.26838 0.24324 0.50244 0.00322 0.99217 0.53335 0.39448 0.00000 0.30208 0.62791 1.00000 0.01029 0.01883
254.00000 195.00000 0.59515 0.73634 0.00000 0.23809 0.01349 0.07295 0.05185 0.29318 0.20881 0.09241 0.00084 0.01807 0.02703 0.06189 0.09025 0.00118 0.03575 0.94717 0.00000 0.06250 0.00000 0.00000 0.14026 0.14455
254.00000 196.00000 0.47623 0.83290 1.00000 0.62699 0.65942 0.65147 0.57310 0.50794 0.50000 0.47069 0.86390 0.59029 0.40541 0.68404 0.47191 0.99336 0.47379 0.32802 0.00000 0.65625 0.86469 1.00000 0.47908 0.49366
254.00000 197.00000 0.23823 0.29846 1.00000 0.59794 0.64143 0.70118 0.70219 0.61718 0.61572 0.61269 0.85360 0.63183 0.89189 0.76303 0.61375 0.99377 0.65119 0.13642 1.00000 0.68750 0.85412 1.00000 0.62723 0.63299
254.00000 198.00000 0.23816 0.29691 1.00000 0.59794 0.63896 0.69354 0.68767 0.61718 0.61572 0.61608 0.85353 0.63797 0.89189 0.76629 0.61400 0.99377 0.64429 0.12167 1.00000 0.70833 0.85412 1.00000 0.62826 0.63084
254.00000 199.00000 0.83318 0.99762 1.00000 0.06027 0.18855 0.33707 0.28164 0.14659 0.14403 0.13563 0.65035 0.28993 0.24324 0.48208 0.13641 0.99272 0.50533 0.36691 0.00000 0.34375 0.65116 1.00000 0.15638 0.16089
254.00000 200.00000 0.83334 0.99917 1.00000 0.06027 0.18791 0.35165 0.27189 0.14659 0.14403 0.13756 0.65031 0.29028 0.24324 0.48697 0.13661 0.99267 0.50133 0.36995 0.00000 0.34375 0.65116 1.00000 0.15535 0.16116
254.00000 201.00000 0.47627 0.83135 1.00000 0.62699 0.66226 0.66233 0.55264 0.50794 0.50000 0.47182 0.86400 0.59870 0.40541 0.68811 0.47084 0.99347 0.46965 0.34194 1.00000 0.66667 0.86469 1.00000 0.48937 0.48650
254.00000 202.00000 0.23816 0.29727 1.00000 0.59794 0.63703 0.71713 0.70060 0.61718 0.61572 0.61233 0.85364 0.62872 0.89189 0.75570 0.61491 0.99385 0.63845 0.12229 1.00000 0.68750 0.85412 1.00000 0.62997 0.62805
254.00000 203.00000 0.47624 0.83159 1.00000 0.62699 0.66281 0.66222 0.56790 0.50794 0.50000 0.47177 0.86400 0.59507 0.37838 0.67915 0.47003 0.99322 0.47334 0.34428 1.00000 0.66667 0.86469 1.00000 0.49314 0.48956
254.00000 204.00000 0.23811 0.29905 1.00000 0.59794 0.63492 0.69869 0.69614 0.61718 0.61509 0.61369 0.85362 0.63214 0.89189 0.77117 0.61321 0.99385 0.62891 0.13877 1.00000 0.68750 0.85412 1.00000 0.62414 0.62940
254.00000 205.00000 0.47624 0.83349 1.00000 0.62699 0.66144 0.68590 0.55772 0.50794 0.50000 0.47170 0.86407 0.58886 0.40541 0.67997 0.47102 0.99358 0.47229 0.35347 0.00000 0.64583 0.86469 1.00000 0.48594 0.49086
254.00000 206.00000 0.23807 0.29739 1.00000 0.59794 0.63988 0.72743 0.71624 0.61718 0.61509 0.61193 0.85357 0.63818 0.89189 0.76873 0.61367 0.99391 0.63850 0.10878 1.00000 0.69792 0.85412 1.00000 0.62757 0.63599
254.00000 207.00000 0.00000 0.00000 1.00000 1.00000 0.98110 0.95268 0.96695 1.00000 1.00000 0.99301 0.99964 0.86112 1.00000 0.93404 0.99396 0.99372 0.64721 0.04518 1.00000 0.95833 1.00000 1.00000 0.97462 0.98276
254.00000 208.00000 0.59511 0.73705 0.00000 0.23809 0.01486 0.05943 0.08095 0.29318 0.20881 0.09131 0.00084 0.01289 0.02703 0.06026 0.08959 0.00121 0.04356 0.95193 0.00000 0.06250 0.00000 0.00000 0.14095 0.14825
254.00000 209.00000 0.47616 0.83349 1.00000 0.62699 0.66602 0.66290 0.57050 0.50794 0.50000 0.47267 0.86396 0.59090 0.40541 0.67834 0.47018 0.99358 0.47420 0.33897 1.00000 0.65625 0.86469 1.00000 0.48422 0.49203
254.00000 210.00000 0.83330 0.99762 1.00000 0.06027 0.19259 0.34718 0.26936 0.14659 0.14403 0.13703 0.65027 0.29189 0.24324 0.47964 0.13552 0.99275 0.49976 0.36548 0.00000 0.32292 0.65116 1.00000 0.15329 0.15676
254.00000 211.00000 0.99978 0.99774 1.00000 0.00000 0.13497 0.29438 0.27175 0.00000 0.00063 0.00391 0.62670 0.25984 0.24324 0.50244 0.00307 0.99215 0.53358 0.40147 0.00000 0.29167 0.62791 1.00000 0.00823 0.01584
254.00000 212.00000 0.83319 0.99810 1.00000 0.06027 0.18671 0.33564 0.27930 0.14659 0.14403 0.13720 0.65020 0.28972 0.24324 0.48290 0.13679 0.99248 0.49919 0.38016 0.00000 0.33333 0.65116 1.00000 0.15432 0.16083
254.00000 213.00000 0.83334 0.99941 1.00000 0.06027 0.19029 0.35387 0.26270 0.14659 0.14403 0.13653 0.65023 0.28485 0.24324 0.48290 0.13514 0.99267 0.50940 0.38829 0.00000 0.33333 0.65116 1.00000 0.16221 0.16070
254.00000 214.00000 0.99990 0.99810 1.00000 0.00000 0.12763 0.29682 0.25536 0.00000 0.00000 0.00382 0.62670 0.26517 0.24324 0.49837 0.00322 0.99220 0.53577 0.39133 0.00000 0.30208 0.62791 1.00000 0.00926 0.01602
254.00000 215.00000 0.23814 0.29691 1.00000 0.59794 0.64309 0.71567 0.71668 0.61718 0.61509 0.61346 0.85355 0.63996 0.89189 0.78502 0.61334 0.99399 0.64636 0.12522 1.00000 0.69792 0.85412 1.00000 0.62757 0.63144
254.00000 216.00000 0.99983 0.99762 1.00000 0.00000 0.13194 0.30600 0.26532 0.00000 0.00063 0.00482 0.62666 0.26256 0.24324 0.49919 0.00289 0.99201 0.52285 0.39188 0.00000 0.31250 0.62791 1.00000 0.01475 0.01990
254.00000 217.00000 0.23817 0.29691 1.00000 0.59794 0.63877 0.72442 0.71213 0.61718 0.61509 0.61388 0.85376 0.63132 0.89189 0.78909 0.61425 0.99391 0.62565 0.13492 1.00000 0.70833 0.85412 1.00000 0.62654 0.62793
254.00000 218.00000 0.83332 0.99762 1.00000 0.06027 0.19002 0.35276 0.27218 0.14659 0.14403 0.13701 0.65029 0.28919 0.24324 0.48046 0.13499 0.99264 0.49060 0.36932 0.00000 0.32292 0.65116 1.00000 0.16015 0.16707
254.00000 219.00000 0.59530 0.73634 0.00000 0.23809 0.01431 0.05193 0.07322 0.29318 0.20881 0.09233 0.00053 0.01730 0.02703 0.06759 0.08913 0.00094 0.02644 0.96910 0.00000 0.04167 0.00000 0.00000 0.13992 0.14927
254.00000 220.00000 0.99981 0.99988 1.00000 0.00000 0.13120 0.31589 0.27817 0.00000 0.00000 0.00370 0.62658 0.26151 0.24324 0.51303 0.00436 0.99209 0.52511 0.39668 0.00000 0.30208 0.62791 1.00000 0.01646 0.01322
254.00000 221.00000 0.99982 0.99762 1.00000 0.00000 0.13020 0.28850 0.26043 0.00000 0.00063 0.00558 0.62675 0.27025 0.24324 0.49837 0.00327 0.99206 0.52392 0.38851 0.00000 0.30208 0.62791 1.00000 0.01303 0.02207
254.00000 222.00000 0.00005 0.00000 1.00000 1.00000 0.98560 0.95070 0.94820 1.00000 1.00000 0.99239 0.99960 0.86192 1.00000 0.93730 0.99341 0.99383 0.64719 0.05287 1.00000 0.95833 1.00000 1.00000 0.97942 0.97437
254.00000 223.00000 0.83316 0.99762 1.00000 0.06027 0.19057 0.34761 0.29134 0.14659 0.14403 0.13570 0.65016 0.27946 0.24324 0.50000 0.13573 0.99267 0.49312 0.37280 0.00000 0.33333 0.65116 1.00000 0.15432 0.16276
254.00000 224.00000 0.47624 0.83135 1.00000 0.62699 0.66052 0.67645 0.58718 0.50794 0.50000 0.47179 0.86413 0.59078 0.40541 0.69218 0.46770 0.99355 0.47472 0.33915 1.00000 0.65625 0.86469 1.00000 0.48697 0.49028
254.00000 225.00000 0.99978 0.99762 1.00000 0.00000 0.13570 0.31163 0.27620 0.00000 0.00000 0.00403 0.62651 0.26231 0.24324 0.51221 0.00292 0.99212 0.52266 0.38979 0.00000 0.31250 0.62791 1.00000 0.00995 0.01745
254.00000 226.00000 0.00004 0.00000 1.00000 1.00000 0.98569 0.96752 0.95569 1.00000 1.00000 0.99060 0.99973 0.86267 1.00000 0.95521 0.99330 0.99366 0.64448 0.06488 1.00000 0.95833 1.00000 1.00000 0.97428 0.97646
254.00000 227.00000 0.47627 0.83135 1.00000 0.62699 0.66336 0.68574 0.56691 0.50794 0.50000 0.47010 0.86400 0.58950 0.37838 0.69951 0.46864 0.99369 0.47375 0.33699 1.00000 0.66667 0.86469 1.00000 0.48594 0.48853
254.00000 228.00000 0.47622 0.83135 1.00000 0.62699 0.66823 0.66377 0.58116 0.50794 0.50000 0.46929 0.86417 0.59455 0.40541 0.71173 0.46899 0.99344 0.47101 0.35428 1.00000 0.67708 0.86469 1.00000 0.48285 0.48773
254.00000 229.00000 0.47623 0.83325 1.00000 0.62699 0.66639 0.66415 0.57972 0.50794 0.50000 0.46893 0.86407 0.59153 0.37838 0.69463 0.47001 0.99355 0.47527 0.34509 1.00000 0.65625 0.86469 1.00000 0.48148 0.49242
254.00000 230.00000 0.83324 0.99762 1.00000 0.06027 0.18763 0.33390 0.27317 0.14659 0.14403 0.13694 0.65027 0.28603 0.24324 0.49186 0.13507 0.99250 0.49203 0.38108 0.00000 0.33333 0.65116 1.00000 0.15295 0.15915
254.00000 231.00000 0.99994 0.99762 1.00000 0.00000 0.13983 0.30492 0.27242 0.00000 0.00000 0.00353 0.62662 0.26625 0.24324 0.50570 0.00297 0.99195 0.52190 0.40748 0.00000 0.30208 0.62791 1.00000 0.01269 0.01995
254.00000 232.00000 0.47616 0.83171 1.00000 0.62699 0.66465 0.65261 0.56971 0.50794 0.50000 0.47045 0.86411 0.59181 0.40541 0.69137 0.47001 0.99347 0.46530 0.34835 1.00000 0.65625 0.86469 1.00000 0.48217 0.48929
254.00000 233.00000 0.47616 0.83135 1.00000 0.62699 0.66465 0.65071 0.57298 0.50794 0.50000 0.47098 0.86405 0.59644 0.40541 0.69951 0.46823 0.99363 0.46770 0.34318 1.00000 0.65625 0.86469 1.00000 0.48045 0.48862
254.00000 234.00000 0.47613 0.83135 1.00000 0.62699 0.66492 0.68460 0.59893 0.50794 0.50000 0.46950 0.86405 0.58979 0.37838 0.70114 0.46960 0.99330 0.46515 0.35387 1.00000 0.68750 0.86469 1.00000 0.48457 0.48796
254.00000 235.00000 0.23801 0.29691 1.00000 0.59794 0.64217 0.70803 0.72127 0.61718 0.61572 0.61405 0.85372 0.63154 0.89189 0.77769 0.61283 0.99402 0.63312 0.13430 1.00000 0.71875 0.85412 1.00000 0.62277 0.62490
254.00000 236.00000 0.23813 0.29691 1.00000 0.59794 0.63997 0.72212 0.72351 0.61718 0.61572 0.61238 0.85357 0.62971 0.89189 0.78257 0.61223 0.99419 0.63422 0.13554 1.00000 0.71875 0.85412 1.00000 0.62449 0.62635
254.00000 237.00000 0.59531 0.73634 0.00000 0.23809 0.01431 0.07073 0.09794 0.29318 0.20881 0.09236 0.00068 0.00856 0.02703 0.08143 0.08931 0.00088 0.03004 0.96291 0.00000 0.06250 0.00000 0.00000 0.13683 0.14045
254.00000 238.00000 0.83323 0.99822 1.00000 0.06027 0.19259 0.32729 0.27892 0.14659 0.14403 0.13610 0.65018 0.28878 0.24324 0.48779 0.13598 0.99245 0.48772 0.38500 0.00000 0.33333 0.65116 1.00000 0.16255 0.16093
254.00000 239.00000 0.59520 0.73848 0.00000 0.23809 0.01294 0.07455 0.09385 0.29318 0.20881 0.09097 0.00068 0.01921 0.02703 0.07248 0.08941 0.00094 0.03230 0.96661 0.00000 0.06250 0.00000 0.00000 0.14369 0.13922
254.00000 240.00000 0.23800 0.29691 1.00000 0.59794 0.64153 0.71795 0.72912 0.61718 0.61572 0.61198 0.85383 0.63958 0.89189 0.79235 0.61207 0.99408 0.62629 0.13814 1.00000 0.71875 0.85412 1.00000 0.62243 0.62790
254.00000 241.00000 0.59518 0.73634 0.00000 0.23809 0.01367 0.05835 0.09534 0.29318 0.20881 0.09193 0.00070 0.00792 0.02703 0.06759 0.08862 0.00094 0.03761 0.95603 0.00000 0.03125 0.00000 0.00000 0.13374 0.13250
254.00000 242.00000 0.99977 0.99762 1.00000 0.00000 0.13203 0.32510 0.27680 0.00000 0.00000 0.00425 0.62649 0.26008 0.24324 0.51140 0.00373 0.99168 0.51226 0.41198 0.00000 0.32292 0.62791 1.00000 0.00514 0.01537
254.00000 243.00000 0.99986 0.99762 1.00000 0.00000 0.13653 0.31123 0.29185 0.00000 0.00063 0.00432 0.62641 0.25449 0.24324 0.52036 0.00233 0.99176 0.51440 0.41187 0.00000 0.31250 0.62791 1.00000 0.01372 0.01109
254.00000 244.00000 0.99995 0.99952 1.00000 0.00000 0.13634 0.31443 0.28188 0.00000 0.00000 0.00406 0.62651 0.26486 0.24324 0.51710 0.00304 0.99173 0.51314 0.41938 0.00000 0.30208 0.62791 1.00000 0.01646 0.02339
254.00000 245.00000 0.23815 0.29905 1.00000 0.59794 0.64538 0.71627 0.72344 0.61718 0.61572 0.61057 0.85374 0.63659 0.89189 0.79397 0.61294 0.99419 0.62144 0.14173 1.00000 0.69792 0.85412 1.00000 0.62860 0.62670
254.00000 246.00000 0.00001 0.00000 1.00000 1.00000 0.99101 0.94818 0.94457 1.00000 1.00000 0.98866 0.99975 0.85418 1.00000 0.94788 0.99089 0.99405 0.65202 0.05950 1.00000 0.95833 1.00000 1.00000 0.97394 0.97124
254.00000 247.00000 0.47621 0.83278 1.00000 0.62699 0.66593 0.66182 0.59715 0.50794 0.50000 0.47074 0.86417 0.58968 0.40541 0.70928 0.46922 0.99377 0.47482 0.36409 1.00000 0.68750 0.86469 1.00000 0.48628 0.48986
254.00000 248.00000 0.47611 0.83135 1.00000 0.62699 0.67061 0.67585 0.59180 0.50794 0.50000 0.46852 0.86417 0.59482 0.40541 0.71336 0.46902 0.99355 0.46337 0.35116 1.00000 0.67708 0.86469 1.00000 0.48834 0.48124
254.00000 249.00000 0.59529 0.73729 0.00000 0.23809 0.02009 0.08027 0.08692 0.29318 0.20881 0.08928 0.00053 0.01249 0.02703 0.08632 0.08944 0.00105 0.05117 0.97104 0.00000 0.07292 0.00000 0.00000 0.13786 0.13979
254.00000 250.00000 0.00006 0.00000 1.00000 1.00000 0.99275 0.96175 0.96686 1.00000 1.00000 0.98828 0.99977 0.86365 1.00000 0.97313 0.99003 0.99394 0.63745 0.06323 1.00000 0.95833 1.00000 1.00000 0.97634 0.97386
254.00000 251.00000 0.99992 0.99762 1.00000 0.00000 0.13405 0.32824 0.28024 0.00000 0.00063 0.00231 0.62639 0.26286 0.24324 0.53339 0.00249 0.99176 0.52280 0.42615 0.00000 0.32292 0.62791 1.00000 0.00789 0.01593
254.00000 252.00000 0.47606 0.83302 1.00000 0.62699 0.66869 0.68433 0.58444 0.50794 0.50000 0.46960 0.86426 0.59220 0.40541 0.71906 0.46805 0.99366 0.46811 0.34919 1.00000 0.65625 0.86469 1.00000 0.48011 0.48610
254.00000 253.00000 0.99997 0.99929 1.00000 0.00000 0.13744 0.32342 0.29444 0.00000 0.00000 0.00239 0.62616 0.26127 0.24324 0.52362 0.00287 0.99140 0.52944 0.41253 0.00000 0.32292 0.62791 1.00000 0.01269 0.01740
254.00000 254.00000 0.00003 0.00000 1.00000 1.00000 0.99578 0.97844 0.96950 1.00000 1.00000 0.98881 0.99987 0.85045 1.00000 0.97150 0.99082 0.99396 0.62736 0.07553 1.00000 0.97917 1.00000 1.00000 0.96571 0.96662
254.00000 255.00000 0.83326 0.99762 1.00000 0.06027 0.19405 0.36893 0.29317 0.14659 0.14403 0.13637 0.65012 0.28651 0.24324 0.51792 0.13626 0.99242 0.48220 0.40133 0.00000 0.33333 0.65116 1.00000 0.15466 0.16290
254.00000 256.00000 0.00001 0.00000 1.00000 1.00000 0.99624 0.97532 0.98378 1.00000 1.00000 0.98921 0.99970 0.85461 1.00000 0.97068 0.99112 0.99396 0.62770 0.07334 1.00000 0.95833 1.00000 1.00000 0.97016 0.97114
254.00000 257.00000 0.47610 0.83135 1.00000 0.62699 0.66896 0.67157 0.60355 0.50794 0.50000 0.46764 0.86415 0.59511 0.37838 0.71743 0.46793 0.99358 0.47979 0.36226 1.00000 0.66667 0.86469 1.00000 0.48525 0.48660
254.00000 258.00000 0.83335 0.99846 1.00000 0.06027 0.19231 0.34436 0.29112 0.14659 0.14403 0.13639 0.65008 0.28963 0.24324 0.52850 0.13433 0.99242 0.48629 0.39016 0.00000 0.34375 0.65116 1.00000 0.15192 0.16136
254.00000 259.00000 0.47625 0.83349 1.00000 0.62699 0.67382 0.68625 0.59914 0.50794 0.50000 0.46940 0.86415 0.59354 0.37838 0.72801 0.46676 0.99369 0.46825 0.35201 1.00000 0.68750 0.86469 1.00000 0.48457 0.47962
254.00000 260.00000 0.59518 0.73670 0.00000 0.23809 0.01633 0.06342 0.12360 0.29318 0.20881 0.09176 0.00040 0.01269 0.02703 0.10016 0.08926 0.00063 0.01614 0.97583 0.00000 0.07292 0.00000 0.00000 0.13237 0.13455
