245.00000 1.00000 0.59515 0.73658 0.00000 0.23809 0.01486 0.04462 0.05132 0.29318 0.20881 0.09038 0.00141 0.02413 0.02703 0.03827 0.09002 0.00179 0.07409 0.94398 0.00000 0.04167 0.00000 0.00000 0.14095 0.13732
245.00000 2.00000 0.83335 0.99762 1.00000 0.06027 0.19002 0.32764 0.25586 0.14659 0.14403 0.13622 0.65075 0.29522 0.24324 0.44137 0.13776 0.99347 0.53192 0.36149 0.00000 0.32292 0.65116 1.00000 0.15947 0.16536
245.00000 3.00000 0.83323 0.99762 1.00000 0.06027 0.18726 0.33569 0.26741 0.14659 0.14403 0.13708 0.65084 0.29600 0.24324 0.46580 0.13743 0.99355 0.52692 0.37581 0.00000 0.32292 0.65116 1.00000 0.15912 0.16176
245.00000 4.00000 0.23806 0.29929 1.00000 0.59794 0.63364 0.69091 0.68447 0.61718 0.61509 0.61582 0.85334 0.64600 0.89189 0.75814 0.61423 0.99347 0.66628 0.11859 1.00000 0.69792 0.85412 1.00000 0.62929 0.62811
245.00000 5.00000 0.99984 0.99822 1.00000 0.00000 0.13056 0.29064 0.23985 0.00000 0.00063 0.00346 0.62744 0.26826 0.24324 0.47801 0.00398 0.99314 0.57207 0.37537 0.00000 0.27083 0.62791 1.00000 0.00960 0.01684
245.00000 6.00000 0.23814 0.29762 1.00000 0.59794 0.63235 0.70828 0.68428 0.61718 0.61509 0.61484 0.85338 0.64343 0.89189 0.75081 0.61415 0.99363 0.68253 0.11083 1.00000 0.68750 0.85412 1.00000 0.62586 0.63517
245.00000 7.00000 0.83319 0.99762 1.00000 0.06027 0.18956 0.32307 0.26607 0.14659 0.14403 0.13622 0.65071 0.29933 0.24324 0.47557 0.13641 0.99350 0.51576 0.36405 0.00000 0.32292 0.65116 1.00000 0.16358 0.16761
245.00000 8.00000 0.00002 0.00107 1.00000 1.00000 0.98312 0.94628 0.92057 1.00000 1.00000 0.99592 0.99930 0.87589 1.00000 0.91612 0.99579 0.99339 0.70005 0.03954 1.00000 0.92708 1.00000 1.00000 0.98080 0.98804
245.00000 9.00000 0.99983 0.99822 1.00000 0.00000 0.13148 0.30061 0.25254 0.00000 0.00000 0.00379 0.62736 0.27582 0.24324 0.48371 0.00434 0.99311 0.56969 0.37262 0.00000 0.30208 0.62791 1.00000 0.01543 0.02410
245.00000 10.00000 0.99979 0.99798 1.00000 0.00000 0.12478 0.30968 0.26433 0.00000 0.00063 0.00501 0.62747 0.27626 0.24324 0.47638 0.00373 0.99317 0.56991 0.38382 0.00000 0.28125 0.62791 1.00000 0.00857 0.02274
245.00000 11.00000 0.47629 0.83135 1.00000 0.62699 0.66355 0.66144 0.53192 0.50794 0.50000 0.47232 0.86403 0.60224 0.40541 0.67752 0.47112 0.99363 0.50312 0.32887 0.00000 0.66667 0.86469 1.00000 0.49108 0.49305
245.00000 12.00000 0.59511 0.73694 0.00000 0.23809 0.01285 0.03451 0.05772 0.29318 0.20881 0.09262 0.00127 0.02351 0.02703 0.04642 0.09088 0.00193 0.07193 0.94142 0.00000 0.04167 0.00000 0.00000 0.13649 0.14645
245.00000 13.00000 0.99979 0.99822 1.00000 0.00000 0.13616 0.30118 0.24180 0.00000 0.00063 0.00489 0.62736 0.27800 0.24324 0.48290 0.00464 0.99311 0.56053 0.37526 0.00000 0.30208 0.62791 1.00000 0.01097 0.02481
245.00000 14.00000 0.83332 0.99762 1.00000 0.06027 0.18671 0.33507 0.24498 0.14659 0.14403 0.13575 0.65067 0.30207 0.24324 0.46987 0.13583 0.99339 0.52142 0.34864 0.00000 0.33333 0.65116 1.00000 0.15226 0.16106
245.00000 15.00000 0.00003 0.00202 1.00000 1.00000 0.98303 0.93967 0.91811 1.00000 1.00000 0.99332 0.99941 0.87539 1.00000 0.91531 0.99510 0.99336 0.69110 0.02076 1.00000 0.93750 1.00000 1.00000 0.99005 0.98276
245.00000 16.00000 0.00006 0.00059 1.00000 1.00000 0.98348 0.93656 0.93114 1.00000 1.00000 0.99451 0.99949 0.87555 1.00000 0.91775 0.99447 0.99352 0.69810 0.04039 1.00000 0.94792 1.00000 1.00000 0.98114 0.98353
245.00000 17.00000 0.00006 0.00000 1.00000 1.00000 0.97972 0.93501 0.91073 1.00000 1.00000 0.99437 0.99958 0.87658 1.00000 0.91775 0.99467 0.99347 0.69025 0.03625 1.00000 0.94792 1.00000 1.00000 0.98285 0.98928
245.00000 18.00000 0.99985 1.00000 1.00000 0.00000 0.13139 0.30188 0.24279 0.00000 0.00063 0.00315 0.62734 0.27968 0.24324 0.48453 0.00434 0.99306 0.55236 0.37808 0.00000 0.29167 0.62791 1.00000 0.01578 0.01673
245.00000 19.00000 0.00001 0.00238 1.00000 1.00000 0.97954 0.92583 0.94120 1.00000 1.00000 0.99365 0.99930 0.87619 1.00000 0.92264 0.99602 0.99339 0.69139 0.03760 1.00000 0.93750 1.00000 1.00000 0.98525 0.98938
245.00000 20.00000 0.83328 0.99774 1.00000 0.06027 0.18928 0.31369 0.26794 0.14659 0.14403 0.13890 0.65086 0.29775 0.24324 0.47068 0.13743 0.99341 0.52628 0.35614 0.00000 0.30208 0.65116 1.00000 0.15501 0.16203
245.00000 21.00000 0.99988 0.99762 1.00000 0.00000 0.13598 0.29693 0.24048 0.00000 0.00063 0.00530 0.62738 0.27260 0.24324 0.48208 0.00370 0.99308 0.57764 0.38316 0.00000 0.29167 0.62791 1.00000 0.00617 0.02027
245.00000 22.00000 0.47613 0.83325 1.00000 0.62699 0.65694 0.65840 0.56210 0.50794 0.50000 0.47127 0.86409 0.60202 0.40541 0.66287 0.47143 0.99363 0.51323 0.32737 0.00000 0.64583 0.86469 1.00000 0.48937 0.49380
245.00000 23.00000 0.83329 0.99905 1.00000 0.06027 0.17965 0.32480 0.24708 0.14659 0.14403 0.13868 0.65082 0.30463 0.24324 0.47476 0.13763 0.99333 0.52485 0.35926 0.00000 0.34375 0.65116 1.00000 0.16701 0.16352
245.00000 24.00000 0.23812 0.29691 1.00000 0.59794 0.63850 0.69021 0.68916 0.61718 0.61572 0.61603 0.85343 0.64965 0.89189 0.73941 0.61398 0.99355 0.68422 0.10845 1.00000 0.69792 0.85412 1.00000 0.63066 0.62492
245.00000 25.00000 0.47620 0.83135 1.00000 0.62699 0.66034 0.65765 0.54068 0.50794 0.49937 0.47384 0.86405 0.60444 0.40541 0.67752 0.47219 0.99336 0.51842 0.33593 0.00000 0.65625 0.86469 1.00000 0.49314 0.48869
245.00000 26.00000 0.99996 0.99762 1.00000 0.00000 0.13047 0.28189 0.24621 0.00000 0.00000 0.00375 0.62747 0.26882 0.24324 0.48779 0.00337 0.99336 0.57076 0.37159 0.00000 0.29167 0.62791 1.00000 0.01166 0.02006
245.00000 27.00000 0.99980 0.99762 1.00000 0.00000 0.13056 0.28547 0.25353 0.00000 0.00063 0.00418 0.62742 0.27292 0.24324 0.46987 0.00370 0.99322 0.58597 0.37701 0.00000 0.29167 0.62791 1.00000 0.00995 0.02239
245.00000 28.00000 0.00003 0.00166 1.00000 1.00000 0.98615 0.93377 0.93460 1.00000 1.00000 0.99408 0.99932 0.86880 1.00000 0.91450 0.99627 0.99339 0.69434 0.02226 1.00000 0.92708 1.00000 1.00000 0.98800 0.98278
245.00000 29.00000 0.47628 0.83325 1.00000 0.62699 0.65639 0.65851 0.57115 0.50794 0.49937 0.47134 0.86415 0.60573 0.40541 0.66287 0.47117 0.99355 0.52378 0.32143 0.00000 0.64583 0.86469 1.00000 0.49348 0.49388
245.00000 30.00000 0.99978 0.99762 1.00000 0.00000 0.13093 0.30158 0.26450 0.00000 0.00063 0.00284 0.62742 0.27363 0.24324 0.48453 0.00413 0.99317 0.56653 0.36903 0.00000 0.29167 0.62791 1.00000 0.01372 0.02587
245.00000 31.00000 0.99997 0.99762 1.00000 0.00000 0.13029 0.28994 0.23629 0.00000 0.00000 0.00630 0.62747 0.27721 0.24324 0.48046 0.00335 0.99330 0.55886 0.35992 0.00000 0.28125 0.62791 1.00000 0.01303 0.01810
245.00000 32.00000 0.99995 0.99762 1.00000 0.00000 0.13396 0.28920 0.26219 0.00000 0.00063 0.00420 0.62749 0.27725 0.24324 0.48208 0.00269 0.99311 0.57362 0.37105 0.00000 0.29167 0.62791 1.00000 0.01749 0.02564
245.00000 33.00000 0.00002 0.00000 1.00000 1.00000 0.98734 0.93366 0.92079 1.00000 1.00000 0.99465 0.99939 0.87106 1.00000 0.91694 0.99612 0.99336 0.68322 0.04936 1.00000 0.95833 1.00000 1.00000 0.98285 0.98254
245.00000 34.00000 0.83322 0.99869 1.00000 0.06027 0.18442 0.32759 0.26075 0.14659 0.14403 0.13653 0.65092 0.30403 0.24324 0.46824 0.13684 0.99355 0.52668 0.37291 0.00000 0.33333 0.65116 1.00000 0.15569 0.16499
245.00000 35.00000 0.23807 0.29762 1.00000 0.59794 0.63437 0.71654 0.68854 0.61718 0.61572 0.61377 0.85326 0.65242 0.89189 0.75977 0.61420 0.99355 0.67677 0.12262 1.00000 0.71875 0.85412 1.00000 0.62997 0.62765
245.00000 36.00000 0.59525 0.73634 0.00000 0.23809 0.01330 0.06501 0.05661 0.29318 0.20881 0.09207 0.00135 0.02234 0.02703 0.04642 0.08827 0.00190 0.06881 0.93058 0.00000 0.04167 0.00000 0.00000 0.13477 0.14221
245.00000 37.00000 0.23818 0.29727 1.00000 0.59794 0.63584 0.70456 0.68555 0.61718 0.61509 0.61565 0.85347 0.64780 0.89189 0.77199 0.61512 0.99350 0.66430 0.11585 1.00000 0.69792 0.85412 1.00000 0.63134 0.63587
245.00000 38.00000 0.23807 0.29691 1.00000 0.59794 0.63437 0.68522 0.68560 0.61718 0.61509 0.61341 0.85345 0.64415 0.89189 0.74267 0.61464 0.99361 0.67704 0.11775 1.00000 0.67708 0.85412 1.00000 0.62894 0.63491
245.00000 39.00000 0.83318 0.99929 1.00000 0.06027 0.18277 0.31797 0.26614 0.14659 0.14403 0.13660 0.65086 0.29546 0.24324 0.46254 0.13679 0.99328 0.53094 0.35453 0.00000 0.33333 0.65116 1.00000 0.15741 0.16575
245.00000 40.00000 0.59531 0.73729 0.00000 0.23809 0.01321 0.05450 0.05724 0.29318 0.20881 0.09085 0.00125 0.02003 0.02703 0.05049 0.08921 0.00174 0.06008 0.96188 0.00000 0.05208 0.00000 0.00000 0.13272 0.14539
245.00000 41.00000 0.00001 0.00000 1.00000 1.00000 0.97871 0.92865 0.91082 1.00000 1.00000 0.99348 0.99932 0.86964 1.00000 0.92182 0.99594 0.99333 0.69089 0.02834 1.00000 0.93750 1.00000 1.00000 0.97908 0.98341
245.00000 42.00000 0.59512 0.73789 0.00000 0.23809 0.01184 0.05729 0.06752 0.29318 0.20881 0.09264 0.00129 0.02742 0.02703 0.05619 0.08867 0.00198 0.06898 0.95475 0.00000 0.05208 0.00000 0.00000 0.14026 0.14429
245.00000 43.00000 0.23823 0.29834 1.00000 0.59794 0.63832 0.68904 0.68228 0.61718 0.61509 0.61214 0.85343 0.64522 0.89189 0.74674 0.61527 0.99363 0.67232 0.12786 1.00000 0.69792 0.85412 1.00000 0.62791 0.63245
245.00000 44.00000 0.00005 0.00000 1.00000 1.00000 0.97908 0.92274 0.92875 1.00000 1.00000 0.99224 0.99937 0.87440 1.00000 0.94137 0.99637 0.99361 0.68651 0.05338 1.00000 0.92708 1.00000 1.00000 0.98628 0.98165
245.00000 45.00000 0.99986 0.99762 1.00000 0.00000 0.12955 0.27953 0.25367 0.00000 0.00063 0.00582 0.62742 0.27821 0.24324 0.48616 0.00487 0.99308 0.56157 0.38613 0.00000 0.27083 0.62791 1.00000 0.01646 0.02222
245.00000 46.00000 0.59512 0.73634 0.00000 0.23809 0.01376 0.05597 0.08879 0.29318 0.20881 0.09236 0.00131 0.02133 0.02703 0.04886 0.09075 0.00198 0.06855 0.93523 0.00000 0.04167 0.00000 0.00000 0.13957 0.14378
245.00000 47.00000 0.00003 0.00059 1.00000 1.00000 0.98339 0.92074 0.92536 1.00000 1.00000 0.99456 0.99939 0.87277 1.00000 0.92752 0.99574 0.99336 0.69317 0.03929 1.00000 0.93750 1.00000 1.00000 0.98217 0.98827
245.00000 48.00000 0.00002 0.00000 1.00000 1.00000 0.98376 0.93401 0.92151 1.00000 1.00000 0.99470 0.99947 0.87362 1.00000 0.91531 0.99513 0.99344 0.70086 0.02958 1.00000 0.93750 1.00000 1.00000 0.97874 0.98551
245.00000 49.00000 0.47627 0.83242 1.00000 0.62699 0.65621 0.66377 0.55370 0.50794 0.50000 0.47193 0.86407 0.59872 0.40541 0.65798 0.46970 0.99363 0.50971 0.31902 1.00000 0.66667 0.86469 1.00000 0.49211 0.49293
245.00000 50.00000 0.47605 0.83254 1.00000 0.62699 0.65942 0.63755 0.55375 0.50794 0.49937 0.47110 0.86403 0.60513 0.40541 0.65635 0.47211 0.99339 0.51142 0.32755 0.00000 0.65625 0.86469 1.00000 0.49211 0.49952
245.00000 51.00000 0.59512 0.73848 0.00000 0.23809 0.01413 0.04107 0.05649 0.29318 0.20881 0.09179 0.00133 0.01886 0.02703 0.04479 0.08923 0.00201 0.06860 0.93750 0.00000 0.04167 0.00000 0.00000 0.14198 0.14736
245.00000 52.00000 0.00002 0.00000 1.00000 1.00000 0.98137 0.94544 0.92791 1.00000 1.00000 0.99322 0.99941 0.87452 1.00000 0.91368 0.99353 0.99339 0.69482 0.03903 1.00000 0.94792 1.00000 1.00000 0.98663 0.98489
245.00000 53.00000 0.47609 0.83254 1.00000 0.62699 0.66245 0.65087 0.54564 0.50794 0.50000 0.47019 0.86409 0.60398 0.40541 0.67915 0.47219 0.99369 0.50988 0.32810 0.00000 0.65625 0.86469 1.00000 0.49554 0.49226
245.00000 54.00000 0.83335 0.99893 1.00000 0.06027 0.18681 0.29923 0.27432 0.14659 0.14403 0.13620 0.65090 0.29678 0.27027 0.46336 0.13674 0.99339 0.51954 0.36555 0.00000 0.33333 0.65116 1.00000 0.16358 0.16286
245.00000 55.00000 0.99988 0.99762 1.00000 0.00000 0.13460 0.30993 0.23969 0.00000 0.00063 0.00513 0.62753 0.27601 0.24324 0.47231 0.00269 0.99317 0.57243 0.39085 0.00000 0.29167 0.62791 1.00000 0.01166 0.02072
245.00000 56.00000 0.99982 0.99762 1.00000 0.00000 0.13148 0.30278 0.26250 0.00000 0.00063 0.00544 0.62738 0.27382 0.24324 0.48127 0.00195 0.99311 0.55898 0.37214 0.00000 0.27083 0.62791 1.00000 0.01509 0.02177
245.00000 57.00000 0.59528 0.73682 0.00000 0.23809 0.01174 0.05467 0.04893 0.29318 0.20881 0.09131 0.00133 0.02434 0.02703 0.03746 0.09050 0.00185 0.07245 0.93838 0.00000 0.02083 0.00000 0.00000 0.14026 0.14050
245.00000 58.00000 0.99995 0.99762 1.00000 0.00000 0.12928 0.30947 0.24438 0.00000 0.00000 0.00305 0.62747 0.27274 0.24324 0.48453 0.00444 0.99311 0.56757 0.38888 0.00000 0.28125 0.62791 1.00000 0.01920 0.02127
245.00000 59.00000 0.47618 0.83135 1.00000 0.62699 0.65951 0.63516 0.56164 0.50794 0.50000 0.47182 0.86400 0.60323 0.40541 0.66531 0.47153 0.99344 0.51162 0.32374 0.00000 0.64583 0.86469 1.00000 0.48765 0.49697
245.00000 60.00000 0.59526 0.73777 0.00000 0.23809 0.01193 0.05518 0.07604 0.29318 0.20818 0.09143 0.00139 0.02008 0.02703 0.05863 0.08987 0.00204 0.06855 0.94636 0.00000 0.04167 0.00000 0.00000 0.13889 0.14662
245.00000 61.00000 0.47617 0.83373 1.00000 0.62699 0.66034 0.66477 0.54460 0.50794 0.49937 0.47191 0.86405 0.60019 0.37838 0.65554 0.47062 0.99344 0.51454 0.31891 0.00000 0.66667 0.86469 1.00000 0.48697 0.49297
245.00000 62.00000 0.99998 0.99762 1.00000 0.00000 0.12900 0.29468 0.24267 0.00000 0.00063 0.00604 0.62744 0.28047 0.24324 0.48046 0.00208 0.99319 0.57131 0.37222 0.00000 0.28125 0.62791 1.00000 0.01235 0.02093
245.00000 63.00000 0.00003 0.00143 1.00000 1.00000 0.98248 0.92689 0.93797 1.00000 1.00000 0.99360 0.99937 0.87814 1.00000 0.92264 0.99335 0.99333 0.70298 0.02720 1.00000 0.94792 1.00000 1.00000 0.98182 0.98201
245.00000 64.00000 0.59522 0.73634 0.00000 0.23809 0.01468 0.04164 0.06020 0.29318 0.20881 0.09181 0.00120 0.02080 0.02703 0.04235 0.08961 0.00182 0.06710 0.93615 0.00000 0.04167 0.00000 0.00000 0.13855 0.14134
245.00000 65.00000 0.83323 0.99762 1.00000 0.06027 0.18323 0.30922 0.24785 0.14659 0.14403 0.13670 0.65084 0.30078 0.24324 0.46906 0.13641 0.99344 0.52568 0.36314 0.00000 0.33333 0.65116 1.00000 0.15844 0.16033
245.00000 66.00000 0.99993 0.99786 1.00000 0.00000 0.12983 0.31218 0.25054 0.00000 0.00063 0.00341 0.62749 0.27567 0.24324 0.46906 0.00347 0.99322 0.57302 0.37515 0.00000 0.28125 0.62791 1.00000 0.01372 0.01918
245.00000 67.00000 0.59530 0.73753 0.00000 0.23809 0.01514 0.03993 0.05989 0.29318 0.20881 0.09253 0.00118 0.02501 0.02703 0.04967 0.09053 0.00182 0.06726 0.95390 0.00000 0.04167 0.00000 0.00000 0.13649 0.14150
245.00000 68.00000 0.99976 0.99762 1.00000 0.00000 0.13423 0.31852 0.27059 0.00000 0.00000 0.00408 0.62747 0.27130 0.24324 0.48453 0.00327 0.99308 0.56438 0.37822 0.00000 0.29167 0.62791 1.00000 0.01509 0.01305
245.00000 69.00000 0.23810 0.29691 1.00000 0.59794 0.63520 0.70400 0.68933 0.61718 0.61509 0.61548 0.85332 0.65041 0.89189 0.73371 0.61415 0.99369 0.68372 0.13353 1.00000 0.69792 0.85412 1.00000 0.62791 0.62773
245.00000 70.00000 0.59517 0.73634 0.00000 0.23809 0.00798 0.06683 0.05259 0.29318 0.20881 0.09188 0.00131 0.02065 0.02703 0.03990 0.09010 0.00182 0.06107 0.93494 0.00000 0.04167 0.00000 0.00000 0.13340 0.14381
245.00000 71.00000 0.83330 0.99762 1.00000 0.06027 0.18974 0.33740 0.27817 0.14659 0.14403 0.13722 0.65082 0.30293 0.24324 0.45847 0.13651 0.99347 0.51902 0.36186 0.00000 0.33333 0.65116 1.00000 0.16701 0.16668
245.00000 72.00000 0.23813 0.29715 1.00000 0.59794 0.63648 0.70340 0.68490 0.61718 0.61572 0.61293 0.85351 0.64891 0.89189 0.75163 0.61499 0.99355 0.68170 0.11976 1.00000 0.69792 0.85412 1.00000 0.62723 0.63329
245.00000 73.00000 0.83321 0.99964 1.00000 0.06027 0.18763 0.32640 0.24708 0.14659 0.14403 0.13668 0.65073 0.29478 0.24324 0.46173 0.13677 0.99347 0.52371 0.35596 0.00000 0.33333 0.65116 1.00000 0.15844 0.16538
245.00000 74.00000 0.99980 0.99762 1.00000 0.00000 0.12597 0.31518 0.23331 0.00000 0.00000 0.00511 0.62753 0.28038 0.24324 0.47068 0.00238 0.99325 0.56165 0.37280 0.00000 0.30208 0.62791 1.00000 0.01475 0.01726
245.00000 75.00000 0.83318 0.99762 1.00000 0.06027 0.18515 0.34184 0.26566 0.14659 0.14403 0.13830 0.65080 0.30030 0.24324 0.47638 0.13679 0.99358 0.54284 0.36288 0.00000 0.31250 0.65116 1.00000 0.15432 0.16401
245.00000 76.00000 0.99994 0.99762 1.00000 0.00000 0.12542 0.30454 0.25353 0.00000 0.00000 0.00239 0.62738 0.27451 0.24324 0.48697 0.00345 0.99325 0.57693 0.39415 0.00000 0.28125 0.62791 1.00000 0.01543 0.02232
245.00000 77.00000 0.00003 0.00119 1.00000 1.00000 0.98532 0.92987 0.91515 1.00000 1.00000 0.99150 0.99937 0.87334 1.00000 0.91775 0.99490 0.99355 0.69508 0.03892 1.00000 0.92708 1.00000 1.00000 0.98251 0.98295
245.00000 78.00000 0.99997 0.99905 1.00000 0.00000 0.13139 0.29151 0.25085 0.00000 0.00000 0.00501 0.62749 0.27786 0.24324 0.47801 0.00299 0.99322 0.56867 0.38620 0.00000 0.29167 0.62791 1.00000 0.01063 0.02832
245.00000 79.00000 0.99994 0.99762 1.00000 0.00000 0.13276 0.30521 0.26181 0.00000 0.00063 0.00537 0.62747 0.27490 0.24324 0.46417 0.00244 0.99295 0.55608 0.37408 0.00000 0.30208 0.62791 1.00000 0.01132 0.02393
245.00000 80.00000 0.59509 0.73800 0.00000 0.23809 0.00862 0.04505 0.05878 0.29318 0.20881 0.09248 0.00144 0.02469 0.02703 0.04316 0.09027 0.00198 0.06860 0.93054 0.00000 0.04167 0.00000 0.00000 0.13374 0.14979
245.00000 81.00000 0.99990 0.99762 1.00000 0.00000 0.13001 0.30871 0.24828 0.00000 0.00063 0.00427 0.62742 0.28229 0.24324 0.48941 0.00325 0.99314 0.57421 0.38415 0.00000 0.30208 0.62791 1.00000 0.01269 0.02003
245.00000 82.00000 0.47623 0.83337 1.00000 0.62699 0.66098 0.65824 0.53911 0.50794 0.50000 0.47239 0.86407 0.60022 0.40541 0.66531 0.47143 0.99352 0.51219 0.33180 0.00000 0.63542 0.86469 1.00000 0.48868 0.49392
245.00000 83.00000 0.99993 0.99762 1.00000 0.00000 0.13010 0.28455 0.25815 0.00000 0.00063 0.00484 0.62753 0.27564 0.24324 0.48127 0.00416 0.99328 0.56488 0.38423 0.00000 0.29167 0.62791 1.00000 0.00960 0.02062
245.00000 84.00000 0.59526 0.73812 0.00000 0.23809 0.01138 0.03993 0.06054 0.29318 0.20818 0.09035 0.00137 0.02908 0.02703 0.04479 0.09030 0.00198 0.07140 0.94687 0.00000 0.04167 0.00000 0.00000 0.13992 0.14148
245.00000 85.00000 0.59524 0.73634 0.00000 0.23809 0.01606 0.03687 0.05943 0.29318 0.20881 0.09312 0.00120 0.02231 0.02703 0.04967 0.09131 0.00185 0.05898 0.94475 0.00000 0.04167 0.00000 0.00000 0.13992 0.14431
245.00000 86.00000 0.99985 0.99762 1.00000 0.00000 0.13020 0.29186 0.26679 0.00000 0.00000 0.00422 0.62747 0.27652 0.24324 0.47883 0.00401 0.99322 0.56467 0.38661 0.00000 0.29167 0.62791 1.00000 0.01715 0.01503
245.00000 87.00000 0.47623 0.83135 1.00000 0.62699 0.66015 0.65426 0.54624 0.50794 0.50000 0.47115 0.86409 0.60185 0.40541 0.66205 0.47067 0.99358 0.52616 0.31360 0.00000 0.65625 0.86469 1.00000 0.48594 0.49373
245.00000 88.00000 0.47610 0.83135 1.00000 0.62699 0.66190 0.64397 0.55144 0.50794 0.50000 0.47279 0.86396 0.60614 0.37838 0.65717 0.47168 0.99344 0.51095 0.32535 0.00000 0.65625 0.86469 1.00000 0.49005 0.49643
245.00000 89.00000 0.99996 0.99762 1.00000 0.00000 0.13194 0.29611 0.24854 0.00000 0.00063 0.00434 0.62736 0.27521 0.24324 0.48371 0.00350 0.99314 0.57688 0.37705 0.00000 0.27083 0.62791 1.00000 0.01440 0.02111
245.00000 90.00000 0.83327 0.99917 1.00000 0.06027 0.19112 0.33071 0.26250 0.14659 0.14403 0.13644 0.65092 0.29977 0.24324 0.46254 0.13776 0.99344 0.54587 0.36464 0.00000 0.33333 0.65116 1.00000 0.15844 0.17012
245.00000 91.00000 0.23804 0.29691 1.00000 0.59794 0.63721 0.69541 0.67968 0.61718 0.61509 0.61546 0.85334 0.64497 0.89189 0.76466 0.61565 0.99344 0.66778 0.11303 1.00000 0.69792 0.85412 1.00000 0.62586 0.62709
245.00000 92.00000 0.23814 0.29691 1.00000 0.59794 0.62694 0.71334 0.70014 0.61718 0.61509 0.61658 0.85345 0.64526 0.89189 0.74511 0.61502 0.99372 0.68727 0.12555 1.00000 0.69792 0.85412 1.00000 0.63580 0.62889
245.00000 93.00000 0.59526 0.73753 0.00000 0.23809 0.01257 0.06653 0.06501 0.29318 0.20818 0.09219 0.00131 0.01746 0.02703 0.04235 0.09075 0.00193 0.07857 0.94790 0.00000 0.03125 0.00000 0.00000 0.14163 0.14253
245.00000 94.00000 0.83331 0.99893 1.00000 0.06027 0.18332 0.33526 0.26116 0.14659 0.14403 0.13754 0.65088 0.30190 0.24324 0.46987 0.13697 0.99341 0.52023 0.35845 0.00000 0.33333 0.65116 1.00000 0.16152 0.16461
245.00000 95.00000 0.47621 0.83135 1.00000 0.62699 0.66318 0.65320 0.53245 0.50794 0.49937 0.47246 0.86409 0.61028 0.40541 0.67752 0.47186 0.99352 0.51628 0.33714 0.00000 0.63542 0.86469 1.00000 0.49520 0.48782
245.00000 96.00000 0.59522 0.73741 0.00000 0.23809 0.01578 0.05589 0.06261 0.29318 0.20881 0.09047 0.00118 0.01819 0.02703 0.04479 0.09027 0.00176 0.05772 0.93801 0.00000 0.05208 0.00000 0.00000 0.14369 0.14514
245.00000 97.00000 0.99999 0.99762 1.00000 0.00000 0.13341 0.29795 0.24907 0.00000 0.00063 0.00482 0.62740 0.26816 0.24324 0.48941 0.00284 0.99319 0.56357 0.37548 0.00000 0.28125 0.62791 1.00000 0.01578 0.02067
245.00000 98.00000 0.23803 0.29786 1.00000 0.59794 0.64024 0.68991 0.70296 0.61718 0.61509 0.61408 0.85341 0.64797 0.89189 0.75081 0.61400 0.99361 0.68558 0.11511 1.00000 0.70833 0.85412 1.00000 0.62757 0.63160
245.00000 99.00000 0.00002 0.00000 1.00000 1.00000 0.98385 0.95376 0.92637 1.00000 1.00000 0.99530 0.99947 0.87541 1.00000 0.92264 0.99599 0.99355 0.68601 0.03669 1.00000 0.94792 1.00000 1.00000 0.97908 0.97969
245.00000 100.00000 0.00006 0.00000 1.00000 1.00000 0.98110 0.93645 0.91771 1.00000 1.00000 0.99339 0.99945 0.87254 1.00000 0.93160 0.99528 0.99339 0.69225 0.02340 1.00000 0.93750 1.00000 1.00000 0.97908 0.98495
245.00000 101.00000 0.99992 0.99857 1.00000 0.00000 0.12708 0.29508 0.24200 0.00000 0.00063 0.00570 0.62736 0.27577 0.24324 0.48616 0.00312 0.99333 0.57060 0.37925 0.00000 0.30208 0.62791 1.00000 0.01337 0.01928
245.00000 102.00000 0.59519 0.73800 0.00000 0.23809 0.00716 0.07688 0.07084 0.29318 0.20881 0.09233 0.00137 0.02462 0.02703 0.05537 0.08890 0.00209 0.05705 0.96130 0.00000 0.04167 0.00000 0.00000 0.13820 0.14220
245.00000 103.00000 0.47622 0.83361 1.00000 0.62699 0.66263 0.65984 0.55216 0.50794 0.50000 0.47389 0.86398 0.60686 0.40541 0.66938 0.47115 0.99363 0.51592 0.32209 0.00000 0.65625 0.86469 1.00000 0.49108 0.49504
245.00000 104.00000 0.23820 0.29691 1.00000 0.59794 0.63465 0.69335 0.70563 0.61718 0.61509 0.61529 0.85332 0.65070 0.89189 0.75244 0.61380 0.99358 0.68727 0.12855 1.00000 0.68750 0.85412 1.00000 0.63272 0.63586
245.00000 105.00000 0.47608 0.83147 1.00000 0.62699 0.65795 0.65675 0.54157 0.50794 0.50000 0.47122 0.86409 0.60541 0.40541 0.66938 0.47079 0.99358 0.51295 0.33553 0.00000 0.64583 0.86469 1.00000 0.49486 0.49274
245.00000 106.00000 1.00000 0.99846 1.00000 0.00000 0.13203 0.31665 0.26498 0.00000 0.00063 0.00520 0.62749 0.27320 0.24324 0.48779 0.00292 0.99330 0.56691 0.38240 0.00000 0.28125 0.62791 1.00000 0.00823 0.02132
245.00000 107.00000 0.99994 0.99834 1.00000 0.00000 0.13176 0.29497 0.26308 0.00000 0.00063 0.00492 0.62753 0.27473 0.24324 0.47883 0.00254 0.99336 0.56510 0.38844 0.00000 0.31250 0.62791 1.00000 0.01509 0.01379
245.00000 108.00000 0.83324 0.99846 1.00000 0.06027 0.18699 0.34008 0.27449 0.14659 0.14403 0.13956 0.65080 0.30645 0.24324 0.48208 0.13740 0.99355 0.52820 0.35816 0.00000 0.31250 0.65116 1.00000 0.15604 0.16265
245.00000 109.00000 0.83324 0.99893 1.00000 0.06027 0.18717 0.33100 0.25834 0.14659 0.14403 0.13725 0.65090 0.30228 0.24324 0.47150 0.13603 0.99355 0.53197 0.35860 0.00000 0.32292 0.65116 1.00000 0.15501 0.16238
245.00000 110.00000 0.99992 0.99798 1.00000 0.00000 0.12964 0.32060 0.24862 0.00000 0.00000 0.00501 0.62757 0.27499 0.24324 0.48371 0.00393 0.99336 0.57826 0.38478 0.00000 0.28125 0.62791 1.00000 0.00995 0.01784
245.00000 111.00000 0.47610 0.83135 1.00000 0.62699 0.65813 0.66038 0.57211 0.50794 0.50000 0.47110 0.86405 0.60512 0.40541 0.66857 0.47143 0.99361 0.49705 0.33626 0.00000 0.65625 0.86469 1.00000 0.48594 0.48668
245.00000 112.00000 0.23817 0.29691 1.00000 0.59794 0.63676 0.70321 0.69162 0.61718 0.61509 0.61412 0.85334 0.65526 0.89189 0.75977 0.61357 0.99380 0.67777 0.12533 1.00000 0.70833 0.85412 1.00000 0.63237 0.63600
245.00000 113.00000 0.83336 0.99952 1.00000 0.06027 0.18240 0.35587 0.25528 0.14659 0.14403 0.13804 0.65090 0.29559 0.24324 0.46091 0.13555 0.99344 0.52504 0.38075 0.00000 0.33333 0.65116 1.00000 0.15844 0.16433
245.00000 114.00000 0.83332 0.99774 1.00000 0.06027 0.18809 0.33751 0.27955 0.14659 0.14403 0.13696 0.65090 0.30120 0.24324 0.46336 0.13633 0.99366 0.52559 0.36614 0.00000 0.31250 0.65116 1.00000 0.16084 0.16596
245.00000 115.00000 0.83330 0.99762 1.00000 0.06027 0.18681 0.33019 0.25146 0.14659 0.14403 0.13885 0.65090 0.29416 0.24324 0.47231 0.13575 0.99347 0.52947 0.36343 0.00000 0.32292 0.65116 1.00000 0.16324 0.16572
245.00000 116.00000 0.59512 0.73634 0.00000 0.23809 0.01587 0.05163 0.07276 0.29318 0.20881 0.09439 0.00127 0.02480 0.02703 0.04479 0.08842 0.00193 0.06574 0.94793 0.00000 0.05208 0.00000 0.00000 0.14232 0.14575
245.00000 117.00000 0.99984 0.99846 1.00000 0.00000 0.13176 0.32523 0.26828 0.00000 0.00000 0.00272 0.62751 0.27977 0.24324 0.49349 0.00325 0.99317 0.57198 0.36823 0.00000 0.28125 0.62791 1.00000 0.01337 0.01994
245.00000 118.00000 0.99980 0.99762 1.00000 0.00000 0.13102 0.29270 0.24363 0.00000 0.00000 0.00387 0.62732 0.28386 0.24324 0.47394 0.00282 0.99319 0.57309 0.38166 0.00000 0.29167 0.62791 1.00000 0.01097 0.01730
245.00000 119.00000 0.47621 0.83135 1.00000 0.62699 0.66355 0.63359 0.56203 0.50794 0.50000 0.46948 0.86411 0.60328 0.40541 0.67020 0.47112 0.99347 0.51183 0.32956 0.00000 0.65625 0.86469 1.00000 0.48663 0.49199
245.00000 120.00000 0.00006 0.00000 1.00000 1.00000 0.98486 0.94544 0.92721 1.00000 1.00000 0.99356 0.99943 0.88073 1.00000 0.93485 0.99427 0.99352 0.69315 0.04602 1.00000 0.94792 1.00000 1.00000 0.98251 0.97809
245.00000 121.00000 0.99989 0.99905 1.00000 0.00000 0.13781 0.29189 0.25858 0.00000 0.00063 0.00508 0.62740 0.28022 0.24324 0.48697 0.00332 0.99341 0.57633 0.38122 0.00000 0.29167 0.62791 1.00000 0.01200 0.00879
245.00000 122.00000 0.47613 0.83314 1.00000 0.62699 0.66052 0.66277 0.55334 0.50794 0.50000 0.47167 0.86424 0.60987 0.40541 0.67264 0.47074 0.99361 0.52466 0.33051 0.00000 0.64583 0.86469 1.00000 0.48800 0.49043
245.00000 123.00000 0.99980 0.99893 1.00000 0.00000 0.12799 0.30475 0.26366 0.00000 0.00063 0.00630 0.62751 0.27255 0.24324 0.47313 0.00406 0.99317 0.55693 0.39865 0.00000 0.29167 0.62791 1.00000 0.00995 0.02273
245.00000 124.00000 0.59519 0.73789 0.00000 0.23809 0.01257 0.06065 0.08668 0.29318 0.20881 0.09267 0.00141 0.02122 0.02703 0.05700 0.08893 0.00198 0.07340 0.94786 0.00000 0.03125 0.00000 0.00000 0.13923 0.14069
245.00000 125.00000 0.59515 0.73694 0.00000 0.23809 0.01587 0.05171 0.07840 0.29318 0.20881 0.09140 0.00125 0.02095 0.02703 0.04235 0.08938 0.00182 0.08316 0.93970 0.00000 0.05208 0.00000 0.00000 0.14335 0.14565
245.00000 126.00000 0.83317 0.99810 1.00000 0.06027 0.18956 0.32418 0.25569 0.14659 0.14403 0.13808 0.65094 0.29913 0.24324 0.48290 0.13633 0.99358 0.52830 0.37386 0.00000 0.32292 0.65116 1.00000 0.15981 0.15820
245.00000 127.00000 0.47607 0.83135 1.00000 0.62699 0.66208 0.66916 0.55315 0.50794 0.50000 0.47275 0.86407 0.60445 0.40541 0.67590 0.47049 0.99363 0.51995 0.33846 0.00000 0.66667 0.86469 1.00000 0.48868 0.49080
245.00000 128.00000 0.99994 0.99762 1.00000 0.00000 0.13176 0.29137 0.25995 0.00000 0.00063 0.00544 0.62751 0.27624 0.24324 0.49104 0.00464 0.99328 0.57609 0.37551 0.00000 0.28125 0.62791 1.00000 0.01612 0.02003
245.00000 129.00000 0.99986 0.99846 1.00000 0.00000 0.13680 0.29814 0.24428 0.00000 0.00063 0.00344 0.62738 0.27728 0.24324 0.49267 0.00345 0.99319 0.57957 0.39052 0.00000 0.30208 0.62791 1.00000 0.01269 0.01499
245.00000 130.00000 0.23822 0.29857 1.00000 0.59794 0.64153 0.71112 0.68786 0.61718 0.61572 0.61536 0.85349 0.65694 0.89189 0.75651 0.61332 0.99355 0.69144 0.12793 1.00000 0.68750 0.85412 1.00000 0.62997 0.63566
245.00000 131.00000 0.23824 0.29691 1.00000 0.59794 0.63409 0.67596 0.69576 0.61718 0.61509 0.61374 0.85347 0.65336 0.89189 0.76710 0.61474 0.99361 0.69434 0.12976 1.00000 0.69792 0.85412 1.00000 0.63100 0.62778
245.00000 132.00000 0.59514 0.73836 0.00000 0.23809 0.01385 0.06282 0.07259 0.29318 0.20881 0.09253 0.00139 0.02414 0.02703 0.06433 0.08969 0.00207 0.07140 0.94698 0.00000 0.04167 0.00000 0.00000 0.13855 0.13885
245.00000 133.00000 0.99990 0.99952 1.00000 0.00000 0.13010 0.31359 0.24789 0.00000 0.00063 0.00286 0.62753 0.27278 0.24324 0.48779 0.00383 0.99344 0.57919 0.39181 0.00000 0.30208 0.62791 1.00000 0.00789 0.02347
245.00000 134.00000 0.59513 0.73634 0.00000 0.23809 0.01193 0.06344 0.07026 0.29318 0.20881 0.09028 0.00139 0.02373 0.02703 0.04967 0.08898 0.00201 0.08711 0.95237 0.00000 0.07292 0.00000 0.00000 0.14060 0.15120
245.00000 135.00000 0.99985 0.99976 1.00000 0.00000 0.13093 0.30180 0.24996 0.00000 0.00000 0.00444 0.62766 0.27540 0.24324 0.48534 0.00411 0.99344 0.58688 0.37866 0.00000 0.29167 0.62791 1.00000 0.01989 0.02109
245.00000 136.00000 0.59518 0.73694 0.00000 0.23809 0.01119 0.04142 0.07599 0.29318 0.20881 0.09171 0.00144 0.02508 0.02703 0.06433 0.08916 0.00212 0.07871 0.95518 0.00000 0.04167 0.00000 0.00000 0.14129 0.14074
245.00000 137.00000 0.00003 0.00119 1.00000 1.00000 0.98477 0.93222 0.93504 1.00000 1.00000 0.99377 0.99939 0.88311 1.00000 0.92997 0.99622 0.99358 0.70315 0.04958 1.00000 0.92708 1.00000 1.00000 0.97805 0.98082
245.00000 138.00000 0.59531 0.73860 0.00000 0.23809 0.01156 0.03960 0.05705 0.29318 0.20881 0.09198 0.00131 0.02467 0.02703 0.05456 0.09037 0.00204 0.07329 0.95269 0.00000 0.04167 0.00000 0.00000 0.13615 0.14379
245.00000 139.00000 0.47617 0.83171 1.00000 0.62699 0.65722 0.65878 0.55750 0.50794 0.50000 0.47119 0.86411 0.60448 0.40541 0.66938 0.47023 0.99363 0.51571 0.34692 0.00000 0.63542 0.86469 1.00000 0.48868 0.49234
245.00000 140.00000 0.83331 0.99762 1.00000 0.06027 0.18772 0.33377 0.26843 0.14659 0.14403 0.13656 0.65088 0.30266 0.24324 0.46010 0.13593 0.99352 0.53506 0.37083 0.00000 0.32292 0.65116 1.00000 0.15775 0.16186
245.00000 141.00000 0.23818 0.29822 1.00000 0.59794 0.64024 0.70549 0.68644 0.61718 0.61509 0.61415 0.85334 0.65018 0.89189 0.74593 0.61476 0.99374 0.67975 0.11629 1.00000 0.70833 0.85412 1.00000 0.62894 0.62984
245.00000 142.00000 0.47621 0.83171 1.00000 0.62699 0.66327 0.66350 0.55820 0.50794 0.50000 0.47131 0.86422 0.61054 0.40541 0.68322 0.47150 0.99369 0.52411 0.33850 0.00000 0.65625 0.86469 1.00000 0.49211 0.49147
245.00000 143.00000 0.23824 0.29691 1.00000 0.59794 0.63749 0.69812 0.68418 0.61718 0.61509 0.61388 0.85360 0.65465 0.89189 0.76059 0.61395 0.99380 0.68422 0.12654 1.00000 0.69792 0.85412 1.00000 0.62826 0.62653
245.00000 144.00000 0.23808 0.29691 1.00000 0.59794 0.63731 0.67720 0.70628 0.61718 0.61509 0.61255 0.85353 0.65681 0.89189 0.74756 0.61461 0.99374 0.69808 0.13921 1.00000 0.68750 0.85412 1.00000 0.62346 0.63224
245.00000 145.00000 0.83326 0.99762 1.00000 0.06027 0.18543 0.32307 0.26633 0.14659 0.14403 0.13675 0.65090 0.30329 0.24324 0.47313 0.13598 0.99358 0.54660 0.35267 0.00000 0.33333 0.65116 1.00000 0.15055 0.16512
245.00000 146.00000 0.59530 0.73634 0.00000 0.23809 0.00899 0.06290 0.05630 0.29318 0.20881 0.09222 0.00146 0.02597 0.02703 0.05130 0.08885 0.00223 0.07024 0.94885 0.00000 0.03125 0.00000 0.00000 0.14403 0.14226
245.00000 147.00000 0.59521 0.73658 0.00000 0.23809 0.01633 0.04703 0.08530 0.29318 0.20881 0.09152 0.00144 0.02837 0.02703 0.05619 0.08852 0.00223 0.07833 0.94347 0.00000 0.04167 0.00000 0.00000 0.14300 0.14678
245.00000 148.00000 0.99985 0.99857 1.00000 0.00000 0.13249 0.30118 0.25201 0.00000 0.00063 0.00430 0.62753 0.28703 0.24324 0.48860 0.00416 0.99339 0.57602 0.37928 0.00000 0.30208 0.62791 1.00000 0.02092 0.01827
245.00000 149.00000 0.99993 0.99762 1.00000 0.00000 0.12909 0.30402 0.25307 0.00000 0.00063 0.00422 0.62776 0.28069 0.24324 0.49267 0.00292 0.99347 0.58987 0.38166 0.00000 0.30208 0.62791 1.00000 0.01029 0.02125
245.00000 150.00000 0.47619 0.83135 1.00000 0.62699 0.66566 0.68097 0.54761 0.50794 0.50000 0.47263 0.86413 0.61024 0.37838 0.67997 0.47125 0.99344 0.53480 0.32279 0.00000 0.65625 0.86469 1.00000 0.48388 0.49483
245.00000 151.00000 0.83335 0.99762 1.00000 0.06027 0.18717 0.35365 0.27865 0.14659 0.14403 0.13708 0.65096 0.30338 0.24324 0.48127 0.13616 0.99366 0.51942 0.38097 0.00000 0.33333 0.65116 1.00000 0.16735 0.16394
245.00000 152.00000 0.99999 0.99762 1.00000 0.00000 0.13799 0.28907 0.27066 0.00000 0.00000 0.00353 0.62761 0.28303 0.24324 0.48208 0.00375 0.99352 0.58690 0.38657 0.00000 0.28125 0.62791 1.00000 0.01509 0.01774
245.00000 153.00000 0.00005 0.00048 1.00000 1.00000 0.98697 0.91911 0.93752 1.00000 1.00000 0.99348 0.99960 0.87628 1.00000 0.93648 0.99406 0.99347 0.70529 0.05346 1.00000 0.95833 1.00000 1.00000 0.98354 0.98506
245.00000 154.00000 0.47606 0.83147 1.00000 0.62699 0.66446 0.67143 0.56212 0.50794 0.50000 0.47244 0.86405 0.60608 0.40541 0.68730 0.47084 0.99380 0.51500 0.34659 0.00000 0.65625 0.86469 1.00000 0.48491 0.48275
245.00000 155.00000 0.23806 0.29691 1.00000 0.59794 0.63437 0.71675 0.68045 0.61718 0.61572 0.61474 0.85360 0.64958 0.89189 0.76466 0.61311 0.99372 0.68541 0.12720 1.00000 0.70833 0.85412 1.00000 0.62209 0.63065
245.00000 156.00000 0.99981 0.99881 1.00000 0.00000 0.13396 0.29934 0.24650 0.00000 0.00063 0.00432 0.62757 0.28309 0.24324 0.49023 0.00264 0.99361 0.58597 0.38459 0.00000 0.29167 0.62791 1.00000 0.01920 0.01548
245.00000 157.00000 0.59509 0.73848 0.00000 0.23809 0.01734 0.04321 0.05664 0.29318 0.20881 0.09222 0.00148 0.03205 0.02703 0.05456 0.08989 0.00196 0.07324 0.96112 0.00000 0.04167 0.00000 0.00000 0.13203 0.14573
245.00000 158.00000 0.00001 0.00036 1.00000 1.00000 0.97715 0.92662 0.91826 1.00000 1.00000 0.99193 0.99937 0.87765 1.00000 0.92264 0.99432 0.99344 0.70779 0.04394 1.00000 0.93750 1.00000 1.00000 0.98251 0.98477
245.00000 159.00000 0.23818 0.29691 1.00000 0.59794 0.63382 0.72458 0.70972 0.61718 0.61509 0.61474 0.85351 0.65314 0.89189 0.75896 0.61400 0.99369 0.68722 0.12888 1.00000 0.70833 0.85412 1.00000 0.63032 0.62643
245.00000 160.00000 0.59518 0.73634 0.00000 0.23809 0.01119 0.05794 0.07531 0.29318 0.20881 0.09117 0.00158 0.03099 0.02703 0.03746 0.08870 0.00218 0.06867 0.95244 0.00000 0.04167 0.00000 0.00000 0.14266 0.14591
245.00000 161.00000 0.99981 0.99762 1.00000 0.00000 0.13295 0.31871 0.25834 0.00000 0.00063 0.00410 0.62766 0.28831 0.24324 0.48046 0.00327 0.99341 0.58250 0.38210 0.00000 0.30208 0.62791 1.00000 0.01200 0.01934
245.00000 162.00000 0.83325 0.99881 1.00000 0.06027 0.18314 0.34899 0.24715 0.14659 0.14403 0.13715 0.65103 0.30534 0.24324 0.48779 0.13641 0.99374 0.55536 0.36929 0.00000 0.33333 0.65116 1.00000 0.16255 0.16392
245.00000 163.00000 0.47620 0.83135 1.00000 0.62699 0.66657 0.65700 0.55748 0.50794 0.50000 0.46960 0.86426 0.61251 0.40541 0.66857 0.47018 0.99374 0.53789 0.32795 0.00000 0.65625 0.86469 1.00000 0.49280 0.48511
245.00000 164.00000 0.00001 0.00000 1.00000 1.00000 0.98715 0.92770 0.94021 1.00000 1.00000 0.99267 0.99951 0.87994 1.00000 0.93811 0.99437 0.99355 0.70298 0.03724 1.00000 0.94792 1.00000 1.00000 0.97840 0.98266
245.00000 165.00000 0.00000 0.00202 1.00000 1.00000 0.98881 0.95482 0.93388 1.00000 1.00000 0.99485 0.99945 0.88229 1.00000 0.90879 0.99384 0.99361 0.71719 0.04009 1.00000 0.94792 1.00000 1.00000 0.98182 0.97599
245.00000 166.00000 0.99985 0.99762 1.00000 0.00000 0.13460 0.31470 0.25800 0.00000 0.00063 0.00444 0.62763 0.28485 0.24324 0.49104 0.00261 0.99358 0.58711 0.37233 0.00000 0.29167 0.62791 1.00000 0.01852 0.01785
245.00000 167.00000 0.00003 0.00000 1.00000 1.00000 0.98761 0.95072 0.93554 1.00000 1.00000 0.99372 0.99939 0.87816 1.00000 0.93322 0.99465 0.99339 0.70926 0.05133 1.00000 0.92708 1.00000 1.00000 0.98320 0.98555
245.00000 168.00000 0.23823 0.29691 1.00000 0.59794 0.64355 0.68227 0.69039 0.61718 0.61572 0.61465 0.85349 0.65055 0.89189 0.75570 0.61362 0.99380 0.68004 0.13760 1.00000 0.70833 0.85412 1.00000 0.62414 0.63712
245.00000 169.00000 0.23821 0.29691 1.00000 0.59794 0.64006 0.72209 0.71381 0.61718 0.61572 0.61252 0.85347 0.64940 0.89189 0.76221 0.61349 0.99374 0.67896 0.12339 1.00000 0.71875 0.85412 1.00000 0.62826 0.62387
245.00000 170.00000 0.83318 0.99976 1.00000 0.06027 0.18442 0.34089 0.26443 0.14659 0.14403 0.13875 0.65115 0.29398 0.24324 0.47883 0.13760 0.99388 0.53813 0.37203 0.00000 0.32292 0.65116 1.00000 0.16427 0.16276
245.00000 171.00000 0.47627 0.83325 1.00000 0.62699 0.66281 0.65659 0.54044 0.50794 0.50000 0.47065 0.86417 0.60725 0.40541 0.68893 0.47122 0.99377 0.51757 0.34578 0.00000 0.66667 0.86469 1.00000 0.48422 0.49115
245.00000 172.00000 0.59525 0.73860 0.00000 0.23809 0.01459 0.05659 0.06318 0.29318 0.20881 0.09181 0.00156 0.02953 0.02703 0.05945 0.09017 0.00229 0.08721 0.95680 0.00000 0.04167 0.00000 0.00000 0.13855 0.14914
245.00000 173.00000 0.00006 0.00000 1.00000 1.00000 0.98660 0.94804 0.93785 1.00000 1.00000 0.99532 0.99939 0.87896 1.00000 0.92915 0.99505 0.99341 0.70650 0.04884 1.00000 0.93750 1.00000 1.00000 0.98457 0.98462
245.00000 174.00000 0.99980 0.99762 1.00000 0.00000 0.13075 0.31803 0.25860 0.00000 0.00063 0.00663 0.62766 0.28644 0.24324 0.50896 0.00391 0.99352 0.59442 0.38796 0.00000 0.30208 0.62791 1.00000 0.01303 0.01999
245.00000 175.00000 0.83324 0.99762 1.00000 0.06027 0.18855 0.32290 0.27004 0.14659 0.14403 0.13563 0.65109 0.30174 0.24324 0.47231 0.13720 0.99372 0.53306 0.37906 0.00000 0.32292 0.65116 1.00000 0.16324 0.16579
245.00000 176.00000 0.23822 0.29691 1.00000 0.59794 0.63850 0.70413 0.71487 0.61718 0.61572 0.61439 0.85347 0.66242 0.89189 0.75733 0.61365 0.99366 0.69444 0.13543 1.00000 0.68750 0.85412 1.00000 0.61831 0.62879
245.00000 177.00000 0.47611 0.83135 1.00000 0.62699 0.65988 0.65429 0.56480 0.50794 0.50000 0.47098 0.86428 0.60841 0.37838 0.68730 0.47031 0.99372 0.54175 0.33754 1.00000 0.65625 0.86469 1.00000 0.49246 0.49644
245.00000 178.00000 0.99986 0.99988 1.00000 0.00000 0.12983 0.30987 0.25820 0.00000 0.00063 0.00267 0.62763 0.28324 0.24324 0.48779 0.00403 0.99374 0.58945 0.38833 0.00000 0.30208 0.62791 1.00000 0.01543 0.01335
245.00000 179.00000 0.83317 0.99881 1.00000 0.06027 0.18864 0.31998 0.26973 0.14659 0.14403 0.13684 0.65099 0.30682 0.27027 0.48127 0.13639 0.99394 0.55148 0.37518 0.00000 0.34375 0.65116 1.00000 0.15569 0.16147
245.00000 180.00000 0.83327 0.99810 1.00000 0.06027 0.18791 0.35950 0.26532 0.14659 0.14403 0.13575 0.65105 0.30855 0.24324 0.47801 0.13707 0.99383 0.55924 0.36914 0.00000 0.33333 0.65116 1.00000 0.16804 0.16300
245.00000 181.00000 0.59512 0.73634 0.00000 0.23809 0.01110 0.05594 0.06677 0.29318 0.20881 0.09217 0.00158 0.03108 0.02703 0.06596 0.08949 0.00234 0.07888 0.95702 0.00000 0.04167 0.00000 0.00000 0.13134 0.14266
245.00000 182.00000 0.99998 0.99762 1.00000 0.00000 0.13423 0.30649 0.27189 0.00000 0.00000 0.00315 0.62776 0.28318 0.24324 0.49104 0.00228 0.99377 0.60377 0.38258 0.00000 0.30208 0.62791 1.00000 0.01783 0.02047
245.00000 183.00000 0.00000 0.00226 1.00000 1.00000 0.98624 0.94143 0.93891 1.00000 1.00000 0.99356 0.99943 0.89025 1.00000 0.93160 0.99363 0.99355 0.71636 0.04145 1.00000 0.93750 1.00000 1.00000 0.97428 0.97877
245.00000 184.00000 0.99988 0.99762 1.00000 0.00000 0.13699 0.30234 0.25675 0.00000 0.00063 0.00487 0.62780 0.29177 0.24324 0.49023 0.00446 0.99369 0.58231 0.38368 0.00000 0.30208 0.62791 1.00000 0.01166 0.01820
245.00000 185.00000 0.83331 0.99774 1.00000 0.06027 0.18947 0.35026 0.26766 0.14659 0.14403 0.13746 0.65113 0.31085 0.24324 0.47801 0.13659 0.99405 0.55517 0.36735 0.00000 0.35417 0.65116 1.00000 0.15775 0.15975
245.00000 186.00000 0.99990 0.99762 1.00000 0.00000 0.13377 0.31291 0.25264 0.00000 0.00063 0.00530 0.62772 0.28550 0.24324 0.49349 0.00236 0.99374 0.60494 0.38902 0.00000 0.30208 0.62791 1.00000 0.01166 0.02123
245.00000 187.00000 0.59523 0.73872 0.00000 0.23809 0.01202 0.05353 0.06017 0.29318 0.20881 0.09155 0.00167 0.03375 0.02703 0.06026 0.08903 0.00215 0.09021 0.95804 0.00000 0.05208 0.00000 0.00000 0.13615 0.14471
245.00000 188.00000 0.59512 0.73705 0.00000 0.23809 0.01808 0.06691 0.08006 0.29318 0.20881 0.09124 0.00177 0.03083 0.02703 0.06352 0.08893 0.00251 0.09994 0.94768 0.00000 0.06250 0.00000 0.00000 0.14026 0.13875
245.00000 189.00000 0.59523 0.73634 0.00000 0.23809 0.02156 0.05356 0.08388 0.29318 0.20881 0.09281 0.00175 0.03051 0.02703 0.07166 0.09048 0.00237 0.08264 0.95874 0.00000 0.05208 0.00000 0.00000 0.13615 0.13722
245.00000 190.00000 0.59519 0.73800 0.00000 0.23809 0.01514 0.06512 0.07681 0.29318 0.20881 0.09248 0.00173 0.03079 0.02703 0.06270 0.08977 0.00215 0.09378 0.95764 0.00000 0.04167 0.00000 0.00000 0.14540 0.14607
245.00000 191.00000 0.23821 0.29846 1.00000 0.59794 0.63841 0.71746 0.71020 0.61718 0.61572 0.61465 0.85347 0.65952 0.89189 0.75977 0.61354 0.99391 0.69320 0.13397 1.00000 0.69792 0.85412 1.00000 0.62620 0.62626
245.00000 192.00000 0.47609 0.83135 1.00000 0.62699 0.66685 0.65440 0.56496 0.50794 0.50000 0.47112 0.86419 0.61093 0.40541 0.67997 0.46912 0.99396 0.53742 0.34424 0.00000 0.64583 0.86469 1.00000 0.48868 0.49201
245.00000 193.00000 0.00004 0.00154 1.00000 1.00000 0.98303 0.94262 0.94849 1.00000 1.00000 0.99227 0.99943 0.88877 1.00000 0.94463 0.99409 0.99352 0.72031 0.04423 1.00000 0.95833 1.00000 1.00000 0.97874 0.97801
245.00000 194.00000 0.23821 0.29691 1.00000 0.59794 0.64281 0.69145 0.71152 0.61718 0.61572 0.61188 0.85362 0.65402 0.89189 0.76303 0.61382 0.99391 0.69505 0.13569 1.00000 0.70833 0.85412 1.00000 0.62346 0.62484
245.00000 195.00000 0.00004 0.00000 1.00000 1.00000 0.98881 0.95113 0.94247 1.00000 1.00000 0.99165 0.99954 0.89024 1.00000 0.94381 0.99366 0.99350 0.72859 0.04544 1.00000 0.94792 1.00000 1.00000 0.97737 0.97842
245.00000 196.00000 0.47612 0.83135 1.00000 0.62699 0.66804 0.65732 0.55074 0.50794 0.50000 0.47217 0.86434 0.61570 0.37838 0.69707 0.47054 0.99383 0.54568 0.33875 0.00000 0.66667 0.86469 1.00000 0.48903 0.49535
245.00000 197.00000 0.23807 0.29703 1.00000 0.59794 0.64666 0.70348 0.70758 0.61718 0.61572 0.61379 0.85353 0.65680 0.89189 0.77850 0.61443 0.99396 0.69503 0.12522 1.00000 0.71875 0.85412 1.00000 0.63134 0.62855
245.00000 198.00000 0.99995 0.99762 1.00000 0.00000 0.13442 0.31028 0.25834 0.00000 0.00063 0.00444 0.62797 0.28690 0.24324 0.50570 0.00274 0.99385 0.59428 0.40411 0.00000 0.29167 0.62791 1.00000 0.01337 0.02127
245.00000 199.00000 0.99998 0.99762 1.00000 0.00000 0.12955 0.31675 0.27334 0.00000 0.00063 0.00322 0.62799 0.28305 0.24324 0.50570 0.00287 0.99385 0.59961 0.38950 0.00000 0.30208 0.62791 1.00000 0.01543 0.01557
245.00000 200.00000 0.23819 0.29691 1.00000 0.59794 0.63740 0.71946 0.70914 0.61718 0.61572 0.61353 0.85362 0.66427 0.89189 0.77606 0.61390 0.99396 0.69820 0.12083 1.00000 0.71875 0.85412 1.00000 0.62860 0.62627
245.00000 201.00000 0.83324 0.99869 1.00000 0.06027 0.19405 0.32174 0.26335 0.14659 0.14403 0.13749 0.65137 0.31785 0.24324 0.48453 0.13720 0.99421 0.56048 0.39148 0.00000 0.33333 0.65116 1.00000 0.15569 0.15943
245.00000 202.00000 0.23811 0.29691 1.00000 0.59794 0.63648 0.70362 0.71355 0.61718 0.61572 0.61334 0.85355 0.65855 0.89189 0.77036 0.61306 0.99383 0.69246 0.13335 1.00000 0.70833 0.85412 1.00000 0.62449 0.62891
245.00000 203.00000 0.23805 0.29691 1.00000 0.59794 0.63657 0.71483 0.71384 0.61718 0.61572 0.61248 0.85355 0.66711 0.89189 0.77769 0.61367 0.99385 0.71045 0.13229 1.00000 0.70833 0.85412 1.00000 0.62620 0.62772
245.00000 204.00000 0.47616 0.83135 1.00000 0.62699 0.66300 0.64811 0.55839 0.50794 0.50000 0.47215 0.86434 0.61402 0.40541 0.68893 0.47029 0.99383 0.54741 0.33707 1.00000 0.66667 0.86469 1.00000 0.48422 0.49119
245.00000 205.00000 0.83327 0.99846 1.00000 0.06027 0.19782 0.37028 0.28453 0.14659 0.14403 0.13660 0.65134 0.31496 0.24324 0.46987 0.13423 0.99410 0.54463 0.37639 0.00000 0.34375 0.65116 1.00000 0.15878 0.15853
245.00000 206.00000 0.99989 0.99762 1.00000 0.00000 0.13643 0.31781 0.26794 0.00000 0.00063 0.00535 0.62787 0.29121 0.24324 0.50651 0.00307 0.99380 0.58814 0.39430 0.00000 0.31250 0.62791 1.00000 0.01337 0.02043
245.00000 207.00000 0.47611 0.83135 1.00000 0.62699 0.66382 0.68511 0.57413 0.50794 0.50000 0.47115 0.86441 0.62117 0.40541 0.69544 0.46978 0.99396 0.55522 0.33798 1.00000 0.64583 0.86469 1.00000 0.48834 0.49110
245.00000 208.00000 0.23810 0.29715 1.00000 0.59794 0.63703 0.71906 0.70844 0.61718 0.61572 0.61171 0.85372 0.66639 0.89189 0.77199 0.61390 0.99391 0.70960 0.13284 1.00000 0.69792 0.85412 1.00000 0.62071 0.62729
245.00000 209.00000 0.83317 0.99762 1.00000 0.06027 0.19387 0.35194 0.29950 0.14659 0.14403 0.13722 0.65137 0.31451 0.24324 0.47720 0.13654 0.99432 0.56614 0.37390 0.00000 0.32292 0.65116 1.00000 0.15638 0.16414
245.00000 210.00000 0.59531 0.73800 0.00000 0.23809 0.01716 0.05480 0.08176 0.29318 0.20881 0.09233 0.00192 0.03412 0.02703 0.06678 0.08933 0.00278 0.10582 0.96254 0.00000 0.05208 0.00000 0.00000 0.13683 0.14550
245.00000 211.00000 0.00004 0.00154 1.00000 1.00000 0.99174 0.95427 0.94541 1.00000 1.00000 0.99062 0.99951 0.88971 1.00000 0.95521 0.99308 0.99369 0.72747 0.04767 1.00000 0.94792 1.00000 1.00000 0.97634 0.97427
245.00000 212.00000 0.99979 0.99964 1.00000 0.00000 0.13194 0.30651 0.25487 0.00000 0.00063 0.00475 0.62808 0.28622 0.24324 0.51710 0.00322 0.99416 0.60432 0.38478 0.00000 0.32292 0.62791 1.00000 0.01475 0.01307
245.00000 213.00000 0.99996 0.99917 1.00000 0.00000 0.13524 0.30955 0.28024 0.00000 0.00063 0.00437 0.62808 0.29269 0.24324 0.50326 0.00408 0.99402 0.60925 0.39525 0.00000 0.29167 0.62791 1.00000 0.01166 0.01814
245.00000 214.00000 0.47628 0.83135 1.00000 0.62699 0.66034 0.66699 0.56123 0.50794 0.50000 0.47143 0.86445 0.62477 0.37838 0.68730 0.46980 0.99410 0.55429 0.35201 1.00000 0.67708 0.86469 1.00000 0.48697 0.48985
245.00000 215.00000 0.99978 0.99762 1.00000 0.00000 0.13506 0.31927 0.28730 0.00000 0.00063 0.00358 0.62799 0.29319 0.24324 0.50244 0.00406 0.99405 0.61499 0.39821 0.00000 0.31250 0.62791 1.00000 0.00995 0.01580
245.00000 216.00000 0.47626 0.83183 1.00000 0.62699 0.66474 0.67964 0.59269 0.50794 0.50000 0.46948 0.86451 0.61841 0.37838 0.69381 0.46932 0.99421 0.55631 0.35292 1.00000 0.66667 0.86469 1.00000 0.48560 0.48557
245.00000 217.00000 0.83332 0.99976 1.00000 0.06027 0.19112 0.36478 0.27738 0.14659 0.14403 0.13758 0.65168 0.31569 0.24324 0.49186 0.13644 0.99449 0.57071 0.38111 0.00000 0.35417 0.65116 1.00000 0.15844 0.15933
245.00000 218.00000 0.83333 0.99762 1.00000 0.06027 0.18956 0.36077 0.27723 0.14659 0.14403 0.13684 0.65153 0.32706 0.24324 0.49511 0.13542 0.99465 0.58131 0.38965 0.00000 0.34375 0.65116 1.00000 0.16084 0.16130
245.00000 219.00000 0.00004 0.00000 1.00000 1.00000 0.98945 0.94785 0.95003 1.00000 1.00000 0.99201 0.99947 0.89371 1.00000 0.95928 0.99140 0.99363 0.73473 0.04811 1.00000 0.94792 1.00000 1.00000 0.97325 0.97448
245.00000 220.00000 0.99997 0.99762 1.00000 0.00000 0.13671 0.32006 0.27740 0.00000 0.00063 0.00253 0.62818 0.29631 0.24324 0.48779 0.00246 0.99427 0.60561 0.40015 0.00000 0.30208 0.62791 1.00000 0.01680 0.01956
245.00000 221.00000 0.23812 0.29846 1.00000 0.59794 0.64244 0.72819 0.71051 0.61718 0.61572 0.61221 0.85368 0.66502 0.89189 0.80130 0.61273 0.99383 0.73590 0.14041 1.00000 0.71875 0.85412 1.00000 0.62449 0.62260
245.00000 222.00000 0.47627 0.83254 1.00000 0.62699 0.67052 0.67509 0.59358 0.50794 0.50000 0.47026 0.86441 0.62162 0.37838 0.69951 0.46950 0.99413 0.55560 0.34838 1.00000 0.66667 0.86469 1.00000 0.47977 0.48491
245.00000 223.00000 0.99991 0.99869 1.00000 0.00000 0.13781 0.32477 0.29656 0.00000 0.00063 0.00310 0.62816 0.29513 0.24324 0.50733 0.00264 0.99424 0.62705 0.40451 0.00000 0.31250 0.62791 1.00000 0.01440 0.01751
245.00000 224.00000 0.23820 0.29739 1.00000 0.59794 0.64143 0.72190 0.70649 0.61718 0.61572 0.61303 0.85364 0.66820 0.89189 0.79316 0.61405 0.99399 0.72785 0.14561 1.00000 0.71875 0.85412 1.00000 0.61968 0.62615
245.00000 225.00000 0.99985 0.99762 1.00000 0.00000 0.13451 0.33171 0.26494 0.00000 0.00063 0.00403 0.62818 0.29953 0.24324 0.50814 0.00365 0.99430 0.62922 0.39807 0.00000 0.32292 0.62791 1.00000 0.00960 0.02284
245.00000 226.00000 0.99989 0.99988 1.00000 0.00000 0.13717 0.33344 0.27618 0.00000 0.00063 0.00587 0.62823 0.29506 0.24324 0.51384 0.00254 0.99435 0.62139 0.40004 0.00000 0.30208 0.62791 1.00000 0.01337 0.01651
245.00000 227.00000 0.47615 0.83195 1.00000 0.62699 0.66786 0.70795 0.56675 0.50794 0.50000 0.47031 0.86447 0.62757 0.37838 0.71906 0.46919 0.99408 0.55753 0.34234 1.00000 0.66667 0.86469 1.00000 0.48285 0.48854
245.00000 228.00000 0.83324 0.99834 1.00000 0.06027 0.19699 0.34225 0.28275 0.14659 0.14403 0.13801 0.65177 0.33013 0.24324 0.50407 0.13649 0.99476 0.59411 0.37983 0.00000 0.36458 0.65116 1.00000 0.15158 0.15536
245.00000 229.00000 0.99985 0.99762 1.00000 0.00000 0.13634 0.32973 0.28648 0.00000 0.00063 0.00425 0.62827 0.29828 0.24324 0.51221 0.00297 0.99435 0.62989 0.40847 0.00000 0.30208 0.62791 1.00000 0.00549 0.01406
245.00000 230.00000 0.99988 0.99810 1.00000 0.00000 0.13754 0.32234 0.27389 0.00000 0.00063 0.00294 0.62829 0.29700 0.24324 0.50244 0.00190 0.99452 0.62479 0.40810 0.00000 0.32292 0.62791 1.00000 0.01680 0.01574
245.00000 231.00000 0.99992 0.99762 1.00000 0.00000 0.13313 0.30446 0.26744 0.00000 0.00063 0.00401 0.62833 0.30091 0.24324 0.52443 0.00297 0.99443 0.62222 0.39675 0.00000 0.30208 0.62791 1.00000 0.00412 0.02163
245.00000 232.00000 0.23809 0.29857 1.00000 0.59794 0.64437 0.71508 0.71547 0.61718 0.61572 0.61193 0.85370 0.66976 0.89189 0.78909 0.61451 0.99399 0.71814 0.16359 1.00000 0.71875 0.85412 1.00000 0.61900 0.62360
245.00000 233.00000 0.47628 0.83135 1.00000 0.62699 0.66327 0.67027 0.58800 0.50794 0.50000 0.46907 0.86455 0.63108 0.37838 0.69788 0.46777 0.99421 0.56822 0.35402 0.00000 0.65625 0.86469 1.00000 0.48560 0.48522
245.00000 234.00000 0.23806 0.29834 1.00000 0.59794 0.63887 0.71654 0.73735 0.61718 0.61572 0.61353 0.85368 0.67208 0.89189 0.78909 0.61324 0.99396 0.73414 0.15155 1.00000 0.72917 0.85412 1.00000 0.62243 0.61884
245.00000 235.00000 0.99998 0.99762 1.00000 0.00000 0.13084 0.32591 0.28227 0.00000 0.00063 0.00298 0.62837 0.30107 0.24324 0.51954 0.00282 0.99449 0.64281 0.39829 0.00000 0.30208 0.62791 1.00000 0.01372 0.01870
245.00000 236.00000 0.99980 0.99762 1.00000 0.00000 0.13598 0.31852 0.28758 0.00000 0.00063 0.00179 0.62844 0.30303 0.24324 0.51221 0.00317 0.99460 0.63450 0.41169 0.00000 0.31250 0.62791 1.00000 0.01337 0.02232
245.00000 237.00000 0.59516 0.73634 0.00000 0.23809 0.01780 0.06986 0.08670 0.29318 0.20881 0.09057 0.00220 0.04629 0.02703 0.07655 0.08802 0.00306 0.12582 0.97679 0.00000 0.06250 0.00000 0.00000 0.13615 0.14173
245.00000 238.00000 0.47621 0.83135 1.00000 0.62699 0.66823 0.69018 0.56689 0.50794 0.50000 0.47038 0.86472 0.63621 0.40541 0.71987 0.46945 0.99430 0.56922 0.34904 1.00000 0.67708 0.86469 1.00000 0.47942 0.48515
245.00000 239.00000 0.47610 0.83135 1.00000 0.62699 0.66538 0.66518 0.58891 0.50794 0.50000 0.47084 0.86462 0.62953 0.40541 0.71091 0.46881 0.99460 0.58866 0.35062 1.00000 0.66667 0.86469 1.00000 0.48491 0.48542
245.00000 240.00000 0.59517 0.73634 0.00000 0.23809 0.02184 0.08376 0.08429 0.29318 0.20881 0.09031 0.00226 0.03549 0.00000 0.07329 0.08913 0.00309 0.12441 0.96818 0.00000 0.05208 0.00000 0.00000 0.13923 0.13943
245.00000 241.00000 0.47621 0.83135 1.00000 0.62699 0.66465 0.67412 0.56901 0.50794 0.50000 0.47062 0.86474 0.63332 0.40541 0.70440 0.46945 0.99460 0.58721 0.34241 1.00000 0.66667 0.86469 1.00000 0.48320 0.49183
245.00000 242.00000 0.99979 0.99762 1.00000 0.00000 0.13497 0.33639 0.27531 0.00000 0.00063 0.00413 0.62865 0.31050 0.24324 0.51954 0.00342 0.99471 0.63453 0.39620 0.00000 0.34375 0.62791 1.00000 0.01029 0.01446
245.00000 243.00000 0.47624 0.83242 1.00000 0.62699 0.66951 0.68260 0.58875 0.50794 0.50000 0.46976 0.86472 0.63518 0.37838 0.69381 0.46947 0.99435 0.57481 0.35622 1.00000 0.69792 0.86469 1.00000 0.48525 0.48526
245.00000 244.00000 0.83330 0.99762 1.00000 0.06027 0.19580 0.35560 0.28811 0.14659 0.14465 0.13658 0.65194 0.33022 0.24324 0.50489 0.13598 0.99515 0.60837 0.38287 0.00000 0.35417 0.65116 1.00000 0.14986 0.15771
245.00000 245.00000 0.23820 0.29691 1.00000 0.59794 0.64749 0.72347 0.75167 0.61718 0.61572 0.61193 0.85381 0.67910 0.89189 0.79397 0.61141 0.99410 0.73916 0.15971 1.00000 0.73958 0.85412 1.00000 0.62311 0.62290
245.00000 246.00000 0.23822 0.29846 1.00000 0.59794 0.64988 0.71632 0.72551 0.61718 0.61572 0.61157 0.85374 0.68564 0.89189 0.79072 0.61220 0.99394 0.76548 0.13269 1.00000 0.71875 0.85412 1.00000 0.62174 0.62752
245.00000 247.00000 0.47615 0.83135 1.00000 0.62699 0.66850 0.67829 0.59532 0.50794 0.50000 0.46862 0.86485 0.63072 0.37838 0.71987 0.46828 0.99474 0.58714 0.36013 1.00000 0.66667 0.86469 1.00000 0.47977 0.48974
245.00000 248.00000 0.23820 0.29881 1.00000 0.59794 0.64171 0.71895 0.73709 0.61718 0.61572 0.61303 0.85381 0.67841 0.89189 0.79153 0.61253 0.99410 0.75323 0.14635 1.00000 0.71875 0.85412 1.00000 0.61454 0.62051
245.00000 249.00000 0.99980 0.99988 1.00000 0.00000 0.13699 0.33507 0.30843 0.00000 0.00063 0.00317 0.62871 0.31174 0.24324 0.52687 0.00576 0.99485 0.64474 0.41224 0.00000 0.33333 0.62791 1.00000 0.00823 0.01316
245.00000 250.00000 0.23815 0.29691 1.00000 0.59794 0.64254 0.73369 0.75302 0.61718 0.61572 0.61209 0.85389 0.68710 0.89189 0.79967 0.61083 0.99413 0.75782 0.15539 1.00000 0.72917 0.85412 1.00000 0.62723 0.62078
245.00000 251.00000 0.23811 0.29762 1.00000 0.59794 0.65043 0.72117 0.73516 0.61718 0.61572 0.61159 0.85389 0.68364 0.89189 0.79805 0.61139 0.99435 0.76336 0.13587 1.00000 0.72917 0.85412 1.00000 0.62311 0.62063
245.00000 252.00000 0.59530 0.73634 0.00000 0.23809 0.02129 0.08923 0.10884 0.29318 0.20881 0.08854 0.00266 0.05061 0.02703 0.08876 0.08979 0.00378 0.14871 0.98005 0.00000 0.08333 0.00000 0.00000 0.13820 0.13904
245.00000 253.00000 0.99987 0.99893 1.00000 0.00000 0.13625 0.32691 0.28848 0.00000 0.00063 0.00210 0.62875 0.31718 0.24324 0.53502 0.00322 0.99504 0.66306 0.39993 0.00000 0.32292 0.62791 1.00000 0.00720 0.01762
