33.00000 1.00000 0.37931 0.75000 1.00000 1.00000 0.31024 0.30390 0.24612 1.00000 1.00000 0.67311 0.16667 0.16118 1.00000 0.21429 0.81023 0.22059 0.23269 0.25741 1.00000 0.16667 1.00000 1.00000 0.58915 0.85128
33.00000 2.00000 0.72989 0.83333 1.00000 1.00000 0.31024 0.29039 0.21894 1.00000 0.00000 0.78422 0.21212 0.19595 1.00000 0.22024 0.95309 0.16176 0.19842 0.28819 1.00000 0.25000 1.00000 1.00000 0.63566 0.55841
33.00000 3.00000 0.62069 0.75000 1.00000 1.00000 0.26506 0.29017 0.26435 1.00000 1.00000 0.69887 0.10606 0.20174 1.00000 0.18452 0.64179 0.17647 0.21844 0.17853 1.00000 0.25000 1.00000 1.00000 0.66667 0.55938
33.00000 4.00000 0.50575 0.91667 1.00000 1.00000 0.24096 0.17484 0.30503 1.00000 1.00000 0.68277 0.13636 0.17024 1.00000 0.13690 0.82729 0.10294 0.21958 0.24432 1.00000 0.25000 1.00000 1.00000 0.67442 0.76595
33.00000 5.00000 0.70690 0.83333 1.00000 1.00000 0.18976 0.31415 0.27481 1.00000 1.00000 0.72947 0.13636 0.20547 1.00000 0.12500 0.74840 0.14706 0.25028 0.23471 1.00000 0.25000 1.00000 1.00000 0.65116 0.69069
33.00000 6.00000 0.55172 0.33333 1.00000 1.00000 0.11747 0.14192 0.24274 1.00000 1.00000 0.70209 0.13636 0.15243 1.00000 0.18452 0.68230 0.19118 0.23774 0.13159 1.00000 0.16667 1.00000 1.00000 0.75194 0.75766
33.00000 7.00000 0.25862 0.83333 1.00000 1.00000 0.22590 0.23087 0.32765 1.00000 0.00000 0.63929 0.15152 0.18774 1.00000 0.10119 0.73348 0.19118 0.22009 0.17199 1.00000 0.33333 1.00000 1.00000 0.56589 0.80378
33.00000 8.00000 0.51724 0.83333 1.00000 1.00000 0.21084 0.22128 0.23059 1.00000 1.00000 0.78744 0.19697 0.17123 1.00000 0.09524 0.72921 0.14706 0.23134 0.29242 1.00000 0.25000 1.00000 1.00000 0.63566 0.75780
33.00000 9.00000 0.35632 0.33333 1.00000 1.00000 0.35542 0.29257 0.23430 1.00000 1.00000 0.74879 0.13636 0.22265 1.00000 0.17857 0.86354 0.13235 0.23568 0.34590 1.00000 0.33333 1.00000 1.00000 0.74419 0.64747
33.00000 10.00000 0.58046 0.41667 1.00000 1.00000 0.28012 0.18160 0.20577 1.00000 1.00000 0.66667 0.19697 0.14754 1.00000 0.25000 0.88486 0.11765 0.26030 0.19738 1.00000 0.25000 1.00000 1.00000 0.62016 0.69249
33.00000 11.00000 0.46552 0.50000 1.00000 1.00000 0.04518 0.25790 0.36546 1.00000 0.00000 0.73752 0.13636 0.21745 1.00000 0.18452 0.80597 0.16176 0.24502 0.42362 1.00000 0.33333 1.00000 1.00000 0.52713 0.71817
33.00000 12.00000 0.56322 0.50000 1.00000 1.00000 0.31627 0.21692 0.19953 1.00000 1.00000 0.72142 0.16667 0.17186 1.00000 0.17262 0.84435 0.17647 0.23362 0.28819 1.00000 0.33333 1.00000 1.00000 0.75194 0.77990
33.00000 13.00000 0.26437 0.50000 1.00000 1.00000 0.32831 0.23458 0.20054 1.00000 1.00000 0.70048 0.13636 0.14233 1.00000 0.23810 0.84009 0.17647 0.20389 0.31358 1.00000 0.25000 1.00000 1.00000 0.62016 0.80226
33.00000 14.00000 0.40805 0.16667 1.00000 1.00000 0.24096 0.24460 0.20544 1.00000 1.00000 0.73913 0.12121 0.17311 1.00000 0.19048 0.77186 0.19118 0.23098 0.12389 1.00000 0.33333 1.00000 1.00000 0.76744 0.83140
33.00000 15.00000 0.45402 0.91667 1.00000 1.00000 0.25602 0.29867 0.23143 1.00000 0.00000 0.83897 0.07576 0.17504 1.00000 0.23810 0.81663 0.22059 0.21628 0.22547 1.00000 0.16667 1.00000 1.00000 0.66667 0.88442
33.00000 16.00000 0.63218 0.66667 1.00000 1.00000 0.15060 0.06497 0.18298 1.00000 1.00000 0.81965 0.07576 0.17621 1.00000 0.19048 0.78465 0.16176 0.23114 0.15160 1.00000 0.41667 1.00000 1.00000 0.71318 0.59459
33.00000 17.00000 0.44253 0.91667 1.00000 1.00000 0.21687 0.14912 0.10297 1.00000 1.00000 0.83092 0.09091 0.16531 1.00000 0.12500 0.93390 0.17647 0.23578 0.18738 1.00000 0.33333 1.00000 1.00000 0.65116 0.68489
33.00000 18.00000 0.39655 0.91667 1.00000 1.00000 0.31627 0.21234 0.25709 1.00000 0.00000 0.87279 0.13636 0.18447 1.00000 0.14286 0.97655 0.14706 0.23527 0.19354 1.00000 0.33333 1.00000 1.00000 0.72868 0.64844
33.00000 19.00000 0.51149 0.33333 1.00000 1.00000 0.14759 0.36167 0.33542 1.00000 0.00000 0.71014 0.16667 0.17643 1.00000 0.11310 0.82942 0.14706 0.23847 0.35013 1.00000 0.25000 1.00000 1.00000 0.57364 0.84645
33.00000 20.00000 0.47126 0.50000 1.00000 1.00000 0.25301 0.10857 0.26182 1.00000 0.00000 0.71820 0.12121 0.20102 1.00000 0.23214 0.82303 0.10294 0.23207 0.31397 1.00000 0.16667 1.00000 1.00000 0.65116 0.72563
33.00000 21.00000 0.44828 0.58333 1.00000 1.00000 0.25301 0.18509 0.31431 1.00000 1.00000 0.68599 0.27273 0.18330 1.00000 0.02381 1.00000 0.08824 0.24445 0.38515 1.00000 0.25000 1.00000 1.00000 0.72093 0.68034
33.00000 22.00000 0.62644 0.50000 1.00000 1.00000 0.33133 0.29431 0.18383 1.00000 1.00000 0.77295 0.21212 0.15602 1.00000 0.17857 0.90618 0.25000 0.22959 0.34167 1.00000 0.41667 1.00000 1.00000 0.63566 0.84148
33.00000 23.00000 0.52299 0.66667 1.00000 1.00000 0.23193 0.12862 0.23700 1.00000 1.00000 0.68277 0.16667 0.18819 1.00000 0.15476 0.69083 0.17647 0.23702 0.16237 1.00000 0.33333 1.00000 1.00000 0.74419 0.73170
33.00000 24.00000 0.63793 0.16667 1.00000 1.00000 0.14759 0.48332 0.20425 1.00000 1.00000 0.75845 0.15152 0.14951 1.00000 0.21429 0.87420 0.13235 0.20652 0.19815 1.00000 0.33333 1.00000 1.00000 0.79070 0.82408
33.00000 25.00000 0.60345 0.16667 1.00000 1.00000 0.34036 0.37977 0.28190 1.00000 1.00000 0.74396 0.18182 0.14466 1.00000 0.20238 0.80810 0.17647 0.23718 0.23894 1.00000 0.25000 1.00000 1.00000 0.73643 0.64885
33.00000 26.00000 0.49425 0.50000 1.00000 1.00000 0.12349 0.37497 0.23920 1.00000 1.00000 0.69887 0.13636 0.17742 1.00000 0.25000 0.77399 0.14706 0.19837 0.30396 1.00000 0.25000 1.00000 1.00000 0.57364 0.69207
33.00000 27.00000 0.55172 0.75000 1.00000 1.00000 0.17470 0.42293 0.11192 1.00000 0.00000 0.78422 0.22727 0.15691 1.00000 0.13095 0.86780 0.20588 0.21318 0.20354 1.00000 0.16667 1.00000 1.00000 0.65116 0.61875
33.00000 28.00000 0.48276 0.58333 1.00000 1.00000 0.07831 0.24875 0.20881 1.00000 1.00000 0.71014 0.16667 0.16055 1.00000 0.15476 0.78038 0.16176 0.23862 0.26510 1.00000 0.16667 1.00000 1.00000 0.60465 0.64595
33.00000 29.00000 0.70115 0.41667 1.00000 1.00000 0.22892 0.35034 0.17184 1.00000 0.00000 0.76490 0.09091 0.19416 1.00000 0.22024 0.80597 0.19118 0.25797 0.23509 1.00000 0.33333 1.00000 1.00000 0.73643 0.82408
33.00000 30.00000 0.54598 0.41667 1.00000 1.00000 0.15663 0.32592 0.14247 1.00000 1.00000 0.69887 0.10606 0.17590 1.00000 0.17857 0.75053 0.16176 0.21880 0.25202 1.00000 0.33333 1.00000 1.00000 0.67442 0.70768
33.00000 31.00000 0.38506 0.16667 1.00000 1.00000 0.29819 0.18967 0.33592 1.00000 1.00000 0.83575 0.15152 0.16194 1.00000 0.09524 0.82303 0.14706 0.21813 0.16622 1.00000 0.25000 1.00000 1.00000 0.72093 0.85349
33.00000 32.00000 0.64943 0.16667 1.00000 1.00000 0.23795 0.24526 0.21590 1.00000 1.00000 0.74396 0.10606 0.18258 1.00000 0.15476 0.86994 0.10294 0.24363 0.12582 1.00000 0.33333 1.00000 1.00000 0.68992 0.72162
33.00000 33.00000 0.64368 0.41667 1.00000 1.00000 0.17169 0.26510 0.18771 1.00000 0.00000 0.75362 0.16667 0.17222 1.00000 0.17857 0.76119 0.20588 0.22845 0.24279 1.00000 0.33333 1.00000 1.00000 0.81395 0.80931
33.00000 34.00000 0.55172 0.58333 1.00000 1.00000 0.31627 0.09898 0.12660 1.00000 1.00000 0.68599 0.13636 0.21668 1.00000 0.26786 0.78465 0.16176 0.24146 0.24625 1.00000 0.33333 1.00000 1.00000 0.75194 0.75021
33.00000 35.00000 0.52874 0.58333 1.00000 1.00000 0.21687 0.41574 0.18889 1.00000 1.00000 0.84219 0.21212 0.17038 1.00000 0.16071 0.71215 0.22059 0.20229 0.28511 1.00000 0.41667 1.00000 1.00000 0.74419 0.75504
33.00000 36.00000 0.54598 0.25000 1.00000 1.00000 0.28916 0.38086 0.22367 1.00000 1.00000 0.75523 0.03030 0.14983 1.00000 0.11905 0.72708 0.27941 0.26308 0.16083 1.00000 0.41667 1.00000 1.00000 0.72868 0.80199
33.00000 37.00000 0.36207 0.91667 1.00000 1.00000 0.19880 0.38129 0.36377 1.00000 1.00000 0.78905 0.16667 0.15638 1.00000 0.23810 0.89552 0.08824 0.22381 0.10735 1.00000 0.33333 1.00000 1.00000 0.65891 0.69580
33.00000 38.00000 0.42529 0.16667 1.00000 1.00000 0.11747 0.40331 0.14365 1.00000 1.00000 0.71337 0.18182 0.16194 1.00000 0.13690 0.71002 0.19118 0.21437 0.29280 1.00000 0.16667 1.00000 1.00000 0.65891 0.70561
33.00000 39.00000 0.37931 0.25000 1.00000 1.00000 0.35843 0.08219 0.31617 1.00000 1.00000 0.79710 0.16667 0.19887 1.00000 0.07143 0.87633 0.16176 0.21617 0.20123 1.00000 0.41667 1.00000 1.00000 0.59690 0.93952
33.00000 40.00000 0.55747 0.33333 1.00000 1.00000 0.35843 0.11424 0.18231 1.00000 1.00000 0.70370 0.12121 0.18240 1.00000 0.18452 0.84222 0.22059 0.23986 0.30050 1.00000 0.25000 1.00000 1.00000 0.79845 0.72867
33.00000 41.00000 0.52299 0.16667 1.00000 1.00000 0.31928 0.29605 0.25439 1.00000 1.00000 0.67794 0.10606 0.19133 1.00000 0.22619 0.83795 0.14706 0.23661 0.29280 1.00000 0.16667 1.00000 1.00000 0.75969 0.74303
33.00000 42.00000 0.67241 0.50000 1.00000 1.00000 0.22590 0.36625 0.32073 1.00000 1.00000 0.70209 0.15152 0.15534 1.00000 0.08929 0.85075 0.22059 0.23635 0.21393 1.00000 0.25000 1.00000 1.00000 0.66667 0.74040
33.00000 43.00000 0.58621 0.66667 1.00000 1.00000 0.28614 0.22280 0.17573 1.00000 1.00000 0.78744 0.18182 0.20017 1.00000 0.13690 0.88273 0.13235 0.23336 0.29357 1.00000 0.25000 1.00000 1.00000 0.57364 0.85087
33.00000 44.00000 0.18391 0.41667 1.00000 1.00000 0.24398 0.31589 0.21236 1.00000 1.00000 0.75362 0.12121 0.19474 1.00000 0.14881 0.67377 0.17647 0.26179 0.23548 1.00000 0.33333 1.00000 1.00000 0.63566 0.74289
33.00000 45.00000 0.56897 0.16667 1.00000 1.00000 0.29217 0.17855 0.25844 1.00000 1.00000 0.75201 0.18182 0.19429 1.00000 0.21429 0.90192 0.17647 0.25003 0.23163 1.00000 0.33333 1.00000 1.00000 0.67442 0.68558
33.00000 46.00000 0.28161 0.25000 1.00000 1.00000 0.21386 0.41465 0.30537 1.00000 0.00000 0.78422 0.10606 0.19532 1.00000 0.13095 0.88699 0.16176 0.25276 0.23240 1.00000 0.33333 1.00000 1.00000 0.64341 0.76084
33.00000 47.00000 0.57471 0.58333 1.00000 1.00000 0.24398 0.26488 0.23920 1.00000 1.00000 0.75684 0.24242 0.16849 1.00000 0.13690 0.89765 0.17647 0.22211 0.37745 1.00000 0.16667 1.00000 1.00000 0.67442 0.78652
33.00000 48.00000 0.56897 0.58333 1.00000 1.00000 0.27108 0.16590 0.25827 1.00000 1.00000 0.68760 0.19697 0.19120 1.00000 0.33929 0.83795 0.23529 0.21757 0.22393 1.00000 0.25000 1.00000 1.00000 0.65116 0.84300
33.00000 49.00000 0.35632 0.16667 1.00000 1.00000 0.19880 0.22607 0.32039 1.00000 1.00000 0.67150 0.16667 0.18900 1.00000 0.19643 0.82942 0.29412 0.22608 0.27087 1.00000 0.25000 1.00000 1.00000 0.67442 0.70561
33.00000 50.00000 0.36207 0.66667 1.00000 1.00000 0.24398 0.29409 0.38521 1.00000 1.00000 0.65700 0.15152 0.18864 1.00000 0.13690 0.78038 0.16176 0.23423 0.27588 1.00000 0.33333 1.00000 1.00000 0.72093 0.86620
33.00000 51.00000 0.48276 0.58333 1.00000 1.00000 0.25904 0.11249 0.40986 1.00000 1.00000 0.70853 0.18182 0.17581 1.00000 0.21429 0.72708 0.13235 0.22815 0.17661 1.00000 0.25000 1.00000 1.00000 0.82946 0.59983
33.00000 52.00000 0.55172 0.25000 1.00000 1.00000 0.31928 0.36058 0.19936 1.00000 1.00000 0.73269 0.12121 0.16997 1.00000 0.04167 0.68443 0.20588 0.21550 0.44979 1.00000 0.33333 1.00000 1.00000 0.62791 0.77423
33.00000 53.00000 0.66092 0.58333 1.00000 1.00000 0.23795 0.23676 0.34824 1.00000 0.00000 0.67633 0.21212 0.16068 1.00000 0.16667 0.65885 0.17647 0.23047 0.35783 1.00000 0.33333 1.00000 1.00000 0.72093 0.70133
33.00000 54.00000 0.44253 0.33333 1.00000 1.00000 0.26807 0.25529 0.23734 1.00000 0.00000 0.78583 0.19697 0.16351 1.00000 0.17262 0.75693 0.13235 0.20090 0.26433 1.00000 0.33333 1.00000 1.00000 0.67442 0.57470
33.00000 55.00000 0.63793 0.50000 1.00000 1.00000 0.26506 0.38871 0.17471 1.00000 1.00000 0.88084 0.12121 0.17257 1.00000 0.23810 0.79744 0.20588 0.21855 0.30704 1.00000 0.25000 1.00000 1.00000 0.65891 0.54515
33.00000 56.00000 0.54598 0.33333 1.00000 1.00000 0.12349 0.36821 0.35466 1.00000 1.00000 0.73591 0.06061 0.17922 1.00000 0.17262 0.84435 0.11765 0.22815 0.21624 1.00000 0.33333 1.00000 1.00000 0.75194 0.71362
33.00000 57.00000 0.27011 0.16667 1.00000 1.00000 0.37349 0.03750 0.32056 1.00000 1.00000 0.79066 0.13636 0.20022 1.00000 0.20238 0.78678 0.14706 0.24502 0.33859 1.00000 0.25000 1.00000 1.00000 0.87597 0.67012
33.00000 58.00000 0.72414 0.16667 1.00000 1.00000 0.30723 0.27818 0.29338 1.00000 1.00000 0.67472 0.13636 0.21220 1.00000 0.15476 0.79957 0.17647 0.22479 0.26472 1.00000 0.25000 1.00000 1.00000 0.77519 0.83803
33.00000 59.00000 0.72414 0.08333 1.00000 1.00000 0.28614 0.37563 0.21489 1.00000 1.00000 0.68277 0.18182 0.15629 1.00000 0.24405 0.78252 0.14706 0.24388 0.26664 1.00000 0.33333 1.00000 1.00000 0.82946 0.75753
33.00000 60.00000 0.54598 0.41667 1.00000 1.00000 0.38855 0.31851 0.17691 1.00000 1.00000 0.84702 0.16667 0.17922 1.00000 0.17857 0.71642 0.20588 0.25689 0.17276 1.00000 0.41667 1.00000 1.00000 0.66667 0.66363
33.00000 61.00000 0.59195 0.75000 1.00000 1.00000 0.26807 0.25965 0.32529 1.00000 1.00000 0.75684 0.21212 0.19034 1.00000 0.28571 0.85288 0.19118 0.24481 0.25818 1.00000 0.33333 1.00000 1.00000 0.75969 0.61102
33.00000 62.00000 0.72989 0.83333 1.00000 1.00000 0.29518 0.41727 0.24460 1.00000 1.00000 0.67794 0.18182 0.17347 1.00000 0.25000 0.76972 0.10294 0.26386 0.13043 1.00000 0.25000 1.00000 1.00000 0.62016 0.71955
33.00000 63.00000 0.58046 0.16667 1.00000 1.00000 0.39759 0.35034 0.20442 1.00000 0.00000 0.74718 0.16667 0.18357 1.00000 0.19048 0.86780 0.13235 0.23826 0.29242 1.00000 0.33333 1.00000 1.00000 0.69767 0.64264
33.00000 64.00000 0.33908 0.25000 1.00000 1.00000 0.26506 0.38369 0.19176 1.00000 1.00000 0.67311 0.16667 0.19941 1.00000 0.16071 0.72921 0.20588 0.23867 0.32128 1.00000 0.41667 1.00000 1.00000 0.56589 0.75863
33.00000 65.00000 0.68966 0.50000 1.00000 1.00000 0.38554 0.21626 0.36462 1.00000 1.00000 0.69565 0.16667 0.16791 1.00000 0.17857 0.78252 0.25000 0.21096 0.33859 1.00000 0.16667 1.00000 1.00000 0.58915 0.74676
33.00000 66.00000 0.27586 0.16667 1.00000 1.00000 0.53614 0.25180 0.29254 1.00000 1.00000 0.69243 0.12121 0.13654 1.00000 0.19048 0.73561 0.22059 0.24724 0.37976 1.00000 0.33333 1.00000 1.00000 0.74419 0.65949
33.00000 67.00000 0.54023 0.58333 1.00000 1.00000 0.43072 0.23719 0.25895 1.00000 1.00000 0.64734 0.19697 0.23827 1.00000 0.21429 0.59488 0.16176 0.22324 0.39207 1.00000 0.33333 1.00000 1.00000 0.75194 0.70478
33.00000 68.00000 0.43103 0.16667 1.00000 1.00000 0.36747 0.32047 0.12053 1.00000 1.00000 0.78422 0.10606 0.19007 1.00000 0.23214 0.84648 0.17647 0.26726 0.19431 1.00000 0.33333 1.00000 1.00000 0.65891 0.79923
33.00000 69.00000 0.36782 0.83333 1.00000 1.00000 0.26807 0.31349 0.38724 1.00000 1.00000 0.63285 0.09091 0.19703 1.00000 0.20833 0.71002 0.19118 0.25689 0.16429 1.00000 0.50000 1.00000 1.00000 0.59690 0.64278
33.00000 70.00000 0.42529 0.41667 1.00000 1.00000 0.14458 0.46109 0.26367 1.00000 1.00000 0.73108 0.21212 0.20560 1.00000 0.27381 0.82090 0.23529 0.24337 0.22470 1.00000 0.33333 1.00000 1.00000 0.75969 0.73005
33.00000 71.00000 0.60920 0.33333 1.00000 1.00000 0.30120 0.22041 0.25625 1.00000 1.00000 0.68760 0.13636 0.20457 1.00000 0.13095 0.80171 0.23529 0.23878 0.36937 1.00000 0.33333 1.00000 1.00000 0.65891 0.75891
33.00000 72.00000 0.49425 0.83333 1.00000 1.00000 0.34337 0.23872 0.22181 1.00000 1.00000 0.78905 0.19697 0.18164 1.00000 0.23214 0.85928 0.19118 0.20890 0.26972 1.00000 0.25000 1.00000 1.00000 0.75969 0.67481
33.00000 73.00000 0.59770 0.33333 1.00000 1.00000 0.28614 0.36364 0.36512 1.00000 1.00000 0.62480 0.16667 0.18079 1.00000 0.29167 0.82303 0.11765 0.23429 0.39900 1.00000 0.33333 1.00000 1.00000 0.74419 0.86620
33.00000 74.00000 0.45977 0.41667 1.00000 1.00000 0.26506 0.19294 0.31448 1.00000 1.00000 0.72786 0.18182 0.17347 1.00000 0.23810 0.88486 0.16176 0.23191 0.24317 1.00000 0.33333 1.00000 1.00000 0.71318 0.64747
33.00000 75.00000 0.54598 0.83333 1.00000 1.00000 0.23795 0.35034 0.18180 1.00000 1.00000 0.69887 0.16667 0.16629 1.00000 0.18452 0.74840 0.17647 0.23831 0.27857 1.00000 0.25000 1.00000 1.00000 0.72868 0.63311
33.00000 76.00000 0.54023 0.91667 1.00000 1.00000 0.21084 0.37802 0.21236 1.00000 1.00000 0.71820 0.19697 0.20547 1.00000 0.19643 0.76759 0.23529 0.21741 0.19661 1.00000 0.25000 1.00000 1.00000 0.70543 0.57677
33.00000 77.00000 0.56897 0.91667 1.00000 1.00000 0.43675 0.32570 0.36175 1.00000 0.00000 0.82448 0.12121 0.18097 1.00000 0.26190 0.63326 0.13235 0.23109 0.15314 1.00000 0.16667 1.00000 1.00000 0.80620 0.78763
33.00000 78.00000 0.40230 0.58333 1.00000 1.00000 0.42470 0.25158 0.26317 1.00000 1.00000 0.82287 0.19697 0.22534 1.00000 0.20833 0.87846 0.25000 0.21679 0.39246 1.00000 0.25000 1.00000 1.00000 0.65116 0.80503
33.00000 79.00000 0.44253 0.33333 1.00000 1.00000 0.29217 0.37497 0.43822 1.00000 1.00000 0.63929 0.21212 0.15741 1.00000 0.21429 0.79318 0.23529 0.20915 0.33628 1.00000 0.33333 1.00000 1.00000 0.67442 0.75835
33.00000 80.00000 0.46552 0.50000 1.00000 1.00000 0.36747 0.36582 0.24223 1.00000 1.00000 0.75201 0.06061 0.17257 1.00000 0.14286 0.83795 0.20588 0.23093 0.34052 1.00000 0.25000 1.00000 1.00000 0.54264 0.69939
33.00000 81.00000 0.37931 0.50000 1.00000 1.00000 0.19578 0.21430 0.38369 1.00000 1.00000 0.67150 0.16667 0.15014 1.00000 0.26786 0.80384 0.23529 0.25312 0.16006 1.00000 0.25000 1.00000 1.00000 0.64341 0.72646
33.00000 82.00000 0.63218 0.33333 1.00000 1.00000 0.20783 0.29714 0.23818 1.00000 1.00000 0.61192 0.22727 0.17890 1.00000 0.23810 0.73987 0.19118 0.23914 0.18315 1.00000 0.16667 1.00000 1.00000 0.77519 0.81524
33.00000 83.00000 0.47701 0.41667 1.00000 1.00000 0.22289 0.12666 0.17184 1.00000 1.00000 0.64734 0.09091 0.13192 1.00000 0.09524 0.88699 0.25000 0.24130 0.35706 1.00000 0.41667 1.00000 1.00000 0.65116 0.67440
33.00000 84.00000 0.48276 0.58333 1.00000 1.00000 0.39759 0.19773 0.29524 1.00000 1.00000 0.79871 0.10606 0.17563 1.00000 0.17857 0.96802 0.19118 0.21782 0.33821 1.00000 0.41667 1.00000 1.00000 0.72093 0.79702
33.00000 85.00000 0.43678 0.33333 1.00000 1.00000 0.52108 0.33639 0.31651 1.00000 1.00000 0.73752 0.13636 0.21377 1.00000 0.30952 0.74840 0.22059 0.25617 0.28973 1.00000 0.33333 1.00000 1.00000 0.58140 0.68268
33.00000 86.00000 0.45402 0.83333 1.00000 1.00000 0.33735 0.27687 0.27076 1.00000 1.00000 0.64895 0.21212 0.17325 1.00000 0.23810 0.78252 0.11765 0.24492 0.28626 1.00000 0.08333 1.00000 1.00000 0.58140 0.78197
33.00000 87.00000 0.37356 0.58333 1.00000 1.00000 0.20181 0.26401 0.29136 1.00000 1.00000 0.83575 0.24242 0.17527 1.00000 0.25000 0.79531 0.20588 0.22520 0.24971 1.00000 0.25000 1.00000 1.00000 0.72093 0.77644
33.00000 88.00000 0.41954 0.33333 1.00000 1.00000 0.46386 0.31415 0.21067 1.00000 1.00000 0.78583 0.15152 0.18963 1.00000 0.32738 0.72281 0.17647 0.25255 0.33282 1.00000 0.33333 1.00000 1.00000 0.72868 0.74482
33.00000 89.00000 0.50575 0.33333 1.00000 1.00000 0.27108 0.22520 0.18265 1.00000 1.00000 0.68599 0.13636 0.14278 1.00000 0.29167 0.70789 0.19118 0.26633 0.34282 1.00000 0.33333 1.00000 1.00000 0.61240 0.66639
33.00000 90.00000 0.41379 0.25000 1.00000 1.00000 0.16265 0.34271 0.32208 1.00000 1.00000 0.69082 0.19697 0.18406 1.00000 0.26786 0.67591 0.11765 0.23516 0.40054 1.00000 0.41667 1.00000 1.00000 0.56589 0.67399
33.00000 91.00000 0.39655 0.83333 1.00000 1.00000 0.41566 0.39329 0.42353 1.00000 1.00000 0.79388 0.24242 0.17042 1.00000 0.31548 0.73774 0.20588 0.21297 0.48865 1.00000 0.33333 1.00000 1.00000 0.47287 0.60563
33.00000 92.00000 0.60920 0.66667 1.00000 1.00000 0.26506 0.23697 0.23261 1.00000 1.00000 0.72786 0.19697 0.17419 1.00000 0.39286 0.75053 0.23529 0.24832 0.27126 1.00000 0.25000 1.00000 1.00000 0.58915 0.85239
33.00000 93.00000 0.17816 0.41667 1.00000 1.00000 0.43072 0.33224 0.45493 1.00000 1.00000 0.77456 0.15152 0.16791 1.00000 0.24405 0.78252 0.29412 0.25168 0.38746 1.00000 0.33333 1.00000 1.00000 0.64341 0.83969
33.00000 94.00000 0.42529 0.75000 1.00000 1.00000 0.32530 0.36473 0.39298 1.00000 1.00000 0.64895 0.22727 0.18034 1.00000 0.20833 0.79104 0.25000 0.24156 0.32282 1.00000 0.25000 1.00000 1.00000 0.62791 0.62579
33.00000 95.00000 0.43678 0.41667 1.00000 1.00000 0.23494 0.38173 0.21506 1.00000 1.00000 0.66023 0.16667 0.21767 1.00000 0.25595 0.73774 0.23529 0.24115 0.20623 1.00000 0.33333 1.00000 1.00000 0.65891 0.71348
33.00000 96.00000 0.50575 0.75000 1.00000 1.00000 0.31325 0.35339 0.44700 1.00000 1.00000 0.74235 0.22727 0.15741 1.00000 0.22619 0.90832 0.20588 0.22809 0.26164 1.00000 0.33333 1.00000 1.00000 0.67442 0.56352
33.00000 97.00000 0.42529 0.58333 1.00000 1.00000 0.31325 0.29562 0.37593 1.00000 1.00000 0.70692 0.15152 0.16382 1.00000 0.24405 0.84648 0.23529 0.20941 0.25779 1.00000 0.33333 1.00000 1.00000 0.79845 0.79909
33.00000 98.00000 0.52299 0.50000 1.00000 1.00000 0.46084 0.27905 0.29085 1.00000 1.00000 0.72142 0.22727 0.19380 1.00000 0.17857 0.86994 0.19118 0.22686 0.29357 1.00000 0.33333 1.00000 1.00000 0.64341 0.56131
33.00000 99.00000 0.35632 0.75000 1.00000 1.00000 0.31024 0.33094 0.37846 1.00000 1.00000 0.78583 0.21212 0.18698 1.00000 0.27976 0.66951 0.26471 0.25756 0.26818 1.00000 0.41667 1.00000 1.00000 0.67442 0.64706
33.00000 100.00000 0.45402 0.83333 1.00000 1.00000 0.30422 0.42424 0.27363 1.00000 1.00000 0.66667 0.24242 0.17181 1.00000 0.16667 0.61194 0.30882 0.22675 0.23663 1.00000 0.25000 1.00000 1.00000 0.62016 0.61074
33.00000 101.00000 0.66092 0.66667 1.00000 1.00000 0.39157 0.39590 0.39264 1.00000 1.00000 0.67472 0.16667 0.18572 1.00000 0.25000 0.68657 0.25000 0.23423 0.37168 1.00000 0.41667 1.00000 1.00000 0.45736 0.69856
33.00000 102.00000 0.58046 0.50000 1.00000 1.00000 0.23795 0.37846 0.27059 1.00000 1.00000 0.76329 0.15152 0.18631 1.00000 0.27976 0.76972 0.23529 0.25591 0.21277 1.00000 0.16667 1.00000 1.00000 0.60465 0.78832
33.00000 103.00000 0.44828 0.75000 1.00000 1.00000 0.06325 0.38195 0.20831 1.00000 0.00000 0.82931 0.13636 0.11406 1.00000 0.23810 0.73774 0.22059 0.22407 0.38977 1.00000 0.16667 1.00000 1.00000 0.62791 0.66252
33.00000 104.00000 0.51149 0.58333 1.00000 1.00000 0.45482 0.38914 0.49747 1.00000 1.00000 0.67633 0.25758 0.17895 1.00000 0.29762 0.68443 0.19118 0.22990 0.47057 1.00000 0.41667 1.00000 1.00000 0.75194 0.72549
33.00000 105.00000 0.44828 0.25000 1.00000 1.00000 0.27410 0.10421 0.40952 1.00000 1.00000 0.79066 0.19697 0.17006 1.00000 0.29762 0.73348 0.10294 0.19945 0.35206 1.00000 0.33333 1.00000 1.00000 0.55039 0.59362
33.00000 106.00000 0.58621 0.58333 1.00000 1.00000 0.46386 0.14170 0.32765 1.00000 0.00000 0.79871 0.22727 0.18666 1.00000 0.27976 0.75480 0.20588 0.22108 0.47942 1.00000 0.25000 1.00000 1.00000 0.82171 0.62455
33.00000 107.00000 0.60345 0.75000 1.00000 1.00000 0.25602 0.32178 0.34774 1.00000 1.00000 0.65378 0.15152 0.17029 1.00000 0.42857 0.68870 0.20588 0.22706 0.34475 1.00000 0.41667 1.00000 1.00000 0.65116 0.70740
33.00000 108.00000 0.55172 0.16667 1.00000 1.00000 0.32530 0.30194 0.29828 1.00000 1.00000 0.82126 0.12121 0.16934 1.00000 0.26190 0.77399 0.20588 0.20317 0.33513 1.00000 0.33333 1.00000 1.00000 0.60465 0.58893
33.00000 109.00000 0.57471 0.50000 1.00000 1.00000 0.29518 0.48572 0.18737 1.00000 1.00000 0.68760 0.25758 0.18550 1.00000 0.33333 0.82516 0.25000 0.19992 0.32051 1.00000 0.25000 1.00000 1.00000 0.79070 0.61392
33.00000 110.00000 0.70115 0.58333 1.00000 1.00000 0.24699 0.28167 0.32562 1.00000 1.00000 0.66023 0.21212 0.19640 1.00000 0.24405 0.69296 0.20588 0.21684 0.36437 1.00000 0.41667 1.00000 1.00000 0.51938 0.66860
33.00000 111.00000 0.51724 0.25000 1.00000 1.00000 0.49096 0.36211 0.33845 1.00000 1.00000 0.61192 0.19697 0.17329 1.00000 0.27976 0.76972 0.25000 0.21824 0.28857 1.00000 0.33333 1.00000 1.00000 0.57364 0.67923
33.00000 112.00000 0.31609 0.83333 1.00000 1.00000 0.31325 0.30630 0.41425 1.00000 1.00000 0.68116 0.24242 0.19555 1.00000 0.25000 0.72921 0.16176 0.23460 0.44363 1.00000 0.33333 1.00000 1.00000 0.68992 0.72010
33.00000 113.00000 0.35057 0.75000 1.00000 1.00000 0.26807 0.25071 0.26874 1.00000 1.00000 0.82126 0.16667 0.19438 1.00000 0.16071 0.76972 0.22059 0.22448 0.32282 1.00000 0.41667 1.00000 1.00000 0.65891 0.68255
33.00000 114.00000 0.40230 0.75000 1.00000 1.00000 0.21084 0.39067 0.25928 1.00000 1.00000 0.68599 0.22727 0.18168 1.00000 0.30952 0.72495 0.20588 0.22319 0.42132 1.00000 0.33333 1.00000 1.00000 0.51163 0.60591
33.00000 115.00000 0.51149 0.50000 1.00000 1.00000 0.37048 0.28341 0.30621 1.00000 1.00000 0.73591 0.25758 0.15153 1.00000 0.28571 0.61834 0.33824 0.22309 0.37091 1.00000 0.41667 1.00000 1.00000 0.65116 0.53411
33.00000 116.00000 0.52299 0.58333 1.00000 1.00000 0.35843 0.41618 0.46675 1.00000 1.00000 0.57327 0.16667 0.19734 1.00000 0.30952 0.80171 0.25000 0.23816 0.42978 1.00000 0.33333 1.00000 1.00000 0.67442 0.72287
33.00000 117.00000 0.56322 0.50000 1.00000 1.00000 0.23795 0.22106 0.22654 1.00000 1.00000 0.75684 0.25758 0.20793 1.00000 0.39286 0.53518 0.27941 0.22097 0.35013 1.00000 0.33333 1.00000 1.00000 0.65116 0.68268
33.00000 118.00000 0.54023 0.83333 1.00000 1.00000 0.37349 0.41770 0.27887 1.00000 1.00000 0.64573 0.28788 0.18752 1.00000 0.25000 0.76972 0.25000 0.26262 0.42132 1.00000 0.41667 1.00000 1.00000 0.70543 0.81317
33.00000 119.00000 0.57471 0.41667 1.00000 1.00000 0.30723 0.46915 0.41222 1.00000 1.00000 0.61031 0.30303 0.17056 1.00000 0.32738 0.69723 0.25000 0.19605 0.54983 1.00000 0.33333 1.00000 1.00000 0.51163 0.68048
33.00000 120.00000 0.44253 0.41667 1.00000 1.00000 0.22892 0.42795 0.35095 1.00000 1.00000 0.64251 0.19697 0.17172 1.00000 0.25000 0.74200 0.26471 0.23047 0.44825 1.00000 0.33333 1.00000 1.00000 0.44961 0.76098
33.00000 121.00000 0.41954 0.41667 1.00000 1.00000 0.20783 0.10661 0.39635 1.00000 1.00000 0.62963 0.22727 0.16876 1.00000 0.31548 0.70576 0.23529 0.25390 0.32820 1.00000 0.33333 1.00000 1.00000 0.62791 0.65452
33.00000 122.00000 0.50000 0.33333 1.00000 1.00000 0.37048 0.14170 0.24713 1.00000 1.00000 0.59742 0.19697 0.19133 1.00000 0.33929 0.71002 0.22059 0.21803 0.35283 1.00000 0.50000 1.00000 1.00000 0.46512 0.51312
33.00000 123.00000 0.56897 0.41667 1.00000 1.00000 0.37952 0.37257 0.41880 1.00000 1.00000 0.58454 0.31818 0.11581 1.00000 0.27381 0.65885 0.27941 0.23109 0.26626 1.00000 0.41667 1.00000 1.00000 0.44961 0.57926
33.00000 124.00000 0.60345 0.25000 1.00000 1.00000 0.34036 0.34118 0.19007 1.00000 1.00000 0.60386 0.15152 0.21807 1.00000 0.32738 0.58422 0.33824 0.20353 0.32243 1.00000 0.41667 1.00000 1.00000 0.55814 0.62248
33.00000 125.00000 0.28161 0.50000 1.00000 1.00000 0.35843 0.39285 0.37357 1.00000 1.00000 0.67633 0.21212 0.19209 1.00000 0.32738 0.69510 0.23529 0.23491 0.31858 1.00000 0.33333 1.00000 1.00000 0.61240 0.67799
33.00000 126.00000 0.67816 0.83333 1.00000 1.00000 0.13554 0.30565 0.32799 1.00000 1.00000 0.64251 0.22727 0.18218 1.00000 0.32143 0.75267 0.25000 0.19878 0.32974 1.00000 0.41667 1.00000 1.00000 0.67442 0.73101
33.00000 127.00000 0.48851 0.50000 1.00000 1.00000 0.49096 0.45629 0.38555 1.00000 1.00000 0.63768 0.22727 0.16046 1.00000 0.27976 0.71855 0.27941 0.19739 0.37899 1.00000 0.41667 1.00000 1.00000 0.58915 0.62952
33.00000 128.00000 0.52874 0.83333 1.00000 1.00000 0.26205 0.36102 0.22029 1.00000 1.00000 0.62319 0.22727 0.20367 1.00000 0.32143 0.75906 0.26471 0.20368 0.41285 1.00000 0.33333 1.00000 1.00000 0.51938 0.58354
33.00000 129.00000 0.55172 0.91667 1.00000 1.00000 0.37952 0.57881 0.30773 1.00000 1.00000 0.61836 0.28788 0.19227 1.00000 0.36310 0.78465 0.32353 0.23279 0.36899 1.00000 0.25000 1.00000 1.00000 0.62016 0.64223
33.00000 130.00000 0.44253 0.08333 1.00000 1.00000 0.26205 0.49335 0.31364 1.00000 1.00000 0.72947 0.22727 0.19676 1.00000 0.33929 0.74627 0.29412 0.23078 0.33590 1.00000 0.25000 1.00000 1.00000 0.59690 0.62869
33.00000 131.00000 0.61494 0.08333 1.00000 1.00000 0.18373 0.38478 0.32191 1.00000 1.00000 0.63768 0.27273 0.16261 1.00000 0.32143 0.58422 0.27941 0.23970 0.36437 1.00000 0.33333 1.00000 1.00000 0.55814 0.50525
33.00000 132.00000 0.32759 0.75000 1.00000 1.00000 0.38855 0.40942 0.48717 1.00000 1.00000 0.67794 0.24242 0.11536 1.00000 0.32738 0.65885 0.38235 0.20848 0.46787 1.00000 0.16667 1.00000 1.00000 0.77519 0.68296
33.00000 133.00000 0.60345 0.83333 1.00000 1.00000 0.50904 0.36146 0.45172 1.00000 1.00000 0.74235 0.21212 0.18186 1.00000 0.39881 0.68017 0.27941 0.21886 0.49558 1.00000 0.50000 1.00000 1.00000 0.57364 0.51933
33.00000 134.00000 0.53448 0.50000 1.00000 1.00000 0.40964 0.26728 0.25456 1.00000 1.00000 0.61353 0.31818 0.17868 1.00000 0.39881 0.56716 0.26471 0.16111 0.37514 1.00000 0.41667 1.00000 1.00000 0.49612 0.61033
33.00000 135.00000 0.50000 0.75000 1.00000 1.00000 0.37048 0.42795 0.45898 1.00000 1.00000 0.62963 0.27273 0.17926 1.00000 0.41667 0.60981 0.25000 0.22304 0.40362 1.00000 0.41667 1.00000 1.00000 0.61240 0.59638
33.00000 136.00000 0.52299 0.75000 1.00000 1.00000 0.34337 0.33246 0.45459 1.00000 1.00000 0.61836 0.25758 0.19344 1.00000 0.30357 0.60128 0.23529 0.24497 0.33551 1.00000 0.50000 1.00000 1.00000 0.70543 0.68779
33.00000 137.00000 0.59770 0.66667 1.00000 1.00000 0.35241 0.33813 0.48346 1.00000 1.00000 0.66184 0.25758 0.18783 1.00000 0.35714 0.69510 0.25000 0.21452 0.40631 1.00000 0.25000 1.00000 1.00000 0.66667 0.63049
33.00000 138.00000 0.71264 0.75000 1.00000 1.00000 0.60241 0.32636 0.29389 1.00000 1.00000 0.61514 0.16667 0.18595 1.00000 0.34524 0.61407 0.33824 0.23749 0.35129 1.00000 0.33333 1.00000 1.00000 0.72093 0.46741
33.00000 139.00000 0.43103 0.83333 1.00000 1.00000 0.41867 0.54349 0.38825 1.00000 1.00000 0.67633 0.31818 0.18801 1.00000 0.19643 0.64179 0.27941 0.24745 0.44710 1.00000 0.41667 1.00000 1.00000 0.72868 0.66888
33.00000 140.00000 0.42529 0.16667 1.00000 1.00000 0.47289 0.39176 0.37914 1.00000 1.00000 0.61514 0.27273 0.19277 1.00000 0.40476 0.61194 0.32353 0.22288 0.39438 1.00000 0.41667 1.00000 1.00000 0.51163 0.49061
33.00000 141.00000 0.47126 0.25000 1.00000 1.00000 0.48795 0.24526 0.23852 1.00000 1.00000 0.42029 0.22727 0.16925 1.00000 0.25595 0.65885 0.30882 0.22851 0.54559 1.00000 0.41667 1.00000 1.00000 0.44961 0.66860
33.00000 142.00000 0.53448 0.66667 1.00000 1.00000 0.32831 0.17920 0.43400 1.00000 1.00000 0.64734 0.33333 0.19030 1.00000 0.26786 0.66098 0.35294 0.19058 0.44517 1.00000 0.33333 1.00000 1.00000 0.38760 0.71596
33.00000 143.00000 0.44253 0.75000 1.00000 1.00000 0.47892 0.41923 0.36901 1.00000 1.00000 0.63607 0.27273 0.17827 1.00000 0.38690 0.73774 0.33824 0.23640 0.42747 1.00000 0.41667 1.00000 1.00000 0.65116 0.54916
33.00000 144.00000 0.33908 0.66667 1.00000 1.00000 0.49398 0.61631 0.41155 1.00000 0.00000 0.59742 0.28788 0.17827 1.00000 0.41071 0.54371 0.35294 0.19997 0.33705 1.00000 0.41667 1.00000 1.00000 0.41860 0.53756
33.00000 145.00000 0.47126 0.41667 1.00000 1.00000 0.46386 0.47133 0.39112 1.00000 1.00000 0.53623 0.27273 0.16715 1.00000 0.35714 0.60128 0.32353 0.19538 0.48942 1.00000 0.50000 1.00000 1.00000 0.57364 0.59735
33.00000 146.00000 0.52874 0.16667 1.00000 1.00000 0.37048 0.48746 0.36901 1.00000 1.00000 0.62963 0.27273 0.16881 1.00000 0.30952 0.62473 0.33824 0.20446 0.46633 1.00000 0.33333 1.00000 1.00000 0.44961 0.60909
33.00000 147.00000 0.66667 0.66667 1.00000 1.00000 0.58434 0.45934 0.54575 1.00000 1.00000 0.38808 0.24242 0.18855 1.00000 0.38095 0.65458 0.22059 0.22144 0.48673 1.00000 0.33333 1.00000 1.00000 0.60465 0.49185
33.00000 148.00000 0.38506 0.16667 1.00000 1.00000 0.40060 0.47918 0.50641 1.00000 1.00000 0.56361 0.27273 0.16324 1.00000 0.48810 0.60341 0.36765 0.21251 0.36937 1.00000 0.58333 1.00000 1.00000 0.62791 0.50469
33.00000 149.00000 0.72414 0.33333 1.00000 1.00000 0.52711 0.62219 0.58136 1.00000 1.00000 0.61192 0.30303 0.16549 1.00000 0.38690 0.61407 0.39706 0.21173 0.52097 1.00000 0.41667 1.00000 1.00000 0.63566 0.62635
33.00000 150.00000 0.60920 0.58333 1.00000 1.00000 0.51506 0.50294 0.33896 1.00000 1.00000 0.52335 0.33333 0.19672 1.00000 0.38095 0.55650 0.27941 0.19563 0.39438 1.00000 0.50000 1.00000 1.00000 0.60465 0.53424
33.00000 151.00000 0.39655 0.83333 1.00000 1.00000 0.33735 0.51995 0.43130 1.00000 1.00000 0.62319 0.28788 0.15844 1.00000 0.48214 0.60768 0.32353 0.18877 0.39823 1.00000 0.50000 1.00000 1.00000 0.52713 0.59196
33.00000 152.00000 0.60920 0.91667 1.00000 1.00000 0.37952 0.47111 0.51772 1.00000 1.00000 0.58454 0.28788 0.17011 1.00000 0.51190 0.53518 0.23529 0.18542 0.61177 1.00000 0.41667 1.00000 1.00000 0.58915 0.53024
33.00000 153.00000 0.55172 0.50000 1.00000 1.00000 0.40060 0.41356 0.37357 1.00000 1.00000 0.61675 0.30303 0.17257 1.00000 0.50595 0.61620 0.33824 0.20420 0.38861 1.00000 0.41667 1.00000 1.00000 0.56589 0.61323
33.00000 154.00000 0.49425 0.83333 1.00000 1.00000 0.43072 0.36603 0.42910 1.00000 1.00000 0.64090 0.28788 0.16813 1.00000 0.42857 0.50107 0.30882 0.20998 0.43209 1.00000 0.58333 1.00000 1.00000 0.55814 0.55938
33.00000 155.00000 0.21839 0.83333 1.00000 1.00000 0.58434 0.48746 0.51705 1.00000 1.00000 0.54267 0.31818 0.15225 1.00000 0.39881 0.52026 0.27941 0.20885 0.46633 1.00000 0.50000 1.00000 1.00000 0.40310 0.35253
33.00000 156.00000 0.54598 0.66667 1.00000 1.00000 0.35843 0.46545 0.37424 1.00000 1.00000 0.57488 0.33333 0.21588 1.00000 0.44643 0.56716 0.30882 0.19847 0.50827 1.00000 0.41667 1.00000 1.00000 0.52713 0.53438
33.00000 157.00000 0.43678 0.83333 1.00000 1.00000 0.31928 0.47853 0.39146 1.00000 1.00000 0.58937 0.28788 0.18572 1.00000 0.39286 0.60341 0.39706 0.21261 0.52328 1.00000 0.33333 1.00000 1.00000 0.55039 0.55164
33.00000 158.00000 0.54023 0.75000 1.00000 1.00000 0.59639 0.47765 0.44632 1.00000 1.00000 0.38647 0.31818 0.18837 1.00000 0.45833 0.55437 0.27941 0.23955 0.66218 1.00000 0.41667 1.00000 1.00000 0.52713 0.58699
33.00000 159.00000 0.44253 0.75000 1.00000 1.00000 0.56627 0.32897 0.58795 1.00000 1.00000 0.46538 0.31818 0.18873 1.00000 0.39881 0.51599 0.30882 0.19532 0.51443 1.00000 0.33333 1.00000 1.00000 0.54264 0.39906
33.00000 160.00000 0.39080 0.33333 1.00000 1.00000 0.55120 0.37454 0.51907 1.00000 1.00000 0.56522 0.33333 0.14309 1.00000 0.56548 0.55011 0.30882 0.16575 0.48980 1.00000 0.41667 1.00000 1.00000 0.48837 0.48357
33.00000 161.00000 0.67816 0.58333 1.00000 1.00000 0.36446 0.41661 0.46117 1.00000 1.00000 0.55878 0.27273 0.15835 1.00000 0.35714 0.52026 0.27941 0.21370 0.51597 1.00000 0.41667 1.00000 1.00000 0.60465 0.45775
33.00000 162.00000 0.60345 0.75000 1.00000 1.00000 0.60241 0.46305 0.44598 1.00000 1.00000 0.60548 0.36364 0.13210 1.00000 0.48810 0.56930 0.38235 0.18108 0.44710 1.00000 0.41667 1.00000 1.00000 0.34884 0.38663
33.00000 163.00000 0.62644 0.91667 1.00000 1.00000 0.44578 0.44059 0.35618 1.00000 1.00000 0.56039 0.39394 0.16203 1.00000 0.47619 0.56716 0.36765 0.20946 0.70758 1.00000 0.41667 1.00000 1.00000 0.41860 0.55289
33.00000 164.00000 0.54598 0.08333 1.00000 1.00000 0.48193 0.40201 0.48126 1.00000 1.00000 0.54589 0.42424 0.20102 1.00000 0.44643 0.47548 0.41176 0.17695 0.40054 1.00000 0.50000 1.00000 1.00000 0.55814 0.46437
33.00000 165.00000 0.52874 0.75000 1.00000 1.00000 0.34940 0.50578 0.55503 1.00000 1.00000 0.41546 0.39394 0.18164 1.00000 0.51190 0.43923 0.36765 0.20415 0.64679 1.00000 0.58333 1.00000 1.00000 0.40310 0.48274
33.00000 166.00000 0.67816 0.91667 1.00000 1.00000 0.46687 0.53303 0.44835 1.00000 1.00000 0.50564 0.28788 0.18276 1.00000 0.48810 0.48827 0.38235 0.19527 0.63140 1.00000 0.58333 1.00000 1.00000 0.51163 0.44753
33.00000 167.00000 0.41954 0.75000 1.00000 1.00000 0.60542 0.48528 0.53477 1.00000 1.00000 0.54106 0.43939 0.18608 1.00000 0.52381 0.34542 0.32353 0.18903 0.50404 1.00000 0.50000 1.00000 1.00000 0.31008 0.30585
33.00000 168.00000 0.72414 0.33333 1.00000 1.00000 0.40663 0.63309 0.61681 1.00000 1.00000 0.63768 0.39394 0.13825 1.00000 0.44643 0.42217 0.41176 0.21179 0.43170 1.00000 0.41667 1.00000 1.00000 0.46512 0.55399
33.00000 169.00000 0.53448 0.50000 1.00000 1.00000 0.46988 0.52823 0.49460 1.00000 1.00000 0.42673 0.33333 0.13816 1.00000 0.51190 0.38380 0.36765 0.17639 0.56676 1.00000 0.58333 1.00000 1.00000 0.49612 0.57457
33.00000 170.00000 0.45402 0.91667 1.00000 1.00000 0.43373 0.59080 0.62002 1.00000 1.00000 0.47182 0.40909 0.18281 1.00000 0.54167 0.35821 0.39706 0.19042 0.51943 1.00000 0.41667 1.00000 1.00000 0.55039 0.61875
33.00000 171.00000 0.47126 0.16667 1.00000 1.00000 0.49699 0.54829 0.54845 1.00000 1.00000 0.48309 0.28788 0.18218 1.00000 0.53571 0.47548 0.44118 0.17138 0.65871 1.00000 0.58333 1.00000 1.00000 0.50388 0.40817
33.00000 172.00000 0.55172 0.08333 1.00000 1.00000 0.66867 0.49771 0.61833 1.00000 1.00000 0.46699 0.39394 0.15265 1.00000 0.51190 0.45416 0.32353 0.16735 0.47865 1.00000 0.41667 1.00000 1.00000 0.53488 0.39464
33.00000 173.00000 0.42529 0.41667 1.00000 1.00000 0.52711 0.37388 0.55402 1.00000 1.00000 0.48470 0.36364 0.13892 1.00000 0.50000 0.53731 0.41176 0.17902 0.47018 1.00000 0.50000 1.00000 1.00000 0.37209 0.48730
33.00000 174.00000 0.45402 0.33333 1.00000 1.00000 0.52410 0.46109 0.63639 1.00000 1.00000 0.42834 0.40909 0.16423 1.00000 0.50000 0.36034 0.38235 0.18748 0.48172 1.00000 0.50000 1.00000 1.00000 0.30233 0.42309
33.00000 175.00000 0.37931 0.66667 1.00000 1.00000 0.42771 0.58164 0.56330 1.00000 1.00000 0.37198 0.45455 0.14808 1.00000 0.62500 0.45842 0.38235 0.18366 0.57676 1.00000 0.33333 1.00000 1.00000 0.42636 0.54543
33.00000 176.00000 0.56897 0.41667 1.00000 1.00000 0.70181 0.62481 0.70645 1.00000 1.00000 0.54267 0.42424 0.17953 1.00000 0.57738 0.43923 0.45588 0.17778 0.42401 1.00000 0.33333 1.00000 1.00000 0.51938 0.47984
33.00000 177.00000 0.43103 0.83333 1.00000 1.00000 0.34639 0.51668 0.58812 1.00000 1.00000 0.43478 0.40909 0.15032 1.00000 0.49405 0.50107 0.44118 0.19171 0.72143 1.00000 0.58333 1.00000 1.00000 0.33333 0.20547
33.00000 178.00000 0.51149 0.41667 1.00000 1.00000 0.65060 0.48659 0.70966 1.00000 1.00000 0.50564 0.39394 0.15108 1.00000 0.51786 0.50959 0.45588 0.16756 0.61408 1.00000 0.50000 1.00000 1.00000 0.44961 0.47735
33.00000 179.00000 0.63793 0.75000 1.00000 1.00000 0.43976 0.60039 0.62289 1.00000 1.00000 0.41707 0.45455 0.16118 1.00000 0.55952 0.36461 0.44118 0.18191 0.51635 1.00000 0.50000 1.00000 1.00000 0.36434 0.43952
33.00000 180.00000 0.44828 0.83333 1.00000 1.00000 0.49096 0.56246 0.62255 1.00000 1.00000 0.51047 0.40909 0.17069 1.00000 0.65476 0.51599 0.38235 0.14816 0.63255 1.00000 0.50000 1.00000 1.00000 0.55039 0.45927
33.00000 181.00000 0.60345 0.66667 1.00000 1.00000 0.50000 0.58361 0.71219 1.00000 1.00000 0.32689 0.37879 0.16629 1.00000 0.69643 0.46269 0.45588 0.19667 0.71951 1.00000 0.58333 1.00000 1.00000 0.42636 0.44104
33.00000 182.00000 0.43103 0.16667 1.00000 1.00000 0.45783 0.51036 0.57377 1.00000 1.00000 0.45089 0.45455 0.16867 1.00000 0.49405 0.36674 0.47059 0.18273 0.71181 1.00000 0.41667 1.00000 1.00000 0.41860 0.42778
33.00000 183.00000 0.67816 0.75000 1.00000 1.00000 0.56928 0.58840 0.72316 1.00000 1.00000 0.37520 0.40909 0.15440 1.00000 0.67857 0.40512 0.47059 0.19465 0.69950 1.00000 0.58333 1.00000 1.00000 0.39535 0.31621
33.00000 184.00000 0.54023 0.50000 1.00000 1.00000 0.55723 0.52300 0.55520 1.00000 1.00000 0.24638 0.46970 0.15135 1.00000 0.58333 0.30064 0.39706 0.17747 0.52905 1.00000 0.58333 1.00000 1.00000 0.38760 0.47294
33.00000 185.00000 0.50000 0.58333 1.00000 1.00000 0.54819 0.52278 0.62812 1.00000 1.00000 0.37842 0.39394 0.16966 1.00000 0.66071 0.35394 0.45588 0.17262 0.63755 1.00000 0.41667 1.00000 1.00000 0.23256 0.52624
33.00000 186.00000 0.67816 0.58333 1.00000 1.00000 0.55723 0.69632 0.71354 1.00000 1.00000 0.33333 0.48485 0.17123 1.00000 0.58929 0.44563 0.51471 0.20885 0.54559 1.00000 0.58333 1.00000 1.00000 0.41860 0.47280
33.00000 187.00000 0.50575 0.41667 1.00000 1.00000 0.52711 0.54829 0.65986 1.00000 1.00000 0.24960 0.51515 0.18859 1.00000 0.68452 0.29851 0.45588 0.16250 0.75067 1.00000 0.58333 1.00000 1.00000 0.34884 0.39506
33.00000 188.00000 0.71839 0.16667 1.00000 1.00000 0.63855 0.48834 0.68400 1.00000 1.00000 0.37198 0.53030 0.16957 1.00000 0.73214 0.27505 0.41176 0.19171 0.58561 1.00000 0.58333 1.00000 1.00000 0.35659 0.36123
33.00000 189.00000 0.38506 0.25000 1.00000 1.00000 0.55120 0.42293 0.60939 1.00000 1.00000 0.14493 0.50000 0.13735 1.00000 0.70238 0.42004 0.52941 0.14377 0.65641 1.00000 0.58333 1.00000 1.00000 0.26357 0.38801
33.00000 190.00000 0.58621 0.41667 1.00000 1.00000 0.67470 0.59254 0.70071 1.00000 1.00000 0.27536 0.53030 0.16993 1.00000 0.70238 0.22388 0.50000 0.16121 0.83955 1.00000 0.66667 1.00000 1.00000 0.30233 0.46700
33.00000 191.00000 0.40230 0.25000 1.00000 1.00000 0.58735 0.63942 0.67201 1.00000 1.00000 0.22544 0.48485 0.15871 1.00000 0.56548 0.28145 0.52941 0.18015 0.83263 1.00000 0.50000 1.00000 1.00000 0.51938 0.37600
33.00000 192.00000 0.44253 0.08333 1.00000 1.00000 0.59940 0.60366 0.83018 1.00000 1.00000 0.39130 0.50000 0.14938 1.00000 0.61310 0.33475 0.51471 0.14888 0.63255 1.00000 0.58333 1.00000 1.00000 0.31783 0.17454
33.00000 193.00000 0.28161 0.66667 1.00000 1.00000 0.56325 0.55330 0.71050 1.00000 1.00000 0.26248 0.54545 0.15925 1.00000 0.70238 0.30704 0.50000 0.16648 0.83263 1.00000 0.50000 1.00000 1.00000 0.31008 0.38291
33.00000 194.00000 0.39655 0.08333 1.00000 1.00000 0.85542 0.41443 0.78106 1.00000 1.00000 0.39130 0.51515 0.15162 1.00000 0.83333 0.23241 0.57353 0.14052 0.46556 1.00000 0.83333 1.00000 1.00000 0.33333 0.25628
33.00000 195.00000 0.62644 0.66667 1.00000 1.00000 0.70181 0.61914 0.83845 1.00000 1.00000 0.27375 0.50000 0.12528 1.00000 0.67857 0.23028 0.50000 0.16245 0.67641 1.00000 0.66667 1.00000 1.00000 0.29457 0.26899
33.00000 196.00000 0.47126 0.41667 1.00000 1.00000 0.73494 0.74602 0.72384 1.00000 1.00000 0.24316 0.50000 0.14884 1.00000 0.84524 0.14286 0.64706 0.16147 0.65140 1.00000 0.66667 1.00000 1.00000 0.34109 0.22632
33.00000 197.00000 0.17241 0.58333 1.00000 1.00000 0.65060 0.63048 0.82326 1.00000 1.00000 0.24316 0.57576 0.17607 1.00000 0.76786 0.21535 0.63235 0.13102 0.71720 1.00000 0.66667 1.00000 1.00000 0.18605 0.21859
33.00000 198.00000 0.55172 0.41667 1.00000 1.00000 0.70482 0.66449 0.80351 1.00000 1.00000 0.22061 0.59091 0.12591 1.00000 0.76190 0.14712 0.58824 0.15229 0.84379 1.00000 0.66667 1.00000 1.00000 0.21705 0.23737
33.00000 199.00000 0.59195 0.58333 1.00000 1.00000 0.83133 0.66667 0.72502 1.00000 1.00000 0.19485 0.63636 0.16916 1.00000 0.77976 0.21748 0.55882 0.13433 0.87072 1.00000 0.58333 1.00000 1.00000 0.20155 0.08050
33.00000 200.00000 0.42529 0.25000 1.00000 1.00000 0.81928 0.75147 0.86496 1.00000 1.00000 0.23027 0.50000 0.13084 1.00000 0.85119 0.23881 0.63235 0.14326 0.72990 1.00000 0.75000 1.00000 1.00000 0.21705 0.12704
