60.00000 1.00000 0.58140 0.69231 1.00000 1.00000 0.18033 0.23488 0.22246 1.00000 0.87500 0.16571 0.61765 0.11975 0.33333 0.18857 0.17932 0.60714 0.15529 0.60768 1.00000 0.36364 1.00000 1.00000 0.55357 0.50775
60.00000 2.00000 0.56395 0.61538 1.00000 1.00000 0.17096 0.28342 0.34025 1.00000 0.81250 0.21216 0.61176 0.12456 0.33333 0.21143 0.14722 0.58333 0.16325 0.57460 1.00000 0.18182 1.00000 1.00000 0.48214 0.48799
60.00000 3.00000 0.45349 0.84615 1.00000 1.00000 0.09368 0.41926 0.32590 1.00000 0.87500 0.22079 0.61765 0.09886 0.33333 0.16000 0.17728 0.67857 0.20187 0.60333 1.00000 0.27273 1.00000 1.00000 0.57143 0.50608
60.00000 4.00000 0.36047 0.76923 1.00000 1.00000 0.26464 0.42337 0.15257 1.00000 0.87500 0.23803 0.63529 0.12774 0.33333 0.12000 0.17524 0.61310 0.19050 0.60550 1.00000 0.18182 1.00000 1.00000 0.55952 0.47092
60.00000 5.00000 0.52326 0.53846 1.00000 1.00000 0.16862 0.36602 0.25039 1.00000 0.87500 0.20594 0.57647 0.11332 0.33333 0.25143 0.15843 0.60714 0.18761 0.61927 1.00000 0.27273 1.00000 1.00000 0.58929 0.58503
60.00000 6.00000 0.47093 0.38462 1.00000 1.00000 0.40281 0.31376 0.26630 1.00000 0.87500 0.16092 0.58824 0.17868 0.33333 0.31429 0.17473 0.60714 0.17824 0.46910 1.00000 0.18182 1.00000 1.00000 0.51190 0.45654
60.00000 7.00000 0.61047 0.84615 1.00000 1.00000 0.40749 0.35545 0.35538 1.00000 0.87500 0.14655 0.64118 0.13486 0.33333 0.28571 0.20071 0.60714 0.19144 0.52076 1.00000 0.18182 1.00000 1.00000 0.46429 0.49875
60.00000 8.00000 0.56977 0.38462 1.00000 1.00000 0.27400 0.33079 0.29329 1.00000 0.87500 0.17146 0.64118 0.13033 0.33333 0.19429 0.19409 0.63095 0.15545 0.57991 1.00000 0.36364 1.00000 1.00000 0.50000 0.47453
60.00000 9.00000 0.68023 0.46154 1.00000 1.00000 0.41218 0.32276 0.40998 1.00000 0.87500 0.16619 0.62353 0.10912 0.33333 0.18286 0.17881 0.60119 0.14890 0.62096 1.00000 0.27273 1.00000 1.00000 0.51786 0.51832
60.00000 10.00000 0.24419 0.46154 1.00000 1.00000 0.19672 0.33607 0.21934 1.00000 0.87500 0.17289 0.60588 0.14489 0.33333 0.18286 0.16251 0.60119 0.15770 0.56253 1.00000 0.09091 1.00000 1.00000 0.45238 0.47834
60.00000 11.00000 0.45930 0.23077 1.00000 1.00000 0.22248 0.37953 0.22902 1.00000 0.87500 0.15421 0.63529 0.11790 0.33333 0.29714 0.20988 0.58929 0.16393 0.57339 1.00000 0.27273 1.00000 1.00000 0.41071 0.43149
60.00000 12.00000 0.62791 0.23077 1.00000 1.00000 0.31148 0.31082 0.16022 1.00000 0.87500 0.20211 0.61176 0.11245 0.33333 0.18857 0.17830 0.61310 0.18075 0.57919 1.00000 0.36364 1.00000 1.00000 0.47619 0.44911
60.00000 13.00000 0.31395 0.76923 1.00000 1.00000 0.30913 0.26228 0.25554 1.00000 0.81250 0.15230 0.62941 0.12331 0.33333 0.19429 0.18696 0.61905 0.18227 0.52269 1.00000 0.27273 1.00000 1.00000 0.47619 0.47314
60.00000 14.00000 0.65116 0.46154 1.00000 1.00000 0.18033 0.39323 0.32746 1.00000 0.87500 0.18870 0.61176 0.11739 0.33333 0.17714 0.18288 0.61905 0.14884 0.63713 1.00000 0.18182 1.00000 1.00000 0.48214 0.52398
60.00000 15.00000 0.36047 0.15385 1.00000 1.00000 0.26698 0.23018 0.35913 1.00000 0.87500 0.17768 0.62353 0.15455 0.33333 0.29714 0.17677 0.63095 0.18578 0.69821 1.00000 0.18182 1.00000 1.00000 0.46429 0.55005
60.00000 16.00000 0.59302 0.61538 1.00000 1.00000 0.29977 0.26385 0.21139 1.00000 0.81250 0.17337 0.63529 0.15007 0.33333 0.09714 0.17422 0.60119 0.20092 0.56736 1.00000 0.18182 1.00000 1.00000 0.49405 0.50552
60.00000 17.00000 0.38953 0.46154 1.00000 1.00000 0.21780 0.39225 0.26209 1.00000 0.87500 0.17864 0.60000 0.14623 0.33333 0.19429 0.18645 0.60119 0.19039 0.51183 1.00000 0.09091 1.00000 1.00000 0.38690 0.52686
60.00000 18.00000 0.63372 0.15385 1.00000 1.00000 0.18735 0.30436 0.24041 1.00000 0.87500 0.21935 0.65882 0.14041 0.33333 0.25714 0.19817 0.63095 0.18615 0.55698 1.00000 0.18182 1.00000 1.00000 0.54167 0.48752
60.00000 19.00000 0.46512 0.46154 1.00000 1.00000 0.11241 0.27187 0.28892 1.00000 0.87500 0.14511 0.60588 0.13431 0.33333 0.28000 0.18085 0.61310 0.21444 0.52656 1.00000 0.09091 1.00000 1.00000 0.54762 0.46730
60.00000 20.00000 0.36047 0.84615 1.00000 1.00000 0.20141 0.23879 0.23463 1.00000 0.81250 0.18151 0.61765 0.14789 0.33333 0.27429 0.17575 0.56548 0.19752 0.62965 1.00000 0.18182 1.00000 1.00000 0.44048 0.41451
60.00000 21.00000 0.56977 0.76923 1.00000 1.00000 0.26698 0.26248 0.24618 1.00000 0.87500 0.19444 0.60588 0.13458 0.33333 0.26857 0.20377 0.61310 0.17158 0.52776 1.00000 0.27273 1.00000 1.00000 0.43452 0.50376
60.00000 22.00000 0.49419 0.61538 1.00000 1.00000 0.24122 0.28577 0.23401 1.00000 0.87500 0.17625 0.61765 0.12543 0.33333 0.21714 0.16302 0.61310 0.15686 0.58184 1.00000 0.18182 1.00000 1.00000 0.32738 0.44308
60.00000 23.00000 0.48256 0.15385 1.00000 1.00000 0.25059 0.30143 0.33541 1.00000 0.87500 0.21839 0.60588 0.15099 0.33333 0.14857 0.21345 0.62500 0.21528 0.56808 1.00000 0.27273 1.00000 1.00000 0.64286 0.44707
60.00000 24.00000 0.45349 0.69231 1.00000 1.00000 0.25059 0.25661 0.22122 1.00000 0.87500 0.15900 0.63529 0.14156 0.33333 0.16571 0.16098 0.61905 0.15733 0.60381 1.00000 0.45455 1.00000 1.00000 0.38690 0.49949
60.00000 25.00000 0.51163 0.38462 1.00000 1.00000 0.28337 0.36622 0.26817 1.00000 0.87500 0.20259 0.62353 0.15834 0.33333 0.15429 0.20020 0.67262 0.19621 0.58667 1.00000 0.36364 1.00000 1.00000 0.44048 0.54003
60.00000 26.00000 0.72674 0.61538 1.00000 1.00000 0.27635 0.32100 0.25507 1.00000 0.87500 0.20929 0.62353 0.09752 0.33333 0.18286 0.14722 0.55952 0.18704 0.62699 1.00000 0.18182 1.00000 1.00000 0.45833 0.48019
60.00000 27.00000 0.45930 0.15385 1.00000 1.00000 0.25293 0.34332 0.30749 1.00000 0.87500 0.18439 0.62353 0.13445 0.33333 0.18857 0.23841 0.60119 0.21271 0.55263 1.00000 0.18182 1.00000 1.00000 0.50595 0.53344
60.00000 28.00000 0.38953 0.76923 1.00000 1.00000 0.18501 0.36583 0.21778 1.00000 0.87500 0.22270 0.60588 0.13130 0.33333 0.16000 0.24198 0.62500 0.17855 0.55891 1.00000 0.18182 1.00000 1.00000 0.47024 0.51350
60.00000 29.00000 0.55814 0.53846 1.00000 1.00000 0.22248 0.44334 0.25757 1.00000 0.81250 0.19157 0.60588 0.12724 0.33333 0.26286 0.18390 0.60714 0.12307 0.64293 1.00000 0.27273 1.00000 1.00000 0.48214 0.57362
60.00000 30.00000 0.48256 0.30769 1.00000 1.00000 0.35831 0.30417 0.14977 1.00000 0.81250 0.17720 0.63529 0.14679 0.33333 0.14857 0.16862 0.55952 0.17389 0.51352 1.00000 0.36364 1.00000 1.00000 0.49405 0.48891
60.00000 31.00000 0.48837 0.15385 1.00000 1.00000 0.25527 0.36739 0.28331 1.00000 0.87500 0.17098 0.62353 0.13005 0.33333 0.20571 0.19562 0.63095 0.18007 0.57919 1.00000 0.27273 1.00000 1.00000 0.61310 0.47843
60.00000 32.00000 0.25581 0.15385 1.00000 1.00000 0.10773 0.32198 0.20296 1.00000 0.87500 0.21025 0.65294 0.14826 0.33333 0.22286 0.18951 0.60119 0.17808 0.62144 1.00000 0.18182 1.00000 1.00000 0.47619 0.50756
60.00000 33.00000 0.44186 0.46154 1.00000 1.00000 0.29977 0.43316 0.08877 1.00000 0.87500 0.14990 0.62941 0.16999 0.33333 0.11429 0.19154 0.60119 0.19181 0.60502 1.00000 0.18182 1.00000 1.00000 0.47024 0.46915
60.00000 34.00000 0.40116 0.61538 1.00000 1.00000 0.25059 0.35780 0.34587 1.00000 0.87500 0.19253 0.61765 0.13306 0.33333 0.15429 0.17779 0.59524 0.17095 0.60092 1.00000 0.36364 1.00000 1.00000 0.55952 0.44744
60.00000 35.00000 0.45930 0.38462 1.00000 1.00000 0.23419 0.30045 0.24524 1.00000 0.87500 0.19109 0.62353 0.13320 0.33333 0.14286 0.15079 0.57738 0.20475 0.51787 1.00000 0.27273 1.00000 1.00000 0.50595 0.51433
60.00000 36.00000 0.54070 0.15385 1.00000 1.00000 0.17564 0.34429 0.25133 1.00000 0.81250 0.13649 0.60000 0.14817 0.33333 0.14857 0.15232 0.58333 0.15869 0.53380 1.00000 0.36364 1.00000 1.00000 0.45833 0.42240
60.00000 37.00000 0.29651 0.76923 1.00000 1.00000 0.19672 0.48444 0.36895 1.00000 0.87500 0.19109 0.61765 0.14166 0.33333 0.23429 0.20988 0.64881 0.18531 0.59971 1.00000 0.18182 1.00000 1.00000 0.50595 0.47073
60.00000 38.00000 0.81977 0.15385 1.00000 1.00000 0.11475 0.30848 0.28284 1.00000 0.81250 0.16906 0.60588 0.12058 0.33333 0.25714 0.13856 0.57738 0.15885 0.54949 1.00000 0.18182 1.00000 1.00000 0.51786 0.54680
60.00000 39.00000 0.24419 0.46154 1.00000 1.00000 0.16393 0.42592 0.28596 1.00000 0.81250 0.17146 0.62353 0.17955 0.33333 0.20571 0.18441 0.62500 0.17483 0.57267 1.00000 0.18182 1.00000 1.00000 0.56548 0.49448
60.00000 40.00000 0.52907 0.30769 1.00000 1.00000 0.22951 0.55823 0.21607 1.00000 0.87500 0.22845 0.62353 0.12187 0.33333 0.21714 0.19358 0.60714 0.18641 0.53380 1.00000 0.09091 1.00000 1.00000 0.49405 0.57890
60.00000 41.00000 0.47674 0.15385 1.00000 1.00000 0.25059 0.50773 0.19360 1.00000 0.81250 0.16475 0.64118 0.15566 0.33333 0.25143 0.19205 0.60714 0.21627 0.63713 1.00000 0.27273 1.00000 1.00000 0.50595 0.47750
60.00000 42.00000 0.55814 0.69231 1.00000 1.00000 0.44496 0.32374 0.27832 1.00000 0.81250 0.14607 0.57647 0.09572 0.33333 0.27429 0.17779 0.55952 0.18353 0.57436 1.00000 0.36364 1.00000 1.00000 0.50595 0.56619
60.00000 43.00000 0.48837 0.84615 1.00000 1.00000 0.16159 0.25582 0.32668 1.00000 0.87500 0.18582 0.59412 0.15256 0.33333 0.21714 0.18798 0.60119 0.15005 0.58160 1.00000 0.27273 1.00000 1.00000 0.55952 0.50793
60.00000 44.00000 0.39535 0.38462 1.00000 1.00000 0.20141 0.36896 0.19579 1.00000 0.87500 0.23563 0.64118 0.15108 0.33333 0.29714 0.20479 0.59524 0.21234 0.47296 1.00000 0.27273 1.00000 1.00000 0.61905 0.44800
60.00000 45.00000 0.64535 0.23077 1.00000 1.00000 0.35831 0.47230 0.18643 1.00000 0.87500 0.18726 0.62353 0.19855 0.33333 0.26857 0.20326 0.63095 0.18327 0.58667 1.00000 0.27273 1.00000 1.00000 0.50595 0.53799
60.00000 46.00000 0.38953 0.15385 1.00000 1.00000 0.25527 0.39832 0.33510 1.00000 0.87500 0.23228 0.61765 0.16523 0.33333 0.13714 0.21294 0.60714 0.17682 0.55287 1.00000 0.18182 1.00000 1.00000 0.46429 0.54977
60.00000 47.00000 0.57558 0.69231 1.00000 1.00000 0.15222 0.61852 0.23869 1.00000 0.87500 0.17193 0.65882 0.13431 0.33333 0.28000 0.20428 0.60714 0.19631 0.58015 1.00000 0.18182 1.00000 1.00000 0.45833 0.55961
60.00000 48.00000 0.61047 0.69231 1.00000 1.00000 0.18735 0.34606 0.30655 1.00000 0.87500 0.19492 0.64118 0.15395 0.33333 0.26857 0.17881 0.60714 0.18442 0.61661 1.00000 0.18182 1.00000 1.00000 0.44643 0.42416
60.00000 49.00000 0.29070 0.30769 1.00000 1.00000 0.23888 0.41691 0.20265 1.00000 0.81250 0.15613 0.61765 0.14974 0.33333 0.14857 0.18441 0.61905 0.19301 0.52221 1.00000 0.18182 1.00000 1.00000 0.52381 0.42416
60.00000 50.00000 0.56977 0.76923 1.00000 1.00000 0.24590 0.40928 0.30296 1.00000 0.81250 0.16667 0.60000 0.14762 0.33333 0.20571 0.18237 0.60119 0.15759 0.59416 1.00000 0.27273 1.00000 1.00000 0.42857 0.44949
60.00000 51.00000 0.55814 0.61538 1.00000 1.00000 0.29040 0.45704 0.20156 1.00000 0.81250 0.21552 0.60588 0.14438 0.33333 0.21714 0.18849 0.63095 0.17473 0.62723 1.00000 0.27273 1.00000 1.00000 0.42262 0.46730
60.00000 52.00000 0.40116 0.38462 1.00000 1.00000 0.28337 0.29027 0.19626 1.00000 0.87500 0.16619 0.60000 0.17858 0.33333 0.30857 0.20937 0.61905 0.17373 0.52873 1.00000 0.36364 1.00000 1.00000 0.51786 0.51007
60.00000 53.00000 0.31395 0.61538 1.00000 1.00000 0.39813 0.26659 0.18877 1.00000 0.81250 0.16810 0.59412 0.14189 0.33333 0.14286 0.17015 0.57738 0.18903 0.56760 1.00000 0.27273 1.00000 1.00000 0.54762 0.44438
60.00000 54.00000 0.44186 0.38462 1.00000 1.00000 0.28571 0.38736 0.29579 1.00000 0.87500 0.19588 0.62941 0.14628 0.33333 0.28571 0.19511 0.58929 0.16991 0.55191 1.00000 0.36364 1.00000 1.00000 0.52976 0.42824
60.00000 55.00000 0.68605 0.38462 1.00000 1.00000 0.32787 0.35212 0.26661 1.00000 0.81250 0.13075 0.64118 0.13837 0.33333 0.20000 0.19205 0.59524 0.18458 0.58957 1.00000 0.18182 1.00000 1.00000 0.41071 0.54365
60.00000 56.00000 0.44186 0.15385 1.00000 1.00000 0.14988 0.41476 0.24368 1.00000 0.81250 0.19780 0.62353 0.14378 0.33333 0.17143 0.16505 0.59524 0.17771 0.53935 1.00000 0.18182 1.00000 1.00000 0.51786 0.47862
60.00000 57.00000 0.33721 0.76923 1.00000 1.00000 0.22717 0.37385 0.24649 1.00000 0.81250 0.19205 0.61176 0.13606 0.33333 0.21143 0.19154 0.58333 0.16472 0.50990 1.00000 0.27273 1.00000 1.00000 0.57143 0.52213
60.00000 58.00000 0.43023 0.76923 1.00000 1.00000 0.30211 0.37346 0.34743 1.00000 0.87500 0.19444 0.62941 0.15423 0.33333 0.09714 0.17830 0.64881 0.18211 0.55022 1.00000 0.36364 1.00000 1.00000 0.47619 0.43102
60.00000 59.00000 0.58140 0.23077 1.00000 1.00000 0.21780 0.40360 0.28393 1.00000 0.87500 0.19684 0.63529 0.15016 0.33333 0.26286 0.22669 0.60714 0.20061 0.52197 1.00000 0.27273 1.00000 1.00000 0.44048 0.45255
60.00000 60.00000 0.41860 0.38462 1.00000 1.00000 0.30445 0.30711 0.18752 1.00000 0.81250 0.16810 0.62353 0.13384 0.33333 0.21714 0.17881 0.57143 0.15209 0.44544 1.00000 0.18182 1.00000 1.00000 0.38095 0.51099
60.00000 61.00000 0.37791 0.76923 1.00000 1.00000 0.32319 0.25093 0.30562 1.00000 0.87500 0.17625 0.60000 0.15839 0.33333 0.27429 0.14977 0.60119 0.16640 0.57388 1.00000 0.27273 1.00000 1.00000 0.56548 0.49309
60.00000 62.00000 0.68023 0.30769 1.00000 1.00000 0.26698 0.42513 0.32777 1.00000 0.81250 0.21600 0.62353 0.12636 0.33333 0.28571 0.20326 0.61905 0.19416 0.58643 1.00000 0.27273 1.00000 1.00000 0.53571 0.51573
60.00000 63.00000 0.54651 0.38462 1.00000 1.00000 0.18501 0.28929 0.30078 1.00000 0.81250 0.19397 0.65294 0.13620 0.33333 0.36571 0.23128 0.60714 0.20910 0.55336 1.00000 0.27273 1.00000 1.00000 0.39881 0.46646
60.00000 64.00000 0.52326 0.38462 1.00000 1.00000 0.17564 0.28205 0.28643 1.00000 0.87500 0.22270 0.63529 0.17567 0.33333 0.20571 0.23535 0.60119 0.19123 0.60092 1.00000 0.18182 1.00000 1.00000 0.43452 0.53075
60.00000 65.00000 0.36628 0.23077 1.00000 1.00000 0.28103 0.27305 0.29704 1.00000 0.87500 0.22462 0.61765 0.15848 0.33333 0.13143 0.21905 0.62500 0.17949 0.51328 1.00000 0.18182 1.00000 1.00000 0.52976 0.48567
60.00000 66.00000 0.39535 0.23077 1.00000 1.00000 0.24590 0.40125 0.21794 1.00000 0.87500 0.18966 0.63529 0.16828 0.33333 0.34286 0.20326 0.62500 0.17986 0.59874 1.00000 0.45455 1.00000 1.00000 0.49405 0.49040
60.00000 67.00000 0.47674 0.84615 1.00000 1.00000 0.33255 0.32453 0.23900 1.00000 0.87500 0.21600 0.64706 0.14082 0.33333 0.24571 0.19613 0.62500 0.18961 0.60913 1.00000 0.27273 1.00000 1.00000 0.39881 0.57593
60.00000 68.00000 0.59884 0.46154 1.00000 1.00000 0.29742 0.32061 0.21108 1.00000 0.87500 0.16427 0.64118 0.14096 0.33333 0.28571 0.18798 0.63690 0.20113 0.56060 1.00000 0.18182 1.00000 1.00000 0.44643 0.40273
60.00000 69.00000 0.52907 0.30769 1.00000 1.00000 0.37939 0.40947 0.32434 1.00000 0.81250 0.20546 0.62353 0.19208 0.33333 0.21143 0.19613 0.58929 0.18961 0.57219 1.00000 0.18182 1.00000 1.00000 0.55357 0.53131
60.00000 70.00000 0.42442 0.84615 1.00000 1.00000 0.32553 0.34527 0.21934 1.00000 0.81250 0.18008 0.60588 0.12603 0.33333 0.18857 0.18085 0.59524 0.15712 0.54780 1.00000 0.18182 1.00000 1.00000 0.43452 0.61954
60.00000 71.00000 0.39535 0.30769 1.00000 1.00000 0.31382 0.43296 0.35757 1.00000 0.81250 0.18247 0.61176 0.13995 0.33333 0.13143 0.20632 0.63690 0.18185 0.58450 1.00000 0.27273 1.00000 1.00000 0.63095 0.44939
60.00000 72.00000 0.46512 0.23077 1.00000 1.00000 0.30445 0.41535 0.31841 1.00000 0.81250 0.22797 0.64706 0.14831 0.33333 0.23429 0.20530 0.61310 0.19018 0.54708 1.00000 0.18182 1.00000 1.00000 0.50595 0.46405
60.00000 73.00000 0.38953 0.53846 1.00000 1.00000 0.24590 0.49325 0.23838 1.00000 0.81250 0.21600 0.61765 0.14720 0.33333 0.29143 0.19969 0.63690 0.18494 0.58329 1.00000 0.18182 1.00000 1.00000 0.61310 0.46637
60.00000 74.00000 0.52907 0.84615 1.00000 1.00000 0.24590 0.31200 0.22855 1.00000 0.87500 0.20115 0.63529 0.13713 0.33333 0.24571 0.22924 0.62500 0.19474 0.50604 1.00000 0.27273 1.00000 1.00000 0.54167 0.59217
60.00000 75.00000 0.56395 0.38462 1.00000 1.00000 0.35597 0.34958 0.19220 1.00000 0.87500 0.22605 0.61765 0.14688 0.33333 0.21714 0.22771 0.63095 0.19317 0.54515 1.00000 0.00000 1.00000 1.00000 0.50595 0.56610
60.00000 76.00000 0.20349 0.76923 1.00000 1.00000 0.22248 0.36152 0.20515 1.00000 0.87500 0.18582 0.63529 0.15718 0.33333 0.24000 0.17830 0.62500 0.21774 0.57846 1.00000 0.27273 1.00000 1.00000 0.48214 0.44735
60.00000 77.00000 0.69186 0.46154 1.00000 1.00000 0.33255 0.46956 0.31420 1.00000 0.81250 0.20259 0.62353 0.12821 0.33333 0.21143 0.23332 0.63690 0.20145 0.57315 1.00000 0.27273 1.00000 1.00000 0.47619 0.47862
60.00000 78.00000 0.60465 0.61538 1.00000 1.00000 0.25293 0.39029 0.31544 1.00000 0.81250 0.21025 0.60588 0.15658 0.33333 0.14857 0.19664 0.60119 0.17226 0.60406 1.00000 0.27273 1.00000 1.00000 0.51786 0.49587
60.00000 79.00000 0.49419 0.69231 1.00000 1.00000 0.25293 0.46937 0.16521 1.00000 0.87500 0.22031 0.64706 0.15691 0.33333 0.35429 0.21141 0.64286 0.18421 0.56808 1.00000 0.27273 1.00000 1.00000 0.52381 0.52463
60.00000 80.00000 0.63372 0.30769 1.00000 1.00000 0.22248 0.35760 0.25991 1.00000 0.87500 0.25144 0.63529 0.17895 0.33333 0.28000 0.21090 0.63690 0.20071 0.47900 1.00000 0.27273 1.00000 1.00000 0.44643 0.45171
60.00000 81.00000 0.49419 0.61538 1.00000 1.00000 0.43326 0.37072 0.35523 1.00000 0.81250 0.17912 0.60588 0.14124 0.33333 0.29143 0.19969 0.63095 0.18861 0.47972 1.00000 0.27273 1.00000 1.00000 0.47619 0.46034
60.00000 82.00000 0.74419 0.84615 1.00000 1.00000 0.25059 0.17616 0.29875 1.00000 0.87500 0.20690 0.62353 0.13116 0.33333 0.28571 0.23484 0.62500 0.20307 0.62627 1.00000 0.18182 1.00000 1.00000 0.56548 0.53901
60.00000 83.00000 0.34302 0.76923 1.00000 1.00000 0.17564 0.32727 0.30671 1.00000 0.81250 0.22989 0.63529 0.13454 0.33333 0.21143 0.19409 0.58333 0.17776 0.53066 1.00000 0.18182 1.00000 1.00000 0.52976 0.50617
60.00000 84.00000 0.48837 0.15385 1.00000 1.00000 0.33958 0.51145 0.26396 1.00000 0.87500 0.20977 0.61765 0.16666 0.33333 0.32000 0.22109 0.60714 0.19223 0.50459 1.00000 0.45455 1.00000 1.00000 0.51786 0.57937
60.00000 85.00000 0.46512 0.61538 1.00000 1.00000 0.29508 0.31787 0.28736 1.00000 0.81250 0.19349 0.61765 0.15238 0.33333 0.29143 0.24045 0.63690 0.21051 0.41598 1.00000 0.36364 1.00000 1.00000 0.55952 0.52092
60.00000 86.00000 0.16860 0.69231 1.00000 1.00000 0.30211 0.33372 0.30546 1.00000 0.87500 0.23084 0.68235 0.14799 0.33333 0.22857 0.21651 0.64286 0.20338 0.50048 1.00000 0.18182 1.00000 1.00000 0.47619 0.56981
60.00000 87.00000 0.70349 0.46154 1.00000 1.00000 0.16862 0.42474 0.24243 1.00000 0.81250 0.25096 0.63529 0.18515 0.33333 0.37714 0.23943 0.58333 0.16540 0.58184 1.00000 0.27273 1.00000 1.00000 0.51190 0.52333
60.00000 88.00000 0.51163 0.38462 1.00000 1.00000 0.26698 0.42983 0.34649 1.00000 0.81250 0.20738 0.65882 0.16296 0.33333 0.39429 0.20734 0.62500 0.18772 0.53887 1.00000 0.36364 1.00000 1.00000 0.47024 0.53530
60.00000 89.00000 0.38372 0.53846 1.00000 1.00000 0.31148 0.31533 0.30406 1.00000 0.81250 0.19780 0.65294 0.16453 0.33333 0.21714 0.22567 0.61905 0.18101 0.58691 1.00000 0.36364 1.00000 1.00000 0.40476 0.53215
60.00000 90.00000 0.38372 0.61538 1.00000 1.00000 0.29977 0.37757 0.16661 1.00000 0.81250 0.20163 0.64118 0.14637 0.33333 0.15429 0.20428 0.63095 0.18175 0.49493 1.00000 0.18182 1.00000 1.00000 0.54167 0.54541
60.00000 91.00000 0.66279 0.69231 1.00000 1.00000 0.35129 0.39225 0.22340 1.00000 0.87500 0.22414 0.65882 0.13486 0.33333 0.14857 0.23434 0.65476 0.17782 0.47755 1.00000 0.36364 1.00000 1.00000 0.39286 0.53883
60.00000 92.00000 0.27326 0.46154 1.00000 1.00000 0.29742 0.36563 0.19282 1.00000 0.87500 0.23898 0.65882 0.13948 0.33333 0.22286 0.22873 0.63690 0.19715 0.54925 1.00000 0.27273 1.00000 1.00000 0.53571 0.53066
60.00000 93.00000 0.71512 0.69231 1.00000 1.00000 0.32319 0.31591 0.33635 1.00000 0.81250 0.24808 0.63529 0.17983 0.33333 0.33143 0.19969 0.64881 0.23272 0.48382 1.00000 0.45455 1.00000 1.00000 0.49405 0.51712
60.00000 94.00000 0.53488 0.15385 1.00000 1.00000 0.25293 0.43316 0.34353 1.00000 0.87500 0.28688 0.62353 0.16426 0.33333 0.39429 0.25981 0.64881 0.20910 0.45099 1.00000 0.45455 1.00000 1.00000 0.54762 0.52973
60.00000 95.00000 0.63953 0.69231 1.00000 1.00000 0.29508 0.35330 0.39563 1.00000 0.87500 0.21983 0.63529 0.16278 0.33333 0.20571 0.21803 0.63690 0.24676 0.48165 1.00000 0.27273 1.00000 1.00000 0.57738 0.51953
60.00000 96.00000 0.60465 0.46154 1.00000 1.00000 0.23419 0.44431 0.33448 1.00000 0.81250 0.18103 0.63529 0.16962 0.33333 0.31429 0.22873 0.63690 0.16734 0.56639 1.00000 0.36364 1.00000 1.00000 0.44048 0.51072
60.00000 97.00000 0.55814 0.53846 1.00000 1.00000 0.33489 0.49031 0.31638 1.00000 0.87500 0.27011 0.63529 0.18773 0.33333 0.20000 0.24350 0.67262 0.21161 0.55987 1.00000 0.36364 1.00000 1.00000 0.49405 0.46841
60.00000 98.00000 0.44186 0.61538 1.00000 1.00000 0.25527 0.40223 0.24571 1.00000 0.81250 0.21408 0.65294 0.17831 0.33333 0.30857 0.23688 0.61310 0.22754 0.59174 1.00000 0.27273 1.00000 1.00000 0.55952 0.52547
60.00000 99.00000 0.34302 0.84615 1.00000 1.00000 0.17799 0.28694 0.38658 1.00000 0.87500 0.24330 0.61765 0.17151 0.33333 0.16571 0.23332 0.61905 0.18316 0.62627 1.00000 0.27273 1.00000 1.00000 0.53571 0.51851
60.00000 100.00000 0.33721 0.61538 1.00000 1.00000 0.27869 0.37346 0.44087 1.00000 0.81250 0.22845 0.64118 0.16167 0.33333 0.22286 0.24045 0.61905 0.18903 0.55142 1.00000 0.36364 1.00000 1.00000 0.52381 0.47240
60.00000 101.00000 0.36047 0.69231 1.00000 1.00000 0.22248 0.37307 0.31903 1.00000 0.87500 0.22174 0.64706 0.15538 0.33333 0.25143 0.27611 0.65476 0.18075 0.57581 1.00000 0.36364 1.00000 1.00000 0.55952 0.46804
60.00000 102.00000 0.31395 0.23077 1.00000 1.00000 0.24122 0.19573 0.23510 1.00000 0.87500 0.26149 0.67059 0.15395 0.33333 0.34857 0.23484 0.62500 0.20359 0.56253 1.00000 0.36364 1.00000 1.00000 0.53571 0.45978
60.00000 103.00000 0.40698 0.76923 1.00000 1.00000 0.27400 0.41339 0.31045 1.00000 0.87500 0.25383 0.64706 0.19887 0.33333 0.23429 0.27407 0.65476 0.17556 0.38894 1.00000 0.18182 1.00000 1.00000 0.51190 0.48409
60.00000 104.00000 0.45349 0.30769 1.00000 1.00000 0.34895 0.27089 0.33214 1.00000 0.81250 0.26724 0.62353 0.18307 0.33333 0.26857 0.22873 0.63690 0.20826 0.56181 1.00000 0.27273 1.00000 1.00000 0.54167 0.55886
60.00000 105.00000 0.40698 0.69231 1.00000 1.00000 0.37705 0.42552 0.23245 1.00000 0.81250 0.24234 0.61765 0.18339 0.33333 0.37714 0.25471 0.63095 0.20082 0.47006 1.00000 0.36364 1.00000 1.00000 0.54167 0.51897
60.00000 106.00000 0.77907 0.38462 1.00000 1.00000 0.23653 0.35291 0.31201 1.00000 0.81250 0.24713 0.61176 0.15866 0.33333 0.28000 0.21803 0.63690 0.20029 0.53790 1.00000 0.36364 1.00000 1.00000 0.47024 0.43659
60.00000 107.00000 0.48837 0.15385 1.00000 1.00000 0.32319 0.33392 0.40952 1.00000 0.87500 0.25718 0.62941 0.19545 0.33333 0.30857 0.28528 0.64286 0.17137 0.51690 1.00000 0.09091 1.00000 1.00000 0.47024 0.47834
60.00000 108.00000 0.37791 0.23077 1.00000 1.00000 0.33255 0.45645 0.28565 1.00000 0.81250 0.21312 0.67647 0.14928 0.33333 0.18857 0.22720 0.66667 0.20669 0.65741 1.00000 0.27273 1.00000 1.00000 0.55952 0.51498
60.00000 109.00000 0.50581 0.69231 1.00000 1.00000 0.35831 0.28029 0.27473 1.00000 0.81250 0.27921 0.64118 0.15182 0.33333 0.31429 0.23434 0.66667 0.17997 0.49372 1.00000 0.36364 1.00000 1.00000 0.59524 0.48687
60.00000 110.00000 0.59302 0.76923 1.00000 1.00000 0.28806 0.42259 0.21420 1.00000 0.81250 0.23851 0.64706 0.17267 0.33333 0.26286 0.24809 0.60714 0.19364 0.41574 1.00000 0.27273 1.00000 1.00000 0.56548 0.50793
60.00000 111.00000 0.69767 0.61538 1.00000 1.00000 0.22248 0.32296 0.35991 1.00000 0.81250 0.27538 0.64118 0.15095 0.33333 0.24571 0.24503 0.64881 0.17520 0.68445 1.00000 0.27273 1.00000 1.00000 0.50595 0.55116
60.00000 112.00000 0.55814 0.76923 1.00000 1.00000 0.28571 0.34880 0.27707 1.00000 0.87500 0.29454 0.68824 0.19513 0.33333 0.33714 0.29699 0.66071 0.20810 0.48817 1.00000 0.45455 1.00000 1.00000 0.55357 0.48335
60.00000 113.00000 0.66860 0.84615 1.00000 1.00000 0.33489 0.38970 0.32777 1.00000 0.81250 0.28927 0.66471 0.15765 0.33333 0.24571 0.27662 0.66667 0.20270 0.41429 1.00000 0.27273 1.00000 1.00000 0.56548 0.55775
60.00000 114.00000 0.35465 0.38462 1.00000 1.00000 0.38407 0.43609 0.21186 1.00000 0.81250 0.20881 0.65294 0.16703 0.33333 0.21143 0.24350 0.62500 0.21533 0.47537 1.00000 0.36364 1.00000 1.00000 0.55357 0.56944
60.00000 115.00000 0.44767 0.53846 1.00000 1.00000 0.28571 0.38618 0.30905 1.00000 0.87500 0.28257 0.65882 0.15621 0.33333 0.25714 0.27916 0.64286 0.23870 0.44978 1.00000 0.45455 1.00000 1.00000 0.56548 0.53855
60.00000 116.00000 0.52907 0.15385 1.00000 1.00000 0.35831 0.49383 0.35382 1.00000 0.87500 0.25862 0.66471 0.18163 0.33333 0.29714 0.27356 0.65476 0.20689 0.48455 1.00000 0.27273 1.00000 1.00000 0.52976 0.60989
60.00000 117.00000 0.60465 0.30769 1.00000 1.00000 0.29040 0.42611 0.25429 1.00000 0.87500 0.29646 0.63529 0.21306 0.33333 0.28571 0.27713 0.65476 0.22266 0.48527 1.00000 0.18182 1.00000 1.00000 0.55357 0.52296
60.00000 118.00000 0.36628 0.61538 1.00000 1.00000 0.29508 0.35663 0.38534 1.00000 0.87500 0.30603 0.63529 0.20104 0.33333 0.38286 0.27967 0.67262 0.21454 0.49590 1.00000 0.27273 1.00000 1.00000 0.45833 0.53623
60.00000 119.00000 0.41279 0.15385 1.00000 1.00000 0.39578 0.46663 0.23916 1.00000 0.87500 0.29023 0.67647 0.17322 0.33333 0.37714 0.31584 0.64881 0.22115 0.51931 1.00000 0.18182 1.00000 1.00000 0.50000 0.50441
60.00000 120.00000 0.36628 0.84615 1.00000 1.00000 0.26230 0.39773 0.38783 1.00000 0.81250 0.27778 0.68824 0.17276 0.33333 0.20000 0.30107 0.67262 0.22198 0.56712 1.00000 0.27273 1.00000 1.00000 0.50595 0.58772
60.00000 121.00000 0.83140 0.61538 1.00000 1.00000 0.38642 0.35115 0.37395 1.00000 0.81250 0.24473 0.67059 0.20895 0.33333 0.34286 0.25267 0.63690 0.23058 0.51714 1.00000 0.45455 1.00000 1.00000 0.61905 0.52352
60.00000 122.00000 0.36047 0.84615 1.00000 1.00000 0.23888 0.50166 0.30047 1.00000 0.81250 0.26485 0.67059 0.20238 0.33333 0.18857 0.28018 0.65476 0.23985 0.45365 1.00000 0.36364 1.00000 1.00000 0.58333 0.51192
60.00000 123.00000 0.53488 0.61538 1.00000 1.00000 0.30445 0.60756 0.29548 1.00000 0.81250 0.28736 0.67059 0.18658 0.33333 0.30857 0.30464 0.63095 0.22733 0.47972 1.00000 0.45455 1.00000 1.00000 0.67857 0.56842
60.00000 124.00000 0.41279 0.15385 1.00000 1.00000 0.41452 0.35839 0.34399 1.00000 0.87500 0.32136 0.64706 0.21020 0.33333 0.33714 0.31279 0.66667 0.19856 0.57122 1.00000 0.18182 1.00000 1.00000 0.53571 0.61870
60.00000 125.00000 0.44767 0.15385 1.00000 1.00000 0.35363 0.40478 0.27878 1.00000 0.87500 0.28784 0.67647 0.17197 0.33333 0.33714 0.31890 0.67857 0.23791 0.43288 1.00000 0.27273 1.00000 1.00000 0.64286 0.56063
60.00000 126.00000 0.55814 0.30769 1.00000 1.00000 0.30913 0.47583 0.31638 1.00000 0.81250 0.29693 0.63529 0.17553 0.33333 0.22857 0.29445 0.64881 0.21591 0.49565 1.00000 0.27273 1.00000 1.00000 0.55952 0.49133
60.00000 127.00000 0.49419 0.15385 1.00000 1.00000 0.35363 0.33177 0.29314 1.00000 0.87500 0.36255 0.69412 0.18080 0.33333 0.24000 0.31330 0.66667 0.24587 0.49155 1.00000 0.36364 1.00000 1.00000 0.54167 0.58354
60.00000 128.00000 0.26744 0.69231 1.00000 1.00000 0.26698 0.40830 0.25663 1.00000 0.87500 0.34243 0.67647 0.21616 0.33333 0.33714 0.32807 0.65476 0.25080 0.55142 1.00000 0.36364 1.00000 1.00000 0.58929 0.64440
60.00000 129.00000 0.54070 0.69231 1.00000 1.00000 0.27400 0.44314 0.25663 1.00000 0.81250 0.29550 0.64706 0.21177 0.33333 0.30286 0.30056 0.67857 0.23409 0.44157 1.00000 0.45455 1.00000 1.00000 0.58333 0.60163
60.00000 130.00000 0.54651 0.69231 1.00000 1.00000 0.27635 0.48307 0.26412 1.00000 0.81250 0.28496 0.65882 0.19370 0.33333 0.32571 0.33011 0.67262 0.20669 0.55432 1.00000 0.45455 1.00000 1.00000 0.50000 0.52704
60.00000 131.00000 0.62209 0.84615 1.00000 1.00000 0.29274 0.36289 0.22886 1.00000 0.87500 0.35967 0.70588 0.19028 0.33333 0.32571 0.38411 0.70238 0.25158 0.48407 1.00000 0.27273 1.00000 1.00000 0.62500 0.62343
60.00000 132.00000 0.44186 0.46154 1.00000 1.00000 0.28337 0.31572 0.38003 1.00000 0.81250 0.31130 0.67647 0.18237 0.33333 0.38286 0.31482 0.66071 0.23775 0.51183 1.00000 0.36364 1.00000 1.00000 0.53571 0.61444
60.00000 133.00000 0.37791 0.23077 1.00000 1.00000 0.23653 0.48757 0.30062 1.00000 0.87500 0.36159 0.64706 0.20238 0.33333 0.34286 0.36679 0.66667 0.26185 0.55867 1.00000 0.27273 1.00000 1.00000 0.54167 0.55413
60.00000 134.00000 0.18023 0.69231 1.00000 1.00000 0.30445 0.43805 0.41856 1.00000 0.81250 0.35393 0.70588 0.18524 0.33333 0.34286 0.32145 0.69643 0.23912 0.56446 1.00000 0.45455 1.00000 1.00000 0.51190 0.62334
60.00000 135.00000 0.41860 0.23077 1.00000 1.00000 0.20843 0.36759 0.22995 1.00000 0.81250 0.32088 0.67059 0.20349 0.33333 0.37714 0.34233 0.66071 0.23828 0.46451 1.00000 0.18182 1.00000 1.00000 0.60119 0.55441
60.00000 136.00000 0.38953 0.53846 1.00000 1.00000 0.32319 0.35897 0.31903 1.00000 0.87500 0.34722 0.70588 0.24809 0.33333 0.34286 0.35863 0.69643 0.24933 0.47344 1.00000 0.36364 1.00000 1.00000 0.65476 0.65034
60.00000 137.00000 0.48837 0.61538 1.00000 1.00000 0.43794 0.46115 0.27161 1.00000 0.87500 0.37213 0.68824 0.21778 0.33333 0.37714 0.35303 0.69048 0.24315 0.49879 1.00000 0.45455 1.00000 1.00000 0.64286 0.51211
60.00000 138.00000 0.60465 0.69231 1.00000 1.00000 0.40984 0.48796 0.37754 1.00000 0.81250 0.36063 0.68235 0.22295 0.33333 0.32571 0.34131 0.70238 0.24891 0.46354 1.00000 0.36364 1.00000 1.00000 0.60119 0.60200
60.00000 139.00000 0.62209 0.30769 1.00000 1.00000 0.28571 0.33333 0.52480 1.00000 0.87500 0.36830 0.69412 0.23991 0.33333 0.24571 0.40958 0.66667 0.24116 0.36987 1.00000 0.18182 1.00000 1.00000 0.60119 0.51832
60.00000 140.00000 0.56977 0.53846 1.00000 1.00000 0.37705 0.29477 0.34306 1.00000 0.81250 0.38602 0.68824 0.24722 0.33333 0.37714 0.35762 0.67262 0.23503 0.44978 1.00000 0.54545 1.00000 1.00000 0.64881 0.57204
60.00000 141.00000 0.43023 0.61538 1.00000 1.00000 0.25761 0.47876 0.33682 1.00000 0.81250 0.35441 0.65882 0.22480 0.33333 0.33714 0.35660 0.66667 0.26866 0.55360 1.00000 0.63636 1.00000 1.00000 0.48214 0.59495
60.00000 142.00000 0.41860 0.30769 1.00000 1.00000 0.24590 0.40928 0.42293 1.00000 0.81250 0.34674 0.67059 0.22041 0.33333 0.33143 0.35048 0.67857 0.23576 0.36625 1.00000 0.27273 1.00000 1.00000 0.55357 0.58994
60.00000 143.00000 0.54070 0.53846 1.00000 1.00000 0.36066 0.42122 0.32262 1.00000 0.87500 0.39033 0.74118 0.23760 0.33333 0.46286 0.39277 0.73214 0.24661 0.41864 1.00000 0.27273 1.00000 1.00000 0.58929 0.67084
60.00000 144.00000 0.36047 0.84615 1.00000 1.00000 0.31616 0.43433 0.43479 1.00000 0.87500 0.39511 0.71176 0.24153 0.33333 0.45143 0.40550 0.73810 0.25111 0.44858 1.00000 0.54545 1.00000 1.00000 0.61310 0.60302
60.00000 145.00000 0.81977 0.61538 1.00000 1.00000 0.32553 0.45332 0.39828 1.00000 0.81250 0.38745 0.67647 0.23598 0.33333 0.38286 0.36169 0.68452 0.26363 0.40874 1.00000 0.36364 1.00000 1.00000 0.54167 0.49337
60.00000 146.00000 0.69767 0.46154 1.00000 1.00000 0.56206 0.45645 0.41404 1.00000 0.87500 0.40230 0.72353 0.25396 0.33333 0.33714 0.41722 0.69643 0.27008 0.34862 1.00000 0.36364 1.00000 1.00000 0.55952 0.63011
60.00000 147.00000 0.69186 0.38462 1.00000 1.00000 0.42623 0.36583 0.48300 1.00000 0.87500 0.45785 0.72941 0.24680 0.66667 0.39429 0.45441 0.75000 0.29224 0.45075 1.00000 0.45455 1.00000 1.00000 0.70238 0.65257
60.00000 148.00000 0.63372 0.30769 1.00000 1.00000 0.38876 0.50284 0.34415 1.00000 0.87500 0.41188 0.74706 0.23663 0.33333 0.38286 0.39888 0.71429 0.26767 0.42781 1.00000 0.27273 1.00000 1.00000 0.57143 0.46349
60.00000 149.00000 0.45930 0.61538 1.00000 1.00000 0.37002 0.40458 0.44103 1.00000 0.87500 0.40421 0.73529 0.26348 0.33333 0.33143 0.40907 0.72024 0.25688 0.47489 1.00000 0.45455 1.00000 1.00000 0.64286 0.65897
60.00000 150.00000 0.69186 0.46154 1.00000 1.00000 0.31148 0.49736 0.33198 1.00000 0.81250 0.38793 0.71176 0.26774 0.33333 0.33143 0.42282 0.69643 0.25557 0.48093 1.00000 0.45455 1.00000 1.00000 0.63095 0.64412
60.00000 151.00000 0.48837 0.84615 1.00000 1.00000 0.29274 0.29634 0.47769 1.00000 0.81250 0.40374 0.70588 0.27134 0.33333 0.49143 0.41009 0.73214 0.25462 0.41767 1.00000 0.45455 1.00000 1.00000 0.67262 0.54634
60.00000 152.00000 0.30233 0.15385 1.00000 1.00000 0.37939 0.45273 0.50156 1.00000 0.81250 0.42193 0.71176 0.25392 0.33333 0.38286 0.43352 0.70238 0.24325 0.37397 1.00000 0.36364 1.00000 1.00000 0.58333 0.65748
60.00000 153.00000 0.51163 0.23077 1.00000 1.00000 0.35597 0.43237 0.45304 1.00000 0.87500 0.49617 0.72941 0.28567 0.66667 0.37714 0.46663 0.75595 0.27354 0.46837 1.00000 0.45455 1.00000 1.00000 0.60714 0.52240
60.00000 154.00000 0.52907 0.84615 1.00000 1.00000 0.39578 0.46643 0.52122 1.00000 0.87500 0.46695 0.76471 0.25826 0.66667 0.48571 0.47631 0.69643 0.30073 0.43506 1.00000 0.36364 1.00000 1.00000 0.65476 0.75925
60.00000 155.00000 0.50000 0.23077 1.00000 1.00000 0.30445 0.39460 0.39392 1.00000 0.87500 0.45450 0.76471 0.29214 0.66667 0.37143 0.47937 0.73214 0.28543 0.41188 1.00000 0.45455 1.00000 1.00000 0.48810 0.66565
60.00000 156.00000 0.53488 0.46154 1.00000 1.00000 0.26230 0.51419 0.46693 1.00000 0.87500 0.45115 0.75294 0.27795 0.66667 0.44571 0.50127 0.70238 0.29874 0.38460 1.00000 0.45455 1.00000 1.00000 0.56548 0.58753
60.00000 157.00000 0.29070 0.69231 1.00000 1.00000 0.47541 0.46310 0.44945 1.00000 0.87500 0.46504 0.75294 0.27236 0.66667 0.46286 0.47224 0.74405 0.28040 0.43385 1.00000 0.54545 1.00000 1.00000 0.70238 0.61008
60.00000 158.00000 0.34302 0.15385 1.00000 1.00000 0.41686 0.45175 0.35554 1.00000 0.87500 0.50670 0.74118 0.26196 0.66667 0.38857 0.49007 0.74405 0.31341 0.43506 1.00000 0.45455 1.00000 1.00000 0.61310 0.67242
60.00000 159.00000 0.70930 0.84615 1.00000 1.00000 0.44262 0.48796 0.55897 1.00000 0.87500 0.48180 0.72941 0.26787 0.66667 0.44000 0.50076 0.70833 0.27333 0.38291 1.00000 0.45455 1.00000 1.00000 0.61905 0.56016
60.00000 160.00000 0.33140 0.76923 1.00000 1.00000 0.51288 0.32296 0.43385 1.00000 0.87500 0.48036 0.75882 0.28072 0.66667 0.45143 0.50484 0.72024 0.33955 0.39884 1.00000 0.45455 1.00000 1.00000 0.60714 0.69431
60.00000 161.00000 0.31395 0.15385 1.00000 1.00000 0.34426 0.73713 0.48284 1.00000 0.87500 0.49234 0.74706 0.26492 0.66667 0.43429 0.47835 0.75000 0.27810 0.34283 1.00000 0.45455 1.00000 1.00000 0.62500 0.63253
60.00000 162.00000 0.58140 0.46154 1.00000 1.00000 0.37939 0.41182 0.45601 1.00000 0.87500 0.51820 0.76471 0.28701 0.66667 0.45143 0.52776 0.73810 0.31833 0.33148 1.00000 0.45455 1.00000 1.00000 0.67857 0.69051
60.00000 163.00000 0.52907 0.30769 1.00000 1.00000 0.36066 0.51537 0.47145 1.00000 0.81250 0.48515 0.72353 0.28511 0.33333 0.47429 0.51503 0.75000 0.31184 0.42395 1.00000 0.45455 1.00000 1.00000 0.83333 0.61054
60.00000 164.00000 0.74419 0.53846 1.00000 1.00000 0.50585 0.58563 0.53292 1.00000 0.87500 0.54933 0.78235 0.29958 0.66667 0.45714 0.55935 0.74405 0.32603 0.40850 1.00000 0.36364 1.00000 1.00000 0.82738 0.50311
60.00000 165.00000 0.33721 0.69231 1.00000 1.00000 0.39110 0.51595 0.53307 1.00000 0.87500 0.60249 0.78235 0.31086 0.66667 0.55429 0.58176 0.77976 0.31194 0.37639 1.00000 0.54545 1.00000 1.00000 0.66071 0.60831
60.00000 166.00000 0.33721 0.69231 1.00000 1.00000 0.39110 0.57917 0.55164 1.00000 0.87500 0.54167 0.80000 0.30041 0.66667 0.53143 0.58176 0.77976 0.36559 0.36939 1.00000 0.54545 1.00000 1.00000 0.74405 0.64384
60.00000 167.00000 0.63372 0.23077 1.00000 1.00000 0.34192 0.61715 0.53651 1.00000 0.81250 0.59148 0.78824 0.30000 0.66667 0.54286 0.56291 0.76786 0.32624 0.36625 1.00000 0.54545 1.00000 1.00000 0.72024 0.63030
60.00000 168.00000 0.45349 0.15385 1.00000 1.00000 0.39813 0.48777 0.60312 1.00000 0.87500 0.55651 0.80588 0.34908 0.66667 0.65714 0.61080 0.79167 0.34369 0.32907 1.00000 0.45455 1.00000 1.00000 0.69643 0.63178
60.00000 169.00000 0.37791 0.61538 1.00000 1.00000 0.34192 0.66823 0.47644 1.00000 0.87500 0.60105 0.76471 0.29593 0.66667 0.54286 0.58635 0.78571 0.30848 0.39498 1.00000 0.63636 1.00000 1.00000 0.69643 0.68643
60.00000 170.00000 0.47093 0.76923 1.00000 1.00000 0.39110 0.45371 0.61825 1.00000 0.87500 0.56992 0.82353 0.33896 0.66667 0.62286 0.59755 0.79167 0.34626 0.33172 1.00000 0.54545 1.00000 1.00000 0.72619 0.68327
60.00000 171.00000 0.45930 0.38462 1.00000 1.00000 0.37002 0.57369 0.61591 1.00000 0.87500 0.58285 0.78824 0.33022 0.66667 0.53143 0.62761 0.80952 0.35406 0.36383 1.00000 0.54545 1.00000 1.00000 0.66071 0.58011
60.00000 172.00000 0.43023 0.46154 1.00000 1.00000 0.37002 0.58348 0.38362 1.00000 0.87500 0.65038 0.78824 0.35883 0.66667 0.60571 0.61997 0.79167 0.34940 0.23322 1.00000 0.54545 1.00000 1.00000 0.75000 0.67901
60.00000 173.00000 0.38953 0.61538 1.00000 1.00000 0.53864 0.67410 0.50593 1.00000 0.87500 0.62596 0.82941 0.33660 0.66667 0.64571 0.66174 0.80357 0.35370 0.31941 1.00000 0.54545 1.00000 1.00000 0.77381 0.64923
60.00000 174.00000 0.45930 0.84615 1.00000 1.00000 0.41920 0.58642 0.52559 1.00000 0.81250 0.60680 0.81765 0.36756 0.66667 0.64000 0.63576 0.75000 0.37303 0.34911 1.00000 0.63636 1.00000 1.00000 0.75000 0.66314
60.00000 175.00000 0.60465 0.23077 1.00000 1.00000 0.37002 0.59796 0.60468 1.00000 0.87500 0.66858 0.84706 0.36313 0.66667 0.64000 0.65970 0.84524 0.37759 0.33945 1.00000 0.63636 1.00000 1.00000 0.76786 0.70294
60.00000 176.00000 0.36628 0.84615 1.00000 1.00000 0.41920 0.50891 0.63666 1.00000 0.87500 0.67672 0.84118 0.35615 0.66667 0.62857 0.67142 0.81548 0.37266 0.30444 1.00000 0.54545 1.00000 1.00000 0.75595 0.77883
60.00000 177.00000 0.66279 0.61538 1.00000 1.00000 0.60656 0.50499 0.64119 1.00000 0.81250 0.67098 0.87059 0.37778 0.66667 0.66857 0.70759 0.81548 0.39535 0.29310 1.00000 0.54545 1.00000 1.00000 0.82143 0.79302
60.00000 178.00000 0.45930 0.76923 1.00000 1.00000 0.57377 0.64827 0.63105 1.00000 0.87500 0.72222 0.90000 0.38938 0.66667 0.61143 0.69587 0.88690 0.41232 0.30396 1.00000 0.54545 1.00000 1.00000 0.80357 0.75731
60.00000 179.00000 0.56977 0.23077 1.00000 1.00000 0.52459 0.64337 0.57988 1.00000 0.87500 0.74186 0.86471 0.41018 0.66667 0.66286 0.75395 0.82738 0.39173 0.35031 1.00000 0.63636 1.00000 1.00000 0.61905 0.78300
60.00000 180.00000 0.56977 0.38462 1.00000 1.00000 0.53864 0.61108 0.69548 1.00000 0.87500 0.74952 0.87059 0.42483 0.66667 0.62286 0.75140 0.86310 0.42537 0.21318 1.00000 0.63636 1.00000 1.00000 0.76190 0.77577
60.00000 181.00000 0.45930 0.69231 1.00000 1.00000 0.54567 0.69642 0.53931 1.00000 0.87500 0.76628 0.87059 0.41840 0.66667 0.65714 0.80082 0.86905 0.41437 0.21125 1.00000 0.72727 1.00000 1.00000 0.84524 0.88812
60.00000 182.00000 0.59884 0.76923 1.00000 1.00000 0.48244 0.70679 0.53167 1.00000 0.87500 0.79119 0.88235 0.43315 0.66667 0.71429 0.79521 0.87500 0.42458 0.24891 1.00000 0.63636 1.00000 1.00000 0.97024 0.68216
60.00000 183.00000 0.47674 0.84615 1.00000 1.00000 0.38407 0.59679 0.80546 1.00000 0.87500 0.78065 0.92941 0.48269 0.66667 0.63429 0.81355 0.92262 0.42217 0.25495 1.00000 0.54545 1.00000 1.00000 0.86905 0.80045
60.00000 184.00000 0.43023 0.46154 1.00000 1.00000 0.58080 0.78978 0.72559 1.00000 0.87500 0.84626 0.88824 0.43370 0.66667 0.77714 0.83036 0.92857 0.45114 0.23467 1.00000 0.81818 1.00000 1.00000 0.81548 0.74719
60.00000 185.00000 0.56977 0.15385 1.00000 1.00000 0.49649 0.78450 0.65179 1.00000 0.81250 0.79646 0.90000 0.43957 0.66667 0.84571 0.83953 0.90476 0.44905 0.20570 1.00000 0.63636 1.00000 1.00000 0.76786 0.71444
60.00000 186.00000 0.59302 0.15385 1.00000 1.00000 0.51991 0.77412 0.85226 1.00000 0.87500 0.83525 0.94706 0.44100 0.66667 0.68000 0.88130 0.92262 0.46189 0.27813 1.00000 0.72727 1.00000 1.00000 0.75595 0.77818
60.00000 187.00000 0.34302 0.15385 1.00000 1.00000 0.61358 0.80779 0.82933 1.00000 0.87500 0.82088 0.90000 0.42039 1.00000 0.88000 0.84106 0.93452 0.44889 0.10164 1.00000 0.72727 1.00000 1.00000 0.75000 0.86010
60.00000 188.00000 0.53488 0.76923 1.00000 1.00000 0.65808 0.68507 0.72917 1.00000 0.93750 0.94540 0.95882 0.45760 1.00000 0.81143 0.95313 0.94643 0.48960 0.18469 1.00000 0.72727 1.00000 1.00000 0.79762 0.84563
60.00000 189.00000 0.47674 0.61538 1.00000 1.00000 0.56674 0.68330 0.83073 1.00000 0.87500 0.91523 0.94706 0.48265 0.66667 0.76571 0.92359 0.96429 0.47042 0.15355 1.00000 0.81818 1.00000 1.00000 0.91667 0.84303
60.00000 190.00000 0.45349 0.53846 1.00000 1.00000 0.63466 0.70640 0.73853 1.00000 0.87500 0.94971 0.92941 0.50196 1.00000 0.78857 0.95874 0.94643 0.48923 0.26847 1.00000 0.72727 1.00000 1.00000 0.91071 0.86056
