12.00000 1.00000 0.36628 0.61538 1.00000 1.00000 0.28806 0.32746 0.43916 1.00000 0.93750 0.20163 0.68824 0.17627 0.33333 0.46857 0.19460 0.66071 0.18835 0.61106 1.00000 0.36364 1.00000 1.00000 0.48214 0.47064
12.00000 2.00000 0.47674 0.76923 1.00000 1.00000 0.41920 0.45704 0.44056 1.00000 1.00000 0.25623 0.69412 0.17789 0.33333 0.35429 0.22160 0.67857 0.20092 0.66731 1.00000 0.36364 1.00000 1.00000 0.44048 0.44141
12.00000 3.00000 0.25581 0.23077 1.00000 1.00000 0.36300 0.38814 0.47847 1.00000 1.00000 0.23420 0.68824 0.16084 0.33333 0.41143 0.18237 0.72024 0.22193 0.64027 1.00000 0.54545 1.00000 1.00000 0.29167 0.47221
12.00000 4.00000 0.66279 0.53846 1.00000 1.00000 0.47307 0.44745 0.32200 1.00000 1.00000 0.19349 0.66471 0.17928 0.33333 0.34286 0.24249 0.66071 0.19788 0.65596 1.00000 0.36364 1.00000 1.00000 0.46429 0.36228
12.00000 5.00000 0.51163 0.61538 1.00000 1.00000 0.45902 0.48894 0.43495 1.00000 1.00000 0.22605 0.71176 0.15816 0.33333 0.34857 0.21192 0.64881 0.17294 0.62192 1.00000 0.36364 1.00000 1.00000 0.41667 0.41646
12.00000 6.00000 0.49419 0.23077 1.00000 1.00000 0.41452 0.41946 0.41716 1.00000 1.00000 0.18343 0.65882 0.19032 0.33333 0.42857 0.20835 0.66667 0.19333 0.57991 1.00000 0.45455 1.00000 1.00000 0.33929 0.38918
12.00000 7.00000 0.59884 0.76923 1.00000 1.00000 0.35831 0.53827 0.48331 1.00000 1.00000 0.23707 0.67059 0.18986 0.33333 0.37143 0.22873 0.67262 0.20972 0.61589 1.00000 0.45455 1.00000 1.00000 0.45833 0.38872
12.00000 8.00000 0.54070 0.23077 1.00000 1.00000 0.42857 0.41593 0.39548 1.00000 1.00000 0.18487 0.70000 0.18709 0.33333 0.48000 0.21447 0.69643 0.18919 0.55553 1.00000 0.54545 1.00000 1.00000 0.29167 0.38723
12.00000 9.00000 0.22093 0.69231 1.00000 1.00000 0.38876 0.49129 0.46240 1.00000 1.00000 0.24090 0.66471 0.13713 0.33333 0.38857 0.17320 0.66071 0.18835 0.64075 1.00000 0.36364 1.00000 1.00000 0.50595 0.48938
12.00000 10.00000 0.59884 0.53846 1.00000 1.00000 0.48244 0.46839 0.49579 1.00000 1.00000 0.21025 0.67647 0.19952 0.33333 0.42857 0.20886 0.66667 0.19212 0.66152 1.00000 0.27273 1.00000 1.00000 0.41667 0.44893
12.00000 11.00000 0.62209 0.23077 1.00000 1.00000 0.30211 0.42670 0.47910 1.00000 1.00000 0.21504 0.69412 0.16481 0.33333 0.40571 0.19715 0.68452 0.20365 0.62699 1.00000 0.45455 1.00000 1.00000 0.48810 0.40143
12.00000 12.00000 0.48837 0.23077 1.00000 1.00000 0.49180 0.50088 0.41482 1.00000 1.00000 0.20690 0.68824 0.15025 0.33333 0.37714 0.21345 0.67262 0.17661 0.70401 1.00000 0.54545 1.00000 1.00000 0.43452 0.38111
12.00000 13.00000 0.43023 0.38462 1.00000 1.00000 0.42389 0.56626 0.53167 1.00000 1.00000 0.22222 0.68235 0.14600 0.33333 0.38857 0.20632 0.66667 0.17698 0.63303 1.00000 0.36364 1.00000 1.00000 0.42262 0.36822
12.00000 14.00000 0.38953 0.23077 1.00000 1.00000 0.43794 0.52280 0.46412 1.00000 1.00000 0.19301 0.65294 0.19975 0.33333 0.34286 0.18849 0.66071 0.19039 0.61613 1.00000 0.36364 1.00000 1.00000 0.32738 0.37341
12.00000 15.00000 0.40698 0.69231 1.00000 1.00000 0.40515 0.50166 0.48908 1.00000 1.00000 0.20881 0.71176 0.17100 0.33333 0.48000 0.19358 0.66667 0.20558 0.64244 1.00000 0.45455 1.00000 1.00000 0.45238 0.49754
12.00000 16.00000 0.52326 0.76923 1.00000 1.00000 0.21780 0.50362 0.44743 1.00000 1.00000 0.19636 0.70000 0.20479 0.33333 0.30857 0.21243 0.68452 0.19647 0.64389 1.00000 0.18182 1.00000 1.00000 0.39881 0.41943
12.00000 17.00000 0.36047 0.46154 1.00000 1.00000 0.33958 0.31963 0.42995 1.00000 1.00000 0.20163 0.71176 0.14914 0.33333 0.47429 0.18951 0.66667 0.18091 0.62482 1.00000 0.45455 1.00000 1.00000 0.38095 0.39429
12.00000 18.00000 0.62209 0.46154 1.00000 1.00000 0.32787 0.43433 0.32012 1.00000 1.00000 0.22126 0.67059 0.21925 0.33333 0.43429 0.18645 0.66667 0.18515 0.80106 1.00000 0.27273 1.00000 1.00000 0.33333 0.51025
12.00000 19.00000 0.36047 0.30769 1.00000 1.00000 0.51288 0.51850 0.48721 1.00000 1.00000 0.19540 0.69412 0.16846 0.33333 0.39429 0.20326 0.68452 0.21601 0.54297 1.00000 0.45455 1.00000 1.00000 0.39881 0.44466
12.00000 20.00000 0.38953 0.46154 1.00000 1.00000 0.36534 0.69701 0.38346 1.00000 1.00000 0.17050 0.71176 0.17673 0.33333 0.46857 0.21549 0.68452 0.21496 0.63423 1.00000 0.27273 1.00000 1.00000 0.45833 0.35718
12.00000 21.00000 0.37791 0.30769 1.00000 1.00000 0.48009 0.48698 0.44633 1.00000 1.00000 0.17672 0.65294 0.17184 0.33333 0.33143 0.20683 0.67857 0.17164 0.61902 1.00000 0.54545 1.00000 1.00000 0.43452 0.50227
12.00000 22.00000 0.29651 0.15385 1.00000 1.00000 0.28337 0.39851 0.44665 1.00000 1.00000 0.22270 0.70588 0.22522 0.33333 0.48000 0.20326 0.66071 0.21748 0.57339 1.00000 0.36364 1.00000 1.00000 0.45238 0.38028
12.00000 23.00000 0.54070 0.76923 1.00000 1.00000 0.25527 0.36132 0.38237 1.00000 1.00000 0.20307 0.68824 0.15446 0.33333 0.41143 0.20071 0.67857 0.17834 0.71680 1.00000 0.45455 1.00000 1.00000 0.42262 0.25318
12.00000 24.00000 0.77907 0.30769 1.00000 1.00000 0.36300 0.47974 0.40078 1.00000 1.00000 0.20307 0.69412 0.17807 0.33333 0.43429 0.19511 0.67262 0.18044 0.69845 1.00000 0.45455 1.00000 1.00000 0.38690 0.50116
12.00000 25.00000 0.28488 0.23077 1.00000 1.00000 0.31850 0.48385 0.37707 1.00000 1.00000 0.23946 0.70000 0.18561 0.33333 0.47429 0.19918 0.63690 0.21025 0.65113 1.00000 0.27273 1.00000 1.00000 0.48810 0.43557
12.00000 26.00000 0.53488 0.76923 1.00000 1.00000 0.34895 0.43883 0.39220 1.00000 1.00000 0.21695 0.69412 0.18367 0.33333 0.44571 0.17015 0.65476 0.19065 0.67986 1.00000 0.27273 1.00000 1.00000 0.50000 0.38482
12.00000 27.00000 0.52326 0.61538 1.00000 1.00000 0.33958 0.21296 0.34680 1.00000 1.00000 0.19349 0.67059 0.18468 0.33333 0.49143 0.19918 0.66667 0.22015 0.73322 1.00000 0.36364 1.00000 1.00000 0.42262 0.45041
12.00000 28.00000 0.59884 0.46154 1.00000 1.00000 0.34426 0.37463 0.29766 1.00000 1.00000 0.18822 0.70588 0.17909 0.33333 0.38857 0.20683 0.67262 0.21208 0.66924 1.00000 0.36364 1.00000 1.00000 0.49405 0.54300
12.00000 29.00000 0.38953 0.61538 1.00000 1.00000 0.37471 0.40869 0.41310 1.00000 1.00000 0.18822 0.68235 0.17905 0.33333 0.28571 0.22567 0.70238 0.20087 0.64872 1.00000 0.36364 1.00000 1.00000 0.41071 0.45236
12.00000 30.00000 0.56395 0.61538 1.00000 1.00000 0.43091 0.57683 0.38580 1.00000 1.00000 0.23132 0.69412 0.19434 0.33333 0.41714 0.21447 0.72024 0.22272 0.61178 1.00000 0.36364 1.00000 1.00000 0.51786 0.37851
12.00000 31.00000 0.56395 0.69231 1.00000 1.00000 0.33724 0.43316 0.43198 1.00000 1.00000 0.19492 0.68824 0.17941 0.33333 0.34857 0.20428 0.65476 0.22790 0.61251 1.00000 0.36364 1.00000 1.00000 0.48810 0.47908
12.00000 32.00000 0.58140 0.61538 1.00000 1.00000 0.38173 0.54942 0.51622 1.00000 1.00000 0.18534 0.66471 0.19744 0.33333 0.41143 0.21192 0.72024 0.18520 0.65886 1.00000 0.18182 1.00000 1.00000 0.51190 0.34298
12.00000 33.00000 0.47674 0.15385 1.00000 1.00000 0.47541 0.60677 0.46880 1.00000 1.00000 0.18918 0.72353 0.16610 0.33333 0.41714 0.23332 0.70238 0.18882 0.61999 1.00000 0.45455 1.00000 1.00000 0.44643 0.49893
12.00000 34.00000 0.63372 0.61538 1.00000 1.00000 0.25293 0.32511 0.37254 1.00000 1.00000 0.20211 0.70000 0.19078 0.33333 0.40000 0.22415 0.66667 0.17855 0.66127 1.00000 0.45455 1.00000 1.00000 0.58333 0.43603
12.00000 35.00000 0.58140 0.69231 1.00000 1.00000 0.51522 0.48561 0.41685 1.00000 1.00000 0.15565 0.71765 0.19152 0.33333 0.38857 0.17677 0.69048 0.19453 0.59826 1.00000 0.45455 1.00000 1.00000 0.49405 0.40644
12.00000 36.00000 0.57558 0.15385 1.00000 1.00000 0.40749 0.44725 0.44197 1.00000 1.00000 0.18774 0.68824 0.16079 0.33333 0.36571 0.21141 0.69048 0.20710 0.68976 1.00000 0.36364 1.00000 1.00000 0.40476 0.44531
12.00000 37.00000 0.34302 0.69231 1.00000 1.00000 0.45199 0.45332 0.49360 1.00000 1.00000 0.23515 0.68824 0.14947 0.33333 0.45143 0.19511 0.67857 0.19615 0.66103 1.00000 0.45455 1.00000 1.00000 0.45833 0.31431
12.00000 38.00000 0.62791 0.76923 1.00000 1.00000 0.44262 0.37483 0.47285 1.00000 1.00000 0.20163 0.70000 0.19115 0.33333 0.34857 0.19613 0.67857 0.18678 0.63713 1.00000 0.36364 1.00000 1.00000 0.37500 0.40338
12.00000 39.00000 0.50000 0.30769 1.00000 1.00000 0.29742 0.49873 0.52730 1.00000 1.00000 0.17960 0.69412 0.17886 0.33333 0.42857 0.22466 0.66667 0.21020 0.66755 1.00000 0.54545 1.00000 1.00000 0.29762 0.48956
12.00000 40.00000 0.50000 0.38462 1.00000 1.00000 0.33255 0.47054 0.36755 1.00000 1.00000 0.22174 0.65294 0.16176 0.33333 0.34857 0.19511 0.69048 0.18520 0.65620 1.00000 0.45455 1.00000 1.00000 0.50000 0.45756
12.00000 41.00000 0.40698 0.38462 1.00000 1.00000 0.40749 0.64592 0.43120 1.00000 1.00000 0.20211 0.68824 0.18427 0.33333 0.36000 0.19511 0.69048 0.20187 0.68614 1.00000 0.36364 1.00000 1.00000 0.35714 0.46507
12.00000 42.00000 0.58140 0.76923 1.00000 1.00000 0.35831 0.48111 0.30109 1.00000 1.00000 0.18630 0.67059 0.15543 0.33333 0.35429 0.21752 0.66667 0.19228 0.62603 1.00000 0.45455 1.00000 1.00000 0.44643 0.44828
12.00000 43.00000 0.63372 0.53846 1.00000 1.00000 0.29508 0.46800 0.45117 1.00000 1.00000 0.20546 0.68235 0.18898 0.33333 0.43429 0.19969 0.63690 0.18793 0.57967 1.00000 0.45455 1.00000 1.00000 0.29167 0.38018
12.00000 44.00000 0.68023 0.30769 1.00000 1.00000 0.35363 0.52222 0.40702 1.00000 1.00000 0.21121 0.67647 0.20525 0.33333 0.38857 0.20632 0.68452 0.21423 0.61347 1.00000 0.36364 1.00000 1.00000 0.46429 0.45412
12.00000 45.00000 0.53488 0.38462 1.00000 1.00000 0.35597 0.58152 0.49360 1.00000 1.00000 0.19588 0.72941 0.17886 0.33333 0.32000 0.19409 0.68452 0.19998 0.71294 1.00000 0.45455 1.00000 1.00000 0.47024 0.44837
12.00000 46.00000 0.33140 0.30769 1.00000 1.00000 0.31382 0.43277 0.40078 1.00000 1.00000 0.18008 0.68235 0.18672 0.33333 0.34286 0.20428 0.65476 0.19841 0.64027 1.00000 0.45455 1.00000 1.00000 0.51190 0.48168
12.00000 47.00000 0.58721 0.30769 1.00000 1.00000 0.30679 0.48933 0.55289 1.00000 1.00000 0.18534 0.70588 0.20123 0.33333 0.48571 0.21752 0.67262 0.17583 0.61468 1.00000 0.45455 1.00000 1.00000 0.38095 0.39419
12.00000 48.00000 0.52907 0.30769 1.00000 1.00000 0.27869 0.44608 0.42449 1.00000 1.00000 0.20546 0.71765 0.15141 0.33333 0.54857 0.21090 0.71429 0.18295 0.72332 1.00000 0.36364 1.00000 1.00000 0.50595 0.34753
12.00000 49.00000 0.50581 0.15385 1.00000 1.00000 0.23653 0.47544 0.35507 1.00000 1.00000 0.17337 0.68235 0.16430 0.33333 0.33714 0.17881 0.68452 0.19259 0.64558 1.00000 0.45455 1.00000 1.00000 0.39286 0.38566
12.00000 50.00000 0.57558 0.30769 1.00000 1.00000 0.26698 0.35017 0.45585 1.00000 1.00000 0.22031 0.68824 0.17553 0.33333 0.35429 0.18390 0.73214 0.21198 0.64341 1.00000 0.27273 1.00000 1.00000 0.37500 0.38937
12.00000 51.00000 0.42442 0.46154 1.00000 1.00000 0.38407 0.34919 0.41841 1.00000 1.00000 0.16140 0.71176 0.17715 0.33333 0.29143 0.21854 0.70833 0.24221 0.61637 1.00000 0.36364 1.00000 1.00000 0.39881 0.43956
12.00000 52.00000 0.52326 0.76923 1.00000 1.00000 0.44262 0.49129 0.28112 1.00000 1.00000 0.21791 0.72353 0.18112 0.33333 0.41714 0.19154 0.66071 0.18348 0.60019 1.00000 0.63636 1.00000 1.00000 0.46429 0.43223
12.00000 53.00000 0.51163 0.61538 1.00000 1.00000 0.36300 0.40889 0.50125 1.00000 1.00000 0.17050 0.68235 0.14600 0.33333 0.44000 0.20835 0.69643 0.21507 0.70352 1.00000 0.36364 1.00000 1.00000 0.39286 0.42833
12.00000 54.00000 0.61047 0.30769 1.00000 1.00000 0.40984 0.54727 0.37254 1.00000 1.00000 0.19492 0.71765 0.20072 0.33333 0.38857 0.19817 0.67857 0.18159 0.66924 1.00000 0.45455 1.00000 1.00000 0.42262 0.47129
12.00000 55.00000 0.34884 0.23077 1.00000 1.00000 0.42623 0.49149 0.40172 1.00000 1.00000 0.18295 0.69412 0.18907 0.33333 0.49143 0.17269 0.68452 0.19809 0.63834 1.00000 0.63636 1.00000 1.00000 0.43452 0.40440
12.00000 56.00000 0.42442 0.53846 1.00000 1.00000 0.42389 0.45997 0.43978 1.00000 1.00000 0.19540 0.68824 0.19018 0.33333 0.42857 0.17219 0.71429 0.17740 0.79768 1.00000 0.45455 1.00000 1.00000 0.42857 0.42184
12.00000 57.00000 0.36628 0.61538 1.00000 1.00000 0.26932 0.56900 0.44431 1.00000 1.00000 0.19253 0.68824 0.16250 0.33333 0.38286 0.18849 0.67857 0.19301 0.66176 1.00000 0.36364 1.00000 1.00000 0.39881 0.37638
12.00000 58.00000 0.52326 0.69231 1.00000 1.00000 0.43091 0.49579 0.44509 1.00000 1.00000 0.21264 0.71765 0.17045 0.33333 0.44571 0.20530 0.68452 0.18672 0.68469 1.00000 0.45455 1.00000 1.00000 0.35714 0.37555
12.00000 59.00000 0.61047 0.38462 1.00000 1.00000 0.32319 0.37698 0.39797 1.00000 1.00000 0.17385 0.71765 0.19984 0.33333 0.45714 0.18900 0.68452 0.19443 0.63472 1.00000 0.45455 1.00000 1.00000 0.47619 0.34280
12.00000 60.00000 0.36047 0.76923 1.00000 1.00000 0.37471 0.50812 0.51186 1.00000 1.00000 0.19732 0.71765 0.18524 0.33333 0.37714 0.19817 0.70238 0.21392 0.57991 1.00000 0.36364 1.00000 1.00000 0.36310 0.45338
12.00000 61.00000 0.58140 0.69231 1.00000 1.00000 0.34660 0.40556 0.43385 1.00000 1.00000 0.20977 0.71176 0.17133 0.33333 0.41143 0.20479 0.67857 0.18484 0.70087 1.00000 0.27273 1.00000 1.00000 0.45238 0.35699
12.00000 62.00000 0.63372 0.53846 1.00000 1.00000 0.37471 0.46154 0.55351 1.00000 1.00000 0.23324 0.70000 0.19236 0.33333 0.46857 0.21039 0.69048 0.23534 0.61830 1.00000 0.54545 1.00000 1.00000 0.30357 0.46257
12.00000 63.00000 0.34302 0.69231 1.00000 1.00000 0.49180 0.44529 0.41544 1.00000 1.00000 0.19923 0.71765 0.20608 0.33333 0.40571 0.22262 0.68452 0.16718 0.57388 1.00000 0.36364 1.00000 1.00000 0.38690 0.41303
12.00000 64.00000 0.37209 0.84615 1.00000 1.00000 0.32319 0.56723 0.40515 1.00000 1.00000 0.17816 0.70000 0.18561 0.33333 0.49714 0.19969 0.70238 0.19746 0.63761 1.00000 0.45455 1.00000 1.00000 0.47024 0.42768
12.00000 65.00000 0.48837 0.69231 1.00000 1.00000 0.42857 0.59151 0.41154 1.00000 1.00000 0.18822 0.69412 0.19517 0.33333 0.50286 0.19002 0.70238 0.18610 0.76654 1.00000 0.27273 1.00000 1.00000 0.43452 0.40347
12.00000 66.00000 0.46512 0.23077 1.00000 1.00000 0.38642 0.38266 0.50312 1.00000 1.00000 0.18870 0.71176 0.16250 0.33333 0.48000 0.22415 0.67262 0.19904 0.71439 1.00000 0.45455 1.00000 1.00000 0.34524 0.40514
12.00000 67.00000 0.59884 0.38462 1.00000 1.00000 0.50585 0.45899 0.42309 1.00000 1.00000 0.19253 0.71176 0.17253 0.33333 0.41714 0.17728 0.69643 0.19574 0.76944 1.00000 0.54545 1.00000 1.00000 0.42857 0.40755
12.00000 68.00000 0.44186 0.23077 1.00000 1.00000 0.41686 0.49873 0.50452 1.00000 1.00000 0.18391 0.71176 0.16047 0.33333 0.53143 0.19511 0.69048 0.20145 0.65693 1.00000 0.45455 1.00000 1.00000 0.41667 0.46405
12.00000 69.00000 0.65116 0.53846 1.00000 1.00000 0.34192 0.42161 0.41310 1.00000 1.00000 0.18151 0.74706 0.19092 0.33333 0.48000 0.21549 0.67857 0.16210 0.65862 1.00000 0.45455 1.00000 1.00000 0.44048 0.44958
12.00000 70.00000 0.56977 0.84615 1.00000 1.00000 0.37471 0.45606 0.53495 1.00000 1.00000 0.20211 0.71176 0.14568 0.33333 0.44000 0.19154 0.66667 0.17074 0.59464 1.00000 0.36364 1.00000 1.00000 0.45238 0.51573
12.00000 71.00000 0.41860 0.07692 1.00000 1.00000 0.46604 0.50754 0.45507 1.00000 1.00000 0.16236 0.70000 0.14896 0.33333 0.43429 0.20683 0.69643 0.18086 0.72574 1.00000 0.45455 1.00000 1.00000 0.30357 0.42286
12.00000 72.00000 0.62209 0.53846 1.00000 1.00000 0.49180 0.42513 0.40889 1.00000 1.00000 0.22270 0.70588 0.16250 0.33333 0.44571 0.20581 0.69643 0.19657 0.64220 1.00000 0.54545 1.00000 1.00000 0.46429 0.41071
12.00000 73.00000 0.46512 0.23077 1.00000 1.00000 0.41686 0.46604 0.44087 1.00000 1.00000 0.19540 0.70000 0.16712 0.33333 0.37143 0.20428 0.69643 0.21177 0.70715 1.00000 0.54545 1.00000 1.00000 0.38690 0.39920
12.00000 74.00000 0.63372 0.07692 1.00000 1.00000 0.30211 0.51184 0.53120 1.00000 1.00000 0.19540 0.71176 0.16042 0.33333 0.45714 0.16811 0.72024 0.18169 0.67310 1.00000 0.09091 1.00000 1.00000 0.32143 0.38677
12.00000 75.00000 0.38953 0.69231 1.00000 1.00000 0.46838 0.41965 0.44087 1.00000 1.00000 0.19061 0.69412 0.16125 0.33333 0.43429 0.19766 0.68452 0.17211 0.73370 1.00000 0.45455 1.00000 1.00000 0.36310 0.35662
12.00000 76.00000 0.40698 0.23077 1.00000 1.00000 0.36300 0.42983 0.51888 1.00000 1.00000 0.17481 0.70588 0.21912 0.33333 0.52571 0.20835 0.66667 0.21208 0.71173 1.00000 0.36364 1.00000 1.00000 0.42857 0.38195
12.00000 77.00000 0.61047 0.69231 1.00000 1.00000 0.29977 0.42729 0.53775 1.00000 1.00000 0.21887 0.68824 0.16920 0.33333 0.47429 0.14417 0.70238 0.20574 0.58112 1.00000 0.36364 1.00000 1.00000 0.43452 0.51053
12.00000 78.00000 0.62791 0.23077 1.00000 1.00000 0.50820 0.41535 0.34150 1.00000 1.00000 0.18056 0.66471 0.19642 0.33333 0.56571 0.18288 0.70238 0.19044 0.68590 1.00000 0.45455 1.00000 1.00000 0.49405 0.39410
12.00000 79.00000 0.31977 0.15385 1.00000 1.00000 0.30913 0.60775 0.45803 1.00000 1.00000 0.18487 0.70000 0.19836 0.33333 0.43429 0.18951 0.71429 0.20868 0.67914 1.00000 0.36364 1.00000 1.00000 0.32143 0.30736
12.00000 80.00000 0.63372 0.53846 1.00000 1.00000 0.45433 0.39499 0.42231 1.00000 1.00000 0.19636 0.71765 0.17174 0.33333 0.36000 0.18186 0.70833 0.18552 0.71608 1.00000 0.27273 1.00000 1.00000 0.47024 0.32647
12.00000 81.00000 0.72674 0.07692 1.00000 1.00000 0.34660 0.59170 0.48440 1.00000 1.00000 0.18534 0.70000 0.19254 0.33333 0.45714 0.22669 0.71429 0.20600 0.66393 1.00000 0.36364 1.00000 1.00000 0.40476 0.27878
12.00000 82.00000 0.78488 0.69231 1.00000 1.00000 0.43560 0.60560 0.51186 1.00000 1.00000 0.19397 0.70000 0.18145 0.33333 0.52571 0.19664 0.69643 0.18484 0.60333 1.00000 0.45455 1.00000 1.00000 0.36310 0.39438
12.00000 83.00000 0.64535 0.53846 1.00000 1.00000 0.40515 0.46350 0.54025 1.00000 1.00000 0.16619 0.72353 0.18570 0.33333 0.54286 0.17524 0.66667 0.19254 0.70908 1.00000 0.54545 1.00000 1.00000 0.35119 0.44503
12.00000 84.00000 0.34884 0.84615 1.00000 1.00000 0.51756 0.53063 0.42309 1.00000 1.00000 0.20354 0.70000 0.20996 0.33333 0.52571 0.18390 0.69048 0.19301 0.65307 1.00000 0.45455 1.00000 1.00000 0.48810 0.52101
12.00000 85.00000 0.72674 0.76923 1.00000 1.00000 0.37002 0.51869 0.49719 1.00000 1.00000 0.14655 0.73529 0.18552 0.33333 0.51429 0.17473 0.70833 0.18374 0.69652 1.00000 0.54545 1.00000 1.00000 0.45833 0.38686
12.00000 86.00000 0.51163 0.84615 1.00000 1.00000 0.37705 0.45586 0.56521 1.00000 1.00000 0.20977 0.69412 0.18870 0.33333 0.45143 0.19103 0.70238 0.21308 0.68856 1.00000 0.45455 1.00000 1.00000 0.44643 0.46006
12.00000 87.00000 0.55233 0.76923 1.00000 1.00000 0.38407 0.40380 0.45101 1.00000 1.00000 0.21504 0.68824 0.21787 0.33333 0.46286 0.19409 0.67857 0.16964 0.70642 1.00000 0.45455 1.00000 1.00000 0.38690 0.41896
12.00000 88.00000 0.31977 0.61538 1.00000 1.00000 0.49415 0.41809 0.45554 1.00000 1.00000 0.17720 0.72941 0.18926 0.33333 0.46286 0.18849 0.69048 0.18913 0.73394 1.00000 0.36364 1.00000 1.00000 0.47619 0.42323
12.00000 89.00000 0.50581 0.23077 1.00000 1.00000 0.50820 0.43218 0.48674 1.00000 1.00000 0.17625 0.68235 0.18394 0.33333 0.28571 0.16556 0.67262 0.17043 0.68276 1.00000 0.36364 1.00000 1.00000 0.55357 0.29520
12.00000 90.00000 0.37209 0.38462 1.00000 1.00000 0.53162 0.49344 0.41950 1.00000 1.00000 0.21743 0.68235 0.18626 0.33333 0.57143 0.16709 0.73810 0.19243 0.72091 1.00000 0.45455 1.00000 1.00000 0.35714 0.34038
12.00000 91.00000 0.71512 0.61538 1.00000 1.00000 0.27166 0.59209 0.49423 1.00000 1.00000 0.15948 0.72353 0.14817 0.33333 0.58286 0.17983 0.70833 0.17855 0.71656 1.00000 0.45455 1.00000 1.00000 0.40476 0.36599
12.00000 92.00000 0.20349 0.76923 1.00000 1.00000 0.31382 0.42944 0.60562 1.00000 1.00000 0.18295 0.68824 0.18824 0.33333 0.52000 0.18390 0.69048 0.16315 0.61033 1.00000 0.45455 1.00000 1.00000 0.43452 0.39132
12.00000 93.00000 0.38372 0.46154 1.00000 1.00000 0.29040 0.56782 0.46115 1.00000 1.00000 0.17577 0.70588 0.18283 0.33333 0.44571 0.18085 0.69643 0.20548 0.65669 1.00000 0.54545 1.00000 1.00000 0.41071 0.38065
12.00000 94.00000 0.66279 0.15385 1.00000 1.00000 0.40749 0.54101 0.40764 1.00000 1.00000 0.17720 0.70000 0.20548 0.33333 0.58857 0.19613 0.69643 0.16220 0.71535 1.00000 0.45455 1.00000 1.00000 0.30357 0.41664
12.00000 95.00000 0.45349 0.15385 1.00000 1.00000 0.37939 0.48972 0.42980 1.00000 1.00000 0.19061 0.68235 0.16458 0.33333 0.49714 0.18798 0.70833 0.20752 0.64075 1.00000 0.36364 1.00000 1.00000 0.37500 0.35755
12.00000 96.00000 0.56395 0.46154 1.00000 1.00000 0.62295 0.55451 0.41700 1.00000 1.00000 0.14368 0.70588 0.15099 0.33333 0.39429 0.19460 0.72024 0.18295 0.71463 1.00000 0.45455 1.00000 1.00000 0.45238 0.40328
12.00000 97.00000 0.43605 0.76923 1.00000 1.00000 0.48946 0.46898 0.39189 1.00000 1.00000 0.18295 0.71765 0.17757 0.33333 0.54857 0.17117 0.69048 0.20066 0.67310 1.00000 0.45455 1.00000 1.00000 0.42857 0.27516
12.00000 98.00000 0.40116 0.76923 1.00000 1.00000 0.37939 0.53964 0.56864 1.00000 1.00000 0.15565 0.71176 0.17978 0.33333 0.39429 0.19969 0.69643 0.18169 0.63448 1.00000 0.54545 1.00000 1.00000 0.36310 0.38046
12.00000 99.00000 0.53488 0.30769 1.00000 1.00000 0.43091 0.52456 0.52246 1.00000 1.00000 0.19828 0.69412 0.20904 0.33333 0.50857 0.18339 0.68452 0.19966 0.68421 1.00000 0.36364 1.00000 1.00000 0.19048 0.45626
12.00000 100.00000 0.75000 0.30769 1.00000 1.00000 0.43560 0.70288 0.49860 1.00000 1.00000 0.18822 0.73529 0.20137 0.33333 0.51429 0.16709 0.68452 0.18122 0.71825 1.00000 0.54545 1.00000 1.00000 0.34524 0.33964
12.00000 101.00000 0.45349 0.76923 1.00000 1.00000 0.41686 0.56978 0.52465 1.00000 1.00000 0.15517 0.70588 0.20109 0.33333 0.50857 0.17728 0.70238 0.20401 0.68662 1.00000 0.45455 1.00000 1.00000 0.36905 0.40931
12.00000 102.00000 0.63372 0.53846 1.00000 1.00000 0.31382 0.38853 0.53963 1.00000 1.00000 0.18966 0.71765 0.18126 0.33333 0.50857 0.21752 0.67857 0.18861 0.80662 1.00000 0.36364 1.00000 1.00000 0.39881 0.31636
12.00000 103.00000 0.59302 0.30769 1.00000 1.00000 0.38173 0.43159 0.44399 1.00000 1.00000 0.18247 0.70000 0.17576 0.33333 0.50286 0.19103 0.69048 0.21606 0.72067 1.00000 0.54545 1.00000 1.00000 0.42262 0.45774
12.00000 104.00000 0.69186 0.30769 1.00000 1.00000 0.37002 0.55862 0.51201 1.00000 1.00000 0.21791 0.74118 0.21375 0.33333 0.56000 0.18594 0.71429 0.20475 0.74626 1.00000 0.45455 1.00000 1.00000 0.28571 0.24724
12.00000 105.00000 0.51744 0.15385 1.00000 1.00000 0.44262 0.55314 0.48097 1.00000 1.00000 0.15900 0.70588 0.17063 0.33333 0.49714 0.18136 0.69048 0.20108 0.69701 1.00000 0.45455 1.00000 1.00000 0.38690 0.36200
12.00000 106.00000 0.59884 0.76923 1.00000 1.00000 0.48946 0.57741 0.56661 1.00000 1.00000 0.18439 0.70588 0.19333 0.33333 0.42857 0.17371 0.70833 0.19925 0.76799 1.00000 0.36364 1.00000 1.00000 0.33333 0.30606
12.00000 107.00000 0.40116 0.69231 1.00000 1.00000 0.52927 0.57467 0.54259 1.00000 1.00000 0.14511 0.72941 0.19416 0.33333 0.46857 0.15690 0.68452 0.20113 0.67793 1.00000 0.45455 1.00000 1.00000 0.38095 0.30847
12.00000 108.00000 0.52326 0.69231 1.00000 1.00000 0.38876 0.51047 0.52449 1.00000 1.00000 0.18343 0.70000 0.20040 0.33333 0.46286 0.19715 0.69048 0.20202 0.75157 1.00000 0.36364 1.00000 1.00000 0.47024 0.35755
12.00000 109.00000 0.55814 0.46154 1.00000 1.00000 0.48244 0.57526 0.39969 1.00000 1.00000 0.19253 0.71176 0.18579 0.33333 0.57714 0.20632 0.73214 0.21805 0.71366 1.00000 0.45455 1.00000 1.00000 0.47024 0.40106
12.00000 110.00000 0.78488 0.23077 1.00000 1.00000 0.53630 0.57291 0.55039 1.00000 1.00000 0.19349 0.70588 0.18880 0.33333 0.52571 0.18339 0.72024 0.20805 0.73105 1.00000 0.63636 1.00000 1.00000 0.33333 0.35356
12.00000 111.00000 0.49419 0.23077 1.00000 1.00000 0.27635 0.50714 0.54992 1.00000 1.00000 0.15996 0.73529 0.22563 0.33333 0.46857 0.18492 0.70833 0.18767 0.69411 1.00000 0.45455 1.00000 1.00000 0.35119 0.37128
12.00000 112.00000 0.54070 0.23077 1.00000 1.00000 0.49883 0.47759 0.51544 1.00000 1.00000 0.16523 0.68824 0.16467 0.33333 0.54286 0.16760 0.68452 0.17315 0.64027 1.00000 0.45455 1.00000 1.00000 0.35714 0.34428
12.00000 113.00000 0.39535 0.69231 1.00000 1.00000 0.44965 0.49775 0.43994 1.00000 1.00000 0.11782 0.71176 0.21214 0.33333 0.44000 0.17626 0.72024 0.20056 0.65620 1.00000 0.45455 1.00000 1.00000 0.43452 0.48335
12.00000 114.00000 0.59302 0.61538 1.00000 1.00000 0.49180 0.57017 0.42715 1.00000 1.00000 0.18391 0.73529 0.19975 0.33333 0.48571 0.19511 0.69048 0.19757 0.72405 1.00000 0.45455 1.00000 1.00000 0.42262 0.37935
12.00000 115.00000 0.47674 0.15385 1.00000 1.00000 0.38642 0.65708 0.46147 1.00000 1.00000 0.15326 0.71765 0.17900 0.33333 0.58286 0.16760 0.69643 0.23251 0.70811 1.00000 0.45455 1.00000 1.00000 0.43452 0.38696
12.00000 116.00000 0.37209 0.76923 1.00000 1.00000 0.57377 0.62948 0.57005 1.00000 1.00000 0.18534 0.71176 0.21477 0.33333 0.46857 0.16607 0.72619 0.19259 0.68300 1.00000 0.54545 1.00000 1.00000 0.42857 0.41024
12.00000 117.00000 0.40698 0.69231 1.00000 1.00000 0.48244 0.40517 0.51919 1.00000 1.00000 0.19397 0.72941 0.17743 0.33333 0.56000 0.17626 0.70238 0.21124 0.71922 1.00000 0.45455 1.00000 1.00000 0.33929 0.28825
12.00000 118.00000 0.68023 0.38462 1.00000 1.00000 0.47541 0.63398 0.58066 1.00000 1.00000 0.16523 0.70000 0.17244 0.33333 0.53143 0.16251 0.72619 0.20517 0.65572 1.00000 0.54545 1.00000 1.00000 0.43452 0.37128
12.00000 119.00000 0.50581 0.76923 1.00000 1.00000 0.52225 0.50499 0.50920 1.00000 1.00000 0.15900 0.72941 0.19684 0.33333 0.52000 0.17524 0.72619 0.18222 0.72139 1.00000 0.54545 1.00000 1.00000 0.25595 0.33556
12.00000 120.00000 0.51744 0.53846 1.00000 1.00000 0.48478 0.45645 0.65741 1.00000 1.00000 0.16331 0.72941 0.22896 0.33333 0.48000 0.17626 0.72024 0.18044 0.70280 1.00000 0.54545 1.00000 1.00000 0.19643 0.46999
12.00000 121.00000 0.66279 0.84615 1.00000 1.00000 0.32319 0.65355 0.51544 1.00000 1.00000 0.18630 0.70000 0.20557 0.33333 0.52571 0.16709 0.72619 0.20941 0.72067 1.00000 0.54545 1.00000 1.00000 0.41071 0.46405
12.00000 122.00000 0.47093 0.84615 1.00000 1.00000 0.47775 0.55177 0.52699 1.00000 1.00000 0.15565 0.70000 0.16093 0.33333 0.59429 0.18237 0.75595 0.18552 0.66031 1.00000 0.54545 1.00000 1.00000 0.43452 0.38761
12.00000 123.00000 0.66860 0.15385 1.00000 1.00000 0.40749 0.63280 0.67504 1.00000 1.00000 0.18391 0.69412 0.17743 0.33333 0.63429 0.17066 0.72024 0.19914 0.75205 1.00000 0.54545 1.00000 1.00000 0.41667 0.42221
12.00000 124.00000 0.60465 0.46154 1.00000 1.00000 0.49180 0.51302 0.58268 1.00000 1.00000 0.14464 0.70588 0.19226 0.33333 0.57143 0.17320 0.71429 0.18038 0.75592 1.00000 0.54545 1.00000 1.00000 0.31548 0.39002
12.00000 125.00000 0.69186 0.84615 1.00000 1.00000 0.58548 0.48052 0.49392 1.00000 1.00000 0.10153 0.72941 0.18431 0.33333 0.60571 0.14926 0.72619 0.20700 0.75471 1.00000 0.63636 1.00000 1.00000 0.35714 0.34205
12.00000 126.00000 0.65116 0.30769 1.00000 1.00000 0.49883 0.63006 0.45881 1.00000 1.00000 0.19109 0.71176 0.17313 0.33333 0.62857 0.16403 0.71429 0.19526 0.72067 1.00000 0.54545 1.00000 1.00000 0.30952 0.27043
12.00000 127.00000 0.59302 0.46154 1.00000 1.00000 0.56909 0.55177 0.57847 1.00000 1.00000 0.14847 0.73529 0.21805 0.33333 0.66286 0.15232 0.70238 0.20763 0.87180 1.00000 0.54545 1.00000 1.00000 0.33929 0.39735
12.00000 128.00000 0.30233 0.38462 1.00000 1.00000 0.36534 0.62165 0.52949 1.00000 1.00000 0.14033 0.72353 0.18177 0.33333 0.58286 0.19002 0.69048 0.17577 0.72115 1.00000 0.45455 1.00000 1.00000 0.27976 0.30040
12.00000 129.00000 0.38372 0.38462 1.00000 1.00000 0.43326 0.49383 0.53697 1.00000 1.00000 0.19588 0.71765 0.21237 0.33333 0.52571 0.14977 0.75595 0.17541 0.66538 1.00000 0.54545 1.00000 1.00000 0.40476 0.35254
12.00000 130.00000 0.71512 0.15385 1.00000 1.00000 0.50117 0.51517 0.68362 1.00000 1.00000 0.15374 0.77059 0.20359 0.33333 0.69714 0.16964 0.72619 0.19264 0.72091 1.00000 0.72727 1.00000 1.00000 0.25595 0.37490
12.00000 131.00000 0.54070 0.53846 1.00000 1.00000 0.49180 0.54864 0.53635 1.00000 1.00000 0.14943 0.74118 0.16809 0.33333 0.61714 0.14417 0.75000 0.19207 0.78440 1.00000 0.54545 1.00000 1.00000 0.38690 0.33899
12.00000 132.00000 0.33140 0.30769 1.00000 1.00000 0.48712 0.65394 0.55226 1.00000 1.00000 0.16331 0.74118 0.19827 0.33333 0.66857 0.14620 0.71429 0.22502 0.80082 1.00000 0.63636 1.00000 1.00000 0.35714 0.36849
12.00000 133.00000 0.70930 0.46154 1.00000 1.00000 0.51288 0.65316 0.47176 1.00000 1.00000 0.13745 0.70588 0.18436 0.33333 0.46857 0.14977 0.75595 0.20297 0.83462 1.00000 0.63636 1.00000 1.00000 0.26786 0.36246
12.00000 134.00000 0.62209 0.38462 1.00000 1.00000 0.48712 0.53416 0.58393 1.00000 1.00000 0.15852 0.74118 0.19143 0.33333 0.53143 0.15436 0.72024 0.20737 0.76099 1.00000 0.45455 1.00000 1.00000 0.40476 0.37694
12.00000 135.00000 0.75000 0.23077 1.00000 1.00000 0.42623 0.72147 0.59064 1.00000 1.00000 0.12739 0.74706 0.15307 0.33333 0.58286 0.19205 0.72619 0.16755 0.75543 1.00000 0.45455 1.00000 1.00000 0.35714 0.30077
12.00000 136.00000 0.51744 0.38462 1.00000 1.00000 0.42857 0.60344 0.60218 1.00000 1.00000 0.12356 0.72941 0.20252 0.33333 0.54857 0.15945 0.73810 0.21030 0.79020 1.00000 0.63636 1.00000 1.00000 0.18452 0.20169
12.00000 137.00000 0.46512 0.46154 1.00000 1.00000 0.54098 0.61323 0.73167 1.00000 1.00000 0.15565 0.75294 0.23469 0.33333 0.66857 0.15894 0.68452 0.16991 0.75954 1.00000 0.63636 1.00000 1.00000 0.41667 0.19881
12.00000 138.00000 0.26744 0.84615 1.00000 1.00000 0.47775 0.52026 0.63042 1.00000 1.00000 0.11590 0.75294 0.21773 0.33333 0.54286 0.14722 0.70833 0.20359 0.74505 1.00000 0.63636 1.00000 1.00000 0.36310 0.28324
12.00000 139.00000 0.61047 0.76923 1.00000 1.00000 0.51991 0.57878 0.64883 1.00000 1.00000 0.15852 0.73529 0.15889 0.33333 0.63429 0.16353 0.73214 0.18934 0.73419 1.00000 0.45455 1.00000 1.00000 0.30357 0.30012
12.00000 140.00000 0.69186 0.30769 1.00000 1.00000 0.49883 0.50832 0.56037 1.00000 1.00000 0.14655 0.71765 0.20183 0.33333 0.60000 0.16353 0.74405 0.19474 0.73539 1.00000 0.54545 1.00000 1.00000 0.25595 0.28574
12.00000 141.00000 0.68605 0.69231 1.00000 1.00000 0.60422 0.60070 0.59423 1.00000 1.00000 0.16092 0.70588 0.19966 0.33333 0.60571 0.18288 0.73810 0.21261 0.75712 1.00000 0.63636 1.00000 1.00000 0.30952 0.30207
12.00000 142.00000 0.42442 0.84615 1.00000 1.00000 0.48478 0.63829 0.67551 1.00000 1.00000 0.14320 0.78235 0.18528 0.33333 0.69143 0.12888 0.73214 0.17745 0.71173 1.00000 0.54545 1.00000 1.00000 0.28571 0.36348
12.00000 143.00000 0.50581 0.61538 1.00000 1.00000 0.51756 0.58309 0.65133 1.00000 1.00000 0.13506 0.74118 0.16292 0.33333 0.58857 0.13092 0.72619 0.19647 0.72067 1.00000 0.54545 1.00000 1.00000 0.30952 0.39076
12.00000 144.00000 0.27326 0.53846 1.00000 1.00000 0.51054 0.75103 0.78315 1.00000 1.00000 0.10297 0.73529 0.17558 0.33333 0.72000 0.12837 0.75595 0.17839 0.78537 1.00000 0.72727 1.00000 1.00000 0.30952 0.28982
12.00000 145.00000 0.26744 0.61538 1.00000 1.00000 0.62529 0.50910 0.65569 1.00000 1.00000 0.15278 0.74706 0.18912 0.33333 0.61714 0.12990 0.71429 0.16032 0.72887 1.00000 0.54545 1.00000 1.00000 0.31548 0.27377
12.00000 146.00000 0.53488 0.15385 1.00000 1.00000 0.50820 0.58426 0.61451 1.00000 1.00000 0.12787 0.77647 0.15714 0.33333 0.69714 0.15537 0.74405 0.18730 0.86649 1.00000 0.54545 1.00000 1.00000 0.30952 0.24548
12.00000 147.00000 0.77907 0.76923 1.00000 1.00000 0.44731 0.54825 0.64150 1.00000 1.00000 0.13410 0.71765 0.20881 0.33333 0.70286 0.15537 0.71429 0.20600 0.73322 1.00000 0.63636 1.00000 1.00000 0.26786 0.28574
12.00000 148.00000 0.50000 0.15385 1.00000 1.00000 0.56909 0.69231 0.66693 1.00000 1.00000 0.12500 0.78235 0.20747 0.33333 0.73143 0.12277 0.76786 0.18169 0.81096 1.00000 0.63636 1.00000 1.00000 0.20238 0.28212
12.00000 149.00000 0.41860 0.53846 1.00000 1.00000 0.53630 0.52104 0.62559 1.00000 1.00000 0.12931 0.75882 0.20483 0.33333 0.70857 0.12837 0.75595 0.19715 0.77378 1.00000 0.54545 1.00000 1.00000 0.25595 0.23639
12.00000 150.00000 0.50581 0.53846 1.00000 1.00000 0.56674 0.51674 0.67051 1.00000 1.00000 0.10967 0.74118 0.21768 0.33333 0.73143 0.12226 0.76786 0.20386 0.68542 1.00000 0.45455 1.00000 1.00000 0.26190 0.28574
12.00000 151.00000 0.50581 0.23077 1.00000 1.00000 0.70258 0.70288 0.70359 1.00000 1.00000 0.12931 0.75882 0.20696 0.33333 0.74286 0.13653 0.75595 0.19914 0.82158 1.00000 0.63636 1.00000 1.00000 0.31548 0.22581
12.00000 152.00000 0.43023 0.46154 1.00000 1.00000 0.50117 0.69309 0.66459 1.00000 1.00000 0.10680 0.77647 0.21824 0.33333 0.67429 0.12634 0.74405 0.20097 0.79865 1.00000 0.63636 1.00000 1.00000 0.14881 0.32907
12.00000 153.00000 0.58140 0.23077 1.00000 1.00000 0.61124 0.70562 0.67613 1.00000 1.00000 0.08812 0.77059 0.23312 0.33333 0.76000 0.13449 0.77976 0.19862 0.86045 1.00000 0.72727 1.00000 1.00000 0.16667 0.30374
12.00000 154.00000 0.40116 0.76923 1.00000 1.00000 0.65105 0.76766 0.77878 1.00000 1.00000 0.11782 0.80588 0.20132 0.33333 0.74286 0.11105 0.77381 0.16477 0.81362 1.00000 0.63636 1.00000 1.00000 0.21429 0.26654
12.00000 155.00000 0.41860 0.53846 1.00000 1.00000 0.53864 0.62928 0.74555 1.00000 1.00000 0.11686 0.74706 0.18482 0.33333 0.81714 0.13551 0.75000 0.21669 0.90295 1.00000 0.72727 1.00000 1.00000 0.22619 0.28741
12.00000 156.00000 0.50581 0.38462 1.00000 1.00000 0.55269 0.58798 0.72652 1.00000 1.00000 0.13266 0.76471 0.20553 0.33333 0.82286 0.14162 0.76190 0.19437 0.79503 1.00000 0.63636 1.00000 1.00000 0.33929 0.26348
12.00000 157.00000 0.40116 0.30769 1.00000 1.00000 0.70492 0.66079 0.70858 1.00000 1.00000 0.15230 0.78235 0.20909 0.33333 0.61714 0.13754 0.78571 0.21072 0.77982 1.00000 0.63636 1.00000 1.00000 0.19048 0.18805
12.00000 158.00000 0.47674 0.69231 1.00000 1.00000 0.63700 0.60756 0.69438 1.00000 1.00000 0.10872 0.79412 0.19952 0.33333 0.69714 0.13296 0.75595 0.18625 0.85514 1.00000 0.72727 1.00000 1.00000 0.32738 0.26598
12.00000 159.00000 0.37791 0.23077 1.00000 1.00000 0.64403 0.72734 0.80359 1.00000 1.00000 0.09483 0.76471 0.23857 0.33333 0.72571 0.12022 0.77381 0.18112 0.85200 1.00000 0.63636 1.00000 1.00000 0.18452 0.18406
12.00000 160.00000 0.50000 0.23077 1.00000 1.00000 0.62061 0.88706 0.74992 1.00000 1.00000 0.11782 0.79412 0.18797 0.33333 0.81714 0.11615 0.78571 0.16854 0.95123 1.00000 0.63636 1.00000 1.00000 0.25000 0.24130
12.00000 161.00000 0.47674 0.38462 1.00000 1.00000 0.62998 0.79957 0.75008 1.00000 1.00000 0.10584 0.78235 0.19494 0.33333 0.80571 0.08609 0.76190 0.20532 0.90077 1.00000 0.72727 1.00000 1.00000 0.14286 0.14241
12.00000 162.00000 0.56977 0.38462 1.00000 1.00000 0.60422 0.64063 0.80187 1.00000 1.00000 0.10393 0.78824 0.17918 0.33333 0.76000 0.08966 0.79762 0.15267 0.89015 1.00000 0.72727 1.00000 1.00000 0.20833 0.30791
12.00000 163.00000 0.55233 0.84615 1.00000 1.00000 0.56440 0.54453 0.78658 1.00000 1.00000 0.11446 0.78235 0.18593 0.33333 0.73714 0.10800 0.82738 0.17902 0.87977 1.00000 0.63636 1.00000 1.00000 0.26190 0.27489
12.00000 164.00000 0.61628 0.46154 1.00000 1.00000 0.60187 0.58720 0.72512 1.00000 1.00000 0.13314 0.80588 0.22545 0.33333 0.82286 0.11360 0.76190 0.16802 0.87108 1.00000 0.54545 1.00000 1.00000 0.10714 0.19640
12.00000 165.00000 0.33140 0.15385 1.00000 1.00000 0.57377 0.83832 0.86895 1.00000 1.00000 0.12500 0.77059 0.25456 0.33333 0.84000 0.11870 0.77976 0.18238 0.88798 1.00000 0.72727 1.00000 1.00000 0.17857 0.19659
12.00000 166.00000 0.64535 0.84615 1.00000 1.00000 0.62295 0.72519 0.77504 1.00000 1.00000 0.09195 0.75882 0.22217 0.33333 0.84571 0.09170 0.79167 0.17672 0.87132 1.00000 0.72727 1.00000 1.00000 0.06548 0.16412
12.00000 167.00000 0.49419 0.23077 1.00000 1.00000 0.71194 0.77784 0.73229 1.00000 1.00000 0.10824 0.80000 0.19222 0.33333 0.76000 0.09934 0.82143 0.17038 0.92854 1.00000 0.72727 1.00000 1.00000 0.19643 0.23017
12.00000 168.00000 0.38953 0.53846 1.00000 1.00000 0.67213 0.77980 0.77800 1.00000 1.00000 0.09674 0.80000 0.22887 0.33333 0.70857 0.11513 0.75000 0.17855 0.78199 1.00000 0.72727 1.00000 1.00000 0.17857 0.19492
12.00000 169.00000 0.33140 0.46154 1.00000 1.00000 0.58782 0.65531 0.83073 1.00000 1.00000 0.10010 0.79412 0.19120 0.33333 0.78857 0.10188 0.80357 0.17887 0.84669 1.00000 0.72727 1.00000 1.00000 0.06548 0.24501
12.00000 170.00000 0.49419 0.30769 1.00000 1.00000 0.60890 0.83284 0.86521 1.00000 1.00000 0.09579 0.81765 0.21981 0.33333 0.81714 0.09628 0.76786 0.20197 0.96089 1.00000 0.72727 1.00000 1.00000 0.19643 0.21440
