77.00000 1.00000 0.58140 0.15385 1.00000 1.00000 0.26698 0.50617 0.29594 1.00000 0.93750 0.37931 0.68824 0.20839 0.33333 0.41143 0.33571 0.69643 0.21360 0.50217 1.00000 0.27273 1.00000 1.00000 0.60714 0.62928
77.00000 2.00000 0.35465 0.30769 1.00000 1.00000 0.28571 0.35193 0.33510 1.00000 0.93750 0.34770 0.65882 0.21814 0.33333 0.33143 0.34182 0.63095 0.20836 0.51304 1.00000 0.27273 1.00000 1.00000 0.57738 0.60674
77.00000 3.00000 0.49419 0.46154 1.00000 1.00000 0.37471 0.44588 0.22215 1.00000 0.93750 0.33094 0.65882 0.19638 0.33333 0.29714 0.29241 0.66667 0.20302 0.47006 1.00000 0.36364 1.00000 1.00000 0.57738 0.48121
77.00000 4.00000 0.37791 0.69231 1.00000 1.00000 0.23888 0.42846 0.40671 1.00000 0.93750 0.30556 0.67059 0.19476 0.33333 0.29714 0.32552 0.67262 0.22775 0.52897 1.00000 0.27273 1.00000 1.00000 0.66071 0.60117
77.00000 5.00000 0.58140 0.61538 1.00000 1.00000 0.37002 0.43159 0.32512 1.00000 0.93750 0.30268 0.68824 0.19517 0.33333 0.40000 0.33113 0.69048 0.21826 0.59054 1.00000 0.36364 1.00000 1.00000 0.53571 0.55107
77.00000 6.00000 0.57558 0.53846 1.00000 1.00000 0.31148 0.44960 0.35835 1.00000 0.93750 0.30220 0.65294 0.20761 0.33333 0.36000 0.30667 0.63690 0.24844 0.58836 1.00000 0.27273 1.00000 1.00000 0.55357 0.57779
77.00000 7.00000 0.65116 0.84615 1.00000 1.00000 0.42623 0.51634 0.36911 1.00000 0.93750 0.34722 0.68824 0.20650 0.33333 0.34286 0.33214 0.71429 0.24928 0.55336 1.00000 0.36364 1.00000 1.00000 0.48214 0.55246
77.00000 8.00000 0.54651 0.07692 1.00000 1.00000 0.33021 0.37052 0.37629 1.00000 0.93750 0.27826 0.69412 0.20788 0.33333 0.18286 0.30769 0.69643 0.20558 0.51304 1.00000 0.36364 1.00000 1.00000 0.54167 0.51749
77.00000 9.00000 0.36047 0.53846 1.00000 1.00000 0.39813 0.37542 0.25538 1.00000 0.93750 0.32040 0.69412 0.17872 0.33333 0.38857 0.29598 0.67857 0.21276 0.51135 1.00000 0.36364 1.00000 1.00000 0.51786 0.51378
77.00000 10.00000 0.33140 0.15385 1.00000 1.00000 0.33489 0.32981 0.30484 1.00000 0.93750 0.28209 0.65882 0.18810 0.33333 0.26857 0.33113 0.66667 0.20810 0.51980 1.00000 0.36364 1.00000 1.00000 0.54167 0.52602
77.00000 11.00000 0.42442 0.76923 1.00000 1.00000 0.27166 0.29008 0.38315 1.00000 0.93750 0.31561 0.67059 0.17886 0.33333 0.20000 0.35405 0.68452 0.22177 0.55360 1.00000 0.36364 1.00000 1.00000 0.61310 0.53215
77.00000 12.00000 0.48837 0.84615 1.00000 1.00000 0.31616 0.39851 0.38034 1.00000 0.93750 0.32136 0.69412 0.22914 0.33333 0.28571 0.29801 0.67857 0.24100 0.55770 1.00000 0.36364 1.00000 1.00000 0.57738 0.58085
77.00000 13.00000 0.72674 0.61538 1.00000 1.00000 0.37002 0.47367 0.31810 1.00000 0.93750 0.35584 0.67059 0.22693 0.33333 0.37143 0.35456 0.67857 0.23089 0.50097 1.00000 0.36364 1.00000 1.00000 0.61905 0.55822
77.00000 14.00000 0.45349 0.30769 1.00000 1.00000 0.20843 0.41926 0.31607 1.00000 0.93750 0.28831 0.65882 0.18954 0.33333 0.30286 0.29598 0.67857 0.22403 0.59754 1.00000 0.45455 1.00000 1.00000 0.63690 0.56155
77.00000 15.00000 0.51163 0.46154 1.00000 1.00000 0.18501 0.41613 0.36849 1.00000 0.93750 0.36303 0.70588 0.23534 0.33333 0.36000 0.31941 0.70833 0.22790 0.56808 1.00000 0.27273 1.00000 1.00000 0.63690 0.55645
77.00000 16.00000 0.41279 0.69231 1.00000 1.00000 0.29274 0.22685 0.27910 1.00000 0.93750 0.29981 0.66471 0.17022 0.33333 0.29714 0.35405 0.68452 0.21329 0.51666 1.00000 0.54545 1.00000 1.00000 0.54762 0.55794
77.00000 17.00000 0.47093 0.30769 1.00000 1.00000 0.27400 0.41358 0.29688 1.00000 0.93750 0.30077 0.68824 0.18196 0.33333 0.38286 0.31482 0.69643 0.19930 0.49638 1.00000 0.36364 1.00000 1.00000 0.63690 0.62557
77.00000 18.00000 0.54651 0.69231 1.00000 1.00000 0.34660 0.45058 0.23853 1.00000 0.93750 0.31322 0.70588 0.18704 0.33333 0.34857 0.33164 0.67262 0.22099 0.51980 1.00000 0.36364 1.00000 1.00000 0.63095 0.53530
77.00000 19.00000 0.58140 0.53846 1.00000 1.00000 0.17330 0.36700 0.43604 1.00000 0.93750 0.33190 0.70588 0.19795 0.33333 0.30857 0.32705 0.69048 0.22261 0.51835 1.00000 0.36364 1.00000 1.00000 0.47024 0.57705
77.00000 20.00000 0.55814 0.23077 1.00000 1.00000 0.34895 0.42083 0.38315 1.00000 0.93750 0.37644 0.70000 0.21888 0.33333 0.40571 0.33877 0.68452 0.20957 0.50241 1.00000 0.45455 1.00000 1.00000 0.60714 0.57315
77.00000 21.00000 0.70930 0.46154 1.00000 1.00000 0.21780 0.39773 0.46973 1.00000 0.93750 0.29262 0.67647 0.17941 0.33333 0.29714 0.32043 0.68452 0.24278 0.46958 1.00000 0.36364 1.00000 1.00000 0.54762 0.67001
77.00000 22.00000 0.34884 0.69231 1.00000 1.00000 0.44028 0.36113 0.47332 1.00000 0.93750 0.31226 0.70588 0.18598 0.33333 0.44000 0.35711 0.68452 0.22172 0.50024 1.00000 0.27273 1.00000 1.00000 0.56548 0.50793
77.00000 23.00000 0.55233 0.53846 1.00000 1.00000 0.27400 0.42200 0.38690 1.00000 0.93750 0.32184 0.64118 0.19776 0.33333 0.34286 0.35048 0.67262 0.21753 0.41478 1.00000 0.27273 1.00000 1.00000 0.72024 0.48437
77.00000 24.00000 0.22093 0.23077 1.00000 1.00000 0.29977 0.38931 0.35507 1.00000 0.93750 0.33190 0.71176 0.18626 0.33333 0.29143 0.33062 0.67857 0.21491 0.58933 1.00000 0.36364 1.00000 1.00000 0.50000 0.51953
77.00000 25.00000 0.47093 0.76923 1.00000 1.00000 0.21780 0.57076 0.20000 1.00000 0.93750 0.34195 0.70000 0.18006 0.33333 0.40000 0.30769 0.66667 0.21994 0.55384 1.00000 0.36364 1.00000 1.00000 0.58929 0.59143
77.00000 26.00000 0.76744 0.61538 1.00000 1.00000 0.34426 0.37502 0.26084 1.00000 0.93750 0.33046 0.69412 0.20886 0.33333 0.15429 0.32909 0.66667 0.23099 0.49083 1.00000 0.27273 1.00000 1.00000 0.55357 0.57297
77.00000 27.00000 0.50581 0.84615 1.00000 1.00000 0.35363 0.48033 0.37332 1.00000 0.93750 0.34339 0.68235 0.22193 0.33333 0.28571 0.32756 0.70238 0.22916 0.52801 1.00000 0.36364 1.00000 1.00000 0.55952 0.60488
77.00000 28.00000 0.29070 0.46154 1.00000 1.00000 0.24590 0.38050 0.32777 1.00000 0.93750 0.33285 0.70588 0.21708 0.33333 0.33143 0.32043 0.68452 0.23728 0.50121 1.00000 0.27273 1.00000 1.00000 0.51786 0.55682
77.00000 29.00000 0.55814 0.84615 1.00000 1.00000 0.49180 0.30691 0.31357 1.00000 0.93750 0.29693 0.65294 0.17308 0.33333 0.26857 0.27713 0.69048 0.19757 0.46596 1.00000 0.18182 1.00000 1.00000 0.57143 0.52389
77.00000 30.00000 0.65698 0.30769 1.00000 1.00000 0.46838 0.44960 0.33619 1.00000 0.93750 0.29262 0.67059 0.22041 0.33333 0.29143 0.30158 0.67857 0.21874 0.46548 1.00000 0.36364 1.00000 1.00000 0.54762 0.54764
77.00000 31.00000 0.47093 0.69231 1.00000 1.00000 0.31148 0.50362 0.23448 1.00000 0.93750 0.32615 0.70588 0.20872 0.33333 0.35429 0.32960 0.69643 0.19432 0.49010 1.00000 0.45455 1.00000 1.00000 0.64881 0.60646
77.00000 32.00000 0.56977 0.46154 1.00000 1.00000 0.32553 0.45567 0.27863 1.00000 0.93750 0.31849 0.69412 0.18944 0.33333 0.37143 0.33826 0.66667 0.25399 0.46451 1.00000 0.36364 1.00000 1.00000 0.57738 0.64041
77.00000 33.00000 0.50581 0.76923 1.00000 1.00000 0.20609 0.32903 0.23931 1.00000 0.93750 0.31418 0.67059 0.18815 0.33333 0.31429 0.31992 0.64286 0.23964 0.48044 1.00000 0.27273 1.00000 1.00000 0.57738 0.49893
77.00000 34.00000 0.50000 0.76923 1.00000 1.00000 0.23653 0.42807 0.40343 1.00000 0.93750 0.36207 0.69412 0.23552 0.33333 0.32571 0.32807 0.66667 0.19008 0.52004 1.00000 0.27273 1.00000 1.00000 0.59524 0.55061
77.00000 35.00000 0.63953 0.61538 1.00000 1.00000 0.33021 0.39362 0.41248 1.00000 0.93750 0.31034 0.65882 0.18727 0.33333 0.36571 0.30413 0.67857 0.20480 0.47417 1.00000 0.45455 1.00000 1.00000 0.52381 0.49995
77.00000 36.00000 0.65116 0.69231 1.00000 1.00000 0.37237 0.39421 0.35179 1.00000 0.93750 0.33525 0.68824 0.19906 0.33333 0.36000 0.33113 0.70238 0.24221 0.40246 1.00000 0.54545 1.00000 1.00000 0.62500 0.57213
77.00000 37.00000 0.56977 0.53846 1.00000 1.00000 0.35363 0.28146 0.44774 1.00000 0.93750 0.34674 0.67059 0.19531 0.33333 0.25714 0.35660 0.67857 0.22120 0.46741 1.00000 0.45455 1.00000 1.00000 0.52381 0.51842
77.00000 38.00000 0.61628 0.61538 1.00000 1.00000 0.33489 0.53083 0.34462 1.00000 0.93750 0.30891 0.68235 0.20687 0.33333 0.36571 0.34284 0.69048 0.26411 0.55770 1.00000 0.27273 1.00000 1.00000 0.52976 0.60349
77.00000 39.00000 0.33140 0.30769 1.00000 1.00000 0.26698 0.43394 0.32949 1.00000 0.93750 0.32136 0.68235 0.20178 0.33333 0.37143 0.34080 0.67857 0.23445 0.48020 1.00000 0.27273 1.00000 1.00000 0.55357 0.57955
77.00000 40.00000 0.50581 0.38462 1.00000 1.00000 0.28806 0.40047 0.29704 1.00000 0.93750 0.32759 0.69412 0.20234 0.33333 0.23429 0.32807 0.66071 0.22324 0.52970 1.00000 0.36364 1.00000 1.00000 0.47024 0.49012
77.00000 41.00000 0.54651 0.61538 1.00000 1.00000 0.43794 0.54864 0.21607 1.00000 0.93750 0.31418 0.68824 0.19684 0.33333 0.32571 0.34794 0.69643 0.23712 0.57074 1.00000 0.36364 1.00000 1.00000 0.64286 0.59839
77.00000 42.00000 0.62209 0.23077 1.00000 1.00000 0.21546 0.30711 0.41045 1.00000 0.93750 0.31849 0.69412 0.17405 0.33333 0.23429 0.33113 0.68452 0.20606 0.41912 1.00000 0.27273 1.00000 1.00000 0.49405 0.66277
77.00000 43.00000 0.38372 0.15385 1.00000 1.00000 0.33489 0.38383 0.41669 1.00000 0.93750 0.25383 0.62941 0.18736 0.33333 0.35429 0.32501 0.67262 0.21533 0.45268 1.00000 0.36364 1.00000 1.00000 0.69643 0.64793
77.00000 44.00000 0.22674 0.23077 1.00000 1.00000 0.35363 0.49168 0.30187 1.00000 0.93750 0.33621 0.68824 0.20373 0.33333 0.37714 0.32909 0.67262 0.21701 0.46692 1.00000 0.36364 1.00000 1.00000 0.60119 0.54597
77.00000 45.00000 0.52907 0.38462 1.00000 1.00000 0.34660 0.44451 0.35679 1.00000 0.93750 0.30603 0.69412 0.17743 0.33333 0.23429 0.30515 0.67262 0.23644 0.47368 1.00000 0.54545 1.00000 1.00000 0.55357 0.53085
77.00000 46.00000 0.25000 0.30769 1.00000 1.00000 0.30445 0.48326 0.42106 1.00000 0.93750 0.30843 0.70000 0.19166 0.33333 0.28571 0.33622 0.63690 0.23796 0.49783 1.00000 0.45455 1.00000 1.00000 0.56548 0.56063
77.00000 47.00000 0.50581 0.61538 1.00000 1.00000 0.25527 0.40536 0.27254 1.00000 0.93750 0.36255 0.71176 0.23159 0.33333 0.39429 0.34845 0.66667 0.24305 0.55191 1.00000 0.45455 1.00000 1.00000 0.63095 0.60080
77.00000 48.00000 0.43605 0.15385 1.00000 1.00000 0.23653 0.41965 0.39329 1.00000 0.93750 0.31705 0.68824 0.22050 0.33333 0.18857 0.35150 0.66667 0.21910 0.49203 1.00000 0.45455 1.00000 1.00000 0.69643 0.56554
77.00000 49.00000 0.48837 0.76923 1.00000 1.00000 0.41218 0.39538 0.23869 1.00000 0.93750 0.34100 0.68235 0.20391 0.33333 0.29714 0.32654 0.66667 0.23933 0.47393 1.00000 0.18182 1.00000 1.00000 0.51786 0.56786
77.00000 50.00000 0.55814 0.84615 1.00000 1.00000 0.14052 0.46604 0.20858 1.00000 0.93750 0.33812 0.69412 0.20807 0.33333 0.22286 0.30922 0.67857 0.20464 0.53187 1.00000 0.36364 1.00000 1.00000 0.60119 0.62826
77.00000 51.00000 0.47093 0.61538 1.00000 1.00000 0.22014 0.32433 0.32371 1.00000 0.93750 0.34626 0.68824 0.17419 0.33333 0.37143 0.32603 0.66667 0.25646 0.51231 1.00000 0.27273 1.00000 1.00000 0.54762 0.58011
77.00000 52.00000 0.51163 0.30769 1.00000 1.00000 0.23185 0.33196 0.30827 1.00000 0.93750 0.30747 0.68824 0.17424 0.33333 0.33143 0.31330 0.69643 0.22151 0.54008 1.00000 0.45455 1.00000 1.00000 0.60714 0.62408
77.00000 53.00000 0.52326 0.23077 1.00000 1.00000 0.20609 0.37072 0.40967 1.00000 0.93750 0.32567 0.67059 0.19675 0.33333 0.33143 0.32298 0.66071 0.19956 0.58885 1.00000 0.36364 1.00000 1.00000 0.50000 0.64106
77.00000 54.00000 0.58140 0.46154 1.00000 1.00000 0.32787 0.46780 0.32449 1.00000 0.93750 0.34483 0.71176 0.21565 0.33333 0.34286 0.33775 0.69643 0.24399 0.50121 1.00000 0.45455 1.00000 1.00000 0.57143 0.65127
77.00000 55.00000 0.45349 0.07692 1.00000 1.00000 0.39110 0.25445 0.23666 1.00000 0.93750 0.32902 0.66471 0.21454 0.33333 0.32000 0.33164 0.69643 0.21837 0.55287 1.00000 0.45455 1.00000 1.00000 0.48214 0.58252
77.00000 56.00000 0.50000 0.46154 1.00000 1.00000 0.39813 0.45508 0.56708 1.00000 0.93750 0.36542 0.67647 0.18330 0.33333 0.38286 0.33367 0.70238 0.21648 0.47586 1.00000 0.18182 1.00000 1.00000 0.52976 0.47657
77.00000 57.00000 0.66279 0.61538 1.00000 1.00000 0.31850 0.27168 0.34524 1.00000 0.93750 0.32519 0.71176 0.22716 0.33333 0.22857 0.32705 0.69048 0.21984 0.48382 1.00000 0.45455 1.00000 1.00000 0.57738 0.49494
77.00000 58.00000 0.50581 0.69231 1.00000 1.00000 0.29742 0.46741 0.31186 1.00000 0.93750 0.32232 0.68824 0.20405 0.33333 0.42286 0.32094 0.67262 0.22251 0.50338 1.00000 0.54545 1.00000 1.00000 0.54762 0.58864
77.00000 59.00000 0.45930 0.38462 1.00000 1.00000 0.20609 0.39793 0.28877 1.00000 0.93750 0.30843 0.67647 0.20414 0.33333 0.23429 0.27713 0.67262 0.20480 0.57291 1.00000 0.36364 1.00000 1.00000 0.54167 0.49559
77.00000 60.00000 0.56977 0.46154 1.00000 1.00000 0.39578 0.46134 0.37145 1.00000 0.93750 0.35297 0.69412 0.17581 0.33333 0.33714 0.37239 0.67857 0.20003 0.48213 1.00000 0.27273 1.00000 1.00000 0.58929 0.54653
77.00000 61.00000 0.49419 0.84615 1.00000 1.00000 0.39578 0.39597 0.34087 1.00000 0.93750 0.35680 0.68824 0.22064 0.33333 0.37714 0.35456 0.70238 0.23953 0.57991 1.00000 0.45455 1.00000 1.00000 0.59524 0.63846
77.00000 62.00000 0.53488 0.15385 1.00000 1.00000 0.25059 0.36328 0.30686 1.00000 0.93750 0.36207 0.68824 0.18940 0.33333 0.32571 0.36169 0.65476 0.21690 0.51014 1.00000 0.27273 1.00000 1.00000 0.52381 0.58837
77.00000 63.00000 0.39535 0.76923 1.00000 1.00000 0.29742 0.47681 0.37676 1.00000 0.93750 0.32854 0.68824 0.24671 0.33333 0.28571 0.33724 0.69643 0.23733 0.55287 1.00000 0.45455 1.00000 1.00000 0.55357 0.54615
77.00000 64.00000 0.45930 0.53846 1.00000 1.00000 0.35831 0.37502 0.36739 1.00000 0.93750 0.33094 0.64118 0.19859 0.33333 0.34286 0.33520 0.63690 0.22261 0.52366 1.00000 0.36364 1.00000 1.00000 0.62500 0.54634
77.00000 65.00000 0.41860 0.69231 1.00000 1.00000 0.24356 0.46115 0.43651 1.00000 0.93750 0.37213 0.67647 0.19855 0.33333 0.48000 0.35201 0.69643 0.20218 0.58595 1.00000 0.18182 1.00000 1.00000 0.56548 0.59885
77.00000 66.00000 0.32558 0.23077 1.00000 1.00000 0.34895 0.37072 0.32090 1.00000 0.93750 0.32136 0.68235 0.19060 0.33333 0.31429 0.33979 0.66071 0.23712 0.50966 1.00000 0.27273 1.00000 1.00000 0.56548 0.55209
77.00000 67.00000 0.45930 0.15385 1.00000 1.00000 0.26698 0.41143 0.36334 1.00000 0.93750 0.33860 0.65882 0.19896 0.33333 0.37714 0.34233 0.64881 0.24813 0.48841 1.00000 0.36364 1.00000 1.00000 0.57738 0.55265
77.00000 68.00000 0.44186 0.15385 1.00000 1.00000 0.22951 0.24447 0.35195 1.00000 0.93750 0.34483 0.69412 0.21204 0.33333 0.42857 0.35660 0.66667 0.24184 0.52463 1.00000 0.54545 1.00000 1.00000 0.50000 0.59718
77.00000 69.00000 0.69186 0.15385 1.00000 1.00000 0.33958 0.46369 0.44306 1.00000 0.93750 0.34962 0.70588 0.17526 0.33333 0.32571 0.32501 0.69048 0.25206 0.44157 1.00000 0.27273 1.00000 1.00000 0.67262 0.64255
77.00000 70.00000 0.35465 0.53846 1.00000 1.00000 0.28806 0.43453 0.39454 1.00000 0.93750 0.33142 0.70588 0.21177 0.33333 0.32000 0.34794 0.67262 0.24598 0.41960 1.00000 0.36364 1.00000 1.00000 0.47024 0.52138
77.00000 71.00000 0.17442 0.30769 1.00000 1.00000 0.43560 0.53376 0.42137 1.00000 0.93750 0.33381 0.69412 0.21061 0.33333 0.26857 0.30922 0.65476 0.23173 0.55287 1.00000 0.27273 1.00000 1.00000 0.54762 0.57464
77.00000 72.00000 0.30233 0.69231 1.00000 1.00000 0.43326 0.44647 0.32652 1.00000 0.93750 0.33669 0.69412 0.22605 0.33333 0.41143 0.31126 0.69643 0.21711 0.49421 1.00000 0.36364 1.00000 1.00000 0.63690 0.55172
77.00000 73.00000 0.62791 0.69231 1.00000 1.00000 0.36534 0.42317 0.30998 1.00000 0.93750 0.34004 0.68824 0.20691 0.33333 0.26286 0.34539 0.69643 0.23314 0.49179 1.00000 0.27273 1.00000 1.00000 0.59524 0.60757
77.00000 74.00000 0.42442 0.53846 1.00000 1.00000 0.38642 0.36504 0.44883 1.00000 0.93750 0.34674 0.66471 0.21477 0.33333 0.28571 0.34997 0.69048 0.24540 0.48720 1.00000 0.27273 1.00000 1.00000 0.64881 0.56527
77.00000 75.00000 0.67442 0.38462 1.00000 1.00000 0.25059 0.46506 0.16833 1.00000 0.93750 0.35105 0.70588 0.19652 0.33333 0.37143 0.31941 0.68452 0.27155 0.46475 1.00000 0.27273 1.00000 1.00000 0.55952 0.61453
77.00000 76.00000 0.52326 0.69231 1.00000 1.00000 0.26464 0.31278 0.15569 1.00000 0.93750 0.31178 0.66471 0.22175 0.33333 0.38857 0.34131 0.67857 0.21915 0.43892 1.00000 0.45455 1.00000 1.00000 0.61905 0.55961
77.00000 77.00000 0.44767 0.53846 1.00000 1.00000 0.21077 0.41946 0.26178 1.00000 0.93750 0.33094 0.67059 0.18653 0.33333 0.35429 0.29801 0.69048 0.19663 0.57146 1.00000 0.45455 1.00000 1.00000 0.61905 0.53307
77.00000 78.00000 0.54070 0.76923 1.00000 1.00000 0.31148 0.41358 0.30998 1.00000 0.93750 0.34483 0.69412 0.17160 0.33333 0.36000 0.33724 0.66667 0.22927 0.52149 1.00000 0.36364 1.00000 1.00000 0.60714 0.46331
77.00000 79.00000 0.44767 0.84615 1.00000 1.00000 0.28806 0.29928 0.34041 1.00000 0.93750 0.34435 0.68824 0.19933 0.33333 0.40571 0.34539 0.69643 0.25310 0.48551 1.00000 0.36364 1.00000 1.00000 0.57143 0.57417
77.00000 80.00000 0.76744 0.38462 1.00000 1.00000 0.22951 0.51497 0.36693 1.00000 0.93750 0.33477 0.70000 0.24343 0.33333 0.33143 0.33520 0.70238 0.23634 0.48527 1.00000 0.36364 1.00000 1.00000 0.61310 0.64653
77.00000 81.00000 0.51163 0.76923 1.00000 1.00000 0.38173 0.33196 0.37566 1.00000 0.93750 0.35824 0.68235 0.18126 0.33333 0.40000 0.34233 0.66071 0.20538 0.55070 1.00000 0.45455 1.00000 1.00000 0.63690 0.64394
77.00000 82.00000 0.58721 0.15385 1.00000 1.00000 0.23185 0.41632 0.32496 1.00000 0.93750 0.35297 0.72353 0.21565 0.33333 0.22286 0.34488 0.68452 0.22204 0.45630 1.00000 0.36364 1.00000 1.00000 0.66071 0.54523
77.00000 83.00000 0.55814 0.76923 1.00000 1.00000 0.40515 0.35036 0.38346 1.00000 0.93750 0.33094 0.66471 0.20909 0.33333 0.29714 0.31533 0.67857 0.23236 0.55191 1.00000 0.54545 1.00000 1.00000 0.64881 0.63188
77.00000 84.00000 0.53488 0.84615 1.00000 1.00000 0.23185 0.32139 0.36162 1.00000 0.93750 0.34722 0.68824 0.18769 0.33333 0.34286 0.35762 0.72024 0.21942 0.53283 1.00000 0.45455 1.00000 1.00000 0.62500 0.70109
77.00000 85.00000 0.26163 0.84615 1.00000 1.00000 0.39813 0.41926 0.41888 1.00000 0.93750 0.31034 0.67647 0.21015 0.33333 0.33714 0.35354 0.65476 0.21554 0.51931 1.00000 0.27273 1.00000 1.00000 0.55357 0.57213
77.00000 86.00000 0.55233 0.30769 1.00000 1.00000 0.33021 0.46330 0.33151 1.00000 0.93750 0.33812 0.69412 0.19883 0.33333 0.35429 0.34080 0.69048 0.22177 0.43940 1.00000 0.54545 1.00000 1.00000 0.52976 0.58048
77.00000 87.00000 0.66860 0.76923 1.00000 1.00000 0.32553 0.42924 0.30312 1.00000 0.93750 0.33142 0.67647 0.22263 0.33333 0.34286 0.29598 0.67262 0.25384 0.51231 1.00000 0.27273 1.00000 1.00000 0.67262 0.53743
77.00000 88.00000 0.49419 0.76923 1.00000 1.00000 0.19906 0.57134 0.33027 1.00000 0.93750 0.33190 0.71765 0.19970 0.33333 0.42857 0.36628 0.65476 0.20071 0.55022 1.00000 0.27273 1.00000 1.00000 0.60119 0.65674
77.00000 89.00000 0.45930 0.38462 1.00000 1.00000 0.24590 0.39577 0.41045 1.00000 0.93750 0.35967 0.70000 0.19818 0.33333 0.35429 0.35405 0.64286 0.22376 0.38798 1.00000 0.27273 1.00000 1.00000 0.51190 0.52343
77.00000 90.00000 0.31395 0.15385 1.00000 1.00000 0.36768 0.38833 0.38331 1.00000 0.93750 0.33142 0.69412 0.20169 0.33333 0.35429 0.33316 0.67857 0.19919 0.58088 1.00000 0.36364 1.00000 1.00000 0.52381 0.56582
77.00000 91.00000 0.73256 0.46154 1.00000 1.00000 0.36066 0.34429 0.31357 1.00000 0.93750 0.34962 0.68235 0.24754 0.33333 0.37143 0.37341 0.66071 0.22775 0.52487 1.00000 0.27273 1.00000 1.00000 0.52381 0.52073
77.00000 92.00000 0.56395 0.76923 1.00000 1.00000 0.33958 0.30143 0.36833 1.00000 0.93750 0.37356 0.69412 0.19786 0.33333 0.44000 0.35201 0.66071 0.19830 0.51280 1.00000 0.45455 1.00000 1.00000 0.74405 0.65154
77.00000 93.00000 0.37791 0.61538 1.00000 1.00000 0.47307 0.52730 0.17270 1.00000 0.93750 0.34100 0.71176 0.19799 0.33333 0.34857 0.32756 0.69048 0.25253 0.51811 1.00000 0.36364 1.00000 1.00000 0.52381 0.51758
77.00000 94.00000 0.36047 0.84615 1.00000 1.00000 0.38407 0.31689 0.26115 1.00000 0.93750 0.32567 0.67059 0.20058 0.33333 0.35429 0.30667 0.66667 0.20930 0.46354 1.00000 0.27273 1.00000 1.00000 0.58929 0.59857
77.00000 95.00000 0.51744 0.15385 1.00000 1.00000 0.33724 0.41965 0.34384 1.00000 0.93750 0.36351 0.68824 0.20419 0.33333 0.33714 0.35201 0.67857 0.22790 0.55649 1.00000 0.45455 1.00000 1.00000 0.58929 0.57389
77.00000 96.00000 0.41860 0.61538 1.00000 1.00000 0.21546 0.32218 0.37036 1.00000 0.93750 0.38266 0.66471 0.23183 0.33333 0.29143 0.33469 0.69643 0.22256 0.50386 1.00000 0.18182 1.00000 1.00000 0.58333 0.65748
77.00000 97.00000 0.45930 0.30769 1.00000 1.00000 0.30211 0.43042 0.35398 1.00000 0.93750 0.36877 0.70000 0.22059 0.33333 0.31429 0.37188 0.66667 0.22759 0.53573 1.00000 0.36364 1.00000 1.00000 0.58333 0.57519
77.00000 98.00000 0.53488 0.46154 1.00000 1.00000 0.25995 0.37855 0.22246 1.00000 0.93750 0.34866 0.68235 0.21288 0.33333 0.29143 0.35150 0.69643 0.26164 0.46837 1.00000 0.27273 1.00000 1.00000 0.60119 0.50283
77.00000 99.00000 0.53488 0.07692 1.00000 1.00000 0.29742 0.40458 0.36271 1.00000 0.93750 0.33429 0.68235 0.22438 0.33333 0.34857 0.32909 0.66071 0.21229 0.49638 1.00000 0.36364 1.00000 1.00000 0.60119 0.64607
77.00000 100.00000 0.58140 0.46154 1.00000 1.00000 0.37471 0.33529 0.33167 1.00000 0.93750 0.34291 0.66471 0.22970 0.33333 0.27429 0.36882 0.70833 0.28265 0.51255 1.00000 0.36364 1.00000 1.00000 0.52976 0.65795
77.00000 101.00000 0.31395 0.53846 1.00000 1.00000 0.33958 0.44236 0.39766 1.00000 0.93750 0.32807 0.69412 0.20548 0.33333 0.40000 0.35303 0.66071 0.22141 0.54563 1.00000 0.36364 1.00000 1.00000 0.76190 0.60052
77.00000 102.00000 0.65116 0.61538 1.00000 1.00000 0.30913 0.61773 0.41248 1.00000 0.93750 0.35345 0.68824 0.20405 0.33333 0.38286 0.34641 0.67857 0.24525 0.46813 1.00000 0.45455 1.00000 1.00000 0.68452 0.53827
77.00000 103.00000 0.45930 0.46154 1.00000 1.00000 0.43794 0.34743 0.27878 1.00000 0.93750 0.37787 0.68824 0.22170 0.33333 0.44000 0.35965 0.66667 0.20338 0.43699 1.00000 0.36364 1.00000 1.00000 0.60119 0.52853
77.00000 104.00000 0.76163 0.15385 1.00000 1.00000 0.33489 0.38990 0.32621 1.00000 0.93750 0.39320 0.72353 0.22147 0.33333 0.37714 0.34131 0.68452 0.24242 0.53935 1.00000 0.36364 1.00000 1.00000 0.67857 0.58141
77.00000 105.00000 0.38953 0.53846 1.00000 1.00000 0.35831 0.43727 0.24368 1.00000 0.93750 0.40757 0.68235 0.21362 0.33333 0.27429 0.36831 0.68452 0.25352 0.50700 1.00000 0.27273 1.00000 1.00000 0.60119 0.52908
77.00000 106.00000 0.14535 0.84615 1.00000 1.00000 0.27635 0.44471 0.47457 1.00000 0.93750 0.35345 0.67059 0.20530 0.33333 0.40571 0.34030 0.70833 0.25520 0.48093 1.00000 0.27273 1.00000 1.00000 0.69643 0.64217
77.00000 107.00000 0.56395 0.15385 1.00000 1.00000 0.21311 0.54453 0.38580 1.00000 0.93750 0.36734 0.67647 0.21662 0.33333 0.36000 0.36373 0.70238 0.23356 0.53308 1.00000 0.45455 1.00000 1.00000 0.55952 0.43854
77.00000 108.00000 0.40698 0.76923 1.00000 1.00000 0.38876 0.63633 0.53073 1.00000 0.93750 0.39511 0.71765 0.21186 0.33333 0.32571 0.36984 0.69048 0.24504 0.53839 1.00000 0.36364 1.00000 1.00000 0.52976 0.52407
77.00000 109.00000 0.50000 0.30769 1.00000 1.00000 0.36300 0.40360 0.33853 1.00000 0.93750 0.35536 0.71176 0.20373 0.33333 0.30857 0.35558 0.70238 0.23183 0.46910 1.00000 0.36364 1.00000 1.00000 0.67262 0.68615
77.00000 110.00000 0.59884 0.53846 1.00000 1.00000 0.28337 0.41906 0.30889 1.00000 0.93750 0.36159 0.68824 0.21879 0.33333 0.34857 0.34131 0.66667 0.22644 0.40343 1.00000 0.36364 1.00000 1.00000 0.51786 0.63188
77.00000 111.00000 0.41860 0.30769 1.00000 1.00000 0.25995 0.32903 0.45741 1.00000 0.93750 0.37069 0.70588 0.19772 0.33333 0.32571 0.37901 0.64286 0.23587 0.45847 1.00000 0.45455 1.00000 1.00000 0.64881 0.67789
77.00000 112.00000 0.27326 0.23077 1.00000 1.00000 0.36300 0.48972 0.37176 1.00000 0.93750 0.36063 0.69412 0.21403 0.33333 0.23429 0.33622 0.68452 0.23644 0.50507 1.00000 0.27273 1.00000 1.00000 0.58929 0.62158
77.00000 113.00000 0.54070 0.38462 1.00000 1.00000 0.22248 0.42924 0.37738 1.00000 0.93750 0.37069 0.69412 0.21214 0.33333 0.28571 0.40703 0.68452 0.27375 0.47610 1.00000 0.27273 1.00000 1.00000 0.64286 0.54708
77.00000 114.00000 0.16279 0.76923 1.00000 1.00000 0.42623 0.29693 0.48393 1.00000 0.93750 0.38314 0.70000 0.22069 0.33333 0.27429 0.38716 0.69048 0.24352 0.50652 1.00000 0.27273 1.00000 1.00000 0.61905 0.65461
77.00000 115.00000 0.40698 0.53846 1.00000 1.00000 0.38173 0.41065 0.34524 1.00000 0.93750 0.32711 0.65882 0.20386 0.33333 0.33143 0.34947 0.69048 0.25881 0.50241 1.00000 0.36364 1.00000 1.00000 0.55952 0.63781
77.00000 116.00000 0.35465 0.69231 1.00000 1.00000 0.34895 0.42944 0.30484 1.00000 0.93750 0.34674 0.70588 0.20312 0.33333 0.41143 0.36016 0.66667 0.21936 0.48431 1.00000 0.36364 1.00000 1.00000 0.59524 0.46498
77.00000 117.00000 0.26163 0.61538 1.00000 1.00000 0.29274 0.45606 0.44165 1.00000 0.93750 0.38841 0.70000 0.20687 0.33333 0.33714 0.39939 0.67857 0.22366 0.49396 1.00000 0.36364 1.00000 1.00000 0.64881 0.68216
77.00000 118.00000 0.58721 0.61538 1.00000 1.00000 0.38407 0.35017 0.45866 1.00000 0.93750 0.32950 0.67059 0.23654 0.33333 0.41714 0.36067 0.68452 0.24944 0.53694 1.00000 0.36364 1.00000 1.00000 0.57738 0.61202
77.00000 119.00000 0.40116 0.38462 1.00000 1.00000 0.29040 0.49246 0.37832 1.00000 0.93750 0.36063 0.72353 0.22901 0.33333 0.43429 0.36577 0.69048 0.24498 0.46837 1.00000 0.36364 1.00000 1.00000 0.55952 0.67149
77.00000 120.00000 0.35465 0.07692 1.00000 1.00000 0.29274 0.52359 0.47644 1.00000 0.93750 0.41523 0.71176 0.24601 0.33333 0.35429 0.37035 0.67857 0.23796 0.55505 1.00000 0.27273 1.00000 1.00000 0.60714 0.58067
77.00000 121.00000 0.70930 0.46154 1.00000 1.00000 0.27166 0.34880 0.38378 1.00000 0.93750 0.37117 0.71176 0.18769 0.33333 0.24000 0.38054 0.70833 0.22827 0.54635 1.00000 0.36364 1.00000 1.00000 0.49405 0.60952
77.00000 122.00000 0.50000 0.15385 1.00000 1.00000 0.37471 0.44197 0.30140 1.00000 0.93750 0.36255 0.67647 0.18981 0.33333 0.33714 0.36067 0.69643 0.21088 0.55239 1.00000 0.45455 1.00000 1.00000 0.70833 0.57807
77.00000 123.00000 0.41279 0.61538 1.00000 1.00000 0.39578 0.41280 0.33058 1.00000 0.93750 0.36207 0.71765 0.22355 0.33333 0.32571 0.33469 0.64881 0.20564 0.36335 1.00000 0.36364 1.00000 1.00000 0.55357 0.48993
77.00000 124.00000 0.69767 0.23077 1.00000 1.00000 0.27635 0.44960 0.36240 1.00000 0.93750 0.39176 0.72353 0.23538 0.33333 0.25143 0.41416 0.70833 0.25625 0.44640 1.00000 0.45455 1.00000 1.00000 0.67262 0.64468
77.00000 125.00000 0.57558 0.76923 1.00000 1.00000 0.26932 0.35917 0.31373 1.00000 0.93750 0.33908 0.71176 0.20557 0.33333 0.40000 0.36679 0.67857 0.23786 0.43023 1.00000 0.27273 1.00000 1.00000 0.61905 0.50311
77.00000 126.00000 0.49419 0.53846 1.00000 1.00000 0.53396 0.48816 0.30998 1.00000 0.93750 0.36877 0.69412 0.20091 0.33333 0.34286 0.35609 0.67262 0.24299 0.43916 1.00000 0.36364 1.00000 1.00000 0.61310 0.51693
77.00000 127.00000 0.39535 0.46154 1.00000 1.00000 0.31850 0.51145 0.38502 1.00000 0.93750 0.38314 0.67647 0.22281 0.33333 0.29714 0.37545 0.67857 0.25410 0.45292 1.00000 0.36364 1.00000 1.00000 0.54762 0.63735
77.00000 128.00000 0.38372 0.23077 1.00000 1.00000 0.40515 0.38246 0.40062 1.00000 0.93750 0.39895 0.71176 0.23894 0.33333 0.34286 0.35711 0.64881 0.23660 0.36987 1.00000 0.27273 1.00000 1.00000 0.62500 0.59291
77.00000 129.00000 0.34302 0.46154 1.00000 1.00000 0.41452 0.32629 0.44696 1.00000 0.93750 0.37117 0.68824 0.25101 0.33333 0.36571 0.33418 0.69048 0.26432 0.49421 1.00000 0.45455 1.00000 1.00000 0.61310 0.52806
77.00000 130.00000 0.29651 0.84615 1.00000 1.00000 0.40515 0.32629 0.43557 1.00000 0.93750 0.35441 0.70588 0.21380 0.33333 0.30857 0.36169 0.68452 0.21329 0.55553 1.00000 0.36364 1.00000 1.00000 0.64881 0.52574
77.00000 131.00000 0.73837 0.46154 1.00000 1.00000 0.27635 0.48033 0.39594 1.00000 0.93750 0.35489 0.66471 0.20733 0.33333 0.33143 0.37494 0.70238 0.21973 0.40971 1.00000 0.36364 1.00000 1.00000 0.50000 0.56916
77.00000 132.00000 0.43605 0.69231 1.00000 1.00000 0.19204 0.55040 0.46615 1.00000 0.93750 0.38889 0.68824 0.22670 0.33333 0.38857 0.41569 0.69643 0.23964 0.39812 1.00000 0.45455 1.00000 1.00000 0.62500 0.47481
77.00000 133.00000 0.64535 0.15385 1.00000 1.00000 0.46604 0.51556 0.41123 1.00000 0.93750 0.41954 0.71765 0.22092 0.33333 0.29714 0.40092 0.72024 0.26143 0.48914 1.00000 0.45455 1.00000 1.00000 0.69643 0.59829
77.00000 134.00000 0.64535 0.69231 1.00000 1.00000 0.32319 0.44177 0.36724 1.00000 0.93750 0.37452 0.70000 0.24879 0.33333 0.49714 0.36984 0.70833 0.24834 0.42323 1.00000 0.27273 1.00000 1.00000 0.61905 0.50394
77.00000 135.00000 0.53488 0.53846 1.00000 1.00000 0.32787 0.32766 0.31420 1.00000 0.93750 0.35680 0.70000 0.23645 0.33333 0.38286 0.37443 0.67857 0.24938 0.51135 1.00000 0.27273 1.00000 1.00000 0.62500 0.61759
77.00000 136.00000 0.49419 0.76923 1.00000 1.00000 0.32787 0.48914 0.37691 1.00000 0.93750 0.34579 0.68824 0.23853 0.33333 0.41143 0.37188 0.66667 0.22513 0.53042 1.00000 0.36364 1.00000 1.00000 0.70833 0.63772
77.00000 137.00000 0.66279 0.23077 1.00000 1.00000 0.27635 0.39910 0.30671 1.00000 0.93750 0.39799 0.71176 0.23085 0.33333 0.41143 0.37239 0.69048 0.22995 0.39256 1.00000 0.27273 1.00000 1.00000 0.72024 0.48233
77.00000 138.00000 0.36047 0.30769 1.00000 1.00000 0.29977 0.43355 0.33651 1.00000 0.93750 0.38841 0.71176 0.22374 0.33333 0.29143 0.37697 0.69643 0.29334 0.42516 1.00000 0.27273 1.00000 1.00000 0.58929 0.57974
77.00000 139.00000 0.21512 0.76923 1.00000 1.00000 0.43560 0.43531 0.31591 1.00000 0.93750 0.34243 0.68824 0.22434 0.33333 0.34857 0.37850 0.70238 0.25279 0.47803 1.00000 0.36364 1.00000 1.00000 0.51190 0.58939
77.00000 140.00000 0.69186 0.76923 1.00000 1.00000 0.32553 0.53729 0.43963 1.00000 0.93750 0.40805 0.72941 0.22337 0.33333 0.40571 0.38869 0.69643 0.22356 0.49083 1.00000 0.36364 1.00000 1.00000 0.60119 0.64375
77.00000 141.00000 0.43605 0.15385 1.00000 1.00000 0.29274 0.38481 0.39033 1.00000 0.93750 0.34626 0.70588 0.22711 0.33333 0.30857 0.38411 0.69643 0.23498 0.38967 1.00000 0.36364 1.00000 1.00000 0.61905 0.46182
77.00000 142.00000 0.56977 0.23077 1.00000 1.00000 0.37237 0.53983 0.36069 1.00000 0.93750 0.36398 0.70000 0.18921 0.33333 0.50857 0.40448 0.69048 0.24760 0.52463 1.00000 0.27273 1.00000 1.00000 0.58929 0.53456
77.00000 143.00000 0.70349 0.38462 1.00000 1.00000 0.21311 0.46115 0.28955 1.00000 0.93750 0.36638 0.71765 0.18482 0.33333 0.32571 0.39226 0.70238 0.27663 0.41574 1.00000 0.27273 1.00000 1.00000 0.54167 0.73356
77.00000 144.00000 0.55233 0.69231 1.00000 1.00000 0.32084 0.49031 0.28986 1.00000 0.93750 0.37883 0.68235 0.24546 0.33333 0.39429 0.40295 0.72024 0.24975 0.44544 1.00000 0.36364 1.00000 1.00000 0.70238 0.53502
77.00000 145.00000 0.48837 0.69231 1.00000 1.00000 0.34426 0.52456 0.44587 1.00000 0.93750 0.43870 0.71176 0.21454 0.33333 0.48571 0.38105 0.66667 0.27039 0.41864 1.00000 0.36364 1.00000 1.00000 0.57738 0.61852
77.00000 146.00000 0.61047 0.38462 1.00000 1.00000 0.33489 0.51262 0.46349 1.00000 0.93750 0.37021 0.71765 0.23164 0.33333 0.42286 0.41416 0.73214 0.25682 0.45558 1.00000 0.27273 1.00000 1.00000 0.63690 0.59403
77.00000 147.00000 0.40116 0.30769 1.00000 1.00000 0.37705 0.38501 0.30515 1.00000 0.93750 0.40948 0.68824 0.25960 0.33333 0.35429 0.39022 0.70238 0.25190 0.48503 1.00000 0.54545 1.00000 1.00000 0.60714 0.49782
77.00000 148.00000 0.72674 0.53846 1.00000 1.00000 0.32787 0.51791 0.37254 1.00000 0.93750 0.40661 0.68824 0.20109 0.33333 0.42286 0.39990 0.72024 0.26311 0.49855 1.00000 0.36364 1.00000 1.00000 0.56548 0.55460
77.00000 149.00000 0.54070 0.30769 1.00000 1.00000 0.30679 0.47328 0.32324 1.00000 0.93750 0.40517 0.72941 0.19383 0.33333 0.49143 0.41161 0.71429 0.24435 0.37663 1.00000 0.36364 1.00000 1.00000 0.68452 0.59801
77.00000 150.00000 0.42442 0.84615 1.00000 1.00000 0.33255 0.27970 0.38892 1.00000 0.93750 0.37883 0.71176 0.22443 0.33333 0.37714 0.42282 0.70238 0.24944 0.48455 1.00000 0.45455 1.00000 1.00000 0.70833 0.65553
77.00000 151.00000 0.50581 0.69231 1.00000 1.00000 0.44731 0.57252 0.23963 1.00000 0.93750 0.40182 0.71765 0.27125 0.33333 0.36571 0.40550 0.71429 0.25688 0.44109 1.00000 0.63636 1.00000 1.00000 0.71429 0.72985
77.00000 152.00000 0.48256 0.23077 1.00000 1.00000 0.34660 0.42220 0.41388 1.00000 0.93750 0.42337 0.68235 0.23095 0.33333 0.37143 0.43046 0.70238 0.23891 0.48117 1.00000 0.27273 1.00000 1.00000 0.59524 0.64060
77.00000 153.00000 0.59884 0.30769 1.00000 1.00000 0.41686 0.39832 0.30499 1.00000 0.93750 0.40326 0.72353 0.21061 0.33333 0.38286 0.41977 0.69643 0.23278 0.48889 1.00000 0.45455 1.00000 1.00000 0.61310 0.67965
77.00000 154.00000 0.63953 0.84615 1.00000 1.00000 0.23419 0.43629 0.47988 1.00000 0.93750 0.39703 0.71176 0.22776 0.33333 0.42286 0.41161 0.70238 0.26253 0.51352 1.00000 0.45455 1.00000 1.00000 0.51786 0.68596
77.00000 155.00000 0.39535 0.15385 1.00000 1.00000 0.47541 0.41946 0.48253 1.00000 0.93750 0.43295 0.71176 0.23779 0.66667 0.44571 0.43760 0.75000 0.25651 0.46185 1.00000 0.36364 1.00000 1.00000 0.61905 0.68364
77.00000 156.00000 0.66860 0.53846 1.00000 1.00000 0.36066 0.41319 0.47473 1.00000 0.93750 0.42289 0.71765 0.20026 0.33333 0.29714 0.43301 0.69048 0.26814 0.43071 1.00000 0.36364 1.00000 1.00000 0.60119 0.62538
77.00000 157.00000 0.52907 0.69231 1.00000 1.00000 0.43794 0.67371 0.30312 1.00000 0.93750 0.45259 0.74706 0.23709 0.33333 0.33143 0.43046 0.75000 0.25735 0.41960 1.00000 0.36364 1.00000 1.00000 0.67857 0.60720
77.00000 158.00000 0.56395 0.23077 1.00000 1.00000 0.46370 0.30769 0.49782 1.00000 0.93750 0.45690 0.72353 0.24255 0.33333 0.46857 0.42639 0.70238 0.25206 0.50700 1.00000 0.27273 1.00000 1.00000 0.51786 0.65414
77.00000 159.00000 0.69186 0.84615 1.00000 1.00000 0.43326 0.45410 0.41888 1.00000 0.93750 0.43678 0.72353 0.24601 0.33333 0.30857 0.43556 0.67857 0.27652 0.39450 1.00000 0.27273 1.00000 1.00000 0.61905 0.53827
77.00000 160.00000 0.45930 0.23077 1.00000 1.00000 0.34895 0.42180 0.37754 1.00000 0.93750 0.43247 0.72353 0.22979 0.33333 0.39429 0.47427 0.70238 0.26054 0.44182 1.00000 0.27273 1.00000 1.00000 0.67857 0.69366
77.00000 161.00000 0.50000 0.07692 1.00000 1.00000 0.38407 0.53494 0.49345 1.00000 0.93750 0.42625 0.70000 0.22498 0.33333 0.45143 0.42792 0.69643 0.24367 0.40053 1.00000 0.36364 1.00000 1.00000 0.61905 0.63197
77.00000 162.00000 0.38372 0.15385 1.00000 1.00000 0.38407 0.56234 0.38144 1.00000 0.93750 0.43008 0.71176 0.24319 0.33333 0.40000 0.44269 0.72619 0.25373 0.50338 1.00000 0.36364 1.00000 1.00000 0.60714 0.66351
77.00000 163.00000 0.58721 0.46154 1.00000 1.00000 0.35363 0.50303 0.39844 1.00000 0.93750 0.42960 0.73529 0.24814 0.66667 0.34857 0.46460 0.69643 0.29261 0.54056 1.00000 0.54545 1.00000 1.00000 0.55357 0.62186
77.00000 164.00000 0.37209 0.69231 1.00000 1.00000 0.45902 0.47093 0.30624 1.00000 0.93750 0.41475 0.72941 0.25923 0.33333 0.30286 0.39684 0.68452 0.29324 0.44761 1.00000 0.45455 1.00000 1.00000 0.66071 0.64245
77.00000 165.00000 0.41279 0.84615 1.00000 1.00000 0.40281 0.40908 0.37613 1.00000 0.93750 0.41188 0.70588 0.21440 0.33333 0.44571 0.42690 0.72024 0.29229 0.51569 1.00000 0.45455 1.00000 1.00000 0.66071 0.59059
77.00000 166.00000 0.59884 0.15385 1.00000 1.00000 0.39578 0.34840 0.38612 1.00000 0.93750 0.43822 0.71176 0.26459 0.66667 0.46286 0.45135 0.71429 0.25834 0.43264 1.00000 0.36364 1.00000 1.00000 0.70238 0.71027
77.00000 167.00000 0.61628 0.38462 1.00000 1.00000 0.37237 0.45997 0.36802 1.00000 0.93750 0.40805 0.71765 0.20678 0.33333 0.49714 0.42792 0.73810 0.26447 0.54418 1.00000 0.54545 1.00000 1.00000 0.62500 0.50181
77.00000 168.00000 0.46512 0.61538 1.00000 1.00000 0.40281 0.38814 0.47379 1.00000 0.93750 0.44397 0.73529 0.27471 0.33333 0.49143 0.44677 0.72024 0.26987 0.35852 1.00000 0.45455 1.00000 1.00000 0.60714 0.69700
77.00000 169.00000 0.40698 0.46154 1.00000 1.00000 0.49649 0.46976 0.42028 1.00000 0.93750 0.49425 0.73529 0.28876 0.33333 0.50286 0.41824 0.67857 0.30413 0.39788 1.00000 0.36364 1.00000 1.00000 0.70238 0.68318
77.00000 170.00000 0.48837 0.84615 1.00000 1.00000 0.27869 0.42239 0.44696 1.00000 0.93750 0.47749 0.74118 0.23742 0.66667 0.37143 0.48192 0.75000 0.26788 0.41236 1.00000 0.45455 1.00000 1.00000 0.62500 0.56378
77.00000 171.00000 0.52326 0.30769 1.00000 1.00000 0.38173 0.58896 0.32480 1.00000 0.93750 0.42577 0.70000 0.25655 0.33333 0.48571 0.45441 0.76190 0.24787 0.51159 1.00000 0.45455 1.00000 1.00000 0.63095 0.61518
77.00000 172.00000 0.37791 0.38462 1.00000 1.00000 0.35831 0.47974 0.44368 1.00000 0.93750 0.47797 0.73529 0.24611 0.33333 0.43429 0.46001 0.67857 0.27872 0.46523 1.00000 0.36364 1.00000 1.00000 0.58929 0.56109
77.00000 173.00000 0.46512 0.15385 1.00000 1.00000 0.44262 0.42709 0.46630 1.00000 0.93750 0.42289 0.74706 0.25891 0.33333 0.39429 0.45593 0.72024 0.26919 0.41333 1.00000 0.36364 1.00000 1.00000 0.73810 0.76361
77.00000 174.00000 0.73256 0.69231 1.00000 1.00000 0.32553 0.50382 0.44555 1.00000 0.93750 0.44923 0.75294 0.24606 0.66667 0.40571 0.45950 0.72024 0.30806 0.40777 1.00000 0.45455 1.00000 1.00000 0.69048 0.65906
77.00000 175.00000 0.56395 0.15385 1.00000 1.00000 0.47541 0.40634 0.43838 1.00000 0.87500 0.46073 0.73529 0.20844 0.33333 0.48000 0.44931 0.73810 0.27380 0.42298 1.00000 0.45455 1.00000 1.00000 0.64881 0.52231
77.00000 176.00000 0.38372 0.30769 1.00000 1.00000 0.41920 0.49168 0.34212 1.00000 0.93750 0.46264 0.74706 0.24879 0.33333 0.43429 0.45492 0.70833 0.27899 0.46861 1.00000 0.45455 1.00000 1.00000 0.56548 0.58568
77.00000 177.00000 0.66860 0.30769 1.00000 1.00000 0.27869 0.53846 0.47520 1.00000 0.93750 0.47126 0.74118 0.27263 0.66667 0.39429 0.45695 0.72024 0.26337 0.48600 1.00000 0.63636 1.00000 1.00000 0.69048 0.67947
77.00000 178.00000 0.20349 0.30769 1.00000 1.00000 0.39344 0.37561 0.42340 1.00000 0.93750 0.43343 0.75882 0.23224 0.33333 0.40571 0.47529 0.71429 0.26914 0.41695 1.00000 0.36364 1.00000 1.00000 0.65476 0.71333
77.00000 179.00000 0.53488 0.15385 1.00000 1.00000 0.34660 0.54081 0.40749 1.00000 0.93750 0.41715 0.72353 0.22452 0.33333 0.41714 0.46612 0.72024 0.28276 0.42250 1.00000 0.27273 1.00000 1.00000 0.69643 0.54532
77.00000 180.00000 0.46512 0.23077 1.00000 1.00000 0.62998 0.43805 0.42200 1.00000 0.93750 0.50383 0.76471 0.25965 0.66667 0.50286 0.47784 0.74405 0.31493 0.37277 1.00000 0.36364 1.00000 1.00000 0.64881 0.76964
77.00000 181.00000 0.59302 0.46154 1.00000 1.00000 0.28103 0.52711 0.37379 1.00000 0.93750 0.48611 0.79412 0.26695 0.66667 0.38857 0.47529 0.73214 0.29345 0.36480 1.00000 0.54545 1.00000 1.00000 0.69048 0.71945
77.00000 182.00000 0.59884 0.53846 1.00000 1.00000 0.44965 0.37757 0.40983 1.00000 0.93750 0.51868 0.76471 0.27656 0.66667 0.58286 0.47478 0.74405 0.32022 0.44761 1.00000 0.63636 1.00000 1.00000 0.78571 0.65748
77.00000 183.00000 0.25000 0.23077 1.00000 1.00000 0.35597 0.55001 0.42949 1.00000 0.93750 0.50335 0.75294 0.28142 0.66667 0.42286 0.51044 0.75000 0.29392 0.41115 1.00000 0.54545 1.00000 1.00000 0.60119 0.53456
77.00000 184.00000 0.42442 0.53846 1.00000 1.00000 0.48478 0.49775 0.36381 1.00000 0.93750 0.49282 0.77647 0.28530 0.66667 0.44000 0.47478 0.75000 0.26327 0.36721 1.00000 0.45455 1.00000 1.00000 0.65476 0.62241
77.00000 185.00000 0.71512 0.69231 1.00000 1.00000 0.30679 0.47015 0.49813 1.00000 0.93750 0.51964 0.74118 0.28072 0.33333 0.54286 0.50535 0.70833 0.28611 0.46475 1.00000 0.45455 1.00000 1.00000 0.60714 0.59820
77.00000 186.00000 0.55814 0.69231 1.00000 1.00000 0.40281 0.41750 0.44961 1.00000 0.93750 0.52059 0.74706 0.28530 0.66667 0.50286 0.51350 0.77381 0.27500 0.32810 1.00000 0.54545 1.00000 1.00000 0.69643 0.63930
77.00000 187.00000 0.59302 0.46154 1.00000 1.00000 0.31382 0.67939 0.39392 1.00000 0.93750 0.45833 0.74118 0.24440 0.66667 0.49714 0.45746 0.75595 0.27589 0.46837 1.00000 0.54545 1.00000 1.00000 0.65476 0.50274
77.00000 188.00000 0.79651 0.84615 1.00000 1.00000 0.43560 0.51556 0.39360 1.00000 0.93750 0.51964 0.74706 0.28447 0.66667 0.46286 0.51503 0.77381 0.26122 0.36190 1.00000 0.45455 1.00000 1.00000 0.61310 0.68188
77.00000 189.00000 0.53488 0.69231 1.00000 1.00000 0.42623 0.45586 0.50889 1.00000 0.93750 0.51437 0.76471 0.27199 0.33333 0.49143 0.50586 0.75000 0.32415 0.38918 1.00000 0.45455 1.00000 1.00000 0.69643 0.68596
77.00000 190.00000 0.47674 0.38462 1.00000 1.00000 0.37237 0.54218 0.49953 1.00000 0.93750 0.48324 0.78235 0.27897 0.33333 0.37143 0.49873 0.72619 0.27375 0.41140 1.00000 0.45455 1.00000 1.00000 0.58929 0.61175
77.00000 191.00000 0.43023 0.23077 1.00000 1.00000 0.45199 0.46878 0.35055 1.00000 0.93750 0.48228 0.72941 0.22448 0.66667 0.54286 0.45746 0.75595 0.27249 0.45968 1.00000 0.54545 1.00000 1.00000 0.69048 0.80072
77.00000 192.00000 0.23256 0.38462 1.00000 1.00000 0.34660 0.47093 0.54805 1.00000 0.93750 0.52395 0.76471 0.29186 0.66667 0.45143 0.52063 0.74405 0.31634 0.43964 1.00000 0.45455 1.00000 1.00000 0.59524 0.56805
77.00000 193.00000 0.60465 0.15385 1.00000 1.00000 0.29274 0.57722 0.52683 1.00000 0.93750 0.49617 0.74118 0.29893 0.66667 0.47429 0.51758 0.77976 0.29266 0.38556 1.00000 0.36364 1.00000 1.00000 0.63690 0.67919
77.00000 194.00000 0.66279 0.30769 1.00000 1.00000 0.41920 0.52045 0.44977 1.00000 0.93750 0.48372 0.75294 0.29006 0.66667 0.42286 0.50229 0.72619 0.27123 0.36142 1.00000 0.36364 1.00000 1.00000 0.58333 0.62427
77.00000 195.00000 0.49419 0.69231 1.00000 1.00000 0.47073 0.46780 0.60374 1.00000 0.93750 0.53305 0.77647 0.29902 0.66667 0.39429 0.53591 0.80952 0.28218 0.42395 1.00000 0.45455 1.00000 1.00000 0.73214 0.67928
77.00000 196.00000 0.37209 0.30769 1.00000 1.00000 0.27400 0.58035 0.47363 1.00000 0.93750 0.46600 0.76471 0.31807 0.66667 0.50857 0.51605 0.73810 0.33253 0.42009 1.00000 0.36364 1.00000 1.00000 0.64286 0.67854
77.00000 197.00000 0.54070 0.76923 1.00000 1.00000 0.46838 0.58837 0.49095 1.00000 0.93750 0.50048 0.75294 0.28451 0.66667 0.48000 0.54152 0.73810 0.31189 0.38556 1.00000 0.45455 1.00000 1.00000 0.63690 0.63856
77.00000 198.00000 0.46512 0.76923 1.00000 1.00000 0.38407 0.55569 0.37941 1.00000 0.93750 0.54502 0.77059 0.28821 0.66667 0.42857 0.49567 0.77381 0.28161 0.45027 1.00000 0.36364 1.00000 1.00000 0.67857 0.66602
77.00000 199.00000 0.59884 0.69231 1.00000 1.00000 0.49415 0.52222 0.36521 1.00000 0.93750 0.53257 0.78824 0.28253 0.66667 0.53143 0.53490 0.75000 0.32205 0.40922 1.00000 0.54545 1.00000 1.00000 0.64286 0.69867
77.00000 200.00000 0.65116 0.76923 1.00000 1.00000 0.35831 0.61245 0.45632 1.00000 0.93750 0.54646 0.81765 0.29066 0.66667 0.46286 0.54457 0.74405 0.32310 0.38508 1.00000 0.45455 1.00000 1.00000 0.69048 0.69348
77.00000 201.00000 0.43605 0.23077 1.00000 1.00000 0.44731 0.40145 0.45476 1.00000 0.93750 0.52011 0.78824 0.25216 0.66667 0.46857 0.54508 0.75595 0.28030 0.38798 1.00000 0.72727 1.00000 1.00000 0.64881 0.72400
77.00000 202.00000 0.59302 0.69231 1.00000 1.00000 0.33958 0.44764 0.50390 1.00000 0.93750 0.56274 0.79412 0.32491 0.66667 0.45714 0.56597 0.79167 0.33981 0.40126 1.00000 0.36364 1.00000 1.00000 0.68452 0.67483
77.00000 203.00000 0.34884 0.30769 1.00000 1.00000 0.47307 0.51791 0.50593 1.00000 0.93750 0.57280 0.79412 0.32278 0.66667 0.49714 0.57259 0.77381 0.29208 0.39788 1.00000 0.36364 1.00000 1.00000 0.66667 0.61917
77.00000 204.00000 0.66279 0.15385 1.00000 1.00000 0.44731 0.64925 0.59438 1.00000 0.93750 0.59004 0.80588 0.29986 0.66667 0.48571 0.56393 0.80357 0.33751 0.38339 1.00000 0.54545 1.00000 1.00000 0.62500 0.65507
77.00000 205.00000 0.47093 0.15385 1.00000 1.00000 0.42623 0.49873 0.54399 1.00000 0.93750 0.56466 0.77647 0.30808 0.66667 0.53143 0.55884 0.79762 0.33263 0.45123 1.00000 0.45455 1.00000 1.00000 0.66667 0.59931
77.00000 206.00000 0.52907 0.23077 1.00000 1.00000 0.53162 0.52515 0.58331 1.00000 0.93750 0.58238 0.81176 0.32320 0.66667 0.45714 0.55425 0.77976 0.33698 0.40729 1.00000 0.54545 1.00000 1.00000 0.85119 0.65581
77.00000 207.00000 0.66860 0.61538 1.00000 1.00000 0.40515 0.58348 0.29688 1.00000 0.93750 0.59674 0.80000 0.32047 0.66667 0.53143 0.59501 0.79762 0.34579 0.32545 1.00000 0.45455 1.00000 1.00000 0.73214 0.70563
77.00000 208.00000 0.47674 0.53846 1.00000 1.00000 0.48712 0.66256 0.53931 1.00000 0.87500 0.51916 0.76471 0.29057 0.66667 0.53143 0.56240 0.80357 0.32478 0.31941 1.00000 0.45455 1.00000 1.00000 0.71429 0.66045
77.00000 209.00000 0.26744 0.15385 1.00000 1.00000 0.50117 0.60971 0.42621 1.00000 0.93750 0.59531 0.82941 0.30730 0.66667 0.67429 0.57412 0.77381 0.34081 0.37542 1.00000 0.54545 1.00000 1.00000 0.70833 0.57649
77.00000 210.00000 0.49419 0.07692 1.00000 1.00000 0.25059 0.44275 0.51700 1.00000 0.93750 0.58477 0.77647 0.30550 0.66667 0.50857 0.57259 0.78571 0.35768 0.39353 1.00000 0.54545 1.00000 1.00000 0.80952 0.71008
77.00000 211.00000 0.73837 0.38462 1.00000 1.00000 0.45902 0.52261 0.51778 1.00000 0.93750 0.60680 0.80588 0.32260 0.66667 0.46857 0.59450 0.82143 0.32525 0.35538 1.00000 0.45455 1.00000 1.00000 0.84524 0.56220
77.00000 212.00000 0.23837 0.30769 1.00000 1.00000 0.39578 0.57761 0.57098 1.00000 0.93750 0.60345 0.81765 0.32796 0.66667 0.49714 0.57972 0.78571 0.34966 0.40584 1.00000 0.63636 1.00000 1.00000 0.66071 0.72205
77.00000 213.00000 0.35465 0.46154 1.00000 1.00000 0.41452 0.59992 0.46069 1.00000 0.93750 0.59770 0.83529 0.33355 0.66667 0.58286 0.60112 0.80952 0.31404 0.31072 1.00000 0.63636 1.00000 1.00000 0.67262 0.50942
77.00000 214.00000 0.72093 0.61538 1.00000 1.00000 0.40515 0.69035 0.55850 1.00000 0.93750 0.55843 0.83529 0.31437 0.66667 0.50286 0.58635 0.79762 0.33442 0.26871 1.00000 0.45455 1.00000 1.00000 0.79762 0.77929
77.00000 215.00000 0.55233 0.23077 1.00000 1.00000 0.42389 0.51634 0.55226 1.00000 0.93750 0.62692 0.80000 0.34284 0.66667 0.61714 0.64697 0.78571 0.34170 0.31434 1.00000 0.45455 1.00000 1.00000 0.78571 0.72085
77.00000 216.00000 0.72093 0.07692 1.00000 1.00000 0.39344 0.63300 0.37254 1.00000 0.93750 0.59579 0.81176 0.31266 0.66667 0.61143 0.61437 0.80952 0.32860 0.37711 1.00000 0.72727 1.00000 1.00000 0.75000 0.74719
77.00000 217.00000 0.61628 0.38462 1.00000 1.00000 0.43091 0.69289 0.46443 1.00000 0.93750 0.66044 0.79412 0.34242 0.66667 0.57143 0.63627 0.79167 0.37062 0.37591 1.00000 0.54545 1.00000 1.00000 0.77976 0.55098
77.00000 218.00000 0.35465 0.53846 1.00000 1.00000 0.47073 0.56195 0.59969 1.00000 0.93750 0.61351 0.82941 0.33323 0.66667 0.54857 0.64289 0.84524 0.35123 0.36625 1.00000 0.63636 1.00000 1.00000 0.75000 0.81213
77.00000 219.00000 0.47093 0.61538 1.00000 1.00000 0.41686 0.67508 0.54930 1.00000 0.93750 0.65996 0.83529 0.34871 0.66667 0.64571 0.65155 0.82738 0.35087 0.28271 1.00000 0.54545 1.00000 1.00000 0.67262 0.74580
77.00000 220.00000 0.36047 0.30769 1.00000 1.00000 0.34192 0.57702 0.51123 1.00000 0.93750 0.64320 0.81765 0.34492 0.66667 0.71429 0.68416 0.82738 0.39283 0.34186 1.00000 0.63636 1.00000 1.00000 0.74405 0.75693
77.00000 221.00000 0.28488 0.69231 1.00000 1.00000 0.46604 0.57565 0.58237 1.00000 0.93750 0.60105 0.80588 0.33221 0.66667 0.65143 0.65920 0.79762 0.35281 0.44278 1.00000 0.63636 1.00000 1.00000 0.67262 0.66899
77.00000 222.00000 0.63953 0.53846 1.00000 1.00000 0.51054 0.72441 0.47941 1.00000 0.93750 0.66858 0.84706 0.32981 0.66667 0.65714 0.67702 0.81548 0.36260 0.41140 1.00000 0.45455 1.00000 1.00000 0.79167 0.74589
77.00000 223.00000 0.54070 0.07692 1.00000 1.00000 0.48712 0.43159 0.60312 1.00000 0.93750 0.61973 0.81765 0.32412 0.66667 0.61714 0.66480 0.80357 0.34217 0.37373 1.00000 0.63636 1.00000 1.00000 0.71429 0.70433
77.00000 224.00000 0.61628 0.23077 1.00000 1.00000 0.55269 0.65160 0.64945 1.00000 0.93750 0.63075 0.80000 0.37376 0.66667 0.61143 0.63831 0.78571 0.34484 0.29889 1.00000 0.54545 1.00000 1.00000 0.82143 0.75610
77.00000 225.00000 0.31977 0.30769 1.00000 1.00000 0.48946 0.68702 0.48970 1.00000 0.93750 0.64464 0.85294 0.36405 0.66667 0.63429 0.65563 0.80952 0.34662 0.28947 1.00000 0.63636 1.00000 1.00000 0.70833 0.74191
77.00000 226.00000 0.66279 0.53846 1.00000 1.00000 0.48478 0.68937 0.52215 1.00000 0.93750 0.69444 0.86471 0.37025 0.66667 0.56571 0.69485 0.83929 0.33992 0.33076 1.00000 0.45455 1.00000 1.00000 0.88095 0.67696
77.00000 227.00000 0.43605 0.30769 1.00000 1.00000 0.36768 0.72128 0.57223 1.00000 0.93750 0.66906 0.83529 0.37551 0.66667 0.65714 0.68569 0.84524 0.36554 0.29479 1.00000 0.54545 1.00000 1.00000 0.77976 0.76603
77.00000 228.00000 0.43023 0.38462 1.00000 1.00000 0.31616 0.61969 0.58690 1.00000 1.00000 0.70019 0.82353 0.39950 0.66667 0.61714 0.76414 0.85119 0.39870 0.30251 1.00000 0.54545 1.00000 1.00000 0.76190 0.84498
77.00000 229.00000 0.52326 0.46154 1.00000 1.00000 0.49415 0.57702 0.61638 1.00000 0.93750 0.68343 0.87059 0.37454 0.66667 0.57143 0.70912 0.82143 0.36580 0.29310 1.00000 0.72727 1.00000 1.00000 0.72619 0.62974
77.00000 230.00000 0.45930 0.46154 1.00000 1.00000 0.46604 0.55843 0.67145 1.00000 0.93750 0.70833 0.86471 0.33914 0.66667 0.60571 0.72185 0.87500 0.36512 0.27885 1.00000 0.63636 1.00000 1.00000 0.83929 0.81891
77.00000 231.00000 0.70930 0.53846 1.00000 1.00000 0.44496 0.66569 0.57722 1.00000 0.93750 0.71408 0.88235 0.39941 0.66667 0.58857 0.70402 0.85714 0.39509 0.30758 1.00000 0.54545 1.00000 1.00000 0.71429 0.77094
77.00000 232.00000 0.56977 0.76923 1.00000 1.00000 0.35597 0.72010 0.68019 1.00000 0.93750 0.73515 0.87059 0.35934 0.66667 0.61143 0.72033 0.83929 0.35453 0.23732 1.00000 0.63636 1.00000 1.00000 0.78571 0.73383
77.00000 233.00000 0.47093 0.46154 1.00000 1.00000 0.54098 0.71188 0.57192 1.00000 0.93750 0.70977 0.87647 0.39386 0.66667 0.62857 0.73917 0.86310 0.37491 0.35176 1.00000 0.45455 1.00000 1.00000 0.83333 0.82930
77.00000 234.00000 0.61628 0.84615 1.00000 1.00000 0.35597 0.71403 0.60421 1.00000 0.93750 0.75096 0.88235 0.36438 0.66667 0.64000 0.73714 0.82738 0.39294 0.38218 1.00000 0.54545 1.00000 1.00000 0.82143 0.80388
77.00000 235.00000 0.35465 0.30769 1.00000 1.00000 0.43326 0.52202 0.67504 1.00000 0.93750 0.70546 0.90588 0.38309 0.66667 0.59429 0.76516 0.87500 0.37659 0.28199 1.00000 0.72727 1.00000 1.00000 0.76190 0.70600
77.00000 236.00000 0.55814 0.23077 1.00000 1.00000 0.43326 0.66040 0.56303 1.00000 0.93750 0.77490 0.87059 0.40264 0.66667 0.74857 0.76566 0.85714 0.41211 0.24119 1.00000 0.54545 1.00000 1.00000 0.66071 0.84071
77.00000 237.00000 0.62791 0.23077 1.00000 1.00000 0.49415 0.52417 0.69610 1.00000 0.93750 0.76293 0.89412 0.39285 0.66667 0.63429 0.78604 0.86310 0.41798 0.20666 1.00000 0.72727 1.00000 1.00000 0.83333 0.73105
77.00000 238.00000 0.61628 0.69231 1.00000 1.00000 0.47073 0.67959 0.67379 1.00000 0.93750 0.79837 0.90588 0.43033 0.66667 0.72000 0.81610 0.89881 0.40242 0.27040 1.00000 0.72727 1.00000 1.00000 0.83333 0.75610
77.00000 239.00000 0.57558 0.15385 1.00000 1.00000 0.54333 0.68918 0.57395 1.00000 0.93750 0.75766 0.91176 0.42885 0.66667 0.70857 0.79929 0.88095 0.40211 0.30034 1.00000 0.72727 1.00000 1.00000 0.77976 0.81167
77.00000 240.00000 0.33721 0.76923 1.00000 1.00000 0.49883 0.68918 0.67020 1.00000 0.93750 0.74186 0.89412 0.44068 0.66667 0.64000 0.77585 0.88095 0.45759 0.27402 1.00000 0.63636 1.00000 1.00000 0.77976 0.73940
77.00000 241.00000 0.56395 0.69231 1.00000 1.00000 0.50585 0.79722 0.65585 1.00000 0.93750 0.80412 0.89412 0.40357 0.66667 0.68000 0.80897 0.92262 0.40949 0.24408 1.00000 0.63636 1.00000 1.00000 0.85119 0.74562
77.00000 242.00000 0.51744 0.61538 1.00000 1.00000 0.53162 0.74907 0.74009 1.00000 0.93750 0.81801 0.92353 0.43000 0.66667 0.68000 0.82578 0.91071 0.44360 0.26316 1.00000 0.63636 1.00000 1.00000 0.79762 0.82457
77.00000 243.00000 0.48837 0.23077 1.00000 1.00000 0.48478 0.68174 0.68549 1.00000 0.93750 0.81178 0.91176 0.43758 0.66667 0.70286 0.85481 0.88095 0.42526 0.26581 1.00000 0.54545 1.00000 1.00000 0.73810 0.78143
77.00000 244.00000 0.52907 0.46154 1.00000 1.00000 0.53864 0.78685 0.67972 1.00000 1.00000 0.83046 0.88824 0.44526 0.66667 0.73143 0.82374 0.86905 0.45256 0.30203 1.00000 0.72727 1.00000 1.00000 0.74405 0.80657
77.00000 245.00000 0.31395 0.76923 1.00000 1.00000 0.51054 0.71540 0.66646 1.00000 0.93750 0.81370 0.91176 0.43195 0.66667 0.82286 0.82934 0.91071 0.44879 0.28706 1.00000 0.63636 1.00000 1.00000 0.89881 0.75601
77.00000 246.00000 0.26163 0.30769 1.00000 1.00000 0.51991 0.66843 0.61435 1.00000 0.93750 0.86734 0.94118 0.43060 0.66667 0.67429 0.84106 0.91071 0.44166 0.19169 1.00000 0.63636 1.00000 1.00000 0.79762 0.78857
77.00000 247.00000 0.58721 0.38462 1.00000 1.00000 0.55738 0.83226 0.69891 1.00000 0.93750 0.87787 0.93529 0.47691 0.66667 0.76000 0.89251 0.91667 0.44842 0.17335 1.00000 0.90909 1.00000 1.00000 0.94643 0.75081
77.00000 248.00000 0.51744 0.38462 1.00000 1.00000 0.49180 0.85222 0.68705 1.00000 0.93750 0.82711 0.87647 0.45718 0.66667 0.74286 0.83546 0.92857 0.47587 0.22477 1.00000 0.72727 1.00000 1.00000 0.80357 0.83653
77.00000 249.00000 0.55814 0.46154 1.00000 1.00000 0.59719 0.73204 0.59158 1.00000 0.93750 0.87835 0.93529 0.46434 0.66667 0.78857 0.87876 0.91071 0.44632 0.14558 1.00000 0.72727 1.00000 1.00000 0.86310 0.78876
77.00000 250.00000 0.65698 0.61538 1.00000 1.00000 0.58080 0.75161 0.61466 1.00000 0.93750 0.88027 0.94118 0.45108 1.00000 0.78286 0.86653 0.95238 0.47388 0.21149 1.00000 0.72727 1.00000 1.00000 0.84524 0.76334
77.00000 251.00000 0.47674 0.69231 1.00000 1.00000 0.62061 0.70190 0.72683 1.00000 0.93750 0.91858 0.97647 0.43167 1.00000 0.76571 0.90015 0.97619 0.48703 0.23805 1.00000 0.72727 1.00000 1.00000 0.94048 0.85982
77.00000 252.00000 0.75581 0.46154 1.00000 1.00000 0.54333 0.82971 0.60187 1.00000 0.93750 0.90182 0.95294 0.47312 1.00000 0.83429 0.94091 0.95238 0.46912 0.19652 1.00000 0.81818 1.00000 1.00000 0.80952 0.78217
77.00000 253.00000 0.55233 0.23077 1.00000 1.00000 0.49180 0.80466 0.79563 1.00000 0.93750 0.88410 0.93529 0.46716 1.00000 0.85714 0.90678 0.92857 0.45581 0.25592 1.00000 0.72727 1.00000 1.00000 0.85714 0.78143
77.00000 254.00000 0.44186 0.23077 1.00000 1.00000 0.49180 0.66804 0.72964 1.00000 0.93750 0.96552 0.99412 0.48047 1.00000 0.85714 0.96536 0.94048 0.50794 0.27909 1.00000 0.72727 1.00000 1.00000 0.81548 0.89860
77.00000 255.00000 0.41279 0.23077 1.00000 1.00000 0.57611 0.71384 0.74134 1.00000 0.93750 0.92864 0.93529 0.49365 1.00000 0.84571 0.97045 0.95238 0.51690 0.17721 1.00000 0.90909 1.00000 1.00000 0.77381 0.85527
