1.00000
1.00000
1.00000
1.00000
1.00000
1.00000
1.00000
1.00000
1.00000
1.00000
1.00000
1.00000
1.00000
1.00000
1.00000
1.00000
1.00000
1.00000
1.00000
1.00000
1.00000
1.00000
1.00000
1.00000
1.00000
1.00000
1.00000
1.00000
1.00000
1.00000
1.00000
1.00000
1.00000
1.00000
1.00000
1.00000
1.00000
1.00000
1.00000
1.00000
1.00000
1.00000
1.00000
1.00000
1.00000
1.00000
1.00000
1.00000
1.00000
1.00000
0.99371
0.98742
0.98113
0.97484
0.96855
0.96226
0.95597
0.94969
0.94340
0.93711
0.93082
0.92453
0.91824
0.91195
0.90566
0.89937
0.89308
0.88679
0.88050
0.87421
0.86792
0.86164
0.85535
0.84906
0.84277
0.83648
0.83019
0.82390
0.81761
0.81132
0.80503
0.79874
0.79245
0.78616
0.77987
0.77358
0.76730
0.76101
0.75472
0.74843
0.74214
0.73585
0.72956
0.72327
0.71698
0.71069
0.70440
0.69811
0.69182
0.68553
0.67925
0.67296
0.66667
0.66038
0.65409
0.64780
0.64151
0.63522
0.62893
0.62264
0.61635
0.61006
0.60377
0.59748
0.59119
0.58491
0.57862
0.57233
0.56604
0.55975
0.55346
0.54717
0.54088
0.53459
0.52830
0.52201
0.51572
0.50943
0.50314
0.49686
0.49057
0.48428
0.47799
0.47170
0.46541
0.45912
0.45283
0.44654
0.44025
0.43396
0.42767
0.42138
0.41509
0.40881
0.40252
0.39623
0.38994
0.38365
0.37736
0.37107
0.36478
0.35849
0.35220
0.34591
0.33962
0.33333
0.32704
0.32075
0.31447
0.30818
0.30189
0.29560
0.28931
0.28302
0.27673
0.27044
0.26415
0.25786
0.25157
0.24528
0.23899
0.23270
0.22642
0.22013
0.21384
0.20755
0.20126
0.19497
0.18868
0.18239
0.17610
0.16981
0.16352
0.15723
0.15094
0.14465
0.13836
0.13208
0.12579
0.11950
0.11321
0.10692
0.10063
0.09434
0.08805
0.08176
0.07547
0.06918
0.06289
0.05660
0.05031
0.04403
0.03774
0.03145
0.02516
0.01887
0.01258
0.00629
0.00000
