1.00000
1.00000
1.00000
1.00000
1.00000
1.00000
1.00000
1.00000
1.00000
1.00000
1.00000
1.00000
1.00000
1.00000
1.00000
1.00000
1.00000
1.00000
1.00000
1.00000
1.00000
1.00000
1.00000
1.00000
1.00000
1.00000
1.00000
1.00000
1.00000
1.00000
1.00000
1.00000
1.00000
1.00000
1.00000
1.00000
1.00000
1.00000
1.00000
1.00000
1.00000
1.00000
1.00000
1.00000
1.00000
1.00000
1.00000
1.00000
1.00000
1.00000
0.99561
0.99123
0.98684
0.98246
0.97807
0.97368
0.96930
0.96491
0.96053
0.95614
0.95175
0.94737
0.94298
0.93860
0.93421
0.92982
0.92544
0.92105
0.91667
0.91228
0.90789
0.90351
0.89912
0.89474
0.89035
0.88596
0.88158
0.87719
0.87281
0.86842
0.86404
0.85965
0.85526
0.85088
0.84649
0.84211
0.83772
0.83333
0.82895
0.82456
0.82018
0.81579
0.81140
0.80702
0.80263
0.79825
0.79386
0.78947
0.78509
0.78070
0.77632
0.77193
0.76754
0.76316
0.75877
0.75439
0.75000
0.74561
0.74123
0.73684
0.73246
0.72807
0.72368
0.71930
0.71491
0.71053
0.70614
0.70175
0.69737
0.69298
0.68860
0.68421
0.67982
0.67544
0.67105
0.66667
0.66228
0.65789
0.65351
0.64912
0.64474
0.64035
0.63596
0.63158
0.62719
0.62281
0.61842
0.61404
0.60965
0.60526
0.60088
0.59649
0.59211
0.58772
0.58333
0.57895
0.57456
0.57018
0.56579
0.56140
0.55702
0.55263
0.54825
0.54386
0.53947
0.53509
0.53070
0.52632
0.52193
0.51754
0.51316
0.50877
0.50439
0.50000
0.49561
0.49123
0.48684
0.48246
0.47807
0.47368
0.46930
0.46491
0.46053
0.45614
0.45175
0.44737
0.44298
0.43860
0.43421
0.42982
0.42544
0.42105
0.41667
0.41228
0.40789
0.40351
0.39912
0.39474
0.39035
0.38596
0.38158
0.37719
0.37281
0.36842
0.36404
0.35965
0.35526
0.35088
0.34649
0.34211
0.33772
0.33333
0.32895
0.32456
0.32018
0.31579
0.31140
0.30702
0.30263
0.29825
0.29386
0.28947
0.28509
0.28070
0.27632
0.27193
0.26754
0.26316
0.25877
0.25439
0.25000
0.24561
0.24123
0.23684
0.23246
0.22807
0.22368
0.21930
0.21491
0.21053
0.20614
0.20175
0.19737
0.19298
0.18860
0.18421
0.17982
0.17544
0.17105
0.16667
0.16228
0.15789
0.15351
0.14912
0.14474
0.14035
0.13596
0.13158
0.12719
0.12281
0.11842
0.11404
0.10965
0.10526
0.10088
0.09649
0.09211
0.08772
0.08333
0.07895
0.07456
0.07018
0.06579
0.06140
0.05702
0.05263
0.04825
0.04386
0.03947
0.03509
0.03070
0.02632
0.02193
0.01754
0.01316
0.00877
0.00439
0.00000
