1.00000
1.00000
1.00000
1.00000
1.00000
1.00000
1.00000
1.00000
1.00000
1.00000
1.00000
1.00000
1.00000
1.00000
1.00000
1.00000
1.00000
1.00000
1.00000
1.00000
1.00000
1.00000
1.00000
1.00000
1.00000
1.00000
1.00000
1.00000
1.00000
1.00000
1.00000
1.00000
1.00000
1.00000
1.00000
1.00000
1.00000
1.00000
1.00000
1.00000
1.00000
1.00000
1.00000
1.00000
1.00000
1.00000
1.00000
1.00000
1.00000
1.00000
0.99679
0.99359
0.99038
0.98718
0.98397
0.98077
0.97756
0.97436
0.97115
0.96795
0.96474
0.96154
0.95833
0.95513
0.95192
0.94872
0.94551
0.94231
0.93910
0.93590
0.93269
0.92949
0.92628
0.92308
0.91987
0.91667
0.91346
0.91026
0.90705
0.90385
0.90064
0.89744
0.89423
0.89103
0.88782
0.88462
0.88141
0.87821
0.87500
0.87179
0.86859
0.86538
0.86218
0.85897
0.85577
0.85256
0.84936
0.84615
0.84295
0.83974
0.83654
0.83333
0.83013
0.82692
0.82372
0.82051
0.81731
0.81410
0.81090
0.80769
0.80449
0.80128
0.79808
0.79487
0.79167
0.78846
0.78526
0.78205
0.77885
0.77564
0.77244
0.76923
0.76603
0.76282
0.75962
0.75641
0.75321
0.75000
0.74679
0.74359
0.74038
0.73718
0.73397
0.73077
0.72756
0.72436
0.72115
0.71795
0.71474
0.71154
0.70833
0.70513
0.70192
0.69872
0.69551
0.69231
0.68910
0.68590
0.68269
0.67949
0.67628
0.67308
0.66987
0.66667
0.66346
0.66026
0.65705
0.65385
0.65064
0.64744
0.64423
0.64103
0.63782
0.63462
0.63141
0.62821
0.62500
0.62179
0.61859
0.61538
0.61218
0.60897
0.60577
0.60256
0.59936
0.59615
0.59295
0.58974
0.58654
0.58333
0.58013
0.57692
0.57372
0.57051
0.56731
0.56410
0.56090
0.55769
0.55449
0.55128
0.54808
0.54487
0.54167
0.53846
0.53526
0.53205
0.52885
0.52564
0.52244
0.51923
0.51603
0.51282
0.50962
0.50641
0.50321
0.50000
0.49679
0.49359
0.49038
0.48718
0.48397
0.48077
0.47756
0.47436
0.47115
0.46795
0.46474
0.46154
0.45833
0.45513
0.45192
0.44872
0.44551
0.44231
0.43910
0.43590
0.43269
0.42949
0.42628
0.42308
0.41987
0.41667
0.41346
0.41026
0.40705
0.40385
0.40064
0.39744
0.39423
0.39103
0.38782
0.38462
0.38141
0.37821
0.37500
0.37179
0.36859
0.36538
0.36218
0.35897
0.35577
0.35256
0.34936
0.34615
0.34295
0.33974
0.33654
0.33333
0.33013
0.32692
0.32372
0.32051
0.31731
0.31410
0.31090
0.30769
0.30449
0.30128
0.29808
0.29487
0.29167
0.28846
0.28526
0.28205
0.27885
0.27564
0.27244
0.26923
0.26603
0.26282
0.25962
0.25641
0.25321
0.25000
0.24679
0.24359
0.24038
0.23718
0.23397
0.23077
0.22756
0.22436
0.22115
0.21795
0.21474
0.21154
0.20833
0.20513
0.20192
0.19872
0.19551
0.19231
0.18910
0.18590
0.18269
0.17949
0.17628
0.17308
0.16987
0.16667
0.16346
0.16026
0.15705
0.15385
0.15064
0.14744
0.14423
0.14103
0.13782
0.13462
0.13141
0.12821
0.12500
0.12179
0.11859
0.11538
0.11218
0.10897
0.10577
0.10256
0.09936
0.09615
0.09295
0.08974
0.08654
0.08333
0.08013
0.07692
0.07372
0.07051
0.06731
0.06410
0.06090
0.05769
0.05449
0.05128
0.04808
0.04487
0.04167
0.03846
0.03526
0.03205
0.02885
0.02564
0.02244
0.01923
0.01603
0.01282
0.00962
0.00641
0.00321
0.00000
