1.00000
1.00000
1.00000
1.00000
1.00000
1.00000
1.00000
1.00000
1.00000
1.00000
1.00000
1.00000
1.00000
1.00000
1.00000
1.00000
1.00000
1.00000
1.00000
1.00000
1.00000
1.00000
1.00000
1.00000
1.00000
1.00000
1.00000
1.00000
1.00000
1.00000
1.00000
1.00000
1.00000
1.00000
1.00000
1.00000
1.00000
1.00000
1.00000
1.00000
1.00000
1.00000
1.00000
1.00000
1.00000
1.00000
1.00000
1.00000
1.00000
1.00000
0.99265
0.98529
0.97794
0.97059
0.96324
0.95588
0.94853
0.94118
0.93382
0.92647
0.91912
0.91176
0.90441
0.89706
0.88971
0.88235
0.87500
0.86765
0.86029
0.85294
0.84559
0.83824
0.83088
0.82353
0.81618
0.80882
0.80147
0.79412
0.78676
0.77941
0.77206
0.76471
0.75735
0.75000
0.74265
0.73529
0.72794
0.72059
0.71324
0.70588
0.69853
0.69118
0.68382
0.67647
0.66912
0.66176
0.65441
0.64706
0.63971
0.63235
0.62500
0.61765
0.61029
0.60294
0.59559
0.58824
0.58088
0.57353
0.56618
0.55882
0.55147
0.54412
0.53676
0.52941
0.52206
0.51471
0.50735
0.50000
0.49265
0.48529
0.47794
0.47059
0.46324
0.45588
0.44853
0.44118
0.43382
0.42647
0.41912
0.41176
0.40441
0.39706
0.38971
0.38235
0.37500
0.36765
0.36029
0.35294
0.34559
0.33824
0.33088
0.32353
0.31618
0.30882
0.30147
0.29412
0.28676
0.27941
0.27206
0.26471
0.25735
0.25000
0.24265
0.23529
0.22794
0.22059
0.21324
0.20588
0.19853
0.19118
0.18382
0.17647
0.16912
0.16176
0.15441
0.14706
0.13971
0.13235
0.12500
0.11765
0.11029
0.10294
0.09559
0.08824
0.08088
0.07353
0.06618
0.05882
0.05147
0.04412
0.03676
0.02941
0.02206
0.01471
0.00735
0.00000
