1.00000
1.00000
1.00000
1.00000
1.00000
1.00000
1.00000
1.00000
1.00000
1.00000
1.00000
1.00000
1.00000
1.00000
1.00000
1.00000
1.00000
1.00000
1.00000
1.00000
1.00000
1.00000
1.00000
1.00000
1.00000
1.00000
1.00000
1.00000
1.00000
1.00000
1.00000
1.00000
1.00000
1.00000
1.00000
1.00000
1.00000
1.00000
1.00000
1.00000
1.00000
1.00000
1.00000
1.00000
1.00000
1.00000
1.00000
1.00000
1.00000
1.00000
0.99704
0.99408
0.99112
0.98817
0.98521
0.98225
0.97929
0.97633
0.97337
0.97041
0.96746
0.96450
0.96154
0.95858
0.95562
0.95266
0.94970
0.94675
0.94379
0.94083
0.93787
0.93491
0.93195
0.92899
0.92604
0.92308
0.92012
0.91716
0.91420
0.91124
0.90828
0.90533
0.90237
0.89941
0.89645
0.89349
0.89053
0.88757
0.88462
0.88166
0.87870
0.87574
0.87278
0.86982
0.86686
0.86391
0.86095
0.85799
0.85503
0.85207
0.84911
0.84615
0.84320
0.84024
0.83728
0.83432
0.83136
0.82840
0.82544
0.82249
0.81953
0.81657
0.81361
0.81065
0.80769
0.80473
0.80178
0.79882
0.79586
0.79290
0.78994
0.78698
0.78402
0.78107
0.77811
0.77515
0.77219
0.76923
0.76627
0.76331
0.76036
0.75740
0.75444
0.75148
0.74852
0.74556
0.74260
0.73964
0.73669
0.73373
0.73077
0.72781
0.72485
0.72189
0.71893
0.71598
0.71302
0.71006
0.70710
0.70414
0.70118
0.69822
0.69527
0.69231
0.68935
0.68639
0.68343
0.68047
0.67751
0.67456
0.67160
0.66864
0.66568
0.66272
0.65976
0.65680
0.65385
0.65089
0.64793
0.64497
0.64201
0.63905
0.63609
0.63314
0.63018
0.62722
0.62426
0.62130
0.61834
0.61538
0.61243
0.60947
0.60651
0.60355
0.60059
0.59763
0.59467
0.59172
0.58876
0.58580
0.58284
0.57988
0.57692
0.57396
0.57101
0.56805
0.56509
0.56213
0.55917
0.55621
0.55325
0.55030
0.54734
0.54438
0.54142
0.53846
0.53550
0.53254
0.52959
0.52663
0.52367
0.52071
0.51775
0.51479
0.51183
0.50888
0.50592
0.50296
0.50000
0.49704
0.49408
0.49112
0.48817
0.48521
0.48225
0.47929
0.47633
0.47337
0.47041
0.46746
0.46450
0.46154
0.45858
0.45562
0.45266
0.44970
0.44675
0.44379
0.44083
0.43787
0.43491
0.43195
0.42899
0.42604
0.42308
0.42012
0.41716
0.41420
0.41124
0.40828
0.40533
0.40237
0.39941
0.39645
0.39349
0.39053
0.38757
0.38462
0.38166
0.37870
0.37574
0.37278
0.36982
0.36686
0.36391
0.36095
0.35799
0.35503
0.35207
0.34911
0.34615
0.34320
0.34024
0.33728
0.33432
0.33136
0.32840
0.32544
0.32249
0.31953
0.31657
0.31361
0.31065
0.30769
0.30473
0.30178
0.29882
0.29586
0.29290
0.28994
0.28698
0.28402
0.28107
0.27811
0.27515
0.27219
0.26923
0.26627
0.26331
0.26036
0.25740
0.25444
0.25148
0.24852
0.24556
0.24260
0.23964
0.23669
0.23373
0.23077
0.22781
0.22485
0.22189
0.21893
0.21598
0.21302
0.21006
0.20710
0.20414
0.20118
0.19822
0.19527
0.19231
0.18935
0.18639
0.18343
0.18047
0.17751
0.17456
0.17160
0.16864
0.16568
0.16272
0.15976
0.15680
0.15385
0.15089
0.14793
0.14497
0.14201
0.13905
0.13609
0.13314
0.13018
0.12722
0.12426
0.12130
0.11834
0.11538
0.11243
0.10947
0.10651
0.10355
0.10059
0.09763
0.09467
0.09172
0.08876
0.08580
0.08284
0.07988
0.07692
0.07396
0.07101
0.06805
0.06509
0.06213
0.05917
0.05621
0.05325
0.05030
0.04734
0.04438
0.04142
0.03846
0.03550
0.03254
0.02959
0.02663
0.02367
0.02071
0.01775
0.01479
0.01183
0.00888
0.00592
0.00296
0.00000
