1.00000
1.00000
1.00000
1.00000
1.00000
1.00000
1.00000
1.00000
1.00000
1.00000
1.00000
1.00000
1.00000
1.00000
1.00000
1.00000
1.00000
1.00000
1.00000
1.00000
1.00000
1.00000
1.00000
1.00000
1.00000
1.00000
1.00000
1.00000
1.00000
1.00000
1.00000
1.00000
1.00000
1.00000
1.00000
1.00000
1.00000
1.00000
1.00000
1.00000
1.00000
1.00000
1.00000
1.00000
1.00000
1.00000
1.00000
1.00000
1.00000
1.00000
0.99153
0.98305
0.97458
0.96610
0.95763
0.94915
0.94068
0.93220
0.92373
0.91525
0.90678
0.89831
0.88983
0.88136
0.87288
0.86441
0.85593
0.84746
0.83898
0.83051
0.82203
0.81356
0.80508
0.79661
0.78814
0.77966
0.77119
0.76271
0.75424
0.74576
0.73729
0.72881
0.72034
0.71186
0.70339
0.69492
0.68644
0.67797
0.66949
0.66102
0.65254
0.64407
0.63559
0.62712
0.61864
0.61017
0.60169
0.59322
0.58475
0.57627
0.56780
0.55932
0.55085
0.54237
0.53390
0.52542
0.51695
0.50847
0.50000
0.49153
0.48305
0.47458
0.46610
0.45763
0.44915
0.44068
0.43220
0.42373
0.41525
0.40678
0.39831
0.38983
0.38136
0.37288
0.36441
0.35593
0.34746
0.33898
0.33051
0.32203
0.31356
0.30508
0.29661
0.28814
0.27966
0.27119
0.26271
0.25424
0.24576
0.23729
0.22881
0.22034
0.21186
0.20339
0.19492
0.18644
0.17797
0.16949
0.16102
0.15254
0.14407
0.13559
0.12712
0.11864
0.11017
0.10169
0.09322
0.08475
0.07627
0.06780
0.05932
0.05085
0.04237
0.03390
0.02542
0.01695
0.00847
0.00000
