1.00000
1.00000
1.00000
1.00000
1.00000
1.00000
1.00000
1.00000
1.00000
1.00000
1.00000
1.00000
1.00000
1.00000
1.00000
1.00000
1.00000
1.00000
1.00000
1.00000
1.00000
1.00000
1.00000
1.00000
1.00000
1.00000
1.00000
1.00000
1.00000
1.00000
1.00000
1.00000
1.00000
1.00000
1.00000
1.00000
1.00000
1.00000
1.00000
1.00000
1.00000
1.00000
1.00000
1.00000
1.00000
1.00000
1.00000
1.00000
1.00000
1.00000
0.99394
0.98788
0.98182
0.97576
0.96970
0.96364
0.95758
0.95152
0.94545
0.93939
0.93333
0.92727
0.92121
0.91515
0.90909
0.90303
0.89697
0.89091
0.88485
0.87879
0.87273
0.86667
0.86061
0.85455
0.84848
0.84242
0.83636
0.83030
0.82424
0.81818
0.81212
0.80606
0.80000
0.79394
0.78788
0.78182
0.77576
0.76970
0.76364
0.75758
0.75152
0.74545
0.73939
0.73333
0.72727
0.72121
0.71515
0.70909
0.70303
0.69697
0.69091
0.68485
0.67879
0.67273
0.66667
0.66061
0.65455
0.64848
0.64242
0.63636
0.63030
0.62424
0.61818
0.61212
0.60606
0.60000
0.59394
0.58788
0.58182
0.57576
0.56970
0.56364
0.55758
0.55152
0.54545
0.53939
0.53333
0.52727
0.52121
0.51515
0.50909
0.50303
0.49697
0.49091
0.48485
0.47879
0.47273
0.46667
0.46061
0.45455
0.44848
0.44242
0.43636
0.43030
0.42424
0.41818
0.41212
0.40606
0.40000
0.39394
0.38788
0.38182
0.37576
0.36970
0.36364
0.35758
0.35152
0.34545
0.33939
0.33333
0.32727
0.32121
0.31515
0.30909
0.30303
0.29697
0.29091
0.28485
0.27879
0.27273
0.26667
0.26061
0.25455
0.24848
0.24242
0.23636
0.23030
0.22424
0.21818
0.21212
0.20606
0.20000
0.19394
0.18788
0.18182
0.17576
0.16970
0.16364
0.15758
0.15152
0.14545
0.13939
0.13333
0.12727
0.12121
0.11515
0.10909
0.10303
0.09697
0.09091
0.08485
0.07879
0.07273
0.06667
0.06061
0.05455
0.04848
0.04242
0.03636
0.03030
0.02424
0.01818
0.01212
0.00606
0.00000
