1.00000
1.00000
1.00000
1.00000
1.00000
1.00000
1.00000
1.00000
1.00000
1.00000
1.00000
1.00000
1.00000
1.00000
1.00000
1.00000
1.00000
1.00000
1.00000
1.00000
1.00000
1.00000
1.00000
1.00000
1.00000
1.00000
1.00000
1.00000
1.00000
1.00000
1.00000
1.00000
1.00000
1.00000
1.00000
1.00000
1.00000
1.00000
1.00000
1.00000
1.00000
1.00000
1.00000
1.00000
1.00000
1.00000
1.00000
1.00000
1.00000
1.00000
0.99145
0.98291
0.97436
0.96581
0.95726
0.94872
0.94017
0.93162
0.92308
0.91453
0.90598
0.89744
0.88889
0.88034
0.87179
0.86325
0.85470
0.84615
0.83761
0.82906
0.82051
0.81197
0.80342
0.79487
0.78632
0.77778
0.76923
0.76068
0.75214
0.74359
0.73504
0.72650
0.71795
0.70940
0.70085
0.69231
0.68376
0.67521
0.66667
0.65812
0.64957
0.64103
0.63248
0.62393
0.61538
0.60684
0.59829
0.58974
0.58120
0.57265
0.56410
0.55556
0.54701
0.53846
0.52991
0.52137
0.51282
0.50427
0.49573
0.48718
0.47863
0.47009
0.46154
0.45299
0.44444
0.43590
0.42735
0.41880
0.41026
0.40171
0.39316
0.38462
0.37607
0.36752
0.35897
0.35043
0.34188
0.33333
0.32479
0.31624
0.30769
0.29915
0.29060
0.28205
0.27350
0.26496
0.25641
0.24786
0.23932
0.23077
0.22222
0.21368
0.20513
0.19658
0.18803
0.17949
0.17094
0.16239
0.15385
0.14530
0.13675
0.12821
0.11966
0.11111
0.10256
0.09402
0.08547
0.07692
0.06838
0.05983
0.05128
0.04274
0.03419
0.02564
0.01709
0.00855
0.00000
