1.00000
1.00000
1.00000
1.00000
1.00000
1.00000
1.00000
1.00000
1.00000
1.00000
1.00000
1.00000
1.00000
1.00000
1.00000
1.00000
1.00000
1.00000
1.00000
1.00000
1.00000
1.00000
1.00000
1.00000
1.00000
1.00000
1.00000
1.00000
1.00000
1.00000
1.00000
1.00000
1.00000
1.00000
1.00000
1.00000
1.00000
1.00000
1.00000
1.00000
1.00000
1.00000
1.00000
1.00000
1.00000
1.00000
1.00000
1.00000
1.00000
1.00000
0.99231
0.98462
0.97692
0.96923
0.96154
0.95385
0.94615
0.93846
0.93077
0.92308
0.91538
0.90769
0.90000
0.89231
0.88462
0.87692
0.86923
0.86154
0.85385
0.84615
0.83846
0.83077
0.82308
0.81538
0.80769
0.80000
0.79231
0.78462
0.77692
0.76923
0.76154
0.75385
0.74615
0.73846
0.73077
0.72308
0.71538
0.70769
0.70000
0.69231
0.68462
0.67692
0.66923
0.66154
0.65385
0.64615
0.63846
0.63077
0.62308
0.61538
0.60769
0.60000
0.59231
0.58462
0.57692
0.56923
0.56154
0.55385
0.54615
0.53846
0.53077
0.52308
0.51538
0.50769
0.50000
0.49231
0.48462
0.47692
0.46923
0.46154
0.45385
0.44615
0.43846
0.43077
0.42308
0.41538
0.40769
0.40000
0.39231
0.38462
0.37692
0.36923
0.36154
0.35385
0.34615
0.33846
0.33077
0.32308
0.31538
0.30769
0.30000
0.29231
0.28462
0.27692
0.26923
0.26154
0.25385
0.24615
0.23846
0.23077
0.22308
0.21538
0.20769
0.20000
0.19231
0.18462
0.17692
0.16923
0.16154
0.15385
0.14615
0.13846
0.13077
0.12308
0.11538
0.10769
0.10000
0.09231
0.08462
0.07692
0.06923
0.06154
0.05385
0.04615
0.03846
0.03077
0.02308
0.01538
0.00769
0.00000
