1.00000
1.00000
1.00000
1.00000
1.00000
1.00000
1.00000
1.00000
1.00000
1.00000
1.00000
1.00000
1.00000
1.00000
1.00000
1.00000
1.00000
1.00000
1.00000
1.00000
1.00000
1.00000
1.00000
1.00000
1.00000
1.00000
1.00000
1.00000
1.00000
1.00000
1.00000
1.00000
1.00000
1.00000
1.00000
1.00000
1.00000
1.00000
1.00000
1.00000
1.00000
1.00000
1.00000
1.00000
1.00000
1.00000
1.00000
1.00000
1.00000
1.00000
0.99631
0.99262
0.98893
0.98524
0.98155
0.97786
0.97417
0.97048
0.96679
0.96310
0.95941
0.95572
0.95203
0.94834
0.94465
0.94096
0.93727
0.93358
0.92989
0.92620
0.92251
0.91882
0.91513
0.91144
0.90775
0.90406
0.90037
0.89668
0.89299
0.88930
0.88561
0.88192
0.87823
0.87454
0.87085
0.86716
0.86347
0.85978
0.85609
0.85240
0.84871
0.84502
0.84133
0.83764
0.83395
0.83026
0.82657
0.82288
0.81919
0.81550
0.81181
0.80812
0.80443
0.80074
0.79705
0.79336
0.78967
0.78598
0.78229
0.77860
0.77491
0.77122
0.76753
0.76384
0.76015
0.75646
0.75277
0.74908
0.74539
0.74170
0.73801
0.73432
0.73063
0.72694
0.72325
0.71956
0.71587
0.71218
0.70849
0.70480
0.70111
0.69742
0.69373
0.69004
0.68635
0.68266
0.67897
0.67528
0.67159
0.66790
0.66421
0.66052
0.65683
0.65314
0.64945
0.64576
0.64207
0.63838
0.63469
0.63100
0.62731
0.62362
0.61993
0.61624
0.61255
0.60886
0.60517
0.60148
0.59779
0.59410
0.59041
0.58672
0.58303
0.57934
0.57565
0.57196
0.56827
0.56458
0.56089
0.55720
0.55351
0.54982
0.54613
0.54244
0.53875
0.53506
0.53137
0.52768
0.52399
0.52030
0.51661
0.51292
0.50923
0.50554
0.50185
0.49815
0.49446
0.49077
0.48708
0.48339
0.47970
0.47601
0.47232
0.46863
0.46494
0.46125
0.45756
0.45387
0.45018
0.44649
0.44280
0.43911
0.43542
0.43173
0.42804
0.42435
0.42066
0.41697
0.41328
0.40959
0.40590
0.40221
0.39852
0.39483
0.39114
0.38745
0.38376
0.38007
0.37638
0.37269
0.36900
0.36531
0.36162
0.35793
0.35424
0.35055
0.34686
0.34317
0.33948
0.33579
0.33210
0.32841
0.32472
0.32103
0.31734
0.31365
0.30996
0.30627
0.30258
0.29889
0.29520
0.29151
0.28782
0.28413
0.28044
0.27675
0.27306
0.26937
0.26568
0.26199
0.25830
0.25461
0.25092
0.24723
0.24354
0.23985
0.23616
0.23247
0.22878
0.22509
0.22140
0.21771
0.21402
0.21033
0.20664
0.20295
0.19926
0.19557
0.19188
0.18819
0.18450
0.18081
0.17712
0.17343
0.16974
0.16605
0.16236
0.15867
0.15498
0.15129
0.14760
0.14391
0.14022
0.13653
0.13284
0.12915
0.12546
0.12177
0.11808
0.11439
0.11070
0.10701
0.10332
0.09963
0.09594
0.09225
0.08856
0.08487
0.08118
0.07749
0.07380
0.07011
0.06642
0.06273
0.05904
0.05535
0.05166
0.04797
0.04428
0.04059
0.03690
0.03321
0.02952
0.02583
0.02214
0.01845
0.01476
0.01107
0.00738
0.00369
0.00000
