1.00000
1.00000
1.00000
1.00000
1.00000
1.00000
1.00000
1.00000
1.00000
1.00000
1.00000
1.00000
1.00000
1.00000
1.00000
1.00000
1.00000
1.00000
1.00000
1.00000
1.00000
1.00000
1.00000
1.00000
1.00000
1.00000
1.00000
1.00000
1.00000
1.00000
1.00000
1.00000
1.00000
1.00000
1.00000
1.00000
1.00000
1.00000
1.00000
1.00000
1.00000
1.00000
1.00000
1.00000
1.00000
1.00000
1.00000
1.00000
1.00000
1.00000
0.99425
0.98851
0.98276
0.97701
0.97126
0.96552
0.95977
0.95402
0.94828
0.94253
0.93678
0.93103
0.92529
0.91954
0.91379
0.90805
0.90230
0.89655
0.89080
0.88506
0.87931
0.87356
0.86782
0.86207
0.85632
0.85057
0.84483
0.83908
0.83333
0.82759
0.82184
0.81609
0.81034
0.80460
0.79885
0.79310
0.78736
0.78161
0.77586
0.77011
0.76437
0.75862
0.75287
0.74713
0.74138
0.73563
0.72989
0.72414
0.71839
0.71264
0.70690
0.70115
0.69540
0.68966
0.68391
0.67816
0.67241
0.66667
0.66092
0.65517
0.64943
0.64368
0.63793
0.63218
0.62644
0.62069
0.61494
0.60920
0.60345
0.59770
0.59195
0.58621
0.58046
0.57471
0.56897
0.56322
0.55747
0.55172
0.54598
0.54023
0.53448
0.52874
0.52299
0.51724
0.51149
0.50575
0.50000
0.49425
0.48851
0.48276
0.47701
0.47126
0.46552
0.45977
0.45402
0.44828
0.44253
0.43678
0.43103
0.42529
0.41954
0.41379
0.40805
0.40230
0.39655
0.39080
0.38506
0.37931
0.37356
0.36782
0.36207
0.35632
0.35057
0.34483
0.33908
0.33333
0.32759
0.32184
0.31609
0.31034
0.30460
0.29885
0.29310
0.28736
0.28161
0.27586
0.27011
0.26437
0.25862
0.25287
0.24713
0.24138
0.23563
0.22989
0.22414
0.21839
0.21264
0.20690
0.20115
0.19540
0.18966
0.18391
0.17816
0.17241
0.16667
0.16092
0.15517
0.14943
0.14368
0.13793
0.13218
0.12644
0.12069
0.11494
0.10920
0.10345
0.09770
0.09195
0.08621
0.08046
0.07471
0.06897
0.06322
0.05747
0.05172
0.04598
0.04023
0.03448
0.02874
0.02299
0.01724
0.01149
0.00575
0.00000
