1.00000
1.00000
1.00000
1.00000
1.00000
1.00000
1.00000
1.00000
1.00000
1.00000
1.00000
1.00000
1.00000
1.00000
1.00000
1.00000
1.00000
1.00000
1.00000
1.00000
1.00000
1.00000
1.00000
1.00000
1.00000
1.00000
1.00000
1.00000
1.00000
1.00000
1.00000
1.00000
1.00000
1.00000
1.00000
1.00000
1.00000
1.00000
1.00000
1.00000
1.00000
1.00000
1.00000
1.00000
1.00000
1.00000
1.00000
1.00000
1.00000
1.00000
0.99459
0.98919
0.98378
0.97838
0.97297
0.96757
0.96216
0.95676
0.95135
0.94595
0.94054
0.93514
0.92973
0.92432
0.91892
0.91351
0.90811
0.90270
0.89730
0.89189
0.88649
0.88108
0.87568
0.87027
0.86486
0.85946
0.85405
0.84865
0.84324
0.83784
0.83243
0.82703
0.82162
0.81622
0.81081
0.80541
0.80000
0.79459
0.78919
0.78378
0.77838
0.77297
0.76757
0.76216
0.75676
0.75135
0.74595
0.74054
0.73514
0.72973
0.72432
0.71892
0.71351
0.70811
0.70270
0.69730
0.69189
0.68649
0.68108
0.67568
0.67027
0.66486
0.65946
0.65405
0.64865
0.64324
0.63784
0.63243
0.62703
0.62162
0.61622
0.61081
0.60541
0.60000
0.59459
0.58919
0.58378
0.57838
0.57297
0.56757
0.56216
0.55676
0.55135
0.54595
0.54054
0.53514
0.52973
0.52432
0.51892
0.51351
0.50811
0.50270
0.49730
0.49189
0.48649
0.48108
0.47568
0.47027
0.46486
0.45946
0.45405
0.44865
0.44324
0.43784
0.43243
0.42703
0.42162
0.41622
0.41081
0.40541
0.40000
0.39459
0.38919
0.38378
0.37838
0.37297
0.36757
0.36216
0.35676
0.35135
0.34595
0.34054
0.33514
0.32973
0.32432
0.31892
0.31351
0.30811
0.30270
0.29730
0.29189
0.28649
0.28108
0.27568
0.27027
0.26486
0.25946
0.25405
0.24865
0.24324
0.23784
0.23243
0.22703
0.22162
0.21622
0.21081
0.20541
0.20000
0.19459
0.18919
0.18378
0.17838
0.17297
0.16757
0.16216
0.15676
0.15135
0.14595
0.14054
0.13514
0.12973
0.12432
0.11892
0.11351
0.10811
0.10270
0.09730
0.09189
0.08649
0.08108
0.07568
0.07027
0.06486
0.05946
0.05405
0.04865
0.04324
0.03784
0.03243
0.02703
0.02162
0.01622
0.01081
0.00541
0.00000
