1.00000
1.00000
1.00000
1.00000
1.00000
1.00000
1.00000
1.00000
1.00000
1.00000
1.00000
1.00000
1.00000
1.00000
1.00000
1.00000
1.00000
1.00000
1.00000
1.00000
1.00000
1.00000
1.00000
1.00000
1.00000
1.00000
1.00000
1.00000
1.00000
1.00000
1.00000
1.00000
1.00000
1.00000
1.00000
1.00000
1.00000
1.00000
1.00000
1.00000
1.00000
1.00000
1.00000
1.00000
1.00000
1.00000
1.00000
1.00000
1.00000
1.00000
0.99674
0.99349
0.99023
0.98697
0.98371
0.98046
0.97720
0.97394
0.97068
0.96743
0.96417
0.96091
0.95765
0.95440
0.95114
0.94788
0.94463
0.94137
0.93811
0.93485
0.93160
0.92834
0.92508
0.92182
0.91857
0.91531
0.91205
0.90879
0.90554
0.90228
0.89902
0.89577
0.89251
0.88925
0.88599
0.88274
0.87948
0.87622
0.87296
0.86971
0.86645
0.86319
0.85993
0.85668
0.85342
0.85016
0.84691
0.84365
0.84039
0.83713
0.83388
0.83062
0.82736
0.82410
0.82085
0.81759
0.81433
0.81107
0.80782
0.80456
0.80130
0.79805
0.79479
0.79153
0.78827
0.78502
0.78176
0.77850
0.77524
0.77199
0.76873
0.76547
0.76221
0.75896
0.75570
0.75244
0.74919
0.74593
0.74267
0.73941
0.73616
0.73290
0.72964
0.72638
0.72313
0.71987
0.71661
0.71336
0.71010
0.70684
0.70358
0.70033
0.69707
0.69381
0.69055
0.68730
0.68404
0.68078
0.67752
0.67427
0.67101
0.66775
0.66450
0.66124
0.65798
0.65472
0.65147
0.64821
0.64495
0.64169
0.63844
0.63518
0.63192
0.62866
0.62541
0.62215
0.61889
0.61564
0.61238
0.60912
0.60586
0.60261
0.59935
0.59609
0.59283
0.58958
0.58632
0.58306
0.57980
0.57655
0.57329
0.57003
0.56678
0.56352
0.56026
0.55700
0.55375
0.55049
0.54723
0.54397
0.54072
0.53746
0.53420
0.53094
0.52769
0.52443
0.52117
0.51792
0.51466
0.51140
0.50814
0.50489
0.50163
0.49837
0.49511
0.49186
0.48860
0.48534
0.48208
0.47883
0.47557
0.47231
0.46906
0.46580
0.46254
0.45928
0.45603
0.45277
0.44951
0.44625
0.44300
0.43974
0.43648
0.43322
0.42997
0.42671
0.42345
0.42020
0.41694
0.41368
0.41042
0.40717
0.40391
0.40065
0.39739
0.39414
0.39088
0.38762
0.38436
0.38111
0.37785
0.37459
0.37134
0.36808
0.36482
0.36156
0.35831
0.35505
0.35179
0.34853
0.34528
0.34202
0.33876
0.33550
0.33225
0.32899
0.32573
0.32248
0.31922
0.31596
0.31270
0.30945
0.30619
0.30293
0.29967
0.29642
0.29316
0.28990
0.28664
0.28339
0.28013
0.27687
0.27362
0.27036
0.26710
0.26384
0.26059
0.25733
0.25407
0.25081
0.24756
0.24430
0.24104
0.23779
0.23453
0.23127
0.22801
0.22476
0.22150
0.21824
0.21498
0.21173
0.20847
0.20521
0.20195
0.19870
0.19544
0.19218
0.18893
0.18567
0.18241
0.17915
0.17590
0.17264
0.16938
0.16612
0.16287
0.15961
0.15635
0.15309
0.14984
0.14658
0.14332
0.14007
0.13681
0.13355
0.13029
0.12704
0.12378
0.12052
0.11726
0.11401
0.11075
0.10749
0.10423
0.10098
0.09772
0.09446
0.09121
0.08795
0.08469
0.08143
0.07818
0.07492
0.07166
0.06840
0.06515
0.06189
0.05863
0.05537
0.05212
0.04886
0.04560
0.04235
0.03909
0.03583
0.03257
0.02932
0.02606
0.02280
0.01954
0.01629
0.01303
0.00977
0.00651
0.00326
0.00000
