1.00000
1.00000
1.00000
1.00000
1.00000
1.00000
1.00000
1.00000
1.00000
1.00000
1.00000
1.00000
1.00000
1.00000
1.00000
1.00000
1.00000
1.00000
1.00000
1.00000
1.00000
1.00000
1.00000
1.00000
1.00000
1.00000
1.00000
1.00000
1.00000
1.00000
1.00000
1.00000
1.00000
1.00000
1.00000
1.00000
1.00000
1.00000
1.00000
1.00000
1.00000
1.00000
1.00000
1.00000
1.00000
1.00000
1.00000
1.00000
1.00000
1.00000
0.99419
0.98837
0.98256
0.97674
0.97093
0.96512
0.95930
0.95349
0.94767
0.94186
0.93605
0.93023
0.92442
0.91860
0.91279
0.90698
0.90116
0.89535
0.88953
0.88372
0.87791
0.87209
0.86628
0.86047
0.85465
0.84884
0.84302
0.83721
0.83140
0.82558
0.81977
0.81395
0.80814
0.80233
0.79651
0.79070
0.78488
0.77907
0.77326
0.76744
0.76163
0.75581
0.75000
0.74419
0.73837
0.73256
0.72674
0.72093
0.71512
0.70930
0.70349
0.69767
0.69186
0.68605
0.68023
0.67442
0.66860
0.66279
0.65698
0.65116
0.64535
0.63953
0.63372
0.62791
0.62209
0.61628
0.61047
0.60465
0.59884
0.59302
0.58721
0.58140
0.57558
0.56977
0.56395
0.55814
0.55233
0.54651
0.54070
0.53488
0.52907
0.52326
0.51744
0.51163
0.50581
0.50000
0.49419
0.48837
0.48256
0.47674
0.47093
0.46512
0.45930
0.45349
0.44767
0.44186
0.43605
0.43023
0.42442
0.41860
0.41279
0.40698
0.40116
0.39535
0.38953
0.38372
0.37791
0.37209
0.36628
0.36047
0.35465
0.34884
0.34302
0.33721
0.33140
0.32558
0.31977
0.31395
0.30814
0.30233
0.29651
0.29070
0.28488
0.27907
0.27326
0.26744
0.26163
0.25581
0.25000
0.24419
0.23837
0.23256
0.22674
0.22093
0.21512
0.20930
0.20349
0.19767
0.19186
0.18605
0.18023
0.17442
0.16860
0.16279
0.15698
0.15116
0.14535
0.13953
0.13372
0.12791
0.12209
0.11628
0.11047
0.10465
0.09884
0.09302
0.08721
0.08140
0.07558
0.06977
0.06395
0.05814
0.05233
0.04651
0.04070
0.03488
0.02907
0.02326
0.01744
0.01163
0.00581
0.00000
