1.00000
1.00000
1.00000
1.00000
1.00000
1.00000
1.00000
1.00000
1.00000
1.00000
1.00000
1.00000
1.00000
1.00000
1.00000
1.00000
1.00000
1.00000
1.00000
1.00000
1.00000
1.00000
1.00000
1.00000
1.00000
1.00000
1.00000
1.00000
1.00000
1.00000
1.00000
1.00000
1.00000
1.00000
1.00000
1.00000
1.00000
1.00000
1.00000
1.00000
1.00000
1.00000
1.00000
1.00000
1.00000
1.00000
1.00000
1.00000
1.00000
1.00000
0.98925
0.97849
0.96774
0.95699
0.94624
0.93548
0.92473
0.91398
0.90323
0.89247
0.88172
0.87097
0.86022
0.84946
0.83871
0.82796
0.81720
0.80645
0.79570
0.78495
0.77419
0.76344
0.75269
0.74194
0.73118
0.72043
0.70968
0.69892
0.68817
0.67742
0.66667
0.65591
0.64516
0.63441
0.62366
0.61290
0.60215
0.59140
0.58065
0.56989
0.55914
0.54839
0.53763
0.52688
0.51613
0.50538
0.49462
0.48387
0.47312
0.46237
0.45161
0.44086
0.43011
0.41935
0.40860
0.39785
0.38710
0.37634
0.36559
0.35484
0.34409
0.33333
0.32258
0.31183
0.30108
0.29032
0.27957
0.26882
0.25806
0.24731
0.23656
0.22581
0.21505
0.20430
0.19355
0.18280
0.17204
0.16129
0.15054
0.13978
0.12903
0.11828
0.10753
0.09677
0.08602
0.07527
0.06452
0.05376
0.04301
0.03226
0.02151
0.01075
0.00000
