1.00000
1.00000
1.00000
1.00000
1.00000
1.00000
1.00000
1.00000
1.00000
1.00000
1.00000
1.00000
1.00000
1.00000
1.00000
1.00000
1.00000
1.00000
1.00000
1.00000
1.00000
1.00000
1.00000
1.00000
1.00000
1.00000
1.00000
1.00000
1.00000
1.00000
1.00000
1.00000
1.00000
1.00000
1.00000
1.00000
1.00000
1.00000
1.00000
1.00000
1.00000
1.00000
1.00000
1.00000
1.00000
1.00000
1.00000
1.00000
1.00000
1.00000
0.99167
0.98333
0.97500
0.96667
0.95833
0.95000
0.94167
0.93333
0.92500
0.91667
0.90833
0.90000
0.89167
0.88333
0.87500
0.86667
0.85833
0.85000
0.84167
0.83333
0.82500
0.81667
0.80833
0.80000
0.79167
0.78333
0.77500
0.76667
0.75833
0.75000
0.74167
0.73333
0.72500
0.71667
0.70833
0.70000
0.69167
0.68333
0.67500
0.66667
0.65833
0.65000
0.64167
0.63333
0.62500
0.61667
0.60833
0.60000
0.59167
0.58333
0.57500
0.56667
0.55833
0.55000
0.54167
0.53333
0.52500
0.51667
0.50833
0.50000
0.49167
0.48333
0.47500
0.46667
0.45833
0.45000
0.44167
0.43333
0.42500
0.41667
0.40833
0.40000
0.39167
0.38333
0.37500
0.36667
0.35833
0.35000
0.34167
0.33333
0.32500
0.31667
0.30833
0.30000
0.29167
0.28333
0.27500
0.26667
0.25833
0.25000
0.24167
0.23333
0.22500
0.21667
0.20833
0.20000
0.19167
0.18333
0.17500
0.16667
0.15833
0.15000
0.14167
0.13333
0.12500
0.11667
0.10833
0.10000
0.09167
0.08333
0.07500
0.06667
0.05833
0.05000
0.04167
0.03333
0.02500
0.01667
0.00833
0.00000
