1.00000
1.00000
1.00000
1.00000
1.00000
1.00000
1.00000
1.00000
1.00000
1.00000
1.00000
1.00000
1.00000
1.00000
1.00000
1.00000
1.00000
1.00000
1.00000
1.00000
1.00000
1.00000
1.00000
1.00000
1.00000
1.00000
1.00000
1.00000
1.00000
1.00000
1.00000
1.00000
1.00000
1.00000
1.00000
1.00000
1.00000
1.00000
1.00000
1.00000
1.00000
1.00000
1.00000
1.00000
1.00000
1.00000
1.00000
1.00000
1.00000
1.00000
0.98837
0.97674
0.96512
0.95349
0.94186
0.93023
0.91860
0.90698
0.89535
0.88372
0.87209
0.86047
0.84884
0.83721
0.82558
0.81395
0.80233
0.79070
0.77907
0.76744
0.75581
0.74419
0.73256
0.72093
0.70930
0.69767
0.68605
0.67442
0.66279
0.65116
0.63953
0.62791
0.61628
0.60465
0.59302
0.58140
0.56977
0.55814
0.54651
0.53488
0.52326
0.51163
0.50000
0.48837
0.47674
0.46512
0.45349
0.44186
0.43023
0.41860
0.40698
0.39535
0.38372
0.37209
0.36047
0.34884
0.33721
0.32558
0.31395
0.30233
0.29070
0.27907
0.26744
0.25581
0.24419
0.23256
0.22093
0.20930
0.19767
0.18605
0.17442
0.16279
0.15116
0.13953
0.12791
0.11628
0.10465
0.09302
0.08140
0.06977
0.05814
0.04651
0.03488
0.02326
0.01163
0.00000
