1.00000
1.00000
1.00000
1.00000
1.00000
1.00000
1.00000
1.00000
1.00000
1.00000
1.00000
1.00000
1.00000
1.00000
1.00000
1.00000
1.00000
1.00000
1.00000
1.00000
1.00000
1.00000
1.00000
1.00000
1.00000
1.00000
1.00000
1.00000
1.00000
1.00000
1.00000
1.00000
1.00000
1.00000
1.00000
1.00000
1.00000
1.00000
1.00000
1.00000
1.00000
1.00000
1.00000
1.00000
1.00000
1.00000
1.00000
1.00000
1.00000
1.00000
0.99602
0.99203
0.98805
0.98406
0.98008
0.97610
0.97211
0.96813
0.96414
0.96016
0.95618
0.95219
0.94821
0.94422
0.94024
0.93625
0.93227
0.92829
0.92430
0.92032
0.91633
0.91235
0.90837
0.90438
0.90040
0.89641
0.89243
0.88845
0.88446
0.88048
0.87649
0.87251
0.86853
0.86454
0.86056
0.85657
0.85259
0.84861
0.84462
0.84064
0.83665
0.83267
0.82869
0.82470
0.82072
0.81673
0.81275
0.80876
0.80478
0.80080
0.79681
0.79283
0.78884
0.78486
0.78088
0.77689
0.77291
0.76892
0.76494
0.76096
0.75697
0.75299
0.74900
0.74502
0.74104
0.73705
0.73307
0.72908
0.72510
0.72112
0.71713
0.71315
0.70916
0.70518
0.70120
0.69721
0.69323
0.68924
0.68526
0.68127
0.67729
0.67331
0.66932
0.66534
0.66135
0.65737
0.65339
0.64940
0.64542
0.64143
0.63745
0.63347
0.62948
0.62550
0.62151
0.61753
0.61355
0.60956
0.60558
0.60159
0.59761
0.59363
0.58964
0.58566
0.58167
0.57769
0.57371
0.56972
0.56574
0.56175
0.55777
0.55378
0.54980
0.54582
0.54183
0.53785
0.53386
0.52988
0.52590
0.52191
0.51793
0.51394
0.50996
0.50598
0.50199
0.49801
0.49402
0.49004
0.48606
0.48207
0.47809
0.47410
0.47012
0.46614
0.46215
0.45817
0.45418
0.45020
0.44622
0.44223
0.43825
0.43426
0.43028
0.42629
0.42231
0.41833
0.41434
0.41036
0.40637
0.40239
0.39841
0.39442
0.39044
0.38645
0.38247
0.37849
0.37450
0.37052
0.36653
0.36255
0.35857
0.35458
0.35060
0.34661
0.34263
0.33865
0.33466
0.33068
0.32669
0.32271
0.31873
0.31474
0.31076
0.30677
0.30279
0.29880
0.29482
0.29084
0.28685
0.28287
0.27888
0.27490
0.27092
0.26693
0.26295
0.25896
0.25498
0.25100
0.24701
0.24303
0.23904
0.23506
0.23108
0.22709
0.22311
0.21912
0.21514
0.21116
0.20717
0.20319
0.19920
0.19522
0.19124
0.18725
0.18327
0.17928
0.17530
0.17131
0.16733
0.16335
0.15936
0.15538
0.15139
0.14741
0.14343
0.13944
0.13546
0.13147
0.12749
0.12351
0.11952
0.11554
0.11155
0.10757
0.10359
0.09960
0.09562
0.09163
0.08765
0.08367
0.07968
0.07570
0.07171
0.06773
0.06375
0.05976
0.05578
0.05179
0.04781
0.04382
0.03984
0.03586
0.03187
0.02789
0.02390
0.01992
0.01594
0.01195
0.00797
0.00398
0.00000
