1.00000
1.00000
1.00000
1.00000
1.00000
1.00000
1.00000
1.00000
1.00000
1.00000
1.00000
1.00000
1.00000
1.00000
1.00000
1.00000
1.00000
1.00000
1.00000
1.00000
1.00000
1.00000
1.00000
1.00000
1.00000
1.00000
1.00000
1.00000
1.00000
1.00000
1.00000
1.00000
1.00000
1.00000
1.00000
1.00000
1.00000
1.00000
1.00000
1.00000
1.00000
1.00000
1.00000
1.00000
1.00000
1.00000
1.00000
1.00000
1.00000
1.00000
0.99595
0.99190
0.98785
0.98381
0.97976
0.97571
0.97166
0.96761
0.96356
0.95951
0.95547
0.95142
0.94737
0.94332
0.93927
0.93522
0.93117
0.92713
0.92308
0.91903
0.91498
0.91093
0.90688
0.90283
0.89879
0.89474
0.89069
0.88664
0.88259
0.87854
0.87449
0.87045
0.86640
0.86235
0.85830
0.85425
0.85020
0.84615
0.84211
0.83806
0.83401
0.82996
0.82591
0.82186
0.81781
0.81377
0.80972
0.80567
0.80162
0.79757
0.79352
0.78947
0.78543
0.78138
0.77733
0.77328
0.76923
0.76518
0.76113
0.75709
0.75304
0.74899
0.74494
0.74089
0.73684
0.73279
0.72874
0.72470
0.72065
0.71660
0.71255
0.70850
0.70445
0.70040
0.69636
0.69231
0.68826
0.68421
0.68016
0.67611
0.67206
0.66802
0.66397
0.65992
0.65587
0.65182
0.64777
0.64372
0.63968
0.63563
0.63158
0.62753
0.62348
0.61943
0.61538
0.61134
0.60729
0.60324
0.59919
0.59514
0.59109
0.58704
0.58300
0.57895
0.57490
0.57085
0.56680
0.56275
0.55870
0.55466
0.55061
0.54656
0.54251
0.53846
0.53441
0.53036
0.52632
0.52227
0.51822
0.51417
0.51012
0.50607
0.50202
0.49798
0.49393
0.48988
0.48583
0.48178
0.47773
0.47368
0.46964
0.46559
0.46154
0.45749
0.45344
0.44939
0.44534
0.44130
0.43725
0.43320
0.42915
0.42510
0.42105
0.41700
0.41296
0.40891
0.40486
0.40081
0.39676
0.39271
0.38866
0.38462
0.38057
0.37652
0.37247
0.36842
0.36437
0.36032
0.35628
0.35223
0.34818
0.34413
0.34008
0.33603
0.33198
0.32794
0.32389
0.31984
0.31579
0.31174
0.30769
0.30364
0.29960
0.29555
0.29150
0.28745
0.28340
0.27935
0.27530
0.27126
0.26721
0.26316
0.25911
0.25506
0.25101
0.24696
0.24291
0.23887
0.23482
0.23077
0.22672
0.22267
0.21862
0.21457
0.21053
0.20648
0.20243
0.19838
0.19433
0.19028
0.18623
0.18219
0.17814
0.17409
0.17004
0.16599
0.16194
0.15789
0.15385
0.14980
0.14575
0.14170
0.13765
0.13360
0.12955
0.12551
0.12146
0.11741
0.11336
0.10931
0.10526
0.10121
0.09717
0.09312
0.08907
0.08502
0.08097
0.07692
0.07287
0.06883
0.06478
0.06073
0.05668
0.05263
0.04858
0.04453
0.04049
0.03644
0.03239
0.02834
0.02429
0.02024
0.01619
0.01215
0.00810
0.00405
0.00000
