1.00000
1.00000
1.00000
1.00000
1.00000
1.00000
1.00000
1.00000
1.00000
1.00000
1.00000
1.00000
1.00000
1.00000
1.00000
1.00000
1.00000
1.00000
1.00000
1.00000
1.00000
1.00000
1.00000
1.00000
1.00000
1.00000
1.00000
1.00000
1.00000
1.00000
1.00000
1.00000
1.00000
1.00000
1.00000
1.00000
1.00000
1.00000
1.00000
1.00000
1.00000
1.00000
1.00000
1.00000
1.00000
1.00000
1.00000
1.00000
1.00000
1.00000
0.99603
0.99206
0.98810
0.98413
0.98016
0.97619
0.97222
0.96825
0.96429
0.96032
0.95635
0.95238
0.94841
0.94444
0.94048
0.93651
0.93254
0.92857
0.92460
0.92063
0.91667
0.91270
0.90873
0.90476
0.90079
0.89683
0.89286
0.88889
0.88492
0.88095
0.87698
0.87302
0.86905
0.86508
0.86111
0.85714
0.85317
0.84921
0.84524
0.84127
0.83730
0.83333
0.82937
0.82540
0.82143
0.81746
0.81349
0.80952
0.80556
0.80159
0.79762
0.79365
0.78968
0.78571
0.78175
0.77778
0.77381
0.76984
0.76587
0.76190
0.75794
0.75397
0.75000
0.74603
0.74206
0.73810
0.73413
0.73016
0.72619
0.72222
0.71825
0.71429
0.71032
0.70635
0.70238
0.69841
0.69444
0.69048
0.68651
0.68254
0.67857
0.67460
0.67063
0.66667
0.66270
0.65873
0.65476
0.65079
0.64683
0.64286
0.63889
0.63492
0.63095
0.62698
0.62302
0.61905
0.61508
0.61111
0.60714
0.60317
0.59921
0.59524
0.59127
0.58730
0.58333
0.57937
0.57540
0.57143
0.56746
0.56349
0.55952
0.55556
0.55159
0.54762
0.54365
0.53968
0.53571
0.53175
0.52778
0.52381
0.51984
0.51587
0.51190
0.50794
0.50397
0.50000
0.49603
0.49206
0.48810
0.48413
0.48016
0.47619
0.47222
0.46825
0.46429
0.46032
0.45635
0.45238
0.44841
0.44444
0.44048
0.43651
0.43254
0.42857
0.42460
0.42063
0.41667
0.41270
0.40873
0.40476
0.40079
0.39683
0.39286
0.38889
0.38492
0.38095
0.37698
0.37302
0.36905
0.36508
0.36111
0.35714
0.35317
0.34921
0.34524
0.34127
0.33730
0.33333
0.32937
0.32540
0.32143
0.31746
0.31349
0.30952
0.30556
0.30159
0.29762
0.29365
0.28968
0.28571
0.28175
0.27778
0.27381
0.26984
0.26587
0.26190
0.25794
0.25397
0.25000
0.24603
0.24206
0.23810
0.23413
0.23016
0.22619
0.22222
0.21825
0.21429
0.21032
0.20635
0.20238
0.19841
0.19444
0.19048
0.18651
0.18254
0.17857
0.17460
0.17063
0.16667
0.16270
0.15873
0.15476
0.15079
0.14683
0.14286
0.13889
0.13492
0.13095
0.12698
0.12302
0.11905
0.11508
0.11111
0.10714
0.10317
0.09921
0.09524
0.09127
0.08730
0.08333
0.07937
0.07540
0.07143
0.06746
0.06349
0.05952
0.05556
0.05159
0.04762
0.04365
0.03968
0.03571
0.03175
0.02778
0.02381
0.01984
0.01587
0.01190
0.00794
0.00397
0.00000
