1.00000
1.00000
1.00000
1.00000
1.00000
1.00000
1.00000
1.00000
1.00000
1.00000
1.00000
1.00000
1.00000
1.00000
1.00000
1.00000
1.00000
1.00000
1.00000
1.00000
1.00000
1.00000
1.00000
1.00000
1.00000
1.00000
1.00000
1.00000
1.00000
1.00000
1.00000
1.00000
1.00000
1.00000
1.00000
1.00000
1.00000
1.00000
1.00000
1.00000
1.00000
1.00000
1.00000
1.00000
1.00000
1.00000
1.00000
1.00000
1.00000
1.00000
0.99174
0.98347
0.97521
0.96694
0.95868
0.95041
0.94215
0.93388
0.92562
0.91736
0.90909
0.90083
0.89256
0.88430
0.87603
0.86777
0.85950
0.85124
0.84298
0.83471
0.82645
0.81818
0.80992
0.80165
0.79339
0.78512
0.77686
0.76860
0.76033
0.75207
0.74380
0.73554
0.72727
0.71901
0.71074
0.70248
0.69421
0.68595
0.67769
0.66942
0.66116
0.65289
0.64463
0.63636
0.62810
0.61983
0.61157
0.60331
0.59504
0.58678
0.57851
0.57025
0.56198
0.55372
0.54545
0.53719
0.52893
0.52066
0.51240
0.50413
0.49587
0.48760
0.47934
0.47107
0.46281
0.45455
0.44628
0.43802
0.42975
0.42149
0.41322
0.40496
0.39669
0.38843
0.38017
0.37190
0.36364
0.35537
0.34711
0.33884
0.33058
0.32231
0.31405
0.30579
0.29752
0.28926
0.28099
0.27273
0.26446
0.25620
0.24793
0.23967
0.23140
0.22314
0.21488
0.20661
0.19835
0.19008
0.18182
0.17355
0.16529
0.15702
0.14876
0.14050
0.13223
0.12397
0.11570
0.10744
0.09917
0.09091
0.08264
0.07438
0.06612
0.05785
0.04959
0.04132
0.03306
0.02479
0.01653
0.00826
0.00000
