1.00000
1.00000
1.00000
1.00000
1.00000
1.00000
1.00000
1.00000
1.00000
1.00000
1.00000
1.00000
1.00000
1.00000
1.00000
1.00000
1.00000
1.00000
1.00000
1.00000
1.00000
1.00000
1.00000
1.00000
1.00000
1.00000
1.00000
1.00000
1.00000
1.00000
1.00000
1.00000
1.00000
1.00000
1.00000
1.00000
1.00000
1.00000
1.00000
1.00000
1.00000
1.00000
1.00000
1.00000
1.00000
1.00000
1.00000
1.00000
1.00000
1.00000
0.99756
0.99511
0.99267
0.99022
0.98778
0.98533
0.98289
0.98044
0.97800
0.97555
0.97311
0.97066
0.96822
0.96577
0.96333
0.96088
0.95844
0.95599
0.95355
0.95110
0.94866
0.94621
0.94377
0.94132
0.93888
0.93643
0.93399
0.93154
0.92910
0.92665
0.92421
0.92176
0.91932
0.91687
0.91443
0.91198
0.90954
0.90709
0.90465
0.90220
0.89976
0.89731
0.89487
0.89242
0.88998
0.88753
0.88509
0.88264
0.88020
0.87775
0.87531
0.87286
0.87042
0.86797
0.86553
0.86308
0.86064
0.85819
0.85575
0.85330
0.85086
0.84841
0.84597
0.84352
0.84108
0.83863
0.83619
0.83374
0.83130
0.82885
0.82641
0.82396
0.82152
0.81907
0.81663
0.81418
0.81174
0.80929
0.80685
0.80440
0.80196
0.79951
0.79707
0.79462
0.79218
0.78973
0.78729
0.78484
0.78240
0.77995
0.77751
0.77506
0.77262
0.77017
0.76773
0.76528
0.76284
0.76039
0.75795
0.75550
0.75306
0.75061
0.74817
0.74572
0.74328
0.74083
0.73839
0.73594
0.73350
0.73105
0.72861
0.72616
0.72372
0.72127
0.71883
0.71638
0.71394
0.71149
0.70905
0.70660
0.70416
0.70171
0.69927
0.69682
0.69438
0.69193
0.68949
0.68704
0.68460
0.68215
0.67971
0.67726
0.67482
0.67237
0.66993
0.66748
0.66504
0.66259
0.66015
0.65770
0.65526
0.65281
0.65037
0.64792
0.64548
0.64303
0.64059
0.63814
0.63570
0.63325
0.63081
0.62836
0.62592
0.62347
0.62103
0.61858
0.61614
0.61369
0.61125
0.60880
0.60636
0.60391
0.60147
0.59902
0.59658
0.59413
0.59169
0.58924
0.58680
0.58435
0.58191
0.57946
0.57702
0.57457
0.57213
0.56968
0.56724
0.56479
0.56235
0.55990
0.55746
0.55501
0.55257
0.55012
0.54768
0.54523
0.54279
0.54034
0.53790
0.53545
0.53301
0.53056
0.52812
0.52567
0.52323
0.52078
0.51834
0.51589
0.51345
0.51100
0.50856
0.50611
0.50367
0.50122
0.49878
0.49633
0.49389
0.49144
0.48900
0.48655
0.48411
0.48166
0.47922
0.47677
0.47433
0.47188
0.46944
0.46699
0.46455
0.46210
0.45966
0.45721
0.45477
0.45232
0.44988
0.44743
0.44499
0.44254
0.44010
0.43765
0.43521
0.43276
0.43032
0.42787
0.42543
0.42298
0.42054
0.41809
0.41565
0.41320
0.41076
0.40831
0.40587
0.40342
0.40098
0.39853
0.39609
0.39364
0.39120
0.38875
0.38631
0.38386
0.38142
0.37897
0.37653
0.37408
0.37164
0.36919
0.36675
0.36430
0.36186
0.35941
0.35697
0.35452
0.35208
0.34963
0.34719
0.34474
0.34230
0.33985
0.33741
0.33496
0.33252
0.33007
0.32763
0.32518
0.32274
0.32029
0.31785
0.31540
0.31296
0.31051
0.30807
0.30562
0.30318
0.30073
0.29829
0.29584
0.29340
0.29095
0.28851
0.28606
0.28362
0.28117
0.27873
0.27628
0.27384
0.27139
0.26895
0.26650
0.26406
0.26161
0.25917
0.25672
0.25428
0.25183
0.24939
0.24694
0.24450
0.24205
0.23961
0.23716
0.23472
0.23227
0.22983
0.22738
0.22494
0.22249
0.22005
0.21760
0.21516
0.21271
0.21027
0.20782
0.20538
0.20293
0.20049
0.19804
0.19560
0.19315
0.19071
0.18826
0.18582
0.18337
0.18093
0.17848
0.17604
0.17359
0.17115
0.16870
0.16626
0.16381
0.16137
0.15892
0.15648
0.15403
0.15159
0.14914
0.14670
0.14425
0.14181
0.13936
0.13692
0.13447
0.13203
0.12958
0.12714
0.12469
0.12225
0.11980
0.11736
0.11491
0.11247
0.11002
0.10758
0.10513
0.10269
0.10024
0.09780
0.09535
0.09291
0.09046
0.08802
0.08557
0.08313
0.08068
0.07824
0.07579
0.07335
0.07090
0.06846
0.06601
0.06357
0.06112
0.05868
0.05623
0.05379
0.05134
0.04890
0.04645
0.04401
0.04156
0.03912
0.03667
0.03423
0.03178
0.02934
0.02689
0.02445
0.02200
0.01956
0.01711
0.01467
0.01222
0.00978
0.00733
0.00489
0.00244
0.00000
