1.00000
1.00000
1.00000
1.00000
1.00000
1.00000
1.00000
1.00000
1.00000
1.00000
1.00000
1.00000
1.00000
1.00000
1.00000
1.00000
1.00000
1.00000
1.00000
1.00000
1.00000
1.00000
1.00000
1.00000
1.00000
1.00000
1.00000
1.00000
1.00000
1.00000
1.00000
1.00000
1.00000
1.00000
1.00000
1.00000
1.00000
1.00000
1.00000
1.00000
1.00000
1.00000
1.00000
1.00000
1.00000
1.00000
1.00000
1.00000
1.00000
1.00000
0.99206
0.98413
0.97619
0.96825
0.96032
0.95238
0.94444
0.93651
0.92857
0.92063
0.91270
0.90476
0.89683
0.88889
0.88095
0.87302
0.86508
0.85714
0.84921
0.84127
0.83333
0.82540
0.81746
0.80952
0.80159
0.79365
0.78571
0.77778
0.76984
0.76190
0.75397
0.74603
0.73810
0.73016
0.72222
0.71429
0.70635
0.69841
0.69048
0.68254
0.67460
0.66667
0.65873
0.65079
0.64286
0.63492
0.62698
0.61905
0.61111
0.60317
0.59524
0.58730
0.57937
0.57143
0.56349
0.55556
0.54762
0.53968
0.53175
0.52381
0.51587
0.50794
0.50000
0.49206
0.48413
0.47619
0.46825
0.46032
0.45238
0.44444
0.43651
0.42857
0.42063
0.41270
0.40476
0.39683
0.38889
0.38095
0.37302
0.36508
0.35714
0.34921
0.34127
0.33333
0.32540
0.31746
0.30952
0.30159
0.29365
0.28571
0.27778
0.26984
0.26190
0.25397
0.24603
0.23810
0.23016
0.22222
0.21429
0.20635
0.19841
0.19048
0.18254
0.17460
0.16667
0.15873
0.15079
0.14286
0.13492
0.12698
0.11905
0.11111
0.10317
0.09524
0.08730
0.07937
0.07143
0.06349
0.05556
0.04762
0.03968
0.03175
0.02381
0.01587
0.00794
0.00000
