1.00000
1.00000
1.00000
1.00000
1.00000
1.00000
1.00000
1.00000
1.00000
1.00000
1.00000
1.00000
1.00000
1.00000
1.00000
1.00000
1.00000
1.00000
1.00000
1.00000
1.00000
1.00000
1.00000
1.00000
1.00000
1.00000
1.00000
1.00000
1.00000
1.00000
1.00000
1.00000
1.00000
1.00000
1.00000
1.00000
1.00000
1.00000
1.00000
1.00000
1.00000
1.00000
1.00000
1.00000
1.00000
1.00000
1.00000
1.00000
1.00000
1.00000
0.99552
0.99103
0.98655
0.98206
0.97758
0.97309
0.96861
0.96413
0.95964
0.95516
0.95067
0.94619
0.94170
0.93722
0.93274
0.92825
0.92377
0.91928
0.91480
0.91031
0.90583
0.90135
0.89686
0.89238
0.88789
0.88341
0.87892
0.87444
0.86996
0.86547
0.86099
0.85650
0.85202
0.84753
0.84305
0.83857
0.83408
0.82960
0.82511
0.82063
0.81614
0.81166
0.80717
0.80269
0.79821
0.79372
0.78924
0.78475
0.78027
0.77578
0.77130
0.76682
0.76233
0.75785
0.75336
0.74888
0.74439
0.73991
0.73543
0.73094
0.72646
0.72197
0.71749
0.71300
0.70852
0.70404
0.69955
0.69507
0.69058
0.68610
0.68161
0.67713
0.67265
0.66816
0.66368
0.65919
0.65471
0.65022
0.64574
0.64126
0.63677
0.63229
0.62780
0.62332
0.61883
0.61435
0.60987
0.60538
0.60090
0.59641
0.59193
0.58744
0.58296
0.57848
0.57399
0.56951
0.56502
0.56054
0.55605
0.55157
0.54709
0.54260
0.53812
0.53363
0.52915
0.52466
0.52018
0.51570
0.51121
0.50673
0.50224
0.49776
0.49327
0.48879
0.48430
0.47982
0.47534
0.47085
0.46637
0.46188
0.45740
0.45291
0.44843
0.44395
0.43946
0.43498
0.43049
0.42601
0.42152
0.41704
0.41256
0.40807
0.40359
0.39910
0.39462
0.39013
0.38565
0.38117
0.37668
0.37220
0.36771
0.36323
0.35874
0.35426
0.34978
0.34529
0.34081
0.33632
0.33184
0.32735
0.32287
0.31839
0.31390
0.30942
0.30493
0.30045
0.29596
0.29148
0.28700
0.28251
0.27803
0.27354
0.26906
0.26457
0.26009
0.25561
0.25112
0.24664
0.24215
0.23767
0.23318
0.22870
0.22422
0.21973
0.21525
0.21076
0.20628
0.20179
0.19731
0.19283
0.18834
0.18386
0.17937
0.17489
0.17040
0.16592
0.16143
0.15695
0.15247
0.14798
0.14350
0.13901
0.13453
0.13004
0.12556
0.12108
0.11659
0.11211
0.10762
0.10314
0.09865
0.09417
0.08969
0.08520
0.08072
0.07623
0.07175
0.06726
0.06278
0.05830
0.05381
0.04933
0.04484
0.04036
0.03587
0.03139
0.02691
0.02242
0.01794
0.01345
0.00897
0.00448
0.00000
