1.00000
1.00000
1.00000
1.00000
1.00000
1.00000
1.00000
1.00000
1.00000
1.00000
1.00000
1.00000
1.00000
1.00000
1.00000
1.00000
1.00000
1.00000
1.00000
1.00000
1.00000
1.00000
1.00000
1.00000
1.00000
1.00000
1.00000
1.00000
1.00000
1.00000
1.00000
1.00000
1.00000
1.00000
1.00000
1.00000
1.00000
1.00000
1.00000
1.00000
1.00000
1.00000
1.00000
1.00000
1.00000
1.00000
1.00000
1.00000
1.00000
1.00000
0.99242
0.98485
0.97727
0.96970
0.96212
0.95455
0.94697
0.93939
0.93182
0.92424
0.91667
0.90909
0.90152
0.89394
0.88636
0.87879
0.87121
0.86364
0.85606
0.84848
0.84091
0.83333
0.82576
0.81818
0.81061
0.80303
0.79545
0.78788
0.78030
0.77273
0.76515
0.75758
0.75000
0.74242
0.73485
0.72727
0.71970
0.71212
0.70455
0.69697
0.68939
0.68182
0.67424
0.66667
0.65909
0.65152
0.64394
0.63636
0.62879
0.62121
0.61364
0.60606
0.59848
0.59091
0.58333
0.57576
0.56818
0.56061
0.55303
0.54545
0.53788
0.53030
0.52273
0.51515
0.50758
0.50000
0.49242
0.48485
0.47727
0.46970
0.46212
0.45455
0.44697
0.43939
0.43182
0.42424
0.41667
0.40909
0.40152
0.39394
0.38636
0.37879
0.37121
0.36364
0.35606
0.34848
0.34091
0.33333
0.32576
0.31818
0.31061
0.30303
0.29545
0.28788
0.28030
0.27273
0.26515
0.25758
0.25000
0.24242
0.23485
0.22727
0.21970
0.21212
0.20455
0.19697
0.18939
0.18182
0.17424
0.16667
0.15909
0.15152
0.14394
0.13636
0.12879
0.12121
0.11364
0.10606
0.09848
0.09091
0.08333
0.07576
0.06818
0.06061
0.05303
0.04545
0.03788
0.03030
0.02273
0.01515
0.00758
0.00000
