1.00000
1.00000
1.00000
1.00000
1.00000
1.00000
1.00000
1.00000
1.00000
1.00000
1.00000
1.00000
1.00000
1.00000
1.00000
1.00000
1.00000
1.00000
1.00000
1.00000
1.00000
1.00000
1.00000
1.00000
1.00000
1.00000
1.00000
1.00000
1.00000
1.00000
1.00000
1.00000
1.00000
1.00000
1.00000
1.00000
1.00000
1.00000
1.00000
1.00000
1.00000
1.00000
1.00000
1.00000
1.00000
1.00000
1.00000
1.00000
1.00000
1.00000
0.99624
0.99248
0.98872
0.98496
0.98120
0.97744
0.97368
0.96992
0.96617
0.96241
0.95865
0.95489
0.95113
0.94737
0.94361
0.93985
0.93609
0.93233
0.92857
0.92481
0.92105
0.91729
0.91353
0.90977
0.90602
0.90226
0.89850
0.89474
0.89098
0.88722
0.88346
0.87970
0.87594
0.87218
0.86842
0.86466
0.86090
0.85714
0.85338
0.84962
0.84586
0.84211
0.83835
0.83459
0.83083
0.82707
0.82331
0.81955
0.81579
0.81203
0.80827
0.80451
0.80075
0.79699
0.79323
0.78947
0.78571
0.78195
0.77820
0.77444
0.77068
0.76692
0.76316
0.75940
0.75564
0.75188
0.74812
0.74436
0.74060
0.73684
0.73308
0.72932
0.72556
0.72180
0.71805
0.71429
0.71053
0.70677
0.70301
0.69925
0.69549
0.69173
0.68797
0.68421
0.68045
0.67669
0.67293
0.66917
0.66541
0.66165
0.65789
0.65414
0.65038
0.64662
0.64286
0.63910
0.63534
0.63158
0.62782
0.62406
0.62030
0.61654
0.61278
0.60902
0.60526
0.60150
0.59774
0.59398
0.59023
0.58647
0.58271
0.57895
0.57519
0.57143
0.56767
0.56391
0.56015
0.55639
0.55263
0.54887
0.54511
0.54135
0.53759
0.53383
0.53008
0.52632
0.52256
0.51880
0.51504
0.51128
0.50752
0.50376
0.50000
0.49624
0.49248
0.48872
0.48496
0.48120
0.47744
0.47368
0.46992
0.46617
0.46241
0.45865
0.45489
0.45113
0.44737
0.44361
0.43985
0.43609
0.43233
0.42857
0.42481
0.42105
0.41729
0.41353
0.40977
0.40602
0.40226
0.39850
0.39474
0.39098
0.38722
0.38346
0.37970
0.37594
0.37218
0.36842
0.36466
0.36090
0.35714
0.35338
0.34962
0.34586
0.34211
0.33835
0.33459
0.33083
0.32707
0.32331
0.31955
0.31579
0.31203
0.30827
0.30451
0.30075
0.29699
0.29323
0.28947
0.28571
0.28195
0.27820
0.27444
0.27068
0.26692
0.26316
0.25940
0.25564
0.25188
0.24812
0.24436
0.24060
0.23684
0.23308
0.22932
0.22556
0.22180
0.21805
0.21429
0.21053
0.20677
0.20301
0.19925
0.19549
0.19173
0.18797
0.18421
0.18045
0.17669
0.17293
0.16917
0.16541
0.16165
0.15789
0.15414
0.15038
0.14662
0.14286
0.13910
0.13534
0.13158
0.12782
0.12406
0.12030
0.11654
0.11278
0.10902
0.10526
0.10150
0.09774
0.09398
0.09023
0.08647
0.08271
0.07895
0.07519
0.07143
0.06767
0.06391
0.06015
0.05639
0.05263
0.04887
0.04511
0.04135
0.03759
0.03383
0.03008
0.02632
0.02256
0.01880
0.01504
0.01128
0.00752
0.00376
0.00000
